0.207894 0.0000000 -0.0000000 0.0000000 -0.0000000 0.0000000 0.0000000 1.0000000
0.623377 -0.0044040 -0.0007733 0.0349813 0.0020630 -0.0210002 -0.0005187 0.9997772
0.727122 -0.0064418 -0.0009987 0.0461073 0.0019754 -0.0291375 -0.0005446 0.9995733
2.593620 -0.1504496 -0.0061651 0.2997563 0.0023666 -0.3278460 -0.0134593 0.9446324
2.800890 -0.1843151 -0.0065164 0.3267587 0.0008228 -0.3802836 -0.0106136 0.9248087
2.904641 -0.2029909 -0.0067041 0.3398072 -0.0003979 -0.4069756 -0.0082155 0.9134020
3.526893 -0.3432443 -0.0056520 0.3964879 -0.0077723 -0.5628831 -0.0072201 0.8264684
3.630648 -0.3743898 -0.0055910 0.4031217 -0.0098014 -0.5865989 -0.0076167 0.8097825
3.838251 -0.4403307 -0.0052618 0.4125531 -0.0127839 -0.6292635 -0.0065480 0.7770593
4.046284 -0.5133912 -0.0039542 0.4163417 -0.0112618 -0.6637242 -0.0085356 0.7478439
4.358512 -0.6350154 -0.0017085 0.4159110 -0.0084292 -0.7013804 -0.0063619 0.7127088
4.462646 -0.6782768 -0.0013283 0.4137570 -0.0074773 -0.7107067 -0.0059880 0.7034232
4.566885 -0.7232055 -0.0006415 0.4112261 -0.0064703 -0.7179951 -0.0054260 0.6959969
4.775500 -0.8179390 0.0008953 0.4046422 -0.0066686 -0.7279791 -0.0048905 0.6855494
4.879959 -0.8674124 0.0008652 0.4002618 -0.0066883 -0.7311854 -0.0058010 0.6821213
4.984250 -0.9179345 0.0007581 0.3955853 -0.0066896 -0.7334370 -0.0069505 0.6796890
5.297154 -1.0788801 0.0030638 0.3821721 -0.0093542 -0.7350624 -0.0068142 0.6779007
5.401501 -1.1350908 0.0034473 0.3777101 -0.0100114 -0.7345569 -0.0080186 0.6784258
5.505749 -1.1927335 0.0042256 0.3725057 -0.0091700 -0.7339005 -0.0088159 0.6791379
5.610008 -1.2514604 0.0049324 0.3678009 -0.0076780 -0.7333837 -0.0086213 0.6797169
5.922523 -1.4371462 0.0082457 0.3542646 -0.0094592 -0.7316443 -0.0111863 0.6815292
6.026772 -1.5019311 0.0088874 0.3495512 -0.0100972 -0.7310190 -0.0121441 0.6821744
6.130876 -1.5676022 0.0101058 0.3448901 -0.0093231 -0.7304007 -0.0125160 0.6828405
6.339025 -1.7025384 0.0126075 0.3352617 -0.0068827 -0.7292547 -0.0125576 0.6840925
6.443143 -1.7719742 0.0142511 0.3312503 -0.0085680 -0.7287503 -0.0122760 0.6846159
6.547271 -1.8420820 0.0149025 0.3268799 -0.0101174 -0.7283420 -0.0123966 0.6850269
6.755380 -1.9844259 0.0172919 0.3177752 -0.0094310 -0.7276255 -0.0109142 0.6858229
6.859377 -2.0550537 0.0179657 0.3136908 -0.0075369 -0.7275102 -0.0078417 0.6860107
6.963378 -2.1274722 0.0191373 0.3095789 -0.0070265 -0.7275751 -0.0049475 0.6859742
7.171256 -2.2744658 0.0203553 0.3006174 -0.0100147 -0.7276790 -0.0077858 0.6858006
7.275272 -2.3489909 0.0210094 0.2958869 -0.0119970 -0.7276971 -0.0110311 0.6857050
7.483251 -2.4975693 0.0235224 0.2860413 -0.0127054 -0.7278852 -0.0143448 0.6854312
7.691129 -2.6450043 0.0262853 0.2764471 -0.0105216 -0.7281462 -0.0121084 0.6852341
7.899003 -2.7925677 0.0287783 0.2664948 -0.0107588 -0.7279670 -0.0144880 0.6853746
8.107005 -2.9386797 0.0310316 0.2572177 -0.0079358 -0.7278047 -0.0125108 0.6856245
8.315006 -3.0843458 0.0328955 0.2482914 -0.0065106 -0.7275739 -0.0115617 0.6859010
8.522877 -3.2306812 0.0345376 0.2387997 -0.0092990 -0.7269903 -0.0139129 0.6864437
8.730751 -3.3762650 0.0371222 0.2300532 -0.0125200 -0.7267178 -0.0167823 0.6866170
8.938756 -3.5201588 0.0401358 0.2214278 -0.0109828 -0.7265053 -0.0152066 0.6869047
9.146631 -3.6637285 0.0425322 0.2119305 -0.0069818 -0.7262101 -0.0143487 0.6872876
9.354505 -3.8072722 0.0440651 0.2032147 -0.0054260 -0.7266654 -0.0133661 0.6868401
9.562503 -3.9491384 0.0452193 0.1952577 -0.0062175 -0.7273459 -0.0086749 0.6861880
9.770380 -4.0914989 0.0459515 0.1864293 -0.0106176 -0.7285362 -0.0112773 0.6848322
9.978133 -4.2314658 0.0476929 0.1769943 -0.0120161 -0.7294387 -0.0116539 0.6838413
10.186010 -4.3692493 0.0490984 0.1661393 -0.0067379 -0.7302195 -0.0119372 0.6830750
10.393880 -4.5057187 0.0500471 0.1548587 -0.0047354 -0.7307111 -0.0140812 0.6825252
10.601750 -4.6403494 0.0514266 0.1449901 -0.0045915 -0.7313182 -0.0149945 0.6818561
10.809650 -4.7732620 0.0523750 0.1349273 -0.0053222 -0.7315921 -0.0155675 0.6815441
10.913510 -4.8398933 0.0538538 0.1307090 -0.0065723 -0.7317623 -0.0159545 0.6813415
11.121380 -4.9706807 0.0558123 0.1209177 -0.0086763 -0.7319488 -0.0183184 0.6810580
11.225380 -5.0343332 0.0566239 0.1160886 -0.0088208 -0.7321951 -0.0182988 0.6807920
11.329280 -5.0985818 0.0575468 0.1109521 -0.0083908 -0.7322720 -0.0172874 0.6807412
11.745130 -5.3405709 0.0601137 0.0924253 -0.0041364 -0.7311360 -0.0150181 0.6820539
11.849140 -5.3983645 0.0604228 0.0881498 -0.0043622 -0.7296713 -0.0154760 0.6836089
11.953260 -5.4546742 0.0609450 0.0846173 -0.0051571 -0.7276450 -0.0156884 0.6857551
12.057260 -5.5093122 0.0614379 0.0820093 -0.0059715 -0.7252085 -0.0158269 0.6883215
12.265510 -5.6149969 0.0622713 0.0780737 -0.0059262 -0.7180742 -0.0180095 0.6957083
12.369630 -5.6657510 0.0627849 0.0771530 -0.0055137 -0.7128186 -0.0194713 0.7010565
12.786780 -5.8504882 0.0651718 0.0871925 -0.0062578 -0.6784470 -0.0194491 0.7343652
12.891130 -5.8917847 0.0656471 0.0937096 -0.0068062 -0.6658487 -0.0187689 0.7458196
12.995510 -5.9309282 0.0662214 0.1014487 -0.0072945 -0.6515857 -0.0183051 0.7583191
13.726510 -6.1701522 0.0688615 0.2082992 -0.0115303 -0.5074388 -0.0048131 0.8615972
13.935130 -6.2279201 0.0697130 0.2548371 -0.0145384 -0.4602147 -0.0005433 0.8876884
14.143650 -6.2790465 0.0701196 0.3074287 -0.0162135 -0.4118250 0.0059161 0.9110995
14.352150 -6.3265905 0.0709698 0.3638746 -0.0062538 -0.3602189 0.0069855 0.9328207
14.664880 -6.3899083 0.0713338 0.4659550 0.0013077 -0.2763546 0.0067379 0.9610312
14.769010 -6.4088902 0.0710702 0.5048109 0.0029611 -0.2482395 0.0054278 0.9686790
14.873160 -6.4267249 0.0702434 0.5464113 0.0024586 -0.2217144 0.0047703 0.9750969
14.977150 -6.4433603 0.0695322 0.5895981 0.0026899 -0.1977131 0.0015150 0.9802551
15.081160 -6.4589128 0.0691094 0.6342979 0.0039605 -0.1755332 -0.0008539 0.9844652
15.392480 -6.4990020 0.0668755 0.7817659 0.0015607 -0.1280785 -0.0028662 0.9917586
15.496190 -6.5110602 0.0661651 0.8346452 0.0004173 -0.1172325 -0.0027910 0.9931005
15.599910 -6.5227275 0.0657809 0.8892622 -0.0007546 -0.1079131 -0.0039036 0.9941524
15.807320 -6.5457892 0.0647951 1.0024614 -0.0018160 -0.0932200 -0.0081394 0.9956106
16.014760 -6.5651355 0.0635936 1.1217523 -0.0018015 -0.0796313 -0.0073278 0.9967958
16.118550 -6.5741844 0.0635075 1.1837671 -0.0021216 -0.0722289 -0.0076094 0.9973568
16.222360 -6.5829730 0.0632331 1.2468942 -0.0023606 -0.0650160 -0.0083978 0.9978461
16.429890 -6.5973763 0.0612353 1.3769878 0.0015657 -0.0531210 -0.0091378 0.9985451
16.637520 -6.6097169 0.0598364 1.5116708 0.0046502 -0.0442778 -0.0084535 0.9989727
16.741260 -6.6160188 0.0585622 1.5802246 0.0015128 -0.0408165 -0.0092220 0.9991230
16.845140 -6.6222968 0.0571897 1.6496993 -0.0025688 -0.0382896 -0.0112022 0.9992006
17.052630 -6.6327252 0.0558081 1.7875438 -0.0038509 -0.0345421 -0.0108816 0.9993366
17.156420 -6.6372538 0.0550768 1.8558980 -0.0034437 -0.0330697 -0.0107757 0.9993891
17.260280 -6.6419106 0.0546161 1.9246589 -0.0045406 -0.0316591 -0.0099066 0.9994393
17.364000 -6.6460519 0.0539132 1.9929903 -0.0058348 -0.0304245 -0.0090653 0.9994789
17.571660 -6.6538205 0.0522696 2.1292040 -0.0050363 -0.0277049 -0.0075129 0.9995752
17.779390 -6.6623254 0.0508894 2.2640171 0.0025695 -0.0258878 -0.0092501 0.9996188
17.883140 -6.6660480 0.0493806 2.3313072 0.0045214 -0.0253164 -0.0099529 0.9996197
18.090880 -6.6742306 0.0463160 2.4665263 0.0017199 -0.0229369 -0.0122435 0.9996605
18.298510 -6.6809454 0.0438063 2.6014206 -0.0018361 -0.0207265 -0.0127185 0.9997026
18.506260 -6.6865683 0.0412733 2.7349830 -0.0019129 -0.0196407 -0.0105490 0.9997496
18.713910 -6.6920228 0.0397124 2.8685696 -0.0003161 -0.0187800 -0.0092666 0.9997807
18.921640 -6.6979489 0.0378475 3.0047929 -0.0008327 -0.0180136 -0.0102145 0.9997852
19.129390 -6.7041574 0.0358705 3.1416745 -0.0002719 -0.0188707 -0.0098865 0.9997730
19.337010 -6.7116575 0.0338606 3.2800426 -0.0004715 -0.0212598 -0.0096701 0.9997271
19.544760 -6.7200446 0.0323000 3.4198680 0.0023300 -0.0241004 -0.0120626 0.9996340
19.752390 -6.7295814 0.0299037 3.5613468 0.0047120 -0.0262135 -0.0122736 0.9995699
19.856260 -6.7343869 0.0286229 3.6334531 0.0041416 -0.0272778 -0.0124391 0.9995419
20.064010 -6.7441521 0.0255736 3.7783806 0.0027225 -0.0292818 -0.0113678 0.9995028
20.271890 -6.7542601 0.0231849 3.9262180 -0.0015133 -0.0303524 -0.0106574 0.9994813
20.479750 -6.7646623 0.0216350 4.0743918 -0.0025277 -0.0290644 -0.0120621 0.9995016
20.687510 -6.7742529 0.0201038 4.2234817 -0.0007587 -0.0271963 -0.0111702 0.9995674
20.791530 -6.7783394 0.0190178 4.2987299 -0.0000291 -0.0263143 -0.0093430 0.9996101
20.999260 -6.7866607 0.0164766 4.4488382 -0.0013224 -0.0249767 -0.0072930 0.9996606
21.103270 -6.7905140 0.0149748 4.5245943 -0.0026800 -0.0246291 -0.0059010 0.9996756
21.311120 -6.7990179 0.0130585 4.6723404 -0.0010733 -0.0236747 -0.0065263 0.9996978
21.415040 -6.8039613 0.0115919 4.7451468 0.0017738 -0.0232815 -0.0079811 0.9996955
21.622900 -6.8130851 0.0081399 4.8898849 0.0074738 -0.0222489 -0.0116570 0.9996566
21.830760 -6.8207750 0.0042368 5.0346341 0.0049174 -0.0216823 -0.0100313 0.9997025
22.038660 -6.8287854 0.0005026 5.1785016 -0.0035600 -0.0224872 -0.0087350 0.9997026
22.246540 -6.8362942 -0.0019185 5.3194394 -0.0008852 -0.0247209 -0.0054217 0.9996793
22.350390 -6.8404102 -0.0029196 5.3891668 -0.0000445 -0.0260233 -0.0048172 0.9996497
22.558370 -6.8498597 -0.0060031 5.5271530 0.0028402 -0.0290871 -0.0068576 0.9995493
22.662270 -6.8548632 -0.0075066 5.5954185 0.0045717 -0.0311155 -0.0071911 0.9994795
22.766140 -6.8598871 -0.0093998 5.6630359 0.0065531 -0.0327279 -0.0082374 0.9994088
22.870160 -6.8661151 -0.0114788 5.7305226 0.0065971 -0.0341064 -0.0105413 0.9993408
22.974020 -6.8720045 -0.0129557 5.7981734 0.0059094 -0.0360673 -0.0122565 0.9992567
23.078010 -6.8781886 -0.0147824 5.8655710 0.0030068 -0.0379249 -0.0135874 0.9991837
23.181990 -6.8843532 -0.0165934 5.9325905 0.0001366 -0.0400187 -0.0136921 0.9991051
23.285910 -6.8904381 -0.0177747 5.9988899 -0.0016602 -0.0425646 -0.0132346 0.9990047
23.389770 -6.8973312 -0.0187439 6.0645819 -0.0021862 -0.0457962 -0.0129519 0.9988645
23.493760 -6.9043679 -0.0194839 6.1298633 -0.0040588 -0.0486561 -0.0121032 0.9987340
23.701510 -6.9198680 -0.0210391 6.2598433 -0.0032027 -0.0550716 -0.0146497 0.9983698
23.805540 -6.9287291 -0.0216609 6.3236713 -0.0011132 -0.0579297 -0.0159454 0.9981927
23.909390 -6.9367390 -0.0228343 6.3870535 0.0001284 -0.0609926 -0.0153222 0.9980206
24.013390 -6.9458876 -0.0237805 6.4503112 0.0008799 -0.0635676 -0.0161666 0.9978462
24.117270 -6.9549947 -0.0243171 6.5137706 -0.0015707 -0.0660513 -0.0169150 0.9976716
24.325140 -6.9738402 -0.0267711 6.6386690 -0.0049334 -0.0724195 -0.0165358 0.9972250
24.429140 -6.9832950 -0.0272945 6.7000966 -0.0030377 -0.0760729 -0.0152014 0.9969817
24.533020 -6.9935832 -0.0277026 6.7609844 0.0005307 -0.0803078 -0.0146975 0.9966616
24.740760 -7.0163026 -0.0296955 6.8831139 -0.0001075 -0.0903810 -0.0132065 0.9958197
24.844640 -7.0288434 -0.0301333 6.9439545 -0.0031064 -0.0961793 -0.0126567 0.9952787
25.052390 -7.0562973 -0.0313364 7.0639286 -0.0086556 -0.1078933 -0.0131332 0.9940380
25.260140 -7.0865455 -0.0324157 7.1792622 -0.0014589 -0.1198281 -0.0154701 0.9926730
25.467890 -7.1186080 -0.0322426 7.2962279 -0.0013805 -0.1323769 -0.0136549 0.9911044
25.675640 -7.1550837 -0.0335680 7.4140935 -0.0078611 -0.1443242 -0.0133453 0.9894092
25.883390 -7.1935468 -0.0338447 7.5299277 -0.0048636 -0.1566897 -0.0115389 0.9875685
26.091270 -7.2335529 -0.0348055 7.6448112 0.0011613 -0.1655247 -0.0086507 0.9861670
26.299290 -7.2767773 -0.0361405 7.7602839 0.0028997 -0.1735414 -0.0116097 0.9847539
26.507020 -7.3209748 -0.0379318 7.8753767 -0.0017769 -0.1820503 -0.0108952 0.9832273
26.714890 -7.3684912 -0.0388718 7.9904838 -0.0085180 -0.1887943 -0.0154868 0.9818576
26.922890 -7.4182262 -0.0390320 8.1035767 -0.0025067 -0.1946306 -0.0185596 0.9806978
27.130890 -7.4663024 -0.0391481 8.2172413 0.0012268 -0.1995333 -0.0156566 0.9797652
27.338640 -7.5188313 -0.0402948 8.3326550 -0.0029152 -0.2047017 -0.0190340 0.9786350
27.546520 -7.5709834 -0.0418493 8.4458208 0.0009365 -0.2099113 -0.0173201 0.9775665
27.650520 -7.5973649 -0.0422332 8.5023136 0.0042391 -0.2125401 -0.0167469 0.9769996
27.754390 -7.6239705 -0.0430468 8.5585213 0.0050618 -0.2151318 -0.0173223 0.9764183
27.858410 -7.6512871 -0.0442830 8.6155128 0.0030756 -0.2174092 -0.0184850 0.9759007
27.962300 -7.6788955 -0.0453063 8.6713133 0.0020637 -0.2195111 -0.0190840 0.9754212
28.170020 -7.7334976 -0.0468539 8.7828741 0.0022493 -0.2246542 -0.0187525 0.9742555
28.274040 -7.7614689 -0.0478699 8.8377905 0.0022422 -0.2268057 -0.0178261 0.9737743
28.377890 -7.7893219 -0.0487210 8.8924103 0.0019372 -0.2290720 -0.0175515 0.9732493
28.585770 -7.8456435 -0.0505623 9.0002899 0.0018609 -0.2336946 -0.0184371 0.9721335
28.689660 -7.8738899 -0.0512807 9.0535994 0.0038654 -0.2360616 -0.0175095 0.9715726
28.793670 -7.9017973 -0.0526396 9.1063004 0.0058347 -0.2384369 -0.0163419 0.9710029
28.897520 -7.9301062 -0.0535263 9.1588058 0.0071722 -0.2406207 -0.0159357 0.9704619
29.001520 -7.9586973 -0.0546191 9.2108812 0.0052575 -0.2424413 -0.0163052 0.9700148
29.105390 -7.9870348 -0.0553640 9.2625923 0.0011079 -0.2441652 -0.0171642 0.9695811
29.209390 -8.0149527 -0.0564778 9.3147020 -0.0039877 -0.2458124 -0.0168495 0.9691628
29.313270 -8.0424280 -0.0569695 9.3649521 -0.0066008 -0.2474476 -0.0158086 0.9687498
29.417270 -8.0695009 -0.0568821 9.4138784 -0.0065948 -0.2490357 -0.0140676 0.9683697
29.729040 -8.1478720 -0.0582273 9.5526276 -0.0034223 -0.2539994 -0.0120665 0.9671230
29.936770 -8.1973724 -0.0595601 9.6379910 -0.0040422 -0.2564389 -0.0114003 0.9664848
30.144650 -8.2440310 -0.0598510 9.7177362 -0.0052611 -0.2588266 -0.0101357 0.9658563
30.560270 -8.3290739 -0.0615124 9.8570871 -0.0012153 -0.2632858 -0.0087927 0.9646770
30.871790 -8.3841839 -0.0617620 9.9451418 -0.0016901 -0.2702699 -0.0049172 0.9627705
31.079540 -8.4184628 -0.0629712 9.9960003 -0.0038849 -0.2763862 -0.0094551 0.9609923
31.287140 -8.4501276 -0.0625876 10.0425720 -0.0086298 -0.2835589 -0.0113148 0.9588493
32.324400 -8.5779037 -0.0638367 10.1876593 -0.0006594 -0.3690308 -0.0105843 0.9293566
33.154020 -8.6876631 -0.0630956 10.2616940 -0.0063728 -0.4708555 -0.0176885 0.8820100
33.257770 -8.7023945 -0.0630708 10.2679119 -0.0065604 -0.4842881 -0.0202976 0.8746485
33.465270 -8.7330933 -0.0634995 10.2804356 -0.0076081 -0.5122980 -0.0215171 0.8585045
33.983650 -8.8301878 -0.0613899 10.3077240 -0.0037487 -0.5967566 -0.0180736 0.8022100
34.605900 -8.9937973 -0.0570062 10.3098927 -0.0086977 -0.7120855 -0.0159169 0.7018584
34.813400 -9.0569744 -0.0548983 10.3019753 -0.0119342 -0.7488550 -0.0149490 0.6624578
34.917150 -9.0911331 -0.0539904 10.2963514 -0.0131274 -0.7660403 -0.0150318 0.6424827
35.124770 -9.1618977 -0.0513306 10.2778053 -0.0163415 -0.7978875 -0.0131378 0.6024416
35.332520 -9.2353029 -0.0488115 10.2501554 -0.0201008 -0.8264464 -0.0105440 0.5625577
35.436400 -9.2732668 -0.0476593 10.2325306 -0.0216650 -0.8392847 -0.0096311 0.5431751
35.644400 -9.3495531 -0.0445526 10.1867409 -0.0227589 -0.8607635 -0.0087621 0.5084205
35.852770 -9.4308195 -0.0420709 10.1337786 0.0216509 0.8757261 0.0090264 -0.4822381
35.957050 -9.4724598 -0.0408341 10.1043739 0.0206666 0.8807828 0.0091158 -0.4729813
36.165670 -9.5608644 -0.0377248 10.0412388 0.0207792 0.8879794 0.0094844 -0.4593157
36.582670 -9.7517223 -0.0316898 9.8963614 0.0217778 0.8963554 0.0105210 -0.4426761
36.791110 -9.8536482 -0.0283143 9.8175926 0.0223356 0.8985597 0.0107499 -0.4381507
36.895150 -9.9059906 -0.0263070 9.7760353 0.0229780 0.8991846 0.0106702 -0.4368353
37.103550 -10.0136623 -0.0224980 9.6905823 0.0232105 0.8996291 0.0103075 -0.4359158
37.311780 -10.1261530 -0.0185669 9.6021280 0.0235648 0.9000919 0.0091573 -0.4349660
37.415890 -10.1845207 -0.0164397 9.5557518 0.0237118 0.9002651 0.0096408 -0.4345890
37.728150 -10.3630905 -0.0103914 9.4126778 0.0241254 0.9008343 0.0119666 -0.4333270
37.832280 -10.4242353 -0.0082667 9.3641129 0.0237665 0.9010966 0.0110362 -0.4328259
37.936280 -10.4860783 -0.0060514 9.3143606 0.0239098 0.9012604 0.0102483 -0.4324962
38.040280 -10.5487289 -0.0038833 9.2640257 0.0250216 0.9014531 0.0096426 -0.4320455
38.248280 -10.6767025 0.0003902 9.1613264 0.0252059 0.9020278 0.0077487 -0.4308718
38.352280 -10.7412987 0.0020680 9.1086588 0.0240289 0.9023292 0.0059467 -0.4303362
38.560150 -10.8720160 0.0055842 9.0018940 0.0209868 0.9025492 0.0049246 -0.4300467
38.664150 -10.9385529 0.0065998 8.9477758 0.0207908 0.9025537 0.0059961 -0.4300333
38.872030 -11.0724812 0.0097479 8.8387861 0.0221139 0.9025103 0.0083333 -0.4300193
38.976020 -11.1395388 0.0113228 8.7841015 0.0231438 0.9025845 0.0089280 -0.4297974
39.183930 -11.2721720 0.0145404 8.6752625 0.0238393 0.9025215 0.0092893 -0.4298841
39.391750 -11.4072962 0.0178026 8.5665464 0.0234814 0.9027617 0.0102932 -0.4293762
39.599580 -11.5420942 0.0217117 8.4587450 0.0241172 0.9030360 0.0114642 -0.4287342
39.807870 -11.6762838 0.0254305 8.3504181 0.0245594 0.9034796 0.0106823 -0.4277936
40.015280 -11.8088579 0.0290306 8.2418194 0.0250889 0.9040010 0.0103141 -0.4266689
40.119140 -11.8750448 0.0307090 8.1875391 0.0247207 0.9042915 0.0103214 -0.4260742
40.223030 -11.9414558 0.0325183 8.1341228 0.0242924 0.9045706 0.0101655 -0.4255098
40.430770 -12.0727673 0.0361551 8.0252333 0.0233788 0.9047831 0.0100047 -0.4251127
40.534990 -12.1381207 0.0376357 7.9705882 0.0219333 0.9048486 0.0109857 -0.4250261
40.638670 -12.2039213 0.0391249 7.9161563 0.0213918 0.9046332 0.0112424 -0.4255053
40.742540 -12.2696409 0.0412591 7.8623023 0.0207200 0.9044884 0.0107582 -0.4258588
40.846410 -12.3350420 0.0429679 7.8084016 0.0196223 0.9041669 0.0104160 -0.4266014
40.950400 -12.4006748 0.0444386 7.7542658 0.0201608 0.9037082 0.0104514 -0.4275463
41.054600 -12.4672575 0.0461683 7.7010789 0.0210659 0.9035479 0.0110296 -0.4278266
41.158230 -12.5333347 0.0483024 7.6473699 0.0234427 0.9031625 0.0125887 -0.4284735
41.262460 -12.5998058 0.0504165 7.5936337 0.0259499 0.9029291 0.0151458 -0.4287379
41.365930 -12.6657400 0.0526657 7.5407119 0.0266782 0.9028164 0.0158268 -0.4289060
41.469820 -12.7310629 0.0551879 7.4874668 0.0256549 0.9028140 0.0138777 -0.4290409
41.573580 -12.7965088 0.0576552 7.4344912 0.0246054 0.9029360 0.0117305 -0.4289098
41.677410 -12.8618689 0.0598463 7.3819528 0.0247736 0.9029611 0.0116434 -0.4288495
41.781210 -12.9275599 0.0620145 7.3290405 0.0252979 0.9030378 0.0132691 -0.4286100
41.885060 -12.9921532 0.0642375 7.2759156 0.0259073 0.9030732 0.0136722 -0.4284865
41.988800 -13.0571470 0.0661973 7.2235146 0.0260640 0.9033097 0.0128332 -0.4280041
42.092740 -13.1210785 0.0684688 7.1711483 0.0259189 0.9034744 0.0119193 -0.4276917
42.196450 -13.1850538 0.0706733 7.1182885 0.0259977 0.9036800 0.0126263 -0.4272319
42.300170 -13.2496061 0.0728204 7.0664740 0.0269603 0.9038621 0.0144323 -0.4267296
42.404080 -13.3135796 0.0751980 7.0142670 0.0281692 0.9040343 0.0156390 -0.4262439
42.611550 -13.4399910 0.0803942 6.9106112 0.0290646 0.9044098 0.0146734 -0.4254209
42.715290 -13.5026493 0.0831242 6.8590822 0.0286771 0.9046331 0.0138162 -0.4250008
42.819190 -13.5658531 0.0855754 6.8072214 0.0274316 0.9047311 0.0138489 -0.4248734
42.922920 -13.6273947 0.0876119 6.7547669 0.0263682 0.9044738 0.0140700 -0.4254808
43.130550 -13.7523689 0.0927469 6.6535225 0.0248319 0.9044863 0.0143899 -0.4255359
43.338330 -13.8761911 0.0974111 6.5534859 0.0247351 0.9043346 0.0147109 -0.4258529
43.442050 -13.9385033 0.0994745 6.5039678 0.0241191 0.9043601 0.0144323 -0.4258437
43.545910 -13.9996958 0.1013481 6.4541016 0.0236429 0.9042499 0.0140527 -0.4261169
43.753650 -14.1231251 0.1056580 6.3569832 0.0257727 0.9042267 0.0138268 -0.4260500
43.857500 -14.1844063 0.1079183 6.3086023 0.0262215 0.9043052 0.0136827 -0.4258608
43.961280 -14.2449322 0.1099938 6.2602239 0.0257301 0.9043232 0.0125696 -0.4258867
44.065190 -14.3038759 0.1120776 6.2121491 0.0255311 0.9042642 0.0103886 -0.4260827
44.169050 -14.3630409 0.1137867 6.1647091 0.0253053 0.9041288 0.0095019 -0.4264040
44.272790 -14.4204750 0.1152709 6.1166835 0.0241889 0.9039873 0.0105576 -0.4267438
44.376660 -14.4786987 0.1168836 6.0697069 0.0239778 0.9039883 0.0112221 -0.4267368
44.480540 -14.5357351 0.1182255 6.0236325 0.0238617 0.9040649 0.0112211 -0.4265811
44.584310 -14.5914650 0.1196817 5.9782572 0.0238946 0.9041459 0.0107683 -0.4264192
44.688220 -14.6462097 0.1209313 5.9332929 0.0240278 0.9041175 0.0107660 -0.4264719
44.792180 -14.7017298 0.1221362 5.8899183 0.0237983 0.9042869 0.0108750 -0.4261227
44.895870 -14.7547665 0.1232427 5.8460054 0.0230840 0.9043416 0.0113198 -0.4260344
45.103550 -14.8587341 0.1258247 5.7606134 0.0233639 0.9045037 0.0115462 -0.4256687
45.311220 -14.9601297 0.1284998 5.6778679 0.0245631 0.9045877 0.0133635 -0.4253694
45.518940 -15.0597610 0.1314716 5.5973248 0.0263166 0.9048418 0.0141276 -0.4246989
45.622980 -15.1058064 0.1328879 5.5575027 0.0274532 0.9048296 0.0139871 -0.4246576
45.726540 -15.1533689 0.1343901 5.5191689 0.0279149 0.9050211 0.0137908 -0.4242256
45.831090 -15.1987705 0.1356198 5.4816241 0.0279327 0.9053175 0.0141516 -0.4235797
45.934310 -15.2426596 0.1371073 5.4449320 0.0288739 0.9056011 0.0136119 -0.4229276
46.142050 -15.3288288 0.1404082 5.3732839 0.0302340 0.9072075 0.0113175 -0.4194430
46.557220 -15.4853888 0.1457572 5.2329764 0.0348317 0.9159796 0.0089066 -0.3996108
46.971930 -15.6195374 0.1495529 5.0921731 0.0401907 0.9321656 0.0069408 -0.3597275
47.179170 -15.6769533 0.1509553 5.0210752 0.0380668 0.9428605 0.0091600 -0.3308793
47.386540 -15.7236624 0.1524468 4.9477477 0.0359336 0.9542038 0.0106741 -0.2967994
47.801160 -15.7908936 0.1539549 4.8017697 0.0245988 0.9773787 0.0124290 -0.2096935
48.008600 -15.8158245 0.1541359 4.7273073 0.0170324 0.9865267 0.0107150 -0.1623580
48.112290 -15.8235264 0.1539589 4.6895976 0.0163568 0.9902587 0.0099554 -0.1379170
48.734910 -15.8370590 0.1564470 4.4631448 0.0081612 0.9997156 0.0165869 0.0150663
48.838780 -15.8319159 0.1561421 4.4265428 0.0126456 0.9989601 0.0161045 0.0407368
49.046410 -15.8211012 0.1561643 4.3555732 0.0153655 0.9955258 0.0142200 0.0921420
49.461780 -15.7701168 0.1583243 4.2180223 0.0201366 0.9811195 0.0115151 0.1920062
49.565780 -15.7564135 0.1582234 4.1830149 0.0180256 0.9756618 0.0119098 0.2182137
49.669780 -15.7382755 0.1581690 4.1517138 0.0166212 0.9715697 0.0140726 0.2357499
49.982180 -15.6721525 0.1580511 4.0518031 0.0191972 0.9585122 0.0184559 0.2838050
50.086410 -15.6494951 0.1581117 4.0192246 0.0184607 0.9547203 0.0188477 0.2963328
50.190690 -15.6241264 0.1584993 3.9861977 0.0178657 0.9511197 0.0180497 0.3077764
50.399300 -15.5703621 0.1589339 3.9187469 0.0168283 0.9466028 0.0172458 0.3215004
50.608030 -15.5135221 0.1592959 3.8495021 0.0152532 0.9435251 0.0151664 0.3306021
50.712390 -15.4847622 0.1595545 3.8143418 0.0158735 0.9423468 0.0145891 0.3339426
50.816730 -15.4546576 0.1598713 3.7778156 0.0168031 0.9413802 0.0146700 0.3366092
50.920920 -15.4245100 0.1600421 3.7407589 0.0185491 0.9406122 0.0149725 0.3386450
51.129530 -15.3594971 0.1598867 3.6656549 0.0158200 0.9396877 0.0126084 0.3414349
51.233800 -15.3257446 0.1601423 3.6265485 0.0143795 0.9393944 0.0122691 0.3423169
51.338030 -15.2919712 0.1605538 3.5859263 0.0153903 0.9392263 0.0131089 0.3427028
51.546400 -15.2226009 0.1605107 3.5019834 0.0184607 0.9392959 0.0137632 0.3423346
51.650530 -15.1851482 0.1601899 3.4593568 0.0168535 0.9394703 0.0111296 0.3420347
51.754650 -15.1482954 0.1605619 3.4158220 0.0171195 0.9395584 0.0075258 0.3418776
51.858780 -15.1100254 0.1605386 3.3704400 0.0179486 0.9396563 0.0055318 0.3416040
52.066910 -15.0311604 0.1595484 3.2755473 0.0177404 0.9397976 0.0066563 0.3412058
52.171030 -14.9891491 0.1591395 3.2268038 0.0145156 0.9398907 0.0069355 0.3410964
52.379030 -14.9034462 0.1583199 3.1253421 0.0119495 0.9397944 0.0074367 0.3414505
52.587160 -14.8144979 0.1586501 3.0179539 0.0110562 0.9397937 0.0109440 0.3413880
52.691180 -14.7677059 0.1582591 2.9632347 0.0091711 0.9397498 0.0113599 0.3415512
52.899160 -14.6723118 0.1582848 2.8514512 0.0090783 0.9396197 0.0084050 0.3419966
53.003160 -14.6243343 0.1589715 2.7934866 0.0102355 0.9394491 0.0091855 0.3424124
53.211180 -14.5262098 0.1591137 2.6758673 0.0112254 0.9394819 0.0137963 0.3421365
53.419160 -14.4258499 0.1594282 2.5552402 0.0139570 0.9393147 0.0125055 0.3425444
53.627040 -14.3238802 0.1594786 2.4318471 0.0171698 0.9392503 0.0102045 0.3426514
53.835050 -14.2181177 0.1587184 2.3064923 0.0162510 0.9394810 0.0106309 0.3420502
54.042910 -14.1123619 0.1583482 2.1801374 0.0153974 0.9396098 0.0135907 0.3416308
54.250800 -14.0102005 0.1578676 2.0529239 0.0209250 0.9394317 0.0171288 0.3416678
54.458660 -13.9072628 0.1589005 1.9264625 0.0226319 0.9392735 0.0224929 0.3416829
54.666410 -13.8028927 0.1601497 1.8008758 0.0242896 0.9391519 0.0250580 0.3417248
54.874290 -13.7013807 0.1607626 1.6780018 0.0260212 0.9395319 0.0170799 0.3410440
55.082040 -13.5979843 0.1601456 1.5547292 0.0266874 0.9398201 0.0171814 0.3401925
55.290780 -13.4959955 0.1600220 1.4318496 0.0257853 0.9400619 0.0188625 0.3395040
55.497680 -13.3958855 0.1603231 1.3100526 0.0227040 0.9417663 0.0181661 0.3350085
55.601700 -13.3465366 0.1605043 1.2482140 0.0216255 0.9432793 0.0179511 0.3308083
55.705670 -13.2987185 0.1602742 1.1871417 0.0222037 0.9451871 0.0178219 0.3252856
55.809690 -13.2527838 0.1607350 1.1244423 0.0228160 0.9474639 0.0185174 0.3185101
56.122050 -13.1224184 0.1616791 0.9329156 0.0254836 0.9568002 0.0233518 0.2886844
56.538940 -12.9767218 0.1661538 0.6618613 0.0311187 0.9728020 0.0252164 0.2281489
56.643030 -12.9464846 0.1674986 0.5922700 0.0332300 0.9764445 0.0210544 0.2121525
56.747290 -12.9193001 0.1682898 0.5221779 0.0343037 0.9798760 0.0164969 0.1959444
57.059650 -12.8471088 0.1682924 0.3066868 0.0295166 0.9882301 0.0122584 0.1495988
57.267470 -12.8093891 0.1685697 0.1586460 0.0319716 0.9914446 0.0107300 0.1260959
57.371290 -12.7918158 0.1688367 0.0833925 0.0312594 0.9926366 0.0113884 0.1164721
57.682930 -12.7459354 0.1709435 -0.1486314 0.0292321 0.9955209 0.0149511 0.0886565
57.786690 -12.7333765 0.1715226 -0.2271364 0.0287419 0.9962495 0.0127829 0.0806066
57.890570 -12.7219448 0.1722279 -0.3066202 0.0304917 0.9967604 0.0113396 0.0735560
58.201850 -12.6925411 0.1763909 -0.5530816 0.0374611 0.9970257 0.0225193 0.0634760
58.305440 -12.6820507 0.1783458 -0.6362580 0.0366921 0.9970935 0.0226945 0.0627951
58.409230 -12.6710911 0.1803769 -0.7196122 0.0350059 0.9972146 0.0212345 0.0623435
58.616560 -12.6474562 0.1839923 -0.8893987 0.0282429 0.9975474 0.0175537 0.0615911
58.720450 -12.6356707 0.1856528 -0.9758604 0.0257560 0.9976202 0.0173835 0.0615492
58.824030 -12.6243315 0.1875067 -1.0637745 0.0245601 0.9976068 0.0183738 0.0619661
58.927820 -12.6130333 0.1896203 -1.1526219 0.0237036 0.9975848 0.0190338 0.0624543
59.135420 -12.5906086 0.1932715 -1.3307743 0.0222699 0.9975392 0.0185866 0.0638283
59.239170 -12.5798645 0.1946153 -1.4207875 0.0214958 0.9975333 0.0178013 0.0644073
59.343070 -12.5674429 0.1964104 -1.5102419 0.0205183 0.9975547 0.0166002 0.0647146
59.446780 -12.5554380 0.1978858 -1.6016668 0.0188943 0.9976020 0.0160642 0.0646157
59.654550 -12.5328236 0.2003180 -1.7847598 0.0168356 0.9977143 0.0163557 0.0633665
59.758420 -12.5231133 0.2014729 -1.8775585 0.0167456 0.9977483 0.0166279 0.0627819
59.862460 -12.5128260 0.2027851 -1.9698077 0.0163459 0.9977837 0.0167126 0.0623000
59.965990 -12.5037146 0.2042354 -2.0630505 0.0162508 0.9977955 0.0176072 0.0618871
60.173450 -12.4827194 0.2070974 -2.2453146 0.0153315 0.9978213 0.0194899 0.0611371
60.277190 -12.4727116 0.2082220 -2.3358073 0.0147612 0.9978622 0.0188936 0.0607967
60.484800 -12.4586220 0.2117570 -2.5211651 0.0141837 0.9979122 0.0167246 0.0607490
60.692600 -12.4450855 0.2140186 -2.7052333 0.0131184 0.9979500 0.0174190 0.0601681
60.900200 -12.4402313 0.2172905 -2.8966079 0.0119479 0.9980441 0.0180505 0.0586457
61.003920 -12.4339056 0.2189318 -2.9859648 0.0112768 0.9981291 0.0174533 0.0575025
61.107700 -12.4288731 0.2203232 -3.0764806 0.0106428 0.9982108 0.0169337 0.0563479
61.211580 -12.4241629 0.2217403 -3.1666687 0.0102599 0.9982641 0.0176893 0.0552314
61.315290 -12.4145889 0.2228699 -3.2502058 0.0101592 0.9983266 0.0184573 0.0538526
61.419200 -12.4088850 0.2239194 -3.3380613 0.0100791 0.9983702 0.0192994 0.0527523
61.522950 -12.4006720 0.2250955 -3.4211645 0.0102010 0.9984272 0.0194222 0.0515925
61.626790 -12.3934202 0.2269378 -3.5055912 0.0105549 0.9984888 0.0189839 0.0504805
61.834510 -12.3779364 0.2295734 -3.6718230 0.0104474 0.9985760 0.0185584 0.0489114
61.938390 -12.3693361 0.2308620 -3.7531052 0.0097452 0.9986159 0.0188392 0.0481293
62.042070 -12.3629570 0.2322606 -3.8371007 0.0095824 0.9986467 0.0181098 0.0478014
62.145930 -12.3556023 0.2332816 -3.9169688 0.0093487 0.9986888 0.0159409 0.0477403
62.249910 -12.3472576 0.2342854 -3.9974205 0.0089375 0.9987199 0.0144918 0.0476307
62.353660 -12.3406458 0.2356351 -4.0788655 0.0094074 0.9987106 0.0137955 0.0479415
62.457420 -12.3336782 0.2362006 -4.1596184 0.0097601 0.9986736 0.0144128 0.0484557
62.561290 -12.3262253 0.2369463 -4.2393670 0.0107365 0.9986382 0.0148776 0.0488381
62.665290 -12.3181849 0.2374997 -4.3184404 0.0117867 0.9985980 0.0154889 0.0492264
62.769050 -12.3113098 0.2384437 -4.3990793 0.0123157 0.9985522 0.0158608 0.0499019
62.872800 -12.3028126 0.2392834 -4.4773579 0.0123230 0.9985312 0.0162378 0.0501983
62.976670 -12.2952147 0.2398098 -4.5563946 0.0118003 0.9985086 0.0164127 0.0507155
63.080660 -12.2883911 0.2407457 -4.6358533 0.0117204 0.9984869 0.0158994 0.0513194
63.184460 -12.2807474 0.2415932 -4.7132030 0.0130259 0.9984286 0.0153172 0.0523065
63.288240 -12.2735119 0.2422303 -4.7911420 0.0135463 0.9983458 0.0148239 0.0538738
63.495820 -12.2576284 0.2434797 -4.9459329 0.0131195 0.9982170 0.0138162 0.0565660
63.599720 -12.2499428 0.2442818 -5.0230899 0.0131345 0.9981586 0.0134195 0.0576783
63.703640 -12.2407618 0.2446980 -5.0983763 0.0127019 0.9981343 0.0136571 0.0581377
63.807440 -12.2324362 0.2454327 -5.1732426 0.0118827 0.9981163 0.0146029 0.0583910
63.911420 -12.2238607 0.2459303 -5.2467575 0.0114814 0.9981223 0.0156402 0.0580993
64.015770 -12.2155848 0.2465649 -5.3192029 0.0110392 0.9981484 0.0160797 0.0576134
64.119460 -12.2068911 0.2470587 -5.3898368 0.0104056 0.9981927 0.0161877 0.0569305
64.223410 -12.1989660 0.2477330 -5.4601750 0.0096295 0.9982621 0.0161070 0.0558620
64.327430 -12.1913223 0.2483287 -5.5287457 0.0092359 0.9983700 0.0162108 0.0539381
64.535560 -12.1796618 0.2497395 -5.6633286 0.0099169 0.9986676 0.0162764 0.0479562
64.743580 -12.1714401 0.2507787 -5.7931776 0.0122514 0.9989619 0.0173548 0.0402957
64.951550 -12.1643753 0.2520110 -5.9137330 0.0145084 0.9992037 0.0178314 0.0326122
65.159520 -12.1583605 0.2531703 -6.0255475 0.0153171 0.9993982 0.0181512 0.0252838
65.887300 -12.1506968 0.2560961 -6.3500957 0.0196249 0.9995903 0.0193364 0.0077612
65.991170 -12.1494970 0.2563567 -6.3849392 0.0199282 0.9995896 0.0196105 0.0062397
66.095340 -12.1498842 0.2569228 -6.4191418 0.0209953 0.9995702 0.0197992 0.0051652
66.614800 -12.1567125 0.2596884 -6.5714431 0.0203106 0.9995626 0.0210647 0.0042880
67.031610 -12.1515827 0.2608620 -6.6327052 0.0178717 0.9996342 0.0183671 0.0086425
68.277930 -12.1419945 0.2623677 -6.7687511 0.0141896 0.9990819 0.0172166 0.0365744
75.975180 -12.1245661 0.2629555 -6.8228631 0.0129322 0.9937738 0.0134850 0.1098387
77.531820 -12.0231867 0.2646753 -7.0085173 0.0110783 0.9501095 0.0189251 0.3111447
77.842690 -11.9666376 0.2660086 -7.0628238 0.0152478 0.9230540 0.0162456 0.3840247
78.257840 -11.8521509 0.2675174 -7.1451674 0.0174427 0.8771012 0.0162871 0.4797123
78.569310 -11.7355785 0.2682667 -7.1987772 0.0170728 0.8352252 0.0232561 0.5491508
78.673060 -11.6909714 0.2689557 -7.2142525 0.0173222 0.8195964 0.0255181 0.5721105
78.776930 -11.6437664 0.2692032 -7.2262764 0.0170102 0.8038009 0.0273618 0.5940253
78.880800 -11.5944233 0.2698803 -7.2370291 0.0170129 0.7878497 0.0291090 0.6149439
79.192960 -11.4305630 0.2716876 -7.2588077 0.0193616 0.7434723 0.0297755 0.6678230
79.297060 -11.3713903 0.2723458 -7.2626662 0.0192810 0.7320808 0.0285160 0.6803476
79.401310 -11.3095427 0.2728121 -7.2650185 0.0197383 0.7226469 0.0269026 0.6904116
79.505690 -11.2448883 0.2731282 -7.2665386 0.0206776 0.7150995 0.0259858 0.6982334
79.610070 -11.1783028 0.2733488 -7.2674689 0.0212618 0.7090096 0.0258298 0.7044048
79.714470 -11.1097345 0.2731515 -7.2674966 0.0222997 0.7037110 0.0258371 0.7096661
79.818800 -11.0391588 0.2729365 -7.2673984 0.0237940 0.6987225 0.0255535 0.7145402
79.923050 -10.9673109 0.2722526 -7.2653036 0.0256370 0.6934665 0.0247229 0.7196080
80.027420 -10.8931246 0.2719195 -7.2613087 0.0269831 0.6884576 0.0233994 0.7243966
80.131680 -10.8168821 0.2709510 -7.2556496 0.0262810 0.6839359 0.0219611 0.7287378
80.235930 -10.7385864 0.2698247 -7.2497368 0.0245474 0.6806344 0.0200398 0.7319375
80.340300 -10.6586447 0.2686780 -7.2440090 0.0230205 0.6787412 0.0182044 0.7337909
80.444550 -10.5755367 0.2672269 -7.2364798 0.0222882 0.6780225 0.0172384 0.7345009
80.548940 -10.4910297 0.2662046 -7.2302065 0.0216044 0.6777065 0.0172160 0.7348134
80.653190 -10.4050598 0.2646675 -7.2242126 0.0214786 0.6771510 0.0180436 0.7353092
80.757320 -10.3167248 0.2637072 -7.2170768 0.0215412 0.6760588 0.0182353 0.7363070
80.861430 -10.2273951 0.2624224 -7.2090144 0.0217889 0.6745818 0.0185493 0.7376453
80.965550 -10.1363363 0.2609546 -7.2010698 0.0219119 0.6727661 0.0182852 0.7393046
81.069680 -10.0437794 0.2595993 -7.1924415 0.0220169 0.6710979 0.0181273 0.7408199
81.173790 -9.9501820 0.2580172 -7.1839485 0.0215057 0.6693190 0.0179594 0.7424467
81.277810 -9.8544312 0.2566071 -7.1743941 0.0210450 0.6673687 0.0190424 0.7441865
81.381810 -9.7574329 0.2553710 -7.1646886 0.0200852 0.6654543 0.0206462 0.7458826
81.485930 -9.6600056 0.2536351 -7.1549225 0.0191133 0.6640103 0.0217152 0.7471636
81.589930 -9.5613012 0.2528261 -7.1452374 0.0194306 0.6634024 0.0216724 0.7476965
81.798060 -9.3604393 0.2511781 -7.1280494 0.0196691 0.6641435 0.0201435 0.7470748
81.902180 -9.2589035 0.2500481 -7.1198850 0.0192726 0.6643599 0.0214530 0.7468563
82.110180 -9.0554533 0.2473178 -7.1054444 0.0186695 0.6651165 0.0235323 0.7461352
82.214180 -8.9539700 0.2462270 -7.0982556 0.0185246 0.6653360 0.0236744 0.7459386
82.318180 -8.8534508 0.2445243 -7.0893850 0.0184539 0.6657063 0.0239125 0.7456023
82.422200 -8.7531281 0.2430668 -7.0785828 0.0187906 0.6659646 0.0230011 0.7453918
82.526180 -8.6532497 0.2416764 -7.0693769 0.0196597 0.6662733 0.0223617 0.7451130
82.630180 -8.5527201 0.2401617 -7.0600672 0.0196686 0.6665480 0.0221273 0.7448740
82.734050 -8.4527359 0.2383026 -7.0484324 0.0185673 0.6669232 0.0227170 0.7445486
82.838070 -8.3528070 0.2366774 -7.0374579 0.0178965 0.6672503 0.0234108 0.7442504
82.942060 -8.2533388 0.2347850 -7.0274601 0.0179817 0.6675726 0.0227269 0.7439805
83.046050 -8.1540537 0.2329080 -7.0167542 0.0188565 0.6678866 0.0223425 0.7436886
83.149930 -8.0554237 0.2310667 -7.0065870 0.0194971 0.6681108 0.0219493 0.7434824
83.253960 -7.9561496 0.2299408 -6.9972067 0.0182844 0.6682344 0.0220520 0.7433990
83.357930 -7.8574204 0.2285720 -6.9886217 0.0167568 0.6683263 0.0229807 0.7433244
83.461930 -7.7591925 0.2276502 -6.9801650 0.0153304 0.6687107 0.0230267 0.7430079
83.565930 -7.6605673 0.2262436 -6.9711351 0.0149115 0.6690008 0.0217183 0.7427946
83.669810 -7.5636897 0.2252954 -6.9620247 0.0151598 0.6690872 0.0208179 0.7427376
83.773690 -7.4667053 0.2240799 -6.9525061 0.0151761 0.6692830 0.0203877 0.7425727
83.877560 -7.3695164 0.2225930 -6.9441710 0.0144386 0.6694345 0.0203291 0.7424525
83.981560 -7.2731295 0.2213694 -6.9345298 0.0143963 0.6695322 0.0212171 0.7423404
84.085580 -7.1778669 0.2198181 -6.9250183 0.0147395 0.6695597 0.0214247 0.7423028
84.189660 -7.0825748 0.2184756 -6.9157991 0.0164689 0.6696964 0.0216287 0.7421373
84.293370 -6.9879527 0.2167343 -6.9067898 0.0177247 0.6694139 0.0222103 0.7423460
84.397140 -6.8930302 0.2154697 -6.8967967 0.0184515 0.6689671 0.0230981 0.7427038
84.500970 -6.7976918 0.2142405 -6.8878427 0.0182821 0.6679233 0.0237081 0.7436277
84.604690 -6.7037888 0.2125307 -6.8778396 0.0180541 0.6668650 0.0242608 0.7445647
84.708560 -6.6096025 0.2112888 -6.8682938 0.0173603 0.6656773 0.0238788 0.7456555
84.812320 -6.5162578 0.2095305 -6.8580365 0.0167386 0.6645429 0.0225506 0.7467222
84.916060 -6.4238224 0.2081817 -6.8464565 0.0171199 0.6636589 0.0216087 0.7475272
85.020090 -6.3308568 0.2067262 -6.8366036 0.0169901 0.6625877 0.0214427 0.7484845
85.123720 -6.2380395 0.2052257 -6.8260570 0.0165729 0.6620051 0.0219515 0.7489945
85.227440 -6.1449022 0.2040199 -6.8163719 0.0162971 0.6614227 0.0222755 0.7495053
85.331180 -6.0532551 0.2030908 -6.8050718 0.0160660 0.6609293 0.0221531 0.7499491
85.435100 -5.9611282 0.2015049 -6.7949286 0.0155127 0.6605962 0.0225188 0.7502432
85.538870 -5.8690548 0.2001718 -6.7843242 0.0147990 0.6603467 0.0221535 0.7504882
85.642600 -5.7761559 0.1993098 -6.7749219 0.0143028 0.6605917 0.0217252 0.7502946
85.746450 -5.6843619 0.1979562 -6.7650890 0.0139714 0.6609514 0.0208682 0.7500083
85.850400 -5.5927887 0.1970325 -6.7556057 0.0140381 0.6615510 0.0206829 0.7494835
85.954220 -5.5023685 0.1959365 -6.7453475 0.0143441 0.6622531 0.0211189 0.7488451
86.058060 -5.4114132 0.1948347 -6.7362523 0.0156072 0.6630924 0.0221067 0.7480482
86.161940 -5.3213601 0.1936337 -6.7263560 0.0170770 0.6639669 0.0227541 0.7472206
86.266420 -5.2308989 0.1921727 -6.7177572 0.0184948 0.6648999 0.0234088 0.7463364
86.369740 -5.1412058 0.1909232 -6.7088022 0.0188680 0.6657135 0.0244030 0.7455696
86.473600 -5.0510702 0.1899595 -6.6997232 0.0182740 0.6667061 0.0250772 0.7446745
86.577490 -4.9610276 0.1886674 -6.6912999 0.0173391 0.6675726 0.0252276 0.7439151
86.681310 -4.8724165 0.1875958 -6.6817980 0.0168735 0.6684237 0.0248354 0.7431744
86.785510 -4.7835197 0.1867081 -6.6731029 0.0168748 0.6691576 0.0237477 0.7425492
86.889090 -4.6949797 0.1856195 -6.6643896 0.0175386 0.6699922 0.0226656 0.7418147
86.992950 -4.6060262 0.1843264 -6.6564541 0.0183201 0.6707219 0.0214237 0.7411731
87.096690 -4.5155287 0.1829326 -6.6500583 0.0194674 0.6715545 0.0211635 0.7403970
87.200570 -4.4280634 0.1813218 -6.6415648 0.0195440 0.6718916 0.0209460 0.7400952
87.304430 -4.3392439 0.1798432 -6.6339426 0.0191402 0.6722455 0.0217984 0.7397597
87.408330 -4.2507873 0.1784942 -6.6270571 0.0180217 0.6722683 0.0224185 0.7397487
87.616060 -4.0710959 0.1760089 -6.6153860 0.0148929 0.6724159 0.0211308 0.7397219
87.823570 -3.8919830 0.1741377 -6.6037459 0.0124255 0.6727632 0.0179181 0.7395365
88.031060 -3.7196903 0.1716548 -6.5883622 0.0116536 0.6726500 0.0155484 0.7397056
88.238710 -3.5381012 0.1694390 -6.5805802 0.0124908 0.6730573 0.0145840 0.7393410
88.446330 -3.3643150 0.1675238 -6.5673532 0.0107451 0.6726487 0.0199176 0.7396159
88.550190 -3.2763197 0.1667895 -6.5616941 0.0113542 0.6724637 0.0210558 0.7397435
88.757820 -3.1087518 0.1650830 -6.5464602 0.0153014 0.6719571 0.0192853 0.7401808
88.861690 -3.0239942 0.1640642 -6.5391607 0.0155340 0.6719949 0.0183276 0.7401660
89.069450 -2.8554430 0.1606925 -6.5241394 0.0161366 0.6719164 0.0186768 0.7402157
89.173320 -2.7735865 0.1589957 -6.5166903 0.0176762 0.6718689 0.0185714 0.7402262
89.277420 -2.6910613 0.1572352 -6.5089493 0.0197883 0.6720040 0.0188192 0.7400438
89.381180 -2.6095190 0.1554493 -6.5014763 0.0204898 0.6721780 0.0191770 0.7398575
89.588990 -2.4453337 0.1521664 -6.4869990 0.0195370 0.6728662 0.0223959 0.7391670
89.692870 -2.3628366 0.1503723 -6.4803128 0.0191313 0.6732822 0.0230761 0.7387778
89.796830 -2.2819889 0.1488883 -6.4726796 0.0191191 0.6738083 0.0222701 0.7383230
89.900710 -2.2009687 0.1474062 -6.4656487 0.0188976 0.6742305 0.0209175 0.7379827
90.004580 -2.1208665 0.1459863 -6.4580913 0.0183195 0.6748158 0.0208581 0.7374639
90.316520 -1.8796034 0.1423903 -6.4394374 0.0177006 0.6760192 0.0221018 0.7363397
90.420320 -1.8005422 0.1408688 -6.4326148 0.0176681 0.6763829 0.0220734 0.7360073
90.524330 -1.7207339 0.1401635 -6.4269180 0.0176867 0.6767121 0.0219439 0.7357081
90.628220 -1.6422009 0.1388666 -6.4209447 0.0164075 0.6771585 0.0217448 0.7353328
90.732220 -1.5659038 0.1375457 -6.4146757 0.0159877 0.6775771 0.0216791 0.7349583
90.940100 -1.4176860 0.1352842 -6.4033704 0.0147355 0.6781980 0.0217079 0.7344106
91.044070 -1.3444525 0.1341067 -6.3980355 0.0137370 0.6783842 0.0216001 0.7342613
91.148110 -1.2745489 0.1329758 -6.3928556 0.0139395 0.6780745 0.0220531 0.7345300
91.459820 -1.0789227 0.1301025 -6.3757176 0.0139933 0.6745366 0.0203116 0.7378293
91.563820 -1.0157531 0.1287952 -6.3696189 0.0135028 0.6729876 0.0193896 0.7392762
91.667690 -0.9548586 0.1276173 -6.3637676 0.0140299 0.6709690 0.0188727 0.7411124
92.187280 -0.6777206 0.1208480 -6.3269644 0.0178627 0.6516778 0.0181593 0.7580681
92.291780 -0.6274034 0.1196128 -6.3185787 0.0177941 0.6463329 0.0184968 0.7626238
92.394820 -0.5791215 0.1179744 -6.3097682 0.0173722 0.6404195 0.0194126 0.7675834
92.812670 -0.4023736 0.1125922 -6.2667994 0.0158766 0.6102228 0.0159683 0.7919098
93.017610 -0.3229586 0.1100015 -6.2396617 0.0147043 0.5915670 0.0149856 0.8059825
93.225060 -0.2459084 0.1076772 -6.2103915 0.0153432 0.5683144 0.0129093 0.8225671
93.847210 -0.0453756 0.0986185 -6.0963125 0.0161773 0.4526804 0.0113797 0.8914534
94.365720 0.0857714 0.0916572 -5.9637713 0.0152208 0.3331782 0.0041459 0.9427319
94.573250 0.1351112 0.0895657 -5.9032292 0.0098804 0.2841240 0.0021497 0.9587342
94.677090 0.1618414 0.0884203 -5.8718572 0.0068562 0.2605644 0.0040192 0.9654238
94.884790 0.1948389 0.0860643 -5.8039250 -0.0012785 0.2115716 -0.0021425 0.9773593
95.300440 0.2392012 0.0838123 -5.6607227 -0.0004606 0.1223569 -0.0039704 0.9924781
95.508570 0.2530956 0.0831934 -5.5836205 -0.0004616 0.0870863 -0.0097294 0.9961532
95.612820 0.2580399 0.0826329 -5.5437913 -0.0003678 0.0731133 -0.0105286 0.9972680
95.925440 0.2715412 0.0809607 -5.4184799 -0.0011368 0.0428245 -0.0100613 0.9990313
96.029700 0.2757213 0.0802948 -5.3750525 -0.0003664 0.0355298 -0.0096183 0.9993222
96.133950 0.2788416 0.0796464 -5.3305073 0.0001537 0.0286295 -0.0100153 0.9995399
96.342320 0.2826302 0.0787844 -5.2359591 0.0006146 0.0149456 -0.0103626 0.9998344
96.446460 0.2832098 0.0782040 -5.1864338 0.0006788 0.0080586 -0.0100318 0.9999170
96.550570 0.2827231 0.0777215 -5.1358752 0.0004818 0.0009636 -0.0088188 0.9999605
96.654710 0.2817196 0.0768064 -5.0835991 0.0007256 -0.0052132 -0.0088388 0.9999471
96.758950 0.2797168 0.0760289 -5.0298886 0.0012675 -0.0102319 -0.0092852 0.9999037
96.863080 0.2773762 0.0754925 -4.9749446 0.0020727 -0.0143874 -0.0101735 0.9998426
96.967200 0.2756518 0.0749689 -4.9182825 0.0026843 -0.0173974 -0.0101864 0.9997932
97.071450 0.2732532 0.0742556 -4.8606234 0.0029747 -0.0192969 -0.0102294 0.9997571
97.279720 0.2694945 0.0718385 -4.7412362 0.0022475 -0.0220819 -0.0098911 0.9997047
97.383810 0.2678963 0.0709005 -4.6800766 0.0014534 -0.0233392 -0.0090221 0.9996858
97.487940 0.2651741 0.0698334 -4.6182156 0.0001280 -0.0248655 -0.0085421 0.9996543
97.696240 0.2597611 0.0686439 -4.4933171 -0.0019721 -0.0276612 -0.0077443 0.9995854
97.800340 0.2563954 0.0677579 -4.4307694 -0.0029506 -0.0294303 -0.0068252 0.9995392
98.008320 0.2493909 0.0657031 -4.3055477 -0.0036331 -0.0325300 -0.0049034 0.9994521
98.216470 0.2419755 0.0645377 -4.1800094 -0.0033138 -0.0357583 -0.0045114 0.9993448
98.424320 0.2354453 0.0634918 -4.0548968 -0.0034037 -0.0376413 -0.0048576 0.9992737
98.528320 0.2313469 0.0627870 -3.9921603 -0.0031881 -0.0381721 -0.0050729 0.9992532
98.632320 0.2251427 0.0619716 -3.9294596 -0.0032275 -0.0383778 -0.0056518 0.9992421
98.840320 0.2195068 0.0605773 -3.8043513 -0.0037147 -0.0383684 -0.0053028 0.9992427
98.944340 0.2171478 0.0597786 -3.7419319 -0.0041801 -0.0383466 -0.0052351 0.9992421
99.048200 0.2148291 0.0592333 -3.6793258 -0.0046737 -0.0382685 -0.0054206 0.9992418
99.256070 0.2094738 0.0578165 -3.5559773 -0.0052214 -0.0381413 -0.0053908 0.9992442
99.464100 0.2027398 0.0561121 -3.4340599 -0.0048521 -0.0373892 -0.0056580 0.9992730
99.671950 0.1967527 0.0553392 -3.3133297 -0.0044559 -0.0358373 -0.0055883 0.9993321
99.879940 0.1942437 0.0538055 -3.1947451 -0.0048990 -0.0339116 -0.0046299 0.9994021
100.087800 0.1881384 0.0527458 -3.0794485 -0.0068817 -0.0325545 -0.0054118 0.9994316
100.191800 0.1860836 0.0519111 -3.0232868 -0.0069550 -0.0317497 -0.0052372 0.9994580
100.295700 0.1861695 0.0512500 -2.9684212 -0.0055173 -0.0313900 -0.0043371 0.9994826
100.399700 0.1862622 0.0507608 -2.9145186 -0.0042870 -0.0309010 -0.0039912 0.9995053
100.607700 0.1809809 0.0491604 -2.8084922 -0.0019304 -0.0301087 -0.0067698 0.9995219
100.815600 0.1809471 0.0476870 -2.7043283 -0.0013748 -0.0293249 -0.0072379 0.9995428
101.023600 0.1836195 0.0462900 -2.6013987 -0.0001160 -0.0284071 -0.0083151 0.9995618
101.231500 0.1798387 0.0442268 -2.5010812 0.0002414 -0.0283539 -0.0095407 0.9995524
101.439300 0.1751296 0.0422506 -2.4018764 -0.0005789 -0.0287186 -0.0089337 0.9995474
101.647200 0.1698230 0.0399757 -2.3033028 -0.0004949 -0.0298651 -0.0081724 0.9995204
101.855100 0.1637393 0.0382098 -2.2056727 0.0005019 -0.0313815 -0.0078677 0.9994764
102.062900 0.1570332 0.0362601 -2.1095011 0.0004706 -0.0333401 -0.0078202 0.9994134
102.166900 0.1534220 0.0351012 -2.0617518 0.0005220 -0.0342386 -0.0073145 0.9993868
102.270800 0.1501806 0.0339324 -2.0142379 0.0002534 -0.0352287 -0.0065640 0.9993577
102.582700 0.1145872 0.0320267 -1.8721844 -0.0012977 -0.0370040 -0.0066154 0.9992924
102.790600 0.1070286 0.0307109 -1.7802564 -0.0020442 -0.0385476 -0.0068782 0.9992310
102.894400 0.1033946 0.0301611 -1.7354230 -0.0020629 -0.0389491 -0.0068460 0.9992156
103.102400 0.0960320 0.0286907 -1.6482005 -0.0022475 -0.0386133 -0.0074835 0.9992236
103.206500 0.0926225 0.0280797 -1.6060528 -0.0019869 -0.0379347 -0.0080431 0.9992459
103.310300 0.0893724 0.0272901 -1.5648581 -0.0020149 -0.0372170 -0.0080651 0.9992726
103.518300 0.0833756 0.0258028 -1.4845870 -0.0017773 -0.0358306 -0.0079632 0.9993246
103.726300 0.0777534 0.0243577 -1.4081317 -0.0012883 -0.0344819 -0.0080821 0.9993718
103.934300 0.0726906 0.0231103 -1.3352003 -0.0012630 -0.0333728 -0.0083536 0.9994072
104.350600 0.0638126 0.0203790 -1.2034838 -0.0028547 -0.0310973 -0.0081240 0.9994793
104.455200 0.0617308 0.0198472 -1.1743324 -0.0032297 -0.0306862 -0.0087771 0.9994853
104.558200 0.0598332 0.0193335 -1.1468123 -0.0031264 -0.0302132 -0.0090045 0.9994980
105.286000 0.0505343 0.0165276 -0.9892456 0.0002959 -0.0282153 -0.0072822 0.9995753
105.494000 0.0479136 0.0156970 -0.9482719 0.0001871 -0.0278532 -0.0073464 0.9995850
105.909700 0.0422253 0.0140357 -0.8683830 -0.0004870 -0.0272838 -0.0069114 0.9996037
106.013700 0.0407925 0.0135837 -0.8489302 -0.0005462 -0.0272802 -0.0064735 0.9996067
106.221500 0.0379750 0.0129304 -0.8099907 -0.0004873 -0.0292088 -0.0053736 0.9995587
107.572800 0.0072902 0.0085381 -0.5673010 0.0004106 -0.0533594 -0.0098620 0.9985266
107.989000 -0.0001600 0.0074584 -0.4964236 0.0004372 -0.0486342 -0.0092653 0.9987736
108.197100 -0.0032750 0.0067346 -0.4616577 0.0003974 -0.0455224 -0.0091537 0.9989213
109.132800 -0.0132495 0.0042530 -0.2851244 0.0021908 -0.0253656 -0.0068690 0.9996523
109.548600 -0.0163594 0.0025414 -0.1868396 0.0001696 -0.0156086 -0.0051054 0.9998651
109.756500 -0.0175031 0.0020394 -0.1335446 -0.0008327 -0.0112591 -0.0045708 0.9999258
110.380000 -0.0205564 -0.0008625 0.0431000 0.0014656 -0.0022989 -0.0068431 0.9999729
111.417700 -0.0325711 -0.0091325 0.3432612 0.0059201 -0.0513452 -0.0023510 0.9986606
111.625100 -0.0454320 -0.0107015 0.3986774 0.0009326 -0.0772641 -0.0074141 0.9969826
111.832500 -0.0599416 -0.0114493 0.4525744 -0.0018443 -0.1022753 -0.0086496 0.9947168
112.248300 -0.0902445 -0.0130058 0.5576056 -0.0075406 -0.1244419 -0.0164839 0.9920613
112.456700 -0.1036780 -0.0126308 0.6109533 -0.0073865 -0.1176972 -0.0160242 0.9928927
112.561000 -0.1084958 -0.0126134 0.6353582 -0.0090423 -0.1133802 -0.0128978 0.9934268
112.769200 -0.1160950 -0.0122927 0.6750907 -0.0106813 -0.1032202 -0.0123222 0.9945248
113.185700 -0.1216729 -0.0129390 0.7195931 -0.0090022 -0.0870425 -0.0103546 0.9961101
114.121600 -0.1225573 -0.0134857 0.7245700 -0.0037136 -0.0845742 -0.0109719 0.9963499
