0.207894 0.0000000 0.0000000 -0.0000000 0.0000000 -0.0000001 0.0000000 1.0000000
0.519499 -0.0032522 -0.0006959 0.0279652 0.0016560 -0.0142309 -0.0007582 0.9998971
0.623377 -0.0047968 -0.0007339 0.0390552 0.0021040 -0.0211178 -0.0007461 0.9997745
2.904641 -0.2280659 -0.0068695 0.3770930 -0.0001182 -0.4056549 -0.0081646 0.9139898
3.008248 -0.2505824 -0.0070269 0.3902191 -0.0014697 -0.4318177 -0.0073559 0.9019297
3.215751 -0.3007756 -0.0060780 0.4133476 -0.0036250 -0.4845740 -0.0068984 0.8747156
3.734395 -0.4465290 -0.0062204 0.4519235 -0.0119953 -0.6074736 -0.0068152 0.7942201
3.838251 -0.4838088 -0.0059185 0.4565907 -0.0127436 -0.6279943 -0.0062852 0.7780882
3.942122 -0.5227436 -0.0053901 0.4596579 -0.0120345 -0.6466185 -0.0073809 0.7626829
4.358512 -0.7000360 -0.0019905 0.4609022 -0.0083977 -0.7004918 -0.0059879 0.7135859
4.462646 -0.7479767 -0.0015269 0.4588815 -0.0074922 -0.7098876 -0.0055474 0.7042533
4.566885 -0.7976002 -0.0007616 0.4558182 -0.0064725 -0.7170464 -0.0049691 0.6969777
4.775500 -0.9023101 0.0009608 0.4487728 -0.0067357 -0.7271996 -0.0043502 0.6863792
4.984250 -1.0130301 0.0005468 0.4390680 -0.0066999 -0.7327627 -0.0064920 0.6804203
5.297154 -1.1917460 0.0030136 0.4246725 -0.0094157 -0.7343571 -0.0063175 0.6786686
5.401501 -1.2540606 0.0034717 0.4198044 -0.0100594 -0.7338215 -0.0074974 0.6792265
5.505749 -1.3181565 0.0042766 0.4142883 -0.0092178 -0.7331896 -0.0083087 0.6799111
5.610008 -1.3834677 0.0051184 0.4091783 -0.0077070 -0.7326726 -0.0080318 0.6804903
5.714253 -1.4504672 0.0059588 0.4040487 -0.0075607 -0.7321402 -0.0082630 0.6810618
5.922523 -1.5897833 0.0085680 0.3939499 -0.0094763 -0.7308361 -0.0106250 0.6824045
6.026772 -1.6614372 0.0092289 0.3890842 -0.0101433 -0.7302121 -0.0115909 0.6830469
6.130876 -1.7345155 0.0103899 0.3839488 -0.0092790 -0.7295988 -0.0120796 0.6837058
6.339025 -1.8844557 0.0131720 0.3736372 -0.0068736 -0.7284646 -0.0120291 0.6849434
6.547271 -2.0392864 0.0157552 0.3645063 -0.0099885 -0.7275037 -0.0119030 0.6859277
6.651280 -2.1180956 0.0167622 0.3597747 -0.0110570 -0.7270625 -0.0121477 0.6863748
6.755380 -2.1968188 0.0180170 0.3548323 -0.0094564 -0.7267836 -0.0103256 0.6867237
6.859377 -2.2756109 0.0186185 0.3502783 -0.0075138 -0.7267305 -0.0073440 0.6868424
7.067377 -2.4367409 0.0204081 0.3411264 -0.0076699 -0.7269238 -0.0044470 0.6866609
7.275272 -2.6013045 0.0218313 0.3307540 -0.0120129 -0.7268456 -0.0105114 0.6866154
7.379272 -2.6840978 0.0231675 0.3254684 -0.0132033 -0.7269400 -0.0131380 0.6864483
7.587271 -2.8476968 0.0260465 0.3151864 -0.0114700 -0.7272311 -0.0125602 0.6861818
7.691129 -2.9293740 0.0275330 0.3098943 -0.0105558 -0.7273559 -0.0115825 0.6860815
7.795131 -3.0112808 0.0289528 0.3044759 -0.0103235 -0.7273486 -0.0126874 0.6860733
7.899003 -3.0930562 0.0296354 0.2994107 -0.0108505 -0.7272283 -0.0140214 0.6861666
8.107005 -3.2557323 0.0320591 0.2890276 -0.0080873 -0.7270995 -0.0119482 0.6863804
8.315006 -3.4172649 0.0343744 0.2788607 -0.0066500 -0.7267344 -0.0108706 0.6868004
8.522877 -3.5802956 0.0353380 0.2691131 -0.0095006 -0.7262536 -0.0134013 0.6872306
8.730751 -3.7423816 0.0383967 0.2596772 -0.0128141 -0.7259892 -0.0161347 0.6873974
8.938756 -3.9029841 0.0414992 0.2502928 -0.0112141 -0.7257728 -0.0146104 0.6876879
9.146631 -4.0628638 0.0440206 0.2401403 -0.0072108 -0.7254829 -0.0138207 0.6880636
9.354505 -4.2231364 0.0456440 0.2306112 -0.0055809 -0.7259044 -0.0128779 0.6876524
9.562503 -4.3813682 0.0469434 0.2221009 -0.0063545 -0.7265930 -0.0081342 0.6869907
9.770380 -4.5399866 0.0476863 0.2127873 -0.0107330 -0.7277810 -0.0107339 0.6856416
9.978133 -4.6963639 0.0495775 0.2025644 -0.0121666 -0.7287875 -0.0111012 0.6845418
10.186010 -4.8500338 0.0510783 0.1906759 -0.0068943 -0.7294738 -0.0113460 0.6838799
10.393880 -5.0027943 0.0519736 0.1784278 -0.0049144 -0.7300525 -0.0135257 0.6832396
10.601750 -5.1540060 0.0533046 0.1673804 -0.0047407 -0.7306944 -0.0145266 0.6825337
10.705630 -5.2288079 0.0535363 0.1616616 -0.0043376 -0.7308031 -0.0149705 0.6824103
10.809650 -5.3031139 0.0544333 0.1566721 -0.0055678 -0.7310526 -0.0149058 0.6821356
10.913510 -5.3777490 0.0554814 0.1514410 -0.0067585 -0.7310864 -0.0155520 0.6820741
11.017510 -5.4514012 0.0564998 0.1461775 -0.0082346 -0.7311985 -0.0171588 0.6818991
11.121380 -5.5240097 0.0576691 0.1408595 -0.0089017 -0.7313955 -0.0178854 0.6816608
11.329280 -5.6679711 0.0596103 0.1296366 -0.0085763 -0.7317190 -0.0168302 0.6813446
11.433260 -5.7378178 0.0607403 0.1243206 -0.0075020 -0.7318127 -0.0153520 0.6812916
11.537150 -5.8066750 0.0618739 0.1187865 -0.0062961 -0.7317291 -0.0143657 0.6814151
11.849140 -6.0054588 0.0632384 0.1044747 -0.0045354 -0.7290995 -0.0148241 0.6842321
11.953260 -6.0682034 0.0637502 0.1006164 -0.0053348 -0.7271047 -0.0150504 0.6863409
12.057260 -6.1295424 0.0641564 0.0978000 -0.0061628 -0.7246550 -0.0152321 0.6889159
12.265510 -6.2483454 0.0650415 0.0935132 -0.0061627 -0.7175204 -0.0173724 0.6962935
12.473910 -6.3605523 0.0663756 0.0929863 -0.0056223 -0.7057453 -0.0197417 0.7081682
12.786780 -6.5119238 0.0679075 0.1041513 -0.0064782 -0.6779140 -0.0189316 0.7348689
12.995510 -6.6027145 0.0687798 0.1197593 -0.0075542 -0.6509134 -0.0178557 0.7589044
13.099880 -6.6455045 0.0696996 0.1304831 -0.0074864 -0.6351330 -0.0172758 0.7721733
13.935130 -6.9354196 0.0722766 0.2921411 -0.0151475 -0.4594263 -0.0001657 0.8880867
14.039380 -6.9649439 0.0722118 0.3215567 -0.0181037 -0.4354632 0.0045399 0.9000130
14.143650 -6.9928021 0.0725182 0.3507676 -0.0168855 -0.4110050 0.0061043 0.9114562
14.769010 -7.1380658 0.0737029 0.5717562 0.0022104 -0.2474232 0.0055914 0.9688889
14.873160 -7.1576219 0.0729100 0.6183179 0.0017335 -0.2208437 0.0049324 0.9752952
14.977150 -7.1756573 0.0720875 0.6667529 0.0018491 -0.1966929 0.0016982 0.9804620
15.081160 -7.1927757 0.0716942 0.7167268 0.0031675 -0.1745618 -0.0006565 0.9846409
15.392480 -7.2370934 0.0694437 0.8809084 0.0007765 -0.1270374 -0.0027947 0.9918937
15.496190 -7.2505536 0.0687117 0.9397820 -0.0003602 -0.1161398 -0.0027415 0.9932290
15.599910 -7.2634974 0.0680903 1.0005305 -0.0016215 -0.1070355 -0.0038239 0.9942465
15.807320 -7.2889128 0.0673249 1.1262579 -0.0026703 -0.0923420 -0.0080898 0.9956909
16.014760 -7.3103704 0.0662533 1.2589042 -0.0026470 -0.0788160 -0.0073171 0.9968588
16.118550 -7.3202448 0.0662785 1.3278883 -0.0029719 -0.0713374 -0.0075822 0.9974190
16.222360 -7.3297186 0.0661005 1.3980870 -0.0031797 -0.0640504 -0.0084684 0.9979057
16.429890 -7.3453307 0.0642020 1.5426012 0.0007432 -0.0519763 -0.0092415 0.9986053
16.637520 -7.3588610 0.0629423 1.6923310 0.0038653 -0.0430973 -0.0085145 0.9990271
16.741260 -7.3653617 0.0616422 1.7690889 0.0007242 -0.0398001 -0.0091206 0.9991658
16.845140 -7.3718472 0.0603147 1.8463944 -0.0033439 -0.0372284 -0.0111441 0.9992390
17.052630 -7.3831143 0.0585805 1.9996662 -0.0047813 -0.0334426 -0.0107318 0.9993716
17.156420 -7.3879666 0.0582632 2.0761242 -0.0042521 -0.0319445 -0.0107207 0.9994231
17.364000 -7.3967476 0.0569831 2.2291157 -0.0066695 -0.0294521 -0.0087943 0.9995052
17.467890 -7.4011326 0.0561865 2.3058255 -0.0076490 -0.0279496 -0.0076608 0.9995507
17.571660 -7.4053049 0.0555100 2.3811524 -0.0058660 -0.0266937 -0.0073487 0.9995995
17.779390 -7.4140692 0.0539666 2.5311475 0.0016617 -0.0249047 -0.0090562 0.9996474
17.883140 -7.4183393 0.0525701 2.6061952 0.0036594 -0.0242120 -0.0096755 0.9996533
17.987010 -7.4222894 0.0511557 2.6812692 0.0028177 -0.0232156 -0.0103748 0.9996727
18.090880 -7.4267483 0.0496573 2.7574430 0.0009636 -0.0219101 -0.0119364 0.9996882
18.194760 -7.4305401 0.0477389 2.8324299 -0.0017221 -0.0209500 -0.0135448 0.9996873
18.402390 -7.4367051 0.0454248 2.9820096 -0.0027099 -0.0192292 -0.0108015 0.9997531
18.610130 -7.4428964 0.0435460 3.1309400 -0.0018300 -0.0181077 -0.0097275 0.9997870
18.817760 -7.4491253 0.0417792 3.2812247 -0.0012193 -0.0172897 -0.0081254 0.9998168
19.025510 -7.4558997 0.0398295 3.4329841 -0.0012748 -0.0169226 -0.0094712 0.9998111
19.233260 -7.4624896 0.0381246 3.5862508 -0.0014579 -0.0188982 -0.0081017 0.9997875
19.440890 -7.4716034 0.0362800 3.7427721 -0.0012036 -0.0219891 -0.0109435 0.9996976
19.648510 -7.4816470 0.0345128 3.8991449 0.0030928 -0.0243170 -0.0120192 0.9996272
19.856260 -7.4918494 0.0318647 4.0592461 0.0032414 -0.0263098 -0.0117657 0.9995793
20.064010 -7.5027356 0.0286351 4.2216640 0.0018561 -0.0282002 -0.0106686 0.9995437
20.271890 -7.5136156 0.0260301 4.3863091 -0.0024515 -0.0293928 -0.0100137 0.9995148
20.479750 -7.5248804 0.0246029 4.5511403 -0.0034530 -0.0280076 -0.0113788 0.9995370
20.687510 -7.5354528 0.0229141 4.7175055 -0.0017454 -0.0262849 -0.0104809 0.9995980
20.895390 -7.5448165 0.0211758 4.8846865 -0.0008185 -0.0246466 -0.0079954 0.9996639
21.103270 -7.5537901 0.0187254 5.0516891 -0.0035036 -0.0236725 -0.0055490 0.9996982
21.207140 -7.5586400 0.0182043 5.1331325 -0.0034803 -0.0231482 -0.0055237 0.9997107
21.415040 -7.5688534 0.0152244 5.2957287 0.0009658 -0.0222385 -0.0076046 0.9997233
21.622900 -7.5781178 0.0113014 5.4561210 0.0065041 -0.0212342 -0.0110655 0.9996921
21.830760 -7.5860562 0.0073039 5.6173000 0.0039799 -0.0206227 -0.0095359 0.9997339
21.934640 -7.5900035 0.0050510 5.6975932 -0.0006194 -0.0208345 -0.0090603 0.9997417
22.038660 -7.5941701 0.0033019 5.7776880 -0.0045195 -0.0214185 -0.0083980 0.9997251
22.142620 -7.5980687 0.0021448 5.8565569 -0.0033923 -0.0226443 -0.0072584 0.9997115
22.350390 -7.6061683 -0.0001377 6.0131736 -0.0010202 -0.0249416 -0.0042057 0.9996796
22.454390 -7.6112189 -0.0017554 6.0902429 0.0001436 -0.0262672 -0.0052852 0.9996410
22.558370 -7.6165748 -0.0033855 6.1670575 0.0018502 -0.0278279 -0.0062757 0.9995913
22.662270 -7.6216931 -0.0050299 6.2435570 0.0035409 -0.0299434 -0.0066066 0.9995235
22.766140 -7.6272554 -0.0071391 6.3196106 0.0055084 -0.0314901 -0.0076590 0.9994596
22.870160 -7.6338892 -0.0092481 6.3956060 0.0055585 -0.0329894 -0.0098451 0.9993917
22.974020 -7.6401310 -0.0107434 6.4713879 0.0048614 -0.0348318 -0.0116728 0.9993132
23.078010 -7.6468668 -0.0126598 6.5469842 0.0019409 -0.0367261 -0.0129652 0.9992394
23.181990 -7.6535168 -0.0144895 6.6222115 -0.0008721 -0.0388577 -0.0130762 0.9991588
23.285910 -7.6600180 -0.0157045 6.6966615 -0.0026956 -0.0414301 -0.0125865 0.9990585
23.389770 -7.6678391 -0.0166861 6.7707515 -0.0032517 -0.0446170 -0.0122306 0.9989240
23.597640 -7.6834736 -0.0180048 6.9170671 -0.0047564 -0.0508862 -0.0118013 0.9986234
23.701510 -7.6929994 -0.0186998 6.9899254 -0.0041675 -0.0538631 -0.0143850 0.9984360
23.805540 -7.7023401 -0.0194086 7.0617948 -0.0022069 -0.0568132 -0.0154839 0.9982623
24.013390 -7.7215872 -0.0211080 7.2040143 -0.0000590 -0.0625035 -0.0157043 0.9979212
24.221270 -7.7429152 -0.0220884 7.3457451 -0.0044877 -0.0679313 -0.0168322 0.9975379
24.429140 -7.7638230 -0.0245112 7.4839969 -0.0038351 -0.0749318 -0.0152850 0.9970641
24.636890 -7.7876773 -0.0258606 7.6207299 0.0004992 -0.0837950 -0.0136916 0.9963889
24.844640 -7.8142228 -0.0272221 7.7566218 -0.0039329 -0.0950185 -0.0125044 0.9953892
25.052390 -7.8456931 -0.0285753 7.8920002 -0.0096201 -0.1066537 -0.0128893 0.9941661
25.260140 -7.8791556 -0.0289977 8.0218773 -0.0022497 -0.1185340 -0.0155421 0.9928258
25.467890 -7.9145713 -0.0284571 8.1532555 -0.0020784 -0.1312423 -0.0138609 0.9912512
25.675640 -7.9553142 -0.0296264 8.2848215 -0.0085649 -0.1431579 -0.0133924 0.9895722
25.779520 -7.9761686 -0.0298285 8.3496780 -0.0078038 -0.1497149 -0.0122279 0.9886228
25.987390 -8.0197897 -0.0302579 8.4779520 -0.0022895 -0.1603418 -0.0101959 0.9870062
26.195270 -8.0663090 -0.0312495 8.6062927 0.0014872 -0.1681079 -0.0087825 0.9857284
26.403140 -8.1153784 -0.0334239 8.7348576 0.0008634 -0.1764125 -0.0114009 0.9842499
26.611020 -8.1655846 -0.0337863 8.8640308 -0.0064539 -0.1842792 -0.0110401 0.9827908
26.818890 -8.2198458 -0.0344888 8.9916277 -0.0069263 -0.1906333 -0.0192896 0.9814473
27.026890 -8.2728157 -0.0345151 9.1182489 0.0000716 -0.1963028 -0.0152933 0.9804240
27.130890 -8.3007479 -0.0349228 9.1821804 0.0004177 -0.1982673 -0.0156698 0.9800226
27.338640 -8.3581133 -0.0360099 9.3108501 -0.0037212 -0.2036514 -0.0191033 0.9788500
27.442660 -8.3868303 -0.0366163 9.3748121 -0.0029895 -0.2063420 -0.0173479 0.9783216
27.546520 -8.4162102 -0.0372258 9.4376936 0.0002430 -0.2088640 -0.0172888 0.9777918
27.754390 -8.4752436 -0.0381917 9.5636292 0.0043796 -0.2140148 -0.0172977 0.9766674
27.858410 -8.5054874 -0.0394358 9.6271143 0.0024015 -0.2162253 -0.0184717 0.9761658
28.066150 -8.5668554 -0.0414358 9.7528505 0.0012200 -0.2209537 -0.0195213 0.9750881
28.170020 -8.5972137 -0.0421282 9.8146667 0.0015621 -0.2234604 -0.0185523 0.9745352
28.274040 -8.6282387 -0.0431826 9.8764830 0.0016131 -0.2256696 -0.0176276 0.9740431
28.377890 -8.6594334 -0.0441293 9.9375200 0.0013028 -0.2278587 -0.0173260 0.9735392
28.481890 -8.6907206 -0.0448011 9.9983568 0.0012580 -0.2302263 -0.0180252 0.9729694
28.585770 -8.7219696 -0.0458674 10.0586195 0.0012373 -0.2325900 -0.0181836 0.9724041
28.689660 -8.7532473 -0.0469493 10.1182652 0.0030876 -0.2349797 -0.0172686 0.9718419
28.793670 -8.7842093 -0.0483388 10.1775951 0.0050146 -0.2374610 -0.0159812 0.9712526
28.897520 -8.8158674 -0.0493018 10.2360868 0.0063127 -0.2395491 -0.0155596 0.9707390
29.001520 -8.8473721 -0.0505014 10.2941408 0.0044261 -0.2413798 -0.0160181 0.9702884
29.105390 -8.8788328 -0.0512303 10.3526878 0.0002466 -0.2432891 -0.0168670 0.9698071
29.209390 -8.9096813 -0.0525243 10.4099789 -0.0048223 -0.2447907 -0.0165446 0.9694228
29.313270 -8.9401846 -0.0531729 10.4663029 -0.0075464 -0.2464534 -0.0155377 0.9690007
29.417270 -8.9705915 -0.0529800 10.5210867 -0.0075435 -0.2479398 -0.0136855 0.9686494
29.625020 -9.0294800 -0.0539170 10.6260300 -0.0047093 -0.2513173 -0.0125971 0.9678113
29.832900 -9.0862083 -0.0540782 10.7256880 -0.0040998 -0.2540337 -0.0111754 0.9671221
30.040770 -9.1404629 -0.0551580 10.8183470 -0.0054686 -0.2563280 -0.0111140 0.9665105
30.248520 -9.1906157 -0.0555651 10.9046736 -0.0062486 -0.2588260 -0.0089621 0.9658622
30.456270 -9.2376690 -0.0554024 10.9819794 -0.0035361 -0.2608900 -0.0091989 0.9653182
30.664040 -9.2801275 -0.0542220 11.0528374 -0.0004233 -0.2643316 -0.0064254 0.9644104
31.079540 -9.3595400 -0.0567244 11.1742153 -0.0041508 -0.2754271 -0.0090364 0.9612705
31.494660 -9.4246607 -0.0570338 11.2700281 -0.0112387 -0.2925853 -0.0075816 0.9561433
31.909520 -9.4825296 -0.0578483 11.3397484 -0.0110194 -0.3268683 -0.0071529 0.9449786
32.635530 -9.5795231 -0.0569259 11.4263182 -0.0029202 -0.4036672 -0.0091375 0.9148556
32.842900 -9.6107483 -0.0569422 11.4475336 -0.0047716 -0.4302771 -0.0120874 0.9026033
33.154020 -9.6602011 -0.0558088 11.4747992 -0.0062494 -0.4708189 -0.0169874 0.8820441
33.983650 -9.8194447 -0.0549178 11.5252714 -0.0035670 -0.5963324 -0.0180094 0.8025277
34.709660 -10.0375566 -0.0487651 11.5258207 -0.0101339 -0.7304146 -0.0153049 0.6827573
34.813400 -10.0745220 -0.0476899 11.5220633 -0.0116810 -0.7485223 -0.0150233 0.6628365
34.917150 -10.1141548 -0.0465250 11.5191851 -0.0128261 -0.7657859 -0.0150746 0.6427909
35.021020 -10.1534815 -0.0448590 11.5114603 -0.0141377 -0.7819831 -0.0143973 0.6229729
35.436400 -10.3153896 -0.0392886 11.4469948 -0.0212320 -0.8382332 -0.0096363 0.5448133
35.540420 -10.3583908 -0.0378781 11.4249334 -0.0221271 -0.8496526 -0.0090969 0.5267999
35.852770 -10.4932709 -0.0330975 11.3405657 0.0213049 0.8743088 0.0090033 -0.4848187
36.374170 -10.7440586 -0.0247715 11.1594734 0.0217266 0.8908012 0.0096034 -0.4537719
36.478420 -10.7992306 -0.0232786 11.1161728 0.0215598 0.8938627 0.0102102 -0.4477057
36.582670 -10.8542547 -0.0209052 11.0728979 0.0214556 0.8953820 0.0103613 -0.4446609
36.999490 -11.0886784 -0.0131857 10.8895531 0.0229654 0.8984380 0.0105920 -0.4383714
37.103550 -11.1495924 -0.0109428 10.8415546 0.0227989 0.8983412 0.0102151 -0.4385874
37.311780 -11.2754860 -0.0064955 10.7430315 0.0229533 0.8988788 0.0090616 -0.4375020
37.520030 -11.4074268 -0.0020019 10.6380062 0.0231621 0.8993475 0.0109163 -0.4364842
37.728150 -11.5419378 0.0022692 10.5292540 0.0235892 0.9002107 0.0120282 -0.4346488
37.832280 -11.6105146 0.0046317 10.4745140 0.0231615 0.9004442 0.0110528 -0.4342138
37.936280 -11.6799612 0.0071816 10.4184341 0.0233540 0.9005976 0.0102858 -0.4339041
38.040280 -11.7508774 0.0096411 10.3616743 0.0244216 0.9009942 0.0096255 -0.4330362
38.248280 -11.8950071 0.0141126 10.2466402 0.0247007 0.9014575 0.0077287 -0.4320931
38.352280 -11.9676542 0.0157026 10.1875963 0.0236509 0.9018185 0.0059899 -0.4314258
38.456150 -12.0409880 0.0175604 10.1274357 0.0221175 0.9021112 0.0047479 -0.4309102
38.664150 -12.1905470 0.0208641 10.0055265 0.0205561 0.9023613 0.0060335 -0.4304477
38.768150 -12.2655907 0.0226248 9.9436369 0.0209339 0.9023010 0.0074114 -0.4305344
38.872030 -12.3407717 0.0240618 9.8818750 0.0219320 0.9023210 0.0084202 -0.4304241
39.079900 -12.4920750 0.0276387 9.7592812 0.0232590 0.9024807 0.0092454 -0.4300024
39.287780 -12.6427593 0.0310871 9.6359053 0.0229070 0.9024547 0.0099628 -0.4300598
39.495830 -12.7955122 0.0352144 9.5132160 0.0231773 0.9026839 0.0112048 -0.4295335
39.599580 -12.8709717 0.0372339 9.4522610 0.0236214 0.9027261 0.0116423 -0.4294091
39.807870 -13.0226727 0.0415063 9.3294926 0.0239882 0.9031246 0.0108564 -0.4285705
39.911280 -13.0981760 0.0439474 9.2690706 0.0239966 0.9034662 0.0103593 -0.4278617
40.015280 -13.1731462 0.0458988 9.2073946 0.0244565 0.9036930 0.0104061 -0.4273553
40.326930 -13.3981934 0.0518680 9.0233374 0.0230638 0.9043924 0.0099459 -0.4259620
40.430770 -13.4727621 0.0535764 8.9621611 0.0228451 0.9044508 0.0101569 -0.4258447
40.534990 -13.5472622 0.0554078 8.9005127 0.0212782 0.9045564 0.0110894 -0.4256783
40.638670 -13.6216908 0.0571351 8.8385572 0.0207609 0.9042881 0.0113207 -0.4262675
40.742540 -13.6963644 0.0593589 8.7780066 0.0201097 0.9041275 0.0109040 -0.4266499
40.846410 -13.7702332 0.0610886 8.7172737 0.0191089 0.9038059 0.0105988 -0.4273844
41.054600 -13.9205637 0.0646504 8.5951614 0.0205890 0.9031602 0.0111693 -0.4286641
41.158230 -13.9958324 0.0669933 8.5348215 0.0229302 0.9027912 0.0128025 -0.4292765
41.262460 -14.0719280 0.0694151 8.4745312 0.0255292 0.9026154 0.0153184 -0.4294171
41.365930 -14.1470356 0.0719937 8.4145784 0.0262357 0.9025361 0.0160060 -0.4295162
41.469820 -14.2210445 0.0748412 8.3544445 0.0252495 0.9025196 0.0140449 -0.4296783
41.573580 -14.2953959 0.0776314 8.2947617 0.0242680 0.9026741 0.0118882 -0.4294754
41.677410 -14.3700361 0.0801801 8.2355843 0.0244806 0.9027296 0.0117553 -0.4293504
41.781210 -14.4442854 0.0823796 8.1753159 0.0249959 0.9027671 0.0135051 -0.4291904
41.885060 -14.5178890 0.0853014 8.1151581 0.0256379 0.9027841 0.0137926 -0.4291075
42.092740 -14.6647501 0.0901026 7.9964433 0.0255403 0.9031937 0.0120387 -0.4283035
42.196450 -14.7375469 0.0923170 7.9368644 0.0257287 0.9034122 0.0128245 -0.4278084
42.300170 -14.8104219 0.0952720 7.8771415 0.0266177 0.9035128 0.0144252 -0.4274904
42.404080 -14.8830824 0.0977827 7.8189521 0.0278682 0.9037648 0.0156343 -0.4268349
42.611550 -15.0276680 0.1036131 7.7019405 0.0286964 0.9041733 0.0148227 -0.4259431
42.715290 -15.0991039 0.1070285 7.6438956 0.0281147 0.9044314 0.0138959 -0.4254648
42.922920 -15.2412214 0.1124016 7.5269003 0.0259653 0.9043790 0.0140152 -0.4257089
43.130550 -15.3824453 0.1178115 7.4114256 0.0244398 0.9042670 0.0144450 -0.4260226
43.234430 -15.4526072 0.1207707 7.3545089 0.0239073 0.9041987 0.0149068 -0.4261818
43.442050 -15.5934076 0.1254346 7.2421908 0.0238108 0.9041628 0.0144873 -0.4262778
43.545910 -15.6613274 0.1275937 7.1855655 0.0232752 0.9039836 0.0140894 -0.4267006
43.649770 -15.7313614 0.1302438 7.1304131 0.0236180 0.9040577 0.0138098 -0.4265339
43.753650 -15.8008728 0.1326145 7.0750198 0.0255176 0.9039221 0.0137754 -0.4267130
43.857500 -15.8697281 0.1349498 7.0196538 0.0258627 0.9039096 0.0137210 -0.4267203
43.961280 -15.9375219 0.1370652 6.9646239 0.0253224 0.9038991 0.0126195 -0.4268089
44.065190 -16.0055065 0.1390257 6.9106135 0.0251077 0.9038817 0.0106764 -0.4269115
44.169050 -16.0723743 0.1410439 6.8564157 0.0248863 0.9037164 0.0096913 -0.4272977
44.272790 -16.1382580 0.1427545 6.8021922 0.0238459 0.9035755 0.0107521 -0.4276297
44.376660 -16.2043667 0.1444957 6.7488928 0.0235916 0.9035594 0.0114452 -0.4276598
44.480540 -16.2683659 0.1458070 6.6962223 0.0235736 0.9035739 0.0114985 -0.4276287
44.584310 -16.3318253 0.1476175 6.6449232 0.0235784 0.9036794 0.0109596 -0.4274196
44.688220 -16.3951359 0.1491259 6.5940132 0.0236132 0.9036817 0.0109419 -0.4274133
44.792180 -16.4562874 0.1504147 6.5440502 0.0234484 0.9037374 0.0110597 -0.4273014
44.895870 -16.5176563 0.1517956 6.4947200 0.0228044 0.9038221 0.0114519 -0.4271469
44.999710 -16.5763779 0.1533048 6.4461513 0.0226580 0.9038668 0.0113714 -0.4270623
45.207330 -16.6936893 0.1561888 6.3505077 0.0235829 0.9040308 0.0124672 -0.4266342
45.415240 -16.8068981 0.1592878 6.2576628 0.0249960 0.9041020 0.0140446 -0.4263538
45.622980 -16.9155788 0.1627681 6.1692967 0.0272614 0.9043241 0.0141758 -0.4257392
45.831090 -17.0203972 0.1664141 6.0841188 0.0276471 0.9048123 0.0142030 -0.4246747
46.038180 -17.1230907 0.1699217 6.0016832 0.0288727 0.9058746 0.0127241 -0.4223691
46.142050 -17.1691284 0.1713166 5.9611340 0.0300034 0.9067516 0.0115220 -0.4204386
46.349680 -17.2607193 0.1747273 5.8815889 0.0324291 0.9102983 0.0098540 -0.4125631
46.557220 -17.3484097 0.1779927 5.8024178 0.0346398 0.9156070 0.0090024 -0.4004784
46.971930 -17.5017147 0.1820868 5.6443825 0.0400635 0.9319050 0.0071061 -0.3604131
47.386540 -17.6188660 0.1856724 5.4804792 0.0356047 0.9539123 0.0108083 -0.2977698
47.801160 -17.6943130 0.1870368 5.3148074 0.0242787 0.9770682 0.0126612 -0.2111583
48.008600 -17.7202034 0.1877227 5.2296777 0.0166816 0.9861171 0.0107229 -0.1648630
48.112290 -17.7306728 0.1877578 5.1869330 0.0160362 0.9900255 0.0099584 -0.1396177
48.734910 -17.7469158 0.1898857 4.9344692 0.0072687 0.9998224 0.0171367 0.0029345
48.838780 -17.7428570 0.1899651 4.8930392 0.0117738 0.9993666 0.0164668 0.0292668
49.046410 -17.7286091 0.1892380 4.8168044 0.0143005 0.9973044 0.0151806 0.0703494
49.461780 -17.6800270 0.1914424 4.6806588 0.0187678 0.9898490 0.0138996 0.1401911
49.565780 -17.6633224 0.1909448 4.6487503 0.0164866 0.9877255 0.0150325 0.1545981
49.669780 -17.6455727 0.1905230 4.6152549 0.0147651 0.9850878 0.0172899 0.1705436
49.878030 -17.6192131 0.1937345 4.4982362 0.0193161 0.9648072 0.0175744 0.2616585
50.190690 -17.5133076 0.1955150 4.3548756 0.0189085 0.9481332 0.0153406 0.3169393
50.295050 -17.4868774 0.1946823 4.3370361 0.0174556 0.9511991 0.0166445 0.3076337
50.399300 -17.4584751 0.1911071 4.3482175 0.0149958 0.9651009 0.0195952 0.2607133
50.503680 -17.4063015 0.1961768 4.2351480 0.0186079 0.9268705 0.0102537 0.3747795
50.608030 -17.3827934 0.1937879 4.2362547 0.0151359 0.9468912 0.0147804 0.3208574
50.816730 -17.3163185 0.1942969 4.1548891 0.0163734 0.9451103 0.0147598 0.3260070
50.920920 -17.2874928 0.1943762 4.1191206 0.0186803 0.9475176 0.0137810 0.3188596
51.025280 -17.2500858 0.1942336 4.0746145 0.0172967 0.9461322 0.0140984 0.3230106
51.233800 -17.1780338 0.1944325 3.9964480 0.0138023 0.9507459 0.0122324 0.3094223
51.338030 -17.1214447 0.1978629 3.9056799 0.0187606 0.9403970 0.0035277 0.3395426
51.442160 -17.0844021 0.1978913 3.8581021 0.0218067 0.9433007 0.0025449 0.3312126
51.858780 -16.9259548 0.1955506 3.6868773 0.0174939 0.9403729 0.0057245 0.3396469
51.962780 -16.8821945 0.1952547 3.6332846 0.0187189 0.9403865 0.0060141 0.3395389
52.066910 -16.8365059 0.1947256 3.5786684 0.0172843 0.9405090 0.0068033 0.3392608
52.275030 -16.7416458 0.1933555 3.4667714 0.0121755 0.9405772 0.0071089 0.3392870
52.483160 -16.6432533 0.1930138 3.3473983 0.0107496 0.9404482 0.0091111 0.3396448
52.587160 -16.5922489 0.1932495 3.2859607 0.0105580 0.9405159 0.0112162 0.3394004
52.795150 -16.4861622 0.1929304 3.1614513 0.0074586 0.9404217 0.0098820 0.3397849
53.003160 -16.3795185 0.1939293 3.0311658 0.0097613 0.9400925 0.0095184 0.3406467
53.211180 -16.2684059 0.1941510 2.8972001 0.0108029 0.9401220 0.0141137 0.3403744
53.419160 -16.1545029 0.1948893 2.7603006 0.0135229 0.9400142 0.0127508 0.3406287
53.627040 -16.0394154 0.1950506 2.6210365 0.0166446 0.9400024 0.0103909 0.3406032
53.835050 -15.9203520 0.1940662 2.4789183 0.0157067 0.9402554 0.0108809 0.3399334
54.042910 -15.8022490 0.1938612 2.3350933 0.0150438 0.9403275 0.0139423 0.3396519
54.250800 -15.6853275 0.1936197 2.1908243 0.0205252 0.9402474 0.0173114 0.3394318
54.458660 -15.5693502 0.1948424 2.0473580 0.0222412 0.9400855 0.0227103 0.3394538
54.666410 -15.4536762 0.1965747 1.9047456 0.0239213 0.9399200 0.0252873 0.3396156
54.874290 -15.3388739 0.1975470 1.7665699 0.0257213 0.9403406 0.0172422 0.3388225
55.082040 -15.2230759 0.1970208 1.6273270 0.0263036 0.9406330 0.0173463 0.3379597
55.290780 -15.1098452 0.1967244 1.4882396 0.0253625 0.9408525 0.0190980 0.3373255
55.705670 -14.8908787 0.1964698 1.2117392 0.0219814 0.9461650 0.0182858 0.3224193
55.913810 -14.7887526 0.1972703 1.0695189 0.0239934 0.9511324 0.0210873 0.3071266
56.017930 -14.7389975 0.1983084 0.9958701 0.0243708 0.9541153 0.0227039 0.2975811
56.226190 -14.6474628 0.2005607 0.8480201 0.0271158 0.9615283 0.0241005 0.2722999
56.434670 -14.5652714 0.2030791 0.6940333 0.0298088 0.9697495 0.0257126 0.2409069
56.538940 -14.5282202 0.2045973 0.6153861 0.0308521 0.9734018 0.0253985 0.2255924
56.747290 -14.4631891 0.2070220 0.4572235 0.0341141 0.9803619 0.0167394 0.1935109
56.955550 -14.4072275 0.2076415 0.2954685 0.0304676 0.9862764 0.0126352 0.1617745
57.059650 -14.3830576 0.2072787 0.2133937 0.0293399 0.9885579 0.0124702 0.1474344
57.163560 -14.3605881 0.2069495 0.1302325 0.0301713 0.9903497 0.0118494 0.1347468
57.475150 -14.3022137 0.2081818 -0.1258766 0.0293552 0.9939786 0.0142818 0.1045987
57.682930 -14.2697573 0.2105802 -0.3019120 0.0289742 0.9957244 0.0151071 0.0864006
57.786690 -14.2557325 0.2114470 -0.3900647 0.0284812 0.9964412 0.0128795 0.0782803
57.890570 -14.2434368 0.2120657 -0.4797563 0.0301843 0.9969341 0.0114725 0.0712724
57.994890 -14.2328272 0.2135257 -0.5716454 0.0331131 0.9971622 0.0133937 0.0662697
58.305440 -14.1999254 0.2197142 -0.8532566 0.0365485 0.9972404 0.0227311 0.0604898
58.409230 -14.1876078 0.2217889 -0.9477091 0.0347885 0.9973668 0.0213015 0.0599615
58.512810 -14.1752367 0.2242897 -1.0428370 0.0320836 0.9975359 0.0188471 0.0594777
58.720450 -14.1493015 0.2279750 -1.2370635 0.0255843 0.9977620 0.0174871 0.0592503
58.824030 -14.1365976 0.2299120 -1.3362470 0.0242637 0.9977562 0.0185301 0.0595847
58.927820 -14.1241074 0.2324751 -1.4365238 0.0234152 0.9977407 0.0191656 0.0599813
59.135420 -14.0998154 0.2364917 -1.6379684 0.0221773 0.9976956 0.0187990 0.0613049
59.239170 -14.0872679 0.2385189 -1.7394679 0.0214659 0.9976971 0.0178146 0.0618249
59.343070 -14.0742884 0.2401052 -1.8412403 0.0204559 0.9977138 0.0168043 0.0621798
59.446780 -14.0610838 0.2417755 -1.9442737 0.0186875 0.9977637 0.0162411 0.0620857
59.550680 -14.0484457 0.2435299 -2.0474496 0.0175058 0.9978245 0.0161708 0.0614675
59.654550 -14.0373917 0.2449939 -2.1522045 0.0168418 0.9978624 0.0165791 0.0609267
59.862460 -14.0149603 0.2476293 -2.3607843 0.0164466 0.9979346 0.0169790 0.0597305
59.965990 -14.0028753 0.2494968 -2.4640179 0.0162352 0.9979676 0.0177584 0.0590056
60.173450 -13.9817533 0.2529328 -2.6716380 0.0153390 0.9979867 0.0196520 0.0583178
60.277190 -13.9708452 0.2546354 -2.7731817 0.0149708 0.9980316 0.0189612 0.0578730
60.381050 -13.9607840 0.2563177 -2.8752177 0.0147502 0.9980693 0.0176344 0.0576989
60.588540 -13.9441957 0.2593600 -3.0820820 0.0138519 0.9981253 0.0170850 0.0571154
60.797000 -13.9346991 0.2625931 -3.2933757 0.0128463 0.9981853 0.0182880 0.0559163
61.003920 -13.9442873 0.2673991 -3.5242231 0.0113354 0.9982368 0.0173587 0.0556198
61.107700 -13.9452477 0.2694256 -3.6338282 0.0106613 0.9982946 0.0167599 0.0548936
61.315290 -13.9320803 0.2721276 -3.8271391 0.0098796 0.9984198 0.0182804 0.0522127
61.419200 -13.9254580 0.2737457 -3.9215155 0.0100344 0.9984561 0.0189170 0.0512521
61.522950 -13.9172411 0.2752500 -4.0128984 0.0101552 0.9985087 0.0190350 0.0501493
61.730990 -13.9014292 0.2783088 -4.1975150 0.0106947 0.9986174 0.0183177 0.0480982
61.834510 -13.8931150 0.2797848 -4.2888999 0.0101943 0.9986559 0.0183020 0.0474073
61.938390 -13.8847876 0.2813608 -4.3797903 0.0094729 0.9986898 0.0185738 0.0467329
62.042070 -13.8766699 0.2827265 -4.4702640 0.0093414 0.9987233 0.0178617 0.0463195
62.145930 -13.8690739 0.2840366 -4.5594983 0.0092087 0.9987642 0.0156468 0.0462664
62.249910 -13.8602600 0.2853686 -4.6483841 0.0088488 0.9987965 0.0141186 0.0461298
62.353660 -13.8528328 0.2863998 -4.7371716 0.0091072 0.9987945 0.0135176 0.0463027
62.457420 -13.8453093 0.2869325 -4.8260822 0.0095574 0.9987618 0.0141518 0.0467242
62.561290 -13.8372259 0.2875808 -4.9142532 0.0104347 0.9987263 0.0147079 0.0471230
62.665290 -13.8291245 0.2879629 -5.0027189 0.0112277 0.9986861 0.0153800 0.0475769
62.769050 -13.8207388 0.2890146 -5.0901442 0.0120257 0.9986421 0.0157341 0.0481856
62.976670 -13.8040266 0.2906702 -5.2652793 0.0116266 0.9985952 0.0162164 0.0490866
63.080660 -13.7957335 0.2916559 -5.3518500 0.0115023 0.9985784 0.0156605 0.0496352
63.184460 -13.7877359 0.2925731 -5.4384403 0.0127652 0.9985238 0.0151241 0.0505819
63.288240 -13.7792883 0.2931413 -5.5239668 0.0132199 0.9984488 0.0146053 0.0520758
63.392070 -13.7706547 0.2938237 -5.6100402 0.0126252 0.9983894 0.0143968 0.0534036
63.495820 -13.7614555 0.2942736 -5.6946216 0.0127548 0.9983293 0.0136664 0.0546732
63.599720 -13.7531490 0.2951966 -5.7796292 0.0128160 0.9982762 0.0132195 0.0557283
63.703640 -13.7432995 0.2958505 -5.8624063 0.0124841 0.9982472 0.0134339 0.0562691
63.807440 -13.7342463 0.2964043 -5.9458518 0.0115757 0.9982344 0.0143913 0.0564530
64.015770 -13.7155466 0.2974589 -6.1067944 0.0108084 0.9982663 0.0158989 0.0556299
64.119460 -13.7064915 0.2981216 -6.1859374 0.0102448 0.9983096 0.0159670 0.0549378
64.223410 -13.6976213 0.2987994 -6.2638264 0.0094271 0.9983786 0.0158931 0.0538386
64.327430 -13.6895208 0.2994877 -6.3404264 0.0091457 0.9984780 0.0160246 0.0519737
64.431450 -13.6822977 0.3001275 -6.4160390 0.0094807 0.9986101 0.0160573 0.0492962
64.535560 -13.6760597 0.3008792 -6.4894695 0.0096296 0.9987704 0.0160732 0.0458977
64.639590 -13.6708050 0.3017645 -6.5617599 0.0106199 0.9989302 0.0162638 0.0419656
64.743580 -13.6660948 0.3022065 -6.6324453 0.0119710 0.9990566 0.0171075 0.0380775
65.159520 -13.6539850 0.3047322 -6.8901048 0.0153105 0.9994500 0.0178863 0.0233517
65.263460 -13.6517401 0.3054044 -6.9477739 0.0159218 0.9995166 0.0175327 0.0201412
65.367480 -13.6500301 0.3057327 -7.0038404 0.0165863 0.9995626 0.0174390 0.0171898
66.095340 -13.6465979 0.3087420 -7.3268418 0.0214429 0.9995791 0.0192853 0.0031642
66.199080 -13.6460629 0.3090488 -7.3624420 0.0218492 0.9995619 0.0198801 0.0018531
66.303070 -13.6474409 0.3106439 -7.3959103 0.0221152 0.9995530 0.0200653 0.0014456
67.031610 -13.6453505 0.3120906 -7.5587707 0.0177703 0.9996539 0.0183094 0.0064037
75.767480 -13.6220827 0.3149386 -7.7606974 0.0133260 0.9955155 0.0148089 0.0924765
76.495070 -13.5953693 0.3150411 -7.8121767 0.0126198 0.9878762 0.0137998 0.1541129
76.909690 -13.5676947 0.3163067 -7.8676810 0.0119369 0.9789586 0.0172971 0.2029737
77.220840 -13.5387688 0.3169758 -7.9161673 0.0131653 0.9683361 0.0209643 0.2484198
78.153970 -13.3438616 0.3212342 -8.0976572 0.0173963 0.8918040 0.0137852 0.4518771
78.257840 -13.3064556 0.3213611 -8.1204281 0.0178746 0.8780205 0.0150249 0.4780530
78.673060 -13.1272497 0.3231744 -8.1994400 0.0175564 0.8262466 0.0237700 0.5625330
78.776930 -13.0750179 0.3233098 -8.2145243 0.0171224 0.8113223 0.0256242 0.5837862
78.880800 -13.0234966 0.3234418 -8.2243996 0.0172671 0.8055003 0.0269694 0.5917295
78.984860 -12.9671888 0.3240038 -8.2375822 0.0174349 0.7903472 0.0281497 0.6117638
79.192960 -12.8632965 0.3243782 -8.2380667 0.0197636 0.8026319 0.0264465 0.5955602
79.401310 -12.7223091 0.3259168 -8.2505617 0.0211557 0.7687207 0.0236784 0.6387960
79.505690 -12.6694822 0.3262489 -8.2774887 0.0199416 0.7247487 0.0255977 0.6882489
79.610070 -12.5668573 0.3268284 -8.2578058 0.0235503 0.7444037 0.0221266 0.6669475
79.714470 -12.4961424 0.3265609 -8.2551670 0.0255445 0.7502444 0.0212760 0.6603243
79.818800 -12.4068975 0.3288772 -8.2815571 0.0399953 0.7132431 0.0089423 0.6997176
79.923050 -12.3374882 0.3257464 -8.2563324 0.0300949 0.7362766 0.0194511 0.6757313
80.027420 -12.2582798 0.3256329 -8.2499857 0.0326259 0.7381073 0.0172332 0.6736736
80.131680 -12.1708879 0.3241571 -8.2463131 0.0314232 0.7312794 0.0160820 0.6811640
80.235930 -12.0561743 0.3223117 -8.2459822 0.0244219 0.6820035 0.0184633 0.7307078
80.340300 -11.9654913 0.3204909 -8.2393265 0.0228109 0.6799912 0.0167154 0.7326747
80.444550 -11.8800402 0.3194548 -8.2311316 0.0237545 0.6934729 0.0143604 0.7199478
80.548940 -11.7770052 0.3177922 -8.2245607 0.0215197 0.6790369 0.0156028 0.7336228
80.653190 -11.6972179 0.3160794 -8.2152815 0.0245186 0.7078530 0.0138416 0.7057984
80.757320 -11.5948267 0.3149515 -8.2069721 0.0239778 0.7013174 0.0144693 0.7122988
80.861430 -11.4805908 0.3128656 -8.2012177 0.0216197 0.6760529 0.0169241 0.7363414
80.965550 -11.3783646 0.3110193 -8.1925201 0.0216577 0.6743416 0.0166639 0.7379137
81.069680 -11.2745905 0.3093476 -8.1835508 0.0218447 0.6726658 0.0166117 0.7394374
81.173790 -11.1689415 0.3073600 -8.1735201 0.0213045 0.6708635 0.0163511 0.7410944
81.277810 -11.0615416 0.3058124 -8.1632013 0.0208889 0.6689692 0.0174056 0.7427927
81.381810 -10.9526730 0.3040505 -8.1535282 0.0198639 0.6670600 0.0191768 0.7444922
81.485930 -10.8429775 0.3022362 -8.1422415 0.0189788 0.6655676 0.0200372 0.7458271
81.589930 -10.7316790 0.3010831 -8.1301794 0.0194220 0.6648464 0.0200718 0.7464578
81.694050 -10.6189165 0.2997853 -8.1195154 0.0194917 0.6649044 0.0187287 0.7464392
81.798060 -10.5045948 0.2982708 -8.1081171 0.0195338 0.6654503 0.0186268 0.7459540
82.006180 -10.2751808 0.2949640 -8.0871077 0.0187945 0.6661221 0.0210799 0.7453077
82.110180 -10.1609077 0.2931633 -8.0772200 0.0186123 0.6663743 0.0219912 0.7450606
82.214180 -10.0469694 0.2915680 -8.0666628 0.0186421 0.6665665 0.0223452 0.7448773
82.318180 -9.9332314 0.2897901 -8.0568676 0.0185474 0.6669040 0.0224007 0.7445759
82.422200 -9.8196554 0.2879104 -8.0467291 0.0190166 0.6670591 0.0217335 0.7444449
82.526180 -9.7073097 0.2863301 -8.0354624 0.0198969 0.6674305 0.0209774 0.7441106
82.630180 -9.5942068 0.2841533 -8.0233946 0.0199149 0.6676965 0.0207220 0.7438786
82.734050 -9.4811001 0.2816421 -8.0106325 0.0186884 0.6681054 0.0212957 0.7435269
82.838070 -9.3678885 0.2799467 -7.9995480 0.0181589 0.6684095 0.0219875 0.7432466
82.942060 -9.2558298 0.2777167 -7.9882774 0.0182706 0.6685539 0.0212163 0.7431363
83.046050 -9.1438761 0.2755570 -7.9777350 0.0192079 0.6687651 0.0208282 0.7429337
83.149930 -9.0324583 0.2733806 -7.9664493 0.0198798 0.6690239 0.0204207 0.7426943
83.253960 -8.9204998 0.2715587 -7.9558163 0.0185697 0.6691979 0.0205640 0.7425675
83.357930 -8.8090343 0.2696658 -7.9458508 0.0170519 0.6692341 0.0215186 0.7425442
83.461930 -8.6979008 0.2681569 -7.9370341 0.0156175 0.6695299 0.0216604 0.7423049
83.565930 -8.5865965 0.2664731 -7.9271231 0.0152484 0.6697924 0.0203013 0.7421142
83.669810 -8.4767389 0.2651707 -7.9169164 0.0154689 0.6699232 0.0194255 0.7420150
83.773690 -8.3674145 0.2636096 -7.9070344 0.0155303 0.6700965 0.0189892 0.7418685
83.877560 -8.2576132 0.2617740 -7.8973451 0.0148611 0.6701801 0.0189574 0.7418075
83.981560 -8.1494007 0.2600708 -7.8865623 0.0148190 0.6703057 0.0198168 0.7416724
84.085580 -8.0414066 0.2579712 -7.8763938 0.0150865 0.6704487 0.0200249 0.7415322
84.189660 -7.9342351 0.2559187 -7.8657413 0.0166606 0.6705811 0.0202401 0.7413729
84.293370 -7.8271475 0.2538896 -7.8555770 0.0180087 0.6703706 0.0207840 0.7415167
84.397140 -7.7199340 0.2523402 -7.8449707 0.0187695 0.6699156 0.0216732 0.7418835
84.500970 -7.6129522 0.2506579 -7.8347502 0.0185822 0.6688250 0.0222881 0.7428533
84.604690 -7.5069399 0.2487634 -7.8240914 0.0183819 0.6676769 0.0227707 0.7438758
84.708560 -7.4012260 0.2470371 -7.8129120 0.0175840 0.6666128 0.0223335 0.7448620
84.812320 -7.2962818 0.2451114 -7.8010545 0.0170324 0.6655234 0.0209051 0.7458897
84.916060 -7.1914463 0.2431186 -7.7889199 0.0173433 0.6645996 0.0200658 0.7467288
85.020090 -7.0864201 0.2412752 -7.7775974 0.0172430 0.6635898 0.0198224 0.7476352
85.123720 -6.9815235 0.2392620 -7.7661858 0.0167417 0.6628627 0.0202815 0.7482790
85.227440 -6.8771944 0.2377838 -7.7545266 0.0165621 0.6623222 0.0206406 0.7487516
85.331180 -6.7735476 0.2362182 -7.7421498 0.0162691 0.6617573 0.0206139 0.7492580
85.435100 -6.6688714 0.2343903 -7.7316017 0.0157788 0.6614089 0.0209290 0.7495674
85.538870 -6.5651317 0.2328181 -7.7200136 0.0150682 0.6610954 0.0205324 0.7498695
85.642600 -6.4612460 0.2317228 -7.7086353 0.0146895 0.6612715 0.0201280 0.7497327
85.746450 -6.3579140 0.2298745 -7.6982489 0.0143458 0.6616261 0.0192712 0.7494490
85.850400 -6.2552981 0.2284962 -7.6867743 0.0144020 0.6622481 0.0190946 0.7489029
85.954220 -6.1530929 0.2269926 -7.6755996 0.0146687 0.6629475 0.0195288 0.7482674
86.058060 -6.0515342 0.2255208 -7.6651583 0.0159409 0.6636581 0.0205202 0.7475846
86.161940 -5.9494634 0.2238592 -7.6544232 0.0174553 0.6647099 0.0212356 0.7465957
86.266420 -5.8492298 0.2220312 -7.6434889 0.0189287 0.6655273 0.0218575 0.7458133
86.369740 -5.7476907 0.2205970 -7.6342411 0.0193066 0.6663394 0.0227960 0.7450500
86.473600 -5.6455159 0.2190225 -7.6248651 0.0186445 0.6673328 0.0235399 0.7441540
86.577490 -5.5447149 0.2171952 -7.6147590 0.0176682 0.6682524 0.0237085 0.7433468
86.681310 -5.4442325 0.2158776 -7.6049347 0.0173200 0.6691294 0.0233126 0.7425782
86.785510 -5.3444343 0.2145893 -7.5955424 0.0172336 0.6698400 0.0221716 0.7419742
86.992950 -5.1446967 0.2112912 -7.5776234 0.0187026 0.6714076 0.0199753 0.7405829
87.096690 -5.0438647 0.2096201 -7.5699716 0.0198729 0.6720784 0.0196269 0.7399530
87.200570 -4.9440646 0.2075345 -7.5620522 0.0200263 0.6725192 0.0195142 0.7395512
87.304430 -4.8425474 0.2056565 -7.5551720 0.0194973 0.6728383 0.0204030 0.7392511
87.408330 -4.7440515 0.2038922 -7.5468202 0.0184729 0.6728712 0.0210397 0.7392296
87.616060 -4.5415230 0.2004730 -7.5337834 0.0153312 0.6729668 0.0197595 0.7392497
87.823570 -4.3471251 0.1974447 -7.5158496 0.0128070 0.6729805 0.0166395 0.7393621
87.927320 -4.2507110 0.1958578 -7.5059991 0.0118405 0.6729587 0.0151383 0.7394303
88.135050 -4.0539393 0.1928542 -7.4910026 0.0120463 0.6727406 0.0130916 0.7396645
88.238710 -3.9572005 0.1912170 -7.4825444 0.0128523 0.6725816 0.0132843 0.7397922
88.342600 -3.8598199 0.1901005 -7.4750633 0.0123499 0.6723520 0.0161132 0.7399532
88.446330 -3.7626798 0.1886636 -7.4667797 0.0110972 0.6720964 0.0186475 0.7401456
88.550190 -3.6673794 0.1877586 -7.4576254 0.0117305 0.6717615 0.0196406 0.7404142
88.757820 -3.4773190 0.1853105 -7.4404402 0.0157033 0.6713018 0.0179477 0.7408003
88.965560 -3.2874284 0.1817803 -7.4229627 0.0161521 0.6712440 0.0171661 0.7408616
89.069450 -3.1940274 0.1797899 -7.4140391 0.0167123 0.6711445 0.0175287 0.7409308
89.277420 -3.0080328 0.1753380 -7.3963823 0.0202837 0.6711928 0.0177041 0.7407938
89.381180 -2.9152882 0.1729865 -7.3880010 0.0210348 0.6714415 0.0181186 0.7405373
89.485130 -2.8230712 0.1707571 -7.3797517 0.0210090 0.6716595 0.0196055 0.7403024
89.588990 -2.7302840 0.1690024 -7.3713651 0.0201589 0.6720145 0.0213891 0.7399544
89.692870 -2.6365073 0.1668483 -7.3634806 0.0197954 0.6725248 0.0220551 0.7394810
89.796830 -2.5461345 0.1648070 -7.3542762 0.0197252 0.6730443 0.0212237 0.7390344
89.900710 -2.4540162 0.1630142 -7.3461747 0.0195473 0.6734996 0.0199015 0.7386610
90.108700 -2.2719734 0.1594209 -7.3304429 0.0181416 0.6744210 0.0203983 0.7378422
90.212510 -2.1812503 0.1578199 -7.3227849 0.0177329 0.6748989 0.0208082 0.7374036
90.420320 -2.0017343 0.1547845 -7.3074288 0.0184088 0.6755834 0.0210652 0.7367526
90.628220 -1.8249820 0.1516060 -7.2926860 0.0169958 0.6762434 0.0207398 0.7361901
90.732220 -1.7374818 0.1501002 -7.2859459 0.0165776 0.6767433 0.0206890 0.7357416
90.940100 -1.5684654 0.1471729 -7.2731113 0.0153271 0.6774305 0.0206319 0.7351376
91.044070 -1.4871314 0.1456581 -7.2667141 0.0142691 0.6775192 0.0204904 0.7350811
91.148110 -1.4080495 0.1443701 -7.2606287 0.0145767 0.6771989 0.0209562 0.7353570
91.355930 -1.2578532 0.1417303 -7.2475386 0.0153178 0.6752310 0.0200619 0.7371744
91.667690 -1.0442855 0.1375180 -7.2263427 0.0146473 0.6703852 0.0177370 0.7416567
91.771700 -0.9763956 0.1361620 -7.2193513 0.0155941 0.6677554 0.0175417 0.7440107
91.875570 -0.9118941 0.1344527 -7.2117267 0.0169704 0.6643813 0.0176922 0.7469916
92.498710 -0.5646161 0.1239970 -7.1538453 0.0176163 0.6334006 0.0177883 0.7734190
92.706330 -0.4624965 0.1202995 -7.1297216 0.0163215 0.6190680 0.0145705 0.7850326
92.913890 -0.3690405 0.1176170 -7.1008301 0.0159649 0.6016721 0.0144349 0.7984532
93.950650 0.0168480 0.1008406 -6.8971872 0.0171194 0.4365868 0.0079025 0.8994645
94.158110 0.0778976 0.0979885 -6.8410430 0.0206765 0.4000929 0.0092675 0.9161944
94.261830 0.1017082 0.0965922 -6.8110199 0.0194510 0.3951953 0.0068815 0.9183654
94.573250 0.2010513 0.0915337 -6.7007565 0.0086317 0.2359155 0.0007729 0.9717349
94.780820 0.2377429 0.0891159 -6.6282077 0.0027435 0.2186197 0.0017786 0.9758047
95.092440 0.2733792 0.0867273 -6.5120969 -0.0017809 0.1634445 -0.0057423 0.9865342
95.404570 0.3039271 0.0850098 -6.3861017 -0.0010994 0.1035420 -0.0081242 0.9945913
95.612820 0.3164981 0.0841561 -6.2975001 -0.0008655 0.0726482 -0.0117717 0.9972878
95.821210 0.3291131 0.0828808 -6.2043428 -0.0020086 0.0514766 -0.0125508 0.9985933
95.925440 0.3347591 0.0824245 -6.1566734 -0.0017353 0.0424323 -0.0112974 0.9990340
96.029700 0.3394011 0.0818911 -6.1078606 -0.0009058 0.0352338 -0.0108653 0.9993196
96.238190 0.3457953 0.0806013 -6.0047894 -0.0002562 0.0212803 -0.0115575 0.9997067
96.342320 0.3467733 0.0800460 -5.9509106 -0.0000487 0.0145827 -0.0114926 0.9998276
96.446460 0.3480355 0.0795476 -5.8954530 -0.0000100 0.0079095 -0.0110657 0.9999075
96.654710 0.3464292 0.0783306 -5.7792883 0.0000822 -0.0053109 -0.0098366 0.9999375
96.758950 0.3440994 0.0778231 -5.7185130 0.0007201 -0.0101831 -0.0103568 0.9998943
96.863080 0.3422208 0.0771966 -5.6564002 0.0015014 -0.0142534 -0.0112613 0.9998339
96.967200 0.3399688 0.0764919 -5.5928602 0.0019992 -0.0172421 -0.0112320 0.9997863
97.383810 0.3324355 0.0730091 -5.3226609 0.0009596 -0.0231457 -0.0099564 0.9996821
97.487940 0.3293622 0.0713421 -5.2526507 -0.0005371 -0.0247861 -0.0093783 0.9996486
97.592070 0.3256729 0.0705889 -5.1819930 -0.0017208 -0.0261080 -0.0089255 0.9996178
97.800340 0.3190514 0.0691894 -5.0408969 -0.0036473 -0.0292606 -0.0077441 0.9995351
97.904320 0.3147321 0.0686662 -4.9703541 -0.0040118 -0.0307771 -0.0065869 0.9994965
98.112320 0.3077837 0.0669044 -4.8291740 -0.0041861 -0.0338941 -0.0054002 0.9994020
98.320320 0.2984577 0.0656884 -4.6877189 -0.0040208 -0.0367126 -0.0054784 0.9993027
98.424320 0.2946926 0.0649686 -4.6168952 -0.0041293 -0.0374902 -0.0058438 0.9992714
98.632320 0.2864741 0.0633832 -4.4753170 -0.0039978 -0.0380377 -0.0065812 0.9992467
98.840320 0.2781060 0.0621160 -4.3338914 -0.0044108 -0.0380800 -0.0063479 0.9992448
98.944340 0.2731391 0.0616580 -4.2631626 -0.0047552 -0.0381325 -0.0062380 0.9992419
99.048200 0.2702504 0.0611475 -4.1927290 -0.0052307 -0.0382004 -0.0063845 0.9992360
99.464100 0.2569104 0.0581531 -3.9150250 -0.0053833 -0.0370194 -0.0066414 0.9992780
99.567940 0.2548233 0.0577064 -3.8461540 -0.0051973 -0.0361863 -0.0062748 0.9993119
99.775950 0.2491506 0.0565619 -3.7104888 -0.0048032 -0.0345107 -0.0068702 0.9993691
99.879940 0.2446625 0.0559670 -3.6429639 -0.0054743 -0.0337143 -0.0054512 0.9994016
99.983820 0.2439892 0.0552427 -3.5770843 -0.0062613 -0.0330231 -0.0048659 0.9994231
100.087800 0.2397226 0.0548730 -3.5114708 -0.0075978 -0.0348029 -0.0063876 0.9993449
100.503700 0.2323769 0.0523609 -3.2642715 -0.0031766 -0.0326255 -0.0063724 0.9994423
100.607700 0.2282183 0.0513550 -3.2038231 -0.0025106 -0.0322815 -0.0077385 0.9994457
100.711600 0.2243206 0.0501233 -3.1443594 -0.0023089 -0.0300883 -0.0079338 0.9995131
100.919600 0.2210809 0.0484232 -3.0270536 -0.0014549 -0.0293649 -0.0083594 0.9995328
101.127400 0.2198729 0.0465984 -2.9113207 -0.0005030 -0.0291013 -0.0097907 0.9995284
101.231500 0.2166767 0.0456511 -2.8543196 -0.0004441 -0.0290627 -0.0102824 0.9995246
101.335400 0.2130833 0.0450289 -2.7973177 -0.0007017 -0.0292567 -0.0100159 0.9995215
101.543300 0.2072445 0.0427573 -2.6843805 -0.0012393 -0.0301557 -0.0093735 0.9995005
101.647200 0.2036131 0.0416831 -2.6286840 -0.0009943 -0.0308454 -0.0089130 0.9994839
101.855100 0.1962012 0.0399882 -2.5171704 0.0001126 -0.0325980 -0.0086909 0.9994308
102.062900 0.1876649 0.0376110 -2.4072304 -0.0000139 -0.0346368 -0.0086540 0.9993625
102.166900 0.1837233 0.0363181 -2.3533428 0.0000179 -0.0357070 -0.0082189 0.9993285
102.374800 0.1744840 0.0343184 -2.2449076 -0.0006644 -0.0378498 -0.0069201 0.9992592
102.478700 0.1382211 0.0343144 -2.1891811 -0.0012196 -0.0368414 -0.0071055 0.9992951
102.686600 0.1294958 0.0326008 -2.0833602 -0.0022365 -0.0385117 -0.0076510 0.9992263
102.894400 0.1211225 0.0316077 -1.9802361 -0.0023743 -0.0395715 -0.0076060 0.9991850
103.102400 0.1125384 0.0298636 -1.8809251 -0.0026416 -0.0392138 -0.0082969 0.9991929
103.310300 0.1045464 0.0282295 -1.7861356 -0.0023809 -0.0377063 -0.0089986 0.9992455
103.414300 0.1010253 0.0274756 -1.7399952 -0.0023480 -0.0370610 -0.0087885 0.9992716
103.518300 0.0976476 0.0265940 -1.6947289 -0.0021815 -0.0363741 -0.0087318 0.9992977
103.830300 0.0882021 0.0240676 -1.5650059 -0.0018250 -0.0345393 -0.0089201 0.9993619
104.038400 0.0823120 0.0227093 -1.4840333 -0.0020653 -0.0332862 -0.0090588 0.9994027
104.251000 0.0774542 0.0213183 -1.4086307 -0.0026615 -0.0323600 -0.0083096 0.9994382
104.558200 0.0705144 0.0196391 -1.3086199 -0.0035357 -0.0308737 -0.0097614 0.9994694
104.870200 0.0654422 0.0182522 -1.2254220 -0.0027000 -0.0297588 -0.0083077 0.9995189
105.181900 0.0610373 0.0169389 -1.1527958 -0.0010193 -0.0291042 -0.0083390 0.9995411
105.597900 0.0540171 0.0151616 -1.0592881 -0.0006498 -0.0278590 -0.0077948 0.9995813
106.117600 0.0463186 0.0129520 -0.9460280 -0.0009831 -0.0281610 -0.0066435 0.9995809
106.325500 0.0426572 0.0122312 -0.9016379 -0.0010906 -0.0318737 -0.0059510 0.9994736
106.533200 0.0378407 0.0114054 -0.8582374 -0.0008981 -0.0385756 -0.0063598 0.9992350
107.260700 0.0175945 0.0091830 -0.7098024 -0.0002794 -0.0549774 -0.0095988 0.9984414
107.989000 0.0020175 0.0076772 -0.5668470 0.0002529 -0.0493146 -0.0095032 0.9987381
108.197100 -0.0019178 0.0068795 -0.5267575 0.0002445 -0.0460939 -0.0095226 0.9988917
109.028800 -0.0133531 0.0049013 -0.3510775 0.0026250 -0.0281843 -0.0079669 0.9995676
109.132800 -0.0143579 0.0043641 -0.3248686 0.0021377 -0.0255816 -0.0070656 0.9996455
109.652600 -0.0190867 0.0021289 -0.1822471 -0.0004127 -0.0133816 -0.0052576 0.9998966
110.068200 -0.0197544 -0.0000146 -0.0552793 0.0009991 -0.0075624 -0.0019810 0.9999689
111.314000 -0.0308192 -0.0088829 0.3524282 0.0090961 -0.0397646 -0.0021228 0.9991654
111.521300 -0.0427100 -0.0110404 0.4157597 0.0029469 -0.0646317 -0.0049736 0.9978924
111.625100 -0.0504929 -0.0115505 0.4464415 0.0011003 -0.0777261 -0.0075513 0.9969456
112.040200 -0.0836153 -0.0127671 0.5652582 -0.0043748 -0.1199458 -0.0107614 0.9927124
112.561000 -0.1193847 -0.0141815 0.7088261 -0.0090109 -0.1143685 -0.0128614 0.9933143
112.665100 -0.1240411 -0.0137888 0.7328175 -0.0100111 -0.1094376 -0.0118024 0.9938732
112.769200 -0.1280524 -0.0136319 0.7535210 -0.0106057 -0.1042126 -0.0122586 0.9944229
113.809700 -0.1353582 -0.0156123 0.8089024 -0.0027842 -0.0856071 -0.0111480 0.9962627
