0.207894 -0.0000048 -0.0000010 0.0000651 -0.0000010 -0.0000320 0.0000015 1.0000000
0.623377 -0.0046072 -0.0006915 0.0367462 0.0021769 -0.0209561 -0.0003717 0.9997780
0.727122 -0.0066494 -0.0008801 0.0483585 0.0020975 -0.0291524 -0.0003873 0.9995727
2.490144 -0.1403458 -0.0062652 0.3009875 0.0025398 -0.3034369 -0.0117177 0.9527761
2.593620 -0.1571565 -0.0065629 0.3146532 0.0024540 -0.3282259 -0.0135192 0.9444993
2.697329 -0.1742308 -0.0067847 0.3287614 0.0022818 -0.3541546 -0.0132620 0.9350901
3.423126 -0.3340974 -0.0069537 0.4087819 -0.0071836 -0.5377126 -0.0068611 0.8430697
3.526893 -0.3638932 -0.0065972 0.4171994 -0.0081582 -0.5628607 -0.0070782 0.8264812
3.734395 -0.4303154 -0.0065249 0.4302558 -0.0125349 -0.6089616 -0.0067071 0.7930723
3.942122 -0.5043360 -0.0055711 0.4370737 -0.0124082 -0.6478328 -0.0073692 0.7616458
4.254380 -0.6295428 -0.0030961 0.4388554 -0.0096534 -0.6905619 -0.0071764 0.7231733
4.358512 -0.6739913 -0.0024526 0.4378694 -0.0086783 -0.7018738 -0.0061285 0.7122221
4.462646 -0.7200846 -0.0019972 0.4354238 -0.0077575 -0.7113109 -0.0056959 0.7028117
4.566885 -0.7677370 -0.0012310 0.4323317 -0.0066786 -0.7185111 -0.0051441 0.6954644
4.879959 -0.9202089 0.0000704 0.4210896 -0.0070170 -0.7319569 -0.0054098 0.6812933
4.984250 -0.9744471 0.0000709 0.4158626 -0.0069872 -0.7342044 -0.0065308 0.6788611
5.088502 -1.0299563 0.0006308 0.4109199 -0.0073180 -0.7357379 -0.0069881 0.6771908
5.401501 -1.2054360 0.0030230 0.3961279 -0.0102315 -0.7352886 -0.0076518 0.6776336
5.505749 -1.2668480 0.0038219 0.3906973 -0.0094150 -0.7346748 -0.0084326 0.6783017
5.610008 -1.3294504 0.0044947 0.3853723 -0.0079042 -0.7341169 -0.0082584 0.6789269
5.714253 -1.3937401 0.0052801 0.3801027 -0.0076730 -0.7335805 -0.0085346 0.6795057
5.922523 -1.5272230 0.0077736 0.3698768 -0.0096171 -0.7322813 -0.0109397 0.6808465
6.026772 -1.5961010 0.0085693 0.3647071 -0.0102968 -0.7316516 -0.0118475 0.6814981
6.130876 -1.6659843 0.0096874 0.3597508 -0.0094699 -0.7310429 -0.0123044 0.6821548
6.339025 -1.8096844 0.0122196 0.3491275 -0.0070872 -0.7299414 -0.0123522 0.6833614
6.443143 -1.8837045 0.0140269 0.3446575 -0.0088081 -0.7294046 -0.0120317 0.6839200
6.651280 -2.0332451 0.0162690 0.3349999 -0.0112404 -0.7285230 -0.0123142 0.6848184
6.755380 -2.1082978 0.0171763 0.3298139 -0.0095906 -0.7282258 -0.0106649 0.6851872
6.859377 -2.1835239 0.0179519 0.3253579 -0.0077886 -0.7282081 -0.0075386 0.6852704
7.067377 -2.3373125 0.0198456 0.3163656 -0.0079408 -0.7284154 -0.0045898 0.6850744
7.275272 -2.4949245 0.0212531 0.3051223 -0.0121665 -0.7282135 -0.0107484 0.6851581
7.483251 -2.6521657 0.0236531 0.2947306 -0.0129514 -0.7285390 -0.0141031 0.6847366
7.691129 -2.8076098 0.0264392 0.2843315 -0.0107099 -0.7288028 -0.0119566 0.6845355
7.899003 -2.9628754 0.0293154 0.2739921 -0.0109987 -0.7286590 -0.0141467 0.6846422
8.107005 -3.1171722 0.0317191 0.2638272 -0.0081922 -0.7285220 -0.0121203 0.6848662
8.315006 -3.2714050 0.0340410 0.2540829 -0.0066660 -0.7283382 -0.0110336 0.6850966
8.522877 -3.4265666 0.0350388 0.2440920 -0.0095403 -0.7278165 -0.0135778 0.6855711
8.730751 -3.5807233 0.0376653 0.2341814 -0.0128662 -0.7274922 -0.0164098 0.6857990
8.938756 -3.7340169 0.0411174 0.2243742 -0.0113522 -0.7272809 -0.0146982 0.6860887
9.146631 -3.8864996 0.0434556 0.2137640 -0.0072974 -0.7270120 -0.0139423 0.6864445
9.354505 -4.0386739 0.0450419 0.2043667 -0.0057847 -0.7275123 -0.0129252 0.6859485
9.562503 -4.1895518 0.0464216 0.1954222 -0.0064894 -0.7282242 -0.0082390 0.6852588
9.770380 -4.3407431 0.0472553 0.1858366 -0.0108282 -0.7294761 -0.0108195 0.6838350
9.978133 -4.4896851 0.0490249 0.1753400 -0.0122989 -0.7305161 -0.0111466 0.6826937
10.186010 -4.6363182 0.0504761 0.1631685 -0.0069819 -0.7312248 -0.0114619 0.6820045
10.290010 -4.7093272 0.0511209 0.1567067 -0.0050911 -0.7316081 -0.0125166 0.6815916
10.393880 -4.7819104 0.0514152 0.1504915 -0.0049676 -0.7318728 -0.0135874 0.6812876
10.601750 -4.9253831 0.0526550 0.1393595 -0.0049798 -0.7325715 -0.0144959 0.6805175
10.705630 -4.9960690 0.0530263 0.1337326 -0.0045941 -0.7327229 -0.0148734 0.6803490
10.913510 -5.1383271 0.0555844 0.1231696 -0.0068614 -0.7330036 -0.0153289 0.6800175
11.017510 -5.2090569 0.0563642 0.1176100 -0.0083030 -0.7330288 -0.0170351 0.6799335
11.121380 -5.2786551 0.0576287 0.1120658 -0.0089866 -0.7332004 -0.0176189 0.6797249
11.537150 -5.5482140 0.0610520 0.0893228 -0.0064074 -0.7334264 -0.0142168 0.6795900
11.849140 -5.7361302 0.0625929 0.0752163 -0.0046502 -0.7309113 -0.0145788 0.6823009
11.953260 -5.7963843 0.0629654 0.0710403 -0.0054647 -0.7288332 -0.0147839 0.6845098
12.161380 -5.9123192 0.0635580 0.0652243 -0.0064132 -0.7233792 -0.0158727 0.6902387
12.369630 -6.0217772 0.0645565 0.0622809 -0.0058479 -0.7140763 -0.0187074 0.6997934
12.578130 -6.1250429 0.0663781 0.0645825 -0.0057371 -0.6998239 -0.0198268 0.7140171
12.786780 -6.2192125 0.0673355 0.0728348 -0.0065649 -0.6798958 -0.0185995 0.7330434
12.995510 -6.3050947 0.0681878 0.0878717 -0.0076936 -0.6532211 -0.0174889 0.7569261
13.204380 -6.3864570 0.0695331 0.1093998 -0.0085454 -0.6196311 -0.0166043 0.7846710
13.935130 -6.6236801 0.0713573 0.2502757 -0.0153512 -0.4623048 0.0001832 0.8865882
14.039380 -6.6517353 0.0715637 0.2779109 -0.0182591 -0.4381770 0.0049212 0.8986898
14.143650 -6.6788993 0.0716532 0.3058663 -0.0171585 -0.4134461 0.0064281 0.9103442
14.560630 -6.7737584 0.0731404 0.4349313 -0.0007049 -0.3073915 0.0070141 0.9515570
14.769010 -6.8152194 0.0728780 0.5155633 0.0019218 -0.2509848 0.0059301 0.9679710
14.873160 -6.8348994 0.0720461 0.5598049 0.0014156 -0.2243215 0.0052999 0.9744998
15.081160 -6.8710184 0.0711131 0.6556174 0.0028853 -0.1777112 -0.0001917 0.9840785
15.185010 -6.8868933 0.0705197 0.7065357 0.0024144 -0.1586517 -0.0028505 0.9873275
15.288760 -6.9010072 0.0696485 0.7595667 0.0013392 -0.1432410 -0.0028784 0.9896827
15.599910 -6.9416766 0.0672824 0.9241555 -0.0020808 -0.1106358 -0.0029939 0.9938543
15.807320 -6.9659562 0.0663177 1.0460572 -0.0031990 -0.0961182 -0.0071766 0.9953389
15.911010 -6.9761014 0.0655219 1.1084203 -0.0033541 -0.0896906 -0.0063675 0.9959437
16.014760 -6.9871044 0.0654936 1.1760268 -0.0031368 -0.0822993 -0.0065792 0.9965810
16.222360 -7.0069323 0.0664183 1.3157704 -0.0033560 -0.0672352 -0.0082054 0.9976978
16.429890 -7.0233927 0.0646361 1.4550378 0.0005828 -0.0550950 -0.0089469 0.9984409
16.533760 -7.0304923 0.0640651 1.5266815 0.0035828 -0.0502219 -0.0082835 0.9986973
16.637520 -7.0374436 0.0635710 1.5998002 0.0036980 -0.0459712 -0.0082986 0.9989014
16.845140 -7.0511150 0.0610418 1.7488410 -0.0034873 -0.0403126 -0.0110724 0.9991197
16.948890 -7.0572572 0.0601404 1.8233289 -0.0053805 -0.0380478 -0.0112636 0.9991980
17.052630 -7.0631137 0.0595172 1.8974532 -0.0048811 -0.0363249 -0.0106185 0.9992717
17.364000 -7.0781994 0.0581038 2.1196265 -0.0067698 -0.0321876 -0.0088297 0.9994199
17.467890 -7.0827532 0.0573238 2.1939394 -0.0077726 -0.0308011 -0.0076244 0.9994662
17.571660 -7.0871773 0.0566861 2.2670825 -0.0059879 -0.0295385 -0.0072875 0.9995192
17.779390 -7.0964661 0.0550236 2.4118586 0.0014748 -0.0277900 -0.0090533 0.9995717
17.883140 -7.1006827 0.0536321 2.4842885 0.0034248 -0.0272140 -0.0097169 0.9995765
17.987010 -7.1047306 0.0520842 2.5566177 0.0025442 -0.0263022 -0.0103859 0.9995968
18.194760 -7.1138210 0.0491939 2.7032247 -0.0018952 -0.0240188 -0.0133833 0.9996201
18.402390 -7.1205883 0.0467922 2.8480947 -0.0030000 -0.0222923 -0.0107843 0.9996888
18.610130 -7.1269555 0.0450703 2.9920034 -0.0020943 -0.0212994 -0.0097706 0.9997232
18.817760 -7.1334476 0.0434645 3.1375887 -0.0014234 -0.0206363 -0.0081298 0.9997530
19.025510 -7.1409521 0.0415710 3.2839379 -0.0014996 -0.0202636 -0.0095233 0.9997482
19.233260 -7.1483793 0.0400185 3.4323640 -0.0017055 -0.0222235 -0.0081680 0.9997182
19.440890 -7.1578197 0.0386336 3.5836017 -0.0013200 -0.0252738 -0.0111525 0.9996175
19.544760 -7.1630816 0.0378025 3.6593072 0.0012116 -0.0264394 -0.0115693 0.9995827
19.752390 -7.1734347 0.0356837 3.8132641 0.0036916 -0.0285790 -0.0118006 0.9995151
19.960140 -7.1844749 0.0327620 3.9701860 0.0025556 -0.0307724 -0.0114081 0.9994581
20.167930 -7.1961088 0.0303021 4.1287141 -0.0001996 -0.0320913 -0.0106862 0.9994278
20.271890 -7.2015367 0.0293180 4.2096338 -0.0025995 -0.0326452 -0.0104459 0.9994090
20.479750 -7.2134323 0.0277818 4.3720264 -0.0036893 -0.0313125 -0.0120028 0.9994308
20.583640 -7.2191095 0.0270651 4.4537826 -0.0030934 -0.0302808 -0.0121058 0.9994633
20.687510 -7.2241001 0.0261521 4.5358782 -0.0020209 -0.0295697 -0.0111646 0.9994983
20.791530 -7.2286687 0.0252992 4.6185002 -0.0012405 -0.0286988 -0.0091445 0.9995455
20.895390 -7.2337084 0.0246216 4.7013507 -0.0010225 -0.0277741 -0.0085882 0.9995768
20.999260 -7.2380905 0.0231125 4.7840986 -0.0024750 -0.0276608 -0.0072752 0.9995878
21.103270 -7.2424998 0.0218659 4.8668437 -0.0038115 -0.0273553 -0.0057268 0.9996021
21.207140 -7.2477899 0.0213072 4.9482961 -0.0037927 -0.0268083 -0.0056730 0.9996173
21.415040 -7.2588534 0.0185750 5.1105633 0.0006233 -0.0257259 -0.0078563 0.9996380
21.519010 -7.2635570 0.0170944 5.1910558 0.0033736 -0.0252339 -0.0087802 0.9996373
21.622900 -7.2687030 0.0149110 5.2705216 0.0062419 -0.0249604 -0.0112171 0.9996060
21.830760 -7.2773552 0.0107776 5.4313874 0.0036215 -0.0244180 -0.0098985 0.9996462
22.038660 -7.2868414 0.0072893 5.5910940 -0.0047627 -0.0253776 -0.0085756 0.9996298
22.246540 -7.2956123 0.0053357 5.7473226 -0.0019392 -0.0278706 -0.0049523 0.9995974
22.454390 -7.3061404 0.0024958 5.9011264 -0.0000202 -0.0306533 -0.0053136 0.9995160
22.662270 -7.3184099 -0.0005079 6.0516591 0.0033816 -0.0345767 -0.0067219 0.9993737
22.870160 -7.3319454 -0.0045337 6.2008247 0.0054807 -0.0377453 -0.0099288 0.9992231
22.974020 -7.3393903 -0.0060607 6.2752748 0.0047798 -0.0394820 -0.0114745 0.9991429
23.181990 -7.3540525 -0.0095177 6.4216242 -0.0009104 -0.0437381 -0.0131644 0.9989559
23.389770 -7.3697438 -0.0112939 6.5652719 -0.0031591 -0.0496055 -0.0128459 0.9986812
23.597640 -7.3869843 -0.0128233 6.7077146 -0.0047599 -0.0559239 -0.0118096 0.9983538
23.805540 -7.4073353 -0.0144749 6.8490434 -0.0022083 -0.0619348 -0.0154972 0.9979575
24.013390 -7.4281993 -0.0161436 6.9871936 -0.0000885 -0.0674571 -0.0159102 0.9975953
24.117270 -7.4392171 -0.0165762 7.0567899 -0.0025207 -0.0699305 -0.0165781 0.9974109
24.325140 -7.4607172 -0.0187267 7.1930299 -0.0057522 -0.0764455 -0.0161817 0.9969258
24.533020 -7.4838042 -0.0194720 7.3267474 -0.0002316 -0.0843823 -0.0144697 0.9963284
24.740760 -7.5100784 -0.0214621 7.4608717 -0.0008731 -0.0944132 -0.0129083 0.9954490
24.948510 -7.5390596 -0.0225995 7.5938940 -0.0077681 -0.1064680 -0.0126878 0.9942048
25.156270 -7.5718660 -0.0234807 7.7227139 -0.0068581 -0.1180553 -0.0150523 0.9928693
25.364010 -7.6076283 -0.0240949 7.8489127 0.0002070 -0.1303632 -0.0144952 0.9913603
25.571790 -7.6457915 -0.0246075 7.9776917 -0.0059682 -0.1426650 -0.0134490 0.9896616
25.675640 -7.6665015 -0.0248001 8.0414877 -0.0086122 -0.1488100 -0.0129518 0.9887435
25.883390 -7.7095947 -0.0247396 8.1671038 -0.0055613 -0.1612272 -0.0112519 0.9868375
26.091270 -7.7544250 -0.0260252 8.2918100 0.0003344 -0.1699890 -0.0082346 0.9854115
26.299290 -7.8026328 -0.0272431 8.4168262 0.0020892 -0.1779554 -0.0111241 0.9839734
26.507020 -7.8520608 -0.0288756 8.5422840 -0.0024922 -0.1865369 -0.0105501 0.9823881
26.714890 -7.9049549 -0.0297375 8.6676693 -0.0092402 -0.1934622 -0.0149372 0.9809505
26.922890 -7.9606614 -0.0300397 8.7908697 -0.0032464 -0.1992089 -0.0180592 0.9797853
27.130890 -8.0147572 -0.0302762 8.9153175 0.0003861 -0.2041084 -0.0150562 0.9788324
27.338640 -8.0727558 -0.0312174 9.0406551 -0.0037313 -0.2094328 -0.0185148 0.9776406
27.442660 -8.1013947 -0.0317384 9.1028442 -0.0029049 -0.2121732 -0.0167811 0.9770837
27.546520 -8.1308441 -0.0323201 9.1644163 0.0003312 -0.2147805 -0.0167207 0.9765192
27.754390 -8.1901941 -0.0334943 9.2870741 0.0044378 -0.2199554 -0.0167327 0.9753563
27.858410 -8.2203484 -0.0346569 9.3491774 0.0024764 -0.2223061 -0.0177907 0.9748114
27.962300 -8.2509918 -0.0357951 9.4099855 0.0014512 -0.2245672 -0.0184339 0.9742832
28.170020 -8.3122816 -0.0374641 9.5312128 0.0015740 -0.2296418 -0.0178925 0.9731094
28.274040 -8.3433161 -0.0385186 9.5910597 0.0016039 -0.2318896 -0.0171651 0.9725893
28.481890 -8.4063139 -0.0401697 9.7096615 0.0012351 -0.2364190 -0.0175275 0.9714924
28.585770 -8.4378452 -0.0412337 9.7682838 0.0012137 -0.2387761 -0.0177212 0.9709122
28.689660 -8.4692659 -0.0419582 9.8260498 0.0032159 -0.2411021 -0.0169093 0.9703471
28.897520 -8.5315628 -0.0445304 9.9411421 0.0063359 -0.2459324 -0.0150566 0.9691494
29.001520 -8.5636787 -0.0453813 9.9978781 0.0045405 -0.2477361 -0.0154313 0.9686940
29.209390 -8.6263227 -0.0475068 10.1111469 -0.0046814 -0.2512316 -0.0160788 0.9677821
29.417270 -8.6869755 -0.0483256 10.2193747 -0.0074875 -0.2546450 -0.0133343 0.9669137
29.521140 -8.7168999 -0.0482211 10.2713575 -0.0056123 -0.2565261 -0.0129694 0.9664340
29.729040 -8.7748108 -0.0488596 10.3701210 -0.0040710 -0.2596694 -0.0113704 0.9656221
29.936770 -8.8301315 -0.0501325 10.4627724 -0.0047284 -0.2620408 -0.0106178 0.9649868
30.144650 -8.8820858 -0.0502854 10.5499182 -0.0057499 -0.2647381 -0.0093804 0.9642575
30.767900 -9.0176334 -0.0500014 10.7654390 -0.0011163 -0.2732089 -0.0035553 0.9619475
30.975650 -9.0567818 -0.0512175 10.8225975 -0.0024196 -0.2790338 -0.0058573 0.9602603
31.183270 -9.0932636 -0.0520257 10.8743973 -0.0071025 -0.2851295 -0.0103913 0.9584064
31.702150 -9.1688452 -0.0524081 10.9788885 -0.0123517 -0.3141214 -0.0062139 0.9492821
32.739270 -9.3073435 -0.0541360 11.1020947 -0.0044997 -0.4229863 -0.0095542 0.9060745
33.050400 -9.3555527 -0.0532890 11.1264553 -0.0069011 -0.4626373 -0.0150091 0.8863937
33.154020 -9.3720398 -0.0529822 11.1318054 -0.0066515 -0.4749769 -0.0170878 0.8798072
33.569020 -9.4389601 -0.0530948 11.1585531 -0.0061575 -0.5319292 -0.0202490 0.8465243
34.398420 -9.6278458 -0.0482444 11.1666126 -0.0025942 -0.6706722 -0.0173856 0.7415456
34.502140 -9.6619225 -0.0475214 11.1717939 -0.0055584 -0.6926943 -0.0164364 0.7210225
34.605900 -9.6920042 -0.0468494 11.1663609 -0.0074126 -0.7110870 -0.0162296 0.7028776
35.124770 -9.8335810 -0.0394506 11.1122293 -0.0134672 -0.7918810 -0.0130512 0.6103874
35.228670 -9.8792439 -0.0388212 11.1031923 -0.0156740 -0.8085473 -0.0116948 0.5881061
35.332520 -9.9586582 -0.0371467 11.1084108 -0.0193096 -0.8302447 -0.0099031 0.5569764
35.644400 -10.0803785 -0.0332482 11.0408783 -0.0220736 -0.8644395 -0.0082283 0.5021847
35.852770 -10.1661205 -0.0305938 10.9841080 0.0209823 0.8793768 0.0083676 -0.4755903
35.957050 -10.2100105 -0.0292924 10.9511576 0.0199468 0.8842276 0.0083962 -0.4665546
36.374170 -10.3726482 -0.0265366 10.8003950 0.0197469 0.8917996 0.0102118 -0.4518841
36.686900 -10.5218925 -0.0216058 10.6730852 0.0193404 0.8956549 0.0109799 -0.4441934
36.791110 -10.6149931 -0.0169317 10.6376944 0.0215093 0.9022177 0.0101399 -0.4306249
36.895150 -10.6642075 -0.0150934 10.5944767 0.0221640 0.9019625 0.0099333 -0.4311309
37.311780 -10.8961220 -0.0075549 10.4068365 0.0228638 0.9030916 0.0084338 -0.4287559
37.415890 -10.9660072 -0.0052193 10.3502684 0.0228299 0.9041832 0.0091731 -0.4264357
37.624150 -11.0906916 -0.0008950 10.2460165 0.0228344 0.9045765 0.0115926 -0.4255414
37.728150 -11.1544552 0.0008948 10.1931305 0.0231941 0.9047594 0.0114800 -0.4251361
37.832280 -11.2189226 0.0030668 10.1395426 0.0227915 0.9050044 0.0105146 -0.4246609
37.936280 -11.2842760 0.0053544 10.0847645 0.0230273 0.9051450 0.0097191 -0.4243675
38.040280 -11.3507633 0.0075042 10.0295353 0.0241224 0.9053748 0.0090917 -0.4238302
38.144280 -11.4183025 0.0094947 9.9730139 0.0250205 0.9055600 0.0083491 -0.4233975
38.248280 -11.4862461 0.0113723 9.9162045 0.0244568 0.9058998 0.0072322 -0.4227234
38.352280 -11.5544186 0.0130123 9.8585110 0.0233031 0.9061899 0.0053971 -0.4221940
38.456150 -11.6234636 0.0145091 9.8001184 0.0217868 0.9064842 0.0041894 -0.4216564
38.664150 -11.7634668 0.0171627 9.6809235 0.0203477 0.9064236 0.0054268 -0.4218445
38.768150 -11.8341427 0.0185254 9.6206341 0.0207809 0.9063701 0.0068553 -0.4219176
38.976020 -11.9773417 0.0217237 9.5001554 0.0227152 0.9064764 0.0083772 -0.4215617
39.183930 -12.1186819 0.0249378 9.3803225 0.0234519 0.9064846 0.0087208 -0.4214968
39.391750 -12.2606440 0.0268484 9.2599001 0.0231501 0.9065823 0.0100253 -0.4212743
39.599580 -12.4038372 0.0319034 9.1416197 0.0237590 0.9069486 0.0109378 -0.4204286
39.807870 -12.5467224 0.0358567 9.0236111 0.0240889 0.9075515 0.0101375 -0.4191268
40.015280 -12.6877842 0.0397325 8.9046602 0.0245058 0.9081379 0.0097139 -0.4178405
40.223030 -12.8281097 0.0435426 8.7866926 0.0239039 0.9088240 0.0093615 -0.4163891
40.430770 -12.9664831 0.0468252 8.6693525 0.0230061 0.9092115 0.0092851 -0.4155948
40.534990 -13.0348253 0.0483588 8.6085129 0.0213922 0.9091501 0.0102767 -0.4157917
40.742540 -13.1731920 0.0516748 8.4913988 0.0202891 0.9089537 0.0101027 -0.4162804
40.950400 -13.3112974 0.0550266 8.3732958 0.0196775 0.9082625 0.0097112 -0.4178250
41.054600 -13.3809443 0.0563201 8.3148088 0.0206521 0.9080697 0.0103688 -0.4181811
41.158230 -13.4505901 0.0584641 8.2558413 0.0230165 0.9077379 0.0119939 -0.4187341
41.262460 -13.5209627 0.0608298 8.1972361 0.0255360 0.9076033 0.0143875 -0.4188046
41.365930 -13.5898676 0.0628961 8.1388159 0.0261672 0.9074417 0.0151522 -0.4190887
41.469820 -13.6585207 0.0653973 8.0806055 0.0251580 0.9074714 0.0132375 -0.4191509
41.573580 -13.7270298 0.0679364 8.0222893 0.0241296 0.9075655 0.0110817 -0.4190701
41.677410 -13.7953024 0.0699917 7.9648819 0.0242453 0.9076028 0.0110440 -0.4189837
41.781210 -13.8638039 0.0721099 7.9063945 0.0246467 0.9076422 0.0127370 -0.4188269
41.885060 -13.9316502 0.0745308 7.8482265 0.0253616 0.9076850 0.0130508 -0.4186818
41.988800 -14.0000353 0.0766923 7.7912717 0.0255044 0.9079696 0.0120940 -0.4180843
42.092740 -14.0672817 0.0787499 7.7338653 0.0253213 0.9081697 0.0112557 -0.4176840
42.196450 -14.1347246 0.0809319 7.6760969 0.0254547 0.9084249 0.0119584 -0.4171010
42.300170 -14.2018967 0.0830701 7.6184878 0.0263992 0.9085460 0.0138000 -0.4167215
42.507790 -14.3356905 0.0882762 7.5044208 0.0283002 0.9089360 0.0148659 -0.4157084
42.611550 -14.4021063 0.0907400 7.4474940 0.0285102 0.9091987 0.0140230 -0.4151485
42.715290 -14.4679508 0.0934339 7.3908925 0.0282603 0.9094171 0.0131069 -0.4147169
42.922920 -14.5985241 0.0979936 7.2776713 0.0259353 0.9093443 0.0132843 -0.4150228
43.026850 -14.6632624 0.1004287 7.2215137 0.0248949 0.9092720 0.0134490 -0.4152396
43.234430 -14.7927389 0.1050318 7.1116424 0.0237178 0.9092042 0.0143340 -0.4154270
43.442050 -14.9212008 0.1092620 7.0025620 0.0234748 0.9091264 0.0138350 -0.4156280
43.545910 -14.9847908 0.1109929 6.9485292 0.0231048 0.9090343 0.0134684 -0.4158622
43.649770 -15.0494432 0.1133583 6.8955994 0.0233420 0.9091509 0.0132063 -0.4156025
43.857500 -15.1771269 0.1177340 6.7907772 0.0254902 0.9092329 0.0130901 -0.4153003
43.961280 -15.2406282 0.1198089 6.7389588 0.0248199 0.9093262 0.0120018 -0.4151695
44.169050 -15.3650551 0.1235729 6.6347408 0.0243252 0.9092064 0.0090503 -0.4155358
44.272790 -15.4256887 0.1250173 6.5828834 0.0233913 0.9091378 0.0100681 -0.4157161
44.376660 -15.4863091 0.1266740 6.5314183 0.0232417 0.9091591 0.0106348 -0.4156639
44.480540 -15.5454426 0.1277534 6.4810576 0.0232174 0.9092590 0.0107165 -0.4154447
44.584310 -15.6034994 0.1290790 6.4316311 0.0231059 0.9093330 0.0102873 -0.4152996
44.688220 -15.6606197 0.1301547 6.3829656 0.0231833 0.9093748 0.0103618 -0.4152018
44.792180 -15.7167521 0.1313492 6.3351774 0.0230143 0.9094889 0.0104008 -0.4149605
44.895870 -15.7725372 0.1325353 6.2873778 0.0224269 0.9095850 0.0107657 -0.4147725
44.999710 -15.8265934 0.1338200 6.2406068 0.0223451 0.9096206 0.0106807 -0.4147010
45.207330 -15.9340096 0.1363442 6.1490374 0.0231349 0.9098713 0.0118687 -0.4140750
45.415240 -16.0374508 0.1391400 6.0597501 0.0246402 0.9099600 0.0133566 -0.4137479
45.622980 -16.1375046 0.1422674 5.9750047 0.0269031 0.9103047 0.0135158 -0.4128424
45.831090 -16.2317963 0.1449256 5.8924594 0.0272451 0.9106902 0.0136247 -0.4119654
46.038180 -16.3242531 0.1477937 5.8125834 0.0286479 0.9116696 0.0121234 -0.4097448
46.245920 -16.4095860 0.1506487 5.7357063 0.0310362 0.9140155 0.0099875 -0.4043670
46.453430 -16.4903755 0.1533405 5.6600728 0.0333304 0.9184216 0.0089735 -0.3940943
46.764550 -16.6016159 0.1558747 5.5468168 0.0376190 0.9279990 0.0075973 -0.3706009
47.179170 -16.7250519 0.1591032 5.3934007 0.0377019 0.9471042 0.0090617 -0.3185751
47.386540 -16.7726688 0.1608476 5.3149672 0.0353814 0.9579969 0.0104763 -0.2843946
47.593870 -16.8114929 0.1616470 5.2372236 0.0336322 0.9694917 0.0120682 -0.2425060
48.008600 -16.8602371 0.1627798 5.0770707 0.0161056 0.9884520 0.0101623 -0.1503326
48.527420 -16.8425732 0.1617211 4.8994389 0.0042639 0.9990022 0.0148569 -0.0419008
48.734910 -16.7843800 0.1603403 4.8590546 0.0009771 0.9997572 0.0156181 -0.0155113
48.838780 -16.8694763 0.1642527 4.7584362 0.0115718 0.9983370 0.0157310 0.0542381
49.046410 -16.7686749 0.1584223 4.7669344 0.0057135 0.9981382 0.0124281 0.0594387
49.461780 -16.7163296 0.1480601 4.7116027 0.0050612 0.9905913 0.0102492 0.1363755
49.565780 -16.7148876 0.1477185 4.6738100 0.0065047 0.9872685 0.0115350 0.1585105
49.669780 -16.7478104 0.1639637 4.5028791 0.0145491 0.9718530 0.0130927 0.2347736
50.086410 -16.5813046 0.1204040 4.7102761 -0.0062140 0.9826034 0.0152051 0.1849888
50.190690 -16.5437107 0.1166101 4.7012177 -0.0120538 0.9821522 0.0140784 0.1871726
50.295050 -16.4976730 0.1149178 4.6877007 -0.0148488 0.9829180 0.0140593 0.1829044
50.503680 -16.5832329 0.1831320 4.1210012 0.0287980 0.9251848 0.0139623 0.3781649
50.608030 -16.5513897 0.1795577 4.1176057 0.0242587 0.9291785 0.0116386 0.3686509
50.712390 -16.5211143 0.1774896 4.0987821 0.0240169 0.9307925 0.0115475 0.3645753
50.816730 -16.4931793 0.1759014 4.0776014 0.0234019 0.9322708 0.0114730 0.3608211
50.920920 -16.4552498 0.1742687 4.0436535 0.0244077 0.9325485 0.0122793 0.3600094
51.129530 -16.3527374 0.1596590 4.0386467 0.0088216 0.9464518 0.0095143 0.3225843
51.233800 -16.4974174 0.1796896 3.6305766 0.0486900 0.8493297 0.0329219 0.5245802
51.338030 -16.2686386 0.1688445 3.8769717 0.0153809 0.9347815 0.0126153 0.3546658
51.442160 -16.3909683 0.1799766 3.5614979 0.0496571 0.8640130 0.0335786 0.4998882
51.650530 -16.1525154 0.1681217 3.7656744 0.0164707 0.9362615 0.0102728 0.3507671
51.858780 -16.0691147 0.1678953 3.6627684 0.0172462 0.9349781 0.0055018 0.3542432
52.066910 -15.9828892 0.1665599 3.5637867 0.0169867 0.9351113 0.0066889 0.3538836
52.275030 -15.8902311 0.1654942 3.4613738 0.0118989 0.9351984 0.0068627 0.3538578
52.483160 -15.7945023 0.1649877 3.3524644 0.0105317 0.9351093 0.0089428 0.3540899
52.691180 -15.6939545 0.1646420 3.2396998 0.0083728 0.9351376 0.0113723 0.3540030
52.899160 -15.5901947 0.1648725 3.1241825 0.0082732 0.9349754 0.0083775 0.3545172
53.003160 -15.5376892 0.1652746 3.0640986 0.0093817 0.9347906 0.0092551 0.3549547
53.211180 -15.4302816 0.1658790 2.9419587 0.0103642 0.9348065 0.0137737 0.3547389
53.419160 -15.3202190 0.1661989 2.8171570 0.0132049 0.9346705 0.0125805 0.3550471
53.627040 -15.2086439 0.1663464 2.6900380 0.0165182 0.9346259 0.0102864 0.3550995
53.835050 -15.0936108 0.1651030 2.5602779 0.0155475 0.9348740 0.0108752 0.3544723
54.042910 -14.9777412 0.1647745 2.4294548 0.0147079 0.9349997 0.0138656 0.3540720
54.250800 -14.8642035 0.1643816 2.2984066 0.0200836 0.9349332 0.0173274 0.3538310
54.458660 -14.7503643 0.1651628 2.1675425 0.0216312 0.9348150 0.0227178 0.3537469
54.666410 -14.6373730 0.1665889 2.0375736 0.0233761 0.9346644 0.0253703 0.3538535
54.874290 -14.5247583 0.1675256 1.9109863 0.0252795 0.9351142 0.0173760 0.3530162
55.082040 -14.4129410 0.1667947 1.7836354 0.0258701 0.9353978 0.0174688 0.3522166
55.290780 -14.3025646 0.1663614 1.6567857 0.0248708 0.9356201 0.0191753 0.3516088
55.497680 -14.1933975 0.1672319 1.5286765 0.0220391 0.9373012 0.0184233 0.3473347
55.913810 -13.9874449 0.1676975 1.2725595 0.0235958 0.9460827 0.0209863 0.3223824
56.122050 -13.8930874 0.1689139 1.1368308 0.0250217 0.9529386 0.0237201 0.3011964
56.226190 -13.8491659 0.1698132 1.0683913 0.0268053 0.9570684 0.0242934 0.2875960
56.434670 -13.7625694 0.1727667 0.9337018 0.0299125 0.9666074 0.0255977 0.2532195
56.538940 -13.7259579 0.1740038 0.8612214 0.0311503 0.9705375 0.0253367 0.2375809
56.747290 -13.6556511 0.1756580 0.7225680 0.0342166 0.9784849 0.0165585 0.2027865
56.955550 -13.5810099 0.1742388 0.5975578 0.0290534 0.9864653 0.0119298 0.1609343
57.267470 -13.4971552 0.1736989 0.3743394 0.0270893 0.9927635 0.0092681 0.1166228
57.475150 -13.4635973 0.1746588 0.1983975 0.0257231 0.9942921 0.0130349 0.1027208
57.579070 -13.4525967 0.1760920 0.1055317 0.0253643 0.9947842 0.0142254 0.0977689
57.786690 -13.4377146 0.1789757 -0.0795999 0.0269459 0.9954972 0.0125345 0.0900118
57.890570 -13.4150333 0.1795053 -0.1592435 0.0275615 0.9964173 0.0106986 0.0792360
58.098070 -13.3968763 0.1826992 -0.3397866 0.0341338 0.9964946 0.0178188 0.0742690
58.305440 -13.3584242 0.1866127 -0.5094516 0.0332556 0.9970143 0.0216403 0.0662445
58.409230 -13.3528137 0.1886782 -0.6044793 0.0329686 0.9968088 0.0208351 0.0696498
58.512810 -13.3396139 0.1910106 -0.6945928 0.0302595 0.9969524 0.0183768 0.0695161
58.720450 -13.3179588 0.1944248 -0.8826707 0.0251969 0.9968335 0.0174911 0.0733629
58.824030 -13.3024549 0.1963032 -0.9756365 0.0239605 0.9968607 0.0184959 0.0731605
58.927820 -13.2893772 0.1985668 -1.0710328 0.0231141 0.9967691 0.0192230 0.0744828
59.135420 -13.2611122 0.2026871 -1.2608707 0.0220570 0.9967040 0.0187976 0.0757716
59.239170 -13.2475004 0.2044502 -1.3570110 0.0212540 0.9966694 0.0178374 0.0766831
59.446780 -13.2176390 0.2074376 -1.5505480 0.0185784 0.9967391 0.0162142 0.0768312
59.550680 -13.2025547 0.2088726 -1.6477503 0.0173594 0.9968143 0.0161745 0.0761471
59.654550 -13.1877356 0.2099351 -1.7457371 0.0165674 0.9968839 0.0166443 0.0753064
59.862460 -13.1597834 0.2127287 -1.9448286 0.0158871 0.9970342 0.0169840 0.0733620
60.069690 -13.1394434 0.2158853 -2.1457238 0.0152545 0.9970438 0.0188574 0.0729057
60.277190 -13.1175814 0.2186767 -2.3400414 0.0139714 0.9971259 0.0190195 0.0719927
60.484800 -13.0950975 0.2220851 -2.5376525 0.0131716 0.9972391 0.0170745 0.0710575
60.692600 -13.0771875 0.2250654 -2.7376823 0.0121968 0.9973478 0.0175321 0.0695787
60.900200 -13.0623093 0.2285863 -2.9437406 0.0111563 0.9976537 0.0181749 0.0650559
61.107700 -13.0569487 0.2311935 -3.1488702 0.0090233 0.9977318 0.0170205 0.0644986
61.211580 -13.0528193 0.2327415 -3.2348731 0.0089271 0.9977679 0.0176817 0.0637724
61.315290 -13.0476055 0.2339075 -3.3334668 0.0087214 0.9977356 0.0185304 0.0640650
61.419200 -13.0404539 0.2351652 -3.4254296 0.0089221 0.9977507 0.0193535 0.0635565
61.626790 -13.0230284 0.2388009 -3.6060467 0.0097363 0.9979097 0.0191693 0.0609423
61.834510 -13.0035238 0.2419019 -3.7806435 0.0097502 0.9980248 0.0186653 0.0591877
61.938390 -12.9937372 0.2431435 -3.8657429 0.0090786 0.9980643 0.0190300 0.0585070
62.042070 -12.9841471 0.2444473 -3.9505596 0.0088250 0.9981046 0.0183010 0.0580887
62.145930 -12.9752436 0.2458294 -4.0350776 0.0086686 0.9981431 0.0159913 0.0581337
62.249910 -12.9659414 0.2469328 -4.1196795 0.0082166 0.9981644 0.0145214 0.0582183
62.353660 -12.9566708 0.2478706 -4.2027397 0.0085713 0.9981641 0.0139810 0.0583054
62.457420 -12.9471693 0.2483589 -4.2860856 0.0088859 0.9981321 0.0145857 0.0586565
62.561290 -12.9375296 0.2491134 -4.3688827 0.0099610 0.9980939 0.0151326 0.0589940
62.665290 -12.9277573 0.2496402 -4.4511847 0.0108417 0.9980491 0.0157698 0.0594285
62.769050 -12.9180241 0.2505603 -4.5337234 0.0115640 0.9980042 0.0162319 0.0599201
62.872800 -12.9082251 0.2517571 -4.6162162 0.0115546 0.9979730 0.0164597 0.0603776
62.976670 -12.8982639 0.2523000 -4.6977224 0.0110453 0.9979457 0.0166759 0.0608629
63.080660 -12.8881006 0.2532273 -4.7787399 0.0109760 0.9979338 0.0161977 0.0611990
63.184460 -12.8781252 0.2540705 -4.8589916 0.0123084 0.9978753 0.0156593 0.0620339
63.288240 -12.8676605 0.2546280 -4.9387031 0.0127773 0.9977987 0.0151863 0.0632765
63.392070 -12.8570080 0.2553848 -5.0184350 0.0122096 0.9977330 0.0148540 0.0644916
63.495820 -12.8468256 0.2558295 -5.0980268 0.0122663 0.9976583 0.0141640 0.0657789
63.599720 -12.8369265 0.2566325 -5.1773782 0.0122801 0.9975890 0.0137323 0.0669086
63.703640 -12.8260012 0.2573965 -5.2558088 0.0119422 0.9975609 0.0138651 0.0673602
63.807440 -12.8152761 0.2579852 -5.3333864 0.0111016 0.9975531 0.0148562 0.0674085
64.015770 -12.7953806 0.2591679 -5.4867620 0.0101167 0.9975862 0.0163580 0.0667223
64.223410 -12.7761459 0.2602650 -5.6343789 0.0087688 0.9977196 0.0164107 0.0648802
64.431450 -12.7595015 0.2616913 -5.7777648 0.0087284 0.9980043 0.0165391 0.0603130
64.535560 -12.7524471 0.2623661 -5.8470922 0.0087934 0.9982061 0.0165553 0.0568611
64.743580 -12.7320509 0.2632325 -5.9808011 0.0112073 0.9987618 0.0176898 0.0451259
64.847590 -12.7274933 0.2645412 -6.0447249 0.0123003 0.9989067 0.0175342 0.0415532
65.055500 -12.7176304 0.2688989 -6.1663537 0.0115815 0.9992430 0.0164839 0.0332822
65.575320 -12.7107229 0.2742417 -6.4324560 0.0144297 0.9995534 0.0147339 0.0216273
65.679310 -12.7067938 0.2730719 -6.4758682 0.0161917 0.9995698 0.0159835 0.0185056
66.095340 -12.7061634 0.2756631 -6.6343884 0.0192150 0.9995798 0.0167891 0.0137543
66.199080 -12.7087355 0.2756258 -6.6680422 0.0197675 0.9995536 0.0173029 0.0142253
66.303070 -12.6999216 0.2716729 -6.7017040 0.0209057 0.9995324 0.0205573 0.0086804
75.767480 -12.5941315 0.2794009 -7.0136123 0.0108709 0.9975623 0.0126151 0.0677655
76.079100 -12.6210909 0.2770549 -7.0437012 0.0112150 0.9942709 0.0119645 0.1056242
76.495070 -12.5547943 0.2810382 -7.0477324 0.0074751 0.9925330 0.0100137 0.1213350
77.739080 -12.2331038 0.2916752 -6.8653655 -0.0102730 0.9828667 0.0005245 0.1840304
78.257840 -12.0389910 0.2994997 -6.8258710 -0.0067914 0.9668453 -0.0019314 0.2552653
78.361560 -12.0888720 0.3065547 -6.8391995 -0.0063682 0.9536241 -0.0055190 0.3008822
78.465430 -12.0718060 0.3010810 -6.8353357 -0.0065204 0.9467590 -0.0021970 0.3218695
78.673060 -12.0598412 0.2824393 -6.7198687 -0.0077778 0.9393061 0.0031698 0.3429775
78.880800 -12.0730257 0.2698080 -6.6822801 -0.0097898 0.9225705 0.0044253 0.3856790
78.984860 -12.1088734 0.2653129 -6.6400652 -0.0072680 0.9137958 0.0040652 0.4060886
79.192960 -12.9501610 0.3229724 -7.8326468 0.0430146 0.7217463 0.0306786 0.6901383
79.401310 -11.9208097 0.3538772 -7.6256142 0.0591798 0.6988391 0.0206670 0.7125268
79.505690 -11.7099304 0.3089541 -7.6020832 0.0390073 0.6930002 0.0332735 0.7191120
79.610070 -11.6583185 0.2880517 -7.5415397 0.0258416 0.7003310 0.0334152 0.7125673
79.714470 -11.6766214 0.3035279 -7.3471584 0.0262833 0.7453505 0.0129200 0.6660292
79.818800 -11.4356775 0.8284082 -7.6880193 0.1987552 0.6112547 -0.1986846 0.7398571
79.923050 -11.2065392 0.2899661 -7.7248707 0.0201650 0.5997214 0.0540961 0.7981236
80.027420 -11.1874228 0.2900420 -7.7442989 0.0266784 0.5797111 0.0459618 0.8130872
80.131680 -11.1657925 0.3624858 -7.6716132 0.0594217 0.6072260 -0.0020526 0.7923014
80.235930 -11.0634975 0.3258730 -7.6780143 0.0452037 0.5962102 0.0193390 0.8013214
80.340300 -10.9987717 0.3204696 -7.6804461 0.0410189 0.5973577 0.0186042 0.8007091
80.444550 -11.0953093 0.2895766 -7.3324833 0.0222737 0.7087831 0.0100607 0.7050029
80.548940 -10.9453545 0.2815436 -7.4520173 0.0210358 0.6738902 0.0170546 0.7383351
80.653190 -10.8549948 0.2797925 -7.4444513 0.0208333 0.6734447 0.0180040 0.7387246
80.757320 -10.7624969 0.2787001 -7.4359021 0.0208456 0.6724272 0.0182101 0.7396456
80.861430 -10.6683874 0.2775874 -7.4269843 0.0210879 0.6709099 0.0184692 0.7410088
80.965550 -10.5733738 0.2761070 -7.4172206 0.0211879 0.6691818 0.0181699 0.7425743
81.069680 -10.4770145 0.2749971 -7.4077306 0.0213063 0.6676163 0.0179802 0.7439834
81.173790 -10.3784380 0.2732563 -7.3968763 0.0207619 0.6658698 0.0178216 0.7455660
81.277810 -10.2783155 0.2720342 -7.3866792 0.0203302 0.6641381 0.0188979 0.7470945
81.381810 -10.1780033 0.2703989 -7.3758655 0.0193169 0.6623284 0.0206923 0.7486787
81.485930 -10.0756207 0.2690493 -7.3643360 0.0184914 0.6610001 0.0215915 0.7498471
81.589930 -9.9724731 0.2678963 -7.3526921 0.0188034 0.6605092 0.0216837 0.7502692
81.694050 -9.8670807 0.2671122 -7.3402686 0.0189071 0.6607283 0.0202872 0.7501128
81.902180 -9.6514826 0.2656812 -7.3236866 0.0185000 0.6616948 0.0210906 0.7492483
82.110180 -9.4373322 0.2622227 -7.3086071 0.0180598 0.6619965 0.0236346 0.7489165
82.214180 -9.3316927 0.2607066 -7.2979641 0.0179090 0.6624665 0.0239414 0.7484946
82.318180 -9.2282810 0.2588896 -7.2897692 0.0179427 0.6625755 0.0242701 0.7483867
82.422200 -9.1221199 0.2575929 -7.2790842 0.0184428 0.6630762 0.0235502 0.7479540
82.526180 -9.0196209 0.2560124 -7.2685890 0.0192074 0.6632480 0.0228330 0.7478047
82.630180 -8.9140663 0.2544602 -7.2578006 0.0190467 0.6633816 0.0224537 0.7477018
82.734050 -8.8077831 0.2529412 -7.2456083 0.0180289 0.6639748 0.0230429 0.7471824
82.838070 -8.7027864 0.2516238 -7.2333984 0.0174764 0.6643810 0.0237028 0.7468137
82.942060 -8.5994835 0.2496154 -7.2214718 0.0175334 0.6647565 0.0230092 0.7464998
83.046050 -8.4961472 0.2476734 -7.2099242 0.0184464 0.6650971 0.0226628 0.7461849
83.149930 -8.3931570 0.2460774 -7.1996198 0.0190927 0.6652452 0.0221670 0.7460516
83.253960 -8.2902889 0.2445434 -7.1882148 0.0178385 0.6656098 0.0223734 0.7457511
83.357930 -8.1877146 0.2429340 -7.1771703 0.0162389 0.6658629 0.0233544 0.7455317
83.461930 -8.0847082 0.2417879 -7.1678963 0.0147859 0.6659603 0.0234625 0.7454715
83.565930 -7.9820218 0.2405827 -7.1574159 0.0144186 0.6662410 0.0220905 0.7452698
83.669810 -7.8798733 0.2398376 -7.1477356 0.0148073 0.6663173 0.0212942 0.7452171
83.773690 -7.7789927 0.2386495 -7.1376009 0.0147804 0.6666194 0.0208027 0.7449613
83.877560 -7.6774335 0.2372268 -7.1270370 0.0142048 0.6667480 0.0208913 0.7448549
83.981560 -7.5772362 0.2361747 -7.1170125 0.0142941 0.6667944 0.0217361 0.7447876
84.085580 -7.4778528 0.2345526 -7.1070852 0.0145561 0.6670243 0.0219037 0.7445716
84.189660 -7.3780761 0.2330103 -7.0965080 0.0161795 0.6672826 0.0221199 0.7443002
84.293370 -7.2792854 0.2313025 -7.0860505 0.0174483 0.6671520 0.0227222 0.7443705
84.397140 -7.1798778 0.2302721 -7.0757217 0.0182451 0.6665965 0.0235391 0.7448236
84.500970 -7.0806780 0.2288636 -7.0658884 0.0180267 0.6654853 0.0242098 0.7458004
84.604690 -6.9822946 0.2276069 -7.0552177 0.0178409 0.6642823 0.0245885 0.7468643
84.708560 -6.8839912 0.2262652 -7.0437765 0.0171663 0.6633363 0.0242535 0.7477313
84.812320 -6.7858200 0.2243729 -7.0328798 0.0165687 0.6623779 0.0230262 0.7486327
84.916060 -6.6880078 0.2232895 -7.0215821 0.0169128 0.6613886 0.0219197 0.7495323
85.123720 -6.4945350 0.2197173 -7.0004687 0.0161639 0.6599430 0.0222126 0.7508132
85.227440 -6.4004092 0.2184771 -6.9893394 0.0159717 0.6597199 0.0224964 0.7510049
85.331180 -6.3039260 0.2173757 -6.9778523 0.0157345 0.6592525 0.0225113 0.7514199
85.435100 -6.2077017 0.2158181 -6.9660916 0.0152824 0.6589125 0.0228347 0.7517176
85.538870 -6.1121874 0.2145723 -6.9548426 0.0145488 0.6589419 0.0224021 0.7517194
85.642600 -6.0162945 0.2136472 -6.9453168 0.0140980 0.6588588 0.0220929 0.7518100
85.746450 -5.9229989 0.2117483 -6.9370313 0.0136486 0.6589182 0.0213607 0.7517874
85.850400 -5.8251643 0.2111051 -6.9254718 0.0137471 0.6597982 0.0210278 0.7510228
85.954220 -5.7303700 0.2099999 -6.9144130 0.0141114 0.6605123 0.0215027 0.7503746
86.058060 -5.6349859 0.2089616 -6.9037962 0.0153707 0.6615213 0.0225469 0.7494298
86.161940 -5.5413561 0.2076244 -6.8938785 0.0167623 0.6623805 0.0231220 0.7486231
86.266420 -5.4486737 0.2060594 -6.8832765 0.0181691 0.6634256 0.0238541 0.7476411
86.369740 -5.3522859 0.2050966 -6.8749270 0.0185821 0.6642621 0.0247980 0.7468572
86.473600 -5.2590294 0.2038700 -6.8650098 0.0179141 0.6653126 0.0255739 0.7459117
86.577490 -5.1659193 0.2024993 -6.8555212 0.0169229 0.6661731 0.0256564 0.7451636
86.681310 -5.0726714 0.2018320 -6.8453703 0.0165789 0.6673163 0.0251510 0.7441649
86.785510 -4.9813571 0.2008089 -6.8353310 0.0165779 0.6684664 0.0240552 0.7431684
86.992950 -4.7929010 0.1982577 -6.8181429 0.0180040 0.6710051 0.0218338 0.7409125
87.096690 -4.6992326 0.1970676 -6.8130212 0.0191319 0.6712962 0.0213297 0.7406352
87.304430 -4.5170207 0.1936850 -6.7998772 0.0187694 0.6726090 0.0221624 0.7394280
87.408330 -4.4244180 0.1921111 -6.7929053 0.0175671 0.6728214 0.0226914 0.7392482
87.616060 -4.2372704 0.1900458 -6.7813158 0.0146853 0.6730651 0.0214140 0.7391273
87.823570 -4.0464525 0.1879599 -6.7721634 0.0122019 0.6733884 0.0183621 0.7389600
88.031060 -3.8586187 0.1859990 -6.7608838 0.0114506 0.6731420 0.0158169 0.7392554
88.238710 -3.6803033 0.1828663 -6.7505288 0.0120010 0.6724682 0.0146429 0.7398838
88.446330 -3.5004501 0.1806129 -6.7392979 0.0101758 0.6716847 0.0201030 0.7404944
88.550190 -3.4114187 0.1800183 -6.7317390 0.0109189 0.6714295 0.0212772 0.7406825
88.653930 -3.3231399 0.1791368 -6.7240353 0.0133090 0.6711853 0.0206861 0.7408814
88.757820 -3.2364390 0.1782363 -6.7155437 0.0149926 0.6712363 0.0197658 0.7408282
88.965560 -3.0597913 0.1758278 -6.7007422 0.0153434 0.6712098 0.0187512 0.7408713
89.069450 -2.9734304 0.1744649 -6.6926394 0.0159090 0.6711699 0.0190557 0.7408878
89.277420 -2.8020260 0.1707677 -6.6784654 0.0195045 0.6712014 0.0192362 0.7407687
89.485130 -2.6312840 0.1670704 -6.6635919 0.0201952 0.6717965 0.0211613 0.7401580
89.588990 -2.5460243 0.1656653 -6.6555467 0.0193593 0.6722270 0.0229602 0.7397357
89.692870 -2.4601989 0.1639993 -6.6481738 0.0189993 0.6727009 0.0235617 0.7392952
89.796830 -2.3767118 0.1624428 -6.6399574 0.0189739 0.6733338 0.0227473 0.7387450
90.004580 -2.2087429 0.1597691 -6.6252799 0.0182457 0.6743770 0.0212683 0.7378553
90.212510 -2.0407946 0.1570964 -6.6129084 0.0169543 0.6752468 0.0221954 0.7370629
90.316520 -1.9580667 0.1559986 -6.6064925 0.0176173 0.6756752 0.0225418 0.7366441
90.524330 -1.7935146 0.1531083 -6.5945883 0.0173497 0.6762964 0.0223243 0.7360868
90.628220 -1.7121075 0.1521788 -6.5886583 0.0162270 0.6765736 0.0221173 0.7358639
90.836200 -1.5556198 0.1495958 -6.5765724 0.0153747 0.6773434 0.0219641 0.7351784
90.940100 -1.4788561 0.1485315 -6.5713873 0.0145427 0.6775744 0.0221499 0.7349768
91.044070 -1.4033400 0.1474004 -6.5656786 0.0135297 0.6777950 0.0221237 0.7347934
91.148110 -1.3316225 0.1465298 -6.5600433 0.0137404 0.6775227 0.0224477 0.7350308
91.355930 -1.1945933 0.1445099 -6.5485020 0.0145207 0.6756592 0.0215864 0.7367550
91.563820 -1.0632893 0.1422017 -6.5363698 0.0132535 0.6726320 0.0198288 0.7395927
91.771700 -0.9388487 0.1404595 -6.5233188 0.0148515 0.6682672 0.0190398 0.7435294
91.875570 -0.8797958 0.1390024 -6.5164762 0.0161988 0.6649054 0.0191927 0.7465053
92.498710 -0.5805400 0.1316952 -6.4255614 0.0163821 0.6460622 0.0163552 0.7629337
92.607140 -0.5333577 0.1300756 -6.4178705 0.0158721 0.6380659 0.0150583 0.7696708
92.913890 -0.4062877 0.1257518 -6.3800297 0.0145913 0.6145278 0.0130236 0.7886527
93.121320 -0.3624492 0.1227605 -6.2996960 0.0132103 0.6145227 0.0078279 0.7887497
93.847210 -0.3713318 0.1236366 -6.0379119 0.0158964 0.5794417 -0.0086565 0.8148127
94.054400 -0.3000657 0.1223546 -6.0480332 0.0193390 0.5166875 -0.0079721 0.8559185
94.158110 -0.3893683 0.1373640 -5.9887023 0.0250593 0.5253984 -0.0134833 0.8503804
94.677090 0.2449953 0.1009167 -6.0408301 0.0093764 0.2223216 0.0092021 0.9748849
94.780820 0.5544115 0.0770271 -5.9565277 -0.0106799 0.0214492 0.0391841 0.9989447
94.988570 0.4002927 0.0871473 -5.8858933 -0.0073685 0.0809014 0.0166163 0.9965563
95.404570 0.3407288 0.0905210 -5.7325506 -0.0036133 0.0491655 0.0067229 0.9987615
95.612820 0.3039724 0.0910916 -5.6664062 -0.0023379 0.0439869 -0.0028171 0.9990254
95.821210 0.2894819 0.0906804 -5.5955148 -0.0025669 0.0357738 -0.0067401 0.9993339
95.925440 0.3102031 0.0895588 -5.5466514 -0.0029403 0.0159233 -0.0026960 0.9998652
96.029700 0.3646847 0.0842360 -5.4743438 -0.0072024 -0.0266877 0.0061431 0.9995990
96.342320 0.3452501 0.0833482 -5.3562341 -0.0049279 -0.0269214 0.0003346 0.9996253
96.446460 0.3165163 0.0865318 -5.3164287 -0.0011235 -0.0132182 -0.0043231 0.9999027
96.550570 0.2853991 0.0877839 -5.2781987 0.0006597 -0.0001604 -0.0087177 0.9999618
96.654710 0.2845657 0.0867908 -5.2257156 0.0009615 -0.0061029 -0.0086552 0.9999434
96.758950 0.2831896 0.0861153 -5.1707668 0.0015519 -0.0109332 -0.0091866 0.9998968
96.863080 0.2811737 0.0856291 -5.1136780 0.0024354 -0.0146826 -0.0101012 0.9998382
96.967200 0.3200508 0.0823886 -5.0439615 0.0014104 -0.0390081 -0.0054990 0.9992228
97.279720 0.3647937 0.0800355 -4.8430099 0.0020702 -0.0551496 -0.0034746 0.9984699
97.383810 0.3040237 0.0822664 -4.8017845 0.0026022 -0.0345290 -0.0056090 0.9993846
97.487940 0.2852633 0.0800279 -4.7423902 0.0008445 -0.0303879 -0.0065893 0.9995161
97.696240 0.2719676 0.0783454 -4.6166439 -0.0014292 -0.0304253 -0.0063152 0.9995161
97.904320 0.2608925 0.0770254 -4.4885020 -0.0026357 -0.0314408 -0.0043342 0.9994928
98.112320 0.2488786 0.0742087 -4.3628020 -0.0030437 -0.0321998 -0.0040019 0.9994688
98.216470 0.2466645 0.0731360 -4.2994170 -0.0029365 -0.0340076 -0.0039430 0.9994095
98.424320 0.2403949 0.0717270 -4.1712704 -0.0030011 -0.0360617 -0.0042812 0.9993359
98.632320 0.2327516 0.0698758 -4.0430303 -0.0028527 -0.0368668 -0.0047967 0.9993046
98.840320 0.2261466 0.0686809 -3.9149089 -0.0031198 -0.0363795 -0.0047271 0.9993220
99.048200 0.2196922 0.0671634 -3.7852314 -0.0040411 -0.0362441 -0.0044319 0.9993250
99.256070 0.2147479 0.0656810 -3.6609809 -0.0045357 -0.0358558 -0.0044142 0.9993370
99.464100 0.2160683 0.0632435 -3.5386491 -0.0043284 -0.0359534 -0.0049801 0.9993317
99.671950 0.2115273 0.0618072 -3.4153292 -0.0041358 -0.0345833 -0.0047594 0.9993820
99.775950 0.2107968 0.0607716 -3.3542905 -0.0039871 -0.0343942 -0.0049843 0.9993880
99.983820 0.2048166 0.0594474 -3.2353737 -0.0053741 -0.0325022 -0.0026841 0.9994536
100.087800 0.2003126 0.0591130 -3.1752222 -0.0065117 -0.0312332 -0.0044494 0.9994810
100.295700 0.1961695 0.0577423 -3.0619018 -0.0050157 -0.0301327 -0.0032371 0.9995281
100.503700 0.1952582 0.0563662 -2.9542372 -0.0020281 -0.0299448 -0.0046433 0.9995387
100.607700 0.1925916 0.0550676 -2.9016037 -0.0015104 -0.0295764 -0.0060027 0.9995434
100.711600 0.1911976 0.0542058 -2.8462980 -0.0012571 -0.0298220 -0.0065135 0.9995332
100.815600 0.1895622 0.0535700 -2.7921419 -0.0008674 -0.0296601 -0.0065664 0.9995381
101.023600 0.1864963 0.0519289 -2.6887887 0.0003280 -0.0299427 -0.0075821 0.9995228
101.231500 0.1831346 0.0496211 -2.5846591 0.0007288 -0.0303693 -0.0089751 0.9994982
101.439300 0.1791044 0.0471476 -2.4828382 -0.0001684 -0.0312910 -0.0081696 0.9994769
101.543300 0.1765251 0.0458293 -2.4320903 -0.0003753 -0.0320361 -0.0077263 0.9994568
101.647200 0.1728785 0.0448576 -2.3817110 -0.0000648 -0.0328949 -0.0075444 0.9994304
101.855100 0.1639673 0.0426426 -2.2840822 0.0008392 -0.0343799 -0.0072187 0.9993824
102.062900 0.1529747 0.0402017 -2.1848831 0.0006841 -0.0360757 -0.0071684 0.9993231
102.166900 0.1477159 0.0390321 -2.1359417 0.0006927 -0.0366510 -0.0066086 0.9993060
102.374800 0.1271025 0.0382768 -2.0332646 0.0004890 -0.0353203 -0.0054381 0.9993612
102.582700 0.1229800 0.0359049 -1.9359113 -0.0007546 -0.0386742 -0.0053685 0.9992372
102.790600 0.1103435 0.0346741 -1.8413595 -0.0014194 -0.0382749 -0.0060151 0.9992481
102.998500 0.1029133 0.0331025 -1.7495052 -0.0015220 -0.0389202 -0.0061290 0.9992224
103.206500 0.0953677 0.0313978 -1.6614385 -0.0015581 -0.0376770 -0.0071083 0.9992635
103.310300 0.0921612 0.0307298 -1.6186820 -0.0014191 -0.0370397 -0.0071934 0.9992869
103.726300 0.0800240 0.0273927 -1.4574236 -0.0007990 -0.0341267 -0.0071264 0.9993918
103.934300 0.0748129 0.0261282 -1.3823915 -0.0006375 -0.0330804 -0.0073584 0.9994254
104.038400 0.0720233 0.0251421 -1.3463998 -0.0010664 -0.0323858 -0.0072347 0.9994487
104.251000 0.0674820 0.0238150 -1.2782941 -0.0016305 -0.0313540 -0.0066219 0.9994851
104.455200 0.0631108 0.0227951 -1.2163992 -0.0025506 -0.0304309 -0.0077794 0.9995034
105.078600 0.0540748 0.0197293 -1.0681250 -0.0009233 -0.0284626 -0.0067544 0.9995716
105.286000 0.0517021 0.0187463 -1.0252959 0.0007557 -0.0281389 -0.0063546 0.9995835
105.494000 0.0488408 0.0178869 -0.9829783 0.0006893 -0.0276375 -0.0063577 0.9995975
106.013700 0.0416334 0.0155605 -0.8800607 -0.0000098 -0.0271909 -0.0054824 0.9996153
106.221500 0.0388608 0.0147929 -0.8399759 0.0000057 -0.0291782 -0.0043666 0.9995647
106.429300 0.0346090 0.0139736 -0.8003667 -0.0000713 -0.0343282 -0.0045618 0.9994002
107.780900 0.0038349 0.0089850 -0.5541151 0.0004731 -0.0515084 -0.0088622 0.9986331
107.989000 0.0001680 0.0086426 -0.5174352 0.0008168 -0.0488520 -0.0086143 0.9987686
108.197100 -0.0029974 0.0076548 -0.4811735 0.0007170 -0.0457612 -0.0086182 0.9989150
109.236800 -0.0146368 0.0040127 -0.2731378 0.0016401 -0.0227976 -0.0054678 0.9997238
109.652600 -0.0178945 0.0025529 -0.1674782 -0.0001409 -0.0134605 -0.0046388 0.9998986
109.860500 -0.0183830 0.0018223 -0.1107547 -0.0007519 -0.0095898 -0.0031561 0.9999487
110.276000 -0.0202501 -0.0004880 0.0122422 0.0021557 -0.0052906 -0.0041643 0.9999750
111.417700 -0.0345098 -0.0096859 0.3591066 0.0059951 -0.0510937 -0.0023643 0.9986731
111.625100 -0.0477619 -0.0112685 0.4170027 0.0009855 -0.0770371 -0.0074366 0.9970000
111.832500 -0.0628552 -0.0120211 0.4733879 -0.0017132 -0.1020280 -0.0086833 0.9947422
112.352500 -0.1025628 -0.0137532 0.6125994 -0.0074271 -0.1214126 -0.0174391 0.9924211
112.561000 -0.1134470 -0.0137472 0.6657467 -0.0090892 -0.1132599 -0.0131199 0.9934372
112.769200 -0.1216475 -0.0134038 0.7080970 -0.0107248 -0.1029793 -0.0127051 0.9945445
113.185700 -0.1274463 -0.0139947 0.7553254 -0.0089578 -0.0868414 -0.0106886 0.9961245
114.121600 -0.1282876 -0.0147564 0.7605078 -0.0038016 -0.0844393 -0.0113474 0.9963568
