0.207894 0.0001812 0.0000604 -0.0000689 -0.0001420 -0.0027245 0.0000491 0.9999962
0.519499 -0.0002210 0.0017111 0.0259531 0.0027078 -0.0180896 -0.0005106 0.9998326
0.623377 -0.0013273 0.0017381 0.0359583 0.0031848 -0.0251079 -0.0004193 0.9996796
2.904641 -0.2077336 -0.0061289 0.3502498 0.0003878 -0.4121288 -0.0084172 0.9110866
3.008248 -0.2297208 -0.0061156 0.3634221 -0.0008396 -0.4383200 -0.0076284 0.8987862
3.423126 -0.3385073 -0.0064812 0.4058954 -0.0067700 -0.5424916 -0.0071002 0.8400040
3.734395 -0.4367464 -0.0064648 0.4263038 -0.0122865 -0.6134942 -0.0071759 0.7895710
3.838251 -0.4730264 -0.0059826 0.4301373 -0.0129581 -0.6338531 -0.0066555 0.7733163
3.942122 -0.5105082 -0.0056015 0.4320709 -0.0122586 -0.6524352 -0.0077975 0.7577052
4.358512 -0.6820365 -0.0022560 0.4299090 -0.0085080 -0.7064131 -0.0064304 0.7077194
4.462646 -0.7298601 -0.0016983 0.4271159 -0.0075786 -0.7158998 -0.0060649 0.6981356
4.566885 -0.7782430 -0.0009300 0.4229846 -0.0065927 -0.7230289 -0.0054291 0.6907650
4.775500 -0.8803992 0.0010676 0.4139177 -0.0067478 -0.7332466 -0.0048312 0.6799121
4.984250 -0.9871220 0.0006453 0.4021923 -0.0067388 -0.7388440 -0.0069203 0.6738073
5.088502 -1.0434659 0.0013134 0.3963585 -0.0070983 -0.7403877 -0.0073252 0.6721027
5.192878 -1.1014196 0.0022208 0.3908201 -0.0080806 -0.7409053 -0.0067550 0.6715270
5.401501 -1.2218179 0.0036899 0.3791277 -0.0100955 -0.7401025 -0.0080217 0.6723704
5.505749 -1.2838397 0.0044879 0.3724934 -0.0092563 -0.7394595 -0.0088021 0.6730799
5.610008 -1.3469702 0.0053736 0.3664126 -0.0077293 -0.7389721 -0.0085461 0.6736374
5.714253 -1.4120723 0.0063106 0.3605001 -0.0075292 -0.7385223 -0.0087608 0.6741301
5.922523 -1.5468686 0.0088479 0.3481051 -0.0094469 -0.7372769 -0.0111442 0.6754327
6.026772 -1.6163638 0.0094897 0.3419331 -0.0101472 -0.7366471 -0.0121387 0.6760923
6.130876 -1.6878614 0.0108864 0.3357060 -0.0092861 -0.7360606 -0.0125453 0.6767357
6.339025 -1.8325379 0.0136459 0.3230552 -0.0069182 -0.7349954 -0.0124297 0.6779229
6.443143 -1.9069339 0.0152469 0.3172995 -0.0086417 -0.7344536 -0.0121905 0.6784944
6.547271 -1.9825187 0.0161774 0.3113561 -0.0101323 -0.7341124 -0.0122632 0.6788415
6.651280 -2.0608196 0.0177335 0.3045259 -0.0111068 -0.7336333 -0.0124053 0.6793415
6.859377 -2.2118578 0.0196435 0.2928942 -0.0076038 -0.7333851 -0.0075659 0.6797287
7.067377 -2.3675351 0.0213295 0.2812826 -0.0077677 -0.7336863 -0.0046421 0.6794280
7.171256 -2.4467158 0.0215542 0.2744081 -0.0101038 -0.7336210 -0.0077021 0.6794401
7.379272 -2.6093881 0.0240771 0.2605405 -0.0131761 -0.7337770 -0.0134400 0.6791296
7.483251 -2.6901710 0.0255549 0.2533817 -0.0127429 -0.7339697 -0.0141112 0.6789160
7.691129 -2.8472412 0.0283695 0.2402675 -0.0104631 -0.7342302 -0.0118814 0.6787160
7.899003 -3.0073590 0.0307638 0.2259399 -0.0107374 -0.7342178 -0.0142766 0.6786790
8.107005 -3.1639001 0.0332994 0.2132361 -0.0080212 -0.7342291 -0.0121429 0.6787458
8.315006 -3.3206038 0.0352827 0.2004499 -0.0065633 -0.7339867 -0.0111114 0.6790413
8.522877 -3.4767897 0.0363266 0.1875603 -0.0093436 -0.7334641 -0.0136583 0.6795266
8.730751 -3.6351137 0.0390372 0.1754972 -0.0125461 -0.7335770 -0.0166338 0.6792870
8.938756 -3.7916040 0.0423405 0.1621264 -0.0111075 -0.7332783 -0.0150002 0.6796724
9.146631 -3.9464598 0.0448500 0.1483966 -0.0069861 -0.7330415 -0.0141489 0.6800009
9.354505 -4.1014624 0.0463369 0.1359452 -0.0055117 -0.7334715 -0.0131886 0.6795699
9.562503 -4.2541146 0.0478120 0.1246020 -0.0062563 -0.7341906 -0.0084680 0.6788618
9.770380 -4.4082665 0.0485470 0.1119099 -0.0105838 -0.7354038 -0.0111426 0.6774549
9.978133 -4.5625057 0.0508030 0.0987604 -0.0120889 -0.7365099 -0.0115107 0.6762207
10.186010 -4.7112789 0.0519258 0.0832744 -0.0068300 -0.7373249 -0.0117010 0.6754024
10.393880 -4.8587570 0.0529197 0.0681909 -0.0047681 -0.7379018 -0.0138774 0.6747485
10.601750 -5.0051856 0.0546823 0.0537945 -0.0044760 -0.7384058 -0.0148754 0.6741777
10.809650 -5.1506138 0.0556074 0.0396658 -0.0052195 -0.7385683 -0.0155029 0.6739801
11.017510 -5.2925220 0.0579918 0.0266319 -0.0077471 -0.7386270 -0.0179607 0.6738305
11.225380 -5.4339037 0.0606325 0.0129394 -0.0086423 -0.7390146 -0.0183468 0.6733841
11.641130 -5.7005086 0.0637486 -0.0125443 -0.0049422 -0.7387751 -0.0145523 0.6737769
11.849140 -5.8269858 0.0645849 -0.0250301 -0.0041323 -0.7365289 -0.0156274 0.6762129
12.161380 -6.0045080 0.0659211 -0.0376122 -0.0058584 -0.7291072 -0.0169029 0.6841657
12.265510 -6.0611300 0.0665431 -0.0407397 -0.0056464 -0.7249508 -0.0182709 0.6885352
12.578130 -6.2201877 0.0685007 -0.0424452 -0.0050942 -0.7055218 -0.0209498 0.7083602
12.786780 -6.3154888 0.0694816 -0.0357907 -0.0058679 -0.6858121 -0.0197890 0.7274859
12.891130 -6.3607621 0.0701222 -0.0299315 -0.0063769 -0.6732621 -0.0190469 0.7391310
12.995510 -6.4031219 0.0706181 -0.0222467 -0.0068573 -0.6591703 -0.0186700 0.7517306
13.726510 -6.6644788 0.0727351 0.0873988 -0.0114558 -0.5160270 -0.0053353 0.8564791
13.935130 -6.7276411 0.0737077 0.1367137 -0.0144187 -0.4690819 -0.0010809 0.8830363
14.143650 -6.7846136 0.0738109 0.1929336 -0.0161171 -0.4209435 0.0052591 0.9069284
14.560630 -6.8858328 0.0756164 0.3219012 0.0005894 -0.3146551 0.0059417 0.9491873
14.664880 -6.9083734 0.0755154 0.3617435 0.0016228 -0.2865230 0.0061507 0.9580522
14.769010 -6.9300666 0.0754104 0.4038696 0.0033555 -0.2584765 0.0049790 0.9659989
14.977150 -6.9693470 0.0735320 0.4950820 0.0030841 -0.2080799 0.0010833 0.9781064
15.081160 -6.9872928 0.0729697 0.5434626 0.0043760 -0.1859704 -0.0012867 0.9825448
15.288760 -7.0199885 0.0713475 0.6483647 0.0029039 -0.1511478 -0.0036584 0.9885001
15.496190 -7.0490203 0.0697015 0.7615854 0.0009342 -0.1277290 -0.0031920 0.9918035
15.599910 -7.0628572 0.0689736 0.8210567 -0.0002668 -0.1184654 -0.0043292 0.9929487
15.807320 -7.0905581 0.0679523 0.9443362 -0.0012602 -0.1038124 -0.0086027 0.9945589
15.911010 -7.1027656 0.0670418 1.0083216 -0.0013949 -0.0972399 -0.0078698 0.9952289
16.118550 -7.1257915 0.0662970 1.1415485 -0.0015522 -0.0829388 -0.0081640 0.9965200
16.222360 -7.1368999 0.0658549 1.2104310 -0.0018110 -0.0756955 -0.0090348 0.9970884
16.429890 -7.1557789 0.0636373 1.3515463 0.0021752 -0.0637585 -0.0097561 0.9979153
16.637520 -7.1723399 0.0621724 1.4981365 0.0052534 -0.0549296 -0.0089553 0.9984363
16.741260 -7.1803637 0.0607186 1.5729656 0.0021308 -0.0516391 -0.0096409 0.9986170
16.845140 -7.1889501 0.0592633 1.6480888 -0.0019181 -0.0490606 -0.0116224 0.9987264
17.156420 -7.2096066 0.0566068 1.8720133 -0.0028566 -0.0438707 -0.0112406 0.9989699
17.260280 -7.2161970 0.0557209 1.9467310 -0.0040661 -0.0424108 -0.0103860 0.9990380
17.364000 -7.2220211 0.0549160 2.0212574 -0.0053248 -0.0412912 -0.0094339 0.9990884
17.571660 -7.2336779 0.0530483 2.1694992 -0.0045555 -0.0385813 -0.0079462 0.9992135
17.779390 -7.2459807 0.0512220 2.3157578 0.0030085 -0.0367805 -0.0095976 0.9992728
17.883140 -7.2512445 0.0496012 2.3893285 0.0049765 -0.0362462 -0.0100764 0.9992797
18.090880 -7.2631526 0.0463125 2.5365949 0.0022965 -0.0338751 -0.0123942 0.9993466
18.194760 -7.2687888 0.0443416 2.6107128 -0.0003054 -0.0328588 -0.0140222 0.9993616
18.298510 -7.2735014 0.0429603 2.6839280 -0.0013329 -0.0316477 -0.0127984 0.9994162
18.402390 -7.2776017 0.0415893 2.7566364 -0.0013708 -0.0311948 -0.0112407 0.9994492
18.610130 -7.2866244 0.0387947 2.9022667 -0.0006586 -0.0301631 -0.0102162 0.9994926
18.817760 -7.2961593 0.0366322 3.0499785 0.0000542 -0.0292528 -0.0085762 0.9995353
19.025510 -7.3056583 0.0337729 3.1989231 -0.0001422 -0.0289580 -0.0098600 0.9995320
19.233260 -7.3153243 0.0318448 3.3492043 -0.0002471 -0.0309336 -0.0085521 0.9994848
19.440890 -7.3276477 0.0296866 3.5024886 0.0001362 -0.0338825 -0.0115428 0.9993591
19.648510 -7.3404474 0.0272807 3.6558394 0.0043416 -0.0363055 -0.0124359 0.9992539
19.856260 -7.3535633 0.0234267 3.8122375 0.0043216 -0.0384863 -0.0119201 0.9991787
20.064010 -7.3673558 0.0196695 3.9708033 0.0030090 -0.0403965 -0.0109405 0.9991193
20.271890 -7.3807659 0.0166469 4.1323586 -0.0012390 -0.0416881 -0.0102302 0.9990775
20.479750 -7.3953905 0.0148636 4.2946877 -0.0022762 -0.0403575 -0.0117283 0.9991139
20.687510 -7.4091387 0.0118661 4.4581900 -0.0004478 -0.0385620 -0.0105317 0.9992006
20.895390 -7.4213142 0.0093333 4.6228652 0.0003602 -0.0370765 -0.0080546 0.9992799
21.103270 -7.4332829 0.0060555 4.7877259 -0.0024004 -0.0362049 -0.0053984 0.9993269
21.311120 -7.4458556 0.0038513 4.9491882 -0.0006685 -0.0353826 -0.0057206 0.9993572
21.519010 -7.4590235 -0.0000422 5.1094766 0.0049439 -0.0344463 -0.0080926 0.9993616
21.622900 -7.4657569 -0.0022683 5.1885591 0.0078639 -0.0340044 -0.0105377 0.9993352
21.830760 -7.4775496 -0.0069080 5.3481193 0.0053124 -0.0333684 -0.0090125 0.9993883
22.038660 -7.4894271 -0.0111660 5.5070629 -0.0031307 -0.0341944 -0.0080307 0.9993780
22.142620 -7.4951363 -0.0124580 5.5852299 -0.0020030 -0.0354380 -0.0069952 0.9993454
22.246540 -7.5007744 -0.0137632 5.6628566 -0.0004181 -0.0364834 -0.0045543 0.9993238
22.454390 -7.5136237 -0.0166703 5.8165808 0.0015748 -0.0391422 -0.0048969 0.9992204
22.558370 -7.5210967 -0.0185855 5.8929319 0.0032199 -0.0408220 -0.0057588 0.9991447
22.662270 -7.5280728 -0.0203022 5.9683838 0.0049755 -0.0428738 -0.0061056 0.9990494
22.766140 -7.5354037 -0.0224747 6.0433407 0.0070353 -0.0444642 -0.0071841 0.9989604
22.870160 -7.5442567 -0.0249593 6.1193905 0.0070663 -0.0459790 -0.0094317 0.9988729
22.974020 -7.5524521 -0.0267050 6.1943521 0.0063790 -0.0477617 -0.0111365 0.9987763
23.078010 -7.5607696 -0.0288760 6.2692399 0.0034704 -0.0497412 -0.0125025 0.9986778
23.181990 -7.5693045 -0.0310232 6.3437486 0.0005721 -0.0518730 -0.0126109 0.9985739
23.285910 -7.5778098 -0.0323089 6.4178848 -0.0011651 -0.0543830 -0.0121911 0.9984450
23.389770 -7.5872049 -0.0335151 6.4911079 -0.0017491 -0.0576648 -0.0118827 0.9982638
23.597640 -7.6065254 -0.0353783 6.6368885 -0.0033597 -0.0639344 -0.0113227 0.9978842
23.701510 -7.6175961 -0.0361776 6.7085867 -0.0026407 -0.0670277 -0.0138467 0.9976515
23.805540 -7.6288652 -0.0371030 6.7799520 -0.0006378 -0.0699346 -0.0150336 0.9974381
24.013390 -7.6516171 -0.0393569 6.9208493 0.0014251 -0.0755491 -0.0151405 0.9970261
24.117270 -7.6640053 -0.0401219 6.9915276 -0.0010497 -0.0779737 -0.0161053 0.9968248
24.221270 -7.6764569 -0.0408884 7.0621867 -0.0030546 -0.0810102 -0.0163128 0.9965751
24.429140 -7.7008162 -0.0433156 7.1994023 -0.0023501 -0.0880134 -0.0145844 0.9960098
24.533020 -7.7143116 -0.0440203 7.2672415 0.0011405 -0.0921578 -0.0140525 0.9956446
24.740760 -7.7435551 -0.0464045 7.4036636 0.0005029 -0.1022107 -0.0127701 0.9946807
24.948510 -7.7756553 -0.0477615 7.5382466 -0.0063685 -0.1141111 -0.0124604 0.9933695
25.156270 -7.8108416 -0.0486249 7.6691399 -0.0052928 -0.1256786 -0.0148167 0.9919462
25.364010 -7.8492317 -0.0496682 7.7977018 0.0017725 -0.1380913 -0.0141480 0.9903169
25.571790 -7.8902702 -0.0504339 7.9284987 -0.0044157 -0.1504343 -0.0131447 0.9885228
25.779520 -7.9355435 -0.0514976 8.0586557 -0.0063847 -0.1631649 -0.0116731 0.9865091
25.987390 -7.9829378 -0.0523298 8.1862288 -0.0008483 -0.1736197 -0.0094654 0.9847669
26.195270 -8.0323162 -0.0536713 8.3143215 0.0030295 -0.1816768 -0.0080534 0.9833207
26.403140 -8.0853424 -0.0563215 8.4414625 0.0023539 -0.1898098 -0.0105907 0.9817609
26.611020 -8.1401100 -0.0572977 8.5711927 -0.0050027 -0.1976516 -0.0104335 0.9802040
26.818890 -8.1984892 -0.0587715 8.6985207 -0.0054009 -0.2039443 -0.0189270 0.9787846
27.026890 -8.2556562 -0.0592525 8.8252382 0.0015276 -0.2096882 -0.0146490 0.9776574
27.234770 -8.3163624 -0.0602105 8.9534769 -0.0000666 -0.2141555 -0.0175289 0.9766423
27.442660 -8.3773413 -0.0622665 9.0817499 -0.0015433 -0.2198924 -0.0166710 0.9753804
27.546520 -8.4085388 -0.0626386 9.1445379 0.0017990 -0.2224524 -0.0165210 0.9748019
27.650520 -8.4401312 -0.0634658 9.2073765 0.0050162 -0.2250115 -0.0159682 0.9742123
27.754390 -8.4718504 -0.0644168 9.2702808 0.0058740 -0.2276312 -0.0164936 0.9735900
27.962300 -8.5371189 -0.0671876 9.3961906 0.0029048 -0.2319881 -0.0182231 0.9725436
28.066150 -8.5700321 -0.0683651 9.4586391 0.0026768 -0.2344634 -0.0186936 0.9719415
28.170020 -8.6024160 -0.0691501 9.5205812 0.0030716 -0.2370229 -0.0178077 0.9713360
28.377890 -8.6686993 -0.0716156 9.6435461 0.0026666 -0.2415572 -0.0166308 0.9702404
28.481890 -8.7023859 -0.0724861 9.7040663 0.0027014 -0.2437796 -0.0173197 0.9696723
28.585770 -8.7357473 -0.0738747 9.7643051 0.0025946 -0.2461423 -0.0175682 0.9690710
28.793670 -8.8021841 -0.0763978 9.8828220 0.0065401 -0.2510253 -0.0152925 0.9678376
28.897520 -8.8358850 -0.0775733 9.9414864 0.0078394 -0.2531795 -0.0148261 0.9672740
29.001520 -8.8695612 -0.0790694 9.9997463 0.0059145 -0.2550472 -0.0152728 0.9667899
29.209390 -8.9366169 -0.0811033 10.1162977 -0.0032226 -0.2584495 -0.0158086 0.9658900
29.313270 -8.9693623 -0.0817416 10.1726160 -0.0058518 -0.2600614 -0.0148579 0.9654601
29.417270 -9.0013456 -0.0819141 10.2272148 -0.0058895 -0.2616595 -0.0131182 0.9650531
29.521140 -9.0329685 -0.0823111 10.2804508 -0.0042378 -0.2635650 -0.0125345 0.9645509
29.729040 -9.0948400 -0.0833890 10.3815460 -0.0026506 -0.2663976 -0.0111151 0.9637955
29.936770 -9.1537685 -0.0849939 10.4779701 -0.0033074 -0.2689286 -0.0103162 0.9630992
30.040770 -9.1821365 -0.0857614 10.5232649 -0.0041854 -0.2700328 -0.0102806 0.9627872
30.456270 -9.2851362 -0.0865755 10.6852398 -0.0023530 -0.2744488 -0.0082633 0.9615633
30.664040 -9.3303442 -0.0865056 10.7550993 0.0005471 -0.2778488 -0.0057630 0.9606073
30.975650 -9.3931532 -0.0879044 10.8486242 -0.0013113 -0.2863483 -0.0055333 0.9581087
31.183270 -9.4324112 -0.0886038 10.9030495 -0.0058741 -0.2924530 -0.0100123 0.9562095
31.805770 -9.5287971 -0.0903289 11.0267935 -0.0110113 -0.3304552 -0.0070752 0.9437310
33.154020 -9.7268658 -0.0901055 11.1689196 -0.0050774 -0.4827443 -0.0169302 0.8755829
33.361650 -9.7610807 -0.0903250 11.1808910 -0.0057027 -0.5096220 -0.0212281 0.8601176
33.776420 -9.8395081 -0.0903128 11.2036695 -0.0026406 -0.5716992 -0.0185200 0.8202500
34.087400 -9.9183521 -0.0878804 11.2158737 -0.0018160 -0.6265621 -0.0165774 0.7791930
34.398420 -10.0090094 -0.0856248 11.2158136 -0.0031242 -0.6837673 -0.0157766 0.7295229
34.709660 -10.1114616 -0.0828719 11.2030745 -0.0091444 -0.7401025 -0.0146260 0.6722729
34.917150 -10.1850700 -0.0812216 11.1834965 -0.0120226 -0.7745936 -0.0145188 0.6321783
35.021020 -10.2249269 -0.0793627 11.1726952 -0.0132884 -0.7906443 -0.0138591 0.6119746
35.332520 -10.3456545 -0.0756728 11.1205559 -0.0190748 -0.8333477 -0.0101880 0.5523259
35.644400 -10.4780607 -0.0718563 11.0419140 0.0219051 0.8675303 0.0086239 -0.4968268
35.748650 -10.5232983 -0.0700549 11.0105076 0.0215413 0.8755953 0.0086369 -0.4824875
35.852770 -10.5701818 -0.0687720 10.9773130 0.0206896 0.8820429 0.0088469 -0.4706313
36.061290 -10.6677237 -0.0657984 10.9041986 0.0191917 0.8904859 0.0093463 -0.4545098
36.374170 -10.8246117 -0.0609077 10.7819147 0.0210964 0.8975794 0.0097749 -0.4402393
36.582670 -10.9355583 -0.0570454 10.6914139 0.0208513 0.9005293 0.0104225 -0.4341701
36.686900 -10.9930220 -0.0548831 10.6424084 0.0209494 0.9022781 0.0103847 -0.4305200
36.895150 -11.1116018 -0.0507448 10.5437994 0.0218927 0.9040376 0.0103837 -0.4267656
37.103550 -11.2344751 -0.0464087 10.4407787 0.0221770 0.9048336 0.0098996 -0.4250721
37.311780 -11.3621979 -0.0420908 10.3332863 0.0223620 0.9055415 0.0087745 -0.4235771
37.415890 -11.4279871 -0.0398048 10.2773504 0.0225151 0.9060194 0.0092104 -0.4225365
37.624150 -11.5622244 -0.0355420 10.1618614 0.0225659 0.9063098 0.0118005 -0.4218461
37.728150 -11.6306953 -0.0336184 10.1037436 0.0230101 0.9065646 0.0116728 -0.4212777
37.832280 -11.7000370 -0.0311149 10.0450211 0.0226134 0.9068312 0.0106499 -0.4207521
38.144280 -11.9137554 -0.0241401 9.8626127 0.0248096 0.9073571 0.0084797 -0.4195423
38.352280 -12.0605545 -0.0198347 9.7365704 0.0228404 0.9080347 0.0055749 -0.4182345
38.456150 -12.1344919 -0.0186879 9.6718121 0.0215170 0.9082302 0.0043989 -0.4178943
38.560150 -12.2090969 -0.0162774 9.6063070 0.0199161 0.9081870 0.0045490 -0.4180657
38.768150 -12.3613138 -0.0139299 9.4736319 0.0201851 0.9081060 0.0070669 -0.4181940
38.872030 -12.4376955 -0.0126300 9.4072762 0.0211831 0.9080548 0.0080257 -0.4182385
39.079900 -12.5908403 -0.0089497 9.2753344 0.0223307 0.9081706 0.0088447 -0.4179106
39.287780 -12.7429657 -0.0058943 9.1436510 0.0219141 0.9082286 0.0096095 -0.4177896
39.495830 -12.8972073 -0.0021793 9.0117254 0.0224137 0.9084756 0.0108804 -0.4171947
39.599580 -12.9731407 -0.0003285 8.9454041 0.0227816 0.9084854 0.0113417 -0.4171412
39.703630 -13.0501919 0.0015864 8.8790169 0.0228685 0.9086947 0.0111451 -0.4166853
39.807870 -13.1262426 0.0039421 8.8128223 0.0232008 0.9088298 0.0104892 -0.4163894
39.911280 -13.2018499 0.0060234 8.7468367 0.0232965 0.9091489 0.0101006 -0.4156964
40.119140 -13.3526783 0.0096757 8.6146393 0.0233659 0.9096265 0.0101105 -0.4146463
40.223030 -13.4270573 0.0119663 8.5491781 0.0229662 0.9098319 0.0098573 -0.4142236
40.326930 -13.5023756 0.0143356 8.4831591 0.0223538 0.9100538 0.0094306 -0.4137793
40.534990 -13.6515055 0.0177699 8.3509884 0.0203717 0.9101101 0.0105590 -0.4137308
40.742540 -13.8008566 0.0215931 8.2188902 0.0192218 0.9097772 0.0103334 -0.4145229
40.950400 -13.9502201 0.0252727 8.0873861 0.0185709 0.9091192 0.0099459 -0.4160030
41.054600 -14.0260143 0.0268054 8.0220413 0.0195481 0.9088871 0.0105867 -0.4164493
41.158230 -14.1009951 0.0291064 7.9564342 0.0218702 0.9085051 0.0122275 -0.4171219
41.262460 -14.1773443 0.0316393 7.8913131 0.0243780 0.9083347 0.0146595 -0.4172755
41.365930 -14.2507324 0.0340701 7.8270950 0.0249912 0.9082396 0.0154299 -0.4174185
41.469820 -14.3252077 0.0367748 7.7627072 0.0240293 0.9082450 0.0134979 -0.4175302
41.573580 -14.3994961 0.0395973 7.6982799 0.0229222 0.9083414 0.0112681 -0.4174488
41.677410 -14.4737444 0.0419130 7.6346550 0.0231832 0.9083716 0.0111792 -0.4173712
41.781210 -14.5472260 0.0442459 7.5706282 0.0236488 0.9083977 0.0128765 -0.4172392
41.885060 -14.6219807 0.0464627 7.5059566 0.0243464 0.9084500 0.0132891 -0.4170722
42.092740 -14.7680531 0.0512703 7.3797326 0.0243745 0.9088906 0.0115135 -0.4161624
42.196450 -14.8394833 0.0534207 7.3165007 0.0245166 0.9091149 0.0123360 -0.4156404
42.300170 -14.9121408 0.0558354 7.2521858 0.0254056 0.9091145 0.0140995 -0.4155318
42.404080 -14.9848604 0.0585831 7.1894040 0.0265668 0.9093725 0.0153339 -0.4148502
42.611550 -15.1275959 0.0639207 7.0628743 0.0276832 0.9096918 0.0145068 -0.4141064
42.715290 -15.1982040 0.0672152 7.0008950 0.0273056 0.9099410 0.0135439 -0.4136162
42.819190 -15.2683687 0.0698758 6.9373746 0.0259256 0.9099588 0.0135652 -0.4136650
43.026850 -15.4086123 0.0752729 6.8130927 0.0242157 0.9097653 0.0137287 -0.4141886
43.234430 -15.5479441 0.0805181 6.6892366 0.0227870 0.9095423 0.0145543 -0.4147310
43.442050 -15.6830282 0.0852215 6.5674148 0.0226205 0.9093661 0.0141233 -0.4151411
43.545910 -15.7516632 0.0874939 6.5067315 0.0221553 0.9092464 0.0136611 -0.4154436
43.649770 -15.8186407 0.0899486 6.4475603 0.0224899 0.9092646 0.0134962 -0.4153914
43.753650 -15.8873386 0.0925025 6.3876677 0.0243076 0.9090793 0.0133772 -0.4156983
43.857500 -15.9554930 0.0947551 6.3282833 0.0247508 0.9090587 0.0133350 -0.4157183
43.961280 -16.0232620 0.0968520 6.2690663 0.0241810 0.9090415 0.0122568 -0.4158228
44.169050 -16.1479511 0.1011790 6.1536751 0.0237967 0.9088158 0.0093016 -0.4164145
44.272790 -16.2139225 0.1029615 6.0958819 0.0227432 0.9086785 0.0102911 -0.4167496
44.376660 -16.2812347 0.1045120 6.0391898 0.0225994 0.9086750 0.0109298 -0.4167488
44.480540 -16.3458672 0.1058016 5.9831181 0.0225026 0.9087179 0.0109897 -0.4166590
44.584310 -16.4152737 0.1070821 5.9280500 0.0223786 0.9087954 0.0105630 -0.4165076
44.792180 -16.5300465 0.1102918 5.8206124 0.0222830 0.9088950 0.0105589 -0.4162953
44.999710 -16.6540070 0.1127045 5.7144437 0.0216420 0.9089759 0.0108208 -0.4161459
45.103550 -16.7127533 0.1135147 5.6632028 0.0220410 0.9090551 0.0113221 -0.4159386
45.311220 -16.8297634 0.1166486 5.5633726 0.0232407 0.9091512 0.0130676 -0.4156119
45.518940 -16.9261436 0.1205222 5.4682307 0.0250001 0.9093381 0.0138764 -0.4150744
45.622980 -16.9793510 0.1221712 5.4216757 0.0261844 0.9094396 0.0137484 -0.4147831
45.831090 -17.0843296 0.1255006 5.3322387 0.0266096 0.9098908 0.0138480 -0.4137619
46.142050 -17.2336311 0.1302429 5.2000995 0.0291055 0.9116179 0.0110727 -0.4098573
46.245920 -17.2804661 0.1317209 5.1575127 0.0303479 0.9130309 0.0101992 -0.4066319
46.453430 -17.3700981 0.1345535 5.0735011 0.0326480 0.9174435 0.0091727 -0.3964181
46.868310 -17.5114269 0.1406398 4.9151711 0.0383942 0.9312727 0.0067986 -0.3622302
47.075560 -17.5784626 0.1423578 4.8308730 0.0381488 0.9410477 0.0078390 -0.3360245
47.490160 -17.6838741 0.1444088 4.6591358 0.0352203 0.9629318 0.0116604 -0.2671813
47.697410 -17.7205391 0.1462101 4.5724044 0.0291743 0.9744439 0.0122167 -0.2223930
47.904910 -17.7454605 0.1466662 4.4823818 0.0190780 0.9840255 0.0118319 -0.1766065
48.631190 -17.7726955 0.1483046 4.1684680 0.0045500 0.9998404 0.0169685 -0.0032604
48.734910 -17.7682209 0.1485689 4.1265745 0.0066577 0.9996127 0.0168648 0.0211085
48.838780 -17.7611656 0.1486813 4.0814877 0.0111155 0.9985448 0.0161147 0.0502512
49.150280 -17.7242928 0.1486018 3.9562416 0.0137032 0.9918768 0.0131263 0.1257793
49.254030 -17.7089252 0.1495571 3.9161129 0.0145026 0.9883255 0.0122208 0.1511720
49.357910 -17.6790257 0.1507630 3.8785563 0.0174572 0.9840727 0.0123775 0.1764737
49.669780 -17.6275311 0.1500299 3.7573357 0.0152817 0.9699239 0.0146053 0.2424889
49.773780 -17.5998211 0.1503267 3.7116787 0.0163549 0.9635180 0.0166426 0.2666246
50.086410 -17.4899273 0.1522546 3.6162941 0.0171157 0.9523950 0.0192177 0.3037789
50.190690 -17.4585896 0.1526329 3.5774829 0.0164323 0.9490466 0.0187171 0.3141501
50.295050 -17.4268646 0.1530808 3.5389464 0.0159772 0.9464242 0.0183203 0.3220098
50.399300 -17.3923321 0.1533951 3.5008667 0.0154209 0.9442076 0.0177198 0.3285122
50.608030 -17.3187428 0.1543577 3.4252784 0.0140120 0.9409653 0.0157095 0.3378478
50.712390 -17.2765751 0.1555034 3.3991930 0.0144147 0.9398171 0.0150337 0.3410427
50.816730 -17.2404480 0.1559068 3.3569355 0.0154332 0.9388406 0.0151553 0.3436720
50.920920 -17.2038631 0.1562398 3.3135886 0.0172599 0.9380575 0.0155259 0.3457011
51.129530 -17.1147518 0.1570090 3.2376866 0.0144544 0.9371355 0.0131318 0.3484188
51.233800 -17.0740948 0.1575239 3.1922803 0.0129537 0.9368309 0.0126640 0.3493131
51.338030 -17.0265827 0.1584833 3.1511791 0.0140196 0.9366477 0.0135939 0.3497280
51.546400 -16.9308720 0.1594005 3.0659926 0.0170420 0.9367629 0.0143146 0.3492562
51.650530 -16.8857822 0.1593101 3.0167041 0.0155902 0.9369099 0.0116694 0.3490280
51.858780 -16.7900658 0.1599096 2.9186985 0.0166884 0.9370932 0.0061757 0.3486254
51.962780 -16.7388115 0.1598819 2.8682065 0.0178391 0.9371259 0.0065226 0.3484741
52.066910 -16.6886292 0.1594975 2.8135395 0.0164386 0.9372393 0.0072801 0.3482230
52.171030 -16.6297092 0.1597231 2.7649496 0.0131802 0.9373283 0.0075244 0.3481168
52.483160 -16.4651909 0.1596106 2.5921118 0.0099620 0.9372085 0.0095521 0.3484965
52.691180 -16.3532219 0.1600681 2.4655874 0.0078213 0.9372355 0.0119343 0.3484050
52.899160 -16.2395687 0.1602358 2.3339598 0.0078045 0.9370642 0.0090186 0.3489534
53.107160 -16.1120911 0.1621970 2.2051365 0.0087263 0.9369442 0.0126852 0.3491396
53.315160 -15.9890547 0.1630870 2.0681922 0.0109054 0.9368704 0.0143757 0.3492109
53.523150 -15.8624601 0.1640949 1.9297816 0.0154727 0.9367365 0.0119273 0.3494896
53.731040 -15.7347889 0.1637992 1.7864442 0.0158037 0.9369331 0.0103944 0.3489966
53.938910 -15.6027479 0.1628155 1.6424206 0.0140550 0.9371296 0.0130176 0.3484552
54.146780 -15.4735451 0.1632234 1.4948850 0.0164426 0.9371930 0.0159581 0.3480579
54.354660 -15.3383579 0.1641129 1.3513551 0.0204120 0.9371289 0.0197946 0.3478232
54.562530 -15.2092648 0.1659229 1.2041358 0.0215073 0.9369317 0.0260831 0.3478738
54.770420 -15.0813885 0.1677397 1.0604551 0.0227042 0.9371642 0.0217184 0.3474709
54.978530 -14.9546328 0.1683681 0.9169960 0.0250838 0.9375958 0.0164497 0.3464308
55.185920 -14.8298025 0.1681220 0.7728337 0.0244619 0.9378627 0.0188925 0.3456272
55.393730 -14.7033720 0.1684268 0.6341652 0.0227334 0.9385573 0.0192316 0.3438366
55.601700 -14.5804052 0.1693201 0.4946804 0.0201482 0.9411901 0.0187231 0.3367561
55.809690 -14.4676390 0.1687017 0.3515484 0.0210104 0.9455075 0.0193366 0.3243459
56.017930 -14.3584766 0.1698066 0.2034000 0.0230056 0.9514198 0.0231931 0.3061586
56.226190 -14.2581482 0.1721552 0.0522239 0.0256565 0.9590710 0.0246345 0.2809230
56.434670 -14.1669970 0.1756737 -0.1055329 0.0282243 0.9675298 0.0261671 0.2498096
56.643030 -14.0886831 0.1788904 -0.2660235 0.0315598 0.9751943 0.0217492 0.2180067
56.851430 -14.0176086 0.1814420 -0.4283562 0.0313761 0.9820337 0.0135458 0.1855853
56.955550 -13.9874029 0.1820619 -0.5121643 0.0292012 0.9849103 0.0128601 0.1700987
57.059650 -13.9592447 0.1816322 -0.5965384 0.0280403 0.9873307 0.0126957 0.1556622
57.371290 -13.8874960 0.1826559 -0.8573877 0.0296154 0.9919468 0.0117628 0.1225807
57.579070 -13.8463697 0.1840710 -1.0378324 0.0278500 0.9940913 0.0155205 0.1037593
57.786690 -13.8098001 0.1865076 -1.2210044 0.0270140 0.9957848 0.0130498 0.0866756
57.994890 -13.7810354 0.1886435 -1.4093522 0.0316159 0.9966208 0.0136277 0.0745768
58.201850 -13.7524261 0.1928159 -1.6010156 0.0356082 0.9966908 0.0228550 0.0694059
58.305440 -13.7386541 0.1954500 -1.6988784 0.0348198 0.9967637 0.0229703 0.0687178
58.409230 -13.7220669 0.1979772 -1.7973001 0.0331173 0.9968974 0.0215519 0.0680757
58.616560 -13.6907215 0.2024561 -1.9960976 0.0263007 0.9972208 0.0178020 0.0673947
58.720450 -13.6740570 0.2050462 -2.0962963 0.0239321 0.9972905 0.0175754 0.0673055
58.824030 -13.6570930 0.2075552 -2.1990039 0.0227002 0.9972667 0.0186094 0.0678058
59.031700 -13.6231604 0.2129157 -2.4030585 0.0216694 0.9971954 0.0194941 0.0689337
59.239170 -13.5918407 0.2176147 -2.6096456 0.0197549 0.9971757 0.0179044 0.0702129
59.446780 -13.5481119 0.2230612 -2.8152845 0.0171269 0.9972298 0.0162289 0.0705412
59.654550 -13.5136261 0.2268956 -3.0230994 0.0148479 0.9973025 0.0166564 0.0699276
59.758420 -13.4881020 0.2306600 -3.1185615 0.0149224 0.9973170 0.0169123 0.0696431
59.965990 -13.4353743 0.2390202 -3.3097348 0.0141659 0.9973387 0.0178788 0.0692481
60.173450 -13.4123163 0.2410501 -3.5232351 0.0131651 0.9973270 0.0199830 0.0690373
60.381050 -13.3741245 0.2475475 -3.7169290 0.0127575 0.9973790 0.0179688 0.0689162
60.588540 -13.3536377 0.2488106 -3.9279323 0.0121936 0.9974502 0.0175142 0.0681001
60.692600 -13.3225508 0.2561535 -4.0140028 0.0114446 0.9974372 0.0178170 0.0683417
60.900200 -13.2934694 0.2593164 -4.2036676 0.0105856 0.9975644 0.0189911 0.0662770
61.107700 -13.2657633 0.2620362 -4.3869929 0.0088434 0.9974939 0.0180866 0.0678272
61.315290 -13.2384129 0.2648076 -4.5626292 0.0082493 0.9973691 0.0197433 0.0692602
61.522950 -13.2141171 0.2687109 -4.7325244 0.0086760 0.9974118 0.0205982 0.0683388
61.730990 -13.1903849 0.2727134 -4.9044471 0.0091106 0.9974903 0.0200704 0.0672847
61.938390 -13.1612530 0.2784011 -5.0684118 0.0079658 0.9975702 0.0202912 0.0661702
62.042070 -13.1493959 0.2799987 -5.1527033 0.0077402 0.9976191 0.0195422 0.0656836
62.145930 -13.1381760 0.2818034 -5.2357545 0.0077076 0.9976625 0.0173410 0.0656460
62.249910 -13.1258039 0.2831306 -5.3195987 0.0072358 0.9977007 0.0158959 0.0654848
62.353660 -13.1142292 0.2849421 -5.4012346 0.0075946 0.9976886 0.0153332 0.0657627
62.457420 -13.1020031 0.2865458 -5.4830308 0.0081474 0.9976475 0.0159217 0.0661791
62.561290 -13.0909472 0.2877024 -5.5654263 0.0089614 0.9976012 0.0164902 0.0666306
62.665290 -13.0795078 0.2889751 -5.6470394 0.0100125 0.9975451 0.0171235 0.0671583
62.769050 -13.0680408 0.2902973 -5.7298207 0.0105013 0.9974912 0.0175614 0.0677686
62.872800 -13.0562325 0.2917813 -5.8117728 0.0106158 0.9974652 0.0178322 0.0680625
62.976670 -13.0417919 0.2937045 -5.8876839 0.0100736 0.9974352 0.0179661 0.0685472
63.080660 -13.0291309 0.2952903 -5.9710565 0.0099944 0.9974067 0.0174941 0.0690940
63.288240 -13.0071869 0.2970475 -6.1304231 0.0118450 0.9972208 0.0165937 0.0716595
63.392070 -12.9946680 0.2981577 -6.2095876 0.0112595 0.9971404 0.0163139 0.0729256
63.495820 -12.9831505 0.2989812 -6.2877831 0.0113039 0.9970557 0.0155958 0.0742216
63.599720 -12.9691133 0.3016801 -6.3619280 0.0112949 0.9969772 0.0152895 0.0753338
63.807440 -12.9452953 0.3015275 -6.5193419 0.0100736 0.9969146 0.0162847 0.0761225
63.911420 -12.9331474 0.3024147 -6.5960522 0.0098264 0.9969140 0.0172620 0.0759471
64.119460 -12.9104185 0.3040603 -6.7445245 0.0087265 0.9970092 0.0177967 0.0746977
64.327430 -12.8903923 0.3061182 -6.8895001 0.0076801 0.9972211 0.0177826 0.0719375
64.535560 -12.8707333 0.3075700 -7.0292573 0.0082317 0.9976434 0.0178018 0.0657491
64.743580 -12.8556967 0.3095039 -7.1609344 0.0104245 0.9980817 0.0189207 0.0580199
64.951550 -12.8437519 0.3102669 -7.2857919 0.0127780 0.9984575 0.0194849 0.0503960
65.055500 -12.8390903 0.3110372 -7.3451896 0.0132686 0.9986212 0.0198301 0.0467592
65.887300 -12.8117504 0.3163495 -7.7407575 0.0179928 0.9992987 0.0209044 0.0253266
65.991170 -12.8099260 0.3158765 -7.7787786 0.0178145 0.9993271 0.0214702 0.0238130
66.199080 -12.8061323 0.3179547 -7.8493958 0.0194639 0.9993413 0.0220546 0.0212540
66.303070 -12.8056030 0.3185797 -7.8809733 0.0200203 0.9993352 0.0223651 0.0206928
70.150510 -12.8027878 0.3059021 -8.1932125 0.0118943 0.9977407 0.0180359 0.0636134
75.975180 -12.7821169 0.3085622 -8.2040949 0.0113141 0.9920021 0.0163022 0.1246520
76.390670 -12.7651033 0.3109061 -8.2272816 0.0102109 0.9868372 0.0156917 0.1606293
77.428190 -12.7370224 0.3087839 -8.4795504 0.0118535 0.9530205 0.0230066 0.3017984
78.361560 -12.4897175 0.3185728 -8.6303034 0.0163480 0.8606153 0.0198836 0.5086046
78.465430 -12.4450541 0.3212481 -8.6466990 0.0157485 0.8482394 0.0220289 0.5289203
78.673060 -12.3797922 0.3216416 -8.7039585 0.0169760 0.8209080 0.0275514 0.5701427
78.776930 -12.3348160 0.3220439 -8.7160959 0.0166033 0.8119213 0.0292683 0.5827963
78.880800 -12.2847824 0.3223415 -8.7249584 0.0167563 0.7999672 0.0307597 0.5990205
79.192960 -12.1039600 0.3259244 -8.7504959 0.0184180 0.7440326 0.0330109 0.6670731
79.401310 -11.9400082 0.3274788 -8.7547178 0.0233724 0.7200005 0.0256217 0.6931065
79.505690 -11.8841677 0.3276046 -8.7525892 0.0240594 0.7232050 0.0248918 0.6897652
79.610070 -11.8319387 0.3274732 -8.7523546 0.0271853 0.7002046 0.0226049 0.7130662
79.714470 -11.7633781 0.3263421 -8.7478209 0.0210665 0.6742874 0.0296319 0.7375734
79.818800 -11.6928482 0.3255311 -8.7421093 0.0231458 0.6785592 0.0286992 0.7336198
79.923050 -11.6156483 0.3240445 -8.7263575 0.0269792 0.7028513 0.0258866 0.7103535
80.027420 -11.5444002 0.3239581 -8.7200336 0.0291230 0.7071716 0.0239796 0.7060348
80.131680 -11.4638300 0.3229042 -8.7116041 0.0282290 0.7006848 0.0225543 0.7125554
80.235930 -11.3421183 0.3211335 -8.6988010 0.0219859 0.6348616 0.0243519 0.7719290
80.340300 -11.2788229 0.3197312 -8.6876392 0.0231251 0.6711587 0.0203921 0.7406722
80.444550 -11.1915941 0.3179340 -8.6743975 0.0223781 0.6705468 0.0194150 0.7412754
80.548940 -11.1002026 0.3162703 -8.6597586 0.0217690 0.6703948 0.0194752 0.7414295
80.653190 -11.0088406 0.3149998 -8.6498718 0.0216551 0.6697927 0.0201925 0.7419576
80.757320 -10.9155283 0.3132465 -8.6343298 0.0216927 0.6689118 0.0204447 0.7427438
80.861430 -10.8218126 0.3120551 -8.6238394 0.0219656 0.6673459 0.0207374 0.7441350
81.069680 -10.6320887 0.3090771 -8.6015711 0.0223185 0.6639567 0.0205032 0.7471566
81.173790 -10.5323238 0.3068902 -8.5821466 0.0219138 0.6622694 0.0202732 0.7486709
81.277810 -10.4314871 0.3045874 -8.5642538 0.0214591 0.6605964 0.0214474 0.7501279
81.381810 -10.3310547 0.3033402 -8.5499229 0.0205501 0.6589344 0.0230755 0.7515655
81.589930 -10.1299191 0.2995566 -8.5177355 0.0201012 0.6573530 0.0240003 0.7529323
81.798060 -9.9229488 0.2965512 -8.4838428 0.0204361 0.6587467 0.0224469 0.7517521
82.006180 -9.7136326 0.2924426 -8.4494171 0.0194874 0.6601043 0.0249621 0.7505061
82.110180 -9.6096706 0.2903913 -8.4304981 0.0195085 0.6608418 0.0258831 0.7498250
82.214180 -9.5051718 0.2890174 -8.4163027 0.0194345 0.6609822 0.0261902 0.7496926
82.318180 -9.3980761 0.2869142 -8.3947649 0.0193198 0.6615486 0.0263095 0.7491916
82.422200 -9.2928982 0.2852406 -8.3787327 0.0197052 0.6618700 0.0255811 0.7489228
82.526180 -9.1810341 0.2838644 -8.3525372 0.0206219 0.6623321 0.0248695 0.7485135
82.630180 -9.0748644 0.2823764 -8.3347731 0.0206560 0.6626327 0.0246032 0.7482552
82.734050 -8.9718142 0.2803915 -8.3219843 0.0194465 0.6629602 0.0251605 0.7479790
82.838070 -8.8656464 0.2790080 -8.3046360 0.0188746 0.6632794 0.0258557 0.7476869
82.942060 -8.7509556 0.2772854 -8.2764349 0.0190245 0.6636958 0.0251216 0.7473385
83.046050 -8.6427727 0.2755153 -8.2551346 0.0199367 0.6640368 0.0247256 0.7470250
83.149930 -8.5376196 0.2738930 -8.2385759 0.0206489 0.6641743 0.0242788 0.7468980
83.253960 -8.4274158 0.2723240 -8.2126226 0.0193243 0.6645857 0.0244703 0.7465612
83.357930 -8.3225107 0.2708030 -8.1948261 0.0177646 0.6646607 0.0254292 0.7465011
83.461930 -8.2148142 0.2697153 -8.1706476 0.0163959 0.6651387 0.0254806 0.7461048
83.565930 -8.1089087 0.2682622 -8.1497793 0.0159651 0.6654885 0.0241560 0.7458462
83.669810 -8.0031509 0.2673615 -8.1298742 0.0162346 0.6655414 0.0232907 0.7458208
83.773690 -7.8969779 0.2661924 -8.1077995 0.0162292 0.6658013 0.0228627 0.7456021
83.877560 -7.7898779 0.2647185 -8.0843859 0.0155693 0.6660123 0.0228706 0.7454275
83.981560 -7.6820078 0.2636344 -8.0611343 0.0155390 0.6661830 0.0237345 0.7452486
84.085580 -7.5797148 0.2619930 -8.0438166 0.0157925 0.6662412 0.0239661 0.7451838
84.189660 -7.4751081 0.2607918 -8.0248528 0.0174661 0.6664016 0.0241316 0.7449977
84.293370 -7.3660626 0.2594524 -8.0003805 0.0188180 0.6662220 0.0247152 0.7451063
84.397140 -7.2617803 0.2583795 -7.9793801 0.0195723 0.6658635 0.0256212 0.7453766
84.500970 -7.1554117 0.2571484 -7.9537764 0.0193570 0.6648864 0.0262500 0.7462321
84.604690 -7.0558152 0.2559332 -7.9406323 0.0192070 0.6636599 0.0266817 0.7473117
84.708560 -6.9474878 0.2551905 -7.9087071 0.0186119 0.6626080 0.0262066 0.7482763
84.916060 -6.7505026 0.2519518 -7.8693919 0.0182264 0.6610602 0.0238413 0.7497325
85.123720 -6.5573964 0.2488410 -7.8361135 0.0176404 0.6594685 0.0241211 0.7511380
85.227440 -6.4616985 0.2474184 -7.8181663 0.0174148 0.6589177 0.0245372 0.7516130
85.331180 -6.3633714 0.2462985 -7.7962694 0.0171698 0.6585831 0.0244896 0.7519134
85.435100 -6.2545528 0.2449863 -7.7544208 0.0167408 0.6586068 0.0249465 0.7518873
85.538870 -6.1581492 0.2438808 -7.7364368 0.0160334 0.6583307 0.0244205 0.7521617
85.642600 -6.0653949 0.2429946 -7.7248464 0.0157065 0.6581883 0.0241173 0.7523030
85.746450 -5.9611001 0.2419328 -7.6946359 0.0154924 0.6587291 0.0232318 0.7518618
85.850400 -5.8664646 0.2409102 -7.6773162 0.0155314 0.6593940 0.0230549 0.7512835
85.954220 -5.7620764 0.2399334 -7.6483717 0.0157774 0.6603488 0.0235462 0.7504239
86.058060 -5.6628933 0.2390586 -7.6244106 0.0171131 0.6612813 0.0245714 0.7495401
86.161940 -5.5631533 0.2379888 -7.5921903 0.0186352 0.6622910 0.0252332 0.7485898
86.266420 -5.4709759 0.2364217 -7.5813408 0.0200857 0.6632239 0.0260285 0.7476986
86.473600 -5.2812700 0.2342587 -7.5446033 0.0197355 0.6653053 0.0276180 0.7457993
86.681310 -5.1039090 0.2320589 -7.5282569 0.0182844 0.6673675 0.0271878 0.7440075
86.889090 -4.9232192 0.2302517 -7.5045819 0.0190719 0.6690069 0.0250728 0.7425883
86.992950 -4.8393211 0.2285700 -7.5111656 0.0198337 0.6698009 0.0239046 0.7418908
87.096690 -4.7489805 0.2271860 -7.5023437 0.0209894 0.6706116 0.0235933 0.7411363
87.200570 -4.6339989 0.2263410 -7.4424038 0.0210322 0.6715755 0.0233847 0.7402682
87.304430 -4.5618024 0.2240335 -7.4679432 0.0205535 0.6715140 0.0243017 0.7403079
87.408330 -4.4506950 0.2234540 -7.4170384 0.0195379 0.6716608 0.0249587 0.7401805
87.512180 -4.3524437 0.2223348 -7.3944364 0.0181182 0.6715749 0.0247213 0.7403024
87.719790 -4.1680856 0.2198785 -7.3639894 0.0147960 0.6715416 0.0218831 0.7404959
87.823570 -4.0750690 0.2189828 -7.3477125 0.0137621 0.6714371 0.0204159 0.7406524
87.927320 -3.9778922 0.2181217 -7.3257546 0.0127380 0.6714955 0.0188330 0.7406597
88.031060 -3.8854427 0.2169574 -7.3069630 0.0130093 0.6714122 0.0181354 0.7407480
88.238710 -3.6850364 0.2154395 -7.2528334 0.0138326 0.6711579 0.0170957 0.7409882
88.342600 -3.5814090 0.2148749 -7.2202067 0.0133314 0.6709324 0.0200389 0.7411278
88.446330 -3.4940944 0.2139518 -7.2121601 0.0120953 0.6704769 0.0224794 0.7414912
88.550190 -3.3907197 0.2139015 -7.1814628 0.0127177 0.6701764 0.0235386 0.7417195
88.653930 -3.3043373 0.2130406 -7.1745033 0.0151303 0.6696900 0.0228701 0.7421344
88.757820 -3.2170601 0.2121614 -7.1669416 0.0167472 0.6694108 0.0218019 0.7423836
88.861690 -3.0928848 0.2126765 -7.1037598 0.0170355 0.6697302 0.0210278 0.7421112
88.965560 -3.0049267 0.2110110 -7.0957861 0.0171746 0.6694620 0.0209963 0.7423509
89.173320 -2.7832980 0.2091535 -6.9996538 0.0192854 0.6696309 0.0213390 0.7421369
89.277420 -2.6988943 0.2075720 -6.9910960 0.0214096 0.6696333 0.0215421 0.7420706
89.381180 -2.6147165 0.2055843 -6.9828944 0.0220971 0.6697688 0.0219542 0.7419161
89.485130 -2.5303860 0.2039422 -6.9742980 0.0221269 0.6700588 0.0235162 0.7416054
89.692870 -2.3634427 0.2004710 -6.9577203 0.0207811 0.6708061 0.0260056 0.7408854
89.900710 -2.1960225 0.1978222 -6.9400530 0.0206405 0.6720381 0.0237772 0.7398469
90.108700 -2.0322559 0.1946094 -6.9239306 0.0190892 0.6732120 0.0242065 0.7388067
90.316520 -1.8697966 0.1928340 -6.9101129 0.0193590 0.6740779 0.0248678 0.7379878
90.524330 -1.7094034 0.1903784 -6.8957996 0.0192214 0.6749297 0.0246877 0.7372183
90.732220 -1.5518470 0.1881434 -6.8818383 0.0176061 0.6759036 0.0243764 0.7363763
90.836200 -1.4760927 0.1871990 -6.8749800 0.0173423 0.6762517 0.0243011 0.7360654
91.148110 -1.2578901 0.1840479 -6.8565521 0.0156182 0.6765064 0.0246392 0.7358587
91.355930 -1.1222770 0.1820757 -6.8447866 0.0164168 0.6744545 0.0237956 0.7377502
91.459820 -1.0567101 0.1814159 -6.8385210 0.0156406 0.6730028 0.0228544 0.7391213
91.771700 -0.8690826 0.1782447 -6.8180389 0.0167758 0.6669379 0.0211183 0.7446250
92.187280 -0.6470110 0.1717246 -6.7860947 0.0195950 0.6504378 0.0207763 0.7590224
92.394820 -0.5479713 0.1693037 -6.7675891 0.0191922 0.6391801 0.0218430 0.7685072
92.812670 -0.3703647 0.1633021 -6.7218285 0.0177649 0.6091424 0.0184104 0.7926481
92.913890 -0.3290631 0.1624171 -6.7085547 0.0172649 0.6000112 0.0180927 0.7996006
93.121320 -0.2502785 0.1594931 -6.6790681 0.0167089 0.5795133 0.0165713 0.8146230
93.847210 -0.0190911 0.1489703 -6.5432997 0.0190370 0.4562812 0.0130308 0.8895366
94.365720 0.0967182 0.1405233 -6.4127769 0.0203636 0.3840467 0.0056174 0.9230720
94.573250 0.2066740 0.1317548 -6.4167061 -0.0241436 0.2807901 0.0142496 0.9593596
94.677090 0.2052379 0.1350664 -6.3252063 0.0520501 0.2377031 -0.0058383 0.9699247
95.092440 0.2096669 0.1312574 -6.1559196 0.0001969 0.1328884 -0.0030919 0.9911262
95.404570 0.2275920 0.1289844 -6.0441971 0.0020933 0.0951057 -0.0059865 0.9954470
95.508570 0.2318054 0.1284826 -6.0041289 0.0024114 0.0794046 -0.0089042 0.9967998
95.717080 0.2386702 0.1267698 -5.9213519 0.0020556 0.0576998 -0.0102647 0.9982791
95.925440 0.2443690 0.1250476 -5.8348861 0.0019150 0.0386831 -0.0092867 0.9992065
96.029700 0.2465387 0.1241788 -5.7901812 0.0027328 0.0314580 -0.0088840 0.9994618
96.133950 0.2860696 0.1246210 -5.6934309 0.0032831 0.0240829 -0.0091616 0.9996626
96.342320 0.2847833 0.1228522 -5.5960355 0.0037240 0.0108390 -0.0096400 0.9998879
96.446460 0.2952588 0.1221880 -5.5341868 0.0037832 0.0039536 -0.0091929 0.9999428
96.550570 0.3015142 0.1217528 -5.4728727 0.0036561 -0.0030536 -0.0081172 0.9999557
96.654710 0.3085311 0.1208554 -5.4089317 0.0039471 -0.0093015 -0.0081313 0.9999159
96.758950 0.3062572 0.1197104 -5.3528948 0.0045082 -0.0142114 -0.0086609 0.9998513
96.863080 0.3124553 0.1189875 -5.2852759 0.0053186 -0.0183385 -0.0095466 0.9997721
96.967200 0.3103767 0.1181238 -5.2261367 0.0058801 -0.0212154 -0.0094699 0.9997128
97.279720 0.3176408 0.1143326 -5.0160980 0.0054792 -0.0261770 -0.0092003 0.9996000
97.383810 0.3187423 0.1133257 -4.9510112 0.0047858 -0.0274020 -0.0084195 0.9995776
97.592070 0.3164968 0.1106391 -4.8047299 0.0022324 -0.0304282 -0.0073237 0.9995076
97.696240 0.3129459 0.1094576 -4.7385788 0.0011731 -0.0320138 -0.0070864 0.9994616
97.904320 0.3113852 0.1074751 -4.6051788 -0.0001024 -0.0352167 -0.0049262 0.9993675
98.112320 0.3036663 0.1047219 -4.4724383 -0.0003227 -0.0384380 -0.0038024 0.9992537
98.320320 0.2959670 0.1025834 -4.3350525 -0.0001976 -0.0411936 -0.0037443 0.9991441
98.528320 0.2868548 0.1001981 -4.2020049 -0.0001853 -0.0424679 -0.0044206 0.9990880
98.736320 0.2816344 0.0987690 -4.0621123 0.0000496 -0.0425738 -0.0049864 0.9990809
98.944340 0.2727185 0.0962791 -3.9304075 -0.0008121 -0.0428039 -0.0045456 0.9990728
99.048200 0.2676352 0.0951258 -3.8645337 -0.0013748 -0.0428196 -0.0045814 0.9990714
99.152220 0.2629899 0.0940592 -3.8005531 -0.0017609 -0.0427931 -0.0045802 0.9990719
99.360070 0.2555006 0.0916060 -3.6687365 -0.0017854 -0.0425166 -0.0050555 0.9990814
99.464100 0.2526418 0.0904755 -3.6018519 -0.0014096 -0.0420002 -0.0049406 0.9991044
99.567940 0.2486338 0.0896987 -3.5375330 -0.0011702 -0.0413457 -0.0045555 0.9991338
99.775950 0.2418174 0.0872871 -3.4097264 -0.0008383 -0.0397938 -0.0050537 0.9991948
99.983820 0.2357991 0.0851495 -3.2866306 -0.0022762 -0.0384732 -0.0031049 0.9992522
100.087800 0.2388409 0.0846725 -3.2105172 -0.0034469 -0.0377013 -0.0046986 0.9992720
100.399700 0.2177658 0.0813705 -3.0526671 -0.0007606 -0.0366596 -0.0030022 0.9993230
100.607700 0.2106129 0.0793290 -2.9414208 0.0017928 -0.0356325 -0.0058492 0.9993463
100.711600 0.2097300 0.0777261 -2.8851392 0.0019080 -0.0352989 -0.0062522 0.9993554
100.815600 0.2086166 0.0765465 -2.8299055 0.0021858 -0.0348635 -0.0062951 0.9993699
100.919600 0.2063377 0.0748551 -2.7755091 0.0025971 -0.0346514 -0.0064514 0.9993753
101.127400 0.2036862 0.0724190 -2.6687772 0.0036724 -0.0346043 -0.0078188 0.9993638
101.335400 0.1979129 0.0692240 -2.5665267 0.0032016 -0.0348842 -0.0081229 0.9993532
101.543300 0.1815298 0.0672697 -2.4554913 0.0028348 -0.0350939 -0.0074857 0.9993520
101.751200 0.1772647 0.0643763 -2.3562024 0.0036276 -0.0364630 -0.0068707 0.9993048
101.959100 0.1821384 0.0612486 -2.2565162 0.0041041 -0.0379549 -0.0070929 0.9992458
102.166900 0.1710018 0.0583664 -2.1571169 0.0041161 -0.0396496 -0.0063264 0.9991851
102.374800 0.1631486 0.0557780 -2.0581563 0.0034328 -0.0416219 -0.0050850 0.9991146
102.478700 0.1597961 0.0545156 -2.0093558 0.0029167 -0.0424279 -0.0053267 0.9990811
102.686600 0.1523706 0.0520127 -1.9134091 0.0017824 -0.0442887 -0.0057996 0.9990004
102.894400 0.1347542 0.0530413 -1.8181772 0.0016714 -0.0447615 -0.0057461 0.9989798
103.102400 0.1266328 0.0507765 -1.7254866 0.0014892 -0.0443299 -0.0065173 0.9989946
103.310300 0.1196220 0.0487063 -1.6379470 0.0017026 -0.0426654 -0.0072396 0.9990617
103.518300 0.1128899 0.0465643 -1.5554848 0.0019130 -0.0413866 -0.0069287 0.9991174
103.726300 0.1059590 0.0446121 -1.4749984 0.0024627 -0.0399700 -0.0072517 0.9991716
103.934300 0.0996403 0.0429129 -1.3991445 0.0025245 -0.0389170 -0.0074222 0.9992117
104.142300 0.0931222 0.0409953 -1.3267025 0.0020447 -0.0378972 -0.0068810 0.9992558
104.350600 0.0902190 0.0388763 -1.2641171 0.0009616 -0.0367338 -0.0071321 0.9992992
104.662200 0.0833606 0.0366885 -1.1779808 0.0009467 -0.0354200 -0.0073626 0.9993449
104.870200 0.0786492 0.0355868 -1.1272283 0.0015130 -0.0347506 -0.0065928 0.9993731
105.078600 0.0755748 0.0343244 -1.0820441 0.0022543 -0.0343134 -0.0066889 0.9993862
105.286000 0.0723805 0.0331652 -1.0387099 0.0040274 -0.0337749 -0.0063555 0.9994012
105.494000 0.0686661 0.0318670 -0.9957475 0.0038120 -0.0332444 -0.0064652 0.9994191
106.013700 0.0599007 0.0287329 -0.8914760 0.0030733 -0.0327796 -0.0054405 0.9994431
106.221500 0.0564806 0.0275084 -0.8506861 0.0030808 -0.0347319 -0.0043738 0.9993824
106.845000 0.0396556 0.0235469 -0.7318418 0.0030485 -0.0519813 -0.0075326 0.9986150
107.572800 0.0204856 0.0191380 -0.5975556 0.0033831 -0.0585736 -0.0095782 0.9982314
107.989000 0.0117907 0.0171137 -0.5231826 0.0031924 -0.0538397 -0.0089623 0.9985043
109.132800 -0.0054074 0.0101837 -0.3008278 0.0041859 -0.0301682 -0.0066221 0.9995142
109.548600 -0.0102941 0.0078421 -0.1970888 0.0020587 -0.0201565 -0.0049165 0.9997826
109.756500 -0.0122567 0.0067096 -0.1411527 0.0009433 -0.0157479 -0.0042786 0.9998664
110.380000 -0.0180832 0.0021619 0.0442232 0.0028242 -0.0064083 -0.0065900 0.9999537
111.210200 -0.0257433 -0.0051767 0.2992349 0.0107019 -0.0314158 -0.0036157 0.9994426
111.417700 -0.0342018 -0.0071202 0.3593493 0.0073015 -0.0551022 -0.0023361 0.9984513
111.625100 -0.0481550 -0.0090140 0.4174801 0.0022858 -0.0809797 -0.0075048 0.9966848
111.832500 -0.0638346 -0.0097592 0.4737633 -0.0003665 -0.1059458 -0.0089413 0.9943317
112.144200 -0.0892985 -0.0110405 0.5568224 -0.0047812 -0.1269120 -0.0146427 0.9917943
112.352500 -0.1041698 -0.0112930 0.6116430 -0.0058530 -0.1253539 -0.0175915 0.9919388
112.769200 -0.1238773 -0.0112258 0.7062371 -0.0092823 -0.1069394 -0.0128889 0.9941387
113.289700 -0.1307880 -0.0120094 0.7581592 -0.0070996 -0.0887578 -0.0110048 0.9959671
114.121600 -0.1312072 -0.0128815 0.7587832 -0.0024106 -0.0882021 -0.0114107 0.9960343
