4.776128 0.0000000 0.0000000 0.0000000 0.0000000 0.0000000 0.0000000 1.0000000
4.880125 0.0019814 -0.0007713 0.0535178 0.0000825 0.0167280 -0.0003655 0.9998600
4.984148 0.0058719 -0.0020382 0.1062040 0.0003875 0.0338335 -0.0000971 0.9994274
5.088126 0.0117850 -0.0029288 0.1593963 0.0011093 0.0507374 0.0002129 0.9987114
5.192023 0.0190966 -0.0039207 0.2131262 0.0020818 0.0672972 0.0001532 0.9977308
5.295877 0.0281836 -0.0052173 0.2661051 0.0035666 0.0835087 -0.0003362 0.9965006
5.399752 0.0392591 -0.0068140 0.3188271 0.0057356 0.0996872 0.0014051 0.9950013
5.503628 0.0523292 -0.0085708 0.3708664 0.0084486 0.1154232 0.0042379 0.9932714
5.711251 0.0836817 -0.0126026 0.4745201 0.0136664 0.1449121 0.0104970 0.9892945
5.918752 0.1205800 -0.0181103 0.5751094 0.0209229 0.1723213 0.0175059 0.9846630
6.022375 0.1418768 -0.0214613 0.6257098 0.0283358 0.1852161 0.0189369 0.9821067
6.126131 0.1630781 -0.0248124 0.6750613 0.0370287 0.1982916 0.0177178 0.9792831
6.333503 0.2083962 -0.0342614 0.7693656 0.0495472 0.2242523 0.0172459 0.9731179
6.540880 0.2591101 -0.0448933 0.8616178 0.0506811 0.2486084 0.0198861 0.9670728
6.644505 0.2861737 -0.0504883 0.9069597 0.0478546 0.2594338 0.0224349 0.9643136
6.748254 0.3133716 -0.0552986 0.9510991 0.0462463 0.2690166 0.0266627 0.9616551
6.955504 0.3707615 -0.0651856 1.0381926 0.0476791 0.2826975 0.0294386 0.9575710
7.473752 0.5158089 -0.0891873 1.2442708 0.0498690 0.3091997 0.0286602 0.9492561
7.577401 0.5458629 -0.0937760 1.2859910 0.0512301 0.3113544 0.0286774 0.9484785
7.784655 0.6094714 -0.1038156 1.3721696 0.0523342 0.3093063 0.0292907 0.9490694
7.888275 0.6415594 -0.1087999 1.4169177 0.0520590 0.3059544 0.0285616 0.9501926
8.199389 0.7382694 -0.1247792 1.5570700 0.0511767 0.2945697 0.0256487 0.9539139
8.303130 0.7709149 -0.1300755 1.6059835 0.0506231 0.2921710 0.0233430 0.9547400
8.510755 0.8379362 -0.1419356 1.7070652 0.0484411 0.2916821 0.0207123 0.9550633
8.614628 0.8727362 -0.1477237 1.7587587 0.0480142 0.2922052 0.0203195 0.9549335
8.718382 0.9075491 -0.1532458 1.8106436 0.0476451 0.2925262 0.0198929 0.9548627
8.822133 0.9429240 -0.1590904 1.8633978 0.0473510 0.2927090 0.0200568 0.9548178
9.237279 1.0911651 -0.1828493 2.0797126 0.0457845 0.2925269 0.0191220 0.9549692
9.341007 1.1267577 -0.1890140 2.1333170 0.0454932 0.2923290 0.0184648 0.9550566
9.444755 1.1628013 -0.1948540 2.1875510 0.0447838 0.2916395 0.0180831 0.9553082
9.755883 1.2707977 -0.2131197 2.3503797 0.0425163 0.2877378 0.0194861 0.9565666
9.859630 1.3060510 -0.2189877 2.4036293 0.0425967 0.2865357 0.0196561 0.9569203
9.963509 1.3415303 -0.2246296 2.4572577 0.0428844 0.2861037 0.0194174 0.9570416
10.378880 1.4837570 -0.2488554 2.6709800 0.0442135 0.2937292 0.0180032 0.9546959
10.482760 1.5205860 -0.2549380 2.7236066 0.0426640 0.2966510 0.0192470 0.9538383
10.586510 1.5562699 -0.2605864 2.7754333 0.0416815 0.2997466 0.0177801 0.9529420
10.690390 1.5923982 -0.2662089 2.8270271 0.0431430 0.3025906 0.0185077 0.9519638
10.794130 1.6286746 -0.2715700 2.8776236 0.0440026 0.3054039 0.0184942 0.9510258
11.001750 1.7022367 -0.2832351 2.9783325 0.0448331 0.3101099 0.0169884 0.9494910
11.105390 1.7399495 -0.2887497 3.0283024 0.0443654 0.3117975 0.0177774 0.9489457
11.209130 1.7770817 -0.2939188 3.0783737 0.0404221 0.3130796 0.0192873 0.9486703
11.312890 1.8140047 -0.2991753 3.1281588 0.0353928 0.3142715 0.0203969 0.9484539
11.416630 1.8505100 -0.3039210 3.1773903 0.0345148 0.3152936 0.0215659 0.9481211
11.520390 1.8867141 -0.3084816 3.2258482 0.0369656 0.3160749 0.0205753 0.9477905
11.624010 1.9233958 -0.3130699 3.2744191 0.0403781 0.3167762 0.0203801 0.9474213
11.727800 1.9603884 -0.3179616 3.3226917 0.0417127 0.3170021 0.0228669 0.9472311
11.831510 1.9976664 -0.3229254 3.3709030 0.0419210 0.3168219 0.0246167 0.9472384
11.935260 2.0339057 -0.3278937 3.4192965 0.0401138 0.3166669 0.0245995 0.9473689
12.038930 2.0701873 -0.3323366 3.4676714 0.0375715 0.3162165 0.0247329 0.9476201
12.142640 2.1060145 -0.3367834 3.5160773 0.0342515 0.3157783 0.0241329 0.9479074
12.246380 2.1411035 -0.3408180 3.5647659 0.0323960 0.3157298 0.0201021 0.9480829
12.350150 2.1760366 -0.3443948 3.6130946 0.0307333 0.3149717 0.0167583 0.9484553
12.453880 2.2114480 -0.3486347 3.6610053 0.0306230 0.3139337 0.0185883 0.9487689
12.557630 2.2472005 -0.3527806 3.7088404 0.0319135 0.3121155 0.0202781 0.9492915
12.661390 2.2822101 -0.3567856 3.7569606 0.0334523 0.3091531 0.0209554 0.9501927
12.765050 2.3170345 -0.3606124 3.8049152 0.0341803 0.3047388 0.0233223 0.9515367
12.868760 2.3516867 -0.3653277 3.8530450 0.0348230 0.3000821 0.0269274 0.9528972
12.972400 2.3848991 -0.3691493 3.9018517 0.0347822 0.2945104 0.0254997 0.9546746
13.076170 2.4173675 -0.3730251 3.9513628 0.0339933 0.2885332 0.0245325 0.9565517
13.179930 2.4489505 -0.3770751 4.0006475 0.0322631 0.2821766 0.0248899 0.9584967
13.283680 2.4805586 -0.3811980 4.0509419 0.0319777 0.2760084 0.0246125 0.9603078
13.387430 2.5106075 -0.3848966 4.1012363 0.0316688 0.2695682 0.0248367 0.9621399
13.491130 2.5402212 -0.3891065 4.1509662 0.0321257 0.2630531 0.0255413 0.9639080
13.594890 2.5688581 -0.3935148 4.2010026 0.0343671 0.2565733 0.0246669 0.9655986
13.698760 2.5965915 -0.3973123 4.2506943 0.0393402 0.2503531 0.0249072 0.9670343
13.802490 2.6243227 -0.4016776 4.3013997 0.0419870 0.2433874 0.0240434 0.9687216
13.906260 2.6506116 -0.4066412 4.3523507 0.0405106 0.2369598 0.0238345 0.9703818
14.010030 2.6760349 -0.4116792 4.4036050 0.0385463 0.2308927 0.0231555 0.9719396
14.113800 2.7010615 -0.4167231 4.4545784 0.0390657 0.2256614 0.0214692 0.9731854
14.217640 2.7247100 -0.4215944 4.5055547 0.0420025 0.2223385 0.0181569 0.9738951
14.321530 2.7485266 -0.4266679 4.5568972 0.0451088 0.2197496 0.0145301 0.9744045
14.425390 2.7719684 -0.4321363 4.6080594 0.0464271 0.2179098 0.0129424 0.9747781
14.529260 2.7953742 -0.4378772 4.6590800 0.0464305 0.2160230 0.0122691 0.9752066
14.633120 2.8179665 -0.4435162 4.7098675 0.0465155 0.2137522 0.0118001 0.9757085
14.736910 2.8415623 -0.4489819 4.7611222 0.0444932 0.2105269 0.0104955 0.9765186
14.840760 2.8639605 -0.4546910 4.8125920 0.0426390 0.2077094 0.0111487 0.9771972
14.944510 2.8862543 -0.4601416 4.8637381 0.0412904 0.2046807 0.0103238 0.9779030
15.048260 2.9070528 -0.4655274 4.9148269 0.0408256 0.2020303 0.0060100 0.9785095
15.152010 2.9273124 -0.4705181 4.9658675 0.0414959 0.1991385 0.0019651 0.9790905
15.255760 2.9480484 -0.4758841 5.0162029 0.0435181 0.1956053 0.0024187 0.9797137
15.359530 2.9690788 -0.4813006 5.0673809 0.0451294 0.1916788 0.0030839 0.9804147
15.463280 2.9887822 -0.4866062 5.1184168 0.0442730 0.1885363 0.0024656 0.9810647
15.567140 3.0085924 -0.4925840 5.1698194 0.0416614 0.1848295 0.0029322 0.9818828
15.670890 3.0277398 -0.4977855 5.2214451 0.0404400 0.1813447 0.0021107 0.9825855
15.774640 3.0462265 -0.5030438 5.2724848 0.0422237 0.1781189 0.0008237 0.9831023
15.878390 3.0646303 -0.5086434 5.3229566 0.0434341 0.1747400 0.0006600 0.9836559
15.982160 3.0823834 -0.5142946 5.3740430 0.0437581 0.1714131 -0.0004435 0.9842269
16.086050 3.0999339 -0.5197513 5.4254417 0.0434591 0.1678988 -0.0004884 0.9848457
16.189760 3.1178560 -0.5254112 5.4775515 0.0433154 0.1636602 0.0017601 0.9855638
16.293510 3.1352551 -0.5309050 5.5279655 0.0436926 0.1595827 0.0031806 0.9862120
16.397260 3.1518972 -0.5363186 5.5788116 0.0440002 0.1561934 0.0039036 0.9867383
16.501030 3.1675799 -0.5418984 5.6293879 0.0436288 0.1528848 0.0005406 0.9872804
16.604760 3.1829035 -0.5473321 5.6812987 0.0429314 0.1501075 -0.0014409 0.9877360
16.708640 3.1987338 -0.5531182 5.7325497 0.0426483 0.1478038 -0.0001732 0.9880967
16.812390 3.2142718 -0.5585367 5.7839365 0.0427124 0.1453266 0.0003851 0.9884613
16.916160 3.2292995 -0.5643338 5.8353691 0.0430981 0.1429934 0.0007590 0.9887846
17.020010 3.2448440 -0.5696597 5.8864770 0.0424165 0.1398025 0.0039680 0.9892625
17.227520 3.2744429 -0.5803770 5.9883099 0.0410216 0.1343610 0.0086195 0.9900455
17.331410 3.2880881 -0.5856936 6.0392842 0.0418478 0.1323002 0.0078655 0.9902947
17.435140 3.3014686 -0.5905821 6.0906620 0.0430282 0.1305263 0.0070252 0.9904858
17.539040 3.3145704 -0.5958713 6.1416078 0.0427314 0.1297397 0.0055642 0.9906113
17.642890 3.3277636 -0.6012027 6.1927118 0.0421730 0.1293415 0.0057490 0.9906862
17.746640 3.3415110 -0.6060525 6.2441611 0.0399788 0.1287749 0.0065757 0.9908459
17.850540 3.3547206 -0.6110672 6.2954378 0.0373899 0.1282741 0.0063181 0.9910135
17.954270 3.3680739 -0.6158613 6.3461604 0.0366010 0.1277790 0.0067622 0.9911040
18.058140 3.3810403 -0.6207825 6.3962569 0.0388295 0.1272073 0.0063499 0.9910955
18.161890 3.3939157 -0.6252982 6.4465427 0.0408336 0.1274488 0.0057657 0.9909875
18.265770 3.4069724 -0.6304764 6.4967637 0.0403151 0.1272219 0.0043395 0.9910451
18.369580 3.4194252 -0.6356429 6.5466943 0.0398969 0.1271963 0.0033690 0.9910691
18.473380 3.4325695 -0.6407038 6.5961542 0.0400449 0.1267437 0.0055355 0.9911114
18.577160 3.4452012 -0.6455680 6.6454930 0.0412399 0.1264381 0.0042529 0.9911078
18.680990 3.4567769 -0.6507086 6.6945724 0.0418751 0.1268762 -0.0004359 0.9910342
18.784860 3.4687335 -0.6558564 6.7436671 0.0427080 0.1266838 -0.0037563 0.9910162
18.888520 3.4810760 -0.6611269 6.7921162 0.0445781 0.1266021 -0.0021529 0.9909491
18.992370 3.4934337 -0.6665617 6.8400702 0.0449295 0.1262092 -0.0014695 0.9909846
19.096040 3.5053947 -0.6719586 6.8880858 0.0454754 0.1254702 -0.0022110 0.9910522
19.199890 3.5183592 -0.6772927 6.9365029 0.0450912 0.1243037 0.0027791 0.9912152
19.303520 3.5311706 -0.6825467 6.9836822 0.0434863 0.1221994 0.0062036 0.9915330
19.407390 3.5441875 -0.6880919 7.0320711 0.0409605 0.1207307 0.0100033 0.9917894
19.511150 3.5560892 -0.6930029 7.0794015 0.0408236 0.1186891 0.0110817 0.9920300
19.614770 3.5670476 -0.6979238 7.1258163 0.0432241 0.1161709 0.0106902 0.9922307
19.718390 3.5781085 -0.7028008 7.1726627 0.0448599 0.1128305 0.0114790 0.9925347
19.822140 3.5876286 -0.7072213 7.2192378 0.0453791 0.1091338 0.0108366 0.9929316
19.925670 3.5982621 -0.7124502 7.2661381 0.0430657 0.1036236 0.0124910 0.9936053
20.029410 3.6077971 -0.7174723 7.3128891 0.0423218 0.0976555 0.0145111 0.9942141
20.132890 3.6161733 -0.7219373 7.3585291 0.0438551 0.0908925 0.0162501 0.9947619
20.236640 3.6242867 -0.7267797 7.4054179 0.0445116 0.0835600 0.0166855 0.9953683
20.340390 3.6307745 -0.7316203 7.4518623 0.0446392 0.0768700 0.0171396 0.9958938
20.444020 3.6367729 -0.7366669 7.4978304 0.0456187 0.0703034 0.0175550 0.9963273
20.547770 3.6422153 -0.7421873 7.5433793 0.0487294 0.0634856 0.0159258 0.9966651
20.651520 3.6464608 -0.7473115 7.5886621 0.0532868 0.0573522 0.0113612 0.9968662
20.755270 3.6503944 -0.7527452 7.6330667 0.0571939 0.0504587 0.0089858 0.9970466
20.859140 3.6538968 -0.7581016 7.6780353 0.0576650 0.0440103 0.0082913 0.9973310
20.962890 3.6563549 -0.7639934 7.7231197 0.0556176 0.0382038 0.0063161 0.9977010
21.066770 3.6589801 -0.7698116 7.7682471 0.0545516 0.0328440 0.0042835 0.9979615
21.170640 3.6602154 -0.7754668 7.8116632 0.0579348 0.0287505 0.0020265 0.9979042
21.274520 3.6617029 -0.7813546 7.8551774 0.0617041 0.0255291 0.0006112 0.9977677
21.378530 3.6637583 -0.7868663 7.8993659 0.0633307 0.0236946 -0.0006593 0.9977111
21.482520 3.6651456 -0.7927487 7.9433494 0.0609658 0.0240445 -0.0022090 0.9978477
21.586400 3.6669848 -0.7991785 7.9874172 0.0586997 0.0250384 -0.0026884 0.9979580
21.690420 3.6693921 -0.8049570 8.0311279 0.0572879 0.0264397 -0.0017462 0.9980060
21.794280 3.6720665 -0.8104935 8.0744877 0.0575813 0.0277396 -0.0006401 0.9979551
21.898270 3.6749170 -0.8162807 8.1177540 0.0576081 0.0294063 0.0003660 0.9979060
22.002150 3.6776726 -0.8220585 8.1608028 0.0568329 0.0317096 -0.0002081 0.9978800
22.106150 3.6806672 -0.8273711 8.2036219 0.0570214 0.0343566 -0.0005505 0.9977815
22.210070 3.6835480 -0.8328782 8.2462349 0.0560267 0.0375039 -0.0012863 0.9977238
22.313900 3.6872845 -0.8383602 8.2890463 0.0548708 0.0402333 -0.0003709 0.9976825
22.417770 3.6908453 -0.8436759 8.3309393 0.0547398 0.0429366 -0.0007160 0.9975768
22.521520 3.6944153 -0.8489774 8.3727484 0.0553853 0.0457076 -0.0014328 0.9974173
22.625400 3.6981440 -0.8544216 8.4142113 0.0565455 0.0477530 -0.0016991 0.9972559
22.729170 3.7020900 -0.8599516 8.4555769 0.0576529 0.0490409 -0.0018210 0.9971298
22.832900 3.7063701 -0.8650877 8.4967661 0.0585360 0.0497281 -0.0004287 0.9970459
22.936520 3.7105522 -0.8703653 8.5375547 0.0577877 0.0494051 0.0012593 0.9971049
23.040140 3.7146511 -0.8758472 8.5781021 0.0559611 0.0472816 0.0024346 0.9973098
23.143770 3.7180290 -0.8812422 8.6182690 0.0559526 0.0434825 0.0030436 0.9974815
23.247420 3.7210736 -0.8863860 8.6579456 0.0564288 0.0377301 0.0041427 0.9976848
23.351020 3.7233880 -0.8915544 8.6972275 0.0565704 0.0304181 0.0055383 0.9979197
23.454650 3.7246397 -0.8964173 8.7363653 0.0554833 0.0229178 0.0050435 0.9981838
23.558270 3.7250049 -0.9013265 8.7755604 0.0530804 0.0148833 0.0025500 0.9984761
23.662020 3.7248166 -0.9060283 8.8142347 0.0498112 0.0066746 0.0016071 0.9987351
23.765650 3.7242906 -0.9105160 8.8531504 0.0460824 -0.0019164 0.0015791 0.9989346
23.869400 3.7226403 -0.9146185 8.8914385 0.0424435 -0.0104052 0.0012306 0.9990439
23.973020 3.7204900 -0.9186993 8.9293118 0.0394608 -0.0189563 0.0005244 0.9990411
24.076780 3.7179613 -0.9226575 8.9667320 0.0383185 -0.0279960 0.0000828 0.9988734
24.180540 3.7147429 -0.9261599 9.0034542 0.0378051 -0.0371096 0.0006785 0.9985956
24.284160 3.7103345 -0.9295102 9.0397177 0.0374055 -0.0456604 -0.0001799 0.9982564
24.387900 3.7055516 -0.9327805 9.0763788 0.0366649 -0.0538220 -0.0029515 0.9978728
24.491650 3.6999977 -0.9362095 9.1124926 0.0348017 -0.0609540 -0.0043029 0.9975244
24.595400 3.6948667 -0.9393038 9.1486187 0.0331163 -0.0673438 -0.0032278 0.9971749
24.699270 3.6890376 -0.9422801 9.1840372 0.0325982 -0.0725457 -0.0018708 0.9968305
24.803110 3.6828518 -0.9456107 9.2191629 0.0342299 -0.0775056 -0.0043835 0.9963945
25.114270 3.6635010 -0.9553349 9.3223829 0.0458340 -0.0910826 -0.0029088 0.9947838
25.218040 3.6563609 -0.9584050 9.3575649 0.0450593 -0.0943065 -0.0028892 0.9945188
25.321770 3.6489637 -0.9618517 9.3924694 0.0409432 -0.0973793 -0.0045860 0.9943942
25.425520 3.6410818 -0.9652037 9.4278755 0.0352126 -0.0994497 -0.0074431 0.9943915
25.529390 3.6333072 -0.9685997 9.4635601 0.0311212 -0.1003539 -0.0081906 0.9944312
25.633210 3.6261327 -0.9715808 9.4985447 0.0310895 -0.1009678 -0.0066729 0.9943814
25.737020 3.6188409 -0.9742991 9.5338621 0.0324735 -0.1015038 -0.0048583 0.9942932
25.840800 3.6116307 -0.9771594 9.5689774 0.0323894 -0.1024903 -0.0032248 0.9942013
25.944520 3.6038945 -0.9795956 9.6046858 0.0312143 -0.1033764 -0.0043248 0.9941430
26.048150 3.5962825 -0.9823824 9.6401577 0.0293108 -0.1048748 -0.0046564 0.9940425
26.255540 3.5800231 -0.9878573 9.7124300 0.0252890 -0.1086272 -0.0039371 0.9937530
26.566610 3.5538800 -0.9948046 9.8186979 0.0220812 -0.1208768 -0.0016237 0.9924206
26.773900 3.5337119 -0.9994215 9.8898239 0.0248503 -0.1325975 -0.0031694 0.9908533
26.981280 3.5120578 -1.0039840 9.9611645 0.0265903 -0.1449938 -0.0033297 0.9890696
27.085020 3.5008206 -1.0063534 9.9974174 0.0250806 -0.1511290 -0.0032518 0.9881905
27.188790 3.4884534 -1.0089827 10.0332584 0.0240483 -0.1570030 -0.0041759 0.9872965
27.500020 3.4484844 -1.0158061 10.1421785 0.0223525 -0.1716668 -0.0095973 0.9848547
27.603900 3.4345722 -1.0179822 10.1793089 0.0207126 -0.1739952 -0.0100655 0.9844772
27.707780 3.4204412 -1.0200219 10.2170458 0.0191144 -0.1750858 -0.0089147 0.9843273
27.811650 3.4067476 -1.0220680 10.2550526 0.0200015 -0.1752586 -0.0064739 0.9842979
27.915520 3.3925216 -1.0243995 10.2933350 0.0203817 -0.1746332 -0.0056543 0.9844064
28.019400 3.3789721 -1.0265874 10.3312874 0.0213810 -0.1743204 -0.0039512 0.9844489
28.123280 3.3647766 -1.0283277 10.3703556 0.0210279 -0.1740910 -0.0025094 0.9845018
28.227150 3.3508239 -1.0305008 10.4096975 0.0183653 -0.1737650 -0.0009582 0.9846154
28.330900 3.3365958 -1.0327278 10.4490738 0.0168628 -0.1732212 -0.0012080 0.9847378
28.434770 3.3221414 -1.0351734 10.4885645 0.0154461 -0.1722705 -0.0009480 0.9849281
28.538650 3.3079102 -1.0369370 10.5284576 0.0153045 -0.1717402 -0.0010512 0.9850228
28.642420 3.2933962 -1.0389726 10.5684452 0.0150009 -0.1707345 -0.0018686 0.9852011
28.746150 3.2790482 -1.0412395 10.6080532 0.0153933 -0.1696334 -0.0018608 0.9853852
28.849900 3.2647848 -1.0432284 10.6475325 0.0175123 -0.1687883 -0.0013199 0.9854959
28.953800 3.2509637 -1.0454898 10.6870956 0.0204400 -0.1685206 -0.0009203 0.9854857
29.057520 3.2368855 -1.0475196 10.7270288 0.0218096 -0.1681017 -0.0019080 0.9855265
29.161270 3.2227938 -1.0498466 10.7667751 0.0203401 -0.1673243 -0.0029776 0.9856876
29.264900 3.2087476 -1.0523309 10.8068190 0.0184802 -0.1666240 -0.0042603 0.9858381
29.368650 3.1948128 -1.0546464 10.8463602 0.0183474 -0.1651821 -0.0058104 0.9860753
29.472530 3.1809924 -1.0569378 10.8862877 0.0179903 -0.1628969 -0.0069896 0.9864543
29.576300 3.1678288 -1.0589706 10.9260340 0.0175518 -0.1592898 -0.0073231 0.9870487
29.680170 3.1557682 -1.0614294 10.9653339 0.0172873 -0.1549368 -0.0066964 0.9877504
29.783900 3.1436436 -1.0636568 11.0049791 0.0183167 -0.1497193 -0.0049193 0.9885466
29.887780 3.1319587 -1.0657880 11.0446281 0.0201011 -0.1440558 -0.0049072 0.9893532
29.991660 3.1203296 -1.0675918 11.0847969 0.0198523 -0.1378865 -0.0061123 0.9902302
30.095530 3.1098719 -1.0699009 11.1251974 0.0161870 -0.1323237 -0.0037286 0.9910673
30.199280 3.0997543 -1.0719498 11.1661873 0.0121324 -0.1280469 -0.0019702 0.9916919
30.303050 3.0891232 -1.0735290 11.2068806 0.0095170 -0.1240932 -0.0020876 0.9922227
30.406780 3.0783813 -1.0749274 11.2476187 0.0086227 -0.1216644 -0.0051541 0.9925205
30.510400 3.0686586 -1.0764295 11.2883644 0.0077884 -0.1206285 -0.0045549 0.9926567
30.614030 3.0585451 -1.0777326 11.3292694 0.0074662 -0.1197203 -0.0040766 0.9927712
30.717780 3.0481040 -1.0792235 11.3696709 0.0083720 -0.1189985 -0.0040605 0.9928508
30.821410 3.0378518 -1.0804368 11.4108543 0.0092263 -0.1189038 -0.0059659 0.9928450
30.925160 3.0271020 -1.0817853 11.4519377 0.0087512 -0.1189767 -0.0065909 0.9928366
31.028780 3.0169585 -1.0832146 11.4935083 0.0079118 -0.1198501 -0.0071822 0.9927345
31.132530 3.0065536 -1.0845085 11.5351276 0.0072196 -0.1206201 -0.0065712 0.9926507
31.236300 2.9963217 -1.0857792 11.5766840 0.0070491 -0.1214259 -0.0047967 0.9925639
31.340050 2.9856961 -1.0870348 11.6185474 0.0063174 -0.1231320 -0.0045188 0.9923599
31.443650 2.9745972 -1.0883580 11.6599903 0.0053361 -0.1252618 -0.0054597 0.9920943
31.547410 2.9633992 -1.0893588 11.7019863 0.0031539 -0.1278761 -0.0067296 0.9917623
31.651030 2.9520180 -1.0902830 11.7440424 0.0010193 -0.1305721 -0.0072509 0.9914118
31.754790 2.9401748 -1.0912174 11.7859020 0.0009094 -0.1327564 -0.0081945 0.9911144
31.858530 2.9277506 -1.0925013 11.8274632 0.0026621 -0.1348717 -0.0106410 0.9908023
31.962280 2.9150214 -1.0929304 11.8697033 0.0053621 -0.1371450 -0.0127144 0.9904549
32.066030 2.9020808 -1.0936844 11.9111204 0.0065934 -0.1391406 -0.0148471 0.9901394
32.169650 2.8894196 -1.0951288 11.9534769 0.0061144 -0.1415960 -0.0160395 0.9897757
32.273410 2.8763423 -1.0963401 11.9953394 0.0071461 -0.1435039 -0.0170936 0.9894763
32.377150 2.8630865 -1.0975909 12.0370188 0.0084764 -0.1455643 -0.0173891 0.9891596
32.480910 2.8501728 -1.0986873 12.0789185 0.0085712 -0.1481423 -0.0174821 0.9887744
32.584530 2.8364341 -1.0999347 12.1214104 0.0078554 -0.1502866 -0.0178193 0.9884506
32.688280 2.8234520 -1.1015711 12.1629715 0.0077825 -0.1527888 -0.0156871 0.9881037
32.791900 2.8100266 -1.1027402 12.2047691 0.0082537 -0.1551975 -0.0141816 0.9877472
32.895660 2.7962861 -1.1041569 12.2460985 0.0091574 -0.1574710 -0.0146251 0.9873729
32.999410 2.7819166 -1.1055161 12.2877378 0.0083519 -0.1598062 -0.0171876 0.9869635
33.206780 2.7530043 -1.1084116 12.3705750 0.0093438 -0.1643891 -0.0173591 0.9861985
33.310530 2.7385664 -1.1101118 12.4114847 0.0128034 -0.1665350 -0.0163885 0.9858162
33.414280 2.7232044 -1.1114336 12.4524603 0.0154901 -0.1681497 -0.0192673 0.9854514
33.518170 2.7076702 -1.1126947 12.4937038 0.0141702 -0.1696060 -0.0225103 0.9851529
33.621780 2.6924143 -1.1143016 12.5355520 0.0086476 -0.1707983 -0.0233140 0.9849922
33.725530 2.6775482 -1.1153730 12.5777435 0.0024284 -0.1717847 -0.0227074 0.9848698
33.829280 2.6621046 -1.1159821 12.6188335 -0.0018229 -0.1725351 -0.0244184 0.9846990
33.933050 2.6468108 -1.1166571 12.6602745 -0.0029938 -0.1737298 -0.0256318 0.9844552
34.036660 2.6313941 -1.1175476 12.6995468 -0.0008868 -0.1749936 -0.0246301 0.9842610
34.140410 2.6162534 -1.1175275 12.7409115 0.0024513 -0.1774691 -0.0239170 0.9838327
34.244030 2.6004496 -1.1181562 12.7815018 0.0047374 -0.1796581 -0.0236904 0.9834324
34.451530 2.5686131 -1.1198426 12.8633852 0.0070347 -0.1841060 -0.0227293 0.9826184
34.555160 2.5522397 -1.1208096 12.9045572 0.0062314 -0.1861530 -0.0224745 0.9822440
34.658910 2.5357239 -1.1215931 12.9455090 0.0036340 -0.1879770 -0.0222795 0.9819140
34.762530 2.5193672 -1.1223212 12.9866781 0.0007447 -0.1897658 -0.0219667 0.9815834
34.866280 2.5022998 -1.1227863 13.0277958 -0.0020729 -0.1909834 -0.0219894 0.9813448
34.970030 2.4851389 -1.1229539 13.0690432 -0.0047325 -0.1918899 -0.0216167 0.9811670
35.073910 2.4681964 -1.1230464 13.1105137 -0.0082501 -0.1927484 -0.0216442 0.9809748
35.177560 2.4511535 -1.1228542 13.1514530 -0.0085058 -0.1937154 -0.0220363 0.9807734
35.281280 2.4333279 -1.1232133 13.1919832 -0.0036334 -0.1944425 -0.0256724 0.9805712
35.385050 2.4160273 -1.1233139 13.2322989 0.0035133 -0.1949314 -0.0251462 0.9804882
35.488660 2.3990018 -1.1235716 13.2727451 0.0075666 -0.1955366 -0.0242171 0.9803681
35.799780 2.3466048 -1.1256967 13.3964682 0.0026884 -0.1962729 -0.0245687 0.9802378
35.903530 2.3298917 -1.1265516 13.4374819 0.0029125 -0.1971254 -0.0228640 0.9801073
36.007180 2.3125639 -1.1268301 13.4789124 0.0024499 -0.1979494 -0.0210000 0.9799842
36.110910 2.2947123 -1.1274557 13.5205736 0.0000618 -0.1986708 -0.0215114 0.9798301
36.214530 2.2764702 -1.1279397 13.5619068 -0.0012025 -0.1989275 -0.0225445 0.9797541
36.318290 2.2588549 -1.1284320 13.6030626 -0.0008147 -0.1997638 -0.0232463 0.9795679
36.422040 2.2412512 -1.1290356 13.6439667 0.0010910 -0.2005112 -0.0223393 0.9794361
36.629530 2.2048099 -1.1297545 13.7263565 0.0006690 -0.2021700 -0.0208190 0.9791289
36.733280 2.1863146 -1.1304657 13.7676601 -0.0008397 -0.2039089 -0.0213963 0.9787557
36.940790 2.1495311 -1.1312518 13.8495522 -0.0016716 -0.2083141 -0.0205205 0.9778453
37.044540 2.1309443 -1.1316209 13.8904982 -0.0008603 -0.2107718 -0.0210698 0.9773078
37.148290 2.1118414 -1.1322751 13.9306870 0.0010067 -0.2129897 -0.0228769 0.9767861
37.355660 2.0733414 -1.1330105 14.0118065 0.0039715 -0.2199584 -0.0205421 0.9752849
37.459410 2.0536127 -1.1338496 14.0519552 0.0038610 -0.2248914 -0.0184381 0.9742017
37.563030 2.0336235 -1.1349609 14.0918293 0.0027219 -0.2306925 -0.0158693 0.9728935
37.666660 2.0130069 -1.1353987 14.1315641 0.0029050 -0.2380919 -0.0149558 0.9711231
37.770280 1.9912699 -1.1360693 14.1705770 0.0017874 -0.2455469 -0.0157847 0.9692546
37.874040 1.9690111 -1.1366001 14.2099161 -0.0006023 -0.2531517 -0.0159502 0.9672949
37.977790 1.9460701 -1.1372049 14.2482662 -0.0024860 -0.2602859 -0.0174725 0.9653703
38.081530 1.9225018 -1.1376661 14.2862272 -0.0023476 -0.2664229 -0.0199068 0.9636478
38.185280 1.8984871 -1.1377198 14.3235483 -0.0001629 -0.2713976 -0.0229138 0.9621945
38.289160 1.8742620 -1.1378630 14.3609219 0.0015492 -0.2747051 -0.0251089 0.9611994
38.393160 1.8499073 -1.1382862 14.3982630 0.0024307 -0.2754314 -0.0278860 0.9609131
38.497160 1.8258238 -1.1387697 14.4356861 0.0048617 -0.2736302 -0.0315914 0.9613037
38.601160 1.8019966 -1.1393818 14.4735775 0.0078074 -0.2693886 -0.0345477 0.9623801
38.705160 1.7790926 -1.1399385 14.5113821 0.0104911 -0.2639110 -0.0351995 0.9638475
38.809290 1.7572902 -1.1408359 14.5503378 0.0106817 -0.2579023 -0.0312755 0.9656056
38.913290 1.7355961 -1.1418226 14.5895061 0.0092821 -0.2521271 -0.0309712 0.9671538
39.017160 1.7139362 -1.1427252 14.6285067 0.0094853 -0.2463553 -0.0330018 0.9685711
39.121160 1.6931849 -1.1437107 14.6682587 0.0086520 -0.2411593 -0.0315904 0.9699327
39.225040 1.6730897 -1.1446311 14.7078438 0.0094671 -0.2365667 -0.0291245 0.9711325
39.328910 1.6536733 -1.1457042 14.7475328 0.0100551 -0.2317542 -0.0276426 0.9723296
39.432660 1.6338435 -1.1469244 14.7872906 0.0111515 -0.2276519 -0.0280985 0.9732732
39.536410 1.6143304 -1.1480490 14.8270445 0.0104470 -0.2240253 -0.0297992 0.9740716
39.640160 1.5946419 -1.1488745 14.8669119 0.0085030 -0.2208869 -0.0318065 0.9747435
39.743820 1.5752426 -1.1497122 14.9073114 0.0057799 -0.2178670 -0.0335693 0.9753839
39.951290 1.5366632 -1.1508920 14.9888983 0.0054678 -0.2137674 -0.0353113 0.9762309
40.055040 1.5173630 -1.1517053 15.0297451 0.0099613 -0.2124699 -0.0373244 0.9764037
40.158660 1.4985932 -1.1524062 15.0703278 0.0164309 -0.2118173 -0.0367711 0.9764791
40.262420 1.4799752 -1.1538726 15.1107550 0.0200434 -0.2111866 -0.0356383 0.9765902
40.366160 1.4608073 -1.1552242 15.1522198 0.0197955 -0.2103169 -0.0366692 0.9767448
40.469910 1.4415894 -1.1567059 15.1937017 0.0180584 -0.2095855 -0.0379082 0.9768883
40.573540 1.4226623 -1.1582571 15.2355709 0.0166408 -0.2096981 -0.0372143 0.9769160
40.781040 1.3845681 -1.1613225 15.3191195 0.0138532 -0.2110063 -0.0359390 0.9767256
40.988410 1.3451583 -1.1640202 15.4026165 0.0134540 -0.2151304 -0.0357137 0.9758393
41.195790 1.3046538 -1.1665394 15.4862375 0.0136034 -0.2190380 -0.0379476 0.9748832
41.403160 1.2637312 -1.1689081 15.5699644 0.0161008 -0.2239877 -0.0357030 0.9738047
41.610540 1.2216549 -1.1720099 15.6536455 0.0186371 -0.2308403 -0.0333613 0.9722409
41.714170 1.1995020 -1.1735358 15.6954126 0.0178748 -0.2350943 -0.0340577 0.9712112
41.817920 1.1767218 -1.1748916 15.7375107 0.0152989 -0.2388886 -0.0361463 0.9702534
41.921540 1.1532944 -1.1758643 15.7791567 0.0124694 -0.2424610 -0.0387762 0.9693058
42.128920 1.1057365 -1.1780633 15.8625498 0.0077546 -0.2502184 -0.0422948 0.9672341
42.232670 1.0818018 -1.1786933 15.9038572 0.0093540 -0.2547202 -0.0421490 0.9660505
42.336290 1.0573014 -1.1792253 15.9453936 0.0128259 -0.2590843 -0.0409178 0.9649024
42.543790 1.0077170 -1.1819229 16.0276794 0.0190047 -0.2680084 -0.0365297 0.9625362
42.647420 0.9820040 -1.1833227 16.0691376 0.0203835 -0.2721297 -0.0331820 0.9614723
42.751180 0.9560046 -1.1850927 16.1108704 0.0184072 -0.2761585 -0.0294346 0.9604849
42.854790 0.9295132 -1.1866351 16.1526642 0.0151927 -0.2807853 -0.0283204 0.9592324
43.062290 0.8746567 -1.1889178 16.2359905 0.0087607 -0.2894959 -0.0272572 0.9567510
43.166060 0.8463806 -1.1897901 16.2770100 0.0076433 -0.2932552 -0.0281699 0.9555885
43.269790 0.8175337 -1.1904809 16.3176861 0.0081241 -0.2971356 -0.0308100 0.9543035
43.373560 0.7880689 -1.1910950 16.3581772 0.0076111 -0.3005221 -0.0332458 0.9531649
43.477330 0.7590958 -1.1915114 16.3991356 0.0061195 -0.3034686 -0.0325733 0.9522648
43.581040 0.7294903 -1.1921545 16.4400425 0.0066207 -0.3059883 -0.0325993 0.9514539
43.684940 0.7001523 -1.1926738 16.4802094 0.0086783 -0.3087617 -0.0310764 0.9505920
43.892430 0.6398126 -1.1939348 16.5612774 0.0100646 -0.3146053 -0.0299818 0.9486956
43.996060 0.6086652 -1.1948208 16.6016788 0.0082029 -0.3169824 -0.0325345 0.9478378
44.099960 0.5771208 -1.1953257 16.6423225 0.0058949 -0.3193725 -0.0338240 0.9470071
44.203560 0.5456777 -1.1955961 16.6818295 0.0067457 -0.3217751 -0.0340317 0.9461803
44.307300 0.5140731 -1.1960772 16.7215233 0.0089876 -0.3244005 -0.0345272 0.9452467
44.411040 0.4825991 -1.1968571 16.7610207 0.0113097 -0.3272430 -0.0331329 0.9442914
44.514790 0.4509600 -1.1977345 16.8010540 0.0106608 -0.3300380 -0.0305626 0.9434125
44.618540 0.4189746 -1.1985356 16.8406239 0.0093347 -0.3326162 -0.0284970 0.9425854
44.722330 0.3870801 -1.1994539 16.8803673 0.0081575 -0.3355888 -0.0259639 0.9416153
44.826160 0.3547849 -1.2002468 16.9196072 0.0076809 -0.3389163 -0.0238920 0.9404817
44.929790 0.3223457 -1.2008405 16.9589787 0.0060562 -0.3418460 -0.0205231 0.9395123
45.033540 0.2889914 -1.2015527 16.9976406 0.0051800 -0.3443502 -0.0221753 0.9385651
45.137340 0.2557270 -1.2023529 17.0357265 0.0048576 -0.3463362 -0.0222436 0.9378341
45.241040 0.2227483 -1.2029281 17.0738735 0.0058728 -0.3493215 -0.0216617 0.9367341
45.344810 0.1890533 -1.2036908 17.1114483 0.0062799 -0.3515081 -0.0232746 0.9358744
45.448540 0.1558661 -1.2043631 17.1494198 0.0053454 -0.3541612 -0.0204378 0.9349458
45.552290 0.1220761 -1.2051845 17.1867104 0.0042207 -0.3569091 -0.0217297 0.9338768
45.656170 0.0885813 -1.2056932 17.2240124 0.0053125 -0.3594206 -0.0205181 0.9329349
45.759920 0.0549244 -1.2060640 17.2611523 0.0041045 -0.3620619 -0.0188626 0.9319541
45.863670 0.0209109 -1.2066191 17.2976398 0.0036697 -0.3642375 -0.0214757 0.9310512
45.967420 -0.0135575 -1.2071120 17.3336658 0.0029993 -0.3657595 -0.0243642 0.9303856
46.071290 -0.0479329 -1.2073326 17.3700714 0.0026264 -0.3675425 -0.0248467 0.9296710
46.175050 -0.0819295 -1.2073182 17.4065895 -0.0003904 -0.3689397 -0.0251199 0.9291137
46.278790 -0.1165596 -1.2077920 17.4424305 0.0000880 -0.3700841 -0.0264171 0.9286225
46.382670 -0.1510324 -1.2078582 17.4779320 0.0023107 -0.3709711 -0.0252704 0.9282976
46.486540 -0.1851964 -1.2079660 17.5139046 0.0058353 -0.3715305 -0.0228113 0.9281222
46.590420 -0.2192351 -1.2084446 17.5494442 0.0055859 -0.3712339 -0.0228703 0.9282409
46.694170 -0.2538063 -1.2089398 17.5853386 0.0046999 -0.3705280 -0.0235790 0.9285101
46.798050 -0.2883889 -1.2091749 17.6215897 0.0024201 -0.3696299 -0.0247972 0.9288449
46.901920 -0.3226351 -1.2094034 17.6579075 0.0018109 -0.3680004 -0.0248909 0.9294906
47.005800 -0.3566198 -1.2094539 17.6944485 0.0020896 -0.3656217 -0.0251725 0.9304208
47.109670 -0.3907180 -1.2097528 17.7306614 0.0052623 -0.3625689 -0.0266222 0.9315618
47.213560 -0.4247112 -1.2100664 17.7675934 0.0073688 -0.3590680 -0.0265709 0.9329040
47.317420 -0.4581713 -1.2103773 17.8052349 0.0087138 -0.3557393 -0.0258112 0.9341881
47.525050 -0.5250603 -1.2122227 17.8817139 0.0082143 -0.3480451 -0.0258352 0.9370857
47.628800 -0.5585448 -1.2128841 17.9203548 0.0070141 -0.3441118 -0.0279884 0.9384852
47.732670 -0.5916995 -1.2132299 17.9600029 0.0041644 -0.3398431 -0.0298198 0.9400001
47.940170 -0.6571692 -1.2135695 18.0396118 0.0039417 -0.3312716 -0.0325178 0.9429667
48.043920 -0.6888811 -1.2140002 18.0797882 0.0073716 -0.3278870 -0.0316555 0.9441577
48.251420 -0.7517999 -1.2147471 18.1620426 0.0092658 -0.3213344 -0.0285204 0.9464909
48.355050 -0.7832228 -1.2160674 18.2031612 0.0080191 -0.3179903 -0.0293833 0.9476046
48.458800 -0.8146620 -1.2169143 18.2448444 0.0073016 -0.3148611 -0.0296113 0.9486477
48.562550 -0.8455613 -1.2173318 18.2870331 0.0066529 -0.3123524 -0.0291307 0.9494963
48.666190 -0.8768240 -1.2179372 18.3292084 0.0061623 -0.3095280 -0.0302793 0.9503881
48.769940 -0.9079151 -1.2183623 18.3718204 0.0062178 -0.3070090 -0.0318194 0.9511542
48.873550 -0.9386709 -1.2188249 18.4144249 0.0065778 -0.3045501 -0.0329211 0.9519045
48.977300 -0.9698223 -1.2194103 18.4577122 0.0069187 -0.3023476 -0.0338807 0.9525703
49.080930 -1.0003555 -1.2200812 18.5009422 0.0076419 -0.3002076 -0.0346660 0.9532132
49.184670 -1.0315872 -1.2204404 18.5445843 0.0080682 -0.2978869 -0.0353285 0.9539131
49.288320 -1.0619118 -1.2213305 18.5885372 0.0078176 -0.2959962 -0.0345336 0.9545326
49.392050 -1.0927734 -1.2217789 18.6327629 0.0076946 -0.2940860 -0.0349051 0.9551104
49.495800 -1.1224666 -1.2224126 18.6768932 0.0073666 -0.2923680 -0.0347586 0.9556456
49.599420 -1.1526254 -1.2228452 18.7208958 0.0071811 -0.2906391 -0.0361668 0.9561220
49.703170 -1.1824390 -1.2236214 18.7653065 0.0067468 -0.2885328 -0.0371299 0.9567260
49.806800 -1.2120029 -1.2241794 18.8089085 0.0074499 -0.2866010 -0.0378046 0.9572749
49.910550 -1.2412590 -1.2248617 18.8534164 0.0088281 -0.2849100 -0.0373140 0.9577870
50.014170 -1.2706130 -1.2256507 18.8976746 0.0086194 -0.2836173 -0.0369396 0.9581870
50.117990 -1.2995609 -1.2261484 18.9423542 0.0057674 -0.2829004 -0.0356467 0.9584693
50.221580 -1.3284841 -1.2266223 18.9874687 0.0011171 -0.2826656 -0.0347024 0.9585899
50.325300 -1.3574723 -1.2266474 19.0324020 -0.0014837 -0.2822124 -0.0345234 0.9587294
50.428990 -1.3861302 -1.2268744 19.0771332 -0.0008805 -0.2819720 -0.0336378 0.9588324
50.532690 -1.4153241 -1.2269109 19.1215172 0.0021322 -0.2814464 -0.0318376 0.9590462
50.636450 -1.4439230 -1.2274250 19.1659641 0.0052464 -0.2811899 -0.0299681 0.9591697
50.740210 -1.4724383 -1.2282577 19.2106171 0.0058739 -0.2807830 -0.0282608 0.9593371
50.843990 -1.5014521 -1.2287689 19.2558479 0.0046488 -0.2801865 -0.0273204 0.9595455
50.947600 -1.5305465 -1.2297055 19.3016434 0.0020282 -0.2797102 -0.0263872 0.9597197
51.051200 -1.5577824 -1.2310795 19.3453579 -0.0008604 -0.2795378 -0.0252960 0.9598010
51.154950 -1.5872550 -1.2312100 19.3908062 -0.0023822 -0.2789423 -0.0251109 0.9599766
51.258560 -1.6160122 -1.2313441 19.4351635 -0.0029292 -0.2788537 -0.0252909 0.9599960
51.362310 -1.6454821 -1.2314301 19.4808483 -0.0017075 -0.2786821 -0.0245415 0.9600683
51.465930 -1.6736232 -1.2314422 19.5259075 -0.0007060 -0.2792352 -0.0232425 0.9599411
51.569680 -1.7030294 -1.2314928 19.5710640 -0.0009584 -0.2790020 -0.0230024 0.9600145
51.673320 -1.7318094 -1.2318022 19.6166954 -0.0028951 -0.2788159 -0.0223898 0.9600792
51.776930 -1.7614553 -1.2319512 19.6622639 -0.0035666 -0.2781840 -0.0219521 0.9602703
51.880670 -1.7903432 -1.2318816 19.7076263 -0.0025428 -0.2778518 -0.0213682 0.9603829
51.984300 -1.8191098 -1.2319149 19.7529678 -0.0019068 -0.2775520 -0.0207784 0.9604840
52.088050 -1.8477396 -1.2320411 19.7982388 -0.0024047 -0.2773487 -0.0200949 0.9605561
52.191670 -1.8767594 -1.2325087 19.8437386 -0.0037379 -0.2771856 -0.0201754 0.9605973
52.295430 -1.9053959 -1.2326386 19.8890362 -0.0048229 -0.2772897 -0.0188673 0.9605890
52.399170 -1.9337716 -1.2324653 19.9342155 -0.0058897 -0.2775189 -0.0170747 0.9605504
52.502930 -1.9622908 -1.2324603 19.9796028 -0.0073114 -0.2776809 -0.0144242 0.9605373
52.606680 -1.9903518 -1.2324181 20.0248413 -0.0092011 -0.2782150 -0.0116021 0.9604047
52.710430 -2.0184669 -1.2323009 20.0698509 -0.0103659 -0.2785131 -0.0083201 0.9603404
52.814180 -2.0464983 -1.2322718 20.1142921 -0.0120552 -0.2791893 -0.0076140 0.9601302
52.917930 -2.0747523 -1.2317559 20.1589222 -0.0128769 -0.2798288 -0.0061301 0.9599440
53.021680 -2.1027007 -1.2313551 20.2023067 -0.0141957 -0.2803285 -0.0060702 0.9597800
53.125430 -2.1298368 -1.2309097 20.2450218 -0.0142822 -0.2812324 -0.0056705 0.9595166
53.229180 -2.1571860 -1.2304019 20.2874470 -0.0147186 -0.2819866 -0.0051112 0.9592918
53.332930 -2.1842446 -1.2299477 20.3295898 -0.0152977 -0.2829686 -0.0045258 0.9589965
53.436550 -2.2109506 -1.2296307 20.3707371 -0.0167237 -0.2836611 -0.0049764 0.9587659
53.540300 -2.2373900 -1.2289199 20.4110584 -0.0186312 -0.2840831 -0.0065486 0.9585962
53.644050 -2.2637305 -1.2279676 20.4508476 -0.0211601 -0.2840763 -0.0094204 0.9585218
53.747800 -2.2898560 -1.2270759 20.4898129 -0.0232711 -0.2836022 -0.0134901 0.9585647
53.851550 -2.3154113 -1.2258475 20.5276833 -0.0236136 -0.2831543 -0.0173886 0.9586259
53.955300 -2.3401620 -1.2244979 20.5647602 -0.0235670 -0.2827917 -0.0204720 0.9586732
54.059050 -2.3645291 -1.2230366 20.6013622 -0.0226907 -0.2824195 -0.0237204 0.9587292
54.162800 -2.3882313 -1.2215147 20.6371822 -0.0217383 -0.2818272 -0.0253395 0.9588841
54.266550 -2.4115314 -1.2202879 20.6723976 -0.0206929 -0.2812484 -0.0257291 0.9590668
54.370180 -2.4339333 -1.2190592 20.7073364 -0.0198915 -0.2810920 -0.0255389 0.9591347
54.473930 -2.4561126 -1.2178572 20.7418327 -0.0200479 -0.2806595 -0.0249555 0.9592735
54.577570 -2.4778569 -1.2166871 20.7758846 -0.0196473 -0.2804860 -0.0253418 0.9593223
54.681310 -2.4993947 -1.2156961 20.8093624 -0.0194347 -0.2795218 -0.0256795 0.9595991
54.785060 -2.5205500 -1.2145259 20.8424397 -0.0196734 -0.2776223 -0.0262208 0.9601309
54.888800 -2.5412755 -1.2132850 20.8750572 -0.0197825 -0.2747824 -0.0283010 0.9608862
54.992680 -2.5611091 -1.2122585 20.9074497 -0.0203534 -0.2713416 -0.0288882 0.9618341
55.096430 -2.5806496 -1.2112173 20.9393406 -0.0193427 -0.2679290 -0.0303430 0.9627664
55.200180 -2.5996060 -1.2103752 20.9710388 -0.0164106 -0.2644208 -0.0305871 0.9637825
55.304050 -2.6182356 -1.2094762 21.0023193 -0.0131767 -0.2603502 -0.0314883 0.9649107
55.407810 -2.6361139 -1.2084563 21.0344563 -0.0115497 -0.2557407 -0.0315654 0.9661609
55.511680 -2.6544931 -1.2074198 21.0670147 -0.0119878 -0.2495598 -0.0326812 0.9677335
55.615430 -2.6724348 -1.2064052 21.1002254 -0.0150600 -0.2436078 -0.0348009 0.9691322
55.719180 -2.6898372 -1.2056688 21.1336727 -0.0177531 -0.2379645 -0.0357275 0.9704542
55.822930 -2.7066641 -1.2044078 21.1677189 -0.0196621 -0.2324293 -0.0357469 0.9717573
55.926680 -2.7231522 -1.2033337 21.2020741 -0.0205793 -0.2270459 -0.0351329 0.9730325
56.030430 -2.7395411 -1.2020916 21.2366276 -0.0201227 -0.2218755 -0.0336555 0.9742862
56.134050 -2.7554312 -1.2010264 21.2714653 -0.0183756 -0.2177851 -0.0308361 0.9753364
56.237800 -2.7712445 -1.1998122 21.3068123 -0.0166117 -0.2141839 -0.0271076 0.9762758
56.341580 -2.7867651 -1.1986296 21.3423386 -0.0164101 -0.2112638 -0.0237010 0.9770039
56.445350 -2.8026175 -1.1974462 21.3787193 -0.0192331 -0.2085045 -0.0213678 0.9775988
56.549070 -2.8184512 -1.1957271 21.4158325 -0.0266314 -0.2058852 -0.0209768 0.9779888
56.756680 -2.8517115 -1.1916339 21.4912968 -0.0410256 -0.2002648 -0.0266036 0.9785209
56.860440 -2.8672738 -1.1891644 21.5292416 -0.0425816 -0.1974715 -0.0264486 0.9790262
56.964280 -2.8829336 -1.1860842 21.5667477 -0.0416711 -0.1946626 -0.0271274 0.9796091
57.068060 -2.8985338 -1.1830806 21.6049500 -0.0411269 -0.1914815 -0.0265941 0.9802735
57.171890 -2.9136033 -1.1801716 21.6435566 -0.0436351 -0.1883972 -0.0248227 0.9808090
57.275560 -2.9286478 -1.1769851 21.6824951 -0.0466044 -0.1850849 -0.0238609 0.9813268
57.379330 -2.9430823 -1.1739180 21.7213058 -0.0490680 -0.1818090 -0.0218009 0.9818668
57.483060 -2.9574265 -1.1704705 21.7601833 -0.0499112 -0.1790365 -0.0201848 0.9823682
57.586810 -2.9713404 -1.1672876 21.7986355 -0.0493286 -0.1760293 -0.0191204 0.9829623
57.690560 -2.9849365 -1.1638914 21.8369598 -0.0489502 -0.1730688 -0.0187112 0.9835146
57.898200 -3.0115511 -1.1574974 21.9129238 -0.0491028 -0.1655290 -0.0198371 0.9847820
58.001930 -3.0241055 -1.1543983 21.9504566 -0.0490283 -0.1606023 -0.0192276 0.9856132
58.105810 -3.0356658 -1.1513841 21.9877300 -0.0490561 -0.1553584 -0.0181081 0.9864732
58.209680 -3.0469432 -1.1482856 22.0249043 -0.0493195 -0.1498915 -0.0177504 0.9873120
58.313440 -3.0576131 -1.1451473 22.0615120 -0.0500713 -0.1447232 -0.0179838 0.9880408
58.417310 -3.0678151 -1.1425459 22.0976696 -0.0493342 -0.1392941 -0.0163969 0.9888855
58.521060 -3.0771971 -1.1399634 22.1334019 -0.0468082 -0.1340726 -0.0158447 0.9897386
58.624930 -3.0866485 -1.1374477 22.1687946 -0.0417673 -0.1279052 -0.0179493 0.9907439
58.728680 -3.0958476 -1.1348617 22.2044029 -0.0375213 -0.1206738 -0.0212083 0.9917561
58.832680 -3.1039612 -1.1326430 22.2404213 -0.0342702 -0.1122455 -0.0215983 0.9928545
58.936580 -3.1106982 -1.1308606 22.2763596 -0.0325929 -0.1027134 -0.0199043 0.9939776
59.040430 -3.1167865 -1.1291232 22.3123379 -0.0302261 -0.0923559 -0.0178867 0.9951065
59.144310 -3.1219151 -1.1276416 22.3488979 -0.0269822 -0.0819489 -0.0150052 0.9961582
59.248190 -3.1265268 -1.1265749 22.3859253 -0.0235478 -0.0716003 -0.0117434 0.9970862
59.352060 -3.1301813 -1.1256119 22.4232635 -0.0212513 -0.0614518 -0.0078048 0.9978533
59.455810 -3.1333208 -1.1244004 22.4612274 -0.0206769 -0.0519272 -0.0056625 0.9984207
59.663310 -3.1387618 -1.1219049 22.5391617 -0.0270704 -0.0351634 -0.0056645 0.9989988
59.870680 -3.1423976 -1.1193607 22.6177578 -0.0346356 -0.0235997 -0.0036188 0.9991148
60.078080 -3.1456051 -1.1153708 22.6975384 -0.0368452 -0.0156307 -0.0073660 0.9991716
60.285560 -3.1475115 -1.1108534 22.7771778 -0.0401988 -0.0082634 -0.0106992 0.9991003
60.389310 -3.1490860 -1.1093711 22.8163414 -0.0348533 -0.0048103 -0.0178703 0.9992211
60.596810 -3.1498415 -1.1061326 22.8943214 -0.0172262 -0.0000496 -0.0200427 0.9996507
60.700580 -3.1503665 -1.1048303 22.9345074 -0.0171223 0.0019891 -0.0234746 0.9995758
60.907960 -3.1516993 -1.1032175 23.0160656 -0.0255603 0.0018562 -0.0286417 0.9992611
61.115330 -3.1528637 -1.1028818 23.0940361 -0.0052943 -0.0015002 -0.0317677 0.9994801
61.322690 -3.1546042 -1.1026212 23.1716232 0.0038029 -0.0067364 -0.0345105 0.9993744
61.530190 -3.1574137 -1.1045339 23.2495670 -0.0066032 -0.0090959 -0.0378984 0.9992184
61.737600 -3.1590886 -1.1057297 23.3241291 0.0005897 -0.0122783 -0.0331167 0.9993759
61.945060 -3.1614358 -1.1075907 23.3969936 0.0046358 -0.0148868 -0.0301819 0.9994228
62.048840 -3.1622462 -1.1088678 23.4326820 0.0067059 -0.0152992 -0.0282524 0.9994612
62.256400 -3.1654174 -1.1112176 23.5029430 0.0121638 -0.0144211 -0.0295343 0.9993857
62.463960 -3.1679215 -1.1141855 23.5721207 0.0151392 -0.0101943 -0.0346020 0.9992345
63.295440 -3.1537106 -1.1291316 23.8202019 0.0189994 0.0588615 -0.0308870 0.9976073
63.503190 -3.1456871 -1.1329863 23.8711872 0.0184872 0.0778239 -0.0305290 0.9963281
63.710810 -3.1363187 -1.1371868 23.9159698 0.0264014 0.0941572 -0.0250264 0.9948925
64.955310 -3.0894172 -1.1560856 24.0988522 0.0384391 0.1382440 -0.0194971 0.9894599
65.370060 -3.0798807 -1.1598994 24.1304455 0.0429379 0.1383681 -0.0156573 0.9893258
66.407070 -3.0615656 -1.1680065 24.2099533 0.0419539 0.1133561 -0.0142960 0.9925653
67.443690 -3.0458148 -1.1803010 24.3394222 0.0363668 0.0417080 -0.0117718 0.9983984
68.376700 -3.0618255 -1.1932338 24.5000687 0.0376739 -0.0701867 -0.0208230 0.9966047
68.895320 -3.0904944 -1.2022702 24.6146069 0.0363606 -0.1264807 -0.0202710 0.9910952
68.999070 -3.0983896 -1.2042503 24.6402931 0.0363962 -0.1357243 -0.0205179 0.9898652
69.206570 -3.1158435 -1.2084298 24.6928768 0.0355168 -0.1540068 -0.0181285 0.9872648
69.621440 -3.1602573 -1.2173977 24.8063965 0.0353257 -0.1894057 -0.0149874 0.9811488
70.036720 -3.2177444 -1.2266842 24.9319515 0.0326414 -0.2126805 -0.0181699 0.9764074
70.244320 -3.2503912 -1.2316005 24.9991951 0.0314138 -0.2187393 -0.0194741 0.9750831
70.348200 -3.2672660 -1.2339054 25.0338497 0.0312874 -0.2207931 -0.0202440 0.9746085
70.555820 -3.3025987 -1.2388099 25.1052322 0.0316466 -0.2238470 -0.0211450 0.9738808
70.659570 -3.3206997 -1.2412828 25.1420364 0.0317126 -0.2253784 -0.0204054 0.9735412
70.867190 -3.3583987 -1.2464586 25.2180157 0.0329152 -0.2283122 -0.0191843 0.9728423
71.074690 -3.3979499 -1.2519993 25.2958031 0.0342814 -0.2310553 -0.0180684 0.9721686
71.178440 -3.4178770 -1.2552359 25.3354473 0.0342759 -0.2324387 -0.0166471 0.9718643
71.489570 -3.4803421 -1.2652708 25.4574051 0.0355971 -0.2354971 -0.0149838 0.9711073
71.697200 -3.5241346 -1.2720382 25.5413094 0.0385039 -0.2362631 -0.0139648 0.9708255
71.800950 -3.5465813 -1.2757092 25.5836563 0.0380007 -0.2364404 -0.0152685 0.9707826
71.904720 -3.5696146 -1.2794980 25.6270313 0.0365382 -0.2364184 -0.0155655 0.9708393
72.008470 -3.5926802 -1.2831669 25.6708603 0.0353580 -0.2366610 -0.0161306 0.9708147
72.112200 -3.6159327 -1.2865286 25.7150803 0.0356983 -0.2369345 -0.0146841 0.9707585
72.215950 -3.6392636 -1.2901913 25.7601185 0.0358410 -0.2375023 -0.0134442 0.9706324
72.319700 -3.6629500 -1.2941270 25.8059025 0.0357706 -0.2379800 -0.0119283 0.9705378
72.423450 -3.6868978 -1.2978828 25.8519726 0.0353998 -0.2385809 -0.0112263 0.9704123
72.527200 -3.7114530 -1.3018082 25.8985062 0.0352375 -0.2390462 -0.0104023 0.9703128
72.630950 -3.7363753 -1.3059583 25.9457130 0.0349893 -0.2394460 -0.0102665 0.9702247
72.734700 -3.7613010 -1.3099160 25.9927616 0.0353882 -0.2399541 -0.0105236 0.9700819
72.838470 -3.7869740 -1.3138762 26.0403194 0.0361456 -0.2402097 -0.0107135 0.9699887
72.942200 -3.8126962 -1.3179172 26.0883598 0.0360905 -0.2406265 -0.0113272 0.9698804
73.045950 -3.8386426 -1.3219661 26.1372623 0.0355169 -0.2403964 -0.0113793 0.9699581
73.149700 -3.8647952 -1.3261640 26.1857471 0.0357567 -0.2397425 -0.0139653 0.9700773
73.253450 -3.8913383 -1.3303981 26.2347260 0.0368221 -0.2383494 -0.0148736 0.9703672
73.357220 -3.9173245 -1.3344461 26.2841301 0.0386977 -0.2362563 -0.0159112 0.9707895
73.564950 -3.9686913 -1.3439261 26.3838863 0.0419799 -0.2275193 -0.0204830 0.9726526
73.772700 -4.0185728 -1.3537606 26.4858246 0.0440055 -0.2132374 -0.0240531 0.9757124
73.876700 -4.0425839 -1.3590269 26.5381241 0.0432803 -0.2049238 -0.0251482 0.9774971
73.980600 -4.0652814 -1.3640248 26.5909863 0.0417495 -0.1964433 -0.0264682 0.9792683
74.084450 -4.0873618 -1.3693410 26.6439991 0.0416449 -0.1874698 -0.0273217 0.9810068
74.292330 -4.1278143 -1.3798774 26.7512817 0.0453169 -0.1687219 -0.0276466 0.9842332
74.396200 -4.1463847 -1.3852963 26.8059006 0.0462294 -0.1585729 -0.0275809 0.9858787
74.500110 -4.1641889 -1.3908461 26.8612213 0.0452715 -0.1475248 -0.0279312 0.9876269
74.603820 -4.1802382 -1.3964332 26.9169216 0.0447294 -0.1359153 -0.0267349 0.9893491
74.707830 -4.1954079 -1.4019526 26.9731750 0.0469899 -0.1233796 -0.0270225 0.9908780
74.811700 -4.2090969 -1.4079803 27.0290127 0.0504732 -0.1102534 -0.0276728 0.9922353
75.019330 -4.2313166 -1.4213619 27.1418457 0.0557430 -0.0819691 -0.0305515 0.9946057
75.123330 -4.2400994 -1.4282409 27.1993237 0.0578666 -0.0664351 -0.0281358 0.9957139
75.227100 -4.2474480 -1.4358637 27.2569275 0.0593088 -0.0510632 -0.0303242 0.9964715
75.330950 -4.2524924 -1.4437499 27.3141804 0.0611519 -0.0365150 -0.0286434 0.9970490
75.434820 -4.2559109 -1.4517492 27.3717823 0.0642235 -0.0225645 -0.0270268 0.9973143
75.538570 -4.2576175 -1.4601784 27.4292316 0.0662120 -0.0094776 -0.0249117 0.9974495
75.642200 -4.2575521 -1.4685936 27.4864368 0.0669239 0.0022777 -0.0232367 0.9974849
75.745950 -4.2566147 -1.4773651 27.5438271 0.0671630 0.0136614 -0.0222128 0.9974012
75.953320 -4.2509208 -1.4951048 27.6600456 0.0701146 0.0357730 -0.0222928 0.9966480
76.056950 -4.2458777 -1.5041512 27.7186146 0.0706663 0.0462419 -0.0212413 0.9962012
76.160580 -4.2394977 -1.5135080 27.7776814 0.0691577 0.0550176 -0.0187856 0.9959103
76.264200 -4.2317076 -1.5228758 27.8366013 0.0685750 0.0612626 -0.0160986 0.9956331
76.367700 -4.2236872 -1.5320072 27.8959332 0.0703531 0.0655164 -0.0126852 0.9952875
76.471330 -4.2153692 -1.5414037 27.9547672 0.0721017 0.0683810 -0.0109644 0.9949901
76.574950 -4.2073445 -1.5508085 28.0136566 0.0722997 0.0706771 -0.0113934 0.9948104
76.678580 -4.1991596 -1.5606028 28.0730762 0.0721394 0.0724857 -0.0121205 0.9946833
76.782200 -4.1905828 -1.5702114 28.1328468 0.0731349 0.0742125 -0.0122815 0.9944813
76.885860 -4.1817031 -1.5800958 28.1928368 0.0748945 0.0760439 -0.0116860 0.9942191
76.989560 -4.1724424 -1.5897597 28.2534599 0.0763994 0.0777317 -0.0103853 0.9939885
77.093250 -4.1625972 -1.6000969 28.3144989 0.0760811 0.0791468 -0.0102050 0.9939030
77.300580 -4.1425982 -1.6203270 28.4381618 0.0722485 0.0815033 -0.0105510 0.9939950
77.404200 -4.1330662 -1.6303647 28.5005531 0.0729835 0.0823242 -0.0118636 0.9938589
77.507830 -4.1228895 -1.6404920 28.5632248 0.0750742 0.0825562 -0.0122203 0.9936795
77.715200 -4.1006932 -1.6617854 28.6903896 0.0765198 0.0816520 -0.0111047 0.9936571
77.818950 -4.0907125 -1.6729070 28.7541809 0.0764245 0.0816733 -0.0116599 0.9936563
77.922710 -4.0807247 -1.6837592 28.8186398 0.0764131 0.0820101 -0.0128936 0.9936142
78.026330 -4.0701876 -1.6947083 28.8835659 0.0769463 0.0822243 -0.0138603 0.9935423
78.233830 -4.0489182 -1.7169322 29.0145416 0.0756242 0.0847440 -0.0143284 0.9934255
78.441200 -4.0262389 -1.7390008 29.1464138 0.0764313 0.0870051 -0.0133268 0.9931821
78.544830 -4.0149665 -1.7500775 29.2130642 0.0758186 0.0885888 -0.0138309 0.9930822
78.648580 -4.0028353 -1.7612505 29.2800217 0.0758787 0.0902785 -0.0134519 0.9929307
78.752330 -3.9905674 -1.7723002 29.3473854 0.0753157 0.0919821 -0.0144490 0.9928032
78.855950 -3.9780250 -1.7834810 29.4150829 0.0748267 0.0937605 -0.0141263 0.9926784
78.959710 -3.9655521 -1.7947032 29.4827824 0.0747430 0.0955048 -0.0150024 0.9925056
79.063330 -3.9526649 -1.8058786 29.5513744 0.0753126 0.0970548 -0.0151105 0.9923105
79.167080 -3.9393945 -1.8175148 29.6202679 0.0753887 0.0985247 -0.0150572 0.9921606
79.270830 -3.9258766 -1.8291276 29.6895638 0.0754178 0.1000512 -0.0147248 0.9920107
79.374460 -3.9119792 -1.8407933 29.7592278 0.0761809 0.1013469 -0.0146090 0.9918225
79.478210 -3.8974912 -1.8526978 29.8293095 0.0763301 0.1026794 -0.0146507 0.9916734
79.581950 -3.8829823 -1.8644907 29.8992596 0.0763401 0.1042397 -0.0148385 0.9915070
79.685700 -3.8681056 -1.8766087 29.9702549 0.0760583 0.1060412 -0.0150707 0.9913341
79.789450 -3.8527429 -1.8891760 30.0414677 0.0759173 0.1079650 -0.0145559 0.9911449
79.893210 -3.8371475 -1.9010543 30.1128845 0.0758752 0.1100160 -0.0146496 0.9909212
79.996970 -3.8206646 -1.9135156 30.1842518 0.0762103 0.1116146 -0.0140010 0.9907261
80.100580 -3.8044751 -1.9257452 30.2564831 0.0766162 0.1129071 -0.0137764 0.9905514
80.204330 -3.7879052 -1.9382396 30.3290806 0.0768883 0.1140533 -0.0135065 0.9904028
80.307980 -3.7711840 -1.9506075 30.4023666 0.0770208 0.1151670 -0.0134769 0.9902639
80.411710 -3.7538743 -1.9634955 30.4754486 0.0769014 0.1157743 -0.0133376 0.9902043
80.515330 -3.7369692 -1.9761573 30.5491867 0.0768801 0.1166193 -0.0129337 0.9901122
80.619080 -3.7194412 -1.9888926 30.6229534 0.0774842 0.1171656 -0.0123402 0.9900082
80.722740 -3.7017782 -2.0017035 30.6972599 0.0775807 0.1176978 -0.0118178 0.9899439
80.826440 -3.6839869 -2.0143938 30.7719688 0.0769088 0.1182588 -0.0111476 0.9899372
80.930080 -3.6659777 -2.0273178 30.8470516 0.0771390 0.1187059 -0.0113559 0.9898634
81.033840 -3.6476920 -2.0403745 30.9224453 0.0768564 0.1191681 -0.0116543 0.9898264
81.137500 -3.6295331 -2.0532095 30.9978065 0.0758996 0.1196901 -0.0119870 0.9898332
81.241210 -3.6111736 -2.0662313 31.0743580 0.0748926 0.1203534 -0.0116673 0.9898334
81.344940 -3.5926907 -2.0792189 31.1501274 0.0751280 0.1207742 -0.0111854 0.9897698
81.448590 -3.5740659 -2.0923250 31.2262783 0.0759653 0.1208084 -0.0109576 0.9897043
81.552330 -3.5552297 -2.1055348 31.3025513 0.0762934 0.1207632 -0.0110074 0.9896840
81.656060 -3.5366857 -2.1185443 31.3793125 0.0763701 0.1209525 -0.0113780 0.9896508
81.759710 -3.5179026 -2.1319733 31.4558468 0.0761732 0.1208508 -0.0107200 0.9896857
81.863460 -3.4994230 -2.1450946 31.5322075 0.0766793 0.1207190 -0.0111146 0.9896584
81.967080 -3.4810345 -2.1583946 31.6086864 0.0777995 0.1205696 -0.0108978 0.9895915
82.070830 -3.4627504 -2.1716168 31.6850319 0.0786038 0.1201659 -0.0098407 0.9895882
82.174460 -3.4439554 -2.1854768 31.7615299 0.0782527 0.1191599 -0.0090673 0.9897450
82.278210 -3.4254675 -2.1986153 31.8380127 0.0777327 0.1180900 -0.0075729 0.9899268
82.381960 -3.4070520 -2.2123497 31.9142513 0.0769158 0.1172187 -0.0075042 0.9900947
82.485710 -3.3890309 -2.2254441 31.9910355 0.0769173 0.1167258 -0.0077787 0.9901506
82.589430 -3.3708200 -2.2390079 32.0666428 0.0765948 0.1162082 -0.0071899 0.9902410
82.693080 -3.3532796 -2.2516522 32.1427269 0.0772740 0.1159170 -0.0075382 0.9902198
82.796920 -3.3355374 -2.2650225 32.2189217 0.0773359 0.1155294 -0.0066982 0.9902663
82.900600 -3.3178782 -2.2780867 32.2944870 0.0773553 0.1151565 -0.0073652 0.9903035
83.004230 -3.3005555 -2.2919393 32.3700752 0.0771286 0.1147258 -0.0080261 0.9903660
83.107850 -3.2840784 -2.3055143 32.4463120 0.0765098 0.1148368 -0.0089316 0.9903933
83.211580 -3.2666821 -2.3187897 32.5220718 0.0758823 0.1147460 -0.0074283 0.9904646
83.315210 -3.2489514 -2.3318915 32.5979729 0.0751814 0.1141195 -0.0065952 0.9905963
83.418960 -3.2309988 -2.3449762 32.6735878 0.0751028 0.1135929 -0.0030408 0.9906800
83.522590 -3.2135954 -2.3579512 32.7489281 0.0763162 0.1130111 -0.0020246 0.9906564
83.626210 -3.1963952 -2.3710606 32.8249397 0.0777012 0.1130279 -0.0027673 0.9905451
83.729960 -3.1788945 -2.3844259 32.9000854 0.0777517 0.1125962 -0.0038175 0.9905868
83.833580 -3.1621971 -2.3976197 32.9756355 0.0767294 0.1122931 -0.0052955 0.9906941
83.937350 -3.1453199 -2.4106917 33.0516205 0.0764567 0.1118229 -0.0058336 0.9907653
84.040960 -3.1281607 -2.4238853 33.1268997 0.0763820 0.1112451 -0.0066761 0.9908308
84.144710 -3.1112766 -2.4367626 33.2023811 0.0765277 0.1108051 -0.0080510 0.9908587
84.248350 -3.0946021 -2.4499516 33.2778969 0.0759503 0.1104779 -0.0082396 0.9909381
84.352100 -3.0780416 -2.4627688 33.3535423 0.0753370 0.1105106 -0.0089211 0.9909754
84.455710 -3.0613196 -2.4757996 33.4288483 0.0757566 0.1106236 -0.0079525 0.9909390
84.559380 -3.0446272 -2.4887900 33.5039597 0.0761369 0.1106085 -0.0072610 0.9909168
84.662980 -3.0278783 -2.5014029 33.5791245 0.0760632 0.1104636 -0.0060607 0.9909468
84.766730 -3.0111372 -2.5141852 33.6538048 0.0753760 0.1098242 -0.0053065 0.9910746
84.870340 -2.9948590 -2.5270591 33.7279358 0.0761776 0.1090459 -0.0050925 0.9911004
84.973960 -2.9789162 -2.5400364 33.8021126 0.0779412 0.1083735 -0.0064009 0.9910294
85.077720 -2.9631584 -2.5533864 33.8760529 0.0771306 0.1079601 -0.0079814 0.9911265
85.181330 -2.9476922 -2.5663965 33.9497185 0.0762467 0.1073487 -0.0098250 0.9912447
85.285090 -2.9324806 -2.5794568 34.0225754 0.0749440 0.1069786 -0.0099039 0.9913833
85.388710 -2.9170723 -2.5919032 34.0955162 0.0738790 0.1068960 -0.0091704 0.9914792
85.492460 -2.9016807 -2.6045778 34.1677475 0.0733202 0.1067652 -0.0078103 0.9915465
85.596110 -2.8859134 -2.6171203 34.2393951 0.0733845 0.1065666 -0.0079836 0.9915617
85.699750 -2.8706088 -2.6292870 34.3106155 0.0738873 0.1069648 -0.0079905 0.9914814
85.803450 -2.8556600 -2.6412175 34.3810310 0.0736700 0.1074098 -0.0082052 0.9914477
85.907110 -2.8403492 -2.6534748 34.4517250 0.0734206 0.1077864 -0.0087796 0.9914204
86.010840 -2.8260629 -2.6654651 34.5210419 0.0732177 0.1083295 -0.0096021 0.9913686
86.114460 -2.8106661 -2.6773448 34.5895233 0.0725554 0.1085566 -0.0096360 0.9913921
86.218210 -2.7961881 -2.6888862 34.6573601 0.0710297 0.1090794 -0.0099379 0.9914423
86.321830 -2.7822790 -2.7000816 34.7234192 0.0695696 0.1098114 -0.0099642 0.9914647
86.425590 -2.7674792 -2.7110386 34.7875748 0.0702373 0.1097217 -0.0097865 0.9914293
86.529210 -2.7537205 -2.7217445 34.8506851 0.0728563 0.1099636 -0.0089743 0.9912212
86.632980 -2.7402670 -2.7324705 34.9119644 0.0732252 0.1101310 -0.0090676 0.9911746
86.736730 -2.7270596 -2.7431042 34.9720306 0.0721338 0.1099175 -0.0085634 0.9912828
86.840340 -2.7140462 -2.7534616 35.0305405 0.0709084 0.1090157 -0.0081360 0.9914743
86.944090 -2.7021420 -2.7632952 35.0873947 0.0706203 0.1084166 -0.0085666 0.9915569
87.047710 -2.6902592 -2.7728279 35.1430130 0.0699401 0.1073674 -0.0091483 0.9917141
87.151360 -2.6789498 -2.7817683 35.1966248 0.0687248 0.1061611 -0.0084561 0.9919351
87.254960 -2.6681914 -2.7905493 35.2476959 0.0666711 0.1051859 -0.0086027 0.9921778
87.462460 -2.6481094 -2.8067482 35.3450089 0.0665798 0.1043459 -0.0091947 0.9922674
87.566210 -2.6386106 -2.8140390 35.3903542 0.0677014 0.1039473 -0.0092072 0.9922332
87.773590 -2.6216638 -2.8284745 35.4743919 0.0677453 0.1038518 -0.0105994 0.9922263
87.877340 -2.6139114 -2.8349988 35.5131187 0.0676115 0.1055085 -0.0123021 0.9920410
88.085210 -2.5974944 -2.8470066 35.5842552 0.0677575 0.1183914 -0.0158972 0.9905249
88.501590 -2.5573804 -2.8685827 35.7059669 0.0720914 0.1804686 -0.0147504 0.9808243
88.710100 -2.5307124 -2.8790662 35.7600746 0.0716240 0.2272959 -0.0129508 0.9711019
88.918590 -2.4990594 -2.8885639 35.8106155 0.0700043 0.2803906 -0.0107688 0.9572693
89.335590 -2.4230764 -2.9062827 35.8884621 0.0748033 0.3995868 -0.0075119 0.9136074
89.543710 -2.3779566 -2.9141469 35.9172249 0.0798144 0.4575414 0.0002703 0.8855989
89.855840 -2.3044069 -2.9254751 35.9505272 0.0779833 0.5418242 0.0043583 0.8368549
90.271490 -2.1960058 -2.9389186 35.9712639 0.0864895 0.6461977 0.0076798 0.7582144
90.375470 -2.1671612 -2.9423020 35.9726067 0.0875128 0.6709880 0.0080301 0.7362419
90.686970 -2.0760043 -2.9516873 35.9633331 0.0852676 0.7407827 0.0113327 0.6662146
90.790840 -2.0452828 -2.9545310 35.9561119 0.0866478 0.7628857 0.0110376 0.6406057
90.998490 -1.9830501 -2.9598937 35.9348564 0.0881887 0.8045707 0.0090154 0.5872030
91.205840 -1.9201133 -2.9649885 35.9042206 0.0889687 0.8404521 0.0105374 0.5344284
91.723710 -1.7643492 -2.9758704 35.7909546 0.0908645 0.8991838 0.0112012 0.4278863
91.930590 -1.7014489 -2.9804707 35.7339897 0.0885838 0.9111674 0.0150588 0.4021196
92.034130 -1.6699893 -2.9822803 35.7035332 0.0847482 0.9158046 0.0160272 0.3922536
92.241220 -1.6073385 -2.9858036 35.6410904 0.0795757 0.9240125 0.0173897 0.3735857
92.344860 -1.5763010 -2.9871120 35.6077919 0.0763941 0.9278913 0.0181853 0.3644874
92.448600 -1.5450801 -2.9885290 35.5733414 0.0708474 0.9319976 0.0183333 0.3550000
92.552220 -1.5138793 -2.9899218 35.5381737 0.0653304 0.9360873 0.0187638 0.3451383
92.759720 -1.4546386 -2.9911196 35.4642677 0.0561521 0.9441260 0.0228565 0.3239608
92.863470 -1.4257150 -2.9915128 35.4259338 0.0499027 0.9482673 0.0247864 0.3125452
92.967220 -1.3976541 -2.9913664 35.3867569 0.0452704 0.9523369 0.0251232 0.3006223
93.070970 -1.3708724 -2.9906802 35.3464737 0.0439512 0.9562837 0.0263404 0.2879165
93.174720 -1.3450345 -2.9896710 35.3052597 0.0431684 0.9601041 0.0277464 0.2748941
93.278470 -1.3202958 -2.9886966 35.2630882 0.0417981 0.9636870 0.0306204 0.2619594
93.382090 -1.2966458 -2.9874620 35.2199478 0.0416008 0.9668157 0.0337309 0.2497979
93.485840 -1.2744614 -2.9856350 35.1762657 0.0427107 0.9693143 0.0362459 0.2393569
93.589470 -1.2522464 -2.9836419 35.1316528 0.0422998 0.9712424 0.0384588 0.2311271
93.693120 -1.2299310 -2.9814498 35.0865669 0.0410404 0.9725528 0.0402814 0.2254642
93.796720 -1.2074839 -2.9790852 35.0407104 0.0399381 0.9732605 0.0430506 0.2220710
93.900350 -1.1846067 -2.9761930 34.9945335 0.0370234 0.9736121 0.0450739 0.2206287
94.003970 -1.1609842 -2.9732754 34.9478378 0.0324878 0.9738191 0.0458897 0.2202613
94.107640 -1.1371833 -2.9701178 34.9011383 0.0293094 0.9738819 0.0443815 0.2207382
94.211350 -1.1133834 -2.9673345 34.8528404 0.0286408 0.9737361 0.0412256 0.2220768
94.314990 -1.0895382 -2.9646533 34.8043518 0.0298927 0.9733451 0.0374656 0.2242812
94.418590 -1.0648270 -2.9621699 34.7559090 0.0299967 0.9727890 0.0344843 0.2271399
94.522220 -1.0397488 -2.9597399 34.7064209 0.0314330 0.9721322 0.0339582 0.2298212
94.625970 -1.0138364 -2.9576464 34.6572533 0.0304243 0.9714575 0.0347545 0.2326732
94.729720 -0.9874654 -2.9554253 34.6073303 0.0286691 0.9710518 0.0335233 0.2347611
94.833490 -0.9606158 -2.9532888 34.5572929 0.0276237 0.9709666 0.0303261 0.2356717
94.937220 -0.9336888 -2.9509008 34.5064430 0.0279683 0.9710671 0.0274500 0.2355695
95.040970 -0.9065212 -2.9491279 34.4546089 0.0267809 0.9709776 0.0271077 0.2361154
95.144720 -0.8789144 -2.9479399 34.4033089 0.0268524 0.9708762 0.0276931 0.2364560
95.248350 -0.8514261 -2.9462371 34.3507118 0.0276699 0.9706258 0.0293435 0.2371897
95.352090 -0.8237254 -2.9444280 34.2979126 0.0289841 0.9703494 0.0312030 0.2379253
95.455870 -0.7956617 -2.9425991 34.2445183 0.0283717 0.9699001 0.0329899 0.2395841
95.559540 -0.7675453 -2.9408278 34.1925240 0.0294755 0.9694830 0.0337542 0.2410281
95.663110 -0.7393288 -2.9386706 34.1396675 0.0304999 0.9689735 0.0337040 0.2429490
95.766850 -0.7105925 -2.9366937 34.0875587 0.0309240 0.9684715 0.0341675 0.2448251
95.870470 -0.6821026 -2.9347255 34.0350037 0.0328989 0.9678052 0.0354715 0.2470071
95.974250 -0.6531754 -2.9329879 33.9832001 0.0334429 0.9672118 0.0351007 0.2493008
96.077860 -0.6240991 -2.9311211 33.9318008 0.0331895 0.9667448 0.0338509 0.2513106
96.181600 -0.5949332 -2.9291792 33.8799591 0.0337474 0.9662888 0.0335245 0.2530280
96.285350 -0.5652977 -2.9273992 33.8284950 0.0332592 0.9660146 0.0349007 0.2539519
96.389100 -0.5361744 -2.9254367 33.7773895 0.0334491 0.9657534 0.0357104 0.2548064
96.492870 -0.5069799 -2.9237113 33.7271118 0.0333201 0.9655622 0.0345841 0.2557016
96.596600 -0.4782247 -2.9219909 33.6773415 0.0338500 0.9654744 0.0332405 0.2561412
96.700350 -0.4493412 -2.9200766 33.6280251 0.0330179 0.9654064 0.0344257 0.2563498
96.803990 -0.4206727 -2.9183979 33.5786781 0.0327666 0.9654274 0.0360095 0.2560852
96.907730 -0.3924349 -2.9166358 33.5297279 0.0316681 0.9653669 0.0361098 0.2564372
97.011470 -0.3644131 -2.9147818 33.4810753 0.0324836 0.9653340 0.0349018 0.2566261
97.115100 -0.3368285 -2.9129643 33.4330292 0.0337975 0.9651935 0.0345533 0.2570317
97.218890 -0.3090363 -2.9110973 33.3857193 0.0334001 0.9650191 0.0345636 0.2577361
97.322500 -0.2816525 -2.9098368 33.3387146 0.0342680 0.9647015 0.0347008 0.2587906
97.426220 -0.2542711 -2.9081509 33.2925835 0.0342210 0.9643708 0.0334173 0.2601946
97.529990 -0.2268468 -2.9065235 33.2467537 0.0335449 0.9640198 0.0343319 0.2614610
97.633720 -0.1998155 -2.9051464 33.2016182 0.0339692 0.9635925 0.0360470 0.2627473
97.737470 -0.1733022 -2.9038656 33.1574326 0.0335862 0.9631847 0.0360802 0.2642829
97.945070 -0.1212517 -2.9006326 33.0722885 0.0324072 0.9626346 0.0334356 0.2667706
98.152470 -0.0715672 -2.8985791 32.9909592 0.0324292 0.9622794 0.0340158 0.2679730
98.256230 -0.0471352 -2.8976181 32.9521713 0.0306202 0.9622805 0.0332117 0.2682829
98.463720 -0.0014324 -2.8951037 32.8777237 0.0309584 0.9617948 0.0343015 0.2698440
98.567470 0.0202218 -2.8939922 32.8423805 0.0318612 0.9614109 0.0360847 0.2708723
98.774870 0.0621440 -2.8922355 32.7759781 0.0293479 0.9608718 0.0373793 0.2728862
99.189730 0.1339634 -2.8880944 32.6617241 0.0316434 0.9598860 0.0360808 0.2762529
99.293480 0.1496169 -2.8874004 32.6372757 0.0329270 0.9597550 0.0364857 0.2765048
99.604600 0.1911807 -2.8856225 32.5736542 0.0298134 0.9598157 0.0343717 0.2769180
100.123100 0.2413246 -2.8831024 32.4937096 0.0336830 0.9590212 0.0347015 0.2791765
100.641500 0.2763200 -2.8814447 32.4383736 0.0365275 0.9589681 0.0321777 0.2793036
101.471000 0.3285683 -2.8797278 32.3577576 0.0364159 0.9589220 0.0324640 0.2794432
101.574700 0.3343045 -2.8793380 32.3474960 0.0371408 0.9587772 0.0327486 0.2798114
101.989600 0.3584709 -2.8783607 32.3104820 0.0366270 0.9587797 0.0327054 0.2798756
102.819400 0.3964897 -2.8757448 32.2502594 0.0386470 0.9587923 0.0321694 0.2796226
102.923000 0.4013574 -2.8757265 32.2439423 0.0367996 0.9587847 0.0332790 0.2797681
103.026700 0.4061833 -2.8756888 32.2379913 0.0345451 0.9588438 0.0338754 0.2797816
104.374600 0.4796882 -2.8729916 32.1262627 0.0386235 0.9565728 0.0236413 0.2879543
104.685700 0.5146725 -2.8715436 32.0776405 0.0401924 0.9534736 0.0211213 0.2980377
104.789400 0.5280689 -2.8715382 32.0591316 0.0417436 0.9519892 0.0212330 0.3025281
104.996700 0.5578733 -2.8710465 32.0189705 0.0444830 0.9487748 0.0230348 0.3119567
105.204100 0.5924346 -2.8704479 31.9754524 0.0443411 0.9453999 0.0224952 0.3220976
105.307700 0.6113514 -2.8701997 31.9524097 0.0445161 0.9438007 0.0220095 0.3267630
105.411500 0.6310384 -2.8697193 31.9280682 0.0453991 0.9420946 0.0245346 0.3313530
105.722600 0.6965696 -2.8687646 31.8518944 0.0427199 0.9377798 0.0282665 0.3434314
105.826500 0.7204080 -2.8683038 31.8249168 0.0414022 0.9367887 0.0297968 0.3461575
105.930200 0.7449719 -2.8677385 31.7977333 0.0390944 0.9360498 0.0290016 0.3484843
106.034100 0.7705162 -2.8671172 31.7696018 0.0373017 0.9358405 0.0288563 0.3492541
106.137900 0.7969542 -2.8663812 31.7407589 0.0343340 0.9355894 0.0289516 0.3502221
106.241700 0.8228974 -2.8651247 31.7108688 0.0355484 0.9350106 0.0290290 0.3516372
106.345500 0.8504403 -2.8642583 31.6799164 0.0355991 0.9346953 0.0291836 0.3524567
106.553000 0.9077861 -2.8628955 31.6167717 0.0342185 0.9342697 0.0244489 0.3540784
106.760500 0.9676549 -2.8618698 31.5508499 0.0348388 0.9338402 0.0188645 0.3554898
106.864200 0.9982337 -2.8612592 31.5160217 0.0375695 0.9334319 0.0202348 0.3562078
106.968000 1.0303851 -2.8607159 31.4808788 0.0359691 0.9333389 0.0210206 0.3565710
107.071800 1.0627886 -2.8607407 31.4455757 0.0339830 0.9331170 0.0214851 0.3573180
107.175500 1.0961614 -2.8602438 31.4092579 0.0330792 0.9326824 0.0220510 0.3585012
107.279100 1.1298162 -2.8596377 31.3722782 0.0334848 0.9322253 0.0222449 0.3596385
107.382900 1.1643655 -2.8593748 31.3345757 0.0344052 0.9316405 0.0237573 0.3609680
107.486500 1.1995808 -2.8589208 31.2964611 0.0347225 0.9308565 0.0244463 0.3629090
107.590200 1.2355351 -2.8584473 31.2581921 0.0348622 0.9299120 0.0247954 0.3652855
107.693900 1.2718097 -2.8578744 31.2195168 0.0366862 0.9287722 0.0261656 0.3679017
107.797600 1.3085986 -2.8574107 31.1808033 0.0379652 0.9276367 0.0276553 0.3705186
107.901200 1.3455194 -2.8571298 31.1426468 0.0391624 0.9267809 0.0279153 0.3725106
108.005000 1.3827242 -2.8567922 31.1046200 0.0391827 0.9260591 0.0268612 0.3743765
108.212500 1.4564116 -2.8566906 31.0298367 0.0389744 0.9254275 0.0236546 0.3761721
108.316200 1.4932355 -2.8567946 30.9924622 0.0384387 0.9256423 0.0223745 0.3757769
108.420000 1.5301462 -2.8569636 30.9551601 0.0369579 0.9258629 0.0214668 0.3754347
108.523700 1.5669144 -2.8574073 30.9178925 0.0355529 0.9263064 0.0207483 0.3745157
108.627500 1.6033109 -2.8573112 30.8801479 0.0354928 0.9265439 0.0214914 0.3738914
108.835100 1.6760811 -2.8574681 30.8036900 0.0374382 0.9273101 0.0228365 0.3717161
108.938900 1.7132347 -2.8574579 30.7649784 0.0371808 0.9278315 0.0217353 0.3705049
109.042600 1.7501928 -2.8575637 30.7261009 0.0378345 0.9283205 0.0209310 0.3692579
109.146400 1.7868686 -2.8575585 30.6869946 0.0383569 0.9287332 0.0212230 0.3681479
109.250100 1.8240197 -2.8577056 30.6478233 0.0385752 0.9293405 0.0211206 0.3665953
109.353900 1.8604137 -2.8578608 30.6086597 0.0379118 0.9297466 0.0211096 0.3656343
109.457600 1.8972331 -2.8580334 30.5692959 0.0384735 0.9302595 0.0206928 0.3642923
109.561200 1.9339089 -2.8581476 30.5298367 0.0389969 0.9307331 0.0200203 0.3630624
109.665000 1.9706516 -2.8584971 30.4898567 0.0396419 0.9311488 0.0192551 0.3619666
109.768700 2.0077040 -2.8587523 30.4497395 0.0392272 0.9314154 0.0193239 0.3613212
109.872400 2.0448198 -2.8591609 30.4094696 0.0390182 0.9315470 0.0192972 0.3610061
109.976100 2.0819786 -2.8593268 30.3688545 0.0383831 0.9316007 0.0199354 0.3609007
110.079700 2.1193202 -2.8597128 30.3280144 0.0383633 0.9316275 0.0195867 0.3608530
110.183500 2.1567171 -2.8602488 30.2876129 0.0374577 0.9316642 0.0187886 0.3608957
110.287200 2.1943347 -2.8604045 30.2473946 0.0376180 0.9314889 0.0180810 0.3613675
110.390900 2.2319748 -2.8609457 30.2068481 0.0383314 0.9312122 0.0187566 0.3619707
110.494600 2.2695572 -2.8614612 30.1662540 0.0386174 0.9309301 0.0188334 0.3626612
110.598200 2.3072081 -2.8622222 30.1261063 0.0381025 0.9307637 0.0174537 0.3632115
110.702000 2.3451030 -2.8629436 30.0855503 0.0389298 0.9304277 0.0157801 0.3640601
110.805600 2.3828411 -2.8633666 30.0450821 0.0389138 0.9300192 0.0152610 0.3651262
110.909200 2.4209919 -2.8645060 30.0046730 0.0376378 0.9295734 0.0162531 0.3663503
111.116600 2.4969587 -2.8658710 29.9243813 0.0364475 0.9285858 0.0190241 0.3688335
111.220200 2.5348382 -2.8661604 29.8843555 0.0377551 0.9281805 0.0191948 0.3697121
111.324000 2.5729609 -2.8668797 29.8448982 0.0378256 0.9277735 0.0183949 0.3707658
111.427600 2.6103821 -2.8674135 29.8053417 0.0387046 0.9272871 0.0183546 0.3718921
111.531400 2.6477244 -2.8680966 29.7663422 0.0398352 0.9267529 0.0180187 0.3731188
111.635000 2.6855958 -2.8688970 29.7277431 0.0403506 0.9265099 0.0169876 0.3737147
111.738700 2.7230282 -2.8698545 29.6894569 0.0404297 0.9261627 0.0157444 0.3746201
111.842400 2.7609944 -2.8707299 29.6512413 0.0394324 0.9258213 0.0159776 0.3755593
111.946100 2.7984498 -2.8716104 29.6130695 0.0378145 0.9254304 0.0177620 0.3766074
112.049700 2.8357227 -2.8725209 29.5750351 0.0371977 0.9251968 0.0197759 0.3771420
112.153500 2.8731081 -2.8732796 29.5377121 0.0355573 0.9252888 0.0187699 0.3771260
112.257100 2.9097743 -2.8739002 29.5006180 0.0350845 0.9255773 0.0165389 0.3765665
112.360900 2.9463370 -2.8746541 29.4634762 0.0353489 0.9259218 0.0155233 0.3757370
112.464600 2.9821293 -2.8754573 29.4265900 0.0377312 0.9263532 0.0156008 0.3744366
112.568200 3.0177515 -2.8763933 29.3890572 0.0405672 0.9266634 0.0174906 0.3732871
112.672000 3.0531347 -2.8771777 29.3518200 0.0420309 0.9269368 0.0174608 0.3724469
112.775600 3.0881989 -2.8779762 29.3150711 0.0428013 0.9272729 0.0175073 0.3715192
112.983000 3.1567669 -2.8799458 29.2427940 0.0431303 0.9280482 0.0171734 0.3695557
113.086700 3.1902261 -2.8811581 29.2077312 0.0427759 0.9285477 0.0146898 0.3684476
113.190500 3.2230844 -2.8824866 29.1736393 0.0427457 0.9291236 0.0096595 0.3671632
113.294100 3.2544868 -2.8838916 29.1403637 0.0431167 0.9295431 0.0064204 0.3661276
113.397800 3.2857835 -2.8856108 29.1080036 0.0415040 0.9299492 0.0048544 0.3653058
113.501500 3.3152442 -2.8874559 29.0756760 0.0423146 0.9301568 0.0073506 0.3646419
113.605200 3.3438373 -2.8890123 29.0441990 0.0436568 0.9301559 0.0095242 0.3644357
113.812600 3.3978872 -2.8924081 28.9856701 0.0458628 0.9303149 0.0094065 0.3637614
114.020100 3.4470782 -2.8953078 28.9316216 0.0502721 0.9301510 0.0063073 0.3636649
114.123900 3.4706247 -2.8970079 28.9064884 0.0495830 0.9302410 0.0067798 0.3635206
114.331400 3.5143714 -2.9000578 28.8587627 0.0487856 0.9300116 0.0077353 0.3641957
114.538700 3.5555458 -2.9029834 28.8152542 0.0479863 0.9302783 0.0034833 0.3636859
114.746300 3.5948746 -2.9054525 28.7735634 0.0460237 0.9304127 0.0022193 0.3636059
115.057400 3.6497655 -2.9097264 28.7143631 0.0434742 0.9306293 0.0039788 0.3633500
115.264900 3.6847308 -2.9119661 28.6770973 0.0431307 0.9309607 0.0038382 0.3625428
115.472400 3.7172415 -2.9139125 28.6409473 0.0463369 0.9310667 0.0050490 0.3618593
116.094600 3.8046420 -2.9199545 28.5453110 0.0496901 0.9307640 0.0037876 0.3622084
116.302000 3.8301754 -2.9221370 28.5171490 0.0527237 0.9302797 0.0012833 0.3630403
116.405600 3.8421412 -2.9231753 28.5036678 0.0550180 0.9298404 0.0010608 0.3638251
116.716700 3.8770814 -2.9256952 28.4675732 0.0549749 0.9282480 -0.0005989 0.3678765
117.961500 3.9678073 -2.9345219 28.3743782 0.0557151 0.9258886 -0.0060855 0.3736162
118.168900 3.9771700 -2.9353890 28.3647423 0.0558780 0.9256334 -0.0064440 0.3742177
118.376300 3.9855874 -2.9362986 28.3562584 0.0554752 0.9255155 -0.0074746 0.3745501
124.183200 4.1283531 -2.9514575 28.2109737 0.0592747 0.9242080 -0.0089993 0.3771540
124.390600 4.1346860 -2.9522290 28.2043152 0.0588337 0.9240777 -0.0082544 0.3775590
124.494400 4.1374216 -2.9524965 28.2018051 0.0584556 0.9240263 -0.0080472 0.3777482
