4.776128 0.0000000 0.0000000 0.0000000 0.0000000 0.0000000 0.0000000 1.0000000
4.880125 0.0020403 -0.0008059 0.0561193 0.0001535 0.0166986 -0.0003830 0.9998605
4.984148 0.0060948 -0.0021986 0.1113068 0.0003983 0.0338135 -0.0002178 0.9994280
5.088126 0.0124070 -0.0031945 0.1671076 0.0010720 0.0506879 0.0001051 0.9987140
5.192023 0.0199613 -0.0041029 0.2233359 0.0020799 0.0672424 -0.0000506 0.9977345
5.295877 0.0293727 -0.0056675 0.2787779 0.0034463 0.0835486 -0.0005498 0.9964976
5.399752 0.0410549 -0.0072098 0.3339623 0.0057201 0.0996550 0.0013406 0.9950047
5.503628 0.0546920 -0.0091276 0.3884481 0.0084151 0.1153567 0.0041776 0.9932797
5.607400 0.0706266 -0.0109786 0.4433948 0.0113691 0.1304751 0.0077798 0.9913559
5.815003 0.1071752 -0.0155730 0.5509090 0.0163552 0.1588270 0.0151224 0.9870551
5.918752 0.1275024 -0.0186386 0.6036510 0.0210969 0.1721652 0.0176416 0.9846841
6.022375 0.1497135 -0.0222022 0.6563587 0.0285084 0.1850343 0.0190617 0.9821335
6.126131 0.1715978 -0.0257557 0.7076649 0.0371474 0.1981520 0.0178936 0.9793037
6.333503 0.2192782 -0.0355356 0.8072951 0.0497025 0.2241716 0.0172436 0.9731287
6.540880 0.2723787 -0.0468146 0.9038086 0.0507698 0.2484801 0.0199553 0.9670997
6.644505 0.3002764 -0.0524884 0.9513311 0.0479747 0.2593860 0.0223678 0.9643220
6.748254 0.3295314 -0.0577371 0.9979457 0.0463555 0.2689144 0.0266796 0.9616779
6.955504 0.3895884 -0.0681834 1.0890288 0.0476857 0.2825130 0.0295079 0.9576230
7.577401 0.5745085 -0.0979185 1.3499902 0.0513928 0.3111223 0.0283317 0.9485563
7.681003 0.6079822 -0.1029120 1.3947039 0.0527222 0.3109061 0.0279002 0.9485670
7.784655 0.6412858 -0.1081134 1.4402096 0.0525053 0.3090852 0.0286410 0.9491519
7.888275 0.6749238 -0.1134488 1.4870999 0.0522449 0.3057176 0.0279565 0.9502766
8.407006 0.8454924 -0.1424395 1.7383571 0.0497502 0.2911497 0.0212449 0.9551468
8.510755 0.8805985 -0.1484615 1.7919209 0.0486902 0.2914442 0.0198151 0.9551423
8.614628 0.9165791 -0.1547597 1.8456880 0.0481522 0.2920190 0.0195355 0.9549998
8.718382 0.9532090 -0.1606278 1.9004716 0.0478374 0.2923063 0.0192194 0.9549341
8.925883 1.0282040 -0.1731984 2.0109961 0.0470633 0.2924044 0.0194386 0.9549381
9.133505 1.1046309 -0.1854552 2.1240127 0.0463042 0.2925673 0.0186583 0.9549409
9.237279 1.1435649 -0.1916826 2.1810403 0.0460257 0.2924237 0.0181617 0.9550079
9.444755 1.2191696 -0.2044976 2.2934241 0.0449677 0.2913276 0.0178069 0.9553999
9.755883 1.3331413 -0.2228501 2.4634573 0.0429834 0.2872090 0.0191673 0.9567111
10.171130 1.4811801 -0.2478034 2.6889257 0.0453323 0.2876486 0.0170932 0.9565098
10.378880 1.5552406 -0.2601892 2.7995150 0.0448332 0.2934295 0.0171358 0.9547751
10.482760 1.5937990 -0.2666060 2.8548207 0.0433183 0.2962637 0.0182946 0.9539479
10.586510 1.6311128 -0.2728162 2.9091153 0.0422848 0.2993526 0.0169365 0.9530547
10.690390 1.6687245 -0.2785863 2.9634273 0.0439083 0.3022786 0.0176606 0.9520440
10.794130 1.7062651 -0.2843241 3.0156157 0.0446986 0.3050579 0.0175963 0.9511215
10.898010 1.7449186 -0.2902616 3.0687225 0.0454818 0.3075654 0.0168054 0.9502907
11.001750 1.7829744 -0.2966871 3.1208699 0.0455794 0.3096992 0.0162101 0.9496031
11.105390 1.8224249 -0.3024977 3.1731653 0.0451196 0.3113520 0.0169387 0.9490718
11.209130 1.8615248 -0.3080228 3.2255607 0.0411740 0.3126176 0.0185067 0.9488058
11.312890 1.8998324 -0.3137197 3.2772684 0.0361539 0.3138219 0.0197952 0.9485868
11.416630 1.9375856 -0.3186370 3.3283501 0.0352923 0.3147980 0.0207650 0.9482750
11.520390 1.9753593 -0.3235087 3.3786502 0.0376948 0.3154444 0.0197741 0.9479889
11.624010 2.0133979 -0.3284286 3.4291332 0.0411287 0.3162253 0.0197376 0.9475867
11.831510 2.0901480 -0.3387184 3.5293875 0.0427325 0.3163111 0.0238586 0.9473922
11.935260 2.1280301 -0.3440602 3.5798767 0.0408945 0.3160764 0.0238375 0.9475521
12.038930 2.1656995 -0.3486156 3.6301038 0.0383910 0.3156272 0.0238928 0.9478052
12.142640 2.2031078 -0.3537724 3.6804473 0.0349539 0.3151428 0.0235961 0.9481068
12.246380 2.2396572 -0.3579986 3.7309380 0.0331665 0.3150391 0.0196139 0.9482962
12.350150 2.2762125 -0.3620690 3.7813396 0.0313488 0.3142061 0.0163042 0.9486970
12.453880 2.3131456 -0.3664630 3.8311050 0.0312898 0.3130434 0.0181125 0.9490504
12.557630 2.3502986 -0.3709687 3.8808465 0.0324978 0.3112003 0.0198117 0.9495819
12.661390 2.3864872 -0.3754252 3.9308808 0.0338859 0.3082683 0.0206885 0.9504706
12.765050 2.4226577 -0.3794943 3.9807050 0.0346456 0.3037955 0.0230330 0.9518285
12.868760 2.4586051 -0.3843821 4.0306482 0.0353528 0.2990778 0.0265294 0.9532045
12.972400 2.4931054 -0.3884087 4.0816035 0.0353203 0.2935664 0.0250489 0.9549575
13.076170 2.5267904 -0.3925762 4.1329179 0.0344900 0.2874980 0.0240991 0.9568566
13.179930 2.5597386 -0.3968315 4.1841431 0.0327771 0.2810320 0.0244837 0.9588259
13.283680 2.5922406 -0.4009948 4.2364883 0.0326411 0.2749788 0.0241530 0.9605924
13.387430 2.6237595 -0.4049518 4.2890177 0.0323408 0.2683992 0.0244835 0.9624534
13.491130 2.6542261 -0.4093922 4.3410606 0.0327537 0.2620716 0.0249776 0.9641690
13.594890 2.6844461 -0.4141379 4.3934188 0.0349753 0.2553384 0.0241935 0.9659160
13.698760 2.7134237 -0.4183156 4.4454699 0.0398913 0.2491371 0.0243708 0.9673394
13.802490 2.7419844 -0.4230429 4.4981809 0.0424710 0.2422300 0.0236994 0.9689991
13.906260 2.7691696 -0.4281817 4.5513830 0.0410454 0.2359281 0.0234158 0.9706209
14.010030 2.7957437 -0.4334101 4.6049342 0.0392549 0.2298127 0.0226847 0.9721783
14.113800 2.8217263 -0.4387774 4.6581616 0.0397578 0.2245858 0.0209540 0.9734174
14.217640 2.8463867 -0.4440882 4.7110968 0.0425798 0.2211764 0.0177411 0.9741423
14.321530 2.8709841 -0.4494024 4.7647824 0.0458382 0.2185273 0.0143814 0.9746476
14.425390 2.8951023 -0.4550502 4.8176594 0.0471189 0.2167333 0.0124501 0.9750136
14.529260 2.9194541 -0.4614357 4.8707523 0.0470064 0.2147132 0.0120233 0.9754712
14.633120 2.9425142 -0.4671737 4.9233665 0.0471850 0.2125166 0.0112065 0.9759532
14.736910 2.9666810 -0.4733425 4.9765930 0.0449637 0.2093050 0.0101210 0.9767637
14.840760 2.9896197 -0.4790345 5.0302587 0.0431790 0.2066140 0.0103223 0.9774148
14.944510 3.0124226 -0.4847646 5.0835299 0.0418423 0.2036892 0.0094611 0.9780953
15.048260 3.0337355 -0.4903283 5.1368051 0.0415101 0.2011877 0.0052959 0.9786584
15.152010 3.0551546 -0.4956776 5.1902161 0.0421703 0.1980805 0.0011708 0.9792775
15.255760 3.0767088 -0.5013873 5.2426949 0.0441643 0.1945119 0.0017358 0.9799039
15.359530 3.0984800 -0.5071080 5.2960572 0.0458271 0.1906043 0.0023968 0.9805937
15.463280 3.1187887 -0.5127805 5.3493633 0.0449044 0.1875195 0.0018927 0.9812321
15.567140 3.1395965 -0.5189515 5.4031186 0.0423670 0.1836990 0.0022308 0.9820666
15.670890 3.1594203 -0.5245137 5.4568996 0.0411786 0.1802405 0.0015654 0.9827590
15.774640 3.1786828 -0.5300851 5.5101242 0.0429277 0.1769772 0.0004396 0.9832783
15.878390 3.1973922 -0.5360442 5.5626731 0.0440729 0.1736688 -0.0000657 0.9838174
15.982160 3.2155581 -0.5417793 5.6147637 0.0444323 0.1703100 -0.0013893 0.9843873
16.086050 3.2333915 -0.5475348 5.6681876 0.0441694 0.1668799 -0.0012023 0.9849867
16.189760 3.2516861 -0.5532036 5.7211370 0.0440382 0.1625083 0.0010005 0.9857234
16.293510 3.2691278 -0.5589785 5.7736363 0.0443414 0.1585884 0.0022480 0.9863460
16.397260 3.2862747 -0.5646653 5.8243046 0.0446285 0.1550823 0.0030069 0.9868884
16.501030 3.3020248 -0.5705083 5.8772807 0.0442115 0.1518247 -0.0003814 0.9874181
16.604760 3.3179622 -0.5760700 5.9308982 0.0434765 0.1490260 -0.0025040 0.9878739
16.708640 3.3338797 -0.5820845 5.9840980 0.0432681 0.1468682 -0.0010592 0.9882087
16.812390 3.3499763 -0.5876393 6.0374088 0.0433811 0.1443300 -0.0004506 0.9885781
16.916160 3.3653159 -0.5936936 6.0905228 0.0437702 0.1419005 -0.0000562 0.9889128
17.020010 3.3808470 -0.5991717 6.1433878 0.0431339 0.1389178 0.0030246 0.9893595
17.123760 3.3966191 -0.6049106 6.1963892 0.0422181 0.1359243 0.0068504 0.9897956
17.227520 3.4113522 -0.6105891 6.2490177 0.0416716 0.1334849 0.0077613 0.9901440
17.331410 3.4259372 -0.6161162 6.3019872 0.0425425 0.1311693 0.0068215 0.9904233
17.435140 3.4395835 -0.6213675 6.3552337 0.0435889 0.1295241 0.0058203 0.9906006
17.539040 3.4531395 -0.6268731 6.4080648 0.0433831 0.1287011 0.0044297 0.9907241
17.642890 3.4666533 -0.6325686 6.4610500 0.0426479 0.1283049 0.0044894 0.9908072
17.746640 3.4806182 -0.6375993 6.5144596 0.0405336 0.1278413 0.0052745 0.9909520
17.850540 3.4942601 -0.6429560 6.5674849 0.0379190 0.1272413 0.0050732 0.9911337
17.954270 3.5077438 -0.6479826 6.6201315 0.0371194 0.1269295 0.0054735 0.9912018
18.058140 3.5211680 -0.6531167 6.6722674 0.0394423 0.1263501 0.0050915 0.9911882
18.161890 3.5342712 -0.6578881 6.7242637 0.0414720 0.1265796 0.0045787 0.9910786
18.265770 3.5476007 -0.6633071 6.7760305 0.0409327 0.1263719 0.0031763 0.9911330
18.369580 3.5607140 -0.6688076 6.8276472 0.0404560 0.1260595 0.0021834 0.9911950
18.473380 3.5741675 -0.6742126 6.8788128 0.0405997 0.1257008 0.0045721 0.9912266
18.577160 3.5869980 -0.6791928 6.9298806 0.0418409 0.1254600 0.0031026 0.9912111
18.680990 3.5990150 -0.6846281 6.9810362 0.0424628 0.1258968 -0.0014149 0.9911332
18.784860 3.6110711 -0.6899815 7.0310984 0.0433516 0.1256524 -0.0045834 0.9911161
18.888520 3.6236765 -0.6955190 7.0810061 0.0451438 0.1255693 -0.0031562 0.9910522
18.992370 3.6362376 -0.7012146 7.1307354 0.0455392 0.1253543 -0.0025995 0.9910629
19.096040 3.6484325 -0.7068507 7.1804414 0.0460721 0.1245736 -0.0035324 0.9911339
19.199890 3.6617115 -0.7124997 7.2304254 0.0455937 0.1233975 0.0016719 0.9913080
19.303520 3.6753085 -0.7181655 7.2796445 0.0439859 0.1211263 0.0056995 0.9916457
19.407390 3.6879215 -0.7239945 7.3291888 0.0413448 0.1199284 0.0085695 0.9918842
19.511150 3.7006238 -0.7291605 7.3783212 0.0412431 0.1177177 0.0102627 0.9921372
19.614770 3.7112179 -0.7340958 7.4257007 0.0436415 0.1155507 0.0091411 0.9923003
19.718390 3.7228963 -0.7391702 7.4742827 0.0453209 0.1119073 0.0104130 0.9926300
19.822140 3.7324049 -0.7437196 7.5218587 0.0458589 0.1081699 0.0097303 0.9930265
19.925670 3.7434931 -0.7493390 7.5709238 0.0434436 0.1028161 0.0111544 0.9936886
20.029410 3.7532861 -0.7545928 7.6189609 0.0426938 0.0965893 0.0134719 0.9943170
20.132890 3.7619114 -0.7594207 7.6660228 0.0441323 0.0897854 0.0154368 0.9948632
20.236640 3.7699308 -0.7642897 7.7139611 0.0448356 0.0826421 0.0154230 0.9954507
20.340390 3.7765934 -0.7694001 7.7627802 0.0450465 0.0759551 0.0159134 0.9959661
20.444020 3.7830007 -0.7748325 7.8114514 0.0459148 0.0694664 0.0163094 0.9963936
20.547770 3.7886398 -0.7803121 7.8574624 0.0491060 0.0625063 0.0145654 0.9967294
20.651520 3.7929063 -0.7857175 7.9037032 0.0535709 0.0564302 0.0098284 0.9969199
20.755270 3.7967050 -0.7910963 7.9494309 0.0577134 0.0494992 0.0080524 0.9970728
20.859140 3.7997262 -0.7965592 7.9952102 0.0581431 0.0433207 0.0070167 0.9973432
20.962890 3.8023274 -0.8025561 8.0407009 0.0560930 0.0374342 0.0051264 0.9977103
21.066770 3.8049607 -0.8087504 8.0866632 0.0548443 0.0320375 0.0029908 0.9979764
21.170640 3.8061244 -0.8144372 8.1307573 0.0583319 0.0278035 0.0008178 0.9979097
21.274520 3.8073919 -0.8203890 8.1752033 0.0621033 0.0247536 -0.0008856 0.9977623
21.378530 3.8093667 -0.8260921 8.2205677 0.0636997 0.0229430 -0.0021369 0.9977031
21.482520 3.8111391 -0.8323443 8.2660933 0.0613089 0.0230647 -0.0031972 0.9978472
21.586400 3.8130269 -0.8390719 8.3112335 0.0590541 0.0239268 -0.0034223 0.9979621
21.690420 3.8152578 -0.8449711 8.3559551 0.0576353 0.0254400 -0.0025113 0.9980103
21.794280 3.8178005 -0.8506693 8.4005156 0.0579090 0.0268490 -0.0015309 0.9979596
21.898270 3.8207340 -0.8566703 8.4445333 0.0578017 0.0284547 -0.0005903 0.9979223
22.002150 3.8235941 -0.8625191 8.4883404 0.0570717 0.0306528 -0.0011494 0.9978988
22.106150 3.8266459 -0.8679395 8.5320129 0.0572652 0.0332534 -0.0016367 0.9978037
22.210070 3.8294210 -0.8736379 8.5754089 0.0563370 0.0364178 -0.0021354 0.9977451
22.313900 3.8329582 -0.8793168 8.6189528 0.0550545 0.0392387 -0.0013234 0.9977112
22.417770 3.8364451 -0.8847616 8.6618290 0.0550116 0.0420053 -0.0015665 0.9976006
22.521520 3.8402860 -0.8903283 8.7045031 0.0555227 0.0446238 -0.0022101 0.9974573
22.625400 3.8438509 -0.8956977 8.7466679 0.0568058 0.0467359 -0.0025574 0.9972875
22.729170 3.8478782 -0.9012309 8.7889223 0.0580308 0.0479553 -0.0026779 0.9971587
22.832900 3.8520298 -0.9065437 8.8307638 0.0588593 0.0487632 -0.0013353 0.9970737
22.936520 3.8563933 -0.9119709 8.8724384 0.0580751 0.0482811 0.0003483 0.9971440
23.040140 3.8603086 -0.9175889 8.9136238 0.0562496 0.0464041 0.0014655 0.9973367
23.143770 3.8637969 -0.9230012 8.9545164 0.0563582 0.0425541 0.0020187 0.9975013
23.247420 3.8666565 -0.9284874 8.9948959 0.0566089 0.0369332 0.0034059 0.9977072
23.351020 3.8691034 -0.9337367 9.0350132 0.0568125 0.0295704 0.0047013 0.9979358
23.454650 3.8705285 -0.9387607 9.0750866 0.0556461 0.0218632 0.0041935 0.9982023
23.558270 3.8707597 -0.9438463 9.1150036 0.0532080 0.0138222 0.0018485 0.9984861
23.662020 3.8703940 -0.9485626 9.1545553 0.0500987 0.0057974 0.0008477 0.9987271
23.765650 3.8697295 -0.9532616 9.1942225 0.0462437 -0.0027986 0.0008242 0.9989259
23.869400 3.8681426 -0.9574372 9.2334547 0.0426474 -0.0114318 0.0004059 0.9990247
23.973020 3.8658071 -0.9616530 9.2721138 0.0397107 -0.0198883 -0.0003336 0.9990132
24.076780 3.8630741 -0.9656914 9.3102093 0.0385662 -0.0289791 -0.0009199 0.9988353
24.180540 3.8596148 -0.9693125 9.3479462 0.0379544 -0.0380525 -0.0001708 0.9985547
24.284160 3.8550365 -0.9727687 9.3853054 0.0375906 -0.0465859 -0.0011177 0.9982061
24.387900 3.8499877 -0.9761882 9.4230356 0.0368566 -0.0547696 -0.0037661 0.9978114
24.491650 3.8442590 -0.9796956 9.4601088 0.0349686 -0.0619300 -0.0053256 0.9974535
24.595400 3.8388116 -0.9829285 9.4972162 0.0332454 -0.0682350 -0.0041033 0.9971068
24.699270 3.8328614 -0.9859802 9.5334253 0.0327357 -0.0735392 -0.0030194 0.9967504
25.010540 3.8123138 -0.9959317 9.6398668 0.0427530 -0.0875411 -0.0069924 0.9952185
25.114270 3.8061273 -0.9992914 9.6749897 0.0460285 -0.0918879 -0.0038269 0.9946976
25.218040 3.7988882 -1.0025487 9.7108765 0.0452353 -0.0951796 -0.0036583 0.9944251
25.425520 3.7828448 -1.0094860 9.7836208 0.0353490 -0.1003008 -0.0082303 0.9942949
25.529390 3.7748890 -1.0130346 9.8202620 0.0313063 -0.1012558 -0.0089647 0.9943273
25.633210 3.7673864 -1.0162196 9.8563890 0.0311587 -0.1018767 -0.0073377 0.9942819
25.737020 3.7599466 -1.0188661 9.8927088 0.0325971 -0.1024350 -0.0052787 0.9941915
25.840800 3.7524791 -1.0218481 9.9289618 0.0325095 -0.1034457 -0.0039989 0.9940956
25.944520 3.7442954 -1.0243735 9.9655638 0.0313061 -0.1042045 -0.0050469 0.9940503
26.048150 3.7361553 -1.0272237 10.0017319 0.0294396 -0.1055666 -0.0054910 0.9939612
26.255540 3.7191982 -1.0328022 10.0756226 0.0254717 -0.1091949 -0.0049818 0.9936815
26.359150 3.7105725 -1.0349306 10.1122131 0.0245659 -0.1123778 -0.0041207 0.9933533
26.462800 3.7017665 -1.0371038 10.1488008 0.0231988 -0.1166032 -0.0039483 0.9928998
26.773900 3.6717536 -1.0446678 10.2587805 0.0250545 -0.1335299 -0.0043547 0.9907185
26.981280 3.6488509 -1.0492301 10.3317385 0.0268837 -0.1455950 -0.0045247 0.9889686
27.085020 3.6368837 -1.0517930 10.3688745 0.0252415 -0.1516685 -0.0044470 0.9880990
27.188790 3.6240044 -1.0542909 10.4057379 0.0243376 -0.1574637 -0.0053171 0.9872105
27.500020 3.5826123 -1.0614334 10.5183649 0.0226281 -0.1721772 -0.0109517 0.9847452
27.603900 3.5683031 -1.0637398 10.5567465 0.0209483 -0.1745120 -0.0113480 0.9843668
27.707780 3.5536087 -1.0657737 10.5956688 0.0193537 -0.1755840 -0.0101106 0.9842223
27.811650 3.5394578 -1.0679392 10.6349125 0.0202646 -0.1757801 -0.0077343 0.9841905
27.915520 3.5249076 -1.0704950 10.6744385 0.0205304 -0.1753015 -0.0069209 0.9842764
28.019400 3.5104413 -1.0726860 10.7139578 0.0215961 -0.1748206 -0.0051890 0.9843498
28.123280 3.4955359 -1.0745215 10.7545834 0.0211706 -0.1746025 -0.0036983 0.9844044
28.227150 3.4810002 -1.0768272 10.7955179 0.0184948 -0.1743044 -0.0024099 0.9845152
28.330900 3.4661105 -1.0791637 10.8363972 0.0170286 -0.1737596 -0.0027763 0.9846370
28.434770 3.4510283 -1.0815045 10.8773518 0.0157912 -0.1727711 -0.0024999 0.9848322
28.538650 3.4361100 -1.0833935 10.9188004 0.0155921 -0.1721217 -0.0026872 0.9849486
28.642420 3.4211078 -1.0854530 10.9600706 0.0152642 -0.1711675 -0.0034063 0.9851178
28.746150 3.4062779 -1.0877417 11.0011263 0.0157341 -0.1701577 -0.0035805 0.9852847
28.849900 3.3914440 -1.0899334 11.0423660 0.0177263 -0.1693928 -0.0030400 0.9853845
28.953800 3.3769615 -1.0920806 11.0836115 0.0207949 -0.1691484 -0.0025682 0.9853678
29.057520 3.3622997 -1.0941278 11.1253338 0.0221856 -0.1687646 -0.0035629 0.9854003
29.161270 3.3473780 -1.0966204 11.1666584 0.0206676 -0.1677933 -0.0047615 0.9855940
29.264900 3.3328745 -1.0992012 11.2081814 0.0187889 -0.1672501 -0.0057178 0.9857189
29.368650 3.3182955 -1.1017270 11.2493286 0.0185919 -0.1658145 -0.0074003 0.9859539
29.472530 3.3039529 -1.1039683 11.2903976 0.0182462 -0.1633777 -0.0083860 0.9863592
29.576300 3.2908936 -1.1062024 11.3310795 0.0177610 -0.1601104 -0.0087675 0.9869004
29.680170 3.2780693 -1.1086046 11.3720226 0.0176290 -0.1555077 -0.0079601 0.9876453
29.783900 3.2652929 -1.1110172 11.4133959 0.0185895 -0.1503657 -0.0063557 0.9884352
29.887780 3.2533951 -1.1134061 11.4544678 0.0203206 -0.1447859 -0.0062863 0.9892343
29.991660 3.2411015 -1.1152414 11.4962292 0.0201277 -0.1385936 -0.0074619 0.9901167
30.095530 3.2298725 -1.1175489 11.5386076 0.0164955 -0.1329539 -0.0050632 0.9909720
30.199280 3.2194273 -1.1198449 11.5813351 0.0123866 -0.1286909 -0.0033902 0.9916016
30.303050 3.2084475 -1.1215731 11.6238432 0.0097472 -0.1248752 -0.0033528 0.9921189
30.406780 3.1970255 -1.1229050 11.6663065 0.0089294 -0.1223910 -0.0063066 0.9924217
30.510400 3.1867132 -1.1245257 11.7087450 0.0080679 -0.1212797 -0.0059183 0.9925680
30.614030 3.1762052 -1.1259385 11.7513924 0.0077007 -0.1204873 -0.0054065 0.9926703
30.717780 3.1652980 -1.1274256 11.7939215 0.0086614 -0.1198750 -0.0054744 0.9927361
30.821410 3.1543624 -1.1287669 11.8366652 0.0094547 -0.1196616 -0.0072975 0.9927429
30.925160 3.1431108 -1.1301256 11.8797684 0.0090746 -0.1197908 -0.0079618 0.9927257
31.028780 3.1325655 -1.1316335 11.9230175 0.0082250 -0.1207353 -0.0086667 0.9926128
31.132530 3.1212764 -1.1328812 11.9665117 0.0076465 -0.1213152 -0.0080772 0.9925517
31.236300 3.1101484 -1.1342568 12.0098648 0.0074673 -0.1219335 -0.0064276 0.9924894
31.340050 3.0992377 -1.1355966 12.0542088 0.0067552 -0.1238796 -0.0061618 0.9922552
31.443650 3.0875473 -1.1370578 12.0976114 0.0056992 -0.1260365 -0.0072881 0.9919825
31.547410 3.0754580 -1.1382105 12.1417484 0.0034612 -0.1285337 -0.0084117 0.9916635
31.651030 3.0632885 -1.1392152 12.1859531 0.0013556 -0.1311961 -0.0090987 0.9913138
31.754790 3.0506544 -1.1400423 12.2300844 0.0013009 -0.1332809 -0.0101161 0.9910258
31.858530 3.0375514 -1.1414175 12.2738514 0.0029954 -0.1354793 -0.0125860 0.9906957
31.962280 3.0239601 -1.1420718 12.3180590 0.0055088 -0.1376670 -0.0146952 0.9903542
32.066030 3.0103774 -1.1426266 12.3619595 0.0069390 -0.1397817 -0.0167915 0.9900156
32.169650 2.9969456 -1.1441666 12.4064951 0.0064216 -0.1421953 -0.0179400 0.9896552
32.273410 2.9832466 -1.1453642 12.4504528 0.0075089 -0.1442097 -0.0190150 0.9893360
32.377150 2.9691143 -1.1465846 12.4943037 0.0089086 -0.1461374 -0.0193188 0.9890355
32.480910 2.9552283 -1.1478107 12.5381279 0.0089608 -0.1486208 -0.0193270 0.9886647
32.584530 2.9408412 -1.1492921 12.5825129 0.0081019 -0.1508812 -0.0195620 0.9883251
32.688280 2.9268227 -1.1508784 12.6265335 0.0081154 -0.1531862 -0.0175611 0.9880080
32.791900 2.9128571 -1.1522212 12.6705341 0.0085121 -0.1557437 -0.0160155 0.9876310
32.895660 2.8984392 -1.1536723 12.7139740 0.0094074 -0.1581220 -0.0164367 0.9872379
32.999410 2.8829858 -1.1551893 12.7581787 0.0085279 -0.1603952 -0.0191568 0.9868301
33.103170 2.8673508 -1.1564649 12.8019819 0.0080147 -0.1625428 -0.0210037 0.9864454
33.206780 2.8522220 -1.1581218 12.8454542 0.0095593 -0.1648085 -0.0193380 0.9860896
33.310530 2.8367746 -1.1597924 12.8888140 0.0130839 -0.1669979 -0.0184625 0.9856976
33.414280 2.8206358 -1.1610926 12.9324265 0.0158310 -0.1687203 -0.0211457 0.9853100
33.518170 2.8040898 -1.1624649 12.9761963 0.0144814 -0.1701759 -0.0243596 0.9850061
33.621780 2.7878361 -1.1641517 13.0203581 0.0090025 -0.1713232 -0.0254075 0.9848461
33.725530 2.7720475 -1.1652814 13.0655670 0.0027136 -0.1724486 -0.0245451 0.9847089
33.829280 2.7554908 -1.1660529 13.1094360 -0.0015036 -0.1730580 -0.0261987 0.9845620
33.933050 2.7391100 -1.1668922 13.1524162 -0.0027460 -0.1741575 -0.0275267 0.9843292
34.036660 2.7227697 -1.1672419 13.1959772 -0.0003679 -0.1756327 -0.0267869 0.9840912
34.140410 2.7064545 -1.1674944 13.2390299 0.0028522 -0.1779109 -0.0258241 0.9837036
34.244030 2.6897783 -1.1681887 13.2825613 0.0051309 -0.1802979 -0.0256268 0.9832647
34.451530 2.6559527 -1.1698287 13.3699417 0.0075173 -0.1848170 -0.0246278 0.9824356
34.555160 2.6385450 -1.1708760 13.4133358 0.0067098 -0.1868334 -0.0241724 0.9820713
34.762530 2.6031168 -1.1724920 13.5007505 0.0011328 -0.1902258 -0.0236116 0.9814557
34.866280 2.5852275 -1.1732771 13.5445061 -0.0018651 -0.1915947 -0.0235278 0.9811903
34.970030 2.5669668 -1.1733125 13.5882597 -0.0044176 -0.1925069 -0.0233000 0.9810090
35.073910 2.5489984 -1.1733381 13.6323471 -0.0079065 -0.1934216 -0.0233761 0.9808053
35.177560 2.5306423 -1.1732531 13.6758089 -0.0082680 -0.1942409 -0.0236153 0.9806347
35.281280 2.5117388 -1.1734800 13.7187958 -0.0032390 -0.1950277 -0.0273000 0.9804124
35.385050 2.4935582 -1.1736728 13.7616968 0.0038420 -0.1957151 -0.0266829 0.9802902
35.488660 2.4751806 -1.1738701 13.8046417 0.0079310 -0.1961778 -0.0257990 0.9801968
35.696160 2.4384818 -1.1756018 13.8916836 0.0036383 -0.1961887 -0.0266294 0.9801977
35.799780 2.4199359 -1.1765285 13.9353638 0.0029480 -0.1970515 -0.0260862 0.9800416
35.903530 2.4018207 -1.1772928 13.9792309 0.0032168 -0.1978859 -0.0242186 0.9799206
36.007180 2.3833034 -1.1776450 14.0230646 0.0027413 -0.1985504 -0.0225303 0.9798278
36.110910 2.3645263 -1.1784555 14.0668430 0.0002945 -0.1993258 -0.0231497 0.9796597
36.214530 2.3451052 -1.1788833 14.1104822 -0.0009318 -0.1995442 -0.0240545 0.9795931
36.318290 2.3261700 -1.1792992 14.1540136 -0.0004667 -0.2002344 -0.0248421 0.9794329
36.422040 2.3075280 -1.1797879 14.1973276 0.0015071 -0.2010042 -0.0238437 0.9792990
36.525780 2.2886040 -1.1802987 14.2408657 0.0022176 -0.2019412 -0.0234680 0.9791139
36.733280 2.2501063 -1.1815710 14.3279152 -0.0005756 -0.2047318 -0.0226760 0.9785553
36.837040 2.2306249 -1.1821326 14.3712101 -0.0017516 -0.2067301 -0.0226785 0.9781336
36.940790 2.2105601 -1.1823010 14.4147320 -0.0014639 -0.2090216 -0.0215299 0.9776729
37.044540 2.1909678 -1.1827338 14.4576569 -0.0006616 -0.2113613 -0.0221220 0.9771574
37.148290 2.1704116 -1.1834126 14.5004654 0.0012701 -0.2135947 -0.0240646 0.9766251
37.355660 2.1292837 -1.1843153 14.5863008 0.0041375 -0.2204977 -0.0216699 0.9751379
37.459410 2.1081824 -1.1852973 14.6288490 0.0039894 -0.2253466 -0.0195767 0.9740738
37.563030 2.0869193 -1.1863798 14.6714163 0.0028939 -0.2311939 -0.0170036 0.9727548
37.666660 2.0648894 -1.1868784 14.7136116 0.0030278 -0.2385472 -0.0160822 0.9709930
37.770280 2.0417521 -1.1874368 14.7549210 0.0020293 -0.2459762 -0.0169718 0.9691252
37.977790 1.9933815 -1.1887228 14.8372421 -0.0023345 -0.2606090 -0.0187300 0.9652599
38.081530 1.9683492 -1.1891229 14.8777819 -0.0021912 -0.2668625 -0.0211713 0.9634995
38.185280 1.9427441 -1.1891599 14.9173851 0.0000002 -0.2717837 -0.0241549 0.9620552
38.289160 1.9170102 -1.1893145 14.9570847 0.0016585 -0.2751547 -0.0263038 0.9610386
38.393160 1.8910085 -1.1897670 14.9966660 0.0025524 -0.2758600 -0.0290743 0.9607546
38.497160 1.8652327 -1.1902328 15.0367136 0.0049296 -0.2739716 -0.0328375 0.9611644
38.601160 1.8399290 -1.1908880 15.0768404 0.0078388 -0.2697384 -0.0356549 0.9622414
38.705160 1.8155506 -1.1914324 15.1169491 0.0105693 -0.2642874 -0.0362561 0.9637043
38.809290 1.7923632 -1.1923883 15.1581717 0.0107029 -0.2582298 -0.0324090 0.9654804
38.913290 1.7693110 -1.1934384 15.1998863 0.0093709 -0.2524908 -0.0319601 0.9670259
39.017160 1.7460058 -1.1941921 15.2415733 0.0096327 -0.2467252 -0.0337585 0.9684494
39.121160 1.7236592 -1.1952666 15.2839689 0.0088034 -0.2414557 -0.0326452 0.9698226
39.225040 1.7023202 -1.1962788 15.3257313 0.0095899 -0.2368460 -0.0300104 0.9710363
39.328910 1.6816556 -1.1973964 15.3674927 0.0102200 -0.2320060 -0.0286443 0.9722388
39.432660 1.6605043 -1.1985785 15.4098654 0.0112985 -0.2278792 -0.0290626 0.9731900
39.536410 1.6395402 -1.1997854 15.4518595 0.0106355 -0.2241507 -0.0309040 0.9740063
39.640160 1.6185693 -1.2007369 15.4943542 0.0086201 -0.2210060 -0.0327984 0.9746827
39.743820 1.5982733 -1.2016560 15.5378036 0.0058151 -0.2181753 -0.0342875 0.9752898
39.951290 1.5574763 -1.2026570 15.6241512 0.0056685 -0.2140849 -0.0362541 0.9761256
40.055040 1.5371209 -1.2035652 15.6672354 0.0101281 -0.2128534 -0.0381237 0.9762876
40.262420 1.4974449 -1.2060653 15.7534132 0.0201252 -0.2115980 -0.0363534 0.9764731
40.469910 1.4567190 -1.2089584 15.8403406 0.0182154 -0.2099132 -0.0386987 0.9767841
40.677280 1.4165640 -1.2121456 15.9293270 0.0156003 -0.2104463 -0.0366652 0.9767931
40.781040 1.3958524 -1.2138079 15.9732332 0.0140175 -0.2112006 -0.0367780 0.9766500
40.988410 1.3541623 -1.2165918 16.0622444 0.0136372 -0.2154787 -0.0366415 0.9757256
41.092170 1.3329905 -1.2178038 16.1066265 0.0137435 -0.2174856 -0.0370089 0.9752648
41.299420 1.2889225 -1.2203157 16.1951981 0.0150679 -0.2215693 -0.0389303 0.9742507
41.403160 1.2672337 -1.2216671 16.2396755 0.0163026 -0.2241644 -0.0367448 0.9737219
41.506790 1.2452869 -1.2234225 16.2840767 0.0180260 -0.2273299 -0.0351309 0.9730170
41.714170 1.1993799 -1.2263469 16.3732643 0.0181965 -0.2354471 -0.0350492 0.9710845
41.921540 1.1504803 -1.2292340 16.4625530 0.0126194 -0.2429179 -0.0398268 0.9691468
42.025300 1.1253393 -1.2301748 16.5067940 0.0098060 -0.2467743 -0.0425341 0.9680894
42.128920 1.0997940 -1.2310866 16.5512123 0.0081629 -0.2506550 -0.0435499 0.9670619
42.232670 1.0744351 -1.2318033 16.5951157 0.0097604 -0.2552343 -0.0433167 0.9658591
42.336290 1.0483290 -1.2324458 16.6391239 0.0131793 -0.2595838 -0.0420933 0.9647127
42.543790 0.9952458 -1.2352579 16.7268276 0.0193430 -0.2684725 -0.0377212 0.9623541
42.647420 0.9679018 -1.2368191 16.7709351 0.0206647 -0.2726852 -0.0342835 0.9612702
42.751180 0.9403611 -1.2387912 16.8149948 0.0186299 -0.2767365 -0.0305246 0.9602802
42.854790 0.9119881 -1.2403228 16.8592110 0.0154203 -0.2812319 -0.0293923 0.9590656
43.062290 0.8536199 -1.2427977 16.9480724 0.0089333 -0.2900214 -0.0282649 0.9565610
43.166060 0.8234122 -1.2437861 16.9915867 0.0077568 -0.2937241 -0.0291055 0.9554155
43.269790 0.7926935 -1.2444011 17.0351715 0.0083493 -0.2977591 -0.0317186 0.9540774
43.373560 0.7613986 -1.2451040 17.0780926 0.0077879 -0.3011251 -0.0342188 0.9529387
43.477330 0.7303709 -1.2456001 17.1214161 0.0062359 -0.3039082 -0.0335098 0.9520914
43.581040 0.6987014 -1.2463906 17.1649551 0.0066223 -0.3064079 -0.0335032 0.9512875
43.684940 0.6674810 -1.2468096 17.2076302 0.0087120 -0.3091940 -0.0320091 0.9504202
43.892430 0.6031956 -1.2481668 17.2940979 0.0100976 -0.3150212 -0.0308957 0.9485279
43.996060 0.5695648 -1.2489262 17.3372097 0.0083587 -0.3172245 -0.0335068 0.9477215
44.099960 0.5361284 -1.2497367 17.3807049 0.0058359 -0.3198033 -0.0348009 0.9468266
44.203560 0.5024749 -1.2497164 17.4229240 0.0068658 -0.3222234 -0.0349117 0.9459948
44.307300 0.4686308 -1.2501973 17.4655285 0.0090821 -0.3248768 -0.0353495 0.9450518
44.411040 0.4348427 -1.2510622 17.5076656 0.0113829 -0.3276395 -0.0339925 0.9441225
44.514790 0.4010045 -1.2519785 17.5505524 0.0106609 -0.3305184 -0.0313177 0.9432195
44.618540 0.3668716 -1.2527833 17.5929642 0.0093997 -0.3331537 -0.0292475 0.9423719
44.722330 0.3327618 -1.2536948 17.6352692 0.0082209 -0.3360717 -0.0266746 0.9414227
44.826160 0.2980666 -1.2545768 17.6770706 0.0077462 -0.3393160 -0.0247629 0.9403145
44.929790 0.2635019 -1.2551508 17.7191563 0.0061291 -0.3423037 -0.0213407 0.9393270
45.033540 0.2278373 -1.2560424 17.7603321 0.0050296 -0.3448249 -0.0229694 0.9383725
45.137340 0.1922550 -1.2567124 17.8010635 0.0049093 -0.3467962 -0.0231247 0.9376426
45.241040 0.1567582 -1.2573361 17.8417339 0.0059011 -0.3496390 -0.0227631 0.9365894
45.344810 0.1210040 -1.2580361 17.8819103 0.0062442 -0.3520260 -0.0239331 0.9356633
45.448540 0.0856046 -1.2586396 17.9221077 0.0054180 -0.3545503 -0.0212617 0.9347795
45.552290 0.0495885 -1.2595059 17.9622154 0.0043167 -0.3574357 -0.0226110 0.9336540
45.656170 0.0138317 -1.2600385 18.0016689 0.0054417 -0.3598845 -0.0215022 0.9327332
45.759920 -0.0223015 -1.2604830 18.0411606 0.0041508 -0.3624590 -0.0198581 0.9317789
45.863670 -0.0586905 -1.2609653 18.0801334 0.0037374 -0.3646022 -0.0223818 0.9308868
45.967420 -0.0955411 -1.2614474 18.1186028 0.0030215 -0.3661805 -0.0252782 0.9301955
46.071290 -0.1323210 -1.2614979 18.1572056 0.0027688 -0.3678709 -0.0259356 0.9295110
46.175050 -0.1686167 -1.2614155 18.1963005 -0.0002035 -0.3692538 -0.0262123 0.9289588
46.278790 -0.2056498 -1.2617520 18.2346115 0.0003659 -0.3704029 -0.0274394 0.9284658
46.382670 -0.2422463 -1.2619522 18.2723770 0.0024900 -0.3713565 -0.0262951 0.9281146
46.486540 -0.2789321 -1.2620176 18.3108940 0.0060141 -0.3718953 -0.0238369 0.9279491
46.590420 -0.3153396 -1.2624135 18.3487282 0.0057922 -0.3715995 -0.0237684 0.9280707
46.694170 -0.3522182 -1.2629733 18.3868809 0.0048062 -0.3708976 -0.0244734 0.9283388
46.798050 -0.3889815 -1.2631515 18.4252663 0.0025334 -0.3699152 -0.0256262 0.9287086
46.901920 -0.4253441 -1.2632769 18.4639225 0.0020142 -0.3683510 -0.0258192 0.9293260
47.005800 -0.4615411 -1.2634107 18.5026951 0.0023528 -0.3659808 -0.0261499 0.9302520
47.109670 -0.4981975 -1.2636578 18.5415211 0.0054924 -0.3629342 -0.0275273 0.9313919
47.213560 -0.5340115 -1.2638922 18.5806370 0.0076464 -0.3595221 -0.0274876 0.9327003
47.317420 -0.5700352 -1.2644151 18.6205769 0.0089031 -0.3560524 -0.0268451 0.9340379
47.525050 -0.6415263 -1.2661963 18.7021065 0.0085600 -0.3483504 -0.0269278 0.9369385
47.628800 -0.6772418 -1.2668759 18.7431564 0.0074047 -0.3443854 -0.0290963 0.9383482
47.732670 -0.7126607 -1.2672100 18.7854004 0.0044879 -0.3401511 -0.0308024 0.9398555
47.940170 -0.7827628 -1.2677739 18.8700428 0.0044028 -0.3314513 -0.0338955 0.9428530
48.147690 -0.8503205 -1.2686782 18.9558792 0.0101692 -0.3246336 -0.0312749 0.9452679
48.251420 -0.8841427 -1.2694564 19.0004520 0.0095106 -0.3213739 -0.0300526 0.9464276
48.355050 -0.9178727 -1.2701881 19.0442257 0.0084127 -0.3180033 -0.0305063 0.9475613
48.458800 -0.9512765 -1.2711374 19.0888424 0.0077161 -0.3150246 -0.0308150 0.9485518
48.562550 -0.9843260 -1.2717308 19.1337490 0.0069744 -0.3124208 -0.0302995 0.9494349
48.666190 -1.0177355 -1.2724599 19.1787815 0.0065453 -0.3096511 -0.0316546 0.9503006
48.769940 -1.0507641 -1.2727715 19.2239876 0.0066830 -0.3070570 -0.0331549 0.9510899
48.873550 -1.0835285 -1.2733698 19.2692528 0.0069134 -0.3045428 -0.0341943 0.9518596
48.977300 -1.1166760 -1.2740858 19.3153725 0.0071781 -0.3024166 -0.0351317 0.9525011
49.080930 -1.1495041 -1.2746623 19.3614120 0.0079545 -0.3002114 -0.0359732 0.9531609
49.184670 -1.1826115 -1.2753723 19.4078331 0.0082560 -0.2979207 -0.0366829 0.9538498
49.288320 -1.2148209 -1.2760196 19.4545822 0.0081451 -0.2960366 -0.0357997 0.9544708
49.392050 -1.2472311 -1.2766439 19.5015888 0.0078545 -0.2942258 -0.0361884 0.9550183
49.495800 -1.2791649 -1.2771521 19.5482502 0.0076798 -0.2923021 -0.0360903 0.9556139
49.599420 -1.3110137 -1.2777748 19.5950603 0.0074395 -0.2905916 -0.0375999 0.9560792
49.703170 -1.3428396 -1.2784715 19.6422215 0.0069773 -0.2884851 -0.0384026 0.9566885
49.806800 -1.3742403 -1.2792798 19.6884956 0.0075977 -0.2865307 -0.0392592 0.9572362
49.910550 -1.4055135 -1.2801572 19.7360306 0.0089216 -0.2847989 -0.0388246 0.9577592
50.014170 -1.4366535 -1.2807701 19.7831802 0.0087841 -0.2835421 -0.0382003 0.9581584
50.117990 -1.4674360 -1.2813314 19.8309040 0.0058769 -0.2829152 -0.0369034 0.9584167
50.221580 -1.4983011 -1.2817962 19.8789425 0.0012934 -0.2826096 -0.0360807 0.9585553
50.325300 -1.5290811 -1.2817259 19.9268417 -0.0013015 -0.2821789 -0.0357536 0.9586945
50.428990 -1.5595092 -1.2820603 19.9744492 -0.0007622 -0.2819738 -0.0349471 0.9587851
50.532690 -1.5903547 -1.2820299 20.0213718 0.0022208 -0.2814137 -0.0330638 0.9590142
50.636450 -1.6208873 -1.2825074 20.0686264 0.0053980 -0.2810996 -0.0311673 0.9591572
50.740210 -1.6513145 -1.2832458 20.1157722 0.0060778 -0.2805726 -0.0295539 0.9593585
50.843990 -1.6821208 -1.2836719 20.1639919 0.0048756 -0.2800680 -0.0285073 0.9595444
50.947600 -1.7127573 -1.2842474 20.2119122 0.0024440 -0.2794683 -0.0275190 0.9597574
51.051200 -1.7414644 -1.2848601 20.2581844 -0.0000974 -0.2793100 -0.0259425 0.9598504
51.154950 -1.7726749 -1.2850361 20.3071785 -0.0017970 -0.2789807 -0.0253570 0.9599602
51.258560 -1.8027980 -1.2855351 20.3541508 -0.0024672 -0.2789341 -0.0254803 0.9599690
51.362310 -1.8332489 -1.2857531 20.4017143 -0.0012642 -0.2788392 -0.0244245 0.9600263
51.465930 -1.8634995 -1.2859937 20.4497414 -0.0003813 -0.2793106 -0.0231794 0.9599209
51.569680 -1.8946329 -1.2860134 20.4980488 -0.0006697 -0.2792810 -0.0229951 0.9599338
51.673320 -1.9252691 -1.2863394 20.5464153 -0.0024730 -0.2789672 -0.0225786 0.9600320
51.776930 -1.9564815 -1.2866662 20.5946903 -0.0031884 -0.2785479 -0.0221965 0.9601605
51.880670 -1.9872466 -1.2865496 20.6427555 -0.0021631 -0.2781703 -0.0214696 0.9602894
51.984300 -2.0179346 -1.2866828 20.6906796 -0.0015108 -0.2777356 -0.0209458 0.9604280
52.088050 -2.0484278 -1.2865856 20.7389164 -0.0018786 -0.2775645 -0.0200427 0.9604961
52.191670 -2.0791388 -1.2872269 20.7870674 -0.0032818 -0.2773921 -0.0201644 0.9605396
52.295430 -2.1094787 -1.2874299 20.8351650 -0.0043506 -0.2775721 -0.0188194 0.9605106
52.399170 -2.1395726 -1.2872360 20.8831253 -0.0054326 -0.2778316 -0.0169979 0.9604641
52.502930 -2.1696031 -1.2873663 20.9311333 -0.0069173 -0.2780933 -0.0144222 0.9604209
52.606680 -2.1995275 -1.2873484 20.9790993 -0.0087924 -0.2784967 -0.0115571 0.9603274
52.710430 -2.2292213 -1.2873325 21.0268726 -0.0100631 -0.2789114 -0.0081540 0.9602295
52.814180 -2.2588575 -1.2872183 21.0740128 -0.0116510 -0.2796659 -0.0074060 0.9599981
52.917930 -2.2885637 -1.2867571 21.1209030 -0.0124891 -0.2803089 -0.0059628 0.9598101
53.021680 -2.3183706 -1.2863706 21.1669502 -0.0138153 -0.2806544 -0.0056977 0.9596925
53.125430 -2.3474503 -1.2859664 21.2124443 -0.0139800 -0.2815539 -0.0055012 0.9594278
53.229180 -2.3762541 -1.2855897 21.2574654 -0.0145108 -0.2824505 -0.0048740 0.9591597
53.332930 -2.4051185 -1.2850668 21.3019638 -0.0149919 -0.2832524 -0.0043409 0.9589184
53.436550 -2.4335401 -1.2846400 21.3457489 -0.0163889 -0.2840117 -0.0045227 0.9586701
53.540300 -2.4614544 -1.2839475 21.3885670 -0.0182727 -0.2844593 -0.0061400 0.9584943
53.644050 -2.4894121 -1.2830347 21.4306068 -0.0207879 -0.2844466 -0.0092425 0.9584219
53.747800 -2.5172880 -1.2821532 21.4719925 -0.0229440 -0.2839035 -0.0132440 0.9584868
53.851550 -2.5442386 -1.2809731 21.5121078 -0.0233184 -0.2835047 -0.0172197 0.9585326
53.955300 -2.5704055 -1.2796440 21.5512581 -0.0232990 -0.2831421 -0.0203356 0.9585792
54.059050 -2.5961277 -1.2781515 21.5900421 -0.0224111 -0.2828433 -0.0236156 0.9586135
54.162800 -2.6210802 -1.2765112 21.6279812 -0.0214616 -0.2823575 -0.0251743 0.9587387
54.266550 -2.6456680 -1.2752507 21.6652699 -0.0204477 -0.2817959 -0.0255705 0.9589156
54.370180 -2.6693034 -1.2738547 21.7021542 -0.0195439 -0.2816732 -0.0252957 0.9589778
54.473930 -2.6926963 -1.2726904 21.7385502 -0.0197409 -0.2813005 -0.0248005 0.9590961
54.577570 -2.7158310 -1.2715340 21.7745552 -0.0193572 -0.2810883 -0.0252262 0.9591550
54.681310 -2.7384558 -1.2704813 21.8098526 -0.0191568 -0.2802016 -0.0255296 0.9594104
54.785060 -2.7607758 -1.2693107 21.8447952 -0.0194165 -0.2783325 -0.0260924 0.9599339
54.888800 -2.7827117 -1.2680287 21.8792248 -0.0195072 -0.2754508 -0.0282478 0.9607020
54.992680 -2.8038189 -1.2669784 21.9132290 -0.0200528 -0.2719257 -0.0286888 0.9616815
55.096430 -2.8245301 -1.2659572 21.9466496 -0.0191008 -0.2685328 -0.0301575 0.9626088
55.200180 -2.8446064 -1.2650348 21.9800911 -0.0161458 -0.2649974 -0.0304268 0.9636337
55.304050 -2.8644369 -1.2640595 22.0129967 -0.0128450 -0.2608138 -0.0313054 0.9647959
55.407810 -2.8833232 -1.2632031 22.0467949 -0.0113803 -0.2562276 -0.0313054 0.9660424
55.511680 -2.9024594 -1.2620616 22.0811501 -0.0117919 -0.2502223 -0.0323647 0.9675755
55.615430 -2.9214692 -1.2612280 22.1161461 -0.0149164 -0.2442638 -0.0347351 0.9689717
55.719180 -2.9400020 -1.2603047 22.1514721 -0.0174494 -0.2385635 -0.0356119 0.9703168
55.822930 -2.9580081 -1.2591448 22.1875439 -0.0194568 -0.2330173 -0.0358394 0.9716172
55.926680 -2.9754941 -1.2579865 22.2236233 -0.0203839 -0.2275953 -0.0351988 0.9729059
56.030430 -2.9929359 -1.2566316 22.2600117 -0.0198564 -0.2223351 -0.0337445 0.9741839
56.134050 -3.0095880 -1.2555649 22.2967682 -0.0181831 -0.2183487 -0.0308579 0.9752133
56.237800 -3.0262580 -1.2543572 22.3339500 -0.0164240 -0.2147734 -0.0271709 0.9761477
56.341580 -3.0427122 -1.2531250 22.3715038 -0.0161831 -0.2118324 -0.0238523 0.9768808
56.445350 -3.0596457 -1.2518048 22.4098930 -0.0189937 -0.2090465 -0.0214079 0.9774868
56.549070 -3.0766497 -1.2501445 22.4491978 -0.0264497 -0.2063775 -0.0211216 0.9778868
56.652940 -3.0940821 -1.2481295 22.4886265 -0.0340936 -0.2039099 -0.0240143 0.9781011
56.756680 -3.1114838 -1.2457863 22.5286007 -0.0409195 -0.2009584 -0.0263419 0.9783902
56.860440 -3.1281700 -1.2431779 22.5681801 -0.0423759 -0.1979203 -0.0264467 0.9789445
57.068060 -3.1610360 -1.2368798 22.6482334 -0.0409375 -0.1920243 -0.0266053 0.9801750
57.171890 -3.1770458 -1.2336742 22.6891594 -0.0433714 -0.1889687 -0.0248234 0.9807107
57.275560 -3.1928093 -1.2305636 22.7303715 -0.0465173 -0.1857869 -0.0239087 0.9811971
57.379330 -3.2083318 -1.2271494 22.7715473 -0.0488539 -0.1824313 -0.0217908 0.9817623
57.483060 -3.2234552 -1.2236656 22.8127632 -0.0498369 -0.1797665 -0.0202813 0.9822367
57.586810 -3.2383938 -1.2202636 22.8534718 -0.0492115 -0.1766338 -0.0192147 0.9828578
57.690560 -3.2528813 -1.2166123 22.8941689 -0.0487922 -0.1736862 -0.0187461 0.9834129
57.898200 -3.2812304 -1.2098893 22.9748631 -0.0489888 -0.1661509 -0.0198135 0.9846834
58.001930 -3.2946019 -1.2066945 23.0147705 -0.0490218 -0.1612445 -0.0193627 0.9855061
58.105810 -3.3069279 -1.2033460 23.0544262 -0.0489368 -0.1560232 -0.0182073 0.9863724
58.209680 -3.3189917 -1.2000606 23.0939503 -0.0492613 -0.1505435 -0.0177243 0.9872162
58.313440 -3.3304508 -1.1968068 23.1327362 -0.0500541 -0.1452924 -0.0180327 0.9879572
58.417310 -3.3411653 -1.1939240 23.1711750 -0.0492251 -0.1400065 -0.0163212 0.9887915
58.521060 -3.3512847 -1.1912119 23.2090721 -0.0467125 -0.1346871 -0.0158243 0.9896600
58.624930 -3.3613698 -1.1884801 23.2466850 -0.0416308 -0.1285389 -0.0177907 0.9906706
58.728680 -3.3711832 -1.1858388 23.2844830 -0.0374768 -0.1213514 -0.0211949 0.9916754
58.832680 -3.3799412 -1.1834904 23.3226528 -0.0341933 -0.1128414 -0.0216917 0.9927875
58.936580 -3.3872235 -1.1816361 23.3608379 -0.0325421 -0.1033252 -0.0200437 0.9939131
59.040430 -3.3938079 -1.1797097 23.3991127 -0.0301330 -0.0928945 -0.0181239 0.9950548
59.144310 -3.3993633 -1.1781864 23.4379406 -0.0268809 -0.0824879 -0.0151620 0.9961141
59.248190 -3.4044144 -1.1771001 23.4773579 -0.0234873 -0.0721111 -0.0119947 0.9970479
59.455810 -3.4118423 -1.1748526 23.5572872 -0.0206812 -0.0523823 -0.0060474 0.9983946
59.663310 -3.4177554 -1.1721699 23.6398582 -0.0270634 -0.0356659 -0.0062153 0.9989779
59.766940 -3.4197624 -1.1708527 23.6817760 -0.0316936 -0.0291049 -0.0047013 0.9990627
59.870680 -3.4218709 -1.1689824 23.7238178 -0.0344371 -0.0239555 -0.0046527 0.9991089
59.974310 -3.4234333 -1.1671416 23.7656689 -0.0354276 -0.0201155 -0.0059687 0.9991519
60.078080 -3.4252136 -1.1649952 23.8083305 -0.0367510 -0.0161176 -0.0080997 0.9991617
60.285560 -3.4273760 -1.1601713 23.8926945 -0.0400769 -0.0086790 -0.0114674 0.9990931
60.493060 -3.4301226 -1.1572450 23.9755764 -0.0251402 -0.0022576 -0.0215639 0.9994488
60.700580 -3.4304683 -1.1540859 24.0601730 -0.0170543 0.0015697 -0.0242454 0.9995593
60.907960 -3.4319572 -1.1523429 24.1472111 -0.0255104 0.0014009 -0.0291325 0.9992490
61.011600 -3.4325686 -1.1521342 24.1891327 -0.0175590 -0.0001756 -0.0312368 0.9993578
61.218940 -3.4341166 -1.1516062 24.2715530 0.0045695 -0.0050579 -0.0332983 0.9994222
61.426430 -3.4368625 -1.1528037 24.3553925 -0.0026996 -0.0085445 -0.0376647 0.9992502
61.633820 -3.4395144 -1.1544249 24.4364700 -0.0044142 -0.0108540 -0.0360095 0.9992828
61.841310 -3.4415064 -1.1558512 24.5154991 0.0039131 -0.0141418 -0.0320459 0.9993787
62.048840 -3.4442403 -1.1583126 24.5930500 0.0068109 -0.0156402 -0.0286328 0.9994444
62.256400 -3.4475071 -1.1607099 24.6681366 0.0123468 -0.0148548 -0.0300380 0.9993621
62.360060 -3.4493656 -1.1623521 24.7052994 0.0140548 -0.0138289 -0.0326944 0.9992709
62.567930 -3.4512732 -1.1661171 24.7778244 0.0159427 -0.0040010 -0.0371052 0.9991761
63.295440 -3.4355841 -1.1800711 25.0072918 0.0191450 0.0585412 -0.0312053 0.9976135
63.710810 -3.4169922 -1.1886771 25.1097126 0.0266051 0.0936991 -0.0252380 0.9949250
64.955310 -3.3668199 -1.2088722 25.3053970 0.0386497 0.1377084 -0.0197325 0.9895217
65.162710 -3.3610406 -1.2111846 25.3229485 0.0406164 0.1389245 -0.0154686 0.9893488
66.510690 -3.3357027 -1.2223737 25.4358559 0.0407118 0.1084835 -0.0185791 0.9930905
67.443690 -3.3204775 -1.2350928 25.5617409 0.0363597 0.0411616 -0.0117021 0.9984221
67.962080 -3.3251276 -1.2419686 25.6515388 0.0392873 -0.0187123 -0.0191504 0.9988692
68.895320 -3.3689871 -1.2587562 25.8561954 0.0363211 -0.1269192 -0.0200188 0.9910457
68.999070 -3.3774440 -1.2608421 25.8834991 0.0364191 -0.1361028 -0.0204285 0.9898143
69.102840 -3.3864765 -1.2631372 25.9113102 0.0360916 -0.1451836 -0.0194252 0.9885554
69.621440 -3.4438736 -1.2748652 26.0619297 0.0353638 -0.1897867 -0.0148243 0.9810762
69.932840 -3.4890800 -1.2823863 26.1617832 0.0338959 -0.2088025 -0.0171856 0.9772192
70.140570 -3.5228572 -1.2877920 26.2322712 0.0315975 -0.2164739 -0.0188299 0.9755952
70.244320 -3.5407979 -1.2903931 26.2685509 0.0314177 -0.2190414 -0.0195238 0.9750142
70.451940 -3.5776942 -1.2956233 26.3443584 0.0311095 -0.2228523 -0.0207697 0.9741343
70.659570 -3.6166859 -1.3007472 26.4228325 0.0317064 -0.2257496 -0.0204125 0.9734553
70.763330 -3.6366441 -1.3033545 26.4634037 0.0323091 -0.2273883 -0.0196117 0.9730704
70.970820 -3.6783757 -1.3093649 26.5462379 0.0334925 -0.2302682 -0.0187932 0.9723691
71.074690 -3.6999016 -1.3124783 26.5881901 0.0341452 -0.2314864 -0.0180287 0.9720716
71.489570 -3.7891660 -1.3266861 26.7619915 0.0355230 -0.2357685 -0.0150627 0.9710430
71.593330 -3.8124402 -1.3304651 26.8068066 0.0369265 -0.2363440 -0.0143264 0.9708619
71.697200 -3.8361521 -1.3338517 26.8523159 0.0384793 -0.2366276 -0.0139824 0.9707375
71.800950 -3.8606033 -1.3377494 26.8984241 0.0380230 -0.2368103 -0.0153503 0.9706902
72.008470 -3.9100583 -1.3457083 26.9931068 0.0354306 -0.2372639 -0.0159246 0.9706683
72.112200 -3.9350932 -1.3495777 27.0408325 0.0356278 -0.2375739 -0.0143798 0.9706094
72.215950 -3.9605339 -1.3535453 27.0886383 0.0357316 -0.2379630 -0.0132843 0.9705258
72.319700 -3.9861498 -1.3576921 27.1379814 0.0357556 -0.2384152 -0.0119286 0.9704316
72.423450 -4.0121808 -1.3616107 27.1876640 0.0353585 -0.2389843 -0.0110986 0.9703160
72.527200 -4.0383382 -1.3658291 27.2377167 0.0352567 -0.2395342 -0.0103461 0.9701924
72.734700 -4.0922594 -1.3746152 27.3392105 0.0353107 -0.2403456 -0.0102907 0.9699903
72.838470 -4.1198683 -1.3792162 27.3908539 0.0359395 -0.2406915 -0.0105766 0.9698784
72.942200 -4.1480055 -1.3834767 27.4424973 0.0358491 -0.2409980 -0.0111199 0.9697995
73.045950 -4.1765480 -1.3879657 27.4958248 0.0352862 -0.2406335 -0.0112148 0.9699096
73.149700 -4.2047157 -1.3922346 27.5482330 0.0356424 -0.2401354 -0.0137245 0.9699878
73.357220 -4.2623081 -1.4011183 27.6552143 0.0386592 -0.2364362 -0.0158612 0.9707481
73.461070 -4.2902632 -1.4062356 27.7093010 0.0401434 -0.2328496 -0.0180519 0.9715162
73.668820 -4.3457890 -1.4166615 27.8182755 0.0433714 -0.2210282 -0.0225070 0.9740425
73.772700 -4.3724232 -1.4221876 27.8739243 0.0438492 -0.2134111 -0.0238850 0.9756857
73.876700 -4.3985863 -1.4278469 27.9308548 0.0431286 -0.2050926 -0.0249067 0.9774746
73.980600 -4.4230361 -1.4331814 27.9878731 0.0416340 -0.1966197 -0.0262499 0.9792437
74.084450 -4.4467859 -1.4390526 28.0451050 0.0414241 -0.1877028 -0.0270343 0.9809795
74.188450 -4.4693923 -1.4444965 28.1030407 0.0430526 -0.1784180 -0.0266810 0.9826503
74.292330 -4.4906583 -1.4501967 28.1613064 0.0452195 -0.1689612 -0.0272430 0.9842079
74.396200 -4.5107126 -1.4561332 28.2201424 0.0461022 -0.1587446 -0.0271381 0.9858693
74.500110 -4.5299077 -1.4621781 28.2798023 0.0451080 -0.1477380 -0.0275411 0.9876134
74.603820 -4.5473895 -1.4682394 28.3401985 0.0445419 -0.1360874 -0.0263280 0.9893448
74.707830 -4.5636172 -1.4742948 28.4009323 0.0467828 -0.1236404 -0.0266953 0.9908642
74.811700 -4.5784373 -1.4808224 28.4614563 0.0502638 -0.1104728 -0.0274773 0.9922270
74.915450 -4.5911379 -1.4880118 28.5222378 0.0527707 -0.0968247 -0.0277466 0.9935141
75.019330 -4.6028299 -1.4952060 28.5838623 0.0555381 -0.0821181 -0.0303312 0.9946116
75.123330 -4.6124558 -1.5027579 28.6461334 0.0575496 -0.0664877 -0.0279822 0.9957331
75.330950 -4.6259289 -1.5194387 28.7705841 0.0609020 -0.0365602 -0.0282795 0.9970730
75.434820 -4.6295638 -1.5278364 28.8330669 0.0640778 -0.0226910 -0.0265618 0.9973332
75.538570 -4.6313939 -1.5372053 28.8954315 0.0659673 -0.0095472 -0.0244979 0.9974753
75.642200 -4.6312237 -1.5462350 28.9578381 0.0668168 0.0022036 -0.0226586 0.9975055
75.745950 -4.6301804 -1.5556293 29.0201550 0.0670203 0.0135790 -0.0219090 0.9974186
75.849580 -4.6278653 -1.5651484 29.0818157 0.0682766 0.0245197 -0.0222136 0.9971176
75.953320 -4.6242132 -1.5747571 29.1449585 0.0698706 0.0356808 -0.0219123 0.9966769
76.056950 -4.6188059 -1.5845758 29.2081203 0.0703697 0.0460569 -0.0208258 0.9962395
76.160580 -4.6119809 -1.5944917 29.2717762 0.0689143 0.0548993 -0.0183531 0.9959418
76.264200 -4.6037512 -1.6046644 29.3351421 0.0682408 0.0612242 -0.0158682 0.9956621
76.367700 -4.5953522 -1.6145995 29.3988838 0.0699600 0.0654799 -0.0124319 0.9953207
76.471330 -4.5864701 -1.6245834 29.4620152 0.0717148 0.0683679 -0.0107968 0.9950207
76.574950 -4.5776706 -1.6347823 29.5258083 0.0718541 0.0706691 -0.0112202 0.9948452
76.782200 -4.5594964 -1.6554161 29.6542053 0.0727665 0.0741497 -0.0121422 0.9945147
76.989560 -4.5395346 -1.6765163 29.7845230 0.0759960 0.0776216 -0.0103365 0.9940285
77.093250 -4.5288711 -1.6874012 29.8502693 0.0758493 0.0790129 -0.0100552 0.9939330
77.196950 -4.5183015 -1.6981914 29.9169216 0.0741085 0.0804421 -0.0101335 0.9939489
77.300580 -4.5073495 -1.7089348 29.9846344 0.0721558 0.0814931 -0.0104523 0.9940036
77.404200 -4.4967170 -1.7201331 30.0521832 0.0727277 0.0821888 -0.0117770 0.9938898
77.507830 -4.4854231 -1.7310334 30.1203022 0.0748633 0.0823374 -0.0120723 0.9937154
77.611580 -4.4739461 -1.7425894 30.1887321 0.0764252 0.0820962 -0.0118515 0.9936191
77.715200 -4.4618444 -1.7540303 30.2578506 0.0763275 0.0816163 -0.0110120 0.9936758
77.818950 -4.4509387 -1.7659334 30.3271751 0.0762910 0.0816800 -0.0116173 0.9936665
78.026330 -4.4281816 -1.7899748 30.4676857 0.0766175 0.0820073 -0.0135995 0.9935893
78.130080 -4.4163461 -1.8018595 30.5393505 0.0754410 0.0830668 -0.0136211 0.9935910
78.233830 -4.4049816 -1.8139009 30.6109238 0.0754182 0.0846576 -0.0139968 0.9934532
78.441200 -4.3802738 -1.8375920 30.7541084 0.0763798 0.0868440 -0.0131119 0.9932030
78.544830 -4.3680515 -1.8495972 30.8261948 0.0757150 0.0883411 -0.0137115 0.9931138
78.648580 -4.3549910 -1.8617513 30.8989716 0.0757495 0.0900536 -0.0133017 0.9929630
78.752330 -4.3416209 -1.8737230 30.9725399 0.0752564 0.0917939 -0.0142337 0.9928282
78.855950 -4.3282118 -1.8858645 31.0463333 0.0747646 0.0936318 -0.0140873 0.9926957
78.959710 -4.3146563 -1.8981357 31.1203804 0.0746274 0.0954031 -0.0149228 0.9925252
79.063330 -4.3003197 -1.9103947 31.1949730 0.0750942 0.0968836 -0.0150745 0.9923443
79.167080 -4.2859159 -1.9230419 31.2698841 0.0751763 0.0983219 -0.0149950 0.9921978
79.270830 -4.2714181 -1.9356059 31.3452606 0.0752118 0.0998793 -0.0146714 0.9920444
79.374460 -4.2566996 -1.9482466 31.4207726 0.0759112 0.1013187 -0.0146395 0.9918456
79.478210 -4.2408571 -1.9611318 31.4973412 0.0761667 0.1026054 -0.0146454 0.9916936
79.581950 -4.2250752 -1.9739653 31.5736313 0.0761671 0.1041539 -0.0147762 0.9915302
79.685700 -4.2087665 -1.9870338 31.6508160 0.0758430 0.1059212 -0.0150545 0.9913636
79.789450 -4.1922097 -2.0004032 31.7281761 0.0758087 0.1078747 -0.0145666 0.9911629
79.893210 -4.1751709 -2.0131726 31.8061581 0.0759131 0.1099618 -0.0145466 0.9909258
79.996970 -4.1574402 -2.0265000 31.8835144 0.0762781 0.1115622 -0.0139822 0.9907270
80.100580 -4.1397991 -2.0398548 31.9615383 0.0766691 0.1128200 -0.0136395 0.9905592
80.204330 -4.1218553 -2.0533786 32.0404053 0.0769439 0.1139958 -0.0135295 0.9904047
80.307980 -4.1040878 -2.0669074 32.1199913 0.0770127 0.1152480 -0.0134741 0.9902552
80.411710 -4.0850506 -2.0804396 32.1993752 0.0771489 0.1157999 -0.0133376 0.9901820
80.515330 -4.0666976 -2.0944340 32.2789841 0.0769534 0.1165565 -0.0129812 0.9901133
80.619080 -4.0477505 -2.1081057 32.3588753 0.0776039 0.1171326 -0.0124343 0.9900015
80.722740 -4.0289702 -2.1222675 32.4392090 0.0775758 0.1177809 -0.0117904 0.9899347
80.826440 -4.0097466 -2.1360025 32.5199585 0.0769055 0.1183303 -0.0110895 0.9899296
80.930080 -3.9902132 -2.1498888 32.6010399 0.0772135 0.1187448 -0.0112890 0.9898537
81.033840 -3.9705374 -2.1640015 32.6823730 0.0768627 0.1192257 -0.0115369 0.9898203
81.137500 -3.9510207 -2.1778803 32.7642593 0.0759681 0.1198607 -0.0121001 0.9898060
81.241210 -3.9308686 -2.1920331 32.8470650 0.0748944 0.1204009 -0.0115673 0.9898286
81.344940 -3.9109437 -2.2058487 32.9293976 0.0752303 0.1208575 -0.0109737 0.9897543
81.448590 -3.8906791 -2.2199574 33.0116997 0.0761303 0.1208240 -0.0107992 0.9896914
81.552330 -3.8700550 -2.2342856 33.0945129 0.0764286 0.1207248 -0.0107542 0.9896810
81.656060 -3.8502324 -2.2485275 33.1776352 0.0764417 0.1210372 -0.0111089 0.9896380
81.759710 -3.8298445 -2.2631123 33.2606049 0.0762244 0.1208825 -0.0105124 0.9896801
81.863460 -3.8097489 -2.2774193 33.3431168 0.0766526 0.1206921 -0.0109576 0.9896654
81.967080 -3.7898195 -2.2916894 33.4261856 0.0779208 0.1205560 -0.0107238 0.9895856
82.070830 -3.7698929 -2.3060501 33.5087662 0.0787066 0.1201851 -0.0095398 0.9895806
82.174460 -3.7495742 -2.3210964 33.5917892 0.0784227 0.1191207 -0.0086902 0.9897397
82.278210 -3.7293680 -2.3358159 33.6749725 0.0776022 0.1179547 -0.0070262 0.9899572
82.381960 -3.7092957 -2.3503675 33.7575493 0.0769886 0.1170445 -0.0070432 0.9901130
82.485710 -3.6898305 -2.3645537 33.8401718 0.0769946 0.1164561 -0.0072367 0.9901805
82.589430 -3.6702559 -2.3791797 33.9219170 0.0766179 0.1159881 -0.0066624 0.9902687
82.693080 -3.6513834 -2.3928649 34.0042496 0.0773333 0.1156641 -0.0069627 0.9902489
82.796920 -3.6320710 -2.4074888 34.0864334 0.0773097 0.1152263 -0.0061557 0.9903072
82.900600 -3.6132693 -2.4216692 34.1681557 0.0772681 0.1149664 -0.0067934 0.9903364
83.004230 -3.5942619 -2.4364917 34.2498131 0.0771604 0.1143403 -0.0073621 0.9904132
83.107850 -3.5764329 -2.4508960 34.3321838 0.0767436 0.1145468 -0.0082089 0.9904151
83.211580 -3.5574620 -2.4651070 34.4139977 0.0761846 0.1143346 -0.0068559 0.9904931
83.315210 -3.5384429 -2.4794986 34.4957619 0.0753479 0.1137227 -0.0058716 0.9906338
83.418960 -3.5192668 -2.4935453 34.5773582 0.0752443 0.1133096 -0.0023193 0.9907037
83.522590 -3.5004735 -2.5076461 34.6586266 0.0764115 0.1127356 -0.0012385 0.9906818
83.626210 -3.4818206 -2.5219874 34.7405128 0.0776958 0.1126904 -0.0020685 0.9905857
83.729960 -3.4631567 -2.5362427 34.8217316 0.0778385 0.1122921 -0.0031126 0.9906170
83.833580 -3.4452770 -2.5504694 34.9034195 0.0768360 0.1120782 -0.0045733 0.9907138
83.937350 -3.4269173 -2.5645649 34.9853363 0.0765918 0.1115243 -0.0050352 0.9907929
84.040960 -3.4082806 -2.5786171 35.0666885 0.0765944 0.1108235 -0.0059154 0.9908665
84.144710 -3.3902915 -2.5924039 35.1482048 0.0768000 0.1104705 -0.0074191 0.9908799
84.248350 -3.3721428 -2.6067319 35.2301445 0.0762635 0.1100715 -0.0075767 0.9909645
84.352100 -3.3541882 -2.6208963 35.3120193 0.0754633 0.1100667 -0.0082005 0.9910214
84.455710 -3.3359883 -2.6349978 35.3935051 0.0759558 0.1100770 -0.0071494 0.9909908
84.559380 -3.3180532 -2.6490211 35.4746552 0.0763926 0.1101507 -0.0064268 0.9909539
84.662980 -3.2997198 -2.6628051 35.5559425 0.0762609 0.1098317 -0.0052750 0.9910063
84.766730 -3.2819078 -2.6765285 35.6369209 0.0756286 0.1093117 -0.0045484 0.9911158
84.870340 -3.2643471 -2.6904337 35.7174263 0.0764557 0.1085261 -0.0044566 0.9911391
84.973960 -3.2471926 -2.7046671 35.7974930 0.0781237 0.1078502 -0.0056950 0.9910765
85.077720 -3.2303107 -2.7189224 35.8775024 0.0773877 0.1074547 -0.0073853 0.9911660
85.181330 -3.2136796 -2.7329562 35.9571609 0.0765050 0.1068270 -0.0093046 0.9912862
85.285090 -3.1970952 -2.7470191 36.0364227 0.0752909 0.1064863 -0.0093674 0.9914153
85.388710 -3.1805427 -2.7607150 36.1154213 0.0741592 0.1063952 -0.0085354 0.9915178
85.492460 -3.1638882 -2.7743287 36.1934357 0.0736074 0.1062108 -0.0072553 0.9915889
85.596110 -3.1467056 -2.7881265 36.2712326 0.0736020 0.1059715 -0.0073386 0.9916143
85.699750 -3.1304078 -2.8013320 36.3484917 0.0741440 0.1064568 -0.0072313 0.9915227
85.803450 -3.1142027 -2.8142540 36.4243355 0.0738773 0.1068854 -0.0075068 0.9914945
85.907110 -3.0976551 -2.8274910 36.5007668 0.0736668 0.1072410 -0.0080681 0.9914674
86.010840 -3.0824175 -2.8405175 36.5760307 0.0734608 0.1078623 -0.0088260 0.9914088
86.114460 -3.0659454 -2.8533366 36.6500549 0.0728367 0.1080509 -0.0088131 0.9914344
86.218210 -3.0502756 -2.8658686 36.7235680 0.0713146 0.1085664 -0.0091608 0.9914856
86.321830 -3.0351706 -2.8779900 36.7950516 0.0698452 0.1092604 -0.0092216 0.9915134
86.425590 -3.0194068 -2.8899150 36.8644295 0.0704704 0.1092819 -0.0090780 0.9914681
86.529210 -3.0046728 -2.9014704 36.9326477 0.0730965 0.1095019 -0.0082363 0.9912610
86.632980 -2.9904439 -2.9131300 36.9988632 0.0733807 0.1097549 -0.0085172 0.9912096
86.736730 -2.9761307 -2.9245999 37.0636902 0.0723342 0.1095112 -0.0077738 0.9913197
86.840340 -2.9620357 -2.9356825 37.1268158 0.0710994 0.1085903 -0.0074817 0.9915125
86.944090 -2.9494922 -2.9462655 37.1880875 0.0708371 0.1079992 -0.0080428 0.9915915
87.047710 -2.9368978 -2.9566467 37.2479057 0.0700937 0.1070603 -0.0086810 0.9917407
87.151360 -2.9246693 -2.9663994 37.3056107 0.0688839 0.1058305 -0.0079242 0.9919638
87.254960 -2.9131691 -2.9756703 37.3606339 0.0669750 0.1048324 -0.0079984 0.9921998
87.566210 -2.8817041 -3.0014806 37.5141869 0.0677761 0.1037080 -0.0084949 0.9922595
87.669860 -2.8719547 -3.0094442 37.5606575 0.0680516 0.1034005 -0.0084770 0.9922729
87.773590 -2.8630147 -3.0171785 37.6047745 0.0678309 0.1034386 -0.0098223 0.9922716
88.085210 -2.8372989 -3.0367744 37.7238121 0.0680140 0.1181758 -0.0152439 0.9905434
88.710100 -2.7650044 -3.0712991 37.9127312 0.0718328 0.2266812 -0.0122071 0.9712397
88.918590 -2.7309518 -3.0815406 37.9668655 0.0700765 0.2796561 -0.0101035 0.9574862
89.022840 -2.7119827 -3.0866845 37.9908257 0.0704131 0.3083067 -0.0088979 0.9486358
89.439590 -2.6246815 -3.1047649 38.0675621 0.0775755 0.4280952 -0.0034633 0.9003913
90.063710 -2.4640498 -3.1290858 38.1330643 0.0817443 0.5940412 0.0110062 0.8001949
90.167590 -2.4345224 -3.1325400 38.1378136 0.0844567 0.6199502 0.0100899 0.7800173
90.375470 -2.3727717 -3.1392620 38.1423492 0.0872791 0.6704177 0.0086231 0.7367823
90.686970 -2.2744224 -3.1492310 38.1327324 0.0850446 0.7403381 0.0119225 0.6667269
90.790840 -2.2412822 -3.1522954 38.1249847 0.0862947 0.7624673 0.0115878 0.6411416
90.998490 -2.1742251 -3.1579673 38.1023941 0.0878942 0.8042350 0.0095723 0.5876981
91.205840 -2.1065497 -3.1635673 38.0696220 0.0885778 0.8401502 0.0111307 0.5349557
91.620220 -1.9713646 -3.1735528 37.9762917 0.0904432 0.8909460 0.0119885 0.4448501
91.723710 -1.9380043 -3.1752210 37.9478455 0.0903896 0.8990213 0.0117669 0.4283130
91.827240 -1.9045997 -3.1778591 37.9177322 0.0902771 0.9055004 0.0134371 0.4144134
92.034130 -1.8366768 -3.1824353 37.8543472 0.0841492 0.9156968 0.0168385 0.3926000
92.241220 -1.7696038 -3.1858425 37.7864647 0.0790470 0.9237210 0.0181512 0.3743817
92.344860 -1.7361158 -3.1870444 37.7506752 0.0758741 0.9276173 0.0188722 0.3652577
92.448600 -1.7024425 -3.1885056 37.7137337 0.0703150 0.9317319 0.0189901 0.3557681
92.552220 -1.6688097 -3.1896565 37.6759682 0.0649783 0.9358241 0.0193429 0.3458857
92.655970 -1.6365496 -3.1902411 37.6366768 0.0618118 0.9397358 0.0214893 0.3355803
92.759720 -1.6046888 -3.1906323 37.5967903 0.0559629 0.9439235 0.0233195 0.3245503
92.863470 -1.5735795 -3.1909819 37.5558243 0.0497905 0.9481041 0.0252682 0.3130192
92.967220 -1.5433580 -3.1908545 37.5137062 0.0451187 0.9521694 0.0256839 0.3011281
93.070970 -1.5146137 -3.1899731 37.4704399 0.0438856 0.9561049 0.0268116 0.2884765
93.174720 -1.4868457 -3.1888397 37.4262085 0.0431147 0.9599203 0.0282234 0.2754950
93.278470 -1.4604084 -3.1876376 37.3809891 0.0417849 0.9634997 0.0310146 0.2626032
93.382090 -1.4347359 -3.1863589 37.3344955 0.0415486 0.9666388 0.0341829 0.2504290
93.485840 -1.4107687 -3.1845038 37.2871780 0.0424895 0.9691322 0.0367441 0.2400567
93.589470 -1.3866514 -3.1822619 37.2391777 0.0420355 0.9710938 0.0389136 0.2317230
93.693120 -1.3626157 -3.1798959 37.1905785 0.0408316 0.9723882 0.0407497 0.2261269
93.796720 -1.3383344 -3.1772611 37.1409111 0.0396931 0.9730875 0.0435124 0.2227819
93.900350 -1.3137162 -3.1740866 37.0911102 0.0368014 0.9734238 0.0455534 0.2213971
94.003970 -1.2882659 -3.1708992 37.0407104 0.0322929 0.9736251 0.0463677 0.2210460
94.107640 -1.2627105 -3.1674240 36.9902916 0.0290986 0.9736732 0.0448674 0.2215868
94.211350 -1.2371131 -3.1642625 36.9388809 0.0284046 0.9735433 0.0415774 0.2228857
94.314990 -1.2115302 -3.1612618 36.8868599 0.0295814 0.9731528 0.0377747 0.2251036
94.418590 -1.1850845 -3.1585474 36.8348274 0.0297940 0.9725701 0.0347763 0.2280578
94.522220 -1.1579459 -3.1559160 36.7818336 0.0312486 0.9719412 0.0342827 0.2306049
94.625970 -1.1302881 -3.1537614 36.7287903 0.0305149 0.9711953 0.0352638 0.2336771
94.729720 -1.1018407 -3.1513960 36.6754036 0.0287834 0.9707964 0.0341293 0.2357140
94.833490 -1.0729325 -3.1490240 36.6218529 0.0275701 0.9707293 0.0308859 0.2365810
94.937220 -1.0438858 -3.1465602 36.5674667 0.0280364 0.9708393 0.0281664 0.2364143
95.040970 -1.0146407 -3.1445520 36.5121193 0.0267585 0.9707623 0.0278057 0.2369207
95.144720 -0.9847445 -3.1431673 36.4570808 0.0267318 0.9706739 0.0282902 0.2372285
95.248350 -0.9550465 -3.1412463 36.4003029 0.0276293 0.9703989 0.0299208 0.2380491
95.352090 -0.9249658 -3.1392841 36.3435097 0.0289593 0.9701265 0.0318379 0.2387517
95.455870 -0.8946057 -3.1371667 36.2859573 0.0283244 0.9696696 0.0335764 0.2404396
95.559540 -0.8642060 -3.1352375 36.2299309 0.0293627 0.9692519 0.0343415 0.2418869
95.663110 -0.8337033 -3.1329281 36.1733170 0.0303934 0.9687421 0.0343447 0.2437939
95.766850 -0.8026220 -3.1307554 36.1173592 0.0308772 0.9682481 0.0348687 0.2456143
95.870470 -0.7718021 -3.1285267 36.0608406 0.0328320 0.9675783 0.0361261 0.2478088
95.974250 -0.7406715 -3.1264632 36.0054398 0.0332854 0.9670043 0.0356268 0.2500509
96.077860 -0.7094071 -3.1244056 35.9502335 0.0331490 0.9665143 0.0344399 0.2521214
96.181600 -0.6780553 -3.1222444 35.8945427 0.0338281 0.9660395 0.0341656 0.2538818
96.285350 -0.6458960 -3.1199803 35.8389893 0.0333672 0.9657674 0.0354441 0.2548013
96.389100 -0.6143212 -3.1178403 35.7841682 0.0334580 0.9655278 0.0362073 0.2555890
96.492870 -0.5828965 -3.1159306 35.7300797 0.0333617 0.9653265 0.0350795 0.2565174
96.596600 -0.5518294 -3.1140766 35.6765022 0.0339891 0.9652340 0.0337913 0.2569555
96.700350 -0.5205479 -3.1118906 35.6230736 0.0330717 0.9651582 0.0349296 0.2572077
96.803990 -0.4895104 -3.1099920 35.5699425 0.0327895 0.9651882 0.0364408 0.2569214
96.907730 -0.4588305 -3.1080327 35.5174026 0.0316472 0.9651504 0.0365071 0.2571972
97.011470 -0.4286487 -3.1060843 35.4652634 0.0324397 0.9651123 0.0353627 0.2574014
97.115100 -0.3987013 -3.1040189 35.4136543 0.0337723 0.9649889 0.0350040 0.2577412
97.218890 -0.3687683 -3.1019976 35.3623810 0.0334463 0.9647790 0.0350225 0.2585657
97.322500 -0.3390857 -3.1005180 35.3118401 0.0341315 0.9644811 0.0351086 0.2595742
97.426220 -0.3095713 -3.0987804 35.2616425 0.0343168 0.9641169 0.0339536 0.2610518
97.529990 -0.2798911 -3.0968943 35.2121887 0.0335748 0.9637693 0.0348099 0.2623163
97.633720 -0.2507697 -3.0953085 35.1636887 0.0340033 0.9633249 0.0365136 0.2636582
97.737470 -0.2221030 -3.0938594 35.1158867 0.0336210 0.9629114 0.0365374 0.2652099
97.945070 -0.1658351 -3.0903556 35.0240631 0.0325196 0.9623432 0.0339366 0.2677431
98.048750 -0.1385070 -3.0891166 34.9795303 0.0328134 0.9621133 0.0340691 0.2685154
98.152470 -0.1115870 -3.0879230 34.9362602 0.0324711 0.9620164 0.0343866 0.2688637
98.359970 -0.0601346 -3.0855114 34.8536377 0.0299195 0.9618398 0.0331103 0.2699495
98.567470 -0.0123335 -3.0828540 34.7755699 0.0320964 0.9610979 0.0365883 0.2718859
98.671230 0.0106495 -3.0820060 34.7391243 0.0303382 0.9608358 0.0377099 0.2728592
98.774870 0.0330539 -3.0808003 34.7042503 0.0295400 0.9605798 0.0377994 0.2738341
99.086100 0.0931955 -3.0772302 34.6093750 0.0304527 0.9598148 0.0366437 0.2765600
99.708350 0.1847593 -3.0729213 34.4661751 0.0312150 0.9591562 0.0357484 0.2788675
99.915730 0.2071632 -3.0716116 34.4301682 0.0347542 0.9589764 0.0360695 0.2790257
100.123100 0.2266195 -3.0706203 34.3998833 0.0339474 0.9586434 0.0350242 0.2803991
101.678400 0.3353145 -3.0671828 34.2326050 0.0372302 0.9585664 0.0336252 0.2804172
101.782100 0.3418007 -3.0664501 34.2216225 0.0368238 0.9585485 0.0331677 0.2805864
102.300700 0.3713614 -3.0643709 34.1747589 0.0366904 0.9584441 0.0335069 0.2809201
102.404500 0.3761288 -3.0638404 34.1671829 0.0362974 0.9584376 0.0324466 0.2811176
102.508300 0.3807588 -3.0633562 34.1598816 0.0367896 0.9583685 0.0317626 0.2813673
103.960100 0.4507811 -3.0608604 34.0537491 0.0375045 0.9581445 0.0276249 0.2824702
104.374600 0.4861815 -3.0594225 34.0020142 0.0390898 0.9562075 0.0238017 0.2890895
104.582000 0.5102084 -3.0579379 33.9680252 0.0416703 0.9543533 0.0219073 0.2949463
104.789400 0.5388331 -3.0578382 33.9294357 0.0423901 0.9516231 0.0214479 0.3035728
104.996700 0.5711273 -3.0572853 33.8860321 0.0450972 0.9483827 0.0232198 0.3130453
105.100500 0.5893230 -3.0570011 33.8629570 0.0453975 0.9467154 0.0243966 0.3179210
105.411500 0.6499842 -3.0561380 33.7880363 0.0461045 0.9416317 0.0249160 0.3325407
105.618900 0.6957964 -3.0554104 33.7341728 0.0465742 0.9384665 0.0278312 0.3410818
105.722600 0.7208435 -3.0551140 33.7062492 0.0433131 0.9373592 0.0285926 0.3444766
105.826500 0.7465295 -3.0544667 33.6773720 0.0419500 0.9363755 0.0300432 0.3471866
105.930200 0.7730027 -3.0538661 33.6482162 0.0396573 0.9356611 0.0291021 0.3494548
106.034100 0.8002993 -3.0531907 33.6178894 0.0379638 0.9353949 0.0290775 0.3503564
106.137900 0.8288132 -3.0525365 33.5868416 0.0348094 0.9351429 0.0291601 0.3513483
106.241700 0.8570497 -3.0509820 33.5547676 0.0361702 0.9346057 0.0291704 0.3526373
106.345500 0.8867782 -3.0501397 33.5214462 0.0362311 0.9342735 0.0293425 0.3534958
106.449200 0.9172012 -3.0495882 33.4874001 0.0372170 0.9340563 0.0294049 0.3539619
106.553000 0.9486800 -3.0487809 33.4535179 0.0347733 0.9338114 0.0246612 0.3552168
106.760500 1.0132412 -3.0478222 33.3827820 0.0355272 0.9333684 0.0190903 0.3566465
106.864200 1.0461991 -3.0471509 33.3453026 0.0381594 0.9329596 0.0204435 0.3573687
106.968000 1.0809315 -3.0466964 33.3075867 0.0365669 0.9328707 0.0213230 0.3577155
107.175500 1.1522036 -3.0462661 33.2301979 0.0337767 0.9322355 0.0223459 0.3595784
107.279100 1.1887099 -3.0458233 33.1902161 0.0341859 0.9317629 0.0226081 0.3607465
107.382900 1.2262634 -3.0452912 33.1496887 0.0349010 0.9312013 0.0240129 0.3620352
107.486500 1.2641896 -3.0449102 33.1086502 0.0352687 0.9303772 0.0247672 0.3640619
107.590200 1.3033901 -3.0443981 33.0673141 0.0353589 0.9294772 0.0250970 0.3663224
107.797600 1.3822819 -3.0430484 32.9839249 0.0380978 0.9271841 0.0277812 0.3716267
107.901200 1.4217093 -3.0427616 32.9429817 0.0395405 0.9262599 0.0281566 0.3737465
108.005000 1.4623308 -3.0425229 32.9019051 0.0395554 0.9255590 0.0271006 0.3755547
108.108700 1.5023600 -3.0423024 32.8612061 0.0408841 0.9250856 0.0259524 0.3766584
108.212500 1.5421133 -3.0424063 32.8215141 0.0393468 0.9249243 0.0238702 0.3773553
108.316200 1.5820332 -3.0427723 32.7813988 0.0387709 0.9251507 0.0227156 0.3769311
108.420000 1.6220702 -3.0428348 32.7412148 0.0372562 0.9253989 0.0217256 0.3765327
108.523700 1.6619036 -3.0433185 32.7011337 0.0357943 0.9258472 0.0209815 0.3756135
108.627500 1.7013454 -3.0434549 32.6605301 0.0355188 0.9260907 0.0218068 0.3749920
108.731200 1.7405159 -3.0434554 32.6194916 0.0368045 0.9264354 0.0225647 0.3739702
108.835100 1.7799654 -3.0437281 32.5784187 0.0373965 0.9268779 0.0231765 0.3727756
108.938900 1.8199105 -3.0435736 32.5369492 0.0372072 0.9273944 0.0220188 0.3715783
109.042600 1.8599907 -3.0435398 32.4951820 0.0380035 0.9279019 0.0211966 0.3702762
109.146400 1.8991705 -3.0436466 32.4534798 0.0384104 0.9283037 0.0214846 0.3692091
109.250100 1.9396259 -3.0437090 32.4112053 0.0385264 0.9289355 0.0213256 0.3676137
109.353900 1.9791303 -3.0439055 32.3689995 0.0378796 0.9293673 0.0213568 0.3665862
109.457600 2.0188117 -3.0440967 32.3265686 0.0384719 0.9298677 0.0209594 0.3652761
109.561200 2.0582778 -3.0440331 32.2841263 0.0391206 0.9303295 0.0202782 0.3640678
109.665000 2.0979695 -3.0443108 32.2413712 0.0397811 0.9307818 0.0194854 0.3628816
109.768700 2.1378276 -3.0446119 32.1982536 0.0392049 0.9310262 0.0195343 0.3623142
109.872400 2.1778133 -3.0448971 32.1550446 0.0388893 0.9311610 0.0194038 0.3620085
109.976100 2.2176871 -3.0449731 32.1117058 0.0383119 0.9311957 0.0200793 0.3619440
110.079700 2.2582407 -3.0452514 32.0679169 0.0386420 0.9312356 0.0197818 0.3618228
110.183500 2.2983475 -3.0461147 32.0247803 0.0374830 0.9312661 0.0190447 0.3619058
110.390900 2.3777702 -3.0468726 31.9404564 0.0385104 0.9308724 0.0190573 0.3628089
110.598200 2.4585824 -3.0481322 31.8540745 0.0383260 0.9303876 0.0177493 0.3641359
110.805600 2.5396018 -3.0499148 31.7678947 0.0386973 0.9296945 0.0156941 0.3659568
111.012900 2.6216304 -3.0515866 31.6816559 0.0363587 0.9287675 0.0186520 0.3684034
111.116600 2.6624265 -3.0522692 31.6389160 0.0361437 0.9283012 0.0193097 0.3695641
111.220200 2.7027307 -3.0525815 31.5963306 0.0373818 0.9278591 0.0195124 0.3705394
111.324000 2.7435343 -3.0532637 31.5542507 0.0374697 0.9274609 0.0187065 0.3715674
111.427600 2.7838254 -3.0536673 31.5119610 0.0384029 0.9269893 0.0185833 0.3726535
111.531400 2.8238616 -3.0544529 31.4702873 0.0395265 0.9264641 0.0183231 0.3738531
111.635000 2.8644700 -3.0553410 31.4290714 0.0399827 0.9262103 0.0172939 0.3744819
111.738700 2.9046431 -3.0562274 31.3880959 0.0400255 0.9258608 0.0160474 0.3753960
111.842400 2.9451981 -3.0571966 31.3472614 0.0390852 0.9254860 0.0163012 0.3764071
111.946100 2.9856122 -3.0580657 31.3064594 0.0375086 0.9251397 0.0181231 0.3773345
112.049700 3.0256202 -3.0589957 31.2659760 0.0368550 0.9249234 0.0201616 0.3778253
112.153500 3.0657668 -3.0597847 31.2262230 0.0352399 0.9250345 0.0191210 0.3777615
112.257100 3.1050465 -3.0603316 31.1866341 0.0346722 0.9253443 0.0168273 0.3771639
112.360900 3.1441767 -3.0611253 31.1470776 0.0349966 0.9256877 0.0158496 0.3763326
112.464600 3.1826043 -3.0619555 31.1076241 0.0372765 0.9261227 0.0159211 0.3750383
112.568200 3.2207062 -3.0629079 31.0676060 0.0401592 0.9264460 0.0178418 0.3738539
112.672000 3.2583897 -3.0636029 31.0278549 0.0416317 0.9267387 0.0177249 0.3729718
112.775600 3.2957296 -3.0645006 30.9891186 0.0426107 0.9270720 0.0179314 0.3720218
112.879400 3.3327177 -3.0653224 30.9501743 0.0434750 0.9273732 0.0183781 0.3711484
112.983000 3.3686366 -3.0664244 30.9123669 0.0427041 0.9278642 0.0175022 0.3700514
113.086700 3.4046533 -3.0677345 30.8749313 0.0422745 0.9283904 0.0150339 0.3688876
113.190500 3.4394467 -3.0691638 30.8389244 0.0420770 0.9290088 0.0099960 0.3675216
113.294100 3.4731355 -3.0707052 30.8035088 0.0425043 0.9294844 0.0067447 0.3663423
113.397800 3.5059786 -3.0724669 30.7692623 0.0409686 0.9298366 0.0052166 0.3656476
113.501500 3.5369864 -3.0742602 30.7348366 0.0419462 0.9299936 0.0076920 0.3650933
113.812600 3.6243198 -3.0794685 30.6388016 0.0457304 0.9300690 0.0100196 0.3643899
114.020100 3.6769543 -3.0824311 30.5816422 0.0502625 0.9299759 0.0069124 0.3641025
114.123900 3.7019596 -3.0840995 30.5549850 0.0494846 0.9300414 0.0072987 0.3640342
114.227600 3.7260005 -3.0856130 30.5291500 0.0481404 0.9300765 0.0075579 0.3641196
114.538700 3.7926221 -3.0901313 30.4578381 0.0480026 0.9301103 0.0039580 0.3641083
114.746300 3.8344960 -3.0925765 30.4133797 0.0460268 0.9302180 0.0026600 0.3641001
114.953800 3.8740070 -3.0957012 30.3705349 0.0455880 0.9303340 0.0052018 0.3638314
115.057400 3.8931839 -3.0970383 30.3502941 0.0434018 0.9304702 0.0043527 0.3637616
115.472400 3.9648104 -3.1016383 30.2721081 0.0461338 0.9308529 0.0055357 0.3624279
115.783500 4.0133758 -3.1050901 30.2188568 0.0483093 0.9308499 0.0058631 0.3621470
116.198300 4.0722437 -3.1092911 30.1551800 0.0503555 0.9304190 0.0030405 0.3630091
116.509400 4.1109447 -3.1122460 30.1120625 0.0559689 0.9289877 0.0016837 0.3658505
116.613300 4.1232810 -3.1131818 30.0993843 0.0555435 0.9283416 0.0010620 0.3675537
117.442900 4.2008119 -3.1202633 30.0201817 0.0546956 0.9252970 -0.0024129 0.3752705
118.065100 4.2377033 -3.1234744 29.9825115 0.0556588 0.9254707 -0.0059809 0.3746602
118.272500 4.2471099 -3.1245263 29.9725418 0.0559331 0.9252968 -0.0061464 0.3750460
124.079600 4.4010811 -3.1405876 29.8165665 0.0592234 0.9240482 -0.0087479 0.3775591
124.183200 4.4048615 -3.1409454 29.8126297 0.0592951 0.9238896 -0.0085270 0.3779411
124.494400 4.4145684 -3.1420250 29.8029194 0.0583593 0.9237190 -0.0076433 0.3785220
