4.776128 0.0000000 0.0000000 0.0000000 0.0000000 0.0000000 0.0000000 1.0000000
4.880125 0.0018928 -0.0006433 0.0478324 0.0001396 0.0166955 -0.0006139 0.9998604
4.984148 0.0052769 -0.0019074 0.0952106 0.0003243 0.0338333 -0.0003046 0.9994274
5.088126 0.0104067 -0.0027614 0.1428193 0.0010706 0.0508109 -0.0000080 0.9987077
5.192023 0.0169806 -0.0035648 0.1910691 0.0020430 0.0673159 -0.0000462 0.9977296
5.295877 0.0252544 -0.0048438 0.2385067 0.0034600 0.0835181 -0.0006333 0.9965001
5.399752 0.0352606 -0.0061816 0.2860370 0.0057144 0.0996607 0.0013846 0.9950041
5.503628 0.0470442 -0.0078041 0.3326725 0.0084735 0.1153949 0.0042869 0.9932743
5.711251 0.0753085 -0.0114720 0.4263910 0.0138112 0.1449361 0.0108939 0.9892846
5.918752 0.1085853 -0.0163004 0.5167163 0.0210366 0.1722581 0.0176591 0.9846689
6.022375 0.1271793 -0.0193728 0.5616433 0.0284023 0.1852364 0.0189936 0.9820998
6.126131 0.1462863 -0.0225338 0.6052914 0.0370639 0.1981503 0.0180260 0.9793047
6.333503 0.1864934 -0.0305361 0.6897876 0.0496445 0.2243239 0.0170934 0.9730992
6.540880 0.2320590 -0.0402969 0.7725099 0.0506818 0.2486033 0.0198733 0.9670743
6.644505 0.2562480 -0.0452913 0.8132833 0.0479037 0.2594304 0.0223525 0.9643140
6.748254 0.2811423 -0.0496685 0.8530802 0.0463118 0.2689902 0.0267568 0.9616567
7.266377 0.4073240 -0.0723753 1.0417978 0.0481886 0.3002905 0.0266723 0.9522563
7.370130 0.4341313 -0.0762469 1.0783453 0.0486526 0.3051583 0.0274687 0.9506612
7.473752 0.4620779 -0.0805577 1.1148041 0.0498291 0.3090953 0.0289188 0.9492844
7.784655 0.5452504 -0.0938476 1.2286477 0.0522628 0.3092484 0.0298454 0.9490750
7.888275 0.5745780 -0.0984913 1.2689170 0.0519198 0.3057819 0.0291533 0.9502378
7.991881 0.6031739 -0.1030690 1.3098838 0.0515234 0.3019592 0.0282502 0.9515082
8.199389 0.6606919 -0.1124161 1.3941765 0.0511579 0.2944490 0.0261071 0.9539397
8.303130 0.6898566 -0.1171803 1.4376979 0.0505423 0.2919607 0.0237251 0.9547992
8.510755 0.7493581 -0.1274940 1.5273856 0.0484245 0.2915136 0.0208581 0.9551125
8.614628 0.7802050 -0.1326355 1.5737036 0.0479398 0.2920939 0.0203617 0.9549704
8.822133 0.8425914 -0.1425893 1.6667943 0.0474381 0.2926283 0.0201338 0.9548366
8.925883 0.8752438 -0.1478529 1.7142863 0.0469178 0.2924307 0.0204031 0.9549171
9.029629 0.9067220 -0.1529795 1.7613013 0.0467833 0.2927016 0.0200937 0.9548473
9.444755 1.0382861 -0.1744039 1.9563762 0.0447803 0.2916239 0.0186795 0.9553017
9.548508 1.0707902 -0.1797828 2.0049555 0.0436153 0.2904048 0.0194319 0.9557119
9.755883 1.1347871 -0.1906663 2.1016505 0.0425559 0.2876669 0.0199069 0.9565775
9.963509 1.1964129 -0.2007474 2.1962337 0.0429284 0.2864392 0.0196050 0.9569354
10.171130 1.2612275 -0.2113599 2.2941761 0.0450440 0.2882138 0.0181904 0.9563331
10.378880 1.3246815 -0.2216431 2.3883731 0.0445538 0.2938532 0.0181861 0.9546384
10.482760 1.3575047 -0.2272112 2.4353395 0.0429580 0.2967647 0.0193065 0.9537885
10.586510 1.3894194 -0.2323518 2.4815958 0.0419150 0.2998776 0.0179952 0.9528865
10.690390 1.4217608 -0.2373776 2.5279059 0.0434213 0.3027646 0.0187043 0.9518920
10.794130 1.4540949 -0.2418626 2.5728531 0.0443635 0.3055033 0.0187391 0.9509724
11.001750 1.5198965 -0.2522324 2.6629319 0.0452460 0.3101467 0.0171745 0.9494561
11.105390 1.5534126 -0.2572754 2.7076485 0.0447419 0.3119483 0.0179103 0.9488760
11.209130 1.5868706 -0.2620606 2.7523389 0.0407071 0.3131315 0.0195166 0.9486362
11.312890 1.6200836 -0.2668438 2.7966413 0.0357065 0.3142194 0.0208677 0.9484491
11.416630 1.6523192 -0.2709879 2.8404052 0.0348551 0.3152911 0.0218670 0.9481026
11.520390 1.6846609 -0.2750770 2.8835020 0.0373054 0.3159781 0.0208944 0.9478025
11.624010 1.7173119 -0.2793282 2.9267440 0.0406591 0.3167674 0.0207785 0.9474036
11.727800 1.7506831 -0.2834827 2.9695578 0.0420516 0.3167755 0.0231547 0.9472850
11.831510 1.7835549 -0.2881095 3.0122435 0.0422358 0.3166387 0.0251541 0.9472715
11.935260 1.8157948 -0.2925180 3.0552990 0.0403847 0.3164322 0.0249986 0.9474254
12.038930 1.8479855 -0.2964708 3.0984938 0.0378466 0.3160766 0.0251393 0.9476451
12.142640 1.8803358 -0.3007376 3.1416018 0.0344792 0.3154590 0.0248617 0.9479867
12.246380 1.9115529 -0.3043773 3.1849236 0.0326696 0.3153956 0.0209598 0.9481661
12.350150 1.9427495 -0.3075131 3.2280955 0.0309628 0.3146094 0.0174083 0.9485564
12.453880 1.9745349 -0.3112277 3.2706218 0.0308182 0.3134347 0.0191912 0.9489155
12.557630 2.0061996 -0.3149895 3.3132689 0.0320749 0.3116872 0.0209178 0.9494128
12.661390 2.0372427 -0.3185700 3.3559983 0.0335686 0.3087256 0.0216398 0.9503123
12.765050 2.0682781 -0.3220509 3.3986239 0.0342888 0.3042443 0.0240804 0.9516721
12.868760 2.0989025 -0.3259904 3.4414139 0.0350858 0.2996270 0.0275072 0.9530142
12.972400 2.1281621 -0.3295077 3.4846561 0.0349803 0.2941233 0.0262213 0.9547672
13.076170 2.1569288 -0.3327972 3.5285475 0.0342858 0.2880794 0.0251491 0.9566621
13.179930 2.1850691 -0.3365723 3.5724158 0.0324480 0.2816809 0.0257569 0.9586133
13.283680 2.2130470 -0.3401206 3.6172440 0.0323057 0.2755505 0.0252838 0.9604108
13.387430 2.2401016 -0.3434576 3.6618383 0.0319653 0.2689748 0.0256950 0.9622737
13.491130 2.2661555 -0.3471901 3.7061992 0.0323775 0.2625715 0.0261485 0.9640146
13.594890 2.2920351 -0.3511487 3.7508638 0.0345879 0.2558673 0.0252481 0.9657630
13.698760 2.3168561 -0.3546019 3.7953608 0.0395505 0.2496826 0.0255447 0.9671824
13.802490 2.3412123 -0.3585301 3.8403547 0.0421803 0.2427649 0.0248275 0.9688497
13.906260 2.3642840 -0.3628061 3.8854911 0.0406489 0.2365151 0.0242646 0.9704739
14.010030 2.3870292 -0.3673151 3.9313519 0.0387984 0.2304336 0.0235964 0.9720279
14.113800 2.4092798 -0.3717491 3.9768119 0.0394233 0.2252395 0.0218492 0.9732603
14.217640 2.4303982 -0.3761132 4.0221996 0.0423160 0.2218926 0.0185563 0.9739757
14.321530 2.4513793 -0.3806783 4.0678306 0.0453616 0.2192368 0.0149305 0.9745023
14.425390 2.4721336 -0.3855806 4.1132140 0.0466872 0.2174202 0.0133195 0.9748699
14.529260 2.4929523 -0.3907028 4.1584411 0.0466128 0.2155237 0.0123666 0.9753070
14.633120 2.5131085 -0.3955951 4.2033272 0.0468166 0.2130621 0.0118630 0.9758443
14.736910 2.5337090 -0.4007868 4.2484889 0.0445990 0.2098671 0.0106439 0.9766542
14.840760 2.5532529 -0.4057685 4.2939787 0.0428416 0.2072153 0.0115245 0.9772889
14.944510 2.5730987 -0.4107851 4.3396888 0.0414028 0.2041910 0.0106780 0.9779968
15.048260 2.5916822 -0.4153517 4.3852673 0.0411076 0.2014992 0.0063970 0.9786048
15.152010 2.6096261 -0.4198357 4.4306335 0.0417555 0.1985996 0.0022990 0.9791881
15.255760 2.6281099 -0.4247019 4.4753938 0.0437046 0.1949961 0.0029449 0.9798254
15.359530 2.6465764 -0.4293700 4.5206456 0.0454369 0.1911803 0.0035010 0.9804965
15.463280 2.6640968 -0.4341399 4.5658584 0.0445575 0.1879499 0.0029499 0.9811630
15.567140 2.6816444 -0.4393460 4.6114426 0.0420316 0.1842658 0.0032116 0.9819721
15.670890 2.6985123 -0.4440273 4.6571093 0.0407742 0.1807603 0.0023040 0.9826789
15.774640 2.7147839 -0.4487044 4.7022047 0.0425566 0.1776538 0.0012245 0.9831717
15.878390 2.7313282 -0.4537364 4.7472625 0.0437697 0.1740626 0.0009173 0.9837610
15.982160 2.7468364 -0.4586449 4.7924423 0.0441360 0.1708733 -0.0004357 0.9843039
16.086050 2.7625451 -0.4635097 4.8382878 0.0439142 0.1672173 -0.0002693 0.9849415
16.189760 2.7781024 -0.4685538 4.8845382 0.0436428 0.1630990 0.0018007 0.9856423
16.293510 2.7933035 -0.4732056 4.9290133 0.0442349 0.1590955 0.0035810 0.9862652
16.397260 2.8083375 -0.4782453 4.9727683 0.0444115 0.1554564 0.0042907 0.9868346
16.501030 2.8220482 -0.4832441 5.0173821 0.0439804 0.1520898 0.0008902 0.9873872
16.604760 2.8354685 -0.4880723 5.0633655 0.0432209 0.1493413 -0.0011335 0.9878400
16.708640 2.8492579 -0.4931557 5.1086502 0.0430013 0.1471706 0.0002087 0.9881759
16.812390 2.8630254 -0.4979962 5.1537991 0.0430192 0.1446336 0.0007880 0.9885494
16.916160 2.8763416 -0.5032039 5.1991458 0.0434447 0.1421115 0.0014414 0.9888958
17.020010 2.8893497 -0.5077719 5.2439098 0.0427666 0.1391634 0.0044976 0.9893353
17.123760 2.9029956 -0.5126440 5.2891960 0.0418490 0.1361350 0.0082758 0.9897714
17.227520 2.9157178 -0.5174489 5.3340597 0.0413561 0.1336242 0.0092325 0.9901258
17.331410 2.9280679 -0.5220879 5.3791394 0.0421760 0.1313286 0.0082482 0.9904070
17.435140 2.9395967 -0.5264663 5.4243875 0.0432847 0.1297199 0.0073912 0.9905779
17.539040 2.9510822 -0.5311314 5.4694300 0.0430430 0.1289730 0.0058246 0.9906964
17.642890 2.9628143 -0.5358962 5.5145068 0.0424075 0.1284509 0.0058936 0.9907912
17.746640 2.9745393 -0.5403018 5.5599756 0.0401964 0.1280720 0.0069459 0.9909256
17.850540 2.9861145 -0.5447206 5.6052766 0.0376030 0.1276040 0.0065891 0.9910902
17.954270 2.9979141 -0.5489542 5.6501989 0.0368001 0.1271639 0.0069300 0.9911746
18.058140 3.0092597 -0.5533540 5.6947207 0.0391092 0.1266682 0.0065728 0.9911521
18.161890 3.0206513 -0.5573670 5.7390504 0.0410882 0.1267622 0.0060249 0.9910635
18.265770 3.0323212 -0.5619575 5.7833180 0.0405892 0.1264397 0.0047380 0.9911322
18.473380 3.0547726 -0.5710216 5.8710899 0.0403107 0.1259421 0.0060810 0.9911996
18.577160 3.0658138 -0.5752082 5.9147787 0.0415160 0.1255929 0.0046284 0.9912020
18.680990 3.0760908 -0.5797361 5.9585824 0.0422513 0.1260513 0.0000534 0.9911236
18.784860 3.0866070 -0.5844209 6.0022264 0.0430815 0.1258991 -0.0031010 0.9911023
18.888520 3.0975034 -0.5891555 6.0454049 0.0448553 0.1258850 -0.0016530 0.9910289
18.992370 3.1084507 -0.5941234 6.0883303 0.0451276 0.1255484 -0.0007847 0.9910603
19.096040 3.1189692 -0.5988643 6.1311064 0.0457670 0.1247451 -0.0016034 0.9911314
19.199890 3.1302795 -0.6036773 6.1741533 0.0453344 0.1236878 0.0033347 0.9912795
19.303520 3.1418056 -0.6085205 6.2163367 0.0437324 0.1214806 0.0070075 0.9916052
19.407390 3.1530280 -0.6135083 6.2592888 0.0410074 0.1201247 0.0099948 0.9918612
19.511150 3.1634545 -0.6178407 6.3015208 0.0409045 0.1181932 0.0111360 0.9920853
19.614770 3.1735041 -0.6222899 6.3430562 0.0433339 0.1155296 0.0108952 0.9922985
19.718390 3.1825259 -0.6266814 6.3838258 0.0448519 0.1124606 0.0113948 0.9925780
19.822140 3.1915090 -0.6306534 6.4255204 0.0453903 0.1083886 0.0110689 0.9930101
19.925670 3.2007456 -0.6355025 6.4674926 0.0429065 0.1031550 0.0124525 0.9936614
20.029410 3.2089815 -0.6398750 6.5089774 0.0422087 0.0971738 0.0142167 0.9942704
20.132890 3.2164936 -0.6440127 6.5495582 0.0436020 0.0903130 0.0159662 0.9948304
20.236640 3.2229621 -0.6481418 6.5908251 0.0443452 0.0833869 0.0161050 0.9953998
20.340390 3.2293143 -0.6526269 6.6319518 0.0444504 0.0763409 0.0169834 0.9959457
20.444020 3.2347121 -0.6568152 6.6731563 0.0455941 0.0697252 0.0176167 0.9963680
20.547770 3.2393317 -0.6617253 6.7132993 0.0486684 0.0630650 0.0156334 0.9966995
20.651520 3.2430952 -0.6662649 6.7534671 0.0532300 0.0569209 0.0110182 0.9968978
20.755270 3.2461507 -0.6711015 6.7928061 0.0571518 0.0501776 0.0084356 0.9970680
20.859140 3.2493095 -0.6758492 6.8328285 0.0576225 0.0436875 0.0077846 0.9973517
20.962890 3.2517197 -0.6810668 6.8727603 0.0555547 0.0377414 0.0060784 0.9977236
21.066770 3.2537231 -0.6862361 6.9124503 0.0544351 0.0324996 0.0038814 0.9979807
21.170640 3.2547958 -0.6914206 6.9508729 0.0577189 0.0282701 0.0019119 0.9979307
21.274520 3.2559965 -0.6965234 6.9891491 0.0615177 0.0251558 0.0002948 0.9977889
21.378530 3.2576966 -0.7013960 7.0284610 0.0630807 0.0234081 -0.0009899 0.9977334
21.482520 3.2592874 -0.7067229 7.0678592 0.0606891 0.0235109 -0.0021616 0.9978775
21.586400 3.2610481 -0.7124473 7.1071668 0.0585214 0.0243977 -0.0025403 0.9979848
21.690420 3.2631841 -0.7176217 7.1460257 0.0570024 0.0257460 -0.0015460 0.9980408
21.794280 3.2653811 -0.7224537 7.1848340 0.0573750 0.0272020 -0.0005601 0.9979819
21.898270 3.2679582 -0.7276582 7.2231307 0.0572691 0.0287936 0.0004123 0.9979434
22.002150 3.2703710 -0.7326732 7.2612691 0.0565482 0.0310182 -0.0001657 0.9979179
22.106150 3.2729254 -0.7373461 7.2993774 0.0567692 0.0337568 -0.0005945 0.9978163
22.210070 3.2755375 -0.7421731 7.3375378 0.0558664 0.0368094 -0.0013224 0.9977586
22.313900 3.2785337 -0.7470695 7.3752713 0.0546091 0.0396962 -0.0003644 0.9977183
22.417770 3.2816384 -0.7517939 7.4126592 0.0545009 0.0423943 -0.0006619 0.9976131
22.521520 3.2848706 -0.7566420 7.4499006 0.0549921 0.0451186 -0.0013124 0.9974660
22.625400 3.2879810 -0.7612021 7.4865971 0.0564080 0.0472502 -0.0016697 0.9972877
22.729170 3.2915668 -0.7660835 7.5234571 0.0574531 0.0484058 -0.0017190 0.9971725
22.832900 3.2952387 -0.7706954 7.5599313 0.0583015 0.0491514 -0.0003835 0.9970882
22.936520 3.2989240 -0.7753783 7.5960503 0.0575713 0.0487971 0.0013579 0.9971472
23.040140 3.3025577 -0.7802899 7.6321354 0.0557058 0.0467057 0.0025651 0.9973509
23.143770 3.3054953 -0.7850088 7.6676660 0.0557409 0.0429319 0.0031328 0.9975169
23.247420 3.3081501 -0.7896571 7.7029967 0.0561036 0.0372546 0.0044118 0.9977199
23.351020 3.3102682 -0.7941821 7.7380099 0.0563340 0.0299285 0.0058515 0.9979461
23.454650 3.3114269 -0.7984280 7.7725716 0.0552531 0.0221705 0.0052092 0.9982126
23.558270 3.3116081 -0.8028280 7.8072758 0.0527903 0.0143110 0.0028879 0.9984989
23.662020 3.3114808 -0.8069569 7.8417382 0.0495989 0.0060469 0.0018841 0.9987491
23.765650 3.3109405 -0.8110046 7.8761711 0.0457649 -0.0025238 0.0017815 0.9989474
23.869400 3.3094916 -0.8145703 7.9101758 0.0422436 -0.0110620 0.0012189 0.9990454
23.973020 3.3074527 -0.8181390 7.9437237 0.0392888 -0.0195166 0.0003316 0.9990372
24.076780 3.3050807 -0.8216626 7.9767976 0.0380766 -0.0285380 -0.0002475 0.9988672
24.180540 3.3022270 -0.8246937 8.0095825 0.0375978 -0.0376887 0.0004423 0.9985819
24.284160 3.2983952 -0.8277053 8.0419922 0.0372016 -0.0462994 -0.0004615 0.9982345
24.387900 3.2939775 -0.8305593 8.0745029 0.0365501 -0.0543668 -0.0032963 0.9978464
24.491650 3.2890646 -0.8335483 8.1066418 0.0346696 -0.0615962 -0.0049186 0.9974867
24.595400 3.2843955 -0.8363461 8.1386614 0.0329549 -0.0678175 -0.0037556 0.9971462
24.803110 3.2736990 -0.8419114 8.2016296 0.0340867 -0.0781794 -0.0047961 0.9963449
24.906780 3.2677529 -0.8448988 8.2320499 0.0373618 -0.0827899 -0.0069035 0.9958425
25.114270 3.2564783 -0.8504740 8.2928257 0.0456777 -0.0917894 -0.0032335 0.9947250
25.321770 3.2433822 -0.8560872 8.3546963 0.0408329 -0.0980373 -0.0047819 0.9943332
25.425520 3.2362738 -0.8590485 8.3862066 0.0351153 -0.1000407 -0.0076381 0.9943342
25.529390 3.2292879 -0.8621011 8.4176321 0.0309991 -0.1008859 -0.0083337 0.9943801
25.633210 3.2229543 -0.8647804 8.4485083 0.0309044 -0.1015254 -0.0067316 0.9943300
25.737020 3.2164865 -0.8672324 8.4793930 0.0321637 -0.1020425 -0.0048977 0.9942479
25.840800 3.2100482 -0.8696809 8.5103741 0.0322119 -0.1029415 -0.0034223 0.9941598
26.048150 3.1962872 -0.8743773 8.5734797 0.0289433 -0.1053735 -0.0048175 0.9939997
26.151900 3.1890547 -0.8768299 8.6052275 0.0264494 -0.1067109 -0.0048119 0.9939266
26.255540 3.1817143 -0.8790914 8.6367559 0.0250436 -0.1088841 -0.0045094 0.9937287
26.566610 3.1582494 -0.8852708 8.7316742 0.0218513 -0.1211346 -0.0021345 0.9923933
26.670290 3.1497235 -0.8873688 8.7634134 0.0227290 -0.1270598 -0.0029590 0.9916302
26.773900 3.1403744 -0.8893324 8.7950850 0.0246803 -0.1329346 -0.0037398 0.9908104
27.085020 3.1105835 -0.8951733 8.8898926 0.0248473 -0.1511549 -0.0036268 0.9881911
27.292530 3.0884738 -0.8995810 8.9539280 0.0232962 -0.1630203 -0.0057822 0.9863307
27.500020 3.0639036 -0.9035333 9.0187206 0.0221662 -0.1716540 -0.0101048 0.9848561
27.603900 3.0514274 -0.9054029 9.0519886 0.0205217 -0.1739750 -0.0104020 0.9844813
27.707780 3.0390029 -0.9072064 9.0854750 0.0189516 -0.1751072 -0.0092925 0.9843231
27.811650 3.0267110 -0.9090272 9.1191463 0.0197956 -0.1751927 -0.0068495 0.9843113
27.915520 3.0141628 -0.9111204 9.1531591 0.0200961 -0.1745802 -0.0061629 0.9844186
28.019400 3.0018237 -0.9131384 9.1872482 0.0210872 -0.1742074 -0.0044699 0.9844730
28.123280 2.9890721 -0.9146916 9.2223063 0.0206658 -0.1740688 -0.0028866 0.9845124
28.227150 2.9765756 -0.9165580 9.2578449 0.0180608 -0.1738716 -0.0015329 0.9846015
28.330900 2.9638045 -0.9185603 9.2932158 0.0164786 -0.1733080 -0.0015604 0.9847286
28.434770 2.9508994 -0.9206132 9.3285713 0.0152223 -0.1724428 -0.0014132 0.9849009
28.538650 2.9379737 -0.9222021 9.3643866 0.0149678 -0.1717441 -0.0015837 0.9850266
28.642420 2.9250753 -0.9239515 9.3998451 0.0146735 -0.1706993 -0.0022292 0.9852114
28.746150 2.9123065 -0.9259595 9.4352074 0.0151607 -0.1696923 -0.0025305 0.9853773
28.849900 2.8995855 -0.9277618 9.4707403 0.0172242 -0.1689269 -0.0018414 0.9854764
28.953800 2.8871529 -0.9296106 9.5061016 0.0202496 -0.1686029 -0.0014279 0.9854750
29.057520 2.8744271 -0.9313865 9.5418587 0.0216359 -0.1680099 -0.0024184 0.9855449
29.161270 2.8617845 -0.9335103 9.5774288 0.0200236 -0.1671448 -0.0035024 0.9857228
29.264900 2.8491895 -0.9356640 9.6134005 0.0182068 -0.1665422 -0.0044721 0.9858561
29.368650 2.8365102 -0.9378421 9.6490450 0.0180370 -0.1650022 -0.0062794 0.9861082
29.472530 2.8239250 -0.9396187 9.6849413 0.0178035 -0.1625902 -0.0072845 0.9865062
29.576300 2.8130171 -0.9415319 9.7199087 0.0172568 -0.1593686 -0.0075229 0.9870396
29.680170 2.8025844 -0.9439850 9.7549829 0.0168500 -0.1550685 -0.0072701 0.9877332
29.783900 2.7914886 -0.9459355 9.7907152 0.0178933 -0.1497828 -0.0054967 0.9885417
29.887780 2.7808313 -0.9476222 9.8268137 0.0198492 -0.1441214 -0.0051869 0.9893473
29.991660 2.7703998 -0.9493303 9.8626366 0.0195512 -0.1379548 -0.0064613 0.9902244
30.095530 2.7610917 -0.9512554 9.8991156 0.0159557 -0.1324436 -0.0040128 0.9910540
30.199280 2.7521110 -0.9531268 9.9358997 0.0118913 -0.1281640 -0.0022992 0.9916790
30.303050 2.7426043 -0.9545353 9.9723263 0.0092639 -0.1242623 -0.0023685 0.9922034
30.406780 2.7328997 -0.9557893 10.0088987 0.0083252 -0.1218467 -0.0053752 0.9924995
30.510400 2.7242050 -0.9571471 10.0455828 0.0074305 -0.1208054 -0.0047644 0.9926370
30.614030 2.7150421 -0.9582976 10.0822754 0.0070969 -0.1199063 -0.0043707 0.9927502
30.717780 2.7057514 -0.9596301 10.1187000 0.0080163 -0.1192950 -0.0044001 0.9928167
30.821410 2.6963370 -0.9606097 10.1554317 0.0089136 -0.1190852 -0.0062998 0.9928240
30.925160 2.6867950 -0.9618703 10.1925020 0.0083898 -0.1191666 -0.0069166 0.9928147
31.028780 2.6776466 -0.9630272 10.2300434 0.0076267 -0.1201492 -0.0076817 0.9926968
31.236300 2.6585333 -0.9652696 10.3050585 0.0068084 -0.1214913 -0.0054362 0.9925542
31.340050 2.6490946 -0.9662843 10.3430662 0.0061992 -0.1232733 -0.0051591 0.9923400
31.443650 2.6390102 -0.9674452 10.3803854 0.0051886 -0.1253509 -0.0061759 0.9920797
31.547410 2.6287236 -0.9683766 10.4183207 0.0029736 -0.1279377 -0.0073421 0.9917505
31.651030 2.6183667 -0.9692205 10.4563007 0.0008294 -0.1306371 -0.0080178 0.9913975
31.754790 2.6074450 -0.9700651 10.4942188 0.0006683 -0.1327097 -0.0089479 0.9911143
31.858530 2.5962000 -0.9712315 10.5319490 0.0023627 -0.1348878 -0.0114801 0.9907916
31.962280 2.5846376 -0.9716594 10.5701609 0.0049512 -0.1371320 -0.0136048 0.9904470
32.066030 2.5728898 -0.9722320 10.6077805 0.0062600 -0.1391893 -0.0158071 0.9901198
32.169650 2.5612378 -0.9734784 10.6459885 0.0058236 -0.1414825 -0.0169850 0.9897779
32.273410 2.5492754 -0.9745222 10.6839142 0.0068798 -0.1433584 -0.0180707 0.9894819
32.377150 2.5373971 -0.9756312 10.7216196 0.0081932 -0.1454042 -0.0183538 0.9891682
32.480910 2.5256126 -0.9765438 10.7594566 0.0083029 -0.1480091 -0.0184658 0.9887787
32.584530 2.5129492 -0.9776008 10.7978392 0.0075924 -0.1500183 -0.0187364 0.9884765
32.688280 2.5011857 -0.9789960 10.8356733 0.0075893 -0.1525425 -0.0166866 0.9881269
32.791900 2.4888911 -0.9800244 10.8737164 0.0080850 -0.1548688 -0.0151280 0.9877861
32.895660 2.4764428 -0.9812696 10.9112635 0.0089666 -0.1571951 -0.0155718 0.9874041
32.999410 2.4634538 -0.9825594 10.9490156 0.0080849 -0.1595656 -0.0181217 0.9869879
33.103170 2.4498522 -0.9836403 10.9869986 0.0075950 -0.1617219 -0.0200621 0.9866032
33.206780 2.4369359 -0.9850629 11.0243034 0.0091319 -0.1640421 -0.0184130 0.9862392
33.310530 2.4238846 -0.9864804 11.0617285 0.0126201 -0.1663217 -0.0173875 0.9858375
33.414280 2.4098046 -0.9875801 11.0992155 0.0153520 -0.1678516 -0.0203452 0.9854828
33.518170 2.3955522 -0.9887907 11.1371336 0.0139816 -0.1692821 -0.0237223 0.9851829
33.621780 2.3817027 -0.9902525 11.1753378 0.0084377 -0.1704928 -0.0243789 0.9850212
33.725530 2.3682418 -0.9912305 11.2141190 0.0022557 -0.1716343 -0.0235424 0.9848768
33.829280 2.3540568 -0.9917840 11.2515450 -0.0019635 -0.1721889 -0.0252677 0.9847379
33.933050 2.3400893 -0.9925219 11.2892466 -0.0032482 -0.1734001 -0.0264402 0.9844911
34.140410 2.3121109 -0.9930410 11.3637648 0.0023287 -0.1771754 -0.0247145 0.9838662
34.244030 2.2978942 -0.9935107 11.4014635 0.0047137 -0.1795981 -0.0245836 0.9834216
34.347780 2.2834594 -0.9943974 11.4388828 0.0057459 -0.1817597 -0.0236413 0.9830419
34.451530 2.2687573 -0.9951372 11.4762583 0.0068843 -0.1840640 -0.0232910 0.9826142
34.658910 2.2386155 -0.9965927 11.5520191 0.0035341 -0.1879645 -0.0225187 0.9819113
34.762530 2.2233901 -0.9972141 11.5896969 0.0006714 -0.1896472 -0.0221710 0.9816017
34.866280 2.2077553 -0.9977479 11.6275110 -0.0022379 -0.1908423 -0.0223330 0.9813641
34.970030 2.1920562 -0.9979191 11.6653185 -0.0048944 -0.1918194 -0.0218497 0.9811748
35.073910 2.1766047 -0.9979988 11.7033167 -0.0084990 -0.1927198 -0.0219849 0.9809707
35.177560 2.1608782 -0.9979770 11.7407494 -0.0088900 -0.1935460 -0.0222421 0.9807987
35.281280 2.1445510 -0.9980841 11.7777901 -0.0038371 -0.1943114 -0.0258980 0.9805905
35.385050 2.1287482 -0.9982464 11.8148308 0.0032032 -0.1948403 -0.0253388 0.9805024
35.592410 2.0972304 -0.9990590 11.8896942 0.0059275 -0.1952772 -0.0242463 0.9804304
35.696160 2.0811253 -0.9997799 11.9271336 0.0029476 -0.1953327 -0.0251532 0.9804100
35.799780 2.0652480 -1.0006553 11.9649487 0.0021651 -0.1961863 -0.0245746 0.9802563
35.903530 2.0496283 -1.0011647 12.0027514 0.0025317 -0.1969143 -0.0227976 0.9801523
36.007180 2.0338471 -1.0014856 12.0404873 0.0020604 -0.1976599 -0.0210817 0.9800418
36.110910 2.0176411 -1.0020233 12.0786219 -0.0003472 -0.1984249 -0.0215995 0.9798780
36.214530 2.0010443 -1.0024564 12.1164713 -0.0016586 -0.1987675 -0.0225343 0.9797862
36.318290 1.9847480 -1.0027455 12.1542950 -0.0011558 -0.1995225 -0.0232530 0.9796166
36.422040 1.9683657 -1.0031250 12.1918316 0.0008646 -0.2000435 -0.0223235 0.9795323
36.525780 1.9521227 -1.0036068 12.2295017 0.0015221 -0.2010073 -0.0219737 0.9793421
36.733280 1.9187965 -1.0045693 12.3049231 -0.0011219 -0.2037385 -0.0213543 0.9787918
36.837040 1.9019262 -1.0050744 12.3426685 -0.0023548 -0.2057664 -0.0213057 0.9783664
36.940790 1.8847739 -1.0052390 12.3803120 -0.0020492 -0.2080607 -0.0202518 0.9779041
37.044540 1.8676910 -1.0055496 12.4175310 -0.0011144 -0.2103493 -0.0209149 0.9774019
37.148290 1.8498728 -1.0062006 12.4548225 0.0007215 -0.2125685 -0.0228351 0.9768791
37.252040 1.8321382 -1.0065949 12.4919386 0.0027652 -0.2153921 -0.0221673 0.9762721
37.355660 1.8144001 -1.0069550 12.5293732 0.0036376 -0.2194803 -0.0203449 0.9753980
37.459410 1.7963228 -1.0077890 12.5663958 0.0034764 -0.2244280 -0.0182938 0.9743127
37.563030 1.7780172 -1.0086459 12.6034155 0.0024668 -0.2303313 -0.0158011 0.9729809
37.666660 1.7590934 -1.0091696 12.6399355 0.0025262 -0.2377300 -0.0148384 0.9712147
37.770280 1.7389380 -1.0095593 12.6757584 0.0015948 -0.2449947 -0.0157233 0.9693956
37.874040 1.7185329 -1.0101143 12.7120447 -0.0008856 -0.2526914 -0.0158934 0.9674160
37.977790 1.6973988 -1.0104743 12.7473507 -0.0025566 -0.2597866 -0.0175157 0.9655038
38.081530 1.6757441 -1.0109459 12.7824068 -0.0025184 -0.2659507 -0.0199258 0.9637774
38.185280 1.6537129 -1.0109955 12.8166733 -0.0003359 -0.2709391 -0.0228321 0.9623256
38.289160 1.6315097 -1.0110968 12.8510075 0.0013288 -0.2742324 -0.0251129 0.9613346
38.497160 1.5868269 -1.0118405 12.9200611 0.0046281 -0.2731974 -0.0315276 0.9614301
38.601160 1.5649910 -1.0123869 12.9547739 0.0076019 -0.2689719 -0.0345745 0.9624972
38.705160 1.5437587 -1.0128812 12.9898148 0.0103461 -0.2634748 -0.0352017 0.9639683
38.809290 1.5236121 -1.0136882 13.0257635 0.0104654 -0.2573994 -0.0314359 0.9657369
38.913290 1.5035986 -1.0145724 13.0618200 0.0091525 -0.2515929 -0.0311168 0.9672895
39.121160 1.4650028 -1.0163640 13.1335449 0.0084387 -0.2406859 -0.0318140 0.9700449
39.225040 1.4466472 -1.0172299 13.1697292 0.0092574 -0.2359897 -0.0290850 0.9712760
39.328910 1.4288867 -1.0181490 13.2058020 0.0098823 -0.2311928 -0.0276940 0.9724635
39.432660 1.4110174 -1.0191790 13.2421894 0.0109667 -0.2271942 -0.0281361 0.9733812
39.536410 1.3932384 -1.0201631 13.2786026 0.0103217 -0.2235328 -0.0299122 0.9741827
39.847560 1.3404050 -1.0223510 13.3897009 0.0036099 -0.2151115 -0.0335248 0.9760072
39.951290 1.3230641 -1.0227897 13.4266291 0.0051641 -0.2134930 -0.0350967 0.9763003
40.055040 1.3055596 -1.0237012 13.4633102 0.0096125 -0.2121042 -0.0370320 0.9764978
40.262420 1.2715248 -1.0257061 13.5373554 0.0197191 -0.2108223 -0.0354602 0.9766820
40.366160 1.2542270 -1.0267926 13.5748386 0.0195598 -0.2099416 -0.0365124 0.9768361
40.469910 1.2366791 -1.0283190 13.6128588 0.0177096 -0.2091945 -0.0376466 0.9769886
40.573540 1.2194661 -1.0296633 13.6509752 0.0163320 -0.2092976 -0.0370262 0.9770142
40.781040 1.1843354 -1.0324625 13.7267313 0.0134683 -0.2103748 -0.0358085 0.9768720
40.988410 1.1488978 -1.0348083 13.8033209 0.0131280 -0.2147304 -0.0355537 0.9759377
41.092170 1.1305271 -1.0360088 13.8415585 0.0131581 -0.2167291 -0.0359968 0.9754792
41.299420 1.0930290 -1.0380597 13.9173508 0.0145604 -0.2208290 -0.0379998 0.9744632
41.506790 1.0555074 -1.0405694 13.9938602 0.0175151 -0.2265751 -0.0340691 0.9732401
41.610540 1.0360068 -1.0418082 14.0319576 0.0184304 -0.2302442 -0.0333083 0.9723880
41.714170 1.0160186 -1.0430367 14.0700836 0.0177356 -0.2346042 -0.0339883 0.9713347
41.817920 0.9952344 -1.0444484 14.1083374 0.0150514 -0.2382355 -0.0360820 0.9704202
42.025300 0.9525156 -1.0465494 14.1848860 0.0092358 -0.2458131 -0.0415276 0.9683833
42.128920 0.9307325 -1.0473698 14.2230120 0.0075661 -0.2497631 -0.0424156 0.9673479
42.232670 0.9088739 -1.0480474 14.2607040 0.0091052 -0.2542464 -0.0421756 0.9661765
42.336290 0.8866367 -1.0485128 14.2986526 0.0125395 -0.2586799 -0.0408944 0.9650156
42.543790 0.8412950 -1.0509429 14.3737984 0.0186111 -0.2675125 -0.0365179 0.9626822
42.647420 0.8181788 -1.0523543 14.4115782 0.0199120 -0.2717979 -0.0330300 0.9615812
42.751180 0.7944335 -1.0540432 14.4492598 0.0178342 -0.2756448 -0.0292934 0.9606476
42.854790 0.7704633 -1.0551331 14.4872856 0.0148513 -0.2802773 -0.0282642 0.9593879
43.062290 0.7204664 -1.0572987 14.5631247 0.0082276 -0.2889359 -0.0270932 0.9569296
43.166060 0.6948048 -1.0580879 14.6006956 0.0071624 -0.2927434 -0.0279696 0.9557551
43.269790 0.6685129 -1.0586224 14.6378641 0.0077281 -0.2966649 -0.0306760 0.9544575
43.373560 0.6415845 -1.0592513 14.6749697 0.0071265 -0.3000205 -0.0330769 0.9533325
43.477330 0.6152008 -1.0596098 14.7124195 0.0056547 -0.3030016 -0.0324841 0.9524195
43.581040 0.5882775 -1.0603127 14.7499027 0.0059868 -0.3056478 -0.0323829 0.9515750
43.788690 0.5341973 -1.0613329 14.8238268 0.0095642 -0.3116843 -0.0297510 0.9496717
43.892430 0.5065708 -1.0617365 14.8610916 0.0095555 -0.3143202 -0.0299045 0.9487978
44.099960 0.4492318 -1.0632758 14.9352446 0.0051918 -0.3190541 -0.0337213 0.9471222
44.203560 0.4203452 -1.0633501 14.9719810 0.0061295 -0.3216288 -0.0338986 0.9462390
44.307300 0.3911412 -1.0636119 15.0083151 0.0085779 -0.3240895 -0.0345481 0.9453565
44.411040 0.3621719 -1.0643661 15.0446539 0.0107750 -0.3268821 -0.0330750 0.9444247
44.514790 0.3331977 -1.0650631 15.0815983 0.0101366 -0.3298124 -0.0304434 0.9435011
44.618540 0.3036772 -1.0659422 15.1181517 0.0087178 -0.3323263 -0.0283907 0.9426968
44.722330 0.2742844 -1.0666718 15.1545792 0.0075898 -0.3352273 -0.0258491 0.9417520
44.826160 0.2444624 -1.0673455 15.1908503 0.0071590 -0.3385194 -0.0239186 0.9406281
44.929790 0.2146169 -1.0678253 15.2271080 0.0055243 -0.3414422 -0.0205388 0.9396621
45.033540 0.1840720 -1.0684751 15.2627602 0.0045644 -0.3440751 -0.0220930 0.9386711
45.137340 0.1533451 -1.0690118 15.2979441 0.0044427 -0.3460214 -0.0221529 0.9379545
45.241040 0.1229205 -1.0694826 15.3329449 0.0054751 -0.3488710 -0.0217597 0.9369021
45.344810 0.0920047 -1.0701922 15.3674879 0.0057802 -0.3511162 -0.0231538 0.9360278
45.448540 0.0615950 -1.0706934 15.4023027 0.0049235 -0.3537960 -0.0204527 0.9350860
45.552290 0.0306192 -1.0714082 15.4368019 0.0038679 -0.3566835 -0.0218500 0.9339617
45.656170 -0.0002207 -1.0718703 15.4709044 0.0049202 -0.3590790 -0.0205403 0.9330682
45.759920 -0.0313080 -1.0722762 15.5051489 0.0036279 -0.3617217 -0.0189520 0.9320864
45.863670 -0.0625977 -1.0726657 15.5386267 0.0032435 -0.3638438 -0.0215854 0.9312042
45.967420 -0.0943283 -1.0730664 15.5718727 0.0025752 -0.3653319 -0.0245083 0.9305511
46.071290 -0.1257390 -1.0731384 15.6050901 0.0022537 -0.3671516 -0.0250739 0.9298204
46.175050 -0.1570624 -1.0730805 15.6387167 -0.0007404 -0.3684586 -0.0253556 0.9292980
46.278790 -0.1888769 -1.0734506 15.6718225 -0.0002938 -0.3696465 -0.0264471 0.9287960
46.382670 -0.2206408 -1.0734984 15.7047043 0.0019566 -0.3705519 -0.0254493 0.9284610
46.486540 -0.2521944 -1.0734960 15.7379045 0.0054914 -0.3711105 -0.0228646 0.9282909
46.590420 -0.2836727 -1.0739707 15.7705860 0.0051825 -0.3707067 -0.0229885 0.9284510
46.694170 -0.3155346 -1.0743352 15.8036547 0.0042901 -0.3700320 -0.0236482 0.9287081
46.798050 -0.3471215 -1.0744739 15.8368368 0.0020367 -0.3690750 -0.0248174 0.9290660
46.901920 -0.3784678 -1.0745260 15.8703585 0.0015569 -0.3674789 -0.0250198 0.9296939
47.005800 -0.4097373 -1.0746047 15.9038992 0.0019239 -0.3650761 -0.0254400 0.9306281
47.213560 -0.4722204 -1.0750355 15.9713507 0.0071124 -0.3586564 -0.0265127 0.9330660
47.317420 -0.5030820 -1.0755095 16.0059891 0.0083475 -0.3552355 -0.0259673 0.9343788
47.421170 -0.5340253 -1.0762435 16.0411606 0.0079750 -0.3512149 -0.0262663 0.9358924
47.628800 -0.5954797 -1.0778534 16.1125126 0.0066542 -0.3437261 -0.0281062 0.9386257
47.836440 -0.6564151 -1.0786121 16.1852093 0.0013207 -0.3348540 -0.0327201 0.9417008
47.940170 -0.6863084 -1.0785279 16.2218399 0.0036231 -0.3306484 -0.0330665 0.9431676
48.043920 -0.7155105 -1.0786930 16.2589417 0.0070932 -0.3272933 -0.0319149 0.9443570
48.147690 -0.7445616 -1.0792919 16.2963352 0.0094291 -0.3238901 -0.0304691 0.9455569
48.251420 -0.7737195 -1.0796372 16.3344173 0.0088876 -0.3204716 -0.0292035 0.9467661
48.458800 -0.8313053 -1.0812896 16.4108162 0.0069689 -0.3141927 -0.0298501 0.9488643
48.562550 -0.8596016 -1.0817263 16.4496994 0.0063726 -0.3117206 -0.0295461 0.9496930
48.666190 -0.8884484 -1.0823140 16.4886055 0.0058040 -0.3088853 -0.0306336 0.9505881
48.769940 -0.9168895 -1.0825983 16.5275784 0.0058753 -0.3062621 -0.0321293 0.9513867
48.873550 -0.9451024 -1.0830996 16.5666618 0.0061125 -0.3037263 -0.0332368 0.9521598
48.977300 -0.9735401 -1.0835520 16.6066208 0.0065018 -0.3016347 -0.0341311 0.9527903
49.080930 -1.0017020 -1.0842201 16.6463184 0.0071131 -0.2994422 -0.0350611 0.9534435
49.184670 -1.0302123 -1.0845705 16.6864185 0.0075999 -0.2970821 -0.0358018 0.9541503
49.288320 -1.0578206 -1.0853063 16.7270241 0.0073161 -0.2953422 -0.0348976 0.9547259
49.392050 -1.0857451 -1.0857643 16.7675514 0.0071425 -0.2934800 -0.0353318 0.9552854
49.495800 -1.1129143 -1.0862757 16.8079281 0.0068083 -0.2917137 -0.0351629 0.9558349
49.599420 -1.1406171 -1.0865902 16.8484249 0.0066905 -0.2899388 -0.0366691 0.9563190
49.703170 -1.1677749 -1.0872027 16.8893528 0.0062513 -0.2880290 -0.0374664 0.9568681
49.806800 -1.1950450 -1.0877948 16.9292202 0.0068684 -0.2859003 -0.0383691 0.9574663
49.910550 -1.2218134 -1.0885967 16.9705753 0.0081146 -0.2843505 -0.0378640 0.9579380
50.014170 -1.2488841 -1.0890611 17.0111752 0.0080346 -0.2829445 -0.0373631 0.9583746
50.117990 -1.2757406 -1.0894493 17.0524387 0.0051790 -0.2821512 -0.0360122 0.9586798
50.221580 -1.3023549 -1.0898176 17.0941505 0.0004954 -0.2819929 -0.0351187 0.9587734
50.325300 -1.3290173 -1.0897734 17.1354866 -0.0020970 -0.2814517 -0.0349499 0.9589364
50.428990 -1.3553934 -1.0898800 17.1766300 -0.0014328 -0.2811462 -0.0341509 0.9590560
50.532690 -1.3819218 -1.0900027 17.2175159 0.0014334 -0.2807968 -0.0323580 0.9592205
50.636450 -1.4080522 -1.0903196 17.2584381 0.0046563 -0.2805719 -0.0304140 0.9593397
50.740210 -1.4342937 -1.0910010 17.2992954 0.0052971 -0.2801071 -0.0289737 0.9595168
50.843990 -1.4608433 -1.0913501 17.3406658 0.0041511 -0.2794589 -0.0280515 0.9597389
50.947600 -1.4875234 -1.0921204 17.3826923 0.0016536 -0.2789124 -0.0273963 0.9599243
51.051200 -1.5126345 -1.0924838 17.4233036 -0.0009200 -0.2788188 -0.0253588 0.9600084
51.154950 -1.5396860 -1.0927395 17.4653511 -0.0025835 -0.2783120 -0.0254725 0.9601494
51.258560 -1.5658132 -1.0929636 17.5061188 -0.0032142 -0.2782685 -0.0253129 0.9601643
51.362310 -1.5906665 -1.0935978 17.5462170 -0.0023031 -0.2785066 -0.0239792 0.9601322
51.465930 -1.6168648 -1.0935495 17.5876694 -0.0013438 -0.2788333 -0.0225886 0.9600729
51.569680 -1.6431277 -1.0933444 17.6286755 -0.0014664 -0.2787817 -0.0224957 0.9600899
51.673320 -1.6690778 -1.0935415 17.6692600 -0.0033752 -0.2783832 -0.0221752 0.9602081
51.776930 -1.6955053 -1.0936528 17.7100544 -0.0040005 -0.2779378 -0.0215062 0.9603500
51.880670 -1.7212280 -1.0934155 17.7509079 -0.0028437 -0.2777266 -0.0208594 0.9604295
51.984300 -1.7474409 -1.0935379 17.7916584 -0.0023221 -0.2772175 -0.0202353 0.9605913
52.088050 -1.7732908 -1.0935173 17.8325119 -0.0027540 -0.2769383 -0.0195651 0.9606845
52.191670 -1.7989606 -1.0938447 17.8732338 -0.0040188 -0.2769473 -0.0194837 0.9606792
52.295430 -1.8245839 -1.0938627 17.9140415 -0.0050721 -0.2771780 -0.0180287 0.9606361
52.399170 -1.8500334 -1.0938625 17.9547901 -0.0062393 -0.2774979 -0.0163168 0.9605674
52.502930 -1.8756778 -1.0938216 17.9956360 -0.0076288 -0.2776637 -0.0137508 0.9605497
52.606680 -1.9009701 -1.0937175 18.0363522 -0.0094814 -0.2781548 -0.0109723 0.9604268
52.710430 -1.9259814 -1.0936607 18.0767860 -0.0107531 -0.2786138 -0.0076368 0.9603127
52.814180 -1.9512788 -1.0935134 18.1167564 -0.0123595 -0.2792316 -0.0067748 0.9601203
52.917930 -1.9767257 -1.0931427 18.1566257 -0.0132259 -0.2797775 -0.0054714 0.9599582
53.021680 -2.0021243 -1.0928127 18.1961746 -0.0146088 -0.2802845 -0.0052477 0.9597915
53.125430 -2.0270121 -1.0923738 18.2349396 -0.0146454 -0.2809839 -0.0050406 0.9595875
53.229180 -2.0514188 -1.0919272 18.2732830 -0.0151035 -0.2819113 -0.0045706 0.9593107
53.332930 -2.0757613 -1.0913681 18.3112106 -0.0155294 -0.2828552 -0.0039834 0.9590286
53.436550 -2.0998950 -1.0910543 18.3484802 -0.0169780 -0.2835639 -0.0042807 0.9587935
53.540300 -2.1237693 -1.0904009 18.3849983 -0.0189342 -0.2839580 -0.0057381 0.9586326
53.644050 -2.1474962 -1.0895642 18.4207497 -0.0214207 -0.2839214 -0.0088520 0.9585674
53.747800 -2.1710334 -1.0887729 18.4558563 -0.0235723 -0.2834560 -0.0128290 0.9586096
53.851550 -2.1941710 -1.0876740 18.4898510 -0.0238717 -0.2829044 -0.0167723 0.9587043
53.955300 -2.2164428 -1.0865082 18.5233097 -0.0238891 -0.2825857 -0.0198312 0.9587395
54.059050 -2.2383461 -1.0851281 18.5564404 -0.0229242 -0.2822868 -0.0230809 0.9587783
54.162800 -2.2597830 -1.0837958 18.5888443 -0.0220258 -0.2816373 -0.0247501 0.9589487
54.266550 -2.2807024 -1.0827047 18.6206131 -0.0210042 -0.2811186 -0.0251219 0.9591142
54.370180 -2.3009441 -1.0815549 18.6521473 -0.0201737 -0.2809462 -0.0249060 0.9591882
54.473930 -2.3209040 -1.0804955 18.6833191 -0.0203736 -0.2805732 -0.0242762 0.9593093
54.577570 -2.3405674 -1.0795211 18.7141018 -0.0200292 -0.2804152 -0.0247473 0.9593506
54.681310 -2.3600979 -1.0785962 18.7443581 -0.0198264 -0.2793267 -0.0249166 0.9596680
54.785060 -2.3790388 -1.0775356 18.7743435 -0.0200888 -0.2775792 -0.0254888 0.9601544
54.888800 -2.3976984 -1.0764011 18.8038864 -0.0201898 -0.2747678 -0.0274967 0.9609053
54.992680 -2.4156344 -1.0754181 18.8329906 -0.0206977 -0.2712534 -0.0280919 0.9618753
55.096430 -2.4332488 -1.0744526 18.8616543 -0.0196854 -0.2678520 -0.0296547 0.9628024
55.200180 -2.4502754 -1.0737529 18.8900356 -0.0168266 -0.2643430 -0.0298275 0.9638205
55.304050 -2.4671233 -1.0728875 18.9181843 -0.0135597 -0.2601811 -0.0306941 0.9649765
55.407810 -2.4832284 -1.0719988 18.9472237 -0.0120056 -0.2556105 -0.0307211 0.9662170
55.511680 -2.4996655 -1.0710629 18.9765911 -0.0124711 -0.2495350 -0.0318405 0.9677618
55.615430 -2.5159178 -1.0702239 19.0064278 -0.0155555 -0.2435039 -0.0342349 0.9691707
55.719180 -2.5316036 -1.0694158 19.0366249 -0.0181439 -0.2378976 -0.0350661 0.9704875
55.822930 -2.5467160 -1.0682924 19.0672398 -0.0200843 -0.2323536 -0.0351213 0.9717895
55.926680 -2.5616612 -1.0672592 19.0980549 -0.0209730 -0.2268800 -0.0345485 0.9730837
56.030430 -2.5763810 -1.0661054 19.1291237 -0.0204719 -0.2216844 -0.0330355 0.9743437
56.134050 -2.5907869 -1.0650744 19.1605663 -0.0187467 -0.2175714 -0.0301863 0.9753973
56.237800 -2.6049540 -1.0640606 19.1924305 -0.0170188 -0.2140398 -0.0265651 0.9763153
56.341580 -2.6190875 -1.0629512 19.2246628 -0.0168238 -0.2110683 -0.0231903 0.9770514
56.445350 -2.6334307 -1.0618238 19.2576160 -0.0196260 -0.2083437 -0.0208872 0.9776356
56.549070 -2.6479921 -1.0602806 19.2912788 -0.0270226 -0.2056280 -0.0205722 0.9780408
56.756680 -2.6778736 -1.0565033 19.3594437 -0.0414774 -0.2001385 -0.0257988 0.9785492
56.860440 -2.6920247 -1.0542057 19.3934574 -0.0429779 -0.1971913 -0.0257486 0.9790840
56.964280 -2.7060781 -1.0514323 19.4273891 -0.0421200 -0.1944574 -0.0264127 0.9796503
57.068060 -2.7201219 -1.0486739 19.4618073 -0.0415082 -0.1912647 -0.0259294 0.9803176
57.171890 -2.7337568 -1.0460211 19.4967403 -0.0440090 -0.1881799 -0.0242414 0.9808486
57.275560 -2.7472324 -1.0431507 19.5318832 -0.0469807 -0.1849252 -0.0231099 0.9813569
57.379330 -2.7603717 -1.0402999 19.5670204 -0.0494668 -0.1816199 -0.0209736 0.9818999
57.483060 -2.7731490 -1.0372852 19.6020908 -0.0503841 -0.1789521 -0.0194874 0.9823736
57.690560 -2.7979927 -1.0312210 19.6712418 -0.0494012 -0.1728850 -0.0180094 0.9835375
57.794300 -2.8102388 -1.0282717 19.7055492 -0.0493943 -0.1693871 -0.0184674 0.9841378
57.898200 -2.8217542 -1.0253991 19.7395668 -0.0495197 -0.1654826 -0.0190183 0.9847851
58.001930 -2.8331921 -1.0226102 19.7734680 -0.0494880 -0.1605379 -0.0186431 0.9856120
58.105810 -2.8439164 -1.0197842 19.8072777 -0.0494774 -0.1551114 -0.0175153 0.9865018
58.209680 -2.8541663 -1.0169722 19.8408642 -0.0497610 -0.1496226 -0.0171284 0.9873416
58.313440 -2.8638210 -1.0141726 19.8741226 -0.0505586 -0.1445117 -0.0173806 0.9880577
58.417310 -2.8729291 -1.0117593 19.9068718 -0.0498004 -0.1391701 -0.0158004 0.9888893
58.521060 -2.8814530 -1.0094032 19.9392262 -0.0472394 -0.1339166 -0.0153512 0.9897470
58.624930 -2.8899808 -1.0070068 19.9712772 -0.0421083 -0.1277852 -0.0172861 0.9907568
58.832680 -2.9057062 -1.0026475 20.0362186 -0.0347094 -0.1121134 -0.0210234 0.9928665
58.936580 -2.9118896 -1.0009828 20.0688763 -0.0330304 -0.1025254 -0.0194579 0.9939914
59.040430 -2.9175229 -0.9993185 20.1018181 -0.0306184 -0.0921119 -0.0175390 0.9951233
59.144310 -2.9222429 -0.9980199 20.1348591 -0.0274211 -0.0816360 -0.0144333 0.9961804
59.248190 -2.9262202 -0.9970415 20.1683292 -0.0239822 -0.0714031 -0.0111496 0.9970968
59.352060 -2.9294808 -0.9961650 20.2022839 -0.0216832 -0.0613323 -0.0073409 0.9978548
59.559560 -2.9350886 -0.9941193 20.2717724 -0.0233971 -0.0425805 -0.0046689 0.9988081
59.766940 -2.9390225 -0.9916670 20.3426628 -0.0322101 -0.0283963 -0.0038422 0.9990703
59.974310 -2.9419878 -0.9886072 20.4141388 -0.0360566 -0.0194690 -0.0050379 0.9991474
60.078080 -2.9434390 -0.9866607 20.4505596 -0.0373668 -0.0154183 -0.0072076 0.9991567
60.285560 -2.9454100 -0.9825904 20.5223484 -0.0407899 -0.0078640 -0.0102723 0.9990840
60.389310 -2.9467084 -0.9812340 20.5577869 -0.0353980 -0.0045305 -0.0174704 0.9992103
60.596810 -2.9474213 -0.9781987 20.6283989 -0.0177582 0.0003209 -0.0198664 0.9996449
60.804180 -2.9486685 -0.9762235 20.7021198 -0.0233650 0.0029740 -0.0274882 0.9993446
61.011600 -2.9494178 -0.9752006 20.7747765 -0.0181346 0.0006025 -0.0300429 0.9993839
61.218940 -2.9504564 -0.9745477 20.8446712 0.0040674 -0.0043095 -0.0321471 0.9994656
61.426430 -2.9525182 -0.9755659 20.9158764 -0.0032103 -0.0078359 -0.0363384 0.9993036
61.633820 -2.9545777 -0.9769358 20.9846115 -0.0049276 -0.0102371 -0.0346070 0.9993364
61.737600 -2.9553185 -0.9773694 21.0180664 0.0002066 -0.0120985 -0.0325775 0.9993960
61.945060 -2.9575050 -0.9789693 21.0836353 0.0042204 -0.0145934 -0.0297873 0.9994408
62.152610 -2.9591756 -0.9810491 21.1476154 0.0094381 -0.0147788 -0.0276346 0.9994643
62.360060 -2.9621289 -0.9834107 21.2102795 0.0134968 -0.0132794 -0.0315979 0.9993213
62.567930 -2.9638855 -0.9863568 21.2712727 0.0154808 -0.0033222 -0.0360001 0.9992263
62.775810 -2.9625258 -0.9895027 21.3307552 0.0173928 0.0143661 -0.0354872 0.9991155
63.191440 -2.9534712 -0.9968397 21.4401035 0.0187692 0.0500971 -0.0291820 0.9981415
63.814680 -2.9302807 -1.0072067 21.5696564 0.0313617 0.1017670 -0.0216447 0.9940782
64.229690 -2.9146097 -1.0132014 21.6345215 0.0417780 0.1227488 -0.0205694 0.9913446
64.437070 -2.9060104 -1.0164566 21.6621571 0.0414723 0.1284483 -0.0118999 0.9907772
64.851690 -2.8945658 -1.0212733 21.7083244 0.0370052 0.1373492 -0.0197774 0.9896336
66.718090 -2.8619833 -1.0355451 21.8488789 0.0377552 0.1000535 -0.0191601 0.9940808
67.340070 -2.8526216 -1.0425904 21.9212170 0.0356499 0.0527878 -0.0106999 0.9979119
67.962080 -2.8559303 -1.0494570 22.0093670 0.0387467 -0.0180035 -0.0184238 0.9989170
68.895320 -2.8925681 -1.0632594 22.1821461 0.0360841 -0.1262009 -0.0195220 0.9911560
68.999070 -2.8996592 -1.0650682 22.2050133 0.0361012 -0.1354279 -0.0198352 0.9899306
69.102840 -2.9071839 -1.0669736 22.2282925 0.0358007 -0.1445005 -0.0187851 0.9886785
69.621440 -2.9553020 -1.0767323 22.3550358 0.0352122 -0.1891072 -0.0142627 0.9812213
69.829070 -2.9801605 -1.0810932 22.4103622 0.0345936 -0.2025699 -0.0159175 0.9785271
70.036720 -3.0072660 -1.0853893 22.4683437 0.0323248 -0.2123878 -0.0173795 0.9764960
70.244320 -3.0367663 -1.0897231 22.5289345 0.0312046 -0.2183689 -0.0188106 0.9751859
70.451940 -3.0676382 -1.0941434 22.5925236 0.0309026 -0.2221810 -0.0200283 0.9743097
70.555820 -3.0840185 -1.0962170 22.6249142 0.0314405 -0.2234841 -0.0203889 0.9739870
70.659570 -3.1002753 -1.0984908 22.6583080 0.0315285 -0.2250702 -0.0196825 0.9736333
70.970820 -3.1518035 -1.1056913 22.7617512 0.0333520 -0.2295367 -0.0181518 0.9725590
71.178440 -3.1881886 -1.1112661 22.8326607 0.0339619 -0.2320379 -0.0158872 0.9719839
71.282190 -3.2065983 -1.1140790 22.8689556 0.0340187 -0.2330801 -0.0148973 0.9717482
71.489570 -3.2447670 -1.1199859 22.9426823 0.0354711 -0.2349164 -0.0143564 0.9712620
71.697200 -3.2842882 -1.1261024 23.0183392 0.0383991 -0.2356580 -0.0135668 0.9709824
71.904720 -3.3250370 -1.1328558 23.0960770 0.0363993 -0.2358835 -0.0149624 0.9709842
72.112200 -3.3667011 -1.1392460 23.1759205 0.0354980 -0.2365472 -0.0139562 0.9708710
72.215950 -3.3879848 -1.1423416 23.2167988 0.0357799 -0.2370593 -0.0127864 0.9707519
72.319700 -3.4092913 -1.1458703 23.2581120 0.0357852 -0.2375089 -0.0115745 0.9706570
72.423450 -3.4307861 -1.1492988 23.2995224 0.0353286 -0.2381131 -0.0108229 0.9705343
72.527200 -3.4531190 -1.1528006 23.3413639 0.0351854 -0.2384603 -0.0099368 0.9704638
72.630950 -3.4755778 -1.1565832 23.3837776 0.0348758 -0.2388145 -0.0098302 0.9703889
72.734700 -3.4981778 -1.1600554 23.4260845 0.0354180 -0.2392012 -0.0102284 0.9702699
72.838470 -3.5215058 -1.1637439 23.4690838 0.0360557 -0.2394243 -0.0104465 0.9701891
72.942200 -3.5447276 -1.1673759 23.5129642 0.0360336 -0.2398874 -0.0109822 0.9700696
73.045950 -3.5684285 -1.1710583 23.5568943 0.0354443 -0.2394987 -0.0110318 0.9701868
73.149700 -3.5917466 -1.1749847 23.6010303 0.0356592 -0.2390471 -0.0136371 0.9702572
73.253450 -3.6158345 -1.1786836 23.6457291 0.0367994 -0.2377156 -0.0146082 0.9705275
73.357220 -3.6394513 -1.1823922 23.6903343 0.0385628 -0.2355027 -0.0156312 0.9709825
73.461070 -3.6629105 -1.1865532 23.7352886 0.0401868 -0.2317088 -0.0176660 0.9717942
73.564950 -3.6862545 -1.1907966 23.7812214 0.0420112 -0.2267619 -0.0201416 0.9728352
73.668820 -3.7087796 -1.1954385 23.8269310 0.0433412 -0.2201932 -0.0222629 0.9742386
73.772700 -3.7311277 -1.1998426 23.8734074 0.0439749 -0.2124348 -0.0237172 0.9758971
73.876700 -3.7527821 -1.2046484 23.9210167 0.0431814 -0.2041728 -0.0246534 0.9776712
73.980600 -3.7730091 -1.2090976 23.9681110 0.0416744 -0.1956409 -0.0259471 0.9794461
74.188450 -3.8118141 -1.2185581 24.0648479 0.0430849 -0.1773964 -0.0264481 0.9828401
74.292330 -3.8293767 -1.2233889 24.1131859 0.0452495 -0.1678766 -0.0271061 0.9843959
74.396200 -3.8460417 -1.2283466 24.1628170 0.0461731 -0.1577315 -0.0269728 0.9860331
74.500110 -3.8620598 -1.2334145 24.2127609 0.0451755 -0.1466639 -0.0272699 0.9877779
74.603820 -3.8765793 -1.2384740 24.2628956 0.0446178 -0.1349184 -0.0261732 0.9895056
74.707830 -3.8900919 -1.2435261 24.3135185 0.0468063 -0.1224536 -0.0265153 0.9910153
74.811700 -3.9024014 -1.2489024 24.3639679 0.0503720 -0.1092574 -0.0271626 0.9923647
75.019330 -3.9224877 -1.2611756 24.4660854 0.0554911 -0.0809157 -0.0301626 0.9947178
75.123330 -3.9299688 -1.2674012 24.5175381 0.0575774 -0.0654784 -0.0277215 0.9958057
75.227100 -3.9366179 -1.2741306 24.5695591 0.0590572 -0.0500730 -0.0298850 0.9965500
75.330950 -3.9411101 -1.2812705 24.6214180 0.0609483 -0.0355221 -0.0281208 0.9971122
75.434820 -3.9442592 -1.2884544 24.6737442 0.0639865 -0.0214965 -0.0266455 0.9973633
75.538570 -3.9455976 -1.2962013 24.7260647 0.0659036 -0.0084035 -0.0244764 0.9974903
75.642200 -3.9454226 -1.3036782 24.7778358 0.0667888 0.0033286 -0.0226722 0.9975039
75.745950 -3.9446301 -1.3115394 24.8299637 0.0669452 0.0148304 -0.0219853 0.9974042
75.953320 -3.9395583 -1.3275961 24.9336662 0.0697242 0.0369371 -0.0219957 0.9966395
76.056950 -3.9348245 -1.3356608 24.9864864 0.0703149 0.0473492 -0.0209326 0.9961805
76.160580 -3.9290171 -1.3438953 25.0396729 0.0688835 0.0561824 -0.0185067 0.9958695
76.264200 -3.9220269 -1.3523901 25.0929737 0.0682676 0.0624630 -0.0157908 0.9955845
76.367700 -3.9148250 -1.3605708 25.1461067 0.0699810 0.0667453 -0.0123427 0.9952363
76.471330 -3.9071677 -1.3688320 25.1990585 0.0718399 0.0696256 -0.0106286 0.9949263
76.574950 -3.8995805 -1.3774508 25.2524052 0.0718957 0.0718324 -0.0110592 0.9947607
76.782200 -3.8841031 -1.3947134 25.3597507 0.0728361 0.0753409 -0.0120018 0.9944217
76.989560 -3.8673999 -1.4124767 25.4686031 0.0760157 0.0789215 -0.0104020 0.9939240
77.093250 -3.8584173 -1.4215881 25.5235043 0.0757949 0.0803398 -0.0101136 0.9938301
77.196950 -3.8494322 -1.4305496 25.5790520 0.0740897 0.0817329 -0.0101092 0.9938452
77.300580 -3.8401532 -1.4395447 25.6355095 0.0721135 0.0828058 -0.0105077 0.9938976
77.404200 -3.8312569 -1.4486893 25.6918335 0.0727451 0.0835251 -0.0117697 0.9937772
77.507830 -3.8213665 -1.4576954 25.7486267 0.0749969 0.0836089 -0.0120075 0.9936000
77.715200 -3.8014095 -1.4771774 25.8627110 0.0762429 0.0829642 -0.0108125 0.9935729
77.818950 -3.7918675 -1.4868913 25.9206352 0.0763902 0.0828772 -0.0113287 0.9935631
77.922710 -3.7826128 -1.4967622 25.9788475 0.0762741 0.0832157 -0.0126875 0.9935273
78.026330 -3.7731733 -1.5063678 26.0370731 0.0769440 0.0835233 -0.0136552 0.9934370
78.130080 -3.7636793 -1.5161880 26.0961533 0.0757673 0.0847837 -0.0137328 0.9934196
78.337450 -3.7433593 -1.5360811 26.2137470 0.0758877 0.0870211 -0.0135038 0.9932200
78.441200 -3.7330790 -1.5460643 26.2732906 0.0765662 0.0883316 -0.0131439 0.9930571
78.544830 -3.7225068 -1.5560232 26.3331757 0.0760027 0.0897844 -0.0137176 0.9929623
78.648580 -3.7117896 -1.5660343 26.3936024 0.0760743 0.0916489 -0.0133822 0.9927911
78.752330 -3.7003288 -1.5761573 26.4543171 0.0754373 0.0932567 -0.0143281 0.9926767
78.855950 -3.6889067 -1.5861470 26.5153923 0.0750282 0.0950713 -0.0140577 0.9925395
78.959710 -3.6776338 -1.5963824 26.5765190 0.0748619 0.0968862 -0.0149023 0.9923642
79.063330 -3.6655617 -1.6066366 26.6381893 0.0752769 0.0983126 -0.0150425 0.9921904
79.167080 -3.6533096 -1.6169887 26.7003155 0.0754970 0.0996982 -0.0149580 0.9920366
79.270830 -3.6410143 -1.6275865 26.7627182 0.0754393 0.1012276 -0.0145762 0.9918919
79.374460 -3.6284053 -1.6380967 26.8254452 0.0761789 0.1025607 -0.0145068 0.9916994
79.478210 -3.6151621 -1.6489105 26.8887997 0.0763358 0.1039173 -0.0144458 0.9915469
79.581950 -3.6020696 -1.6595753 26.9521542 0.0763681 0.1055445 -0.0145721 0.9913707
79.685700 -3.5885029 -1.6703783 27.0153561 0.0760642 0.1072725 -0.0148929 0.9912038
79.789450 -3.5744753 -1.6817229 27.0792961 0.0758818 0.1091571 -0.0143353 0.9910203
79.893210 -3.5603871 -1.6923296 27.1436138 0.0759353 0.1113110 -0.0143706 0.9907761
79.996970 -3.5453312 -1.7033066 27.2077103 0.0763290 0.1128293 -0.0137785 0.9905825
80.100580 -3.5304406 -1.7144183 27.2723427 0.0766729 0.1140324 -0.0134684 0.9904224
80.204330 -3.5154345 -1.7255269 27.3375912 0.0770456 0.1151389 -0.0131956 0.9902691
80.307980 -3.5007148 -1.7367564 27.4034710 0.0770620 0.1164878 -0.0131963 0.9901100
80.411710 -3.4847198 -1.7480919 27.4691238 0.0770742 0.1169365 -0.0131026 0.9900575
80.515330 -3.4694498 -1.7594588 27.5351276 0.0770455 0.1177501 -0.0127942 0.9899673
80.619080 -3.4535279 -1.7707632 27.6014347 0.0777451 0.1183242 -0.0122905 0.9898505
80.722740 -3.4378316 -1.7825329 27.6681976 0.0776893 0.1190298 -0.0116535 0.9897780
80.826440 -3.4213912 -1.7938832 27.7353611 0.0771163 0.1194102 -0.0109553 0.9897850
80.930080 -3.4051073 -1.8056172 27.8025684 0.0773025 0.1198096 -0.0110408 0.9897212
81.033840 -3.3884385 -1.8173569 27.8702297 0.0769653 0.1202580 -0.0114168 0.9896888
81.137500 -3.3721430 -1.8289403 27.9379902 0.0760351 0.1209402 -0.0119379 0.9896715
81.241210 -3.3551974 -1.8406806 28.0069828 0.0749701 0.1213968 -0.0113783 0.9897034
81.344940 -3.3384356 -1.8522197 28.0754452 0.0753515 0.1218464 -0.0108616 0.9896250
81.448590 -3.3213513 -1.8640047 28.1438789 0.0762190 0.1217881 -0.0106601 0.9895679
81.552330 -3.3041828 -1.8760340 28.2126675 0.0764622 0.1217288 -0.0105937 0.9895571
81.656060 -3.2873068 -1.8878719 28.2818527 0.0764463 0.1218938 -0.0109759 0.9895339
81.759710 -3.2705038 -1.8999245 28.3507805 0.0763318 0.1219314 -0.0102939 0.9895455
81.863460 -3.2533824 -1.9119574 28.4196281 0.0767079 0.1216189 -0.0107280 0.9895502
81.967080 -3.2368317 -1.9238604 28.4886646 0.0778712 0.1216015 -0.0106850 0.9894620
82.070830 -3.2198706 -1.9359509 28.5573463 0.0786049 0.1210367 -0.0094688 0.9894856
82.174460 -3.2028463 -1.9484677 28.6261559 0.0782150 0.1199654 -0.0086424 0.9896545
82.278210 -3.1857171 -1.9604307 28.6951218 0.0776838 0.1187431 -0.0068792 0.9898576
82.381960 -3.1691003 -1.9727349 28.7638073 0.0768729 0.1178857 -0.0069976 0.9900225
82.485710 -3.1528418 -1.9846679 28.8329773 0.0768241 0.1173699 -0.0072384 0.9900858
82.589430 -3.1367717 -1.9967743 28.9012146 0.0764887 0.1171442 -0.0066426 0.9901427
82.693080 -3.1207676 -2.0081751 28.9701157 0.0772262 0.1167918 -0.0069789 0.9901248
82.796920 -3.1043637 -2.0202672 29.0385284 0.0772325 0.1163092 -0.0062414 0.9901860
82.900600 -3.0883970 -2.0322635 29.1067410 0.0770753 0.1159873 -0.0067640 0.9902326
83.004230 -3.0724862 -2.0445857 29.1750431 0.0770101 0.1155101 -0.0074739 0.9902883
83.107850 -3.0573649 -2.0565948 29.2438984 0.0765857 0.1156830 -0.0083186 0.9902943
83.211580 -3.0415738 -2.0685682 29.3122311 0.0759568 0.1156517 -0.0070371 0.9903564
83.315210 -3.0253906 -2.0805323 29.3808441 0.0751654 0.1150567 -0.0061900 0.9904917
83.418960 -3.0091939 -2.0923758 29.4491882 0.0750343 0.1146827 -0.0025172 0.9905611
83.522590 -2.9930527 -2.1042492 29.5173283 0.0762108 0.1140346 -0.0015207 0.9905482
83.626210 -2.9774437 -2.1163101 29.5859089 0.0774393 0.1140603 -0.0023986 0.9904482
83.729960 -2.9612260 -2.1283669 29.6541634 0.0775604 0.1135079 -0.0033645 0.9904994
83.833580 -2.9459126 -2.1402133 29.7230244 0.0766192 0.1132930 -0.0048111 0.9905913
83.937350 -2.9303913 -2.1521459 29.7917919 0.0763018 0.1127499 -0.0053159 0.9906752
84.040960 -2.9146698 -2.1639330 29.8603649 0.0763236 0.1121633 -0.0062102 0.9907349
84.144710 -2.8993127 -2.1756623 29.9291496 0.0764615 0.1118214 -0.0076164 0.9907531
84.248350 -2.8840404 -2.1874943 29.9980030 0.0759890 0.1115208 -0.0078861 0.9908212
84.352100 -2.8687627 -2.1994028 30.0668449 0.0752120 0.1114985 -0.0084594 0.9908782
84.455710 -2.8531685 -2.2111678 30.1354237 0.0757647 0.1115046 -0.0074538 0.9908435
84.559380 -2.8377562 -2.2229934 30.2036457 0.0761236 0.1115414 -0.0066021 0.9908179
84.662980 -2.8222706 -2.2344928 30.2717648 0.0760106 0.1113139 -0.0054123 0.9908594
84.766730 -2.8070467 -2.2459936 30.3392620 0.0753759 0.1106403 -0.0046108 0.9909874
84.870340 -2.7921956 -2.2575419 30.4065037 0.0762280 0.1099099 -0.0044571 0.9910042
84.973960 -2.7775266 -2.2693014 30.4736423 0.0779965 0.1091590 -0.0057708 0.9909428
85.077720 -2.7631168 -2.2813261 30.5406895 0.0772470 0.1087845 -0.0073240 0.9910324
85.181330 -2.7489905 -2.2931221 30.6073074 0.0763403 0.1081748 -0.0091594 0.9911541
85.285090 -2.7350106 -2.3047681 30.6733017 0.0751021 0.1078016 -0.0092866 0.9912882
85.388710 -2.7208276 -2.3161669 30.7393456 0.0739535 0.1076824 -0.0084990 0.9913946
85.492460 -2.7067349 -2.3276603 30.8046570 0.0733538 0.1075354 -0.0071876 0.9914654
85.596110 -2.6925404 -2.3390777 30.8695889 0.0734353 0.1074216 -0.0072504 0.9914713
85.699750 -2.6785150 -2.3500264 30.9339867 0.0739513 0.1077664 -0.0072981 0.9913952
85.803450 -2.6647079 -2.3608444 30.9980526 0.0737357 0.1081407 -0.0075303 0.9913687
85.907110 -2.6513290 -2.3718443 31.0616760 0.0734609 0.1087002 -0.0081424 0.9913231
86.010840 -2.6379840 -2.3826711 31.1249390 0.0733186 0.1091828 -0.0088872 0.9912742
86.114460 -2.6239572 -2.3934476 31.1873932 0.0727030 0.1094379 -0.0089055 0.9912912
86.218210 -2.6105752 -2.4038858 31.2487545 0.0712224 0.1099014 -0.0092150 0.9913446
86.321830 -2.5978906 -2.4140613 31.3085308 0.0697149 0.1106244 -0.0092877 0.9913707
86.425590 -2.5845022 -2.4240606 31.3667927 0.0703673 0.1106587 -0.0091783 0.9913217
86.529210 -2.5718567 -2.4337645 31.4240990 0.0730365 0.1108088 -0.0082407 0.9911202
86.632980 -2.5595503 -2.4436285 31.4798126 0.0732861 0.1110484 -0.0085063 0.9910727
86.736730 -2.5474451 -2.4533598 31.5343533 0.0721700 0.1108481 -0.0078433 0.9911824
86.840340 -2.5356472 -2.4626973 31.5874138 0.0709469 0.1100024 -0.0075822 0.9913670
86.944090 -2.5247984 -2.4716003 31.6390915 0.0706598 0.1094401 -0.0081247 0.9914454
87.047710 -2.5138822 -2.4802165 31.6895523 0.0700304 0.1084195 -0.0087231 0.9915971
87.151360 -2.5037732 -2.4883370 31.7378960 0.0687748 0.1072520 -0.0080120 0.9918180
87.254960 -2.4938219 -2.4962518 31.7841702 0.0667468 0.1062159 -0.0081515 0.9920668
87.358710 -2.4847641 -2.5036206 31.8289680 0.0660198 0.1057406 -0.0091334 0.9921577
87.566210 -2.4669659 -2.5177174 31.9129887 0.0676741 0.1050274 -0.0086852 0.9921260
87.669860 -2.4585853 -2.5244343 31.9519730 0.0679344 0.1046967 -0.0087184 0.9921429
87.773590 -2.4509513 -2.5309408 31.9890442 0.0676847 0.1047554 -0.0100796 0.9921409
88.085210 -2.4289994 -2.5476036 32.0888710 0.0677411 0.1193605 -0.0153956 0.9904177
88.293330 -2.4125690 -2.5575883 32.1465645 0.0690057 0.1456244 -0.0172648 0.9867795
88.710100 -2.3679559 -2.5765855 32.2479401 0.0715228 0.2279992 -0.0124909 0.9709505
89.022840 -2.3234158 -2.5890503 32.3129730 0.0703769 0.3093927 -0.0091985 0.9482819
89.231340 -2.2885482 -2.5969160 32.3488159 0.0729604 0.3697420 -0.0080376 0.9262305
89.439590 -2.2496035 -2.6042843 32.3776894 0.0775731 0.4292621 -0.0038591 0.8998342
89.959740 -2.1388893 -2.6215332 32.4264450 0.0792389 0.5687119 0.0081239 0.8186709
90.375470 -2.0377851 -2.6333499 32.4398384 0.0874032 0.6712748 0.0082853 0.7359906
90.479340 -2.0104463 -2.6362586 32.4388618 0.0859071 0.6949540 0.0094134 0.7138419
90.790840 -1.9271069 -2.6445103 32.4249916 0.0864117 0.7632412 0.0113147 0.6402093
90.998490 -1.8706520 -2.6492147 32.4055443 0.0880864 0.8048429 0.0092425 0.5868418
91.205840 -1.8137503 -2.6537786 32.3778076 0.0887057 0.8407128 0.0106272 0.5340602
91.412970 -1.7568561 -2.6583896 32.3418198 0.0884929 0.8696727 0.0118776 0.4854867
91.516590 -1.7287717 -2.6607141 32.3211594 0.0890320 0.8813944 0.0120498 0.4637586
91.723710 -1.6725966 -2.6641867 32.2749100 0.0904802 0.8993965 0.0116490 0.4275086
91.930590 -1.6155871 -2.6682911 32.2230492 0.0881699 0.9113086 0.0155372 0.4018722
92.137720 -1.5588644 -2.6718264 32.1676254 0.0812980 0.9201391 0.0169529 0.3826844
92.344860 -1.5020397 -2.6742351 32.1083755 0.0759071 0.9280087 0.0187075 0.3642637
92.448600 -1.4735543 -2.6756449 32.0772858 0.0702662 0.9321792 0.0189055 0.3546087
92.552220 -1.4453212 -2.6766887 32.0452805 0.0648500 0.9362374 0.0193064 0.3447917
92.759720 -1.3918736 -2.6773999 31.9782944 0.0557623 0.9442155 0.0231828 0.3237440
92.863470 -1.3657663 -2.6775985 31.9436245 0.0496411 0.9483560 0.0250243 0.3122987
92.967220 -1.3402452 -2.6775715 31.9081001 0.0449503 0.9524390 0.0254884 0.3003160
93.070970 -1.3158149 -2.6770115 31.8716030 0.0435309 0.9564217 0.0267388 0.2874851
93.174720 -1.2925655 -2.6759994 31.8342075 0.0427648 0.9602075 0.0281023 0.2745596
93.278470 -1.2704519 -2.6749830 31.7959843 0.0414657 0.9637382 0.0308995 0.2617910
93.382090 -1.2489275 -2.6738803 31.7567940 0.0412745 0.9668680 0.0340634 0.2496044
93.485840 -1.2288312 -2.6722560 31.7172623 0.0421577 0.9693825 0.0365329 0.2391354
93.589470 -1.2086419 -2.6704338 31.6767044 0.0416997 0.9713135 0.0387466 0.2308894
93.693120 -1.1884772 -2.6684625 31.6355381 0.0405732 0.9725793 0.0406186 0.2253741
93.796720 -1.1679742 -2.6661992 31.5935249 0.0393957 0.9732972 0.0432993 0.2219587
93.900350 -1.1471194 -2.6635747 31.5513077 0.0364633 0.9736542 0.0454386 0.2204614
94.003970 -1.1257030 -2.6608529 31.5087166 0.0318906 0.9738552 0.0462216 0.2201194
94.107640 -1.1041956 -2.6579185 31.4659615 0.0286578 0.9738927 0.0447387 0.2207038
94.211350 -1.0826161 -2.6553710 31.4227810 0.0280636 0.9737701 0.0415396 0.2219427
94.314990 -1.0611073 -2.6528971 31.3788013 0.0293457 0.9733717 0.0377564 0.2241894
94.418590 -1.0387498 -2.6505747 31.3349705 0.0294163 0.9728198 0.0347361 0.2270457
94.522220 -1.0159587 -2.6483951 31.2899113 0.0308884 0.9721687 0.0343209 0.2296865
94.625970 -0.9925471 -2.6465435 31.2452145 0.0300201 0.9714735 0.0352190 0.2325889
94.729720 -0.9687262 -2.6444588 31.1999550 0.0282720 0.9710621 0.0340157 0.2346956
94.833490 -0.9442973 -2.6424778 31.1546364 0.0270940 0.9709981 0.0308439 0.2355360
94.937220 -0.9199390 -2.6403327 31.1086369 0.0275603 0.9710924 0.0281029 0.2354362
95.040970 -0.8952938 -2.6386719 31.0616245 0.0264028 0.9710048 0.0278027 0.2359653
95.144720 -0.8702477 -2.6374984 31.0147057 0.0263832 0.9708692 0.0283276 0.2364622
95.248350 -0.8451723 -2.6357226 30.9667454 0.0271459 0.9706169 0.0298043 0.2372291
95.352090 -0.8199482 -2.6341054 30.9185791 0.0285868 0.9703201 0.0318068 0.2380126
95.455870 -0.7942541 -2.6322570 30.8703461 0.0277961 0.9699282 0.0334808 0.2394697
95.559540 -0.7686484 -2.6305411 30.8226452 0.0288993 0.9694965 0.0341658 0.2409856
95.663110 -0.7429827 -2.6285932 30.7746906 0.0299535 0.9689743 0.0342087 0.2429433
95.766850 -0.7167961 -2.6267638 30.7272797 0.0304693 0.9684746 0.0347648 0.2447856
95.870470 -0.6907468 -2.6248631 30.6795349 0.0323936 0.9678258 0.0360101 0.2469154
95.974250 -0.6644409 -2.6231539 30.6324062 0.0329006 0.9672352 0.0355473 0.2492188
96.077860 -0.6380603 -2.6214635 30.5857353 0.0327170 0.9667526 0.0344034 0.2512675
96.181600 -0.6114933 -2.6195850 30.5386181 0.0332984 0.9662973 0.0340400 0.2529864
96.285350 -0.5845619 -2.6177986 30.4918461 0.0328396 0.9660324 0.0353886 0.2538712
96.389100 -0.5579877 -2.6159883 30.4454651 0.0330269 0.9657856 0.0361568 0.2546766
96.492870 -0.5314314 -2.6144075 30.3997097 0.0328610 0.9655961 0.0350715 0.2555667
96.596600 -0.5052381 -2.6126785 30.3543262 0.0334015 0.9655073 0.0336742 0.2560196
96.700350 -0.4790123 -2.6108766 30.3093815 0.0325691 0.9654235 0.0348835 0.2562807
96.803990 -0.4528595 -2.6093445 30.2645378 0.0323077 0.9654601 0.0364438 0.2559589
96.907730 -0.4270854 -2.6076241 30.2199860 0.0311819 0.9654070 0.0365208 0.2562876
97.011470 -0.4017144 -2.6060047 30.1758194 0.0320472 0.9653667 0.0353784 0.2564926
97.115100 -0.3765613 -2.6042440 30.1321125 0.0332828 0.9652402 0.0349977 0.2568635
97.218890 -0.3513838 -2.6025400 30.0889759 0.0330034 0.9650307 0.0350755 0.2576745
97.322500 -0.3264178 -2.6013424 30.0462303 0.0338475 0.9647229 0.0352453 0.2586925
97.426220 -0.3015420 -2.5996435 30.0037155 0.0338586 0.9643637 0.0339168 0.2602037
97.529990 -0.2766257 -2.5981591 29.9623013 0.0332254 0.9640216 0.0348560 0.2614260
97.633720 -0.2519965 -2.5968447 29.9214840 0.0335794 0.9636207 0.0365194 0.2626288
97.737470 -0.2279544 -2.5956810 29.8812618 0.0332115 0.9631999 0.0366270 0.2641994
97.841240 -0.2041798 -2.5941801 29.8422565 0.0326243 0.9629440 0.0346607 0.2654677
98.048750 -0.1573419 -2.5917642 29.7663269 0.0322624 0.9624650 0.0341207 0.2673127
98.152470 -0.1349959 -2.5906968 29.7297611 0.0319440 0.9623336 0.0344753 0.2677780
98.359970 -0.0917924 -2.5887136 29.6602516 0.0292153 0.9621795 0.0332779 0.2687929
98.463720 -0.0714848 -2.5874023 29.6267128 0.0305960 0.9618378 0.0348390 0.2696630
98.671230 -0.0323530 -2.5854189 29.5635509 0.0297426 0.9611634 0.0377186 0.2717676
98.878600 0.0037470 -2.5832901 29.5060692 0.0291730 0.9605814 0.0379518 0.2738468
99.189730 0.0517155 -2.5807710 29.4304237 0.0310986 0.9599359 0.0366895 0.2760612
99.397230 0.0793846 -2.5793176 29.3870735 0.0326802 0.9597346 0.0358894 0.2766829
99.708350 0.1143424 -2.5780153 29.3329926 0.0302422 0.9595588 0.0360751 0.2775444
99.915730 0.1330895 -2.5767817 29.3026161 0.0338366 0.9593639 0.0363510 0.2777672
100.123100 0.1494207 -2.5759609 29.2770576 0.0329585 0.9590373 0.0352948 0.2791334
101.367400 0.2236282 -2.5733860 29.1621246 0.0348441 0.9590277 0.0328878 0.2792313
101.782100 0.2462452 -2.5721152 29.1265125 0.0357440 0.9589658 0.0333674 0.2792732
102.300700 0.2711004 -2.5706804 29.0871105 0.0355447 0.9588748 0.0339399 0.2795422
102.404500 0.2752644 -2.5702946 29.0807018 0.0351949 0.9588937 0.0329084 0.2796451
102.508300 0.2792153 -2.5699592 29.0745716 0.0355254 0.9588410 0.0322919 0.2798555
103.752600 0.3276724 -2.5678110 29.0001755 0.0346787 0.9587896 0.0308572 0.2802995
104.374600 0.3672568 -2.5662997 28.9411278 0.0380983 0.9565706 0.0243001 0.2879768
104.582000 0.3873991 -2.5649242 28.9124317 0.0406994 0.9547101 0.0224439 0.2938852
104.789400 0.4111154 -2.5648201 28.8800907 0.0413575 0.9519582 0.0219770 0.3026256
105.100500 0.4533418 -2.5638783 28.8245792 0.0444648 0.9471100 0.0248853 0.3168379
105.204100 0.4691780 -2.5636907 28.8046074 0.0440086 0.9453672 0.0232830 0.3221832
105.307700 0.4863345 -2.5634577 28.7839432 0.0442072 0.9438115 0.0228241 0.3267182
105.411500 0.5040144 -2.5631042 28.7618313 0.0451098 0.9420466 0.0254811 0.3314575
105.618900 0.5423506 -2.5623267 28.7165604 0.0456382 0.9389092 0.0282923 0.3399503
105.722600 0.5632429 -2.5619886 28.6930885 0.0425437 0.9377832 0.0291159 0.3433730
105.826500 0.5847286 -2.5614791 28.6689301 0.0410632 0.9368263 0.0305396 0.3460312
105.930200 0.6068795 -2.5609059 28.6443424 0.0387406 0.9360825 0.0296932 0.3483776
106.034100 0.6296722 -2.5603461 28.6190071 0.0370528 0.9358591 0.0296290 0.3491661
106.137900 0.6536495 -2.5596042 28.5928307 0.0340456 0.9355850 0.0297403 0.3501958
106.241700 0.6772722 -2.5583959 28.5658073 0.0352435 0.9350342 0.0298122 0.3515399
106.345500 0.7022600 -2.5576231 28.5377483 0.0353712 0.9347254 0.0300264 0.3523291
106.449200 0.7276738 -2.5570455 28.5092697 0.0363101 0.9345434 0.0300031 0.3527180
106.760500 0.8082252 -2.5552819 28.4210587 0.0346179 0.9338542 0.0196417 0.3554324
106.864200 0.8356241 -2.5545712 28.3896809 0.0374880 0.9333981 0.0209929 0.3562609
106.968000 0.8647404 -2.5541399 28.3579865 0.0357116 0.9333264 0.0218138 0.3565819
107.071800 0.8941587 -2.5539868 28.3260193 0.0338024 0.9331164 0.0222135 0.3572921
107.175500 0.9244541 -2.5536103 28.2930756 0.0328245 0.9326845 0.0228716 0.3584678
107.279100 0.9549574 -2.5530257 28.2596149 0.0332670 0.9322271 0.0230772 0.3596016
107.382900 0.9862878 -2.5525804 28.2254486 0.0342742 0.9316427 0.0245331 0.3609230
107.590200 1.0505286 -2.5515780 28.1563416 0.0346076 0.9298896 0.0255684 0.3653134
107.693900 1.0832772 -2.5510395 28.1214218 0.0363579 0.9287502 0.0269644 0.3679321
107.797600 1.1166326 -2.5506840 28.0864677 0.0377361 0.9276325 0.0285477 0.3704848
107.901200 1.1500521 -2.5503106 28.0515423 0.0389170 0.9267192 0.0287785 0.3726241
108.005000 1.1837901 -2.5500181 28.0170975 0.0390939 0.9259995 0.0277689 0.3744670
108.108700 1.2174726 -2.5497997 27.9827194 0.0404605 0.9255487 0.0266355 0.3755172
108.212500 1.2508345 -2.5497055 27.9489365 0.0389025 0.9253458 0.0245160 0.3763254
108.420000 1.3180979 -2.5499227 27.8812180 0.0368347 0.9258299 0.0224023 0.3754734
108.523700 1.3516489 -2.5501616 27.8472748 0.0354467 0.9262822 0.0216536 0.3745344
108.627500 1.3847406 -2.5501096 27.8129940 0.0353086 0.9265161 0.0224213 0.3739231
108.731200 1.4175318 -2.5500188 27.7784615 0.0365786 0.9268466 0.0231565 0.3729359
108.835100 1.4506445 -2.5502045 27.7436466 0.0371235 0.9272791 0.0237443 0.3717683
108.938900 1.4843819 -2.5499902 27.7085476 0.0369851 0.9277983 0.0226061 0.3705555
109.042600 1.5181046 -2.5499265 27.6732178 0.0376991 0.9283154 0.0217731 0.3692361
109.146400 1.5514184 -2.5498722 27.6377754 0.0381565 0.9287223 0.0220608 0.3681471
109.250100 1.5853720 -2.5498855 27.6021500 0.0382127 0.9293539 0.0218874 0.3665543
109.353900 1.6187329 -2.5499196 27.5664082 0.0376430 0.9297842 0.0218944 0.3655201
109.457600 1.6521523 -2.5500259 27.5305614 0.0381805 0.9302816 0.0214895 0.3642204
109.561200 1.6854270 -2.5499394 27.4944954 0.0388927 0.9307330 0.0208081 0.3630297
109.665000 1.7190378 -2.5500946 27.4581184 0.0395015 0.9311633 0.0200030 0.3619041
109.768700 1.7528507 -2.5502648 27.4215450 0.0389872 0.9314457 0.0200532 0.3612295
109.872400 1.7868479 -2.5505147 27.3848534 0.0386489 0.9316078 0.0199406 0.3608538
109.976100 1.8201751 -2.5505288 27.3481522 0.0381312 0.9315794 0.0206257 0.3609438
110.079700 1.8538961 -2.5507672 27.3115807 0.0382462 0.9315895 0.0203294 0.3609222
110.287200 1.9215980 -2.5517511 27.2390118 0.0375083 0.9315265 0.0189668 0.3612363
110.390900 1.9555842 -2.5519397 27.2028885 0.0382182 0.9312918 0.0195048 0.3617383
110.598200 2.0234492 -2.5528238 27.1299038 0.0380025 0.9308014 0.0181796 0.3630896
110.805600 2.0912263 -2.5539930 27.0571251 0.0387496 0.9300577 0.0160825 0.3650103
110.909200 2.1257203 -2.5549304 27.0208569 0.0372666 0.9296692 0.0170084 0.3661108
111.116600 2.1941085 -2.5559940 26.9487495 0.0360529 0.9287043 0.0197676 0.3685347
111.220200 2.2278988 -2.5561767 26.9129620 0.0374249 0.9282720 0.0199860 0.3694740
111.324000 2.2620261 -2.5567005 26.8775730 0.0375447 0.9278573 0.0191956 0.3705439
111.427600 2.2957296 -2.5570903 26.8421574 0.0383942 0.9274085 0.0191125 0.3715832
111.531400 2.3290918 -2.5575802 26.8072014 0.0395304 0.9268615 0.0187245 0.3728465
111.635000 2.3629827 -2.5582914 26.7725220 0.0399561 0.9265945 0.0177356 0.3735125
111.738700 2.3966706 -2.5590515 26.7381535 0.0400637 0.9262694 0.0165568 0.3743604
111.842400 2.4308519 -2.5597467 26.7037315 0.0390025 0.9259394 0.0167256 0.3752802
111.946100 2.4644678 -2.5603704 26.6692657 0.0374382 0.9255197 0.0184735 0.3763912
112.049700 2.4980507 -2.5610929 26.6350517 0.0367741 0.9253095 0.0204569 0.3768707
112.153500 2.5317063 -2.5616355 26.6016502 0.0350955 0.9254473 0.0193634 0.3767500
112.257100 2.5644972 -2.5621474 26.5682678 0.0346359 0.9257063 0.0171658 0.3762627
112.360900 2.5973043 -2.5626869 26.5349941 0.0349055 0.9260713 0.0161365 0.3753840
112.464600 2.6293244 -2.5634189 26.5018520 0.0372947 0.9264713 0.0163232 0.3741572
112.568200 2.6611314 -2.5641265 26.4683800 0.0400852 0.9267903 0.0181395 0.3729931
112.672000 2.6926818 -2.5647016 26.4349823 0.0415372 0.9270792 0.0180149 0.3721212
112.775600 2.7240021 -2.5654302 26.4023151 0.0424494 0.9274306 0.0181963 0.3711327
112.879400 2.7549450 -2.5660150 26.3694801 0.0433305 0.9277009 0.0185662 0.3703360
112.983000 2.7852585 -2.5670156 26.3377609 0.0425457 0.9282227 0.0177750 0.3691566
113.086700 2.8151278 -2.5680628 26.3063087 0.0422147 0.9287136 0.0153207 0.3680684
113.190500 2.8445153 -2.5692184 26.2761574 0.0420928 0.9293552 0.0102652 0.3666356
113.294100 2.8727522 -2.5704989 26.2461319 0.0424050 0.9297879 0.0070051 0.3655779
113.397800 2.9002929 -2.5719514 26.2172031 0.0408573 0.9301311 0.0054865 0.3649064
113.501500 2.9268334 -2.5735133 26.1881447 0.0417469 0.9303470 0.0079493 0.3642094
113.709000 2.9766049 -2.5762498 26.1335449 0.0443618 0.9304865 0.0104379 0.3634804
113.812600 3.0005579 -2.5778668 26.1072178 0.0455747 0.9304354 0.0102419 0.3634668
114.020100 3.0449176 -2.5802846 26.0589981 0.0499308 0.9303557 0.0070454 0.3631741
114.123900 3.0657139 -2.5817726 26.0365200 0.0491898 0.9304137 0.0075607 0.3631166
114.435000 3.1239331 -2.5856931 25.9739628 0.0485942 0.9303101 0.0072631 0.3634679
114.538700 3.1421840 -2.5866492 25.9548759 0.0476347 0.9305098 0.0040651 0.3631335
114.746300 3.1775377 -2.5886540 25.9173203 0.0457935 0.9306452 0.0027777 0.3630356
115.161100 3.2427804 -2.5935814 25.8474064 0.0423468 0.9311407 0.0044136 0.3621660
115.368600 3.2725561 -2.5954092 25.8143005 0.0446437 0.9313095 0.0051321 0.3614461
115.679700 3.3145413 -2.5982664 25.7677155 0.0471514 0.9313032 0.0059999 0.3611304
115.783500 3.3277016 -2.5990000 25.7531776 0.0481470 0.9312626 0.0058667 0.3611059
116.302000 3.3882935 -2.6037016 25.6868076 0.0523422 0.9305093 0.0020655 0.3625032
116.509400 3.4096925 -2.6051993 25.6632214 0.0557230 0.9294807 0.0018386 0.3646328
117.028000 3.4570827 -2.6089697 25.6148167 0.0526652 0.9270362 -0.0013249 0.3712527
118.168900 3.5201876 -2.6150248 25.5497227 0.0556585 0.9258810 -0.0057757 0.3736483
118.376300 3.5277133 -2.6157913 25.5421028 0.0552899 0.9257533 -0.0068404 0.3740015
123.146200 3.6191280 -2.6247962 25.4507923 0.0557238 0.9247724 -0.0111981 0.3762517
123.768500 3.6431606 -2.6277001 25.4247589 0.0592751 0.9246722 -0.0088295 0.3760184
124.287000 3.6602530 -2.6296668 25.4074326 0.0584973 0.9244961 -0.0083278 0.3765844
124.494400 3.6654696 -2.6301675 25.4018745 0.0578750 0.9242944 -0.0077814 0.3771866
