5.088126 0.0000000 0.0000000 0.0000000 0.0000000 0.0000000 0.0000000 1.0000000
5.192023 0.0022947 -0.0011903 0.0635250 0.0009598 0.0164523 -0.0001897 0.9998642
5.295877 0.0063861 -0.0027132 0.1258559 0.0023852 0.0327907 -0.0006530 0.9994592
5.399752 0.0132750 -0.0043740 0.1888301 0.0044911 0.0489866 0.0014521 0.9987883
5.503628 0.0221912 -0.0062033 0.2511743 0.0071913 0.0648062 0.0045998 0.9978614
5.607400 0.0338578 -0.0079959 0.3135139 0.0099440 0.0798909 0.0081878 0.9967204
5.711251 0.0469317 -0.0106099 0.3763527 0.0121915 0.0944878 0.0114229 0.9953858
5.918752 0.0784704 -0.0166867 0.4978777 0.0190224 0.1219255 0.0186922 0.9921809
6.022375 0.0980497 -0.0203594 0.5599874 0.0264294 0.1349348 0.0205222 0.9902893
6.126131 0.1161876 -0.0240186 0.6189488 0.0351410 0.1481323 0.0193858 0.9881529
6.333503 0.1583172 -0.0347637 0.7352026 0.0477501 0.1743909 0.0196497 0.9833217
6.540880 0.2067562 -0.0473154 0.8488342 0.0487123 0.1988967 0.0224771 0.9785510
6.748254 0.2596120 -0.0592333 0.9598266 0.0438683 0.2195816 0.0288435 0.9741805
6.851878 0.2875324 -0.0653237 1.0138013 0.0435073 0.2271050 0.0302670 0.9724270
6.955504 0.3153586 -0.0706847 1.0674560 0.0451075 0.2335017 0.0317595 0.9707902
7.059005 0.3429420 -0.0765273 1.1200247 0.0462060 0.2390041 0.0319588 0.9693919
7.577401 0.4901203 -0.1048993 1.3775066 0.0485679 0.2625202 0.0311692 0.9631993
7.681003 0.5226126 -0.1097886 1.4313275 0.0500750 0.2623197 0.0305933 0.9631951
7.784655 0.5534611 -0.1155907 1.4844134 0.0497431 0.2604841 0.0314613 0.9636824
8.303130 0.7125491 -0.1459327 1.7735322 0.0482369 0.2430943 0.0254735 0.9684676
8.407006 0.7458752 -0.1524800 1.8363438 0.0473594 0.2422813 0.0236773 0.9687601
8.510755 0.7788987 -0.1592509 1.8994027 0.0463333 0.2425249 0.0224071 0.9687790
8.614628 0.8131986 -0.1658648 1.9638339 0.0458595 0.2430664 0.0220193 0.9686748
8.822133 0.8817418 -0.1791380 2.0931835 0.0452536 0.2436022 0.0216586 0.9685768
8.925883 0.9191794 -0.1856733 2.1606331 0.0448338 0.2433477 0.0216812 0.9686598
9.029629 0.9521036 -0.1921042 2.2244391 0.0447321 0.2438416 0.0212688 0.9685494
9.133505 0.9885625 -0.1986041 2.2930055 0.0441541 0.2438797 0.0205024 0.9685829
9.444755 1.0949785 -0.2195014 2.4930866 0.0427475 0.2429249 0.0193831 0.9689089
9.755883 1.2011629 -0.2406067 2.6942995 0.0403678 0.2389562 0.0205923 0.9699723
9.859630 1.2364265 -0.2473505 2.7615116 0.0404759 0.2376442 0.0208416 0.9702848
10.067270 1.3060675 -0.2602573 2.8950405 0.0417988 0.2376474 0.0198660 0.9702483
10.171130 1.3403076 -0.2677764 2.9616914 0.0428405 0.2393780 0.0191223 0.9697924
10.586510 1.4830685 -0.2942632 3.2239282 0.0399336 0.2509894 0.0186764 0.9669854
10.690390 1.5190269 -0.3006999 3.2875943 0.0414471 0.2538192 0.0195068 0.9661664
10.794130 1.5550599 -0.3069909 3.3502433 0.0422632 0.2565828 0.0196348 0.9653981
10.898010 1.5909809 -0.3138268 3.4132266 0.0429408 0.2593693 0.0187598 0.9646407
11.001750 1.6279014 -0.3203016 3.4755242 0.0432422 0.2613377 0.0180749 0.9641089
11.105390 1.6653801 -0.3266342 3.5377262 0.0427183 0.2631388 0.0188342 0.9636278
11.209130 1.7023304 -0.3327121 3.5999722 0.0386665 0.2644845 0.0202104 0.9634025
11.312890 1.7395587 -0.3389789 3.6618540 0.0335690 0.2655829 0.0212767 0.9632685
11.416630 1.7758651 -0.3443330 3.7228012 0.0326501 0.2665222 0.0222962 0.9630175
11.520390 1.8119361 -0.3495504 3.7828968 0.0351078 0.2672752 0.0214281 0.9627420
11.624010 1.8481318 -0.3547215 3.8431375 0.0385516 0.2681252 0.0214086 0.9623743
11.727800 1.8855617 -0.3601610 3.9032087 0.0397562 0.2682512 0.0237255 0.9622359
11.831510 1.9228758 -0.3660381 3.9630301 0.0398886 0.2680127 0.0257622 0.9622445
11.935260 1.9587173 -0.3719052 4.0230308 0.0380036 0.2678480 0.0257352 0.9623674
12.038930 1.9949006 -0.3767638 4.0830417 0.0354970 0.2673696 0.0255942 0.9625998
12.142640 2.0307693 -0.3823070 4.1431270 0.0321123 0.2668497 0.0251611 0.9628743
12.246380 2.0655515 -0.3869326 4.2033887 0.0304725 0.2667781 0.0211507 0.9630439
12.350150 2.1004176 -0.3909835 4.2637405 0.0289522 0.2659850 0.0175948 0.9633816
12.453880 2.1360126 -0.3957649 4.3228703 0.0287352 0.2646154 0.0194133 0.9637303
12.557630 2.1716778 -0.4003101 4.3827162 0.0300242 0.2628678 0.0211727 0.9641321
12.661390 2.2062573 -0.4050895 4.4421935 0.0313976 0.2598223 0.0220894 0.9648930
12.765050 2.2407107 -0.4093533 4.5017734 0.0320295 0.2553571 0.0244190 0.9660075
12.868760 2.2750797 -0.4147426 4.5614772 0.0325393 0.2505629 0.0281285 0.9671444
12.972400 2.3074999 -0.4189559 4.6217952 0.0325971 0.2449819 0.0267038 0.9686115
13.076170 2.3393123 -0.4234071 4.6824303 0.0317965 0.2387305 0.0257977 0.9702222
13.179930 2.3698847 -0.4279571 4.7428708 0.0300637 0.2322221 0.0260264 0.9718496
13.283680 2.4003177 -0.4325028 4.8047199 0.0299985 0.2259722 0.0257171 0.9733320
13.387430 2.4290569 -0.4367040 4.8663306 0.0296335 0.2194765 0.0260057 0.9748209
13.491130 2.4571035 -0.4415386 4.9273090 0.0300317 0.2129612 0.0264970 0.9762395
13.594890 2.4846637 -0.4465681 4.9887071 0.0322447 0.2061230 0.0259425 0.9776505
13.698760 2.5107083 -0.4512771 5.0495210 0.0370063 0.1999253 0.0264141 0.9787557
13.802490 2.5366695 -0.4561336 5.1113725 0.0397845 0.1929754 0.0257926 0.9800574
13.906260 2.5596931 -0.4614296 5.1722326 0.0383215 0.1868025 0.0249597 0.9813324
14.010030 2.5833151 -0.4671708 5.2344794 0.0364861 0.1804295 0.0243709 0.9826088
14.113800 2.6059172 -0.4728011 5.2962694 0.0371808 0.1752657 0.0224480 0.9835627
14.217640 2.6271169 -0.4784214 5.3575635 0.0401948 0.1718939 0.0193037 0.9841058
14.321530 2.6483920 -0.4842679 5.4198432 0.0434898 0.1691784 0.0160817 0.9844941
14.425390 2.6692908 -0.4905477 5.4808836 0.0448652 0.1672738 0.0146299 0.9847805
14.529260 2.6902049 -0.4972227 5.5425439 0.0449019 0.1653189 0.0140298 0.9851176
14.633120 2.7103882 -0.5037382 5.6033940 0.0450462 0.1628475 0.0138017 0.9855258
14.736910 2.7312315 -0.5101637 5.6646457 0.0429972 0.1595665 0.0124238 0.9861721
14.840760 2.7503316 -0.5165970 5.7261429 0.0412363 0.1569807 0.0132135 0.9866519
14.944510 2.7699852 -0.5228406 5.7882729 0.0398239 0.1539569 0.0122964 0.9871981
15.048260 2.7882278 -0.5288404 5.8502178 0.0397596 0.1512247 0.0081556 0.9876658
15.152010 2.8056042 -0.5347738 5.9120188 0.0405457 0.1482934 0.0042446 0.9881028
15.255760 2.8238745 -0.5409043 5.9730453 0.0425564 0.1445786 0.0048013 0.9885661
15.359530 2.8418071 -0.5470187 6.0347352 0.0441803 0.1407845 0.0055566 0.9890384
15.463280 2.8586559 -0.5532067 6.0963264 0.0433257 0.1375833 0.0049527 0.9895298
15.567140 2.8754253 -0.5600150 6.1584744 0.0407316 0.1338954 0.0051096 0.9901448
15.670890 2.8915186 -0.5659706 6.2205472 0.0395550 0.1303346 0.0042056 0.9906718
15.774640 2.9070125 -0.5721446 6.2821140 0.0413646 0.1270469 0.0031910 0.9910287
15.878390 2.9223425 -0.5785538 6.3431854 0.0425686 0.1236153 0.0031833 0.9914116
15.982160 2.9373834 -0.5850124 6.4047093 0.0429794 0.1200914 0.0018953 0.9918302
16.086050 2.9517136 -0.5915293 6.4666238 0.0426168 0.1164609 0.0020971 0.9922783
16.189760 2.9660959 -0.5977727 6.5292001 0.0424000 0.1122135 0.0043899 0.9927694
16.293510 2.9797060 -0.6041279 6.5911045 0.0426871 0.1083838 0.0053931 0.9931776
16.397260 2.9930818 -0.6103947 6.6513467 0.0429525 0.1049770 0.0061795 0.9935274
16.501030 3.0058753 -0.6169100 6.7118535 0.0426919 0.1013097 0.0030353 0.9939339
16.604760 3.0167193 -0.6230040 6.7737060 0.0420599 0.0987001 0.0008788 0.9942276
16.708640 3.0289106 -0.6295197 6.8354092 0.0418198 0.0964331 0.0021436 0.9944583
16.812390 3.0406375 -0.6357653 6.8968349 0.0417933 0.0939174 0.0028260 0.9946983
16.916160 3.0519884 -0.6425525 6.9585695 0.0422360 0.0914400 0.0035107 0.9949083
17.020010 3.0630953 -0.6485898 7.0196452 0.0414064 0.0884932 0.0065969 0.9951939
17.123760 3.0747375 -0.6547230 7.0812078 0.0403669 0.0855071 0.0102961 0.9954662
17.227520 3.0854266 -0.6610166 7.1420178 0.0397250 0.0829981 0.0111730 0.9956949
17.331410 3.0956583 -0.6671724 7.2033391 0.0405587 0.0807710 0.0102596 0.9958543
17.435140 3.1048441 -0.6727733 7.2646651 0.0417445 0.0790402 0.0094849 0.9959518
17.642890 3.1230526 -0.6852111 7.3867850 0.0409122 0.0779095 0.0081445 0.9960873
17.746640 3.1327481 -0.6908916 7.4486904 0.0387061 0.0773882 0.0089449 0.9962093
17.850540 3.1418312 -0.6966087 7.5100622 0.0361647 0.0769430 0.0085953 0.9963423
17.954270 3.1510453 -0.7020950 7.5707426 0.0353011 0.0765366 0.0088589 0.9964023
18.058140 3.1602862 -0.7077965 7.6306329 0.0376847 0.0758552 0.0086381 0.9963690
18.161890 3.1693587 -0.7129608 7.6905112 0.0396667 0.0759029 0.0082348 0.9962919
18.265770 3.1782537 -0.7188923 7.7501545 0.0392093 0.0757434 0.0068341 0.9963327
18.369580 3.1867766 -0.7249612 7.8097372 0.0387548 0.0757109 0.0058322 0.9963593
18.473380 3.1962767 -0.7306414 7.8684926 0.0388879 0.0751656 0.0081081 0.9963795
18.577160 3.2048640 -0.7361745 7.9271202 0.0401284 0.0748633 0.0068852 0.9963623
18.680990 3.2125242 -0.7421423 7.9858222 0.0409963 0.0752828 0.0024299 0.9963162
18.784860 3.2205737 -0.7481444 8.0437832 0.0419134 0.0749877 -0.0006463 0.9963030
18.888520 3.2291491 -0.7541113 8.1016159 0.0436749 0.0749819 0.0008735 0.9962276
18.992370 3.2377064 -0.7604231 8.1588106 0.0439912 0.0746707 0.0016574 0.9962361
19.096040 3.2456641 -0.7665502 8.2160864 0.0446758 0.0737946 0.0012050 0.9962716
19.199890 3.2545240 -0.7724905 8.2734642 0.0441017 0.0728589 0.0057055 0.9963504
19.303520 3.2634935 -0.7787157 8.3295412 0.0422422 0.0708166 0.0090440 0.9965535
19.407390 3.2719123 -0.7851217 8.3860331 0.0394446 0.0695528 0.0119932 0.9967260
19.511150 3.2798057 -0.7905627 8.4420357 0.0392600 0.0676499 0.0127392 0.9968550
19.614770 3.2876148 -0.7963219 8.4970808 0.0417385 0.0648514 0.0131360 0.9969351
19.718390 3.2945065 -0.8018970 8.5513210 0.0432657 0.0614613 0.0139378 0.9970739
19.822140 3.3002884 -0.8067359 8.6054134 0.0438377 0.0575428 0.0132463 0.9972922
19.925670 3.3063326 -0.8128803 8.6599531 0.0413435 0.0522579 0.0150131 0.9976645
20.029410 3.3121557 -0.8184530 8.7151737 0.0405742 0.0460646 0.0167915 0.9979728
20.132890 3.3162880 -0.8235976 8.7679853 0.0419441 0.0392273 0.0189366 0.9981700
20.236640 3.3199484 -0.8290559 8.8224926 0.0425731 0.0319578 0.0191009 0.9983994
20.340390 3.3220754 -0.8345653 8.8755264 0.0426399 0.0252586 0.0199677 0.9985716
20.444020 3.3239744 -0.8401021 8.9290123 0.0435972 0.0184003 0.0208637 0.9986618
20.547770 3.3245347 -0.8460626 8.9809818 0.0469089 0.0117238 0.0188611 0.9986523
20.651520 3.3239222 -0.8517627 9.0327854 0.0517826 0.0056127 0.0143880 0.9985390
20.755270 3.3226049 -0.8580274 9.0835514 0.0557563 -0.0010680 0.0124675 0.9983660
20.859140 3.3210018 -0.8638496 9.1344843 0.0563339 -0.0075184 0.0117294 0.9983148
20.962890 3.3184521 -0.8703666 9.1856413 0.0543721 -0.0131464 0.0093843 0.9983901
21.066770 3.3162959 -0.8771941 9.2371502 0.0532808 -0.0187183 0.0075897 0.9983753
21.170640 3.3125873 -0.8835668 9.2863750 0.0567470 -0.0228135 0.0054151 0.9981132
21.274520 3.3093188 -0.8901648 9.3357830 0.0606269 -0.0260863 0.0044777 0.9978095
21.378530 3.3064272 -0.8962775 9.3859844 0.0623105 -0.0278729 0.0032313 0.9976623
21.482520 3.3031106 -0.9030722 9.4360828 0.0599240 -0.0276571 0.0019931 0.9978178
21.586400 3.3002155 -0.9102376 9.4861641 0.0578108 -0.0268045 0.0013456 0.9979668
21.690420 3.2975755 -0.9167742 9.5358973 0.0562689 -0.0253190 0.0022878 0.9980919
21.794280 3.2952414 -0.9229075 9.5854597 0.0565432 -0.0238803 0.0033077 0.9981090
21.898270 3.2934802 -0.9294720 9.6344900 0.0564359 -0.0223196 0.0043059 0.9981474
22.002150 3.2915533 -0.9358585 9.6833830 0.0557340 -0.0200121 0.0037173 0.9982381
22.106150 3.2897162 -0.9417691 9.7321348 0.0559668 -0.0172562 0.0033896 0.9982777
22.210070 3.2883387 -0.9479306 9.7807856 0.0550461 -0.0143497 0.0026260 0.9983773
22.313900 3.2872379 -0.9541652 9.8292007 0.0537548 -0.0113988 0.0035936 0.9984826
22.417770 3.2865152 -0.9600752 9.8770218 0.0536554 -0.0088712 0.0032434 0.9985148
22.521520 3.2856510 -0.9660242 9.9246302 0.0542842 -0.0060736 0.0025559 0.9985038
22.625400 3.2847898 -0.9719689 9.9716148 0.0555673 -0.0038807 0.0021454 0.9984451
22.729170 3.2845540 -0.9780591 10.0189199 0.0567640 -0.0027077 0.0020421 0.9983819
22.832900 3.2844932 -0.9838129 10.0657949 0.0575776 -0.0019568 0.0034483 0.9983332
22.936520 3.2845180 -0.9897487 10.1122398 0.0566642 -0.0023864 0.0052076 0.9983768
23.040140 3.2844467 -0.9959031 10.1585169 0.0548175 -0.0044881 0.0063295 0.9984663
23.143770 3.2834904 -1.0017784 10.2040586 0.0548998 -0.0082387 0.0067554 0.9984350
23.247420 3.2822630 -1.0076700 10.2489996 0.0551543 -0.0139667 0.0080235 0.9983479
23.351020 3.2803371 -1.0133762 10.2935019 0.0553437 -0.0212388 0.0093145 0.9981980
23.454650 3.2771749 -1.0187811 10.3378229 0.0543110 -0.0287638 0.0087333 0.9980715
23.558270 3.2730360 -1.0244095 10.3819065 0.0518876 -0.0368068 0.0063469 0.9979542
23.662020 3.2683723 -1.0296599 10.4256020 0.0486925 -0.0450798 0.0052271 0.9977823
23.765650 3.2630529 -1.0345670 10.4691067 0.0450788 -0.0535260 0.0048947 0.9975364
23.869400 3.2569327 -1.0391135 10.5121927 0.0415172 -0.0621547 0.0043278 0.9971933
23.973020 3.2500103 -1.0436610 10.5545330 0.0385854 -0.0706256 0.0032916 0.9967509
24.076780 3.2427375 -1.0481316 10.5961742 0.0374169 -0.0796885 0.0028581 0.9961132
24.180540 3.2347815 -1.0520242 10.6372471 0.0368627 -0.0887704 0.0034813 0.9953637
24.284160 3.2256832 -1.0558445 10.6780338 0.0364603 -0.0973726 0.0026667 0.9945763
24.387900 3.2159667 -1.0594633 10.7187862 0.0359267 -0.1054388 -0.0000537 0.9937766
24.491650 3.2057028 -1.0632932 10.7589989 0.0341262 -0.1126234 -0.0015799 0.9930503
24.595400 3.1956632 -1.0667075 10.7991800 0.0323607 -0.1189846 -0.0002883 0.9923686
24.699270 3.1853807 -1.0700731 10.8385525 0.0317204 -0.1244003 0.0011693 0.9917243
24.803110 3.1743288 -1.0738615 10.8771391 0.0334888 -0.1293154 -0.0014073 0.9910368
24.906780 3.1625590 -1.0776777 10.9155197 0.0368818 -0.1338854 -0.0033429 0.9903046
25.114270 3.1410146 -1.0846611 10.9909344 0.0451177 -0.1429394 0.0008522 0.9887022
25.321770 3.1162381 -1.0919150 11.0680513 0.0403087 -0.1491395 -0.0009075 0.9879938
25.425520 3.1031115 -1.0957063 11.1071730 0.0346932 -0.1511791 -0.0040921 0.9878889
25.529390 3.0902450 -1.0995089 11.1462698 0.0306185 -0.1521513 -0.0049412 0.9878705
25.633210 3.0780959 -1.1028103 11.1848869 0.0305278 -0.1527818 -0.0034074 0.9877825
25.737020 3.0659177 -1.1058292 11.2234201 0.0317668 -0.1533757 -0.0013576 0.9876563
25.840800 3.0535579 -1.1089995 11.2621794 0.0316352 -0.1542477 0.0000498 0.9875256
25.944520 3.0406153 -1.1116592 11.3014650 0.0305502 -0.1551846 -0.0011822 0.9874123
26.151900 3.0144773 -1.1178735 11.3802481 0.0261166 -0.1581092 -0.0017052 0.9870747
26.255540 3.0010219 -1.1206962 11.4193134 0.0246884 -0.1602716 -0.0013185 0.9867633
26.359150 2.9871964 -1.1232159 11.4584484 0.0237219 -0.1634233 -0.0006681 0.9862705
26.773900 2.9277759 -1.1336743 11.6140366 0.0241403 -0.1840842 -0.0006866 0.9826137
26.877670 2.9115453 -1.1362807 11.6524553 0.0256095 -0.1901061 -0.0011577 0.9814288
26.981280 2.8949690 -1.1386315 11.6919012 0.0259799 -0.1963261 -0.0006992 0.9801942
27.085020 2.8778298 -1.1413454 11.7315826 0.0244193 -0.2023028 -0.0008522 0.9790182
27.396270 2.8210490 -1.1492611 11.8496552 0.0219942 -0.2188627 -0.0053352 0.9754931
27.500020 2.8009841 -1.1518264 11.8895149 0.0221353 -0.2225507 -0.0073894 0.9746418
27.603900 2.7807324 -1.1543100 11.9301577 0.0204945 -0.2247937 -0.0078818 0.9741589
27.707780 2.7602873 -1.1565549 11.9715195 0.0188324 -0.2259126 -0.0067901 0.9739419
27.811650 2.7400339 -1.1587665 12.0132370 0.0197370 -0.2260194 -0.0043472 0.9739131
27.915520 2.7194872 -1.1614226 12.0552931 0.0199895 -0.2255353 -0.0035598 0.9740234
28.019400 2.6990218 -1.1638575 12.0971251 0.0209503 -0.2250673 -0.0018249 0.9741163
28.123280 2.6783032 -1.1660286 12.1400051 0.0203404 -0.2249281 -0.0002552 0.9741630
28.227150 2.6576467 -1.1685340 12.1832085 0.0175857 -0.2246187 0.0008610 0.9742877
28.330900 2.6365216 -1.1709218 12.2267532 0.0161522 -0.2240700 0.0005982 0.9744390
28.434770 2.6150889 -1.1735371 12.2701187 0.0148684 -0.2230593 0.0007365 0.9746912
28.538650 2.5940185 -1.1755699 12.3142500 0.0146702 -0.2225072 0.0005562 0.9748205
28.642420 2.5726810 -1.1778270 12.3580542 0.0143920 -0.2214279 -0.0001979 0.9750705
28.746150 2.5515292 -1.1804410 12.4014816 0.0147986 -0.2202879 -0.0003946 0.9753225
28.849900 2.5306580 -1.1827490 12.4453955 0.0168440 -0.2196203 0.0003786 0.9754399
28.953800 2.5101154 -1.1851993 12.4893742 0.0197559 -0.2194816 0.0010041 0.9754161
29.057520 2.4890342 -1.1873845 12.5334244 0.0212341 -0.2188386 -0.0000406 0.9755300
29.161270 2.4680767 -1.1901213 12.5771742 0.0197941 -0.2179719 -0.0011760 0.9757536
29.264900 2.4474413 -1.1929128 12.6213703 0.0179312 -0.2174584 -0.0023696 0.9759020
29.368650 2.4262409 -1.1957196 12.6654348 0.0178271 -0.2158895 -0.0042217 0.9762459
29.472530 2.4058702 -1.1981063 12.7092094 0.0175228 -0.2136491 -0.0051617 0.9767396
29.576300 2.3870926 -1.2003050 12.7526407 0.0171544 -0.2103669 -0.0052193 0.9774581
29.680170 2.3678331 -1.2030885 12.7968760 0.0169509 -0.2058104 -0.0049029 0.9784328
29.783900 2.3489606 -1.2058021 12.8409472 0.0177346 -0.2005040 -0.0031077 0.9795274
29.887780 2.3314414 -1.2082419 12.8851547 0.0194873 -0.1951499 -0.0029105 0.9805755
29.991660 2.3132367 -1.2101657 12.9296169 0.0193822 -0.1890262 -0.0040427 0.9817724
30.095530 2.2961791 -1.2126588 12.9750261 0.0156004 -0.1834503 -0.0018652 0.9829034
30.199280 2.2795928 -1.2150916 13.0207567 0.0114150 -0.1790856 -0.0003987 0.9837672
30.303050 2.2626011 -1.2169120 13.0663538 0.0087968 -0.1752232 -0.0005088 0.9844893
30.406780 2.2455642 -1.2184314 13.1117516 0.0080350 -0.1729552 -0.0034542 0.9848909
30.510400 2.2294605 -1.2203795 13.1569996 0.0069819 -0.1718608 -0.0031608 0.9850914
30.614030 2.2132967 -1.2217175 13.2026958 0.0067035 -0.1712066 -0.0026961 0.9852086
30.717780 2.1962605 -1.2232115 13.2483225 0.0077249 -0.1704262 -0.0026839 0.9853365
30.821410 2.1793120 -1.2246385 13.2943726 0.0085943 -0.1701563 -0.0046233 0.9853688
30.925160 2.1623290 -1.2260913 13.3404112 0.0081970 -0.1703823 -0.0050084 0.9853312
31.028780 2.1457632 -1.2276133 13.3869820 0.0074340 -0.1713558 -0.0058587 0.9851637
31.132530 2.1286416 -1.2290527 13.4331894 0.0067260 -0.1719472 -0.0052079 0.9850695
31.236300 2.1118610 -1.2304295 13.4794474 0.0064381 -0.1726847 -0.0035344 0.9849498
31.340050 2.0949178 -1.2317812 13.5265503 0.0057828 -0.1745264 -0.0032702 0.9846300
31.443650 2.0772781 -1.2332705 13.5727463 0.0048163 -0.1766437 -0.0043192 0.9842536
31.547410 2.0592904 -1.2344818 13.6198244 0.0026145 -0.1792599 -0.0055879 0.9837824
31.651030 2.0411429 -1.2354593 13.6668949 0.0005495 -0.1819668 -0.0063352 0.9832841
31.754790 2.0223968 -1.2364004 13.7137537 0.0004823 -0.1840312 -0.0073427 0.9828929
31.858530 2.0032406 -1.2378709 13.7601643 0.0023483 -0.1862332 -0.0095371 0.9824564
31.962280 1.9836701 -1.2382689 13.8070440 0.0051332 -0.1885245 -0.0114516 0.9819883
32.066030 1.9637734 -1.2390893 13.8532867 0.0064706 -0.1905254 -0.0136129 0.9815665
32.169650 1.9441524 -1.2406296 13.9005404 0.0061046 -0.1929494 -0.0147566 0.9810787
32.273410 1.9238596 -1.2419397 13.9467554 0.0072201 -0.1947046 -0.0158833 0.9807068
32.377150 1.9038081 -1.2434691 13.9930725 0.0084634 -0.1968165 -0.0161111 0.9802715
32.480910 1.8838485 -1.2446387 14.0393810 0.0085618 -0.1993255 -0.0161773 0.9797624
32.584530 1.8629438 -1.2460415 14.0862637 0.0078667 -0.2014212 -0.0164471 0.9793350
32.688280 1.8429260 -1.2477647 14.1329174 0.0077371 -0.2039132 -0.0145110 0.9788508
32.791900 1.8224244 -1.2492388 14.1796398 0.0079990 -0.2063136 -0.0128258 0.9783692
32.895660 1.8013241 -1.2506403 14.2256355 0.0090383 -0.2084621 -0.0132925 0.9778984
32.999410 1.7796379 -1.2521827 14.2718668 0.0083057 -0.2107836 -0.0159468 0.9773674
33.103170 1.7578009 -1.2536143 14.3179979 0.0078069 -0.2131426 -0.0177050 0.9768295
33.206780 1.7364188 -1.2554554 14.3634605 0.0092588 -0.2153360 -0.0160192 0.9763647
33.310530 1.7147356 -1.2572381 14.4089842 0.0127646 -0.2174442 -0.0148057 0.9758770
33.414280 1.6920251 -1.2586272 14.4545755 0.0155912 -0.2190504 -0.0174916 0.9754322
33.518170 1.6691490 -1.2601886 14.5004530 0.0143803 -0.2205779 -0.0207710 0.9750421
33.621780 1.6463509 -1.2620096 14.5468578 0.0089185 -0.2216680 -0.0217738 0.9748383
33.725530 1.6239073 -1.2631261 14.5940876 0.0027336 -0.2226879 -0.0213407 0.9746523
33.829280 1.6009206 -1.2638747 14.6397934 -0.0014359 -0.2233091 -0.0233493 0.9744669
33.933050 1.5787119 -1.2647299 14.6855917 -0.0025534 -0.2246320 -0.0245060 0.9741321
34.036660 1.5559953 -1.2656729 14.7292509 -0.0005455 -0.2258168 -0.0235649 0.9738846
34.244030 1.5104364 -1.2662125 14.8204079 0.0050875 -0.2304480 -0.0220689 0.9728211
34.451530 1.4637368 -1.2678858 14.9116287 0.0074550 -0.2348902 -0.0211345 0.9717635
34.555160 1.4399272 -1.2689766 14.9569712 0.0066238 -0.2368659 -0.0207787 0.9712975
34.658910 1.4160691 -1.2698718 15.0023661 0.0039944 -0.2387319 -0.0207751 0.9708551
34.762530 1.3921143 -1.2704513 15.0475979 0.0011811 -0.2404163 -0.0205869 0.9704508
34.866280 1.3675928 -1.2709372 15.0930967 -0.0015947 -0.2416617 -0.0206917 0.9701386
34.970030 1.3430293 -1.2711887 15.1383553 -0.0043620 -0.2425846 -0.0206214 0.9699013
35.073910 1.3187267 -1.2712153 15.1839437 -0.0078838 -0.2434919 -0.0206586 0.9696509
35.281280 1.2685686 -1.2710450 15.2733412 -0.0028248 -0.2449879 -0.0246449 0.9692087
35.385050 1.2438878 -1.2715534 15.3174982 0.0040008 -0.2454784 -0.0237087 0.9691038
35.488660 1.2194358 -1.2716144 15.3621864 0.0080876 -0.2460829 -0.0225414 0.9689529
35.592410 1.1946816 -1.2721398 15.4073524 0.0069532 -0.2459384 -0.0227942 0.9689925
35.799780 1.1449766 -1.2744690 15.4975252 0.0031954 -0.2468703 -0.0234871 0.9687586
35.903530 1.1206350 -1.2749445 15.5428524 0.0035106 -0.2476818 -0.0215653 0.9685950
36.007180 1.0959749 -1.2753294 15.5885582 0.0029257 -0.2485737 -0.0198248 0.9684057
36.110910 1.0706609 -1.2759780 15.6341534 0.0005836 -0.2492998 -0.0205011 0.9682091
36.214530 1.0447311 -1.2765396 15.6794281 -0.0006247 -0.2495643 -0.0215863 0.9681174
36.318290 1.0196623 -1.2770525 15.7247381 -0.0001930 -0.2504083 -0.0221310 0.9678873
36.422040 0.9942630 -1.2776680 15.7695436 0.0016773 -0.2509567 -0.0210587 0.9677678
36.525780 0.9685580 -1.2780808 15.8146439 0.0024600 -0.2516888 -0.0207315 0.9675830
36.629530 0.9428607 -1.2784843 15.8600025 0.0012025 -0.2527300 -0.0194772 0.9673400
36.837040 0.8913615 -1.2800605 15.9500399 -0.0015166 -0.2567031 -0.0201871 0.9662783
36.940790 0.8648064 -1.2802494 15.9948626 -0.0012430 -0.2589093 -0.0191452 0.9657111
37.044540 0.8387200 -1.2807479 16.0393085 -0.0003703 -0.2612819 -0.0197837 0.9650597
37.148290 0.8113853 -1.2813327 16.0835590 0.0017258 -0.2633839 -0.0215613 0.9644486
37.355660 0.7573760 -1.2823675 16.1716919 0.0044801 -0.2701717 -0.0190342 0.9626136
37.459410 0.7297914 -1.2833483 16.2154427 0.0042764 -0.2749572 -0.0170310 0.9612961
37.563030 0.7018812 -1.2845060 16.2589169 0.0030871 -0.2805903 -0.0145361 0.9597126
37.666660 0.6733590 -1.2852443 16.3024025 0.0030191 -0.2879256 -0.0135633 0.9575520
37.770280 0.6435350 -1.2857281 16.3448410 0.0021889 -0.2952500 -0.0145105 0.9553074
37.874040 0.6131459 -1.2864624 16.3873329 -0.0002863 -0.3026928 -0.0147802 0.9529735
37.977790 0.5820661 -1.2871032 16.4286518 -0.0020702 -0.3096826 -0.0163639 0.9506969
38.081530 0.5502838 -1.2875749 16.4696846 -0.0016963 -0.3156980 -0.0189196 0.9486696
38.185280 0.5181330 -1.2876600 16.5098076 0.0005972 -0.3205659 -0.0217526 0.9469762
38.289160 0.4857222 -1.2878250 16.5500851 0.0023724 -0.3238187 -0.0238137 0.9458164
38.393160 0.4531964 -1.2883391 16.5903320 0.0034156 -0.3246066 -0.0265504 0.9454702
38.497160 0.4209494 -1.2888532 16.6305714 0.0060345 -0.3227634 -0.0301675 0.9459795
38.601160 0.3891054 -1.2895986 16.6710663 0.0090967 -0.3185841 -0.0328923 0.9472800
38.705160 0.3582531 -1.2902312 16.7119732 0.0117890 -0.3132315 -0.0332901 0.9490199
38.809290 0.3284369 -1.2912415 16.7542191 0.0117492 -0.3072746 -0.0295088 0.9510907
38.913290 0.2988187 -1.2923429 16.7966862 0.0104168 -0.3015910 -0.0292105 0.9529329
39.017160 0.2691137 -1.2933004 16.8390560 0.0107292 -0.2958450 -0.0311029 0.9546692
39.121160 0.2405340 -1.2944754 16.8823338 0.0098085 -0.2907654 -0.0299337 0.9562757
39.225040 0.2127027 -1.2955424 16.9255219 0.0104995 -0.2862064 -0.0272442 0.9577230
39.328910 0.1853787 -1.2966852 16.9688911 0.0110587 -0.2813840 -0.0257976 0.9591846
39.432660 0.1578992 -1.2981145 17.0125046 0.0121275 -0.2774195 -0.0262996 0.9603122
39.536410 0.1304954 -1.2995801 17.0557213 0.0114846 -0.2737158 -0.0279402 0.9613361
39.743820 0.0761919 -1.3011839 17.1439838 0.0070650 -0.2677644 -0.0319543 0.9629285
39.951290 0.0222857 -1.3025057 17.2331524 0.0067979 -0.2637610 -0.0335859 0.9639792
40.055040 -0.0042650 -1.3034843 17.2771320 0.0113937 -0.2625203 -0.0352335 0.9642157
40.262420 -0.0570090 -1.3060088 17.3660908 0.0213650 -0.2612834 -0.0329795 0.9644620
40.366160 -0.0839547 -1.3075429 17.4115582 0.0212108 -0.2604100 -0.0340692 0.9646637
40.469910 -0.1111467 -1.3094074 17.4575195 0.0194779 -0.2597144 -0.0354310 0.9648387
40.781040 -0.1920520 -1.3145902 17.5950985 0.0152636 -0.2610173 -0.0338043 0.9646213
40.884790 -0.2193629 -1.3160998 17.6408901 0.0149770 -0.2629413 -0.0333859 0.9641177
41.092170 -0.2751264 -1.3190103 17.7321968 0.0149567 -0.2672198 -0.0338462 0.9629248
41.195790 -0.3037559 -1.3205400 17.7774868 0.0151582 -0.2689921 -0.0358391 0.9623560
41.403160 -0.3607838 -1.3232489 17.8697071 0.0175525 -0.2740343 -0.0333484 0.9609812
41.610540 -0.4190860 -1.3269484 17.9608231 0.0199945 -0.2806613 -0.0310133 0.9590973
41.817920 -0.4809798 -1.3303193 18.0524750 0.0167723 -0.2886270 -0.0338620 0.9566956
42.025300 -0.5456111 -1.3331760 18.1440220 0.0112125 -0.2960725 -0.0394370 0.9542851
42.128920 -0.5783475 -1.3341337 18.1894512 0.0096729 -0.2999458 -0.0403906 0.9530517
42.232670 -0.6111891 -1.3348938 18.2344818 0.0112706 -0.3043377 -0.0401604 0.9516505
42.336290 -0.6442761 -1.3354915 18.2795906 0.0146648 -0.3087464 -0.0385797 0.9502485
42.543790 -0.7116010 -1.3388454 18.3692074 0.0205138 -0.3175574 -0.0339252 0.9474099
42.647420 -0.7460320 -1.3405761 18.4136753 0.0216619 -0.3216544 -0.0303586 0.9461224
42.751180 -0.7809460 -1.3422824 18.4584923 0.0197122 -0.3255875 -0.0268159 0.9449260
42.854790 -0.8166910 -1.3438866 18.5035820 0.0165959 -0.3301012 -0.0258983 0.9434443
43.062290 -0.8896286 -1.3470834 18.5928726 0.0098748 -0.3387143 -0.0251427 0.9405015
43.166060 -0.9273532 -1.3479973 18.6366863 0.0088964 -0.3422953 -0.0260410 0.9391894
43.269790 -0.9657220 -1.3488561 18.6803722 0.0095135 -0.3461253 -0.0285805 0.9377046
43.373560 -1.0046939 -1.3496907 18.7237186 0.0090794 -0.3494297 -0.0310775 0.9364030
43.477330 -1.0430112 -1.3502593 18.7677135 0.0075395 -0.3523864 -0.0304309 0.9353293
43.581040 -1.0821320 -1.3510473 18.8112888 0.0080535 -0.3548349 -0.0304665 0.9343977
43.684940 -1.1210152 -1.3517261 18.8543129 0.0099760 -0.3575714 -0.0287875 0.9333887
43.788690 -1.1604342 -1.3525593 18.8973598 0.0114744 -0.3607129 -0.0276273 0.9321970
43.892430 -1.2003398 -1.3533101 18.9408398 0.0112912 -0.3632835 -0.0275716 0.9312021
44.099960 -1.2823545 -1.3554333 19.0268021 0.0072197 -0.3679935 -0.0317628 0.9292576
44.203560 -1.3237379 -1.3556627 19.0693893 0.0081000 -0.3704694 -0.0318033 0.9282647
44.307300 -1.3652250 -1.3561525 19.1115227 0.0105079 -0.3729686 -0.0322213 0.9272248
44.411040 -1.4066163 -1.3570576 19.1534958 0.0127852 -0.3756711 -0.0307137 0.9261557
44.514790 -1.4479908 -1.3581041 19.1961555 0.0119998 -0.3785048 -0.0282421 0.9250906
44.618540 -1.4897915 -1.3592708 19.2382698 0.0104719 -0.3810219 -0.0261676 0.9241363
44.722330 -1.5313892 -1.3602676 19.2803860 0.0092503 -0.3839823 -0.0236337 0.9229916
44.826160 -1.5737361 -1.3611121 19.3217373 0.0087617 -0.3871346 -0.0216777 0.9217267
44.929790 -1.6160916 -1.3620355 19.3632450 0.0068242 -0.3898755 -0.0184409 0.9206576
45.033540 -1.6590694 -1.3629330 19.4040375 0.0059833 -0.3925368 -0.0200402 0.9194984
45.137340 -1.7022105 -1.3637570 19.4441090 0.0058206 -0.3944028 -0.0201771 0.9186977
45.241040 -1.7448112 -1.3645254 19.4842682 0.0067656 -0.3973410 -0.0196032 0.9174367
45.344810 -1.7881659 -1.3654119 19.5235920 0.0073446 -0.3995686 -0.0211718 0.9164293
45.448540 -1.8307387 -1.3662038 19.5630169 0.0062623 -0.4021093 -0.0184037 0.9153853
45.552290 -1.8741068 -1.3672043 19.6019402 0.0052798 -0.4048212 -0.0199083 0.9141638
45.656170 -1.9172803 -1.3678315 19.6408043 0.0063522 -0.4072191 -0.0186104 0.9131188
45.759920 -1.9606216 -1.3685193 19.6795502 0.0049874 -0.4097929 -0.0171558 0.9120036
45.863670 -2.0041690 -1.3691115 19.7173367 0.0047567 -0.4118595 -0.0198225 0.9110193
45.967420 -2.0482471 -1.3698019 19.7548981 0.0041916 -0.4134052 -0.0227664 0.9102529
46.071290 -2.0923464 -1.3699858 19.7926750 0.0038962 -0.4150971 -0.0233249 0.9094697
46.175050 -2.1360326 -1.3700984 19.8308582 0.0008422 -0.4164247 -0.0236064 0.9088633
46.278790 -2.1800871 -1.3706193 19.8680763 0.0014318 -0.4176013 -0.0248783 0.9082886
46.382670 -2.2240217 -1.3708787 19.9050064 0.0035392 -0.4185225 -0.0236522 0.9078915
46.486540 -2.2678597 -1.3710426 19.9423923 0.0069539 -0.4190266 -0.0209328 0.9077060
46.590420 -2.3115165 -1.3716387 19.9793949 0.0066735 -0.4186980 -0.0208939 0.9078606
46.694170 -2.3557839 -1.3723254 20.0167141 0.0057737 -0.4180656 -0.0216703 0.9081400
46.798050 -2.3997879 -1.3726585 20.0543938 0.0035756 -0.4172331 -0.0229506 0.9085026
46.901920 -2.4436274 -1.3729321 20.0920715 0.0030397 -0.4155800 -0.0232076 0.9092554
47.005800 -2.4872763 -1.3729376 20.1302414 0.0034564 -0.4132878 -0.0234563 0.9102917
47.109670 -2.5313914 -1.3736573 20.1680775 0.0064403 -0.4102409 -0.0246668 0.9116208
47.213560 -2.5745637 -1.3740308 20.2065468 0.0086363 -0.4069346 -0.0245743 0.9130858
47.317420 -2.6179321 -1.3746011 20.2458839 0.0097809 -0.4036218 -0.0237773 0.9145646
47.525050 -2.7045231 -1.3764271 20.3259487 0.0095298 -0.3959049 -0.0237310 0.9179354
47.628800 -2.7478898 -1.3775411 20.3668194 0.0082343 -0.3921579 -0.0259378 0.9194953
47.836440 -2.8344324 -1.3787041 20.4500809 0.0032317 -0.3832944 -0.0308151 0.9231064
48.043920 -2.9180164 -1.3792948 20.5350838 0.0089786 -0.3760971 -0.0300366 0.9260498
48.147690 -2.9595490 -1.3797630 20.5783520 0.0113134 -0.3727499 -0.0281764 0.9274350
48.355050 -3.0422285 -1.3817246 20.6659946 0.0092376 -0.3662626 -0.0273571 0.9300634
48.458800 -3.0835876 -1.3826957 20.7107067 0.0086452 -0.3632404 -0.0276905 0.9312438
48.562550 -3.1240940 -1.3833863 20.7555389 0.0079837 -0.3607336 -0.0273236 0.9322344
48.666190 -3.1650867 -1.3842275 20.8001900 0.0075078 -0.3579200 -0.0286661 0.9332820
48.769940 -3.2061250 -1.3846738 20.8456688 0.0076578 -0.3553633 -0.0301425 0.9342108
48.873550 -3.2467532 -1.3854519 20.8911610 0.0079285 -0.3529186 -0.0312531 0.9350983
48.977300 -3.2879736 -1.3862866 20.9375496 0.0082115 -0.3507851 -0.0321695 0.9358672
49.080930 -3.3285604 -1.3869672 20.9837494 0.0090372 -0.3486213 -0.0330231 0.9366381
49.184670 -3.3694832 -1.3875824 21.0303917 0.0094884 -0.3463817 -0.0337158 0.9374396
49.288320 -3.4098439 -1.3884844 21.0777550 0.0091953 -0.3445840 -0.0327973 0.9381374
49.392050 -3.4506621 -1.3890254 21.1252918 0.0090561 -0.3427471 -0.0332532 0.9387953
49.495800 -3.4900727 -1.3898089 21.1726875 0.0086726 -0.3410328 -0.0329774 0.9394327
49.599420 -3.5304987 -1.3902286 21.2200737 0.0086532 -0.3392345 -0.0345058 0.9400290
49.703170 -3.5705934 -1.3910037 21.2676735 0.0083709 -0.3370443 -0.0355092 0.9407817
49.806800 -3.6102390 -1.3918431 21.3148384 0.0089816 -0.3351505 -0.0362416 0.9414244
49.910550 -3.6497204 -1.3928239 21.3633862 0.0102460 -0.3334972 -0.0356833 0.9420198
50.014170 -3.6883996 -1.3934635 21.4112225 0.0100497 -0.3324406 -0.0349905 0.9424213
50.117990 -3.7276614 -1.3940690 21.4594212 0.0071355 -0.3315612 -0.0338905 0.9427978
50.221580 -3.7664557 -1.3946867 21.5083752 0.0025018 -0.3313821 -0.0333911 0.9429023
50.325300 -3.8054755 -1.3948028 21.5572243 -0.0002952 -0.3310317 -0.0332518 0.9430335
50.428990 -3.8443451 -1.3949233 21.6054916 0.0003565 -0.3306159 -0.0323017 0.9432124
50.532690 -3.8833010 -1.3950886 21.6533451 0.0032340 -0.3300472 -0.0304329 0.9434682
50.636450 -3.9214411 -1.3954779 21.7014751 0.0063202 -0.3299053 -0.0282708 0.9435695
50.740210 -3.9595501 -1.3963662 21.7495480 0.0069166 -0.3295118 -0.0266084 0.9437511
50.843990 -3.9974375 -1.3973415 21.7971897 0.0054195 -0.3290317 -0.0257681 0.9439517
50.947600 -4.0365124 -1.3979820 21.8462791 0.0030373 -0.3283559 -0.0250935 0.9442158
51.051200 -4.0730319 -1.3985480 21.8940086 0.0003063 -0.3283638 -0.0230458 0.9442701
51.154950 -4.1120582 -1.3995012 21.9425869 -0.0015703 -0.3278716 -0.0236136 0.9444258
51.258560 -4.1505671 -1.3989193 21.9903927 -0.0019658 -0.3276407 -0.0225416 0.9445314
51.362310 -4.1875877 -1.3995746 22.0376816 -0.0009369 -0.3277635 -0.0216860 0.9445104
51.465930 -4.2257228 -1.3999426 22.0860348 -0.0001485 -0.3281417 -0.0205872 0.9444041
51.569680 -4.2640691 -1.3997052 22.1339111 -0.0001772 -0.3280963 -0.0205476 0.9444208
51.673320 -4.3021011 -1.4000078 22.1819115 -0.0020477 -0.3278122 -0.0202500 0.9445236
51.776930 -4.3408895 -1.4004298 22.2300930 -0.0027774 -0.3272573 -0.0199624 0.9447203
51.880670 -4.3790336 -1.4002138 22.2781353 -0.0017476 -0.3269556 -0.0191132 0.9448448
51.984300 -4.4174485 -1.4003894 22.3262939 -0.0012117 -0.3264677 -0.0185384 0.9450257
52.088050 -4.4554019 -1.4004561 22.3744392 -0.0016527 -0.3262154 -0.0178042 0.9451264
52.191670 -4.4933629 -1.4009687 22.4226627 -0.0029204 -0.3261584 -0.0179365 0.9451404
52.295430 -4.5311074 -1.4011036 22.4709415 -0.0040062 -0.3264185 -0.0166455 0.9450703
52.399170 -4.5685272 -1.4010575 22.5190010 -0.0052417 -0.3267590 -0.0148206 0.9449770
52.502930 -4.6063251 -1.4011723 22.5671215 -0.0068114 -0.3268655 -0.0124432 0.9449644
52.606680 -4.6435881 -1.4011651 22.6151390 -0.0088218 -0.3273112 -0.0097339 0.9448252
52.710430 -4.6805840 -1.4011550 22.6628799 -0.0102384 -0.3276568 -0.0064766 0.9447191
52.814180 -4.7175903 -1.4009693 22.7101746 -0.0117979 -0.3283830 -0.0057257 0.9444536
52.917930 -4.7547874 -1.4006269 22.7571983 -0.0128208 -0.3289273 -0.0042804 0.9442585
53.021680 -4.7915883 -1.4003197 22.8031807 -0.0141531 -0.3295040 -0.0043451 0.9440381
53.125430 -4.8278713 -1.3999871 22.8485985 -0.0142754 -0.3302177 -0.0042620 0.9437872
53.229180 -4.8638706 -1.3993540 22.8935986 -0.0147561 -0.3310171 -0.0035757 0.9435026
53.332930 -4.8996272 -1.3986949 22.9383221 -0.0152321 -0.3318817 -0.0028901 0.9431936
53.436550 -4.9348769 -1.3984070 22.9821014 -0.0166088 -0.3326332 -0.0034278 0.9429038
53.540300 -4.9698253 -1.3976955 23.0250416 -0.0184818 -0.3330320 -0.0051450 0.9427204
53.644050 -5.0045261 -1.3966666 23.0674839 -0.0208516 -0.3330685 -0.0081351 0.9426370
53.747800 -5.0388932 -1.3956671 23.1088352 -0.0227019 -0.3325875 -0.0124643 0.9427167
53.851550 -5.0723357 -1.3942907 23.1489697 -0.0228621 -0.3322130 -0.0161777 0.9427885
53.955300 -5.1049380 -1.3929951 23.1882114 -0.0227540 -0.3318342 -0.0192524 0.9428667
54.059050 -5.1369123 -1.3913889 23.2270775 -0.0216978 -0.3315040 -0.0225514 0.9429346
54.162800 -5.1679487 -1.3898050 23.2649689 -0.0207633 -0.3309704 -0.0240766 0.9431054
54.266550 -5.1985507 -1.3884162 23.3021069 -0.0196892 -0.3303384 -0.0243909 0.9433419
54.370180 -5.2279296 -1.3869462 23.3391819 -0.0188073 -0.3302742 -0.0241005 0.9433898
54.473930 -5.2572746 -1.3857679 23.3758144 -0.0190672 -0.3298540 -0.0236463 0.9435431
54.577570 -5.2860117 -1.3845078 23.4117813 -0.0186552 -0.3296204 -0.0240682 0.9436224
54.681310 -5.3144636 -1.3833773 23.4475403 -0.0184639 -0.3286661 -0.0242331 0.9439547
54.785060 -5.3422275 -1.3821515 23.4826488 -0.0186924 -0.3268597 -0.0249188 0.9445593
54.888800 -5.3695669 -1.3807390 23.5173130 -0.0186783 -0.3240460 -0.0269322 0.9454734
54.992680 -5.3959169 -1.3796149 23.5514507 -0.0191712 -0.3206086 -0.0274619 0.9466195
55.096430 -5.4218221 -1.3784575 23.5851822 -0.0181481 -0.3172930 -0.0287818 0.9477170
55.200180 -5.4469862 -1.3776060 23.6187572 -0.0152786 -0.3138120 -0.0288688 0.9489232
55.304050 -5.4718161 -1.3765793 23.6519699 -0.0119978 -0.3097651 -0.0294886 0.9502800
55.407810 -5.4958334 -1.3754278 23.6862450 -0.0103316 -0.3051577 -0.0295301 0.9517878
55.511680 -5.5201693 -1.3743896 23.7211037 -0.0108222 -0.2992901 -0.0307239 0.9536060
55.615430 -5.5447974 -1.3732259 23.7567673 -0.0138337 -0.2932991 -0.0330484 0.9553492
55.719180 -5.5684752 -1.3722998 23.7925777 -0.0163660 -0.2877093 -0.0341089 0.9569703
55.822930 -5.5916171 -1.3709253 23.8292732 -0.0183604 -0.2822739 -0.0342695 0.9585457
55.926680 -5.6142035 -1.3696591 23.8662205 -0.0192571 -0.2770143 -0.0337078 0.9600813
56.030430 -5.6369405 -1.3681667 23.9033947 -0.0188382 -0.2718187 -0.0322708 0.9616228
56.134050 -5.6590486 -1.3670092 23.9410896 -0.0172999 -0.2678095 -0.0294155 0.9628674
56.237800 -5.6809440 -1.3656671 23.9792633 -0.0157403 -0.2643292 -0.0255504 0.9639655
56.445350 -5.7248812 -1.3629305 24.0573654 -0.0186874 -0.2588311 -0.0199667 0.9655354
56.549070 -5.7476797 -1.3610772 24.0979061 -0.0261160 -0.2561264 -0.0201850 0.9660796
56.652940 -5.7704530 -1.3587791 24.1383247 -0.0336246 -0.2538145 -0.0231706 0.9663906
56.756680 -5.7936702 -1.3562487 24.1791325 -0.0402537 -0.2508258 -0.0261372 0.9668417
56.860440 -5.8159394 -1.3533245 24.2200642 -0.0417243 -0.2479375 -0.0261312 0.9675243
56.964280 -5.8380418 -1.3498977 24.2607098 -0.0408188 -0.2451984 -0.0268542 0.9682409
57.068060 -5.8602233 -1.3464382 24.3022003 -0.0402573 -0.2420089 -0.0262526 0.9690830
57.171890 -5.8819289 -1.3429861 24.3443813 -0.0428375 -0.2390053 -0.0245463 0.9697623
57.275560 -5.9035859 -1.3395561 24.3868713 -0.0460156 -0.2357590 -0.0237850 0.9704301
57.379330 -5.9246984 -1.3359407 24.4293003 -0.0485402 -0.2324662 -0.0217939 0.9711480
57.483060 -5.9455509 -1.3320715 24.4717541 -0.0495355 -0.2297893 -0.0202420 0.9717682
57.586810 -5.9660130 -1.3284134 24.5137691 -0.0489925 -0.2266957 -0.0192527 0.9725421
57.690560 -5.9859548 -1.3244720 24.5557995 -0.0486574 -0.2238328 -0.0187023 0.9732325
57.898200 -6.0251470 -1.3171828 24.6389332 -0.0488222 -0.2163977 -0.0197693 0.9748834
58.001930 -6.0436521 -1.3136064 24.6799583 -0.0487834 -0.2115934 -0.0191891 0.9759509
58.105810 -6.0615482 -1.3099786 24.7212143 -0.0487466 -0.2063211 -0.0181523 0.9771007
58.209680 -6.0787816 -1.3065236 24.7621670 -0.0491853 -0.2008960 -0.0177614 0.9782158
58.313440 -6.0952926 -1.3030392 24.8024406 -0.0499999 -0.1957440 -0.0181437 0.9792114
58.417310 -6.1109338 -1.2999761 24.8423328 -0.0493464 -0.1905469 -0.0164463 0.9802991
58.521060 -6.1258931 -1.2969531 24.8818893 -0.0467994 -0.1853862 -0.0158862 0.9814221
58.624930 -6.1408753 -1.2940643 24.9208870 -0.0417035 -0.1792313 -0.0176879 0.9827635
58.832680 -6.1691194 -1.2884632 25.0003204 -0.0340558 -0.1636148 -0.0209371 0.9857140
58.936580 -6.1811371 -1.2862722 25.0404606 -0.0324595 -0.1541226 -0.0190380 0.9873349
59.040430 -6.1925392 -1.2841208 25.0809689 -0.0302003 -0.1437648 -0.0169993 0.9890049
59.144310 -6.2027936 -1.2824337 25.1217251 -0.0271440 -0.1334082 -0.0139133 0.9905917
59.248190 -6.2123604 -1.2810749 25.1634064 -0.0239222 -0.1231432 -0.0108858 0.9920408
59.352060 -6.2209358 -1.2798457 25.2056580 -0.0218046 -0.1130530 -0.0065957 0.9933278
59.455810 -6.2291441 -1.2784771 25.2482433 -0.0214101 -0.1034384 -0.0045043 0.9943952
59.663310 -6.2445245 -1.2754571 25.3363686 -0.0278714 -0.0867977 -0.0050079 0.9958234
59.870680 -6.2579322 -1.2721139 25.4255085 -0.0354352 -0.0753166 -0.0035650 0.9965235
60.078080 -6.2710690 -1.2675502 25.5157871 -0.0375554 -0.0673276 -0.0071149 0.9969985
60.285560 -6.2827592 -1.2621218 25.6060009 -0.0406879 -0.0598611 -0.0108808 0.9973178
60.493060 -6.2948151 -1.2587321 25.6941872 -0.0252779 -0.0535464 -0.0201849 0.9980413
60.700580 -6.3044682 -1.2550005 25.7846966 -0.0170707 -0.0497210 -0.0225776 0.9983620
60.907960 -6.3156400 -1.2528710 25.8768806 -0.0252408 -0.0498675 -0.0277436 0.9980513
61.115330 -6.3261948 -1.2522217 25.9653587 -0.0047292 -0.0531318 -0.0300031 0.9981255
61.322690 -6.3376241 -1.2518101 26.0533466 0.0045009 -0.0583423 -0.0323083 0.9977636
61.530190 -6.3501401 -1.2537541 26.1417408 -0.0057331 -0.0606715 -0.0359424 0.9974940
61.633820 -6.3553510 -1.2544553 26.1848106 -0.0038165 -0.0621349 -0.0330123 0.9975144
61.841310 -6.3663640 -1.2557834 26.2679157 0.0043251 -0.0651806 -0.0291265 0.9974389
61.945060 -6.3719935 -1.2567903 26.3087521 0.0051708 -0.0664370 -0.0276860 0.9973930
62.048840 -6.3772140 -1.2581165 26.3494968 0.0071238 -0.0668442 -0.0255445 0.9974110
62.360060 -6.3947716 -1.2622597 26.4674854 0.0145679 -0.0649539 -0.0292562 0.9973529
62.567930 -6.4047332 -1.2660654 26.5443459 0.0166251 -0.0551404 -0.0335730 0.9977755
62.775810 -6.4108176 -1.2700108 26.6193371 0.0185128 -0.0374476 -0.0328689 0.9985863
63.607060 -6.4074907 -1.2872790 26.8760262 0.0213509 0.0347459 -0.0248596 0.9988587
63.814680 -6.4010081 -1.2921209 26.9248829 0.0315917 0.0498699 -0.0182729 0.9980887
64.437070 -6.3826447 -1.3035395 27.0439396 0.0411444 0.0766391 -0.0080149 0.9961774
65.059060 -6.3698831 -1.3121457 27.1253490 0.0387402 0.0876361 -0.0127020 0.9953179
65.473690 -6.3637919 -1.3161696 27.1610584 0.0417979 0.0855951 -0.0096494 0.9954061
66.718090 -6.3523798 -1.3275802 27.2844410 0.0376987 0.0481745 -0.0150988 0.9980131
68.169320 -6.3751321 -1.3486232 27.5274582 0.0377889 -0.0956328 -0.0142664 0.9945968
68.273070 -6.3810916 -1.3502874 27.5492134 0.0376847 -0.1087462 -0.0149458 0.9932426
68.376700 -6.3881583 -1.3522854 27.5714684 0.0374785 -0.1216978 -0.0160842 0.9917290
69.102840 -6.4583020 -1.3671594 27.7535763 0.0360888 -0.1956711 -0.0150553 0.9798897
69.206570 -6.4717050 -1.3694115 27.7825603 0.0355026 -0.2047471 -0.0135793 0.9780766
69.310320 -6.4861593 -1.3718165 27.8124847 0.0350825 -0.2139385 -0.0116744 0.9761471
69.621440 -6.5353961 -1.3795410 27.9061584 0.0353107 -0.2397680 -0.0105666 0.9701303
70.036720 -6.6153197 -1.3901987 28.0414658 0.0327523 -0.2627554 -0.0137999 0.9642077
70.140570 -6.6371179 -1.3930939 28.0771961 0.0317590 -0.2661499 -0.0145511 0.9632984
70.451940 -6.7068992 -1.4011344 28.1895733 0.0314514 -0.2725522 -0.0163957 0.9614870
70.555820 -6.7315855 -1.4038882 28.2281876 0.0319420 -0.2738860 -0.0166620 0.9610872
70.659570 -6.7566094 -1.4066628 28.2680225 0.0320826 -0.2753547 -0.0160164 0.9606737
71.074690 -6.8623362 -1.4192288 28.4336262 0.0343789 -0.2810585 -0.0134524 0.9589803
71.178440 -6.8897128 -1.4229156 28.4759617 0.0343358 -0.2823729 -0.0120647 0.9586141
71.282190 -6.9178138 -1.4266385 28.5192795 0.0342972 -0.2833484 -0.0110481 0.9583399
71.489570 -6.9753451 -1.4341487 28.6069660 0.0357352 -0.2852121 -0.0104071 0.9577415
71.593330 -7.0043898 -1.4381922 28.6512432 0.0370045 -0.2858523 -0.0095723 0.9575111
71.800950 -7.0657172 -1.4461662 28.7419815 0.0380877 -0.2859661 -0.0106756 0.9574230
72.008470 -7.1279664 -1.4546821 28.8356743 0.0355482 -0.2862798 -0.0114649 0.9574178
72.215950 -7.1912556 -1.4628526 28.9318790 0.0358110 -0.2871277 -0.0087941 0.9571823
72.319700 -7.2229314 -1.4671096 28.9810772 0.0358173 -0.2877985 -0.0075092 0.9569915
72.423450 -7.2556586 -1.4712408 29.0299931 0.0354241 -0.2882248 -0.0067051 0.9568838
72.527200 -7.2886491 -1.4758123 29.0795517 0.0350663 -0.2887029 -0.0057926 0.9567588
72.630950 -7.3223996 -1.4805688 29.1298084 0.0347859 -0.2890686 -0.0056970 0.9566592
72.734700 -7.3560543 -1.4849573 29.1797352 0.0352596 -0.2894579 -0.0059299 0.9565227
72.838470 -7.3904667 -1.4897588 29.2300262 0.0359743 -0.2896436 -0.0061936 0.9564382
72.942200 -7.4250569 -1.4943538 29.2813129 0.0358901 -0.2899669 -0.0068207 0.9563392
73.045950 -7.4598403 -1.4988812 29.3335934 0.0353764 -0.2898833 -0.0068367 0.9563835
73.149700 -7.4952946 -1.5033761 29.3851528 0.0358191 -0.2892802 -0.0092749 0.9565291
73.253450 -7.5311022 -1.5083152 29.4379044 0.0369315 -0.2879223 -0.0103081 0.9568859
73.357220 -7.5666466 -1.5130001 29.4907570 0.0387988 -0.2857504 -0.0113247 0.9574513
73.461070 -7.6020017 -1.5182308 29.5439053 0.0405220 -0.2819782 -0.0133673 0.9584715
73.564950 -7.6369553 -1.5233886 29.5976391 0.0425191 -0.2769946 -0.0156332 0.9598030
73.668820 -7.6710086 -1.5292374 29.6519222 0.0438961 -0.2705508 -0.0176192 0.9615430
73.772700 -7.7047815 -1.5347105 29.7070332 0.0446275 -0.2628722 -0.0190499 0.9636097
73.876700 -7.7378707 -1.5407002 29.7633076 0.0438761 -0.2546922 -0.0201082 0.9658170
73.980600 -7.7694006 -1.5462698 29.8198700 0.0424492 -0.2462910 -0.0215234 0.9680266
74.084450 -7.8004003 -1.5524261 29.8770599 0.0422728 -0.2374012 -0.0224010 0.9702329
74.188450 -7.8300295 -1.5580916 29.9347897 0.0438480 -0.2281970 -0.0219844 0.9723786
74.292330 -7.8583927 -1.5641444 29.9928932 0.0459873 -0.2187604 -0.0224404 0.9744360
74.396200 -7.8854828 -1.5704695 30.0522690 0.0467878 -0.2087141 -0.0223782 0.9766005
74.603820 -7.9364190 -1.5830640 30.1729069 0.0451193 -0.1861338 -0.0217216 0.9812475
74.707830 -7.9596624 -1.5894386 30.2338066 0.0472619 -0.1737273 -0.0219738 0.9834136
74.811700 -7.9816165 -1.5962044 30.2951164 0.0507677 -0.1605526 -0.0225278 0.9854633
74.915450 -8.0010242 -1.6033081 30.3567753 0.0533636 -0.1470926 -0.0226058 0.9874235
75.019330 -8.0193720 -1.6110580 30.4195213 0.0561433 -0.1325667 -0.0251321 0.9892635
75.123330 -8.0357847 -1.6188216 30.4828625 0.0580148 -0.1171084 -0.0226103 0.9911653
75.227100 -8.0505342 -1.6268222 30.5468426 0.0597347 -0.1018366 -0.0245137 0.9927034
75.330950 -8.0626841 -1.6359649 30.6107693 0.0613466 -0.0873754 -0.0228303 0.9940226
75.434820 -8.0732002 -1.6447295 30.6754036 0.0643419 -0.0734032 -0.0210180 0.9950027
75.538570 -8.0818167 -1.6543560 30.7403030 0.0661307 -0.0602790 -0.0188188 0.9958107
75.642200 -8.0883465 -1.6637014 30.8048649 0.0667664 -0.0484808 -0.0170852 0.9964436
75.745950 -8.0936689 -1.6734136 30.8696442 0.0669749 -0.0372382 -0.0161513 0.9969287
75.953320 -8.1007347 -1.6929921 31.0008106 0.0697991 -0.0149985 -0.0164073 0.9973134
76.056950 -8.1017027 -1.7030938 31.0668869 0.0702855 -0.0046092 -0.0150901 0.9974021
76.160580 -8.1012650 -1.7133266 31.1337242 0.0686870 0.0042151 -0.0127285 0.9975482
76.264200 -8.0992260 -1.7237197 31.2008743 0.0678977 0.0104678 -0.0100851 0.9975864
76.367700 -8.0969563 -1.7338066 31.2674179 0.0694357 0.0146885 -0.0064852 0.9974572
76.574950 -8.0926094 -1.7547188 31.4024677 0.0712519 0.0201849 -0.0052542 0.9972402
76.678580 -8.0898619 -1.7653275 31.4696579 0.0712440 0.0219182 -0.0060435 0.9971998
76.885860 -8.0839186 -1.7870011 31.6048279 0.0738031 0.0253239 -0.0054349 0.9969364
76.989560 -8.0804214 -1.7977102 31.6737995 0.0751886 0.0270144 -0.0042606 0.9967942
77.093250 -8.0763617 -1.8089045 31.7436752 0.0750164 0.0284168 -0.0040032 0.9967693
77.196950 -8.0725355 -1.8200030 31.8137684 0.0733377 0.0299190 -0.0041308 0.9968497
77.300580 -8.0686922 -1.8309025 31.8848934 0.0714067 0.0310475 -0.0045133 0.9969537
77.507830 -8.0597544 -1.8535005 32.0281029 0.0742013 0.0318749 -0.0059005 0.9967163
77.611580 -8.0550880 -1.8653990 32.1000633 0.0757257 0.0316712 -0.0056267 0.9966097
77.715200 -8.0497103 -1.8772219 32.1732368 0.0755840 0.0311431 -0.0047241 0.9966418
77.818950 -8.0456524 -1.8893974 32.2463913 0.0756384 0.0311474 -0.0052852 0.9966347
77.922710 -8.0416069 -1.9013617 32.3202133 0.0757070 0.0314933 -0.0066358 0.9966106
78.026330 -8.0377350 -1.9133792 32.3942719 0.0763594 0.0319139 -0.0075358 0.9965410
78.233830 -8.0288572 -1.9378810 32.5434723 0.0751066 0.0344740 -0.0081266 0.9965463
78.337450 -8.0239220 -1.9499013 32.6181335 0.0753156 0.0355915 -0.0076533 0.9964949
78.441200 -8.0185728 -1.9621454 32.6938820 0.0760488 0.0367798 -0.0072376 0.9963992
78.544830 -8.0133982 -1.9745044 32.7697182 0.0754319 0.0383766 -0.0079806 0.9963802
78.648580 -8.0074711 -1.9868118 32.8462830 0.0755041 0.0401059 -0.0075087 0.9963104
78.752330 -8.0012579 -1.9992976 32.9233704 0.0749149 0.0417918 -0.0085854 0.9962768
78.855950 -7.9947968 -2.0115860 33.0008507 0.0745326 0.0435523 -0.0083021 0.9962325
78.959710 -7.9886904 -2.0241711 33.0782585 0.0743554 0.0453736 -0.0092783 0.9961558
79.063330 -7.9819102 -2.0367136 33.1564369 0.0748216 0.0469313 -0.0093671 0.9960479
79.167080 -7.9747405 -2.0496130 33.2349319 0.0749401 0.0482993 -0.0092583 0.9959746
79.270830 -7.9676251 -2.0624225 33.3138924 0.0749780 0.0498661 -0.0090079 0.9958968
79.374460 -7.9601912 -2.0753767 33.3932838 0.0756771 0.0512804 -0.0087730 0.9957742
79.478210 -7.9518533 -2.0886006 33.4734573 0.0758853 0.0525628 -0.0086724 0.9956924
79.581950 -7.9435401 -2.1017911 33.5534821 0.0757947 0.0541043 -0.0087833 0.9956158
79.685700 -7.9349070 -2.1151061 33.6341209 0.0754840 0.0558674 -0.0090963 0.9955392
79.789450 -7.9260921 -2.1288061 33.7151947 0.0753748 0.0579183 -0.0085765 0.9954348
79.893210 -7.9165983 -2.1417398 33.7965775 0.0754132 0.0599907 -0.0086285 0.9953088
79.996970 -7.9062223 -2.1553288 33.8780022 0.0757337 0.0615250 -0.0080158 0.9951959
80.100580 -7.8961926 -2.1689203 33.9598045 0.0760241 0.0627565 -0.0078098 0.9950985
80.204330 -7.8857894 -2.1826193 34.0427780 0.0763809 0.0638653 -0.0075086 0.9950029
80.307980 -7.8755226 -2.1963181 34.1264114 0.0764818 0.0650514 -0.0074525 0.9949188
80.411710 -7.8643250 -2.2102628 34.2097740 0.0764899 0.0655971 -0.0072955 0.9948835
80.515330 -7.8538752 -2.2243154 34.2937813 0.0763891 0.0664679 -0.0070389 0.9948353
80.619080 -7.8430862 -2.2384694 34.3779068 0.0768979 0.0672662 -0.0063925 0.9947467
80.722740 -7.8320704 -2.2529025 34.4630280 0.0768670 0.0679603 -0.0058242 0.9947054
80.826440 -7.8203454 -2.2669673 34.5484352 0.0761072 0.0683954 -0.0051859 0.9947376
80.930080 -7.8085790 -2.2810125 34.6344109 0.0764709 0.0687731 -0.0052045 0.9946836
81.033840 -7.7965889 -2.2955585 34.7201004 0.0760563 0.0691926 -0.0055744 0.9946843
81.137500 -7.7848840 -2.3097496 34.8064880 0.0751341 0.0697815 -0.0060096 0.9947107
81.241210 -7.7728853 -2.3242519 34.8935394 0.0739493 0.0703823 -0.0056532 0.9947592
81.344940 -7.7606335 -2.3382154 34.9799767 0.0742925 0.0707092 -0.0050345 0.9947138
81.448590 -7.7486868 -2.3526263 35.0665359 0.0750955 0.0708374 -0.0047718 0.9946457
81.552330 -7.7363276 -2.3669391 35.1539459 0.0754986 0.0708533 -0.0048251 0.9946138
81.656060 -7.7242713 -2.3813808 35.2415085 0.0755351 0.0709726 -0.0051552 0.9946008
81.759710 -7.7122016 -2.3960512 35.3289948 0.0753668 0.0709828 -0.0045249 0.9946159
81.863460 -7.7000899 -2.4105947 35.4158897 0.0757665 0.0707550 -0.0049662 0.9945996
81.967080 -7.6882582 -2.4251792 35.5031853 0.0769398 0.0706950 -0.0047628 0.9945148
82.070830 -7.6761160 -2.4399912 35.5902710 0.0774976 0.0701974 -0.0035496 0.9945118
82.174460 -7.6638169 -2.4550123 35.6775093 0.0772519 0.0691326 -0.0027577 0.9946081
82.278210 -7.6514640 -2.4698443 35.7653503 0.0765306 0.0679153 -0.0010942 0.9947509
82.381960 -7.6397934 -2.4848366 35.8527679 0.0758072 0.0671817 -0.0012902 0.9948559
82.485710 -7.6281352 -2.4997241 35.9395638 0.0755378 0.0665254 -0.0014392 0.9949203
82.589430 -7.6159625 -2.5145526 36.0262032 0.0752305 0.0658332 -0.0008872 0.9949902
82.693080 -7.6048274 -2.5285921 36.1132393 0.0758902 0.0654873 -0.0011188 0.9949628
82.796920 -7.5932374 -2.5431175 36.2001915 0.0759761 0.0648372 -0.0003285 0.9949993
82.900600 -7.5825763 -2.5576761 36.2862167 0.0758571 0.0646586 -0.0009825 0.9950196
83.004230 -7.5716524 -2.5725958 36.3724709 0.0758037 0.0641169 -0.0016795 0.9950578
83.107850 -7.5621815 -2.5872338 36.4589806 0.0753720 0.0644270 -0.0025829 0.9950686
83.211580 -7.5512896 -2.6017711 36.5449295 0.0746742 0.0642596 -0.0011611 0.9951347
83.315210 -7.5403957 -2.6162174 36.6311569 0.0738783 0.0637356 -0.0003595 0.9952284
83.418960 -7.5291362 -2.6305642 36.7170105 0.0735556 0.0633125 0.0031795 0.9952743
83.522590 -7.5178227 -2.6447442 36.8027420 0.0747261 0.0626131 0.0042335 0.9952275
83.626210 -7.5074010 -2.6592073 36.8892136 0.0761134 0.0626902 0.0035194 0.9951202
83.729960 -7.4963040 -2.6736903 36.9747696 0.0762823 0.0622093 0.0024748 0.9951406
83.833580 -7.4865713 -2.6881068 37.0605125 0.0753533 0.0620666 0.0009836 0.9952229
83.937350 -7.4764853 -2.7023549 37.1464081 0.0750927 0.0615992 0.0004491 0.9952720
84.040960 -7.4658051 -2.7166073 37.2322617 0.0751645 0.0609888 -0.0004230 0.9953042
84.144710 -7.4555969 -2.7306871 37.3181076 0.0754032 0.0606167 -0.0018950 0.9953072
84.248350 -7.4455299 -2.7450218 37.4037781 0.0748836 0.0601978 -0.0020177 0.9953716
84.352100 -7.4356031 -2.7592373 37.4895668 0.0741775 0.0602346 -0.0027466 0.9954205
84.455710 -7.4253416 -2.7733815 37.5750809 0.0746502 0.0602513 -0.0017064 0.9953865
84.559380 -7.4151773 -2.7875576 37.6602516 0.0750332 0.0602987 -0.0009582 0.9953558
84.662980 -7.4049754 -2.8014288 37.7453651 0.0748382 0.0600595 0.0000461 0.9953854
84.766730 -7.3949332 -2.8152599 37.8298378 0.0741670 0.0594805 0.0008591 0.9954700
84.870340 -7.3852386 -2.8293200 37.9138565 0.0749638 0.0587003 0.0010183 0.9954565
84.973960 -7.3758187 -2.8433926 37.9975204 0.0768754 0.0579484 -0.0001153 0.9953553
85.077720 -7.3664575 -2.8578908 38.0810661 0.0762360 0.0574318 -0.0017606 0.9954329
85.181330 -7.3576837 -2.8721111 38.1644821 0.0754323 0.0568221 -0.0037092 0.9955237
85.285090 -7.3490677 -2.8862965 38.2469025 0.0741521 0.0564452 -0.0038229 0.9956409
85.388710 -7.3402028 -2.9000776 38.3292923 0.0729595 0.0563299 -0.0031797 0.9957378
85.492460 -7.3309278 -2.9140193 38.4112663 0.0722850 0.0561338 -0.0019708 0.9958012
85.596110 -7.3217149 -2.9278340 38.4922981 0.0723400 0.0559284 -0.0020502 0.9958086
85.699750 -7.3126097 -2.9410605 38.5737038 0.0729405 0.0563239 -0.0019940 0.9957426
85.803450 -7.3037720 -2.9543695 38.6544571 0.0726714 0.0566979 -0.0021279 0.9957408
85.907110 -7.2956672 -2.9677501 38.7340584 0.0724378 0.0573373 -0.0026899 0.9957199
86.010840 -7.2871723 -2.9808576 38.8135490 0.0723495 0.0578379 -0.0034728 0.9956949
86.114460 -7.2781687 -2.9938965 38.8909683 0.0716563 0.0581367 -0.0033776 0.9957279
86.218210 -7.2694497 -3.0064664 38.9678040 0.0702278 0.0585287 -0.0038099 0.9958052
86.321830 -7.2615695 -3.0187144 39.0419540 0.0687012 0.0592304 -0.0039338 0.9958697
86.425590 -7.2525873 -3.0307174 39.1149025 0.0693901 0.0592746 -0.0037804 0.9958199
86.529210 -7.2445354 -3.0424359 39.1862564 0.0719257 0.0595309 -0.0029238 0.9956275
86.632980 -7.2368131 -3.0541093 39.2556648 0.0722920 0.0598165 -0.0031451 0.9955832
86.736730 -7.2289305 -3.0658004 39.3234100 0.0711250 0.0595634 -0.0024290 0.9956844
86.840340 -7.2211556 -3.0769608 39.3893585 0.0699200 0.0586701 -0.0022182 0.9958233
86.944090 -7.2145348 -3.0876260 39.4531975 0.0696624 0.0580458 -0.0028161 0.9958764
87.047710 -7.2077017 -3.0982029 39.5160446 0.0689433 0.0570595 -0.0034794 0.9959814
87.151360 -7.2009873 -3.1079710 39.5763855 0.0676857 0.0557210 -0.0028350 0.9961454
87.254960 -7.1948938 -3.1172631 39.6347694 0.0658119 0.0547725 -0.0030319 0.9963230
87.358710 -7.1893930 -3.1262398 39.6902122 0.0650242 0.0542644 -0.0040666 0.9963989
87.462460 -7.1836562 -3.1350715 39.7441368 0.0656411 0.0539280 -0.0035430 0.9963787
87.566210 -7.1782222 -3.1431305 39.7953949 0.0667654 0.0535678 -0.0033741 0.9963240
87.877340 -7.1639752 -3.1660841 39.9337578 0.0668014 0.0549213 -0.0064230 0.9962329
87.981210 -7.1594501 -3.1726961 39.9752350 0.0669528 0.0596573 -0.0083489 0.9959360
88.293330 -7.1419868 -3.1911767 40.0864182 0.0683757 0.0945508 -0.0120718 0.9930958
88.710100 -7.1000957 -3.2141974 40.2156296 0.0705616 0.1775601 -0.0069387 0.9815525
88.918590 -7.0705075 -3.2245824 40.2744484 0.0685774 0.2310027 -0.0049625 0.9705206
89.022840 -7.0533190 -3.2295344 40.3012428 0.0689530 0.2600739 -0.0037884 0.9631162
89.751840 -6.8977814 -3.2597723 40.4384918 0.0761912 0.4701382 0.0080129 0.8792615
90.063710 -6.8138909 -3.2714775 40.4729805 0.0791926 0.5530705 0.0160324 0.8292072
90.271490 -6.7532558 -3.2781296 40.4876671 0.0836268 0.6068422 0.0134026 0.7902971
90.583090 -6.6541724 -3.2884760 40.4946060 0.0817534 0.6819567 0.0167101 0.7266170
90.998490 -6.5138369 -3.3001003 40.4717445 0.0851834 0.7737493 0.0142444 0.6275771
91.205840 -6.4409275 -3.3053269 40.4449883 0.0858208 0.8122660 0.0155518 0.5767295
91.309470 -6.4043655 -3.3082995 40.4282341 0.0854397 0.8290642 0.0161939 0.5523497
91.723710 -6.2561445 -3.3173807 40.3384895 0.0875237 0.8765278 0.0162185 0.4730492
91.930590 -6.1806374 -3.3221273 40.2823906 0.0850233 0.8896984 0.0198773 0.4481211
92.137720 -6.1046691 -3.3262784 40.2217712 0.0780591 0.8994352 0.0208519 0.4295210
92.241220 -6.0666041 -3.3276794 40.1895370 0.0758260 0.9037294 0.0216647 0.4207781
92.448600 -5.9898343 -3.3307037 40.1223450 0.0669685 0.9127767 0.0221922 0.4023200
92.552220 -5.9514995 -3.3318260 40.0871353 0.0615412 0.9173583 0.0221922 0.3926500
92.655970 -5.9144483 -3.3322954 40.0501671 0.0582179 0.9217651 0.0240830 0.3825960
92.759720 -5.8776078 -3.3330076 40.0125580 0.0519561 0.9265125 0.0256728 0.3717743
92.863470 -5.8414326 -3.3330636 39.9735603 0.0458789 0.9312025 0.0271330 0.3605840
92.967220 -5.8059764 -3.3328631 39.9335632 0.0412287 0.9358824 0.0272552 0.3488287
93.070970 -5.7718120 -3.3321640 39.8921394 0.0397815 0.9404852 0.0284566 0.3362965
93.174720 -5.7387352 -3.3309138 39.8495712 0.0389280 0.9449396 0.0297148 0.3235598
93.278470 -5.7068243 -3.3295379 39.8058815 0.0376896 0.9491661 0.0323880 0.3108285
93.382090 -5.6758518 -3.3282616 39.7609558 0.0372974 0.9529198 0.0355732 0.2988096
93.485840 -5.6464028 -3.3263214 39.7153893 0.0380977 0.9559916 0.0381002 0.2884042
93.589470 -5.6168041 -3.3239572 39.6687279 0.0375658 0.9583519 0.0401295 0.2802500
93.693120 -5.5875697 -3.3215108 39.6214523 0.0363099 0.9598689 0.0418341 0.2749240
93.796720 -5.5575132 -3.3187897 39.5732346 0.0349836 0.9607498 0.0444743 0.2715842
93.900350 -5.5271153 -3.3156240 39.5246773 0.0321312 0.9611410 0.0464587 0.2702169
94.003970 -5.4959750 -3.3122039 39.4757423 0.0275434 0.9613410 0.0468880 0.2699377
94.107640 -5.4647703 -3.3087466 39.4264755 0.0245902 0.9612968 0.0453505 0.2706421
94.211350 -5.4330993 -3.3052485 39.3768044 0.0237383 0.9611528 0.0417660 0.2718040
94.314990 -5.4014006 -3.3023338 39.3264313 0.0251478 0.9606608 0.0380768 0.2739499
94.418590 -5.3687878 -3.2997434 39.2761230 0.0255724 0.9599544 0.0352549 0.2767501
94.522220 -5.3355446 -3.2970676 39.2241516 0.0271093 0.9591582 0.0348328 0.2794053
94.625970 -5.3014526 -3.2947345 39.1728439 0.0262094 0.9583243 0.0355969 0.2822418
94.729720 -5.2667875 -3.2924414 39.1210785 0.0245254 0.9578053 0.0344546 0.2842893
94.833490 -5.2315493 -3.2899597 39.0688553 0.0236178 0.9576595 0.0311457 0.2852374
94.937220 -5.1962242 -3.2873352 39.0161438 0.0240666 0.9577714 0.0283363 0.2851173
95.040970 -5.1604805 -3.2854245 38.9621696 0.0229600 0.9576497 0.0280399 0.2856461
95.144720 -5.1241245 -3.2839708 38.9087067 0.0228667 0.9575342 0.0284444 0.2860004
95.248350 -5.0877056 -3.2819946 38.8535576 0.0236040 0.9572372 0.0300509 0.2867696
95.352090 -5.0510044 -3.2799940 38.7983513 0.0246171 0.9569488 0.0319699 0.2874387
95.455870 -5.0139422 -3.2777472 38.7425346 0.0237905 0.9564056 0.0335167 0.2891349
95.559540 -4.9769025 -3.2757506 38.6882324 0.0247784 0.9559444 0.0343021 0.2904820
95.663110 -4.9398327 -3.2734854 38.6332817 0.0258449 0.9553277 0.0343868 0.2924013
95.766850 -4.9022179 -3.2712569 38.5790634 0.0262249 0.9547329 0.0348599 0.2942483
95.870470 -4.8648467 -3.2690578 38.5243683 0.0281735 0.9539448 0.0362784 0.2964447
95.974250 -4.8271751 -3.2670434 38.4708824 0.0286389 0.9532776 0.0358365 0.2985924
96.077860 -4.7892690 -3.2650001 38.4173965 0.0285428 0.9526815 0.0346345 0.3006389
96.181600 -4.7511687 -3.2628405 38.3638496 0.0291138 0.9521657 0.0343343 0.3022485
96.285350 -4.7126184 -3.2607443 38.3102837 0.0285283 0.9518230 0.0356516 0.3032295
96.389100 -4.6745625 -3.2585411 38.2574043 0.0286837 0.9515628 0.0363866 0.3039432
96.492870 -4.6367779 -3.2566590 38.2051506 0.0285418 0.9513011 0.0352592 0.3049071
96.596600 -4.5994072 -3.2547014 38.1534958 0.0291660 0.9511865 0.0339158 0.3053575
96.700350 -4.5620570 -3.2525992 38.1020966 0.0282612 0.9510803 0.0351220 0.3056371
96.803990 -4.5249310 -3.2508280 38.0510635 0.0279468 0.9511139 0.0367280 0.3053725
96.907730 -4.4881697 -3.2488303 38.0005989 0.0268249 0.9510750 0.0367464 0.3055921
97.011470 -4.4519711 -3.2467582 37.9504623 0.0277200 0.9510219 0.0355573 0.3058181
97.115100 -4.4160357 -3.2447457 37.9005661 0.0290120 0.9508597 0.0353234 0.3062293
97.218890 -4.3801889 -3.2427187 37.8514748 0.0287206 0.9506248 0.0353539 0.3069816
97.322500 -4.3447461 -3.2413602 37.8027763 0.0294829 0.9502633 0.0355296 0.3080068
97.426220 -4.3092346 -3.2394519 37.7549934 0.0295259 0.9498667 0.0342714 0.3093654
97.529990 -4.2739005 -3.2376163 37.7073975 0.0288200 0.9494310 0.0351702 0.3106658
97.633720 -4.2391467 -3.2360325 37.6608047 0.0291506 0.9489195 0.0368592 0.3119992
97.737470 -4.2048955 -3.2346356 37.6151733 0.0288009 0.9484439 0.0369081 0.3134683
97.945070 -4.1381288 -3.2310717 37.5271759 0.0278076 0.9477428 0.0342464 0.3159708
98.048750 -4.1052837 -3.2299850 37.4846802 0.0279475 0.9475281 0.0343863 0.3165866
98.152470 -4.0737519 -3.2287586 37.4431458 0.0275816 0.9473513 0.0347310 0.3171096
98.567470 -3.9553671 -3.2239201 37.2893257 0.0269094 0.9463139 0.0370557 0.3199888
98.671230 -3.9281681 -3.2229655 37.2544289 0.0252309 0.9459741 0.0380970 0.3210062
98.774870 -3.9016128 -3.2216020 37.2211800 0.0243758 0.9457025 0.0380309 0.3218793
98.982350 -3.8537226 -3.2187364 37.1594086 0.0244242 0.9449684 0.0378966 0.3240401
99.189730 -3.8097267 -3.2172618 37.1037064 0.0266257 0.9445198 0.0370333 0.3252723
99.604600 -3.7366264 -3.2141914 37.0134125 0.0250707 0.9444048 0.0351514 0.3259376
100.019300 -3.6832318 -3.2117243 36.9449730 0.0288724 0.9438264 0.0357497 0.3272309
100.226700 -3.6621962 -3.2111418 36.9182892 0.0291425 0.9435350 0.0362861 0.3279873
100.434100 -3.6445010 -3.2102971 36.8955879 0.0300519 0.9433629 0.0349982 0.3285400
101.367400 -3.5679247 -3.2075386 36.8005295 0.0309361 0.9435003 0.0328836 0.3282816
101.678400 -3.5440924 -3.2064524 36.7700005 0.0321798 0.9433936 0.0337420 0.3283816
102.819400 -3.4730551 -3.2040532 36.6813622 0.0337500 0.9433734 0.0337802 0.3282780
102.923000 -3.4668887 -3.2038825 36.6741295 0.0321079 0.9433084 0.0348143 0.3285214
103.026700 -3.4609053 -3.2036884 36.6672592 0.0299516 0.9432850 0.0352387 0.3287467
104.374600 -3.3671365 -3.2003455 36.5528793 0.0346325 0.9406052 0.0251045 0.3367970
104.685700 -3.3232751 -3.1986096 36.5034447 0.0364303 0.9369685 0.0227506 0.3467640
104.893000 -3.2885385 -3.1983120 36.4646530 0.0399770 0.9334468 0.0236012 0.3556991
104.996700 -3.2690642 -3.1980460 36.4440041 0.0405849 0.9316109 0.0249284 0.3603229
105.204100 -3.2263641 -3.1974781 36.4005241 0.0403117 0.9277501 0.0245156 0.3702078
105.515300 -3.1538706 -3.1963601 36.3281631 0.0421750 0.9220530 0.0287810 0.3836810
105.618900 -3.1272135 -3.1956851 36.3032608 0.0417463 0.9203422 0.0296373 0.3877488
105.722600 -3.0989420 -3.1952567 36.2774200 0.0384614 0.9190300 0.0302553 0.3911385
105.826500 -3.0699375 -3.1946037 36.2507401 0.0369713 0.9179127 0.0316577 0.3937857
105.930200 -3.0400255 -3.1939614 36.2237206 0.0346077 0.9170302 0.0306930 0.3961262
106.034100 -3.0091078 -3.1932025 36.1959610 0.0329245 0.9167551 0.0305199 0.3969188
106.241700 -2.9449999 -3.1907637 36.1377449 0.0311473 0.9158194 0.0305602 0.3992127
106.345500 -2.9112086 -3.1899574 36.1071472 0.0309314 0.9155235 0.0307246 0.3998949
106.449200 -2.8770285 -3.1891482 36.0758629 0.0322311 0.9152755 0.0308427 0.4003506
106.553000 -2.8415229 -3.1884151 36.0447578 0.0297305 0.9149806 0.0260078 0.4015596
106.656800 -2.8062973 -3.1874745 36.0130539 0.0289876 0.9147069 0.0225349 0.4024464
106.968000 -2.6930890 -3.1855950 35.9103966 0.0317115 0.9138665 0.0227089 0.4041369
107.071800 -2.6534770 -3.1854033 35.8752365 0.0296127 0.9136243 0.0229556 0.4048292
107.175500 -2.6127312 -3.1848667 35.8392448 0.0286799 0.9131593 0.0235750 0.4059086
107.279100 -2.5718234 -3.1840110 35.8027153 0.0290457 0.9126366 0.0237144 0.4070483
107.382900 -2.5298209 -3.1836207 35.7656212 0.0298200 0.9120067 0.0253338 0.4083048
107.486500 -2.4870009 -3.1830194 35.7280579 0.0300946 0.9111260 0.0260458 0.4102017
107.590200 -2.4433243 -3.1823645 35.6902618 0.0304014 0.9100595 0.0264116 0.4125166
107.693900 -2.3993235 -3.1816583 35.6519432 0.0320785 0.9087892 0.0278962 0.4150843
107.797600 -2.3547268 -3.1810532 35.6138535 0.0331401 0.9075348 0.0294765 0.4176283
107.901200 -2.3100483 -3.1804981 35.5760765 0.0343061 0.9065546 0.0297296 0.4196402
108.005000 -2.2650292 -3.1801782 35.5384827 0.0344097 0.9056985 0.0287648 0.4215434
108.212500 -2.1755443 -3.1797218 35.4647713 0.0343472 0.9049738 0.0255059 0.4233109
108.316200 -2.1308932 -3.1797395 35.4279289 0.0338668 0.9052101 0.0241948 0.4229213
108.420000 -2.0860300 -3.1797154 35.3912582 0.0325596 0.9054644 0.0232000 0.4225352
108.523700 -2.0412848 -3.1800144 35.3543854 0.0311259 0.9059465 0.0223895 0.4216525
108.627500 -1.9968227 -3.1799178 35.3169746 0.0309056 0.9062334 0.0231796 0.4210090
108.731200 -1.9528069 -3.1797395 35.2791710 0.0321343 0.9065984 0.0239832 0.4200852
108.835100 -1.9081485 -3.1798532 35.2412224 0.0326699 0.9071242 0.0245607 0.4188737
108.938900 -1.8634164 -3.1796014 35.2032356 0.0326326 0.9077107 0.0234126 0.4176699
109.042600 -1.8185986 -3.1794443 35.1649323 0.0332902 0.9082578 0.0226406 0.4164697
109.146400 -1.7739568 -3.1794279 35.1260643 0.0336811 0.9087141 0.0229558 0.4154243
109.250100 -1.7280279 -3.1793275 35.0871429 0.0338675 0.9094502 0.0228051 0.4138033
109.353900 -1.6829792 -3.1792836 35.0479507 0.0333020 0.9099528 0.0227364 0.4127468
109.457600 -1.6378610 -3.1793046 35.0084419 0.0339148 0.9105155 0.0223258 0.4114763
109.561200 -1.5934122 -3.1792924 34.9690666 0.0344395 0.9109911 0.0217312 0.4104107
109.665000 -1.5484626 -3.1795411 34.9294014 0.0351817 0.9114966 0.0209638 0.4092637
109.768700 -1.5031589 -3.1795201 34.8893089 0.0348521 0.9117771 0.0209615 0.4086666
109.872400 -1.4576662 -3.1797395 34.8489952 0.0344732 0.9119268 0.0208252 0.4083717
110.079700 -1.3674088 -3.1800535 34.7699547 0.0342176 0.9120625 0.0212433 0.4080685
110.287200 -1.2774315 -3.1807549 34.6899452 0.0339825 0.9118142 0.0198024 0.4087151
110.494600 -1.1876463 -3.1819141 34.6112404 0.0350692 0.9111511 0.0208324 0.4100487
110.805600 -1.0506752 -3.1834400 34.4924774 0.0351573 0.9101891 0.0171060 0.4123434
111.012900 -0.9590507 -3.1854439 34.4134979 0.0326107 0.9090747 0.0202093 0.4148630
111.220200 -0.8681569 -3.1862910 34.3354683 0.0336763 0.9080678 0.0211295 0.4169319
111.324000 -0.8228391 -3.1869917 34.2970505 0.0337161 0.9075620 0.0203946 0.4180653
111.427600 -0.7777843 -3.1872532 34.2585182 0.0346752 0.9070433 0.0202733 0.4191171
111.531400 -0.7326829 -3.1878862 34.2203865 0.0357259 0.9064792 0.0199924 0.4202612
111.635000 -0.6875607 -3.1886673 34.1827927 0.0362437 0.9061662 0.0189889 0.4209378
111.738700 -0.6426978 -3.1895022 34.1453896 0.0363639 0.9057440 0.0177637 0.4218886
111.842400 -0.5973305 -3.1903417 34.1083450 0.0353082 0.9053866 0.0179627 0.4227360
111.946100 -0.5523344 -3.1911745 34.0710602 0.0336808 0.9049373 0.0197328 0.4237507
112.049700 -0.5075936 -3.1919458 34.0341110 0.0329376 0.9047121 0.0216891 0.4241943
112.153500 -0.4629149 -3.1925342 33.9980698 0.0312960 0.9048440 0.0204812 0.4240972
112.257100 -0.4191389 -3.1930656 33.9619789 0.0309363 0.9051477 0.0182594 0.4235767
112.360900 -0.3753967 -3.1937335 33.9260254 0.0312418 0.9055681 0.0172367 0.4226975
112.464600 -0.3325613 -3.1944630 33.8899651 0.0336294 0.9060524 0.0174489 0.4214661
112.568200 -0.2898999 -3.1953659 33.8535995 0.0362596 0.9064897 0.0194548 0.4202180
112.672000 -0.2477513 -3.1959863 33.8172798 0.0377256 0.9068254 0.0194094 0.4193659
112.775600 -0.2056505 -3.1967580 33.7816353 0.0386029 0.9072215 0.0195860 0.4184201
112.879400 -0.1639202 -3.1975226 33.7457809 0.0394268 0.9075519 0.0200414 0.4176043
112.983000 -0.1232346 -3.1985478 33.7108421 0.0388198 0.9080740 0.0191730 0.4165659
113.086700 -0.0828368 -3.1998227 33.6767426 0.0384567 0.9086910 0.0166641 0.4153602
113.190500 -0.0435699 -3.2011442 33.6435394 0.0385620 0.9093125 0.0115955 0.4141608
113.294100 -0.0056912 -3.2026372 33.6109276 0.0391941 0.9098151 0.0083883 0.4130737
113.397800 0.0311303 -3.2044203 33.5794067 0.0377097 0.9101902 0.0068103 0.4124141
113.501500 0.0664619 -3.2061932 33.5476379 0.0386054 0.9104007 0.0093766 0.4118158
113.916400 0.1956989 -3.2131107 33.4325256 0.0460602 0.9105833 0.0103052 0.4106218
114.020100 0.2249532 -3.2143571 33.4066277 0.0468048 0.9105070 0.0089845 0.4107379
114.123900 0.2528747 -3.2162025 33.3819389 0.0460457 0.9105370 0.0094422 0.4107468
114.435000 0.3308453 -3.2207112 33.3134499 0.0455170 0.9103566 0.0090601 0.4112140
114.642500 0.3795123 -3.2234101 33.2717705 0.0430516 0.9106688 0.0043022 0.4108655
114.746300 0.4028554 -3.2243934 33.2515793 0.0429005 0.9107162 0.0045836 0.4107730
115.264900 0.5109019 -3.2311752 33.1567955 0.0398836 0.9112732 0.0060180 0.4098223
115.472400 0.5502460 -3.2333722 33.1214180 0.0429291 0.9114865 0.0074534 0.4090158
115.679700 0.5873749 -3.2356801 33.0881004 0.0441819 0.9115009 0.0078693 0.4088424
116.198300 0.6714967 -3.2409375 33.0132027 0.0472669 0.9109473 0.0051885 0.4097731
116.302000 0.6865095 -3.2419693 32.9995041 0.0496528 0.9105974 0.0041337 0.4102803
116.820500 0.7556092 -3.2461357 32.9406395 0.0505727 0.9078884 0.0008496 0.4161495
117.339100 0.8073065 -3.2509942 32.8973846 0.0516188 0.9054283 0.0009008 0.4213481
117.961500 0.8517116 -3.2547023 32.8602333 0.0529771 0.9057483 -0.0031974 0.4204797
118.376300 0.8731330 -3.2565191 32.8423500 0.0527796 0.9052885 -0.0046062 0.4214806
119.102100 0.9002479 -3.2590561 32.8199768 0.0527991 0.9046867 -0.0062706 0.4227468
123.561000 1.0142266 -3.2696779 32.7248764 0.0564212 0.9038419 -0.0071150 0.4240706
124.287000 1.0472919 -3.2733514 32.6975899 0.0563931 0.9037114 -0.0053284 0.4243786
