9.999968e-01 -1.383964e-03 2.129266e-03 -1.699529e-02 1.395070e-03 9.999853e-01 -5.223267e-03 -3.304158e-02 -2.122006e-03 5.226219e-03 9.999840e-01 1.924885e+00
9.999935e-01 -2.875213e-03 2.196984e-03 -3.106702e-02 2.877221e-03 9.999954e-01 -9.111935e-04 -6.341853e-02 -2.194353e-03 9.175076e-04 9.999971e-01 2.888054e+00
9.999894e-01 -4.378258e-03 1.426928e-03 -4.462738e-02 4.370282e-03 9.999750e-01 5.546374e-03 -9.503621e-02 -1.451175e-03 -5.540079e-03 9.999835e-01 3.848312e+00
9.999613e-01 -8.800744e-03 4.930361e-05 -5.337242e-02 8.800421e-03 9.999503e-01 4.659577e-03 -1.222173e-01 -9.030788e-05 -4.658963e-03 9.999891e-01 4.806551e+00
9.999251e-01 -1.210851e-02 -1.791951e-03 -7.542792e-02 1.210590e-02 9.999256e-01 -1.463266e-03 -1.535673e-01 1.809537e-03 1.441462e-03 9.999973e-01 6.676395e+00
9.999307e-01 -1.148261e-02 -2.596193e-03 -8.936429e-02 1.147713e-02 9.999318e-01 -2.115606e-03 -1.678814e-01 2.620310e-03 2.085662e-03 9.999943e-01 7.606157e+00
9.999351e-01 -1.082459e-02 -3.547008e-03 -1.013034e-01 1.082533e-02 9.999413e-01 1.915052e-04 -1.791661e-01 3.544728e-03 -2.298913e-04 9.999936e-01 8.535486e+00
9.999332e-01 -1.074628e-02 -4.252912e-03 -1.141317e-01 1.075959e-02 9.999372e-01 3.119014e-03 -1.865848e-01 4.219129e-03 -3.164566e-03 9.999860e-01 9.465868e+00
9.999051e-01 -1.246298e-02 -5.868031e-03 -1.421945e-01 1.249287e-02 9.999090e-01 5.084305e-03 -1.997185e-01 5.804133e-03 -5.157132e-03 9.999698e-01 1.133952e+01
9.998969e-01 -1.263069e-02 -6.826217e-03 -1.548813e-01 1.266478e-02 9.999074e-01 4.973288e-03 -2.155601e-01 6.762771e-03 -5.059228e-03 9.999643e-01 1.222345e+01
9.998890e-01 -1.287236e-02 -7.500847e-03 -1.693123e-01 1.289812e-02 9.999110e-01 3.394724e-03 -2.354858e-01 7.456483e-03 -3.491094e-03 9.999660e-01 1.313325e+01
9.998699e-01 -1.336574e-02 -9.034486e-03 -1.849063e-01 1.337692e-02 9.999098e-01 1.177817e-03 -2.602522e-01 9.017931e-03 -1.298518e-03 9.999584e-01 1.404136e+01
9.998231e-01 -1.432671e-02 -1.218625e-02 -2.169483e-01 1.431971e-02 9.998972e-01 -6.616172e-04 -2.851106e-01 1.219448e-02 4.869955e-04 9.999255e-01 1.584627e+01
9.998220e-01 -1.304143e-02 -1.363681e-02 -2.367130e-01 1.302122e-02 9.999139e-01 -1.569338e-03 -2.933610e-01 1.365611e-02 1.391489e-03 9.999057e-01 1.674309e+01
9.998148e-01 -1.159649e-02 -1.536125e-02 -2.548521e-01 1.157275e-02 9.999316e-01 -1.633665e-03 -2.982439e-01 1.537915e-02 1.455589e-03 9.998806e-01 1.763484e+01
9.997832e-01 -1.213664e-02 -1.691845e-02 -2.730779e-01 1.212689e-02 9.999262e-01 -6.787551e-04 -3.044055e-01 1.692545e-02 4.734386e-04 9.998566e-01 1.852684e+01
9.997407e-01 -1.132286e-02 -1.975877e-02 -3.146034e-01 1.134559e-02 9.999350e-01 1.038627e-03 -3.236882e-01 1.974573e-02 -1.262534e-03 9.998042e-01 2.029478e+01
9.996913e-01 -1.246784e-02 -2.149326e-02 -3.335669e-01 1.249154e-02 9.999214e-01 9.685078e-04 -3.220398e-01 2.147950e-02 -1.236693e-03 9.997685e-01 2.116890e+01
9.996529e-01 -1.268780e-02 -2.308809e-02 -3.517749e-01 1.269885e-02 9.999192e-01 3.318073e-04 -3.205089e-01 2.308202e-02 -6.248852e-04 9.997333e-01 2.203793e+01
9.996297e-01 -1.261378e-02 -2.411198e-02 -3.725490e-01 1.263650e-02 9.999198e-01 7.899130e-04 -3.172185e-01 2.410009e-02 -1.094312e-03 9.997089e-01 2.290089e+01
9.996068e-01 -1.236724e-02 -2.516463e-02 -3.933684e-01 1.244026e-02 9.999188e-01 2.747129e-03 -3.159266e-01 2.512862e-02 -3.059103e-03 9.996795e-01 2.375773e+01
9.995692e-01 -1.363816e-02 -2.598840e-02 -4.121035e-01 1.378817e-02 9.998892e-01 5.601313e-03 -3.140241e-01 2.590913e-02 -5.957232e-03 9.996465e-01 2.461543e+01
9.995560e-01 -1.327670e-02 -2.667519e-02 -4.280328e-01 1.346665e-02 9.998851e-01 6.953738e-03 -3.057383e-01 2.657980e-02 -7.309876e-03 9.996199e-01 2.544218e+01
9.995413e-01 -1.282492e-02 -2.743674e-02 -4.474023e-01 1.298763e-02 9.998990e-01 5.760451e-03 -2.988492e-01 2.736009e-02 -6.114147e-03 9.996069e-01 2.626621e+01
9.995372e-01 -1.142993e-02 -2.819322e-02 -4.690774e-01 1.151922e-02 9.999291e-01 3.006464e-03 -2.930490e-01 2.815686e-02 -3.329837e-03 9.995979e-01 2.708037e+01
9.995206e-01 -1.092301e-02 -2.896974e-02 -4.916230e-01 1.096822e-02 9.999388e-01 1.401950e-03 -2.934051e-01 2.895266e-02 -1.719025e-03 9.995792e-01 2.787697e+01
9.994551e-01 -1.042435e-02 -3.131936e-02 -5.377287e-01 1.044602e-02 9.999452e-01 5.283531e-04 -3.030386e-01 3.131214e-02 -8.552288e-04 9.995092e-01 2.945471e+01
9.993980e-01 -1.012000e-02 -3.318482e-02 -5.610502e-01 1.012245e-02 9.999487e-01 -9.415537e-05 -3.024561e-01 3.318408e-02 -2.418140e-04 9.994492e-01 3.022665e+01
9.993348e-01 -1.013992e-02 -3.503166e-02 -5.837097e-01 1.012933e-02 9.999485e-01 -4.799930e-04 -2.893166e-01 3.503473e-02 1.248256e-04 9.993860e-01 3.099325e+01
9.992572e-01 -1.045439e-02 -3.709050e-02 -6.098827e-01 1.048559e-02 9.999447e-01 6.466132e-04 -2.849460e-01 3.708169e-02 -1.035049e-03 9.993116e-01 3.175331e+01
9.991826e-01 -1.044167e-02 -3.905299e-02 -6.373473e-01 1.057814e-02 9.999386e-01 3.289435e-03 -2.859582e-01 3.901625e-02 -3.699855e-03 9.992317e-01 3.249745e+01
9.991166e-01 -9.676451e-03 -4.089457e-02 -6.694970e-01 9.870613e-03 9.999409e-01 4.548579e-03 -2.913155e-01 4.084814e-02 -4.948216e-03 9.991530e-01 3.323490e+01
9.990483e-01 -8.212274e-03 -4.283877e-02 -7.070281e-01 8.425612e-03 9.999529e-01 4.801790e-03 -2.980989e-01 4.279733e-02 -5.158163e-03 9.990704e-01 3.396228e+01
9.989871e-01 -5.570437e-03 -4.465125e-02 -7.475972e-01 5.752148e-03 9.999756e-01 3.942093e-03 -3.011809e-01 4.462821e-02 -4.194941e-03 9.989948e-01 3.470353e+01
9.989142e-01 -4.076822e-03 -4.640854e-02 -7.861231e-01 4.225973e-03 9.999861e-01 3.116198e-03 -3.012987e-01 4.639521e-02 -3.308936e-03 9.989176e-01 3.539317e+01
9.988447e-01 -3.602322e-03 -4.792024e-02 -8.225011e-01 3.824192e-03 9.999823e-01 4.539097e-03 -2.935002e-01 4.790305e-02 -4.717109e-03 9.988408e-01 3.608573e+01
9.987977e-01 -2.421920e-03 -4.896157e-02 -8.579745e-01 2.724895e-03 9.999775e-01 6.122217e-03 -2.845601e-01 4.894565e-02 -6.248272e-03 9.987818e-01 3.677338e+01
9.988038e-01 6.059604e-04 -4.889413e-02 -8.979841e-01 -2.707568e-04 9.999763e-01 6.862041e-03 -2.829222e-01 4.889714e-02 -6.840594e-03 9.987803e-01 3.744921e+01
9.989248e-01 5.352123e-03 -4.605101e-02 -9.662440e-01 -5.291339e-03 9.999849e-01 1.441747e-03 -2.643952e-01 4.605804e-02 -1.196526e-03 9.989380e-01 3.876355e+01
9.991414e-01 6.928143e-03 -4.084787e-02 -1.022967e+00 -6.919997e-03 9.999759e-01 3.408663e-04 -2.546909e-01 4.084925e-02 -5.790746e-05 9.991653e-01 4.003748e+01
9.992324e-01 1.197639e-02 -3.729938e-02 -1.054571e+00 -1.185276e-02 9.999234e-01 3.533972e-03 -2.561416e-01 3.733886e-02 -3.089159e-03 9.992978e-01 4.068683e+01
9.993048e-01 1.641604e-02 -3.347332e-02 -1.082779e+00 -1.618094e-02 9.998425e-01 7.282552e-03 -2.559993e-01 3.358760e-02 -6.735859e-03 9.994130e-01 4.129211e+01
9.994265e-01 2.870924e-02 -1.795791e-02 -1.143225e+00 -2.852866e-02 9.995405e-01 1.023293e-02 -2.472759e-01 1.824345e-02 -9.714743e-03 9.997863e-01 4.304425e+01
9.993683e-01 3.372431e-02 -1.120755e-02 -1.156523e+00 -3.359318e-02 9.993671e-01 1.169024e-02 -2.461265e-01 1.159470e-02 -1.130636e-02 9.998688e-01 4.359239e+01
9.989309e-01 4.494697e-02 1.081107e-02 -1.165281e+00 -4.506496e-02 9.989242e-01 1.092935e-02 -2.401569e-01 -1.030820e-02 -1.140486e-02 9.998818e-01 4.511047e+01
9.986110e-01 4.932216e-02 1.853237e-02 -1.162119e+00 -4.947620e-02 9.987436e-01 7.946644e-03 -2.348502e-01 -1.811714e-02 -8.852517e-03 9.997966e-01 4.557447e+01
9.978050e-01 5.099690e-02 4.224351e-02 -1.119110e+00 -5.130814e-02 9.986628e-01 6.315813e-03 -2.395256e-01 -4.186495e-02 -8.469386e-03 9.990873e-01 4.683267e+01
9.973383e-01 5.274012e-02 5.034723e-02 -1.098158e+00 -5.316651e-02 9.985599e-01 7.166379e-03 -2.391747e-01 -4.989678e-02 -9.824091e-03 9.987060e-01 4.720456e+01
9.949463e-01 6.439773e-02 7.703781e-02 -1.036133e+00 -6.510727e-02 9.978555e-01 6.731622e-03 -2.443984e-01 -7.643911e-02 -1.171332e-02 9.970054e-01 4.817664e+01
9.522731e-01 7.018360e-02 2.970693e-01 -3.172192e-01 -6.815286e-02 9.975265e-01 -1.720102e-02 -3.255041e-01 -2.975418e-01 -3.866058e-03 9.547009e-01 5.142020e+01
9.334129e-01 7.549648e-02 3.507715e-01 -1.147140e-01 -7.333123e-02 9.971174e-01 -1.947297e-02 -3.439537e-01 -3.512306e-01 -7.546181e-03 9.362585e-01 5.190075e+01
9.095902e-01 7.427774e-02 4.088135e-01 1.309526e-01 -7.108895e-02 9.972044e-01 -2.301366e-02 -3.642721e-01 -4.093801e-01 -8.129124e-03 9.123277e-01 5.235595e+01
8.771443e-01 7.145361e-02 4.748814e-01 4.279778e-01 -6.473981e-02 9.974359e-01 -3.050080e-02 -3.824345e-01 -4.758432e-01 -3.990132e-03 8.795210e-01 5.280031e+01
5.082200e-01 8.368613e-02 8.571517e-01 3.359263e+00 -5.674312e-02 9.963588e-01 -6.363336e-02 -4.860892e-01 -8.593560e-01 -1.629772e-02 5.111180e-01 5.516957e+01
4.595568e-01 8.166095e-02 8.843862e-01 3.766145e+00 -5.479782e-02 9.964739e-01 -6.353594e-02 -4.913921e-01 -8.864563e-01 -1.926406e-02 4.624112e-01 5.533541e+01
3.597340e-01 7.961125e-02 9.296523e-01 4.641416e+00 -5.780824e-02 9.963408e-01 -6.295296e-02 -5.396177e-01 -9.312624e-01 -3.109524e-02 3.630199e-01 5.561845e+01
2.200748e-01 7.093645e-02 9.729003e-01 6.088519e+00 -3.059900e-02 9.973636e-01 -6.579850e-02 -6.266796e-01 -9.750030e-01 -1.528919e-02 2.216651e-01 5.585617e+01
1.074817e-01 7.204208e-02 9.915934e-01 7.658631e+00 -8.852841e-03 9.974009e-01 -7.150444e-02 -7.242890e-01 -9.941677e-01 -1.093003e-03 1.078401e-01 5.595413e+01
7.852152e-02 7.027376e-02 9.944324e-01 8.209580e+00 -2.181921e-03 9.975220e-01 -7.031982e-02 -7.737852e-01 -9.969101e-01 3.351844e-03 7.848028e-02 5.597135e+01
3.425250e-02 6.829690e-02 9.970768e-01 9.351661e+00 1.011661e-02 9.975874e-01 -6.867942e-02 -8.573790e-01 -9.993620e-01 1.243947e-02 3.347893e-02 5.598323e+01
-1.479860e-02 7.371512e-02 9.971695e-01 1.175501e+01 1.910705e-02 9.971174e-01 -7.342773e-02 -1.055254e+00 -9.997080e-01 1.796633e-02 -1.616442e-02 5.596304e+01
-2.122260e-02 7.564821e-02 9.969086e-01 1.238276e+01 2.370387e-02 9.968910e-01 -7.514227e-02 -1.117194e+00 -9.994938e-01 2.203587e-02 -2.294978e-02 5.592954e+01
-2.590903e-02 7.474963e-02 9.968656e-01 1.302027e+01 2.392123e-02 9.969612e-01 -7.413508e-02 -1.167977e+00 -9.993781e-01 2.192548e-02 -2.761840e-02 5.590304e+01
-3.372396e-02 5.922088e-02 9.976750e-01 1.638718e+01 2.647752e-02 9.979454e-01 -5.834194e-02 -1.417061e+00 -9.990804e-01 2.444843e-02 -3.522269e-02 5.574074e+01
-3.087265e-02 7.512682e-02 9.966959e-01 1.778472e+01 2.832330e-02 9.968365e-01 -7.426013e-02 -1.502437e+00 -9.991220e-01 2.593711e-02 -3.290283e-02 5.567210e+01
-2.869260e-02 7.658907e-02 9.966497e-01 1.850468e+01 2.970433e-02 9.966852e-01 -7.573665e-02 -1.545746e+00 -9.991469e-01 2.743173e-02 -3.087252e-02 5.564300e+01
-2.666061e-02 7.158414e-02 9.970781e-01 1.924155e+01 2.859289e-02 9.970792e-01 -7.081969e-02 -1.593908e+00 -9.992356e-01 2.662124e-02 -2.862953e-02 5.561503e+01
-1.465585e-02 7.434465e-02 9.971248e-01 2.216714e+01 3.594039e-02 9.966267e-01 -7.377927e-02 -1.787932e+00 -9.992465e-01 3.475575e-02 -1.727839e-02 5.551011e+01
-4.586658e-03 6.657880e-02 9.977705e-01 2.437331e+01 2.924907e-02 9.973631e-01 -6.641717e-02 -1.955801e+00 -9.995617e-01 2.887922e-02 -6.521932e-03 5.548454e+01
-1.251911e-03 6.911428e-02 9.976079e-01 2.511164e+01 3.420447e-02 9.970279e-01 -6.903119e-02 -2.008471e+00 -9.994141e-01 3.403622e-02 -3.612208e-03 5.546362e+01
5.331076e-03 7.446070e-02 9.972096e-01 2.656806e+01 3.017783e-02 9.967576e-01 -7.458830e-02 -2.113697e+00 -9.995304e-01 3.049125e-02 3.066728e-03 5.547262e+01
1.709323e-02 7.022556e-02 9.973846e-01 2.877765e+01 3.809348e-02 9.967604e-01 -7.083447e-02 -2.288673e+00 -9.991280e-01 3.920463e-02 1.436272e-02 5.551027e+01
2.071775e-02 7.126874e-02 9.972419e-01 2.951232e+01 4.090596e-02 9.965603e-01 -7.206987e-02 -2.343893e+00 -9.989482e-01 4.228625e-02 1.773117e-02 5.552232e+01
3.356629e-02 6.985875e-02 9.969919e-01 3.246495e+01 4.308927e-02 9.965254e-01 -7.127678e-02 -2.537443e+00 -9.985072e-01 4.535214e-02 3.043949e-02 5.558466e+01
3.950202e-02 7.135192e-02 9.966686e-01 3.395101e+01 4.213026e-02 9.964412e-01 -7.300545e-02 -2.620601e+00 -9.983310e-01 4.487376e-02 3.635537e-02 5.563975e+01
4.429263e-02 7.181466e-02 9.964340e-01 3.544252e+01 3.837120e-02 9.965546e-01 -7.352900e-02 -2.711893e+00 -9.982815e-01 4.149115e-02 4.138441e-02 5.570930e+01
5.077075e-02 7.342347e-02 9.960076e-01 3.695093e+01 3.333449e-02 9.966135e-01 -7.516735e-02 -2.812393e+00 -9.981539e-01 3.701770e-02 4.815128e-02 5.578704e+01
5.735005e-02 7.908020e-02 9.952171e-01 3.846575e+01 3.198206e-02 9.962007e-01 -8.100135e-02 -2.922992e+00 -9.978418e-01 3.647452e-02 5.460300e-02 5.586855e+01
6.297842e-02 8.056066e-02 9.947580e-01 4.000220e+01 2.229850e-02 9.963743e-01 -8.210329e-02 -3.024315e+00 -9.977658e-01 2.735234e-02 6.095370e-02 5.597631e+01
6.664603e-02 8.105877e-02 9.944786e-01 4.077830e+01 2.445742e-02 9.962624e-01 -8.284322e-02 -3.080932e+00 -9.974769e-01 2.984355e-02 6.441445e-02 5.602494e+01
7.416550e-02 8.302010e-02 9.937842e-01 4.233951e+01 1.936530e-02 9.962209e-01 -8.466889e-02 -3.188774e+00 -9.970579e-01 2.552443e-02 7.227750e-02 5.614130e+01
8.332298e-02 8.026167e-02 9.932850e-01 4.393795e+01 1.886995e-02 9.964454e-01 -8.209998e-02 -3.297181e+00 -9.963440e-01 2.558405e-02 8.151226e-02 5.626972e+01
9.421985e-02 9.422725e-02 9.910821e-01 4.550440e+01 1.386091e-02 9.952900e-01 -9.594507e-02 -3.402580e+00 -9.954550e-01 2.277722e-02 9.247000e-02 5.642297e+01
1.017001e-01 9.855422e-02 9.899212e-01 4.630756e+01 1.204009e-02 9.948858e-01 -1.002854e-01 -3.461241e+00 -9.947423e-01 2.211777e-02 9.999338e-02 5.650810e+01
1.088845e-01 1.009468e-01 9.889154e-01 4.712224e+01 8.008224e-03 9.947089e-01 -1.024200e-01 -3.525277e+00 -9.940222e-01 1.907140e-02 1.075000e-01 5.660533e+01
1.234522e-01 9.684397e-02 9.876136e-01 4.872687e+01 3.804221e-03 9.951731e-01 -9.806079e-02 -3.662244e+00 -9.923433e-01 1.586291e-02 1.224879e-01 5.681192e+01
1.381181e-01 8.777174e-02 9.865188e-01 5.035682e+01 1.418947e-03 9.960468e-01 -8.881813e-02 -3.792894e+00 -9.904148e-01 1.366721e-02 1.374476e-01 5.704097e+01
1.529056e-01 7.734363e-02 9.852095e-01 5.198907e+01 -1.273776e-03 9.969472e-01 -7.806743e-02 -3.912550e+00 -9.882400e-01 1.068200e-02 1.525373e-01 5.729726e+01
1.656985e-01 8.616732e-02 9.824047e-01 5.356153e+01 -9.232977e-04 9.961885e-01 -8.722059e-02 -4.023164e+00 -9.861761e-01 1.354526e-02 1.651465e-01 5.756033e+01
1.755626e-01 9.300269e-02 9.800654e-01 5.510439e+01 -3.992120e-03 9.955867e-01 -9.376047e-02 -4.143701e+00 -9.844602e-01 1.254829e-02 1.751591e-01 5.783752e+01
1.863508e-01 8.909315e-02 9.784353e-01 5.664546e+01 -2.180078e-03 9.959149e-01 -9.026959e-02 -4.262120e+00 -9.824809e-01 1.468874e-02 1.857838e-01 5.812033e+01
1.938017e-01 7.570595e-02 9.781152e-01 5.813668e+01 -3.606712e-03 9.970662e-01 -7.645814e-02 -4.369152e+00 -9.810341e-01 1.128994e-02 1.935062e-01 5.841357e+01
1.969010e-01 7.301812e-02 9.777005e-01 5.887601e+01 -6.793476e-03 9.973004e-01 -7.311378e-02 -4.420802e+00 -9.803999e-01 7.754189e-03 1.968655e-01 5.856727e+01
2.021928e-01 7.573447e-02 9.764129e-01 6.031245e+01 -1.049868e-02 9.971157e-01 -7.516624e-02 -4.516372e+00 -9.792895e-01 4.947024e-03 2.024047e-01 5.886609e+01
2.034632e-01 7.984969e-02 9.758210e-01 6.101319e+01 -1.476313e-02 9.968056e-01 -7.848865e-02 -4.564529e+00 -9.789713e-01 1.563375e-03 2.039921e-01 5.902108e+01
2.074464e-01 8.946661e-02 9.741466e-01 6.238199e+01 -1.684370e-02 9.959881e-01 -8.788567e-02 -4.657586e+00 -9.781014e-01 1.823331e-03 2.081211e-01 5.932091e+01
2.101708e-01 9.099554e-02 9.734207e-01 6.372231e+01 -1.864042e-02 9.958511e-01 -8.906770e-02 -4.758759e+00 -9.774870e-01 5.744598e-04 2.109950e-01 5.961689e+01
2.108260e-01 8.823281e-02 9.735334e-01 6.438160e+01 -1.866586e-02 9.960998e-01 -8.623582e-02 -4.814707e+00 -9.773454e-01 8.912483e-06 2.116507e-01 5.976019e+01
2.110651e-01 8.443186e-02 9.738186e-01 6.567175e+01 -1.792305e-02 9.964292e-01 -8.250762e-02 -4.913385e+00 -9.773077e-01 -3.931829e-05 2.118247e-01 6.003522e+01
2.095206e-01 8.372355e-02 9.742132e-01 6.630099e+01 -1.785350e-02 9.964889e-01 -8.179825e-02 -4.965400e+00 -9.776413e-01 -2.547066e-04 2.102797e-01 6.016765e+01
2.053680e-01 8.784886e-02 9.747340e-01 6.754573e+01 -2.015721e-02 9.961316e-01 -8.553041e-02 -5.076711e+00 -9.784773e-01 -2.082714e-03 2.063443e-01 6.043224e+01
2.031289e-01 9.132170e-02 9.748840e-01 6.812018e+01 -1.842777e-02 9.958213e-01 -8.944337e-02 -5.130339e+00 -9.789786e-01 2.035992e-04 2.039630e-01 6.055436e+01
1.991932e-01 9.078018e-02 9.757463e-01 6.930307e+01 -1.683966e-02 9.958700e-01 -8.921471e-02 -5.231855e+00 -9.798156e-01 1.339723e-03 1.998992e-01 6.080309e+01
1.965663e-01 8.799307e-02 9.765341e-01 6.988288e+01 -1.711964e-02 9.961210e-01 -8.631201e-02 -5.285896e+00 -9.803411e-01 2.481145e-04 1.973102e-01 6.091928e+01
1.926949e-01 8.257239e-02 9.777782e-01 7.100066e+01 -1.386283e-02 9.965827e-01 -8.142841e-02 -5.393054e+00 -9.811608e-01 2.136068e-03 1.931811e-01 6.114039e+01
1.886273e-01 8.635003e-02 9.782450e-01 7.208654e+01 -5.731549e-03 9.962065e-01 -8.683035e-02 -5.485365e+00 -9.820321e-01 1.077171e-02 1.884067e-01 6.134673e+01
1.869668e-01 8.883578e-02 9.783412e-01 7.262287e+01 -6.447483e-03 9.959922e-01 -8.920640e-02 -5.532216e+00 -9.823451e-01 1.037080e-02 1.867903e-01 6.145078e+01
1.856976e-01 9.117689e-02 9.783675e-01 7.315814e+01 -6.598439e-03 9.957788e-01 -9.154711e-02 -5.583135e+00 -9.825848e-01 1.054438e-02 1.855154e-01 6.155451e+01
1.900022e-01 8.543021e-02 9.780597e-01 7.533524e+01 8.831326e-03 9.960179e-01 -8.871443e-02 -5.768173e+00 -9.817440e-01 2.549349e-02 1.884911e-01 6.194475e+01
1.989535e-01 8.554309e-02 9.762683e-01 7.643447e+01 5.154324e-03 9.960779e-01 -8.832928e-02 -5.862448e+00 -9.799954e-01 2.260541e-02 1.977323e-01 6.217121e+01
2.140796e-01 8.394021e-02 9.732029e-01 7.756843e+01 5.760599e-03 9.961751e-01 -8.718880e-02 -5.961148e+00 -9.767993e-01 2.427156e-02 2.127772e-01 6.242394e+01
2.310045e-01 8.248163e-02 9.694501e-01 7.869259e+01 1.415855e-03 9.963705e-01 -8.510943e-02 -6.059871e+00 -9.729517e-01 2.103326e-02 2.300493e-01 6.269195e+01
2.504059e-01 8.572786e-02 9.643378e-01 7.985086e+01 -4.511346e-03 9.961643e-01 -8.738574e-02 -6.150779e+00 -9.681305e-01 1.753144e-02 2.498322e-01 6.300502e+01
2.707708e-01 9.062972e-02 9.583680e-01 8.104837e+01 -1.252273e-02 9.958056e-01 -9.063200e-02 -6.239009e+00 -9.625624e-01 1.253911e-02 2.707700e-01 6.335684e+01
2.908657e-01 9.326445e-02 9.522073e-01 8.226579e+01 -1.695222e-02 9.955836e-01 -9.233468e-02 -6.324963e+00 -9.566137e-01 1.071496e-02 2.911622e-01 6.374049e+01
3.114761e-01 9.499952e-02 9.454933e-01 8.353476e+01 -2.182553e-02 9.954428e-01 -9.282824e-02 -6.414738e+00 -9.500033e-01 8.277883e-03 3.121301e-01 6.416680e+01
3.329780e-01 8.181771e-02 9.393782e-01 8.486139e+01 -1.796666e-02 9.965980e-01 -8.043286e-02 -6.498607e+00 -9.427634e-01 9.904888e-03 3.333152e-01 6.463735e+01
3.540944e-01 7.458960e-02 9.322303e-01 8.622445e+01 -1.650619e-02 9.971574e-01 -7.351492e-02 -6.585584e+00 -9.350641e-01 1.064365e-02 3.543190e-01 6.515377e+01
3.724555e-01 6.671889e-02 9.256486e-01 8.763165e+01 -3.810859e-03 9.975139e-01 -7.036543e-02 -6.624344e+00 -9.280423e-01 2.268047e-02 3.717838e-01 6.570333e+01
3.868597e-01 5.286436e-02 9.206220e-01 8.907692e+01 1.153572e-02 9.979998e-01 -6.215508e-02 -6.684073e+00 -9.220665e-01 3.466532e-02 3.854760e-01 6.628897e+01
4.017997e-01 5.915111e-02 9.138151e-01 9.050245e+01 1.551673e-02 9.973284e-01 -7.137956e-02 -6.763694e+00 -9.155961e-01 4.285970e-02 3.998084e-01 6.690709e+01
4.091353e-01 6.372032e-02 9.102461e-01 9.121810e+01 1.973855e-02 9.967072e-01 -7.864494e-02 -6.813377e+00 -9.122603e-01 5.014335e-02 4.065303e-01 6.722868e+01
4.188452e-01 6.732450e-02 9.055584e-01 9.260904e+01 9.204078e-03 9.968817e-01 -7.837115e-02 -6.914272e+00 -9.080110e-01 4.116020e-02 4.169195e-01 6.790371e+01
4.227454e-01 7.070038e-02 9.034864e-01 9.328887e+01 3.057782e-03 9.968352e-01 -7.943595e-02 -6.975179e+00 -9.062434e-01 3.634384e-02 4.211913e-01 6.824748e+01
4.311862e-01 7.836336e-02 8.988534e-01 9.463312e+01 -1.013917e-03 9.962626e-01 -8.636927e-02 -7.110019e+00 -9.022624e-01 3.632986e-02 4.296541e-01 6.892013e+01
4.385578e-01 7.953606e-02 8.951765e-01 9.592749e+01 -5.482144e-03 9.962942e-01 -8.583457e-02 -7.259679e+00 -8.986863e-01 3.273593e-02 4.373687e-01 6.958240e+01
4.462005e-01 7.354328e-02 8.919061e-01 9.720647e+01 -4.875929e-03 9.968026e-01 -7.975336e-02 -7.398532e+00 -8.949198e-01 3.123711e-02 4.451324e-01 7.023613e+01
4.531344e-01 7.464556e-02 8.883114e-01 9.843505e+01 -7.837986e-03 9.967830e-01 -7.976232e-02 -7.533159e+00 -8.914078e-01 2.918048e-02 4.522618e-01 7.088389e+01
4.580361e-01 7.309423e-02 8.859233e-01 9.962790e+01 -4.849071e-03 9.968042e-01 -7.973557e-02 -7.650212e+00 -8.889204e-01 3.222586e-02 4.569267e-01 7.150888e+01
4.615821e-01 7.190767e-02 8.841782e-01 1.007869e+02 -4.291855e-03 9.968785e-01 -7.883272e-02 -7.766662e+00 -8.870872e-01 3.259300e-02 4.604499e-01 7.212549e+01
4.662232e-01 7.370896e-02 8.815911e-01 1.019055e+02 -3.435783e-03 9.966663e-01 -8.151331e-02 -7.883340e+00 -8.846605e-01 3.497443e-02 4.649221e-01 7.273582e+01
4.724365e-01 7.237662e-02 8.783879e-01 1.029830e+02 1.234127e-03 9.965672e-01 -8.277804e-02 -8.002376e+00 -8.813639e-01 4.019140e-02 4.707254e-01 7.332849e+01
4.791236e-01 6.975479e-02 8.749712e-01 1.040361e+02 5.530276e-03 9.965775e-01 -8.247786e-02 -8.096619e+00 -8.777300e-01 4.435591e-02 4.770981e-01 7.390981e+01
4.857257e-01 6.865676e-02 8.714107e-01 1.050601e+02 7.159909e-03 9.965646e-01 -8.250835e-02 -8.181955e+00 -8.740820e-01 4.631564e-02 4.835655e-01 7.448234e+01
4.930605e-01 6.945168e-02 8.672184e-01 1.060641e+02 8.412663e-03 9.963812e-01 -8.457882e-02 -8.265059e+00 -8.699544e-01 4.899808e-02 4.906919e-01 7.505403e+01
5.021425e-01 7.305369e-02 8.616936e-01 1.070595e+02 8.009040e-03 9.959898e-01 -8.910641e-02 -8.363102e+00 -8.647478e-01 5.164545e-02 4.995438e-01 7.563421e+01
5.258177e-01 9.648418e-02 8.451073e-01 1.089938e+02 -8.786758e-03 9.941089e-01 -1.080284e-01 -8.586122e+00 -8.505519e-01 4.937747e-02 5.235679e-01 7.684080e+01
5.364891e-01 9.552072e-02 8.384838e-01 1.099856e+02 -1.985535e-02 9.947271e-01 -1.006160e-01 -8.706456e+00 -8.436737e-01 3.733100e-02 5.355569e-01 7.748994e+01
5.479617e-01 9.099474e-02 8.315395e-01 1.110125e+02 -3.224469e-02 9.956247e-01 -8.770211e-02 -8.817849e+00 -8.358818e-01 2.124465e-02 5.484982e-01 7.817109e+01
5.605101e-01 9.286252e-02 8.229246e-01 1.120557e+02 -3.948982e-02 9.955598e-01 -8.544618e-02 -8.915374e+00 -8.272056e-01 1.539630e-02 5.616884e-01 7.887613e+01
5.725560e-01 1.001365e-01 8.137274e-01 1.131161e+02 -4.600950e-02 9.948734e-01 -9.005489e-02 -9.011645e+00 -8.185737e-01 1.412227e-02 5.742279e-01 7.962766e+01
5.851199e-01 1.029632e-01 8.043838e-01 1.142286e+02 -5.131706e-02 9.946201e-01 -8.998518e-02 -9.105368e+00 -8.093215e-01 1.137351e-02 5.872557e-01 8.042589e+01
5.984116e-01 1.026552e-01 7.945850e-01 1.153671e+02 -5.766808e-02 9.947039e-01 -8.507872e-02 -9.217043e+00 -7.991107e-01 5.089903e-03 6.011623e-01 8.128451e+01
6.134904e-01 1.008717e-01 7.832333e-01 1.165301e+02 -5.858763e-02 9.948889e-01 -8.224017e-02 -9.317811e+00 -7.875259e-01 4.565763e-03 6.162646e-01 8.218891e+01
6.287839e-01 1.038119e-01 7.706191e-01 1.177001e+02 -6.392980e-02 9.945945e-01 -8.182087e-02 -9.410224e+00 -7.749477e-01 2.182111e-03 6.320216e-01 8.315109e+01
6.407217e-01 1.032479e-01 7.607993e-01 1.189071e+02 -6.562197e-02 9.946549e-01 -7.971966e-02 -9.501459e+00 -7.649638e-01 1.152959e-03 6.440723e-01 8.416417e+01
6.482741e-01 9.914096e-02 7.549249e-01 1.201636e+02 -6.092667e-02 9.950617e-01 -7.835775e-02 -9.590647e+00 -7.589655e-01 4.802234e-03 6.511131e-01 8.522386e+01
6.557828e-01 8.869963e-02 7.497207e-01 1.214334e+02 -4.780545e-02 9.959598e-01 -7.601670e-02 -9.682937e+00 -7.534345e-01 1.400970e-02 6.573737e-01 8.629266e+01
6.630555e-01 7.736600e-02 7.445615e-01 1.227300e+02 -3.652420e-02 9.968037e-01 -7.105009e-02 -9.773963e+00 -7.476787e-01 1.991564e-02 6.637620e-01 8.740500e+01
6.693976e-01 7.789532e-02 7.388092e-01 1.240203e+02 -3.713224e-02 9.967529e-01 -7.144763e-02 -9.868055e+00 -7.419758e-01 2.039322e-02 6.701164e-01 8.855484e+01
6.752168e-01 8.584468e-02 7.326069e-01 1.253111e+02 -4.843845e-02 9.962211e-01 -7.209029e-02 -9.964397e+00 -7.360272e-01 1.319023e-02 6.768235e-01 8.975362e+01
6.781317e-01 8.261678e-02 7.302820e-01 1.259636e+02 -4.941746e-02 9.965384e-01 -6.684989e-02 -1.001373e+01 -7.332771e-01 9.244349e-03 6.798670e-01 9.035993e+01
6.816128e-01 7.975910e-02 7.273530e-01 1.266190e+02 -5.207611e-02 9.968084e-01 -6.050544e-02 -1.005780e+01 -7.298576e-01 3.363564e-03 6.835909e-01 9.097676e+01
6.897845e-01 7.018655e-02 7.206047e-01 1.279271e+02 -4.896896e-02 9.975336e-01 -5.028476e-02 -1.014276e+01 -7.223569e-01 -6.016191e-04 6.915202e-01 9.221818e+01
6.945548e-01 6.746366e-02 7.162696e-01 1.285815e+02 -4.338405e-02 9.977092e-01 -5.190300e-02 -1.018420e+01 -7.181305e-01 4.974799e-03 6.958906e-01 9.284078e+01
7.000786e-01 6.446784e-02 7.111496e-01 1.292245e+02 -3.261729e-02 9.977637e-01 -5.834077e-02 -1.023342e+01 -7.133204e-01 1.764735e-02 7.006158e-01 9.346390e+01
7.112766e-01 6.627078e-02 6.997812e-01 1.305065e+02 -2.419601e-02 9.972640e-01 -6.984958e-02 -1.034070e+01 -7.024957e-01 3.275046e-02 7.109340e-01 9.474426e+01
7.170970e-01 6.227613e-02 6.941855e-01 1.311491e+02 -2.167839e-02 9.975111e-01 -6.709393e-02 -1.039963e+01 -6.966362e-01 3.306402e-02 7.166622e-01 9.540323e+01
7.231076e-01 5.587894e-02 6.884714e-01 1.317916e+02 -1.710974e-02 9.978655e-01 -6.302005e-02 -1.045600e+01 -6.905235e-01 3.379071e-02 7.225202e-01 9.607042e+01
7.284913e-01 5.352637e-02 6.829607e-01 1.324272e+02 -1.289581e-02 9.978376e-01 -6.444902e-02 -1.050523e+01 -6.849337e-01 3.814321e-02 7.276063e-01 9.674200e+01
7.367498e-01 5.740409e-02 6.737244e-01 1.336847e+02 -1.154373e-02 9.973123e-01 -7.235151e-02 -1.060432e+01 -6.760670e-01 4.552765e-02 7.354323e-01 9.810439e+01
7.399405e-01 5.339135e-02 6.705501e-01 1.343191e+02 -9.169455e-03 9.975529e-01 -6.931005e-02 -1.066004e+01 -6.726099e-01 4.513673e-02 7.386194e-01 9.879631e+01
7.423894e-01 4.822207e-02 6.682309e-01 1.349539e+02 -5.940312e-03 9.978408e-01 -6.540843e-02 -1.071551e+01 -6.699423e-01 4.458902e-02 7.410729e-01 9.948856e+01
7.438086e-01 4.422238e-02 6.669281e-01 1.356011e+02 -2.810458e-03 9.980069e-01 -6.304099e-02 -1.077139e+01 -6.683868e-01 4.501605e-02 7.424504e-01 1.001963e+02
7.444086e-01 3.981831e-02 6.665360e-01 1.362215e+02 6.075426e-04 9.981795e-01 -6.030895e-02 -1.081998e+01 -6.677241e-01 4.529944e-02 7.430292e-01 1.008793e+02
7.445003e-01 3.908607e-02 6.664769e-01 1.374843e+02 -7.060651e-04 9.983302e-01 -5.775915e-02 -1.091832e+01 -6.676217e-01 4.253113e-02 7.432848e-01 1.022803e+02
7.425831e-01 4.566012e-02 6.681957e-01 1.387684e+02 -6.204824e-03 9.980995e-01 -6.130802e-02 -1.101807e+01 -6.697253e-01 4.138025e-02 7.414551e-01 1.037008e+02
7.406677e-01 4.907649e-02 6.700767e-01 1.393904e+02 -9.656987e-03 9.980032e-01 -6.241955e-02 -1.106529e+01 -6.718021e-01 3.976121e-02 7.396627e-01 1.043827e+02
7.361989e-01 5.306085e-02 6.746819e-01 1.406686e+02 -1.596371e-02 9.980058e-01 -6.106964e-02 -1.116410e+01 -6.765770e-01 3.418896e-02 7.355777e-01 1.057715e+02
7.313859e-01 5.166595e-02 6.800038e-01 1.419472e+02 -1.795340e-02 9.982391e-01 -5.653516e-02 -1.126171e+01 -6.817275e-01 2.914063e-02 7.310256e-01 1.071334e+02
7.258265e-01 5.210861e-02 6.859013e-01 1.432295e+02 -1.519369e-02 9.980978e-01 -5.974841e-02 -1.135965e+01 -6.877101e-01 3.294560e-02 7.252375e-01 1.084648e+02
7.223039e-01 6.290068e-02 6.887093e-01 1.438589e+02 -2.003347e-02 9.973403e-01 -7.007765e-02 -1.141070e+01 -6.912856e-01 3.682011e-02 7.216429e-01 1.091244e+02
7.189310e-01 6.814252e-02 6.917331e-01 1.444994e+02 -2.214004e-02 9.969229e-01 -7.519618e-02 -1.146260e+01 -6.947288e-01 3.874586e-02 7.182274e-01 1.097839e+02
7.151980e-01 6.636784e-02 6.957637e-01 1.451538e+02 -2.496307e-02 9.972717e-01 -6.946792e-02 -1.152141e+01 -6.984760e-01 3.231491e-02 7.149034e-01 1.104492e+02
7.079977e-01 6.419717e-02 7.032908e-01 1.464484e+02 -2.918610e-02 9.976687e-01 -6.168690e-02 -1.163357e+01 -7.056114e-01 2.314786e-02 7.082208e-01 1.117540e+02
7.017347e-01 6.235181e-02 7.097046e-01 1.477333e+02 -2.673815e-02 9.977659e-01 -6.122186e-02 -1.173221e+01 -7.119365e-01 2.398531e-02 7.018341e-01 1.130076e+02
6.988853e-01 6.118800e-02 7.126116e-01 1.483963e+02 -2.290297e-02 9.977374e-01 -6.320838e-02 -1.178416e+01 -7.148670e-01 2.785448e-02 6.987054e-01 1.136394e+02
6.916046e-01 6.120012e-02 7.196788e-01 1.497073e+02 -1.661558e-02 9.974881e-01 -6.885709e-02 -1.188352e+01 -7.220853e-01 3.566398e-02 6.908842e-01 1.148427e+02
6.876071e-01 6.194504e-02 7.234357e-01 1.503763e+02 -1.668900e-02 9.974392e-01 -6.954446e-02 -1.192783e+01 -7.258912e-01 3.574584e-02 6.868801e-01 1.154384e+02
6.782384e-01 6.333601e-02 7.321074e-01 1.517272e+02 -1.839537e-02 9.974298e-01 -6.924776e-02 -1.202409e+01 -7.346117e-01 3.349909e-02 6.776602e-01 1.166342e+02
6.725802e-01 6.631303e-02 7.370471e-01 1.524041e+02 -2.058202e-02 9.972679e-01 -7.094364e-02 -1.207204e+01 -7.397380e-01 3.254536e-02 6.721075e-01 1.172224e+02
6.661776e-01 7.294586e-02 7.422171e-01 1.530860e+02 -2.514374e-02 9.968361e-01 -7.540231e-02 -1.212501e+01 -7.453692e-01 3.156921e-02 6.659040e-01 1.178158e+02
6.599246e-01 7.911778e-02 7.471545e-01 1.537739e+02 -2.713381e-02 9.963010e-01 -8.153451e-02 -1.217933e+01 -7.508417e-01 3.353347e-02 6.596303e-01 1.183992e+02
6.534586e-01 8.079660e-02 7.526378e-01 1.544786e+02 -2.689334e-02 9.961374e-01 -8.358715e-02 -1.223831e+01 -7.564844e-01 3.437979e-02 6.531075e-01 1.189893e+02
6.469446e-01 7.608418e-02 7.587317e-01 1.551890e+02 -2.810513e-02 9.967128e-01 -7.598421e-02 -1.229900e+01 -7.620189e-01 2.783331e-02 6.469563e-01 1.195662e+02
6.397512e-01 7.181624e-02 7.652194e-01 1.559127e+02 -3.418701e-02 9.972984e-01 -6.501541e-02 -1.236503e+01 -7.678214e-01 1.543313e-02 6.404781e-01 1.201520e+02
6.324319e-01 6.652044e-02 7.717544e-01 1.566454e+02 -3.339659e-02 9.977209e-01 -5.862978e-02 -1.242646e+01 -7.738957e-01 1.130537e-02 6.332121e-01 1.207245e+02
6.251650e-01 6.886405e-02 7.774487e-01 1.573838e+02 -3.787701e-02 9.976031e-01 -5.790688e-02 -1.247643e+01 -7.795731e-01 6.753918e-03 6.262749e-01 1.212983e+02
6.172113e-01 6.988319e-02 7.836877e-01 1.581338e+02 -3.599040e-02 9.975127e-01 -6.060540e-02 -1.252578e+01 -7.859739e-01 9.201094e-03 6.181912e-01 1.218681e+02
6.108586e-01 7.059566e-02 7.885860e-01 1.589058e+02 -3.062857e-02 9.973783e-01 -6.556148e-02 -1.258374e+01 -7.911471e-01 1.589552e-02 6.114194e-01 1.224322e+02
5.963776e-01 7.929639e-02 7.987777e-01 1.604008e+02 -2.527590e-02 9.964702e-01 -8.005047e-02 -1.270216e+01 -8.023060e-01 2.755048e-02 5.962768e-01 1.235094e+02
5.891790e-01 7.493142e-02 8.045206e-01 1.611947e+02 -2.269531e-02 9.968324e-01 -7.622240e-02 -1.277762e+01 -8.076838e-01 2.664978e-02 5.890133e-01 1.240636e+02
5.822744e-01 6.889034e-02 8.100682e-01 1.619638e+02 -1.852015e-02 9.972687e-01 -7.149816e-02 -1.285193e+01 -8.127814e-01 2.662895e-02 5.819599e-01 1.245828e+02
5.757273e-01 6.846542e-02 8.147702e-01 1.627291e+02 -1.710626e-02 9.972784e-01 -7.171416e-02 -1.291940e+01 -8.174629e-01 2.735012e-02 5.753316e-01 1.250909e+02
5.573815e-01 6.199015e-02 8.279390e-01 1.650417e+02 -9.673814e-03 9.976259e-01 -6.818255e-02 -1.312226e+01 -8.302002e-01 2.999436e-02 5.566579e-01 1.266042e+02
5.523929e-01 5.872647e-02 8.315126e-01 1.658008e+02 -9.085324e-03 9.978801e-01 -6.444078e-02 -1.318289e+01 -8.335344e-01 2.804206e-02 5.517555e-01 1.270920e+02
5.479447e-01 5.798755e-02 8.345022e-01 1.665531e+02 -1.051015e-02 9.979929e-01 -6.244704e-02 -1.323954e+01 -8.364486e-01 2.544678e-02 5.474544e-01 1.275770e+02
5.433404e-01 6.094574e-02 8.372973e-01 1.672915e+02 -1.101350e-02 9.977929e-01 -6.548111e-02 -1.329978e+01 -8.394403e-01 2.635695e-02 5.428124e-01 1.280524e+02
5.365350e-01 6.953514e-02 8.410083e-01 1.687640e+02 -1.024792e-02 9.970627e-01 -7.590002e-02 -1.342431e+01 -8.438159e-01 3.210442e-02 5.356716e-01 1.289792e+02
5.302807e-01 6.709643e-02 8.451629e-01 1.701931e+02 -1.291596e-02 9.973871e-01 -7.107748e-02 -1.354899e+01 -8.477238e-01 2.677492e-02 5.297618e-01 1.298817e+02
5.280669e-01 5.862653e-02 8.471766e-01 1.709121e+02 -9.759284e-03 9.979671e-01 -6.297838e-02 -1.361181e+01 -8.491468e-01 2.498895e-02 5.275655e-01 1.303215e+02
5.255471e-01 5.374601e-02 8.490651e-01 1.716213e+02 -5.432773e-03 9.981941e-01 -5.982320e-02 -1.367121e+01 -8.507472e-01 2.682712e-02 5.248900e-01 1.307525e+02
5.230206e-01 5.247386e-02 8.507032e-01 1.723205e+02 4.771035e-04 9.980848e-01 -6.185813e-02 -1.372813e+01 -8.523200e-01 3.275894e-02 5.219938e-01 1.311750e+02
5.186716e-01 6.233329e-02 8.526982e-01 1.736861e+02 -2.165016e-04 9.973482e-01 -7.277570e-02 -1.384508e+01 -8.549736e-01 3.756207e-02 5.173097e-01 1.320073e+02
5.163968e-01 7.099758e-02 8.534012e-01 1.743545e+02 -2.460570e-03 9.966761e-01 -8.142826e-02 -1.390627e+01 -8.563459e-01 3.994943e-02 5.148550e-01 1.324182e+02
5.142678e-01 7.224068e-02 8.545816e-01 1.750350e+02 1.884135e-03 9.963484e-01 -8.535855e-02 -1.396378e+01 -8.576276e-01 4.550729e-02 5.122538e-01 1.328270e+02
5.080308e-01 5.800036e-02 8.593838e-01 1.763532e+02 -7.050528e-03 9.979768e-01 -6.318613e-02 -1.407865e+01 -8.613101e-01 2.604138e-02 5.074118e-01 1.336308e+02
5.000701e-01 6.042140e-02 8.638744e-01 1.782937e+02 -1.266980e-02 9.979666e-01 -6.246598e-02 -1.422293e+01 -8.658923e-01 2.029225e-02 4.998188e-01 1.347778e+02
4.949234e-01 6.121024e-02 8.667780e-01 1.795573e+02 -1.208720e-02 9.979042e-01 -6.356844e-02 -1.431261e+01 -8.688526e-01 2.098458e-02 4.946260e-01 1.355048e+02
4.921297e-01 6.017400e-02 8.684396e-01 1.801748e+02 -1.296951e-02 9.980041e-01 -6.180192e-02 -1.436322e+01 -8.704253e-01 1.915132e-02 4.919279e-01 1.358638e+02
4.896008e-01 5.986967e-02 8.698888e-01 1.807795e+02 -1.280694e-02 9.980260e-01 -6.148051e-02 -1.441258e+01 -8.718527e-01 1.896030e-02 4.894011e-01 1.362166e+02
4.828026e-01 6.205743e-02 8.735276e-01 1.819903e+02 -1.022615e-02 9.978174e-01 -6.523525e-02 -1.450312e+01 -8.756695e-01 2.256292e-02 4.823834e-01 1.368908e+02
4.685024e-01 6.864257e-02 8.807914e-01 1.837467e+02 -1.075481e-02 9.973462e-01 -7.200543e-02 -1.463103e+01 -8.833968e-01 2.426197e-02 4.679973e-01 1.378441e+02
4.562691e-01 7.465751e-02 8.867044e-01 1.849104e+02 -7.607239e-03 9.967650e-01 -8.000982e-02 -1.471237e+01 -8.898093e-01 2.976063e-02 4.553610e-01 1.384500e+02
4.496326e-01 7.711009e-02 8.898789e-01 1.855029e+02 -9.350031e-03 9.966184e-01 -8.163501e-02 -1.475510e+01 -8.931647e-01 2.838536e-02 4.488331e-01 1.387526e+02
4.295368e-01 8.152935e-02 8.993614e-01 1.873167e+02 -1.777900e-02 9.964866e-01 -8.184272e-02 -1.489366e+01 -9.028744e-01 1.916471e-02 4.294772e-01 1.396500e+02
4.225271e-01 8.476602e-02 9.023777e-01 1.879390e+02 -1.879476e-02 9.962223e-01 -8.478104e-02 -1.494259e+01 -9.061555e-01 1.886231e-02 4.225240e-01 1.399420e+02
4.148052e-01 9.003995e-02 9.054443e-01 1.885640e+02 -2.199096e-02 9.957932e-01 -8.894995e-02 -1.499292e+01 -9.096445e-01 1.698531e-02 4.150403e-01 1.402354e+02
3.922288e-01 9.906575e-02 9.145176e-01 1.904965e+02 -2.595899e-02 9.949799e-01 -9.664833e-02 -1.514579e+01 -9.195014e-01 1.416831e-02 3.928315e-01 1.410981e+02
3.777429e-01 1.015973e-01 9.203196e-01 1.918455e+02 -2.382205e-02 9.946991e-01 -1.000306e-01 -1.526383e+01 -9.256041e-01 1.586195e-02 3.781608e-01 1.416544e+02
3.707676e-01 1.006210e-01 9.232587e-01 1.925394e+02 -2.164634e-02 9.947797e-01 -9.972289e-02 -1.532526e+01 -9.284734e-01 1.698885e-02 3.710102e-01 1.419287e+02
3.633030e-01 9.808784e-02 9.264932e-01 1.932450e+02 -2.057046e-02 9.950445e-01 -9.727916e-02 -1.538822e+01 -9.314440e-01 1.628341e-02 3.635203e-01 1.422045e+02
3.492649e-01 9.144873e-02 9.325508e-01 1.946963e+02 -2.109748e-02 9.957413e-01 -8.974384e-02 -1.551367e+01 -9.367865e-01 1.166989e-02 3.497068e-01 1.427543e+02
3.436377e-01 8.776456e-02 9.349922e-01 1.954600e+02 -1.751161e-02 9.960491e-01 -8.705974e-02 -1.557305e+01 -9.389391e-01 1.354378e-02 3.438169e-01 1.430263e+02
3.382361e-01 8.240972e-02 9.374459e-01 1.962138e+02 -1.692004e-02 9.965297e-01 -8.149887e-02 -1.562684e+01 -9.409092e-01 1.170424e-02 3.384567e-01 1.432937e+02
3.326918e-01 7.692879e-02 9.398925e-01 1.969859e+02 -1.629127e-02 9.969872e-01 -7.583532e-02 -1.568196e+01 -9.428949e-01 9.917743e-03 3.329428e-01 1.435675e+02
3.280429e-01 7.676251e-02 9.415387e-01 1.977721e+02 -1.147022e-02 9.969431e-01 -7.728322e-02 -1.574033e+01 -9.445932e-01 1.455255e-02 3.279206e-01 1.438336e+02
3.230512e-01 8.427881e-02 9.426213e-01 1.985592e+02 -9.109144e-03 9.962575e-01 -8.595254e-02 -1.579846e+01 -9.463377e-01 1.918059e-02 3.226099e-01 1.440967e+02
3.186931e-01 9.624264e-02 9.429591e-01 1.993386e+02 -3.649873e-03 9.949489e-01 -1.003154e-01 -1.585428e+01 -9.478510e-01 2.852814e-02 3.174346e-01 1.443500e+02
3.148095e-01 1.023328e-01 9.436222e-01 2.001451e+02 2.326605e-03 9.940847e-01 -1.085816e-01 -1.592437e+01 -9.491521e-01 3.637793e-02 3.127092e-01 1.446074e+02
3.107911e-01 9.763496e-02 9.454502e-01 2.009751e+02 8.425803e-03 9.943879e-01 -1.054584e-01 -1.600532e+01 -9.504409e-01 4.074171e-02 3.082243e-01 1.448679e+02
3.062511e-01 8.904936e-02 9.477765e-01 2.018244e+02 1.522725e-02 9.950294e-01 -9.840939e-02 -1.608857e+01 -9.518290e-01 4.457001e-02 3.033729e-01 1.451297e+02
3.014416e-01 8.371634e-02 9.498023e-01 2.026924e+02 1.738545e-02 9.954898e-01 -9.326097e-02 -1.617598e+01 -9.533262e-01 4.462547e-02 2.986266e-01 1.453976e+02
2.966921e-01 9.037361e-02 9.506873e-01 2.035316e+02 1.415046e-02 9.949866e-01 -9.900089e-02 -1.626124e+01 -9.548684e-01 4.282544e-02 2.939259e-01 1.456544e+02
2.920486e-01 9.973348e-02 9.511891e-01 2.043673e+02 1.011548e-02 9.941702e-01 -1.073459e-01 -1.633869e+01 -9.563500e-01 4.097195e-02 2.893371e-01 1.459080e+02
2.868469e-01 1.037087e-01 9.523462e-01 2.052495e+02 6.313512e-03 9.938965e-01 -1.101351e-01 -1.642655e+01 -9.579557e-01 3.760455e-02 2.844414e-01 1.461719e+02
2.812924e-01 9.863609e-02 9.545394e-01 2.061048e+02 3.084065e-03 9.946053e-01 -1.036851e-01 -1.651609e+01 -9.596172e-01 3.210968e-02 2.794707e-01 1.464228e+02
2.756989e-01 9.513302e-02 9.565248e-01 2.069819e+02 5.180705e-04 9.950756e-01 -9.911651e-02 -1.660980e+01 -9.612439e-01 2.782186e-02 2.742920e-01 1.466776e+02
2.701798e-01 9.681046e-02 9.579303e-01 2.078609e+02 -6.002559e-04 9.949487e-01 -1.003823e-01 -1.669858e+01 -9.628097e-01 2.654627e-02 2.688731e-01 1.469260e+02
2.651747e-01 1.011309e-01 9.588820e-01 2.087471e+02 -1.566681e-03 9.945281e-01 -1.044571e-01 -1.678439e+01 -9.641991e-01 2.619712e-02 2.638821e-01 1.471708e+02
2.606053e-01 1.013878e-01 9.601069e-01 2.096440e+02 1.688637e-03 9.944210e-01 -1.054698e-01 -1.687390e+01 -9.654440e-01 2.910725e-02 2.589801e-01 1.474068e+02
2.566684e-01 1.005347e-01 9.612565e-01 2.105492e+02 5.486179e-03 9.944076e-01 -1.054667e-01 -1.696319e+01 -9.664840e-01 3.234359e-02 2.546814e-01 1.476436e+02
2.528181e-01 9.892462e-02 9.624431e-01 2.114620e+02 7.020823e-03 9.945453e-01 -1.040685e-01 -1.705443e+01 -9.674884e-01 3.306754e-02 2.507445e-01 1.478807e+02
2.493833e-01 9.838460e-02 9.633942e-01 2.123811e+02 9.511728e-03 9.945290e-01 -1.040264e-01 -1.714388e+01 -9.683582e-01 3.510598e-02 2.470831e-01 1.481148e+02
2.466281e-01 9.726272e-02 9.642170e-01 2.133004e+02 9.659479e-03 9.946547e-01 -1.028038e-01 -1.723376e+01 -9.690621e-01 3.466812e-02 2.443703e-01 1.483482e+02
2.437899e-01 9.602031e-02 9.650629e-01 2.142272e+02 8.511665e-03 9.948364e-01 -1.011329e-01 -1.732239e+01 -9.697908e-01 3.286945e-02 2.417138e-01 1.485829e+02
2.412380e-01 9.416597e-02 9.658866e-01 2.151568e+02 8.599209e-03 9.950347e-01 -9.915541e-02 -1.741109e+01 -9.704279e-01 3.222591e-02 2.392304e-01 1.488145e+02
2.384371e-01 9.451012e-02 9.665482e-01 2.160841e+02 4.124666e-03 9.951458e-01 -9.832395e-02 -1.750032e+01 -9.711492e-01 2.743076e-02 2.368899e-01 1.490489e+02
2.367007e-01 9.694294e-02 9.667340e-01 2.170093e+02 2.825041e-03 9.949367e-01 -1.004628e-01 -1.758912e+01 -9.715785e-01 2.651067e-02 2.352284e-01 1.492778e+02
2.328840e-01 9.866896e-02 9.674861e-01 2.188603e+02 2.613904e-03 9.947726e-01 -1.020810e-01 -1.776862e+01 -9.725010e-01 2.630194e-02 2.314087e-01 1.497262e+02
2.304690e-01 9.379991e-02 9.685481e-01 2.207197e+02 5.176530e-03 9.952108e-01 -9.761387e-02 -1.794623e+01 -9.730659e-01 2.751068e-02 2.288797e-01 1.501656e+02
2.271951e-01 9.333935e-02 9.693658e-01 2.225742e+02 5.126221e-03 9.952677e-01 -9.703490e-02 -1.812038e+01 -9.738358e-01 2.701503e-02 2.256415e-01 1.506004e+02
2.234058e-01 1.020275e-01 9.693710e-01 2.244121e+02 4.420208e-03 9.943903e-01 -1.056795e-01 -1.829363e+01 -9.747155e-01 2.789423e-02 2.217015e-01 1.510218e+02
2.177265e-01 9.880990e-02 9.709952e-01 2.262731e+02 1.781073e-03 9.948202e-01 -1.016338e-01 -1.848080e+01 -9.760082e-01 2.385777e-02 2.164227e-01 1.514464e+02
2.109988e-01 8.885442e-02 9.734394e-01 2.281038e+02 3.055129e-03 9.957950e-01 -9.155725e-02 -1.865508e+01 -9.774816e-01 2.229244e-02 2.098401e-01 1.518450e+02
2.028161e-01 9.132666e-02 9.749487e-01 2.299189e+02 1.864635e-03 9.956034e-01 -9.364937e-02 -1.881652e+01 -9.792151e-01 2.081152e-02 2.017541e-01 1.522303e+02
1.946759e-01 9.085693e-02 9.766505e-01 2.317587e+02 1.971537e-03 9.956623e-01 -9.301859e-02 -1.896992e+01 -9.808657e-01 2.003397e-02 1.936523e-01 1.526032e+02
1.867244e-01 8.935452e-02 9.783402e-01 2.336155e+02 1.846353e-03 9.958213e-01 -9.130353e-02 -1.911494e+01 -9.824106e-01 1.885495e-02 1.857791e-01 1.529646e+02
1.785548e-01 9.099055e-02 9.797136e-01 2.354493e+02 -2.091990e-03 9.957476e-01 -9.209846e-02 -1.926118e+01 -9.839278e-01 1.439507e-02 1.779859e-01 1.533132e+02
1.705743e-01 9.158339e-02 9.810794e-01 2.372897e+02 -8.781858e-03 9.957729e-01 -9.142819e-02 -1.941011e+01 -9.853057e-01 6.979593e-03 1.706575e-01 1.536418e+02
1.667417e-01 9.616093e-02 9.813002e-01 2.381998e+02 -1.347371e-02 9.953622e-01 -9.524949e-02 -1.949555e+01 -9.859086e-01 2.660306e-03 1.672640e-01 1.538032e+02
1.633438e-01 1.017604e-01 9.813070e-01 2.391054e+02 -1.609225e-02 9.948087e-01 -1.004819e-01 -1.957930e+01 -9.864380e-01 6.216606e-04 1.641334e-01 1.539590e+02
1.564371e-01 1.008394e-01 9.825267e-01 2.409342e+02 -1.912174e-02 9.948972e-01 -9.906450e-02 -1.975257e+01 -9.875028e-01 -3.290260e-03 1.575671e-01 1.542564e+02
1.531232e-01 9.702814e-02 9.834321e-01 2.418500e+02 -1.863667e-02 9.952745e-01 -9.529479e-02 -1.983999e+01 -9.880314e-01 -3.736056e-03 1.542079e-01 1.543982e+02
1.500900e-01 9.410238e-02 9.841837e-01 2.427628e+02 -1.809626e-02 9.955547e-01 -9.242991e-02 -1.992378e+01 -9.885068e-01 -3.937243e-03 1.511257e-01 1.545354e+02
1.468285e-01 9.306468e-02 9.847742e-01 2.436688e+02 -1.671571e-02 9.956554e-01 -9.160072e-02 -2.000434e+01 -9.890208e-01 -3.011608e-03 1.477462e-01 1.546684e+02
1.433841e-01 9.318567e-02 9.852702e-01 2.445757e+02 -1.605087e-02 9.956451e-01 -9.183109e-02 -2.008388e+01 -9.895370e-01 -2.647326e-03 1.442554e-01 1.547979e+02
1.344071e-01 9.756237e-02 9.861116e-01 2.463684e+02 -1.701631e-02 9.952219e-01 -9.614439e-02 -2.024532e+01 -9.907801e-01 -3.857497e-03 1.354250e-01 1.550412e+02
1.295849e-01 9.341149e-02 9.871585e-01 2.472733e+02 -7.631354e-03 9.956171e-01 -9.321015e-02 -2.032350e+01 -9.915390e-01 4.545266e-03 1.297298e-01 1.551446e+02
1.253781e-01 8.789818e-02 9.882075e-01 2.481739e+02 -7.045965e-03 9.961212e-01 -8.770814e-02 -2.040379e+01 -9.920840e-01 4.033802e-03 1.255111e-01 1.552524e+02
1.198622e-01 8.884159e-02 9.888074e-01 2.490698e+02 -7.117082e-03 9.960392e-01 -8.862864e-02 -2.048204e+01 -9.927651e-01 3.585797e-03 1.200197e-01 1.553582e+02
1.158805e-01 1.016851e-01 9.880444e-01 2.499549e+02 -3.982113e-03 9.947854e-01 -1.019118e-01 -2.055749e+01 -9.932552e-01 7.875084e-03 1.156811e-01 1.554527e+02
1.104988e-01 1.151812e-01 9.871794e-01 2.508345e+02 -2.010936e-03 9.932857e-01 -1.156686e-01 -2.063460e+01 -9.938743e-01 1.079609e-02 1.099885e-01 1.555425e+02
1.047395e-01 1.180202e-01 9.874719e-01 2.517259e+02 -4.262840e-03 9.929775e-01 -1.182261e-01 -2.071972e+01 -9.944906e-01 8.173507e-03 1.045071e-01 1.556328e+02
9.406476e-02 1.050531e-01 9.900078e-01 2.535136e+02 -1.083401e-02 9.944661e-01 -1.044968e-01 -2.089449e+01 -9.955072e-01 -8.962934e-04 9.468236e-02 1.558057e+02
8.875950e-02 1.013125e-01 9.908872e-01 2.544024e+02 -1.243372e-02 9.948488e-01 -1.006038e-01 -2.098217e+01 -9.959755e-01 -3.390874e-03 8.956197e-02 1.558813e+02
8.239821e-02 1.009633e-01 9.914720e-01 2.552821e+02 -1.617835e-02 9.948595e-01 -9.996378e-02 -2.106516e+01 -9.964682e-01 -7.803544e-03 8.360806e-02 1.559558e+02
6.775378e-02 9.475242e-02 9.931924e-01 2.570428e+02 -2.362694e-02 9.953532e-01 -9.334679e-02 -2.122381e+01 -9.974223e-01 -1.714150e-02 6.967765e-02 1.560897e+02
6.045093e-02 9.080372e-02 9.940323e-01 2.579199e+02 -2.544022e-02 9.956702e-01 -8.940624e-02 -2.130232e+01 -9.978470e-01 -1.988371e-02 6.249926e-02 1.561451e+02
5.393239e-02 9.298377e-02 9.942058e-01 2.587907e+02 -2.106591e-02 9.955392e-01 -9.196574e-02 -2.137550e+01 -9.983224e-01 -1.598391e-02 5.565060e-02 1.561854e+02
4.087781e-02 9.896300e-02 9.942511e-01 2.605270e+02 -1.649453e-02 9.950140e-01 -9.836080e-02 -2.151116e+01 -9.990280e-01 -1.237893e-02 4.230634e-02 1.562580e+02
2.816779e-02 9.417738e-02 9.951568e-01 2.622717e+02 -1.736072e-02 9.954477e-01 -9.371354e-02 -2.165347e+01 -9.994525e-01 -1.463693e-02 2.967455e-02 1.563158e+02
1.710884e-02 9.546598e-02 9.952856e-01 2.640060e+02 -1.239199e-02 9.953751e-01 -9.526156e-02 -2.179663e+01 -9.997769e-01 -1.070376e-02 1.821273e-02 1.563451e+02
8.943048e-03 1.006318e-01 9.948835e-01 2.657295e+02 -1.000260e-02 9.948825e-01 -1.005418e-01 -2.194115e+01 -9.999100e-01 -9.052275e-03 9.903861e-03 1.563616e+02
4.848032e-03 9.689815e-02 9.952824e-01 2.674594e+02 -2.860987e-03 9.952914e-01 -9.688511e-02 -2.209328e+01 -9.999842e-01 -2.377790e-03 5.102428e-03 1.563596e+02
2.995586e-03 9.526225e-02 9.954476e-01 2.683206e+02 -8.155678e-04 9.954520e-01 -9.526023e-02 -2.216749e+01 -9.999952e-01 -5.264969e-04 3.059654e-03 1.563531e+02
3.884868e-04 9.592333e-02 9.953886e-01 2.700395e+02 3.445441e-03 9.953826e-01 -9.592412e-02 -2.231694e+01 -9.999940e-01 3.466815e-03 5.619441e-05 1.563437e+02
4.131730e-04 9.896354e-02 9.950909e-01 2.717439e+02 8.805307e-03 9.950520e-01 -9.896335e-02 -2.246937e+01 -9.999612e-01 8.802966e-03 -4.602761e-04 1.563340e+02
1.492866e-03 9.988379e-02 9.949979e-01 2.725882e+02 1.065649e-02 9.949409e-01 -9.989408e-02 -2.255275e+01 -9.999421e-01 1.075231e-02 4.209030e-04 1.563300e+02
4.793049e-03 9.980382e-02 9.949955e-01 2.742406e+02 1.397223e-02 9.949031e-01 -9.986188e-02 -2.271743e+01 -9.998909e-01 1.438095e-02 3.374137e-03 1.563276e+02
7.215725e-03 9.861120e-02 9.950998e-01 2.750562e+02 1.484922e-02 9.950054e-01 -9.870955e-02 -2.279801e+01 -9.998637e-01 1.548871e-02 5.715386e-03 1.563301e+02
1.298051e-02 9.328545e-02 9.955547e-01 2.766656e+02 1.561146e-02 9.954983e-01 -9.348373e-02 -2.295477e+01 -9.997939e-01 1.675553e-02 1.146576e-02 1.563455e+02
1.989448e-02 8.828070e-02 9.958969e-01 2.782238e+02 1.298542e-02 9.959872e-01 -8.854813e-02 -2.310166e+01 -9.997178e-01 1.469376e-02 1.866829e-02 1.563778e+02
2.734546e-02 9.000245e-02 9.955660e-01 2.797382e+02 5.628650e-03 9.959088e-01 -9.018806e-02 -2.323843e+01 -9.996102e-01 8.069923e-03 2.672699e-02 1.564295e+02
3.510286e-02 8.734102e-02 9.955597e-01 2.812202e+02 4.614952e-03 9.961489e-01 -8.755545e-02 -2.336731e+01 -9.993731e-01 7.667904e-03 3.456460e-02 1.564848e+02
4.196265e-02 8.211682e-02 9.957388e-01 2.826515e+02 -7.378172e-04 9.966189e-01 -8.215833e-02 -2.349597e+01 -9.991189e-01 2.712906e-03 4.188136e-02 1.565600e+02
4.981478e-02 8.490538e-02 9.951429e-01 2.840121e+02 9.564078e-04 9.963754e-01 -8.505843e-02 -2.361050e+01 -9.987580e-01 5.188927e-03 4.955302e-02 1.566340e+02
5.619304e-02 8.942614e-02 9.944069e-01 2.853276e+02 -6.545837e-04 9.959837e-01 -8.953096e-02 -2.372680e+01 -9.984197e-01 4.380092e-03 5.602589e-02 1.567166e+02
5.922029e-02 8.988187e-02 9.941901e-01 2.859670e+02 -4.209716e-03 9.959517e-01 -8.979039e-02 -2.378128e+01 -9.982361e-01 1.132152e-03 5.935893e-02 1.567616e+02
6.238687e-02 9.037044e-02 9.939522e-01 2.865937e+02 -6.356971e-03 9.959079e-01 -9.014927e-02 -2.383446e+01 -9.980318e-01 -6.943966e-04 6.270606e-02 1.568069e+02
7.498782e-02 9.437462e-02 9.927085e-01 2.889746e+02 -1.271679e-02 9.955209e-01 -9.368141e-02 -2.404626e+01 -9.971034e-01 -5.599100e-03 7.585209e-02 1.569918e+02
8.078990e-02 9.339951e-02 9.923454e-01 2.901099e+02 -1.566925e-02 9.955958e-01 -9.242978e-02 -2.415117e+01 -9.966080e-01 -8.081919e-03 8.189758e-02 1.570886e+02
8.663261e-02 9.365735e-02 9.918281e-01 2.911990e+02 -1.710046e-02 9.955642e-01 -9.251650e-02 -2.424004e+01 -9.960936e-01 -8.945774e-03 8.784991e-02 1.571804e+02
9.679969e-02 9.870160e-02 9.903977e-01 2.932587e+02 -1.898933e-02 9.950727e-01 -9.731153e-02 -2.440494e+01 -9.951228e-01 -9.387263e-03 9.819701e-02 1.573722e+02
9.976809e-02 1.014255e-01 9.898278e-01 2.942374e+02 -2.065299e-02 9.947878e-01 -9.985206e-02 -2.449148e+01 -9.947964e-01 -1.048085e-02 1.013428e-01 1.574678e+02
1.008718e-01 1.031887e-01 9.895336e-01 2.952096e+02 -2.039731e-02 9.946121e-01 -1.016390e-01 -2.458496e+01 -9.946904e-01 -9.931315e-03 1.024331e-01 1.575670e+02
9.593365e-02 1.025233e-01 9.900937e-01 2.972090e+02 -2.124570e-02 9.946657e-01 -1.009382e-01 -2.477055e+01 -9.951610e-01 -1.135187e-02 9.760010e-02 1.577654e+02
8.787483e-02 1.180023e-01 9.891174e-01 2.993114e+02 -1.130602e-02 9.930129e-01 -1.174626e-01 -2.496956e+01 -9.960674e-01 -8.609784e-04 8.859498e-02 1.579364e+02
8.426795e-02 1.151518e-01 9.897671e-01 3.004328e+02 -6.534590e-03 9.933426e-01 -1.150114e-01 -2.508500e+01 -9.964217e-01 3.224053e-03 8.445941e-02 1.580169e+02
8.139896e-02 1.087770e-01 9.907278e-01 3.015988e+02 3.792299e-03 9.939854e-01 -1.094462e-01 -2.521321e+01 -9.966744e-01 1.266594e-02 8.049687e-02 1.580882e+02
7.616432e-02 1.140868e-01 9.905468e-01 3.027896e+02 -3.335015e-03 9.934561e-01 -1.141654e-01 -2.533868e+01 -9.970897e-01 5.391842e-03 7.604638e-02 1.581930e+02
7.426643e-02 1.111381e-01 9.910261e-01 3.040385e+02 6.830937e-03 9.936904e-01 -1.119489e-01 -2.546722e+01 -9.972151e-01 1.508367e-02 7.303866e-02 1.582678e+02
6.983813e-02 1.121359e-01 9.912356e-01 3.053328e+02 3.889924e-03 9.936236e-01 -1.126801e-01 -2.559815e+01 -9.975508e-01 1.172520e-02 6.895661e-02 1.583588e+02
6.629428e-02 1.175675e-01 9.908495e-01 3.066661e+02 1.256886e-03 9.930235e-01 -1.179096e-01 -2.572467e+01 -9.977994e-01 9.062113e-03 6.568401e-02 1.584467e+02
6.256863e-02 1.180965e-01 9.910289e-01 3.080487e+02 -1.239109e-03 9.929829e-01 -1.182511e-01 -2.586821e+01 -9.980399e-01 6.170813e-03 6.227591e-02 1.585319e+02
5.847112e-02 1.188269e-01 9.911918e-01 3.094569e+02 -5.443540e-03 9.929137e-01 -1.187122e-01 -2.601685e+01 -9.982743e-01 1.545642e-03 5.870361e-02 1.586244e+02
5.565177e-02 1.291976e-01 9.900559e-01 3.108972e+02 -5.022675e-04 9.915961e-01 -1.293704e-01 -2.617480e+01 -9.984501e-01 6.702417e-03 5.524897e-02 1.586982e+02
5.430244e-02 1.332636e-01 9.895918e-01 3.116329e+02 -4.975636e-04 9.910575e-01 -1.334337e-01 -2.625448e+01 -9.985244e-01 6.753389e-03 5.388315e-02 1.587386e+02
5.332015e-02 1.240819e-01 9.908383e-01 3.131397e+02 8.682950e-03 9.921547e-01 -1.247140e-01 -2.643175e+01 -9.985398e-01 1.525316e-02 5.182444e-02 1.588018e+02
5.113628e-02 1.227066e-01 9.911246e-01 3.146762e+02 1.394691e-02 9.922385e-01 -1.235641e-01 -2.660789e+01 -9.985943e-01 2.014173e-02 4.902800e-02 1.588676e+02
4.997089e-02 1.255290e-01 9.908306e-01 3.162406e+02 1.586639e-02 9.918450e-01 -1.264577e-01 -2.678025e+01 -9.986247e-01 2.204011e-02 4.757169e-02 1.589387e+02
5.096456e-02 1.227630e-01 9.911265e-01 3.178436e+02 1.686391e-02 9.921689e-01 -1.237593e-01 -2.696318e+01 -9.985581e-01 2.302160e-02 4.849518e-02 1.590134e+02
5.328914e-02 1.204013e-01 9.912939e-01 3.194779e+02 1.732402e-02 9.924436e-01 -1.214722e-01 -2.714548e+01 -9.984289e-01 2.364634e-02 5.080063e-02 1.590967e+02
5.657803e-02 1.175706e-01 9.914514e-01 3.211391e+02 1.830567e-02 9.927530e-01 -1.187696e-01 -2.732655e+01 -9.982304e-01 2.486893e-02 5.401580e-02 1.591855e+02
5.867949e-02 1.161298e-01 9.914991e-01 3.219833e+02 1.971585e-02 9.928820e-01 -1.174586e-01 -2.741810e+01 -9.980822e-01 2.644065e-02 5.597221e-02 1.592317e+02
6.327043e-02 1.161945e-01 9.912091e-01 3.236909e+02 2.143224e-02 9.928118e-01 -1.177504e-01 -2.759901e+01 -9.977663e-01 2.869394e-02 6.032533e-02 1.593323e+02
6.917695e-02 1.139790e-01 9.910717e-01 3.254350e+02 2.437491e-02 9.929619e-01 -1.158978e-01 -2.778207e+01 -9.973066e-01 3.217473e-02 6.591185e-02 1.594432e+02
7.209766e-02 1.129565e-01 9.909806e-01 3.263133e+02 2.588720e-02 9.930197e-01 -1.150723e-01 -2.787480e+01 -9.970616e-01 3.395015e-02 6.867027e-02 1.595010e+02
7.817080e-02 1.142752e-01 9.903688e-01 3.280932e+02 2.733506e-02 9.927895e-01 -1.167121e-01 -2.806283e+01 -9.965652e-01 3.619527e-02 7.448343e-02 1.596224e+02
8.374685e-02 1.164910e-01 9.896546e-01 3.298880e+02 2.376216e-02 9.926276e-01 -1.188518e-01 -2.825775e+01 -9.962037e-01 3.346978e-02 8.036135e-02 1.597631e+02
8.819552e-02 1.181846e-01 9.890671e-01 3.316970e+02 1.969879e-02 9.925353e-01 -1.203556e-01 -2.845992e+01 -9.959084e-01 3.009824e-02 8.520907e-02 1.599145e+02
9.163701e-02 1.140286e-01 9.892421e-01 3.335180e+02 1.945100e-02 9.930275e-01 -1.162667e-01 -2.866639e+01 -9.956025e-01 2.989608e-02 8.878009e-02 1.600736e+02
9.403856e-02 1.116727e-01 9.892855e-01 3.353462e+02 2.084473e-02 9.932503e-01 -1.141017e-01 -2.887348e+01 -9.953503e-01 3.135134e-02 9.107604e-02 1.602423e+02
9.558836e-02 1.128985e-01 9.889978e-01 3.371754e+02 2.178626e-02 9.930720e-01 -1.154693e-01 -2.907108e+01 -9.951825e-01 3.258408e-02 9.246648e-02 1.604126e+02
9.555729e-02 1.087423e-01 9.894664e-01 3.389981e+02 1.608639e-02 9.937166e-01 -1.107630e-01 -2.927516e+01 -9.952940e-01 2.650114e-02 9.320760e-02 1.605872e+02
9.578047e-02 1.101647e-01 9.892875e-01 3.399061e+02 1.446065e-02 9.935979e-01 -1.120448e-01 -2.937509e+01 -9.952975e-01 2.503743e-02 9.357421e-02 1.606703e+02
9.584067e-02 1.117738e-01 9.891011e-01 3.408083e+02 1.424895e-02 9.934194e-01 -1.136425e-01 -2.947693e+01 -9.952947e-01 2.498522e-02 9.361733e-02 1.607513e+02
9.604387e-02 1.127033e-01 9.889759e-01 3.426161e+02 1.237417e-02 9.933571e-01 -1.144043e-01 -2.968020e+01 -9.953002e-01 2.322558e-02 9.401125e-02 1.609116e+02
9.618510e-02 1.131048e-01 9.889164e-01 3.435205e+02 1.283903e-02 9.932992e-01 -1.148548e-01 -2.978018e+01 -9.952807e-01 2.374405e-02 9.408843e-02 1.609891e+02
9.676099e-02 1.117265e-01 9.890169e-01 3.453276e+02 1.349316e-02 9.934410e-01 -1.135464e-01 -2.997769e+01 -9.952162e-01 2.433182e-02 9.461879e-02 1.611449e+02
9.704748e-02 1.119951e-01 9.889584e-01 3.462235e+02 1.235480e-02 9.934366e-01 -1.137146e-01 -3.007709e+01 -9.952031e-01 2.325410e-02 9.502684e-02 1.612272e+02
9.709422e-02 1.154493e-01 9.885565e-01 3.471167e+02 1.227950e-02 9.930349e-01 -1.171784e-01 -3.017753e+01 -9.951995e-01 2.351632e-02 9.500029e-02 1.613076e+02
9.958608e-02 1.127523e-01 9.886199e-01 3.489065e+02 1.834286e-02 9.931821e-01 -1.151203e-01 -3.037548e+01 -9.948599e-01 2.959849e-02 9.683891e-02 1.614741e+02
1.045667e-01 1.136308e-01 9.880049e-01 3.506977e+02 2.476749e-02 9.928455e-01 -1.168088e-01 -3.056953e+01 -9.942095e-01 3.668470e-02 1.010042e-01 1.616370e+02
1.107003e-01 1.198682e-01 9.865986e-01 3.524825e+02 3.306623e-02 9.917062e-01 -1.241990e-01 -3.076035e+01 -9.933036e-01 4.637195e-02 1.058186e-01 1.617983e+02
1.139344e-01 1.182988e-01 9.864199e-01 3.533785e+02 3.497157e-02 9.917924e-01 -1.229824e-01 -3.086050e+01 -9.928726e-01 4.850858e-02 1.088622e-01 1.618840e+02
1.204753e-01 1.198291e-01 9.854575e-01 3.551700e+02 3.678917e-02 9.914671e-01 -1.250575e-01 -3.105569e+01 -9.920344e-01 5.132049e-02 1.150389e-01 1.620527e+02
1.277618e-01 1.160830e-01 9.849881e-01 3.569660e+02 3.613260e-02 9.919228e-01 -1.215871e-01 -3.124424e+01 -9.911465e-01 5.112436e-02 1.225355e-01 1.622399e+02
1.365953e-01 1.115372e-01 9.843277e-01 3.587644e+02 3.175280e-02 9.926376e-01 -1.168852e-01 -3.143232e+01 -9.901179e-01 4.722112e-02 1.320481e-01 1.624482e+02
1.413442e-01 1.105499e-01 9.837685e-01 3.596666e+02 2.997660e-02 9.928115e-01 -1.158730e-01 -3.152203e+01 -9.895066e-01 4.586800e-02 1.370142e-01 1.625502e+02
1.466974e-01 1.095166e-01 9.831001e-01 3.605743e+02 2.815798e-02 9.929871e-01 -1.148197e-01 -3.160985e+01 -9.887806e-01 4.452585e-02 1.425848e-01 1.626543e+02
1.529007e-01 1.095949e-01 9.821457e-01 3.614763e+02 2.681702e-02 9.930055e-01 -1.149816e-01 -3.169958e+01 -9.878777e-01 4.391898e-02 1.488922e-01 1.627695e+02
1.685298e-01 1.116793e-01 9.793494e-01 3.632722e+02 2.252629e-02 9.928649e-01 -1.170969e-01 -3.188456e+01 -9.854392e-01 4.179542e-02 1.648116e-01 1.630348e+02
1.864249e-01 1.131781e-01 9.759284e-01 3.650628e+02 1.850031e-02 9.927620e-01 -1.186643e-01 -3.207264e+01 -9.822950e-01 4.017695e-02 1.829817e-01 1.633230e+02
2.048510e-01 1.131498e-01 9.722310e-01 3.668412e+02 1.487984e-02 9.928208e-01 -1.186813e-01 -3.226554e+01 -9.786801e-01 3.877862e-02 2.016967e-01 1.636594e+02
2.217370e-01 1.125311e-01 9.685914e-01 3.686005e+02 1.125072e-02 9.929572e-01 -1.179376e-01 -3.246696e+01 -9.750416e-01 3.704847e-02 2.189093e-01 1.640490e+02
2.343612e-01 1.124992e-01 9.656182e-01 3.703486e+02 7.947360e-03 9.930266e-01 -1.176213e-01 -3.265824e+01 -9.721171e-01 3.523999e-02 2.318328e-01 1.644754e+02
2.439934e-01 1.128580e-01 9.631875e-01 3.720932e+02 5.688206e-03 9.930216e-01 -1.177947e-01 -3.284871e+01 -9.697602e-01 3.421993e-02 2.416487e-01 1.649156e+02
2.529698e-01 1.126934e-01 9.608883e-01 3.738419e+02 4.461847e-03 9.930463e-01 -1.176395e-01 -3.304904e+01 -9.674639e-01 3.404658e-02 2.507079e-01 1.653620e+02
2.616512e-01 1.127596e-01 9.585529e-01 3.755998e+02 3.889417e-03 9.930206e-01 -1.178760e-01 -3.324711e+01 -9.651547e-01 3.457059e-02 2.593865e-01 1.658267e+02
2.705843e-01 1.097161e-01 9.564237e-01 3.773568e+02 2.307585e-03 9.934076e-01 -1.146116e-01 -3.345186e+01 -9.626935e-01 3.321912e-02 2.685473e-01 1.663146e+02
2.797899e-01 1.051832e-01 9.542819e-01 3.790956e+02 2.531317e-03 9.938960e-01 -1.102918e-01 -3.365147e+01 -9.600580e-01 3.327410e-02 2.778158e-01 1.668284e+02
2.883694e-01 1.039393e-01 9.518611e-01 3.808018e+02 9.181531e-04 9.940604e-01 -1.088254e-01 -3.385006e+01 -9.575188e-01 3.225586e-02 2.865611e-01 1.673575e+02
2.972749e-01 1.107134e-01 9.483512e-01 3.824797e+02 -3.855091e-03 9.933854e-01 -1.147624e-01 -3.405166e+01 -9.547842e-01 3.046000e-02 2.957353e-01 1.678984e+02
3.045009e-01 1.068686e-01 9.464978e-01 3.841565e+02 -7.518452e-03 9.939247e-01 -1.098048e-01 -3.424855e+01 -9.524824e-01 2.631946e-02 3.034545e-01 1.684494e+02
3.095370e-01 1.160975e-01 9.437733e-01 3.874349e+02 -1.989768e-02 9.930920e-01 -1.156385e-01 -3.463900e+01 -9.506792e-01 1.701548e-02 3.097088e-01 1.695726e+02
3.099903e-01 1.123501e-01 9.440780e-01 3.890518e+02 -2.463686e-02 9.936090e-01 -1.101550e-01 -3.483651e+01 -9.504205e-01 1.088786e-02 3.107771e-01 1.701379e+02
3.100444e-01 1.064960e-01 9.447386e-01 3.906508e+02 -2.875904e-02 9.943022e-01 -1.026450e-01 -3.503121e+01 -9.502870e-01 4.654721e-03 3.113405e-01 1.706950e+02
3.091957e-01 1.072735e-01 9.449287e-01 3.922273e+02 -2.789587e-02 9.942130e-01 -1.037406e-01 -3.521056e+01 -9.505892e-01 5.716521e-03 3.103989e-01 1.712375e+02
3.086937e-01 1.038425e-01 9.454759e-01 3.938158e+02 -2.176814e-02 9.945335e-01 -1.021234e-01 -3.537808e+01 -9.509124e-01 1.094358e-02 3.092667e-01 1.717624e+02
3.080547e-01 1.044962e-01 9.456123e-01 3.954044e+02 -2.125178e-02 9.944573e-01 -1.029707e-01 -3.554302e+01 -9.511313e-01 1.162466e-02 3.085680e-01 1.722841e+02
3.081961e-01 1.146509e-01 9.443888e-01 3.969791e+02 -1.709520e-02 9.932183e-01 -1.150000e-01 -3.570992e+01 -9.511693e-01 1.929803e-02 3.080660e-01 1.727964e+02
3.069887e-01 1.090161e-01 9.454487e-01 3.985862e+02 -1.889642e-02 9.939201e-01 -1.084695e-01 -3.589106e+01 -9.515256e-01 1.543331e-02 3.071822e-01 1.733316e+02
3.065987e-01 1.107902e-01 9.453690e-01 4.002054e+02 -1.973965e-02 9.937293e-01 -1.100558e-01 -3.608162e+01 -9.516342e-01 1.508171e-02 3.068631e-01 1.738740e+02
3.071754e-01 1.148930e-01 9.446919e-01 4.018570e+02 -1.707675e-02 9.931909e-01 -1.152388e-01 -3.626143e+01 -9.514997e-01 1.926626e-02 3.070458e-01 1.744114e+02
3.076335e-01 1.102631e-01 9.450945e-01 4.035400e+02 -1.612796e-02 9.937244e-01 -1.106870e-01 -3.645650e+01 -9.513683e-01 1.880856e-02 3.074812e-01 1.749704e+02
3.090515e-01 1.099925e-01 9.446633e-01 4.052387e+02 -8.981753e-03 9.935827e-01 -1.127501e-01 -3.665818e+01 -9.510029e-01 2.636084e-02 3.080562e-01 1.755298e+02
3.112264e-01 1.071204e-01 9.442792e-01 4.069522e+02 -2.457199e-03 9.937143e-01 -1.119185e-01 -3.686062e+01 -9.503326e-01 3.251172e-02 3.095334e-01 1.760920e+02
3.145753e-01 1.046328e-01 9.434480e-01 4.086653e+02 7.761287e-03 9.935894e-01 -1.127816e-01 -3.705716e+01 -9.492008e-01 4.280068e-02 3.117466e-01 1.766545e+02
3.147916e-01 9.585197e-02 9.443085e-01 4.103808e+02 2.725348e-03 9.947924e-01 -1.018849e-01 -3.723727e+01 -9.491569e-01 3.464606e-02 3.128911e-01 1.772463e+02
3.162079e-01 9.345226e-02 9.440758e-01 4.120933e+02 3.873713e-03 9.950008e-01 -9.979071e-02 -3.740675e+01 -9.486820e-01 3.521168e-02 3.142651e-01 1.778160e+02
3.175786e-01 9.840383e-02 9.431121e-01 4.138009e+02 5.871184e-03 9.943775e-01 -1.057299e-01 -3.757270e+01 -9.482138e-01 3.911472e-02 3.152152e-01 1.783624e+02
3.191689e-01 9.344832e-02 9.430793e-01 4.155021e+02 9.577672e-03 9.947576e-01 -1.018105e-01 -3.774912e+01 -9.476495e-01 4.152723e-02 3.166007e-01 1.789073e+02
3.189147e-01 9.299196e-02 9.432104e-01 4.171677e+02 7.689091e-03 9.948884e-01 -1.006868e-01 -3.791664e+01 -9.477523e-01 3.936291e-02 3.165695e-01 1.794502e+02
3.181704e-01 9.085054e-02 9.436703e-01 4.187969e+02 8.749774e-03 9.950738e-01 -9.874945e-02 -3.808222e+01 -9.479932e-01 3.967604e-02 3.158081e-01 1.799864e+02
3.162635e-01 8.641041e-02 9.447277e-01 4.204007e+02 9.263240e-03 9.955142e-01 -9.415669e-02 -3.823307e+01 -9.486262e-01 3.852955e-02 3.140443e-01 1.804990e+02
3.141182e-01 8.772990e-02 9.453217e-01 4.219594e+02 1.226682e-02 9.952631e-01 -9.644080e-02 -3.837484e+01 -9.493047e-01 4.188989e-02 3.115541e-01 1.809889e+02
3.113861e-01 9.733007e-02 9.452859e-01 4.234737e+02 1.036535e-02 9.943339e-01 -1.057947e-01 -3.852223e+01 -9.502270e-01 4.274121e-02 3.086129e-01 1.814720e+02
3.091029e-01 1.030592e-01 9.454280e-01 4.249706e+02 9.261700e-03 9.937376e-01 -1.113534e-01 -3.868180e+01 -9.509835e-01 4.317592e-02 3.062127e-01 1.819531e+02
3.064270e-01 9.419666e-02 9.472219e-01 4.264553e+02 8.217497e-03 9.947928e-01 -1.015857e-01 -3.884576e+01 -9.518587e-01 3.891240e-02 3.040573e-01 1.824274e+02
3.052762e-01 9.325665e-02 9.476864e-01 4.279167e+02 1.177946e-02 9.947471e-01 -1.016821e-01 -3.898930e+01 -9.521910e-01 4.220436e-02 3.025741e-01 1.828782e+02
3.049568e-01 9.658127e-02 9.474562e-01 4.293649e+02 1.199425e-02 9.943761e-01 -1.052248e-01 -3.913224e+01 -9.522907e-01 4.345302e-02 3.020833e-01 1.833307e+02
3.052745e-01 9.748485e-02 9.472613e-01 4.308055e+02 1.498041e-02 9.941314e-01 -1.071361e-01 -3.926661e+01 -9.521466e-01 4.689628e-02 3.020226e-01 1.837827e+02
3.053275e-01 1.002741e-01 9.469530e-01 4.322521e+02 1.451625e-02 9.938345e-01 -1.099189e-01 -3.938552e+01 -9.521368e-01 4.730747e-02 3.019894e-01 1.842421e+02
3.058577e-01 9.861570e-02 9.469561e-01 4.337097e+02 1.521502e-02 9.939878e-01 -1.084279e-01 -3.951541e+01 -9.519557e-01 4.757145e-02 3.025184e-01 1.847061e+02
3.082757e-01 9.496456e-02 9.465451e-01 4.351772e+02 1.641353e-02 9.943257e-01 -1.051039e-01 -3.965560e+01 -9.511555e-01 4.793712e-02 3.049678e-01 1.851676e+02
3.115098e-01 9.165976e-02 9.458118e-01 4.365933e+02 1.686657e-02 9.946467e-01 -1.019476e-01 -3.980189e+01 -9.500933e-01 4.771026e-02 3.082962e-01 1.856247e+02
3.152042e-01 9.389248e-02 9.443677e-01 4.379870e+02 1.372652e-02 9.945386e-01 -1.034622e-01 -3.996184e+01 -9.489246e-01 4.557459e-02 3.121939e-01 1.860948e+02
3.190373e-01 9.454291e-02 9.430147e-01 4.393183e+02 1.207221e-02 9.945257e-01 -1.037915e-01 -4.011521e+01 -9.476653e-01 4.449761e-02 3.161495e-01 1.865498e+02
3.212630e-01 9.210563e-02 9.425001e-01 4.406294e+02 9.453147e-03 9.948973e-01 -1.004484e-01 -4.026688e+01 -9.469429e-01 4.117993e-02 3.187530e-01 1.869990e+02
3.234843e-01 9.206304e-02 9.417442e-01 4.418895e+02 8.865716e-03 9.949170e-01 -1.003065e-01 -4.039940e+01 -9.461920e-01 4.079679e-02 3.210238e-01 1.874232e+02
3.258291e-01 9.143753e-02 9.409965e-01 4.431116e+02 9.863533e-03 9.949291e-01 -1.000936e-01 -4.053170e+01 -9.453773e-01 4.189494e-02 3.232750e-01 1.878378e+02
3.282855e-01 9.107567e-02 9.401775e-01 4.443114e+02 1.097192e-02 9.949059e-01 -1.002084e-01 -4.065105e+01 -9.445149e-01 4.321250e-02 3.256139e-01 1.882466e+02
3.322889e-01 9.199614e-02 9.386803e-01 4.465258e+02 8.942019e-03 9.948797e-01 -1.006695e-01 -4.089361e+01 -9.431353e-01 4.184503e-02 3.297648e-01 1.890156e+02
3.335041e-01 9.066370e-02 9.383789e-01 4.475777e+02 6.513945e-03 9.951195e-01 -9.846092e-02 -4.100285e+01 -9.427262e-01 3.894966e-02 3.312858e-01 1.893847e+02
3.349541e-01 8.934939e-02 9.379884e-01 4.485905e+02 6.882468e-03 9.952351e-01 -9.726024e-02 -4.111097e+01 -9.422093e-01 3.903338e-02 3.327431e-01 1.897399e+02
3.375830e-01 9.840790e-02 9.361375e-01 4.504737e+02 4.365595e-03 9.943457e-01 -1.061011e-01 -4.133399e+01 -9.412857e-01 3.990473e-02 3.352446e-01 1.904150e+02
3.390005e-01 9.878143e-02 9.355858e-01 4.513527e+02 7.171518e-03 9.941720e-01 -1.075657e-01 -4.143116e+01 -9.407589e-01 4.317438e-02 3.363164e-01 1.907215e+02
3.371164e-01 9.616336e-02 9.365389e-01 4.521892e+02 5.380338e-03 9.945567e-01 -1.040573e-01 -4.152320e+01 -9.414476e-01 4.011831e-02 3.347639e-01 1.910192e+02
3.305591e-01 9.233410e-02 9.392577e-01 4.544021e+02 6.400617e-03 9.949605e-01 -1.000626e-01 -4.179023e+01 -9.437636e-01 3.908843e-02 3.283023e-01 1.917949e+02
3.284433e-01 9.134146e-02 9.400966e-01 4.550471e+02 6.353516e-03 9.950767e-01 -9.890318e-02 -4.187896e+01 -9.445024e-01 3.845699e-02 3.262459e-01 1.920290e+02
3.263618e-01 9.168611e-02 9.407877e-01 4.556532e+02 3.667488e-03 9.951543e-01 -9.825678e-02 -4.194952e+01 -9.452379e-01 3.551758e-02 3.244441e-01 1.922468e+02
3.248344e-01 9.294999e-02 9.411922e-01 4.575849e+02 3.824537e-03 9.950215e-01 -9.958603e-02 -4.214874e+01 -9.457632e-01 3.594859e-02 3.228618e-01 1.929215e+02
3.407326e-01 9.321062e-02 9.355281e-01 4.588966e+02 1.050943e-03 9.950347e-01 -9.952230e-02 -4.227315e+01 -9.401597e-01 3.489367e-02 3.389428e-01 1.934109e+02
3.680307e-01 9.578386e-02 9.248669e-01 4.596977e+02 -3.340707e-03 9.948096e-01 -1.016981e-01 -4.235796e+01 -9.298077e-01 3.433831e-02 3.664404e-01 1.937601e+02
3.940225e-01 9.609928e-02 9.140629e-01 4.602494e+02 -5.525148e-03 9.947484e-01 -1.022004e-01 -4.241641e+01 -9.190842e-01 3.521892e-02 3.924842e-01 1.940183e+02
4.644901e-01 1.032963e-01 8.795332e-01 4.613703e+02 -1.634703e-02 9.940047e-01 -1.081073e-01 -4.252156e+01 -8.854275e-01 3.583701e-02 4.633940e-01 1.946318e+02
4.206924e-01 1.164545e-01 8.996978e-01 4.643543e+02 -2.079159e-02 9.927039e-01 -1.187709e-01 -4.275047e+01 -9.069651e-01 3.125987e-02 4.200442e-01 1.962736e+02
3.799271e-01 1.156615e-01 9.177569e-01 4.648704e+02 -1.755105e-02 9.928747e-01 -1.178626e-01 -4.278446e+01 -9.248499e-01 2.867161e-02 3.792500e-01 1.964577e+02
3.167368e-01 1.124309e-01 9.418264e-01 4.659486e+02 -3.066268e-03 9.930661e-01 -1.175165e-01 -4.290391e+01 -9.485085e-01 3.433392e-02 3.148854e-01 1.967998e+02
2.977034e-01 1.074260e-01 9.485948e-01 4.664742e+02 8.995351e-05 9.936453e-01 -1.125561e-01 -4.297107e+01 -9.546584e-01 3.359366e-02 2.958019e-01 1.969409e+02
2.894986e-01 1.064076e-01 9.512454e-01 4.669526e+02 2.845079e-03 9.937015e-01 -1.120227e-01 -4.303319e+01 -9.571742e-01 3.513678e-02 2.873725e-01 1.970727e+02
3.343143e-01 1.056401e-01 9.365223e-01 4.680046e+02 -2.449517e-03 9.937921e-01 -1.112257e-01 -4.315132e+01 -9.424585e-01 3.489031e-02 3.324976e-01 1.974270e+02
5.889091e-01 1.121413e-01 8.003813e-01 4.701173e+02 -4.938056e-02 9.934691e-01 -1.028614e-01 -4.338980e+01 -8.066893e-01 2.105272e-02 5.906007e-01 1.986341e+02
5.916659e-01 1.148511e-01 7.979603e-01 4.701424e+02 -5.333305e-02 9.932080e-01 -1.034083e-01 -4.339187e+01 -8.044172e-01 1.862552e-02 5.937727e-01 1.986644e+02
