9.999968e-01 -1.383964e-03 2.129266e-03 -1.699529e-02 1.395070e-03 9.999853e-01 -5.223267e-03 -3.304158e-02 -2.122006e-03 5.226219e-03 9.999840e-01 1.924885e+00
9.999935e-01 -2.875213e-03 2.196984e-03 -3.106702e-02 2.877221e-03 9.999954e-01 -9.111935e-04 -6.341853e-02 -2.194353e-03 9.175076e-04 9.999971e-01 2.888054e+00
9.999894e-01 -4.378258e-03 1.426928e-03 -4.462738e-02 4.370282e-03 9.999750e-01 5.546374e-03 -9.503621e-02 -1.451175e-03 -5.540079e-03 9.999835e-01 3.848312e+00
9.999613e-01 -8.800744e-03 4.930361e-05 -5.337242e-02 8.800421e-03 9.999503e-01 4.659577e-03 -1.222173e-01 -9.030788e-05 -4.658963e-03 9.999891e-01 4.806551e+00
9.999329e-01 -1.154122e-02 -9.928825e-04 -6.458549e-02 1.154281e-02 9.999320e-01 1.608232e-03 -1.448705e-01 9.742552e-04 -1.619585e-03 9.999981e-01 5.738958e+00
9.999251e-01 -1.210851e-02 -1.791951e-03 -7.542792e-02 1.210590e-02 9.999256e-01 -1.463266e-03 -1.535673e-01 1.809537e-03 1.441462e-03 9.999973e-01 6.676395e+00
9.999307e-01 -1.148261e-02 -2.596193e-03 -8.936429e-02 1.147713e-02 9.999318e-01 -2.115606e-03 -1.678814e-01 2.620310e-03 2.085662e-03 9.999943e-01 7.606157e+00
9.999351e-01 -1.082459e-02 -3.547008e-03 -1.013034e-01 1.082533e-02 9.999413e-01 1.915052e-04 -1.791661e-01 3.544728e-03 -2.298913e-04 9.999936e-01 8.535486e+00
9.999267e-01 -1.090491e-02 -5.254531e-03 -1.275574e-01 1.092822e-02 9.999304e-01 4.428359e-03 -1.916301e-01 5.205877e-03 -4.485457e-03 9.999763e-01 1.038892e+01
9.999051e-01 -1.246298e-02 -5.868031e-03 -1.421945e-01 1.249287e-02 9.999090e-01 5.084305e-03 -1.997185e-01 5.804133e-03 -5.157132e-03 9.999698e-01 1.133952e+01
9.998969e-01 -1.263069e-02 -6.826217e-03 -1.548813e-01 1.266478e-02 9.999074e-01 4.973288e-03 -2.155601e-01 6.762771e-03 -5.059228e-03 9.999643e-01 1.222345e+01
9.998890e-01 -1.287236e-02 -7.500847e-03 -1.693123e-01 1.289812e-02 9.999110e-01 3.394724e-03 -2.354858e-01 7.456483e-03 -3.491094e-03 9.999660e-01 1.313325e+01
9.998699e-01 -1.336574e-02 -9.034486e-03 -1.849063e-01 1.337692e-02 9.999098e-01 1.177817e-03 -2.602522e-01 9.017931e-03 -1.298518e-03 9.999584e-01 1.404136e+01
9.998231e-01 -1.432671e-02 -1.218625e-02 -2.169483e-01 1.431971e-02 9.998972e-01 -6.616172e-04 -2.851106e-01 1.219448e-02 4.869955e-04 9.999255e-01 1.584627e+01
9.998220e-01 -1.304143e-02 -1.363681e-02 -2.367130e-01 1.302122e-02 9.999139e-01 -1.569338e-03 -2.933610e-01 1.365611e-02 1.391489e-03 9.999057e-01 1.674309e+01
9.998148e-01 -1.159649e-02 -1.536125e-02 -2.548521e-01 1.157275e-02 9.999316e-01 -1.633665e-03 -2.982439e-01 1.537915e-02 1.455589e-03 9.998806e-01 1.763484e+01
9.997832e-01 -1.213664e-02 -1.691845e-02 -2.730779e-01 1.212689e-02 9.999262e-01 -6.787551e-04 -3.044055e-01 1.692545e-02 4.734386e-04 9.998566e-01 1.852684e+01
9.997674e-01 -1.148423e-02 -1.825599e-02 -2.937433e-01 1.149904e-02 9.999336e-01 7.061475e-04 -3.138402e-01 1.824668e-02 -9.159104e-04 9.998330e-01 1.941419e+01
9.996913e-01 -1.246784e-02 -2.149326e-02 -3.335669e-01 1.249154e-02 9.999214e-01 9.685078e-04 -3.220398e-01 2.147950e-02 -1.236693e-03 9.997685e-01 2.116890e+01
9.996529e-01 -1.268780e-02 -2.308809e-02 -3.517749e-01 1.269885e-02 9.999192e-01 3.318073e-04 -3.205089e-01 2.308202e-02 -6.248852e-04 9.997333e-01 2.203793e+01
9.996297e-01 -1.261378e-02 -2.411198e-02 -3.725490e-01 1.263650e-02 9.999198e-01 7.899130e-04 -3.172185e-01 2.410009e-02 -1.094312e-03 9.997089e-01 2.290089e+01
9.996068e-01 -1.236724e-02 -2.516463e-02 -3.933684e-01 1.244026e-02 9.999188e-01 2.747129e-03 -3.159266e-01 2.512862e-02 -3.059103e-03 9.996795e-01 2.375773e+01
9.995692e-01 -1.363816e-02 -2.598840e-02 -4.121035e-01 1.378817e-02 9.998892e-01 5.601313e-03 -3.140241e-01 2.590913e-02 -5.957232e-03 9.996465e-01 2.461543e+01
9.995560e-01 -1.327670e-02 -2.667519e-02 -4.280328e-01 1.346665e-02 9.998851e-01 6.953738e-03 -3.057383e-01 2.657980e-02 -7.309876e-03 9.996199e-01 2.544218e+01
9.995413e-01 -1.282492e-02 -2.743674e-02 -4.474023e-01 1.298763e-02 9.998990e-01 5.760451e-03 -2.988492e-01 2.736009e-02 -6.114147e-03 9.996069e-01 2.626621e+01
9.995372e-01 -1.142993e-02 -2.819322e-02 -4.690774e-01 1.151922e-02 9.999291e-01 3.006464e-03 -2.930490e-01 2.815686e-02 -3.329837e-03 9.995979e-01 2.708037e+01
9.995206e-01 -1.092301e-02 -2.896974e-02 -4.916230e-01 1.096822e-02 9.999388e-01 1.401950e-03 -2.934051e-01 2.895266e-02 -1.719025e-03 9.995792e-01 2.787697e+01
9.994551e-01 -1.042435e-02 -3.131936e-02 -5.377287e-01 1.044602e-02 9.999452e-01 5.283531e-04 -3.030386e-01 3.131214e-02 -8.552288e-04 9.995092e-01 2.945471e+01
9.993980e-01 -1.012000e-02 -3.318482e-02 -5.610502e-01 1.012245e-02 9.999487e-01 -9.415537e-05 -3.024561e-01 3.318408e-02 -2.418140e-04 9.994492e-01 3.022665e+01
9.993348e-01 -1.013992e-02 -3.503166e-02 -5.837097e-01 1.012933e-02 9.999485e-01 -4.799930e-04 -2.893166e-01 3.503473e-02 1.248256e-04 9.993860e-01 3.099325e+01
9.991826e-01 -1.044167e-02 -3.905299e-02 -6.373473e-01 1.057814e-02 9.999386e-01 3.289435e-03 -2.859582e-01 3.901625e-02 -3.699855e-03 9.992317e-01 3.249745e+01
9.991166e-01 -9.676451e-03 -4.089457e-02 -6.694970e-01 9.870613e-03 9.999409e-01 4.548579e-03 -2.913155e-01 4.084814e-02 -4.948216e-03 9.991530e-01 3.323490e+01
9.990483e-01 -8.212274e-03 -4.283877e-02 -7.070281e-01 8.425612e-03 9.999529e-01 4.801790e-03 -2.980989e-01 4.279733e-02 -5.158163e-03 9.990704e-01 3.396228e+01
9.989871e-01 -5.570437e-03 -4.465125e-02 -7.475972e-01 5.752148e-03 9.999756e-01 3.942093e-03 -3.011809e-01 4.462821e-02 -4.194941e-03 9.989948e-01 3.470353e+01
9.989142e-01 -4.076822e-03 -4.640854e-02 -7.861231e-01 4.225973e-03 9.999861e-01 3.116198e-03 -3.012987e-01 4.639521e-02 -3.308936e-03 9.989176e-01 3.539317e+01
9.988447e-01 -3.602322e-03 -4.792024e-02 -8.225011e-01 3.824192e-03 9.999823e-01 4.539097e-03 -2.935002e-01 4.790305e-02 -4.717109e-03 9.988408e-01 3.608573e+01
9.988488e-01 3.748494e-03 -4.782370e-02 -9.356939e-01 -3.523552e-03 9.999823e-01 4.787030e-03 -2.753503e-01 4.784081e-02 -4.613010e-03 9.988443e-01 3.811124e+01
9.989248e-01 5.352123e-03 -4.605101e-02 -9.662440e-01 -5.291339e-03 9.999849e-01 1.441747e-03 -2.643952e-01 4.605804e-02 -1.196526e-03 9.989380e-01 3.876355e+01
9.990194e-01 5.712810e-03 -4.390410e-02 -9.940685e-01 -5.743068e-03 9.999833e-01 -5.630376e-04 -2.590333e-01 4.390016e-02 8.146287e-04 9.990355e-01 3.940063e+01
9.991414e-01 6.928143e-03 -4.084787e-02 -1.022967e+00 -6.919997e-03 9.999759e-01 3.408663e-04 -2.546909e-01 4.084925e-02 -5.790746e-05 9.991653e-01 4.003748e+01
9.993048e-01 1.641604e-02 -3.347332e-02 -1.082779e+00 -1.618094e-02 9.998425e-01 7.282552e-03 -2.559993e-01 3.358760e-02 -6.735859e-03 9.994130e-01 4.129211e+01
9.994044e-01 2.501999e-02 -2.376615e-02 -1.127463e+00 -2.483055e-02 9.996577e-01 8.233076e-03 -2.504927e-01 2.396401e-02 -7.638046e-03 9.996836e-01 4.247569e+01
9.993683e-01 3.372431e-02 -1.120755e-02 -1.156523e+00 -3.359318e-02 9.993671e-01 1.169024e-02 -2.461265e-01 1.159470e-02 -1.130636e-02 9.998688e-01 4.359239e+01
9.991739e-01 4.050788e-02 3.260896e-03 -1.165311e+00 -4.054268e-02 9.991124e-01 1.142537e-02 -2.460311e-01 -2.795184e-03 -1.154814e-02 9.999293e-01 4.462705e+01
9.989309e-01 4.494697e-02 1.081107e-02 -1.165281e+00 -4.506496e-02 9.989242e-01 1.092935e-02 -2.401569e-01 -1.030820e-02 -1.140486e-02 9.998818e-01 4.511047e+01
9.986110e-01 4.932216e-02 1.853237e-02 -1.162119e+00 -4.947620e-02 9.987436e-01 7.946644e-03 -2.348502e-01 -1.811714e-02 -8.852517e-03 9.997966e-01 4.557447e+01
9.949463e-01 6.439773e-02 7.703781e-02 -1.036133e+00 -6.510727e-02 9.978555e-01 6.731622e-03 -2.443984e-01 -7.643911e-02 -1.171332e-02 9.970054e-01 4.817664e+01
9.932966e-01 6.279192e-02 9.705214e-02 -9.730963e-01 -6.358338e-02 9.979635e-01 5.080641e-03 -2.607772e-01 -9.653549e-02 -1.121749e-02 9.952663e-01 4.871656e+01
9.921379e-01 6.152264e-02 1.089836e-01 -9.369557e-01 -6.192852e-02 9.980805e-01 3.401550e-04 -2.675893e-01 -1.087535e-01 -7.086672e-03 9.940434e-01 4.897559e+01
9.596674e-01 6.892286e-02 2.725584e-01 -4.074937e-01 -6.707060e-02 9.976179e-01 -1.611853e-02 -3.179085e-01 -2.730201e-01 -2.812227e-03 9.620042e-01 5.118149e+01
9.222742e-01 7.613570e-02 3.789639e-01 2.735872e-04 -7.373827e-02 9.970594e-01 -2.085934e-02 -3.544958e-01 -3.794378e-01 -8.706115e-03 9.251762e-01 5.212982e+01
9.095902e-01 7.427774e-02 4.088135e-01 1.309526e-01 -7.108895e-02 9.972044e-01 -2.301366e-02 -3.642721e-01 -4.093801e-01 -8.129124e-03 9.123277e-01 5.235595e+01
8.104782e-01 7.887974e-02 5.804335e-01 9.652370e-01 -6.518263e-02 9.968824e-01 -4.445771e-02 -4.147601e-01 -5.821309e-01 -1.802183e-03 8.130930e-01 5.347280e+01
6.014973e-01 8.478487e-02 7.943629e-01 2.612681e+00 -6.309072e-02 9.962879e-01 -5.856425e-02 -4.832195e-01 -7.963797e-01 -1.489068e-02 6.046137e-01 5.478988e+01
4.595568e-01 8.166095e-02 8.843862e-01 3.766145e+00 -5.479782e-02 9.964739e-01 -6.353594e-02 -4.913921e-01 -8.864563e-01 -1.926406e-02 4.624112e-01 5.533541e+01
3.597340e-01 7.961125e-02 9.296523e-01 4.641416e+00 -5.780824e-02 9.963408e-01 -6.295296e-02 -5.396177e-01 -9.312624e-01 -3.109524e-02 3.630199e-01 5.561845e+01
1.394343e-01 7.225282e-02 9.875917e-01 7.126377e+00 -1.775361e-02 9.973565e-01 -7.046066e-02 -6.821309e-01 -9.900722e-01 -7.708693e-03 1.403484e-01 5.593790e+01
1.074817e-01 7.204208e-02 9.915934e-01 7.658631e+00 -8.852841e-03 9.974009e-01 -7.150444e-02 -7.242890e-01 -9.941677e-01 -1.093003e-03 1.078401e-01 5.595413e+01
7.852152e-02 7.027376e-02 9.944324e-01 8.209580e+00 -2.181921e-03 9.975220e-01 -7.031982e-02 -7.737852e-01 -9.969101e-01 3.351844e-03 7.848028e-02 5.597135e+01
-6.190262e-03 7.029766e-02 9.975068e-01 1.113754e+01 1.431476e-02 9.974299e-01 -7.020342e-02 -9.965387e-01 -9.998784e-01 1.384449e-02 -7.180648e-03 5.597900e+01
-1.479860e-02 7.371512e-02 9.971695e-01 1.175501e+01 1.910705e-02 9.971174e-01 -7.342773e-02 -1.055254e+00 -9.997080e-01 1.796633e-02 -1.616442e-02 5.596304e+01
-2.590903e-02 7.474963e-02 9.968656e-01 1.302027e+01 2.392123e-02 9.969612e-01 -7.413508e-02 -1.167977e+00 -9.993781e-01 2.192548e-02 -2.761840e-02 5.590304e+01
-3.224636e-02 6.482052e-02 9.973757e-01 1.433357e+01 1.930001e-02 9.977490e-01 -6.422080e-02 -1.269538e+00 -9.992936e-01 1.717847e-02 -3.342481e-02 5.585852e+01
-3.087265e-02 7.512682e-02 9.966959e-01 1.778472e+01 2.832330e-02 9.968365e-01 -7.426013e-02 -1.502437e+00 -9.991220e-01 2.593711e-02 -3.290283e-02 5.567210e+01
-2.869260e-02 7.658907e-02 9.966497e-01 1.850468e+01 2.970433e-02 9.966852e-01 -7.573665e-02 -1.545746e+00 -9.991469e-01 2.743173e-02 -3.087252e-02 5.564300e+01
-2.419601e-02 6.403547e-02 9.976542e-01 1.997824e+01 2.815724e-02 9.975941e-01 -6.334873e-02 -1.647724e+00 -9.993107e-01 2.655840e-02 -2.594085e-02 5.559027e+01
-1.813135e-02 6.898441e-02 9.974529e-01 2.143850e+01 3.389740e-02 9.970858e-01 -6.834286e-02 -1.741686e+00 -9.992609e-01 3.257190e-02 -2.041691e-02 5.553688e+01
-4.586658e-03 6.657880e-02 9.977705e-01 2.437331e+01 2.924907e-02 9.973631e-01 -6.641717e-02 -1.955801e+00 -9.995617e-01 2.887922e-02 -6.521932e-03 5.548454e+01
-1.251911e-03 6.911428e-02 9.976079e-01 2.511164e+01 3.420447e-02 9.970279e-01 -6.903119e-02 -2.008471e+00 -9.994141e-01 3.403622e-02 -3.612208e-03 5.546362e+01
1.859530e-03 7.309744e-02 9.973230e-01 2.583505e+01 3.365647e-02 9.967551e-01 -7.311859e-02 -2.059391e+00 -9.994318e-01 3.370233e-02 -6.067061e-04 5.546181e+01
2.071775e-02 7.126874e-02 9.972419e-01 2.951232e+01 4.090596e-02 9.965603e-01 -7.206987e-02 -2.343893e+00 -9.989482e-01 4.228625e-02 1.773117e-02 5.552232e+01
2.700453e-02 7.039721e-02 9.971534e-01 3.098559e+01 4.270772e-02 9.965251e-01 -7.150946e-02 -2.445222e+00 -9.987226e-01 4.451722e-02 2.390419e-02 5.554859e+01
3.662308e-02 7.125285e-02 9.967856e-01 3.320740e+01 4.027483e-02 9.965392e-01 -7.271499e-02 -2.578228e+00 -9.985173e-01 4.280842e-02 3.362664e-02 5.561348e+01
4.429263e-02 7.181466e-02 9.964340e-01 3.544252e+01 3.837120e-02 9.965546e-01 -7.352900e-02 -2.711893e+00 -9.982815e-01 4.149115e-02 4.138441e-02 5.570930e+01
4.741274e-02 7.133303e-02 9.963250e-01 3.619785e+01 3.453945e-02 9.967332e-01 -7.300592e-02 -2.761384e+00 -9.982781e-01 3.787392e-02 4.479405e-02 5.574855e+01
5.077075e-02 7.342347e-02 9.960076e-01 3.695093e+01 3.333449e-02 9.966135e-01 -7.516735e-02 -2.812393e+00 -9.981539e-01 3.701770e-02 4.815128e-02 5.578704e+01
6.297842e-02 8.056066e-02 9.947580e-01 4.000220e+01 2.229850e-02 9.963743e-01 -8.210329e-02 -3.024315e+00 -9.977658e-01 2.735234e-02 6.095370e-02 5.597631e+01
6.664603e-02 8.105877e-02 9.944786e-01 4.077830e+01 2.445742e-02 9.962624e-01 -8.284322e-02 -3.080932e+00 -9.974769e-01 2.984355e-02 6.441445e-02 5.602494e+01
7.069430e-02 8.200656e-02 9.941213e-01 4.155550e+01 2.387540e-02 9.961901e-01 -8.387508e-02 -3.135919e+00 -9.972123e-01 2.966452e-02 6.846702e-02 5.607788e+01
7.831116e-02 8.192870e-02 9.935567e-01 4.313031e+01 1.900906e-02 9.963134e-01 -8.365431e-02 -3.244326e+00 -9.967478e-01 2.543764e-02 7.646507e-02 5.620333e+01
8.814603e-02 8.493966e-02 9.924794e-01 4.471372e+01 1.544655e-02 9.961213e-01 -8.662324e-02 -3.352539e+00 -9.959878e-01 2.296587e-02 8.649212e-02 5.634391e+01
1.017001e-01 9.855422e-02 9.899212e-01 4.630756e+01 1.204009e-02 9.948858e-01 -1.002854e-01 -3.461241e+00 -9.947423e-01 2.211777e-02 9.999338e-02 5.650810e+01
1.234522e-01 9.684397e-02 9.876136e-01 4.872687e+01 3.804221e-03 9.951731e-01 -9.806079e-02 -3.662244e+00 -9.923433e-01 1.586291e-02 1.224879e-01 5.681192e+01
1.306562e-01 9.388208e-02 9.869726e-01 4.954068e+01 3.680756e-03 9.954536e-01 -9.517607e-02 -3.727642e+00 -9.914209e-01 1.606814e-02 1.297166e-01 5.692162e+01
1.381181e-01 8.777174e-02 9.865188e-01 5.035682e+01 1.418947e-03 9.960468e-01 -8.881813e-02 -3.792894e+00 -9.904148e-01 1.366721e-02 1.374476e-01 5.704097e+01
1.599738e-01 8.035847e-02 9.838449e-01 5.277379e+01 -1.057041e-03 9.966942e-01 -8.123612e-02 -3.968025e+00 -9.871207e-01 1.195568e-02 1.595299e-01 5.742490e+01
1.656985e-01 8.616732e-02 9.824047e-01 5.356153e+01 -9.232977e-04 9.961885e-01 -8.722059e-02 -4.023164e+00 -9.861761e-01 1.354526e-02 1.651465e-01 5.756033e+01
1.708588e-01 9.069896e-02 9.811120e-01 5.434318e+01 -1.860034e-03 9.957820e-01 -9.173122e-02 -4.082523e+00 -9.852938e-01 1.384818e-02 1.703068e-01 5.769851e+01
1.809517e-01 9.250328e-02 9.791320e-01 5.587053e+01 -5.855985e-03 9.956505e-01 -9.298165e-02 -4.204409e+00 -9.834746e-01 1.109141e-02 1.807064e-01 5.797950e+01
1.863508e-01 8.909315e-02 9.784353e-01 5.664546e+01 -2.180078e-03 9.959149e-01 -9.026959e-02 -4.262120e+00 -9.824809e-01 1.468874e-02 1.857838e-01 5.812033e+01
1.938017e-01 7.570595e-02 9.781152e-01 5.813668e+01 -3.606712e-03 9.970662e-01 -7.645814e-02 -4.369152e+00 -9.810341e-01 1.128994e-02 1.935062e-01 5.841357e+01
2.000843e-01 7.342233e-02 9.770237e-01 5.959961e+01 -8.462431e-03 9.972804e-01 -7.321160e-02 -4.467621e+00 -9.797422e-01 6.380489e-03 2.001614e-01 5.871611e+01
2.021928e-01 7.573447e-02 9.764129e-01 6.031245e+01 -1.049868e-02 9.971157e-01 -7.516624e-02 -4.516372e+00 -9.792895e-01 4.947024e-03 2.024047e-01 5.886609e+01
2.054345e-01 8.430510e-02 9.750329e-01 6.170436e+01 -1.627995e-02 9.964393e-01 -8.272590e-02 -4.614787e+00 -9.785355e-01 1.121269e-03 2.060755e-01 5.917238e+01
2.074464e-01 8.946661e-02 9.741466e-01 6.238199e+01 -1.684370e-02 9.959881e-01 -8.788567e-02 -4.657586e+00 -9.781014e-01 1.823331e-03 2.081211e-01 5.932091e+01
2.101708e-01 9.099554e-02 9.734207e-01 6.372231e+01 -1.864042e-02 9.958511e-01 -8.906770e-02 -4.758759e+00 -9.774870e-01 5.744598e-04 2.109950e-01 5.961689e+01
2.112869e-01 8.541374e-02 9.736849e-01 6.503281e+01 -1.865394e-02 9.963453e-01 -8.335373e-02 -4.867829e+00 -9.772461e-01 -5.515137e-04 2.121080e-01 5.990218e+01
2.095206e-01 8.372355e-02 9.742132e-01 6.630099e+01 -1.785350e-02 9.964889e-01 -8.179825e-02 -4.965400e+00 -9.776413e-01 -2.547066e-04 2.102797e-01 6.016765e+01
2.053680e-01 8.784886e-02 9.747340e-01 6.754573e+01 -2.015721e-02 9.961316e-01 -8.553041e-02 -5.076711e+00 -9.784773e-01 -2.082714e-03 2.063443e-01 6.043224e+01
2.013967e-01 9.173994e-02 9.752041e-01 6.872472e+01 -1.608471e-02 9.957798e-01 -9.035379e-02 -5.182058e+00 -9.793777e-01 2.511083e-03 2.020224e-01 6.067792e+01
1.965663e-01 8.799307e-02 9.765341e-01 6.988288e+01 -1.711964e-02 9.961210e-01 -8.631201e-02 -5.285896e+00 -9.803411e-01 2.481145e-04 1.973102e-01 6.091928e+01
1.945332e-01 8.356130e-02 9.773301e-01 7.044995e+01 -1.685792e-02 9.965024e-01 -8.184504e-02 -5.342758e+00 -9.807511e-01 -5.541834e-04 1.952615e-01 6.103300e+01
1.909839e-01 8.458246e-02 9.779421e-01 7.154538e+01 -9.556653e-03 9.963935e-01 -8.431200e-02 -5.440828e+00 -9.815467e-01 6.756381e-03 1.911035e-01 6.124382e+01
1.869668e-01 8.883578e-02 9.783412e-01 7.262287e+01 -6.447483e-03 9.959922e-01 -8.920640e-02 -5.532216e+00 -9.823451e-01 1.037080e-02 1.867903e-01 6.145078e+01
1.845375e-01 8.926813e-02 9.787630e-01 7.370114e+01 -4.887309e-03 9.959375e-01 -8.991310e-02 -5.630170e+00 -9.828134e-01 1.180882e-02 1.842241e-01 6.165701e+01
1.879927e-01 8.647239e-02 9.783563e-01 7.478759e+01 6.455634e-03 9.959864e-01 -8.927110e-02 -5.720800e+00 -9.821493e-01 2.309822e-02 1.866799e-01 6.184178e+01
1.934204e-01 8.506894e-02 9.774209e-01 7.588674e+01 5.714224e-03 9.961193e-01 -8.782713e-02 -5.817062e+00 -9.810994e-01 2.257276e-02 1.921837e-01 6.205821e+01
2.058044e-01 8.467054e-02 9.749232e-01 7.699260e+01 6.227646e-03 9.961163e-01 -8.782578e-02 -5.912287e+00 -9.785734e-01 2.414640e-02 2.044778e-01 6.229135e+01
2.221289e-01 8.323105e-02 9.714583e-01 7.812868e+01 5.261109e-03 9.962330e-01 -8.655665e-02 -6.008758e+00 -9.750032e-01 2.433767e-02 2.208542e-01 6.255305e+01
2.409914e-01 8.249252e-02 9.670150e-01 7.928502e+01 -1.509138e-04 9.963842e-01 -8.496031e-02 -6.107865e+00 -9.705273e-01 2.032877e-02 2.401325e-01 6.284580e+01
2.600305e-01 8.867053e-02 9.615204e-01 8.045340e+01 -8.288988e-03 9.959430e-01 -8.960332e-02 -6.192815e+00 -9.655649e-01 1.532956e-02 2.597105e-01 6.317985e+01
2.810514e-01 9.255691e-02 9.552189e-01 8.165468e+01 -1.440018e-02 9.956330e-01 -9.223596e-02 -6.285674e+00 -9.595847e-01 1.216772e-02 2.811569e-01 6.354111e+01
2.908657e-01 9.326445e-02 9.522073e-01 8.226579e+01 -1.695222e-02 9.955836e-01 -9.233468e-02 -6.324963e+00 -9.566137e-01 1.071496e-02 2.911622e-01 6.374049e+01
3.114761e-01 9.499952e-02 9.454933e-01 8.353476e+01 -2.182553e-02 9.954428e-01 -9.282824e-02 -6.414738e+00 -9.500033e-01 8.277883e-03 3.121301e-01 6.416680e+01
3.329780e-01 8.181771e-02 9.393782e-01 8.486139e+01 -1.796666e-02 9.965980e-01 -8.043286e-02 -6.498607e+00 -9.427634e-01 9.904888e-03 3.333152e-01 6.463735e+01
3.540944e-01 7.458960e-02 9.322303e-01 8.622445e+01 -1.650619e-02 9.971574e-01 -7.351492e-02 -6.585584e+00 -9.350641e-01 1.064365e-02 3.543190e-01 6.515377e+01
3.724555e-01 6.671889e-02 9.256486e-01 8.763165e+01 -3.810859e-03 9.975139e-01 -7.036543e-02 -6.624344e+00 -9.280423e-01 2.268047e-02 3.717838e-01 6.570333e+01
3.868597e-01 5.286436e-02 9.206220e-01 8.907692e+01 1.153572e-02 9.979998e-01 -6.215508e-02 -6.684073e+00 -9.220665e-01 3.466532e-02 3.854760e-01 6.628897e+01
4.017997e-01 5.915111e-02 9.138151e-01 9.050245e+01 1.551673e-02 9.973284e-01 -7.137956e-02 -6.763694e+00 -9.155961e-01 4.285970e-02 3.998084e-01 6.690709e+01
4.144271e-01 6.513043e-02 9.077489e-01 9.192183e+01 1.705387e-02 9.967049e-01 -7.929882e-02 -6.870738e+00 -9.099228e-01 4.834421e-02 4.119508e-01 6.755932e+01
4.227454e-01 7.070038e-02 9.034864e-01 9.328887e+01 3.057782e-03 9.968352e-01 -7.943595e-02 -6.975179e+00 -9.062434e-01 3.634384e-02 4.211913e-01 6.824748e+01
4.270382e-01 7.405487e-02 9.011959e-01 9.396130e+01 2.044972e-03 9.965590e-01 -8.286027e-02 -7.034880e+00 -9.042313e-01 3.722741e-02 4.254173e-01 6.858083e+01
4.311862e-01 7.836336e-02 8.988534e-01 9.463312e+01 -1.013917e-03 9.962626e-01 -8.636927e-02 -7.110019e+00 -9.022624e-01 3.632986e-02 4.296541e-01 6.892013e+01
4.385578e-01 7.953606e-02 8.951765e-01 9.592749e+01 -5.482144e-03 9.962942e-01 -8.583457e-02 -7.259679e+00 -8.986863e-01 3.273593e-02 4.373687e-01 6.958240e+01
4.462005e-01 7.354328e-02 8.919061e-01 9.720647e+01 -4.875929e-03 9.968026e-01 -7.975336e-02 -7.398532e+00 -8.949198e-01 3.123711e-02 4.451324e-01 7.023613e+01
4.498128e-01 7.264084e-02 8.901638e-01 9.784561e+01 -6.223303e-03 9.969176e-01 -7.820765e-02 -7.469536e+00 -8.931012e-01 2.963904e-02 4.488783e-01 7.056975e+01
4.559167e-01 7.493501e-02 8.868622e-01 9.903309e+01 -6.874789e-03 9.967160e-01 -8.068289e-02 -7.592121e+00 -8.899959e-01 3.068768e-02 4.549346e-01 7.119793e+01
4.580361e-01 7.309423e-02 8.859233e-01 9.962790e+01 -4.849071e-03 9.968042e-01 -7.973557e-02 -7.650212e+00 -8.889204e-01 3.222586e-02 4.569267e-01 7.150888e+01
4.615821e-01 7.190767e-02 8.841782e-01 1.007869e+02 -4.291855e-03 9.968785e-01 -7.883272e-02 -7.766662e+00 -8.870872e-01 3.259300e-02 4.604499e-01 7.212549e+01
4.693305e-01 7.307267e-02 8.799938e-01 1.024447e+02 -1.109730e-03 9.966180e-01 -8.216504e-02 -7.943074e+00 -8.830219e-01 3.758600e-02 4.678244e-01 7.303236e+01
4.756810e-01 7.068726e-02 8.767729e-01 1.035115e+02 4.050499e-03 9.965791e-01 -8.254384e-02 -8.053690e+00 -8.796086e-01 4.281590e-02 4.737675e-01 7.362090e+01
4.823176e-01 6.935246e-02 8.732467e-01 1.045505e+02 6.467138e-03 9.965520e-01 -8.271724e-02 -8.139292e+00 -8.759726e-01 4.554338e-02 4.802060e-01 7.419588e+01
4.891732e-01 6.814586e-02 8.695203e-01 1.055640e+02 8.817026e-03 9.965056e-01 -8.305820e-02 -8.223750e+00 -8.721421e-01 4.829642e-02 4.868630e-01 7.476626e+01
4.974064e-01 6.960041e-02 8.647211e-01 1.065650e+02 1.039377e-02 9.962267e-01 -8.616388e-02 -8.308372e+00 -8.674554e-01 5.184617e-02 4.948061e-01 7.534311e+01
5.075846e-01 7.889659e-02 8.579820e-01 1.075403e+02 4.700685e-03 9.955302e-01 -9.432592e-02 -8.418748e+00 -8.615891e-01 5.191148e-02 5.049449e-01 7.592569e+01
5.364891e-01 9.552072e-02 8.384838e-01 1.099856e+02 -1.985535e-02 9.947271e-01 -1.006160e-01 -8.706456e+00 -8.436737e-01 3.733100e-02 5.355569e-01 7.748994e+01
5.479617e-01 9.099474e-02 8.315395e-01 1.110125e+02 -3.224469e-02 9.956247e-01 -8.770211e-02 -8.817849e+00 -8.358818e-01 2.124465e-02 5.484982e-01 7.817109e+01
5.605101e-01 9.286252e-02 8.229246e-01 1.120557e+02 -3.948982e-02 9.955598e-01 -8.544618e-02 -8.915374e+00 -8.272056e-01 1.539630e-02 5.616884e-01 7.887613e+01
5.725560e-01 1.001365e-01 8.137274e-01 1.131161e+02 -4.600950e-02 9.948734e-01 -9.005489e-02 -9.011645e+00 -8.185737e-01 1.412227e-02 5.742279e-01 7.962766e+01
5.851199e-01 1.029632e-01 8.043838e-01 1.142286e+02 -5.131706e-02 9.946201e-01 -8.998518e-02 -9.105368e+00 -8.093215e-01 1.137351e-02 5.872557e-01 8.042589e+01
5.984116e-01 1.026552e-01 7.945850e-01 1.153671e+02 -5.766808e-02 9.947039e-01 -8.507872e-02 -9.217043e+00 -7.991107e-01 5.089903e-03 6.011623e-01 8.128451e+01
6.134904e-01 1.008717e-01 7.832333e-01 1.165301e+02 -5.858763e-02 9.948889e-01 -8.224017e-02 -9.317811e+00 -7.875259e-01 4.565763e-03 6.162646e-01 8.218891e+01
6.287839e-01 1.038119e-01 7.706191e-01 1.177001e+02 -6.392980e-02 9.945945e-01 -8.182087e-02 -9.410224e+00 -7.749477e-01 2.182111e-03 6.320216e-01 8.315109e+01
6.407217e-01 1.032479e-01 7.607993e-01 1.189071e+02 -6.562197e-02 9.946549e-01 -7.971966e-02 -9.501459e+00 -7.649638e-01 1.152959e-03 6.440723e-01 8.416417e+01
6.482741e-01 9.914096e-02 7.549249e-01 1.201636e+02 -6.092667e-02 9.950617e-01 -7.835775e-02 -9.590647e+00 -7.589655e-01 4.802234e-03 6.511131e-01 8.522386e+01
6.557828e-01 8.869963e-02 7.497207e-01 1.214334e+02 -4.780545e-02 9.959598e-01 -7.601670e-02 -9.682937e+00 -7.534345e-01 1.400970e-02 6.573737e-01 8.629266e+01
6.630555e-01 7.736600e-02 7.445615e-01 1.227300e+02 -3.652420e-02 9.968037e-01 -7.105009e-02 -9.773963e+00 -7.476787e-01 1.991564e-02 6.637620e-01 8.740500e+01
6.663679e-01 7.623736e-02 7.417153e-01 1.233777e+02 -3.632067e-02 9.968970e-01 -6.983526e-02 -9.820354e+00 -7.447380e-01 1.959638e-02 6.670692e-01 8.797821e+01
6.726330e-01 8.244028e-02 7.353695e-01 1.246768e+02 -4.296094e-02 9.964489e-01 -7.241340e-02 -9.916275e+00 -7.387281e-01 1.711548e-02 6.737862e-01 8.916047e+01
6.781317e-01 8.261678e-02 7.302820e-01 1.259636e+02 -4.941746e-02 9.965384e-01 -6.684989e-02 -1.001373e+01 -7.332771e-01 9.244349e-03 6.798670e-01 9.035993e+01
6.851176e-01 7.449807e-02 7.246129e-01 1.272756e+02 -5.171768e-02 9.972208e-01 -5.362636e-02 -1.010087e+01 -7.265943e-01 -7.349427e-04 6.870664e-01 9.159686e+01
6.897845e-01 7.018655e-02 7.206047e-01 1.279271e+02 -4.896896e-02 9.975336e-01 -5.028476e-02 -1.014276e+01 -7.223569e-01 -6.016191e-04 6.915202e-01 9.221818e+01
6.945548e-01 6.746366e-02 7.162696e-01 1.285815e+02 -4.338405e-02 9.977092e-01 -5.190300e-02 -1.018420e+01 -7.181305e-01 4.974799e-03 6.958906e-01 9.284078e+01
7.000786e-01 6.446784e-02 7.111496e-01 1.292245e+02 -3.261729e-02 9.977637e-01 -5.834077e-02 -1.023342e+01 -7.133204e-01 1.764735e-02 7.006158e-01 9.346390e+01
7.112766e-01 6.627078e-02 6.997812e-01 1.305065e+02 -2.419601e-02 9.972640e-01 -6.984958e-02 -1.034070e+01 -7.024957e-01 3.275046e-02 7.109340e-01 9.474426e+01
7.170970e-01 6.227613e-02 6.941855e-01 1.311491e+02 -2.167839e-02 9.975111e-01 -6.709393e-02 -1.039963e+01 -6.966362e-01 3.306402e-02 7.166622e-01 9.540323e+01
7.284913e-01 5.352637e-02 6.829607e-01 1.324272e+02 -1.289581e-02 9.978376e-01 -6.444902e-02 -1.050523e+01 -6.849337e-01 3.814321e-02 7.276063e-01 9.674200e+01
7.367498e-01 5.740409e-02 6.737244e-01 1.336847e+02 -1.154373e-02 9.973123e-01 -7.235151e-02 -1.060432e+01 -6.760670e-01 4.552765e-02 7.354323e-01 9.810439e+01
7.399405e-01 5.339135e-02 6.705501e-01 1.343191e+02 -9.169455e-03 9.975529e-01 -6.931005e-02 -1.066004e+01 -6.726099e-01 4.513673e-02 7.386194e-01 9.879631e+01
7.423894e-01 4.822207e-02 6.682309e-01 1.349539e+02 -5.940312e-03 9.978408e-01 -6.540843e-02 -1.071551e+01 -6.699423e-01 4.458902e-02 7.410729e-01 9.948856e+01
7.438086e-01 4.422238e-02 6.669281e-01 1.356011e+02 -2.810458e-03 9.980069e-01 -6.304099e-02 -1.077139e+01 -6.683868e-01 4.501605e-02 7.424504e-01 1.001963e+02
7.444086e-01 3.981831e-02 6.665360e-01 1.362215e+02 6.075426e-04 9.981795e-01 -6.030895e-02 -1.081998e+01 -6.677241e-01 4.529944e-02 7.430292e-01 1.008793e+02
7.446767e-01 3.886854e-02 6.662926e-01 1.368528e+02 5.034860e-04 9.982697e-01 -5.879734e-02 -1.086978e+01 -6.674252e-01 4.412047e-02 7.433687e-01 1.015789e+02
7.439725e-01 4.142014e-02 6.669253e-01 1.381207e+02 -2.359997e-03 9.982335e-01 -5.936379e-02 -1.096869e+01 -6.682062e-01 4.259108e-02 7.427560e-01 1.029852e+02
7.406677e-01 4.907649e-02 6.700767e-01 1.393904e+02 -9.656987e-03 9.980032e-01 -6.241955e-02 -1.106529e+01 -6.718021e-01 3.976121e-02 7.396627e-01 1.043827e+02
7.361989e-01 5.306085e-02 6.746819e-01 1.406686e+02 -1.596371e-02 9.980058e-01 -6.106964e-02 -1.116410e+01 -6.765770e-01 3.418896e-02 7.355777e-01 1.057715e+02
7.313859e-01 5.166595e-02 6.800038e-01 1.419472e+02 -1.795340e-02 9.982391e-01 -5.653516e-02 -1.126171e+01 -6.817275e-01 2.914063e-02 7.310256e-01 1.071334e+02
7.287605e-01 4.794310e-02 6.830882e-01 1.425933e+02 -1.422739e-02 9.983907e-01 -5.489421e-02 -1.130940e+01 -6.846209e-01 3.028616e-02 7.282698e-01 1.078056e+02
7.223039e-01 6.290068e-02 6.887093e-01 1.438589e+02 -2.003347e-02 9.973403e-01 -7.007765e-02 -1.141070e+01 -6.912856e-01 3.682011e-02 7.216429e-01 1.091244e+02
7.151980e-01 6.636784e-02 6.957637e-01 1.451538e+02 -2.496307e-02 9.972717e-01 -6.946792e-02 -1.152141e+01 -6.984760e-01 3.231491e-02 7.149034e-01 1.104492e+02
7.079977e-01 6.419717e-02 7.032908e-01 1.464484e+02 -2.918610e-02 9.976687e-01 -6.168690e-02 -1.163357e+01 -7.056114e-01 2.314786e-02 7.082208e-01 1.117540e+02
7.017347e-01 6.235181e-02 7.097046e-01 1.477333e+02 -2.673815e-02 9.977659e-01 -6.122186e-02 -1.173221e+01 -7.119365e-01 2.398531e-02 7.018341e-01 1.130076e+02
6.954869e-01 6.096418e-02 7.159478e-01 1.490522e+02 -1.943465e-02 9.976256e-01 -6.607031e-02 -1.183500e+01 -7.182760e-01 3.203684e-02 6.950203e-01 1.142503e+02
6.916046e-01 6.120012e-02 7.196788e-01 1.497073e+02 -1.661558e-02 9.974881e-01 -6.885709e-02 -1.188352e+01 -7.220853e-01 3.566398e-02 6.908842e-01 1.148427e+02
6.834020e-01 6.347575e-02 7.272775e-01 1.510476e+02 -1.859951e-02 9.974033e-01 -6.957454e-02 -1.197578e+01 -7.298054e-01 3.402036e-02 6.828080e-01 1.160372e+02
6.782384e-01 6.333601e-02 7.321074e-01 1.517272e+02 -1.839537e-02 9.974298e-01 -6.924776e-02 -1.202409e+01 -7.346117e-01 3.349909e-02 6.776602e-01 1.166342e+02
6.661776e-01 7.294586e-02 7.422171e-01 1.530860e+02 -2.514374e-02 9.968361e-01 -7.540231e-02 -1.212501e+01 -7.453692e-01 3.156921e-02 6.659040e-01 1.178158e+02
6.534586e-01 8.079660e-02 7.526378e-01 1.544786e+02 -2.689334e-02 9.961374e-01 -8.358715e-02 -1.223831e+01 -7.564844e-01 3.437979e-02 6.531075e-01 1.189893e+02
6.469446e-01 7.608418e-02 7.587317e-01 1.551890e+02 -2.810513e-02 9.967128e-01 -7.598421e-02 -1.229900e+01 -7.620189e-01 2.783331e-02 6.469563e-01 1.195662e+02
6.397512e-01 7.181624e-02 7.652194e-01 1.559127e+02 -3.418701e-02 9.972984e-01 -6.501541e-02 -1.236503e+01 -7.678214e-01 1.543313e-02 6.404781e-01 1.201520e+02
6.324319e-01 6.652044e-02 7.717544e-01 1.566454e+02 -3.339659e-02 9.977209e-01 -5.862978e-02 -1.242646e+01 -7.738957e-01 1.130537e-02 6.332121e-01 1.207245e+02
6.251650e-01 6.886405e-02 7.774487e-01 1.573838e+02 -3.787701e-02 9.976031e-01 -5.790688e-02 -1.247643e+01 -7.795731e-01 6.753918e-03 6.262749e-01 1.212983e+02
6.172113e-01 6.988319e-02 7.836877e-01 1.581338e+02 -3.599040e-02 9.975127e-01 -6.060540e-02 -1.252578e+01 -7.859739e-01 9.201094e-03 6.181912e-01 1.218681e+02
6.038259e-01 7.815156e-02 7.932758e-01 1.596460e+02 -2.993338e-02 9.967033e-01 -7.540806e-02 -1.263933e+01 -7.965541e-01 2.178790e-02 6.041746e-01 1.229716e+02
5.963776e-01 7.929639e-02 7.987777e-01 1.604008e+02 -2.527590e-02 9.964702e-01 -8.005047e-02 -1.270216e+01 -8.023060e-01 2.755048e-02 5.962768e-01 1.235094e+02
5.891790e-01 7.493142e-02 8.045206e-01 1.611947e+02 -2.269531e-02 9.968324e-01 -7.622240e-02 -1.277762e+01 -8.076838e-01 2.664978e-02 5.890133e-01 1.240636e+02
5.822744e-01 6.889034e-02 8.100682e-01 1.619638e+02 -1.852015e-02 9.972687e-01 -7.149816e-02 -1.285193e+01 -8.127814e-01 2.662895e-02 5.819599e-01 1.245828e+02
5.573815e-01 6.199015e-02 8.279390e-01 1.650417e+02 -9.673814e-03 9.976259e-01 -6.818255e-02 -1.312226e+01 -8.302002e-01 2.999436e-02 5.566579e-01 1.266042e+02
5.523929e-01 5.872647e-02 8.315126e-01 1.658008e+02 -9.085324e-03 9.978801e-01 -6.444078e-02 -1.318289e+01 -8.335344e-01 2.804206e-02 5.517555e-01 1.270920e+02
5.479447e-01 5.798755e-02 8.345022e-01 1.665531e+02 -1.051015e-02 9.979929e-01 -6.244704e-02 -1.323954e+01 -8.364486e-01 2.544678e-02 5.474544e-01 1.275770e+02
5.433404e-01 6.094574e-02 8.372973e-01 1.672915e+02 -1.101350e-02 9.977929e-01 -6.548111e-02 -1.329978e+01 -8.394403e-01 2.635695e-02 5.428124e-01 1.280524e+02
5.330025e-01 7.208680e-02 8.430372e-01 1.694764e+02 -1.306140e-02 9.969463e-01 -7.698940e-02 -1.348459e+01 -8.460129e-01 3.002430e-02 5.323164e-01 1.294289e+02
5.302807e-01 6.709643e-02 8.451629e-01 1.701931e+02 -1.291596e-02 9.973871e-01 -7.107748e-02 -1.354899e+01 -8.477238e-01 2.677492e-02 5.297618e-01 1.298817e+02
5.280669e-01 5.862653e-02 8.471766e-01 1.709121e+02 -9.759284e-03 9.979671e-01 -6.297838e-02 -1.361181e+01 -8.491468e-01 2.498895e-02 5.275655e-01 1.303215e+02
5.255471e-01 5.374601e-02 8.490651e-01 1.716213e+02 -5.432773e-03 9.981941e-01 -5.982320e-02 -1.367121e+01 -8.507472e-01 2.682712e-02 5.248900e-01 1.307525e+02
5.186716e-01 6.233329e-02 8.526982e-01 1.736861e+02 -2.165016e-04 9.973482e-01 -7.277570e-02 -1.384508e+01 -8.549736e-01 3.756207e-02 5.173097e-01 1.320073e+02
5.163968e-01 7.099758e-02 8.534012e-01 1.743545e+02 -2.460570e-03 9.966761e-01 -8.142826e-02 -1.390627e+01 -8.563459e-01 3.994943e-02 5.148550e-01 1.324182e+02
5.142678e-01 7.224068e-02 8.545816e-01 1.750350e+02 1.884135e-03 9.963484e-01 -8.535855e-02 -1.396378e+01 -8.576276e-01 4.550729e-02 5.122538e-01 1.328270e+02
5.116812e-01 6.617294e-02 8.566232e-01 1.756897e+02 8.975473e-04 9.969878e-01 -7.755205e-02 -1.401825e+01 -8.591749e-01 4.045078e-02 5.100806e-01 1.332184e+02
5.000701e-01 6.042140e-02 8.638744e-01 1.782937e+02 -1.266980e-02 9.979666e-01 -6.246598e-02 -1.422293e+01 -8.658923e-01 2.029225e-02 4.998188e-01 1.347778e+02
4.975661e-01 6.193002e-02 8.652124e-01 1.789314e+02 -1.167629e-02 9.978358e-01 -6.470813e-02 -1.426465e+01 -8.673475e-01 2.209409e-02 4.972124e-01 1.351404e+02
4.949234e-01 6.121024e-02 8.667780e-01 1.795573e+02 -1.208720e-02 9.979042e-01 -6.356844e-02 -1.431261e+01 -8.688526e-01 2.098458e-02 4.946260e-01 1.355048e+02
4.896008e-01 5.986967e-02 8.698888e-01 1.807795e+02 -1.280694e-02 9.980260e-01 -6.148051e-02 -1.441258e+01 -8.718527e-01 1.896030e-02 4.894011e-01 1.362166e+02
4.828026e-01 6.205743e-02 8.735276e-01 1.819903e+02 -1.022615e-02 9.978174e-01 -6.523525e-02 -1.450312e+01 -8.756695e-01 2.256292e-02 4.823834e-01 1.368908e+02
4.736855e-01 6.600436e-02 8.782171e-01 1.831665e+02 -1.039294e-02 9.975370e-01 -6.936647e-02 -1.459096e+01 -8.806328e-01 2.373063e-02 4.732048e-01 1.375326e+02
4.685024e-01 6.864257e-02 8.807914e-01 1.837467e+02 -1.075481e-02 9.973462e-01 -7.200543e-02 -1.463103e+01 -8.833968e-01 2.426197e-02 4.679973e-01 1.378441e+02
4.562691e-01 7.465751e-02 8.867044e-01 1.849104e+02 -7.607239e-03 9.967650e-01 -8.000982e-02 -1.471237e+01 -8.898093e-01 2.976063e-02 4.553610e-01 1.384500e+02
4.427020e-01 7.909464e-02 8.931735e-01 1.860967e+02 -1.379913e-02 9.965849e-01 -8.141266e-02 -1.479763e+01 -8.965626e-01 2.371653e-02 4.422816e-01 1.390562e+02
4.295368e-01 8.152935e-02 8.993614e-01 1.873167e+02 -1.777900e-02 9.964866e-01 -8.184272e-02 -1.489366e+01 -9.028744e-01 1.916471e-02 4.294772e-01 1.396500e+02
4.148052e-01 9.003995e-02 9.054443e-01 1.885640e+02 -2.199096e-02 9.957932e-01 -8.894995e-02 -1.499292e+01 -9.096445e-01 1.698531e-02 4.150403e-01 1.402354e+02
3.922288e-01 9.906575e-02 9.145176e-01 1.904965e+02 -2.595899e-02 9.949799e-01 -9.664833e-02 -1.514579e+01 -9.195014e-01 1.416831e-02 3.928315e-01 1.410981e+02
3.847916e-01 1.008805e-01 9.174739e-01 1.911667e+02 -2.733209e-02 9.948186e-01 -9.792178e-02 -1.520551e+01 -9.225988e-01 1.260299e-02 3.855551e-01 1.413810e+02
3.777429e-01 1.015973e-01 9.203196e-01 1.918455e+02 -2.382205e-02 9.946991e-01 -1.000306e-01 -1.526383e+01 -9.256041e-01 1.586195e-02 3.781608e-01 1.416544e+02
3.707676e-01 1.006210e-01 9.232587e-01 1.925394e+02 -2.164634e-02 9.947797e-01 -9.972289e-02 -1.532526e+01 -9.284734e-01 1.698885e-02 3.710102e-01 1.419287e+02
3.558825e-01 9.574795e-02 9.296127e-01 1.939627e+02 -2.182126e-02 9.953177e-01 -9.416162e-02 -1.545199e+01 -9.342759e-01 1.322515e-02 3.563055e-01 1.424808e+02
3.436377e-01 8.776456e-02 9.349922e-01 1.954600e+02 -1.751161e-02 9.960491e-01 -8.705974e-02 -1.557305e+01 -9.389391e-01 1.354378e-02 3.438169e-01 1.430263e+02
3.382361e-01 8.240972e-02 9.374459e-01 1.962138e+02 -1.692004e-02 9.965297e-01 -8.149887e-02 -1.562684e+01 -9.409092e-01 1.170424e-02 3.384567e-01 1.432937e+02
3.326918e-01 7.692879e-02 9.398925e-01 1.969859e+02 -1.629127e-02 9.969872e-01 -7.583532e-02 -1.568196e+01 -9.428949e-01 9.917743e-03 3.329428e-01 1.435675e+02
3.280429e-01 7.676251e-02 9.415387e-01 1.977721e+02 -1.147022e-02 9.969431e-01 -7.728322e-02 -1.574033e+01 -9.445932e-01 1.455255e-02 3.279206e-01 1.438336e+02
3.230512e-01 8.427881e-02 9.426213e-01 1.985592e+02 -9.109144e-03 9.962575e-01 -8.595254e-02 -1.579846e+01 -9.463377e-01 1.918059e-02 3.226099e-01 1.440967e+02
3.148095e-01 1.023328e-01 9.436222e-01 2.001451e+02 2.326605e-03 9.940847e-01 -1.085816e-01 -1.592437e+01 -9.491521e-01 3.637793e-02 3.127092e-01 1.446074e+02
3.062511e-01 8.904936e-02 9.477765e-01 2.018244e+02 1.522725e-02 9.950294e-01 -9.840939e-02 -1.608857e+01 -9.518290e-01 4.457001e-02 3.033729e-01 1.451297e+02
2.966921e-01 9.037361e-02 9.506873e-01 2.035316e+02 1.415046e-02 9.949866e-01 -9.900089e-02 -1.626124e+01 -9.548684e-01 4.282544e-02 2.939259e-01 1.456544e+02
2.868469e-01 1.037087e-01 9.523462e-01 2.052495e+02 6.313512e-03 9.938965e-01 -1.101351e-01 -1.642655e+01 -9.579557e-01 3.760455e-02 2.844414e-01 1.461719e+02
2.812924e-01 9.863609e-02 9.545394e-01 2.061048e+02 3.084065e-03 9.946053e-01 -1.036851e-01 -1.651609e+01 -9.596172e-01 3.210968e-02 2.794707e-01 1.464228e+02
2.756989e-01 9.513302e-02 9.565248e-01 2.069819e+02 5.180705e-04 9.950756e-01 -9.911651e-02 -1.660980e+01 -9.612439e-01 2.782186e-02 2.742920e-01 1.466776e+02
2.651747e-01 1.011309e-01 9.588820e-01 2.087471e+02 -1.566681e-03 9.945281e-01 -1.044571e-01 -1.678439e+01 -9.641991e-01 2.619712e-02 2.638821e-01 1.471708e+02
2.566684e-01 1.005347e-01 9.612565e-01 2.105492e+02 5.486179e-03 9.944076e-01 -1.054667e-01 -1.696319e+01 -9.664840e-01 3.234359e-02 2.546814e-01 1.476436e+02
2.493833e-01 9.838460e-02 9.633942e-01 2.123811e+02 9.511728e-03 9.945290e-01 -1.040264e-01 -1.714388e+01 -9.683582e-01 3.510598e-02 2.470831e-01 1.481148e+02
2.466281e-01 9.726272e-02 9.642170e-01 2.133004e+02 9.659479e-03 9.946547e-01 -1.028038e-01 -1.723376e+01 -9.690621e-01 3.466812e-02 2.443703e-01 1.483482e+02
2.412380e-01 9.416597e-02 9.658866e-01 2.151568e+02 8.599209e-03 9.950347e-01 -9.915541e-02 -1.741109e+01 -9.704279e-01 3.222591e-02 2.392304e-01 1.488145e+02
2.367007e-01 9.694294e-02 9.667340e-01 2.170093e+02 2.825041e-03 9.949367e-01 -1.004628e-01 -1.758912e+01 -9.715785e-01 2.651067e-02 2.352284e-01 1.492778e+02
2.328840e-01 9.866896e-02 9.674861e-01 2.188603e+02 2.613904e-03 9.947726e-01 -1.020810e-01 -1.776862e+01 -9.725010e-01 2.630194e-02 2.314087e-01 1.497262e+02
2.304690e-01 9.379991e-02 9.685481e-01 2.207197e+02 5.176530e-03 9.952108e-01 -9.761387e-02 -1.794623e+01 -9.730659e-01 2.751068e-02 2.288797e-01 1.501656e+02
2.288692e-01 8.945903e-02 9.693378e-01 2.216448e+02 5.952827e-03 9.956211e-01 -9.329021e-02 -1.803413e+01 -9.734390e-01 2.712155e-02 2.273345e-01 1.503821e+02
2.271951e-01 9.333935e-02 9.693658e-01 2.225742e+02 5.126221e-03 9.952677e-01 -9.703490e-02 -1.812038e+01 -9.738358e-01 2.701503e-02 2.256415e-01 1.506004e+02
2.252583e-01 9.769402e-02 9.693887e-01 2.235075e+02 4.753492e-03 9.948380e-01 -1.013634e-01 -1.820847e+01 -9.742875e-01 2.744092e-02 2.236312e-01 1.508144e+02
2.234058e-01 1.020275e-01 9.693710e-01 2.244121e+02 4.420208e-03 9.943903e-01 -1.056795e-01 -1.829363e+01 -9.747155e-01 2.789423e-02 2.217015e-01 1.510218e+02
2.177265e-01 9.880990e-02 9.709952e-01 2.262731e+02 1.781073e-03 9.948202e-01 -1.016338e-01 -1.848080e+01 -9.760082e-01 2.385777e-02 2.164227e-01 1.514464e+02
2.109988e-01 8.885442e-02 9.734394e-01 2.281038e+02 3.055129e-03 9.957950e-01 -9.155725e-02 -1.865508e+01 -9.774816e-01 2.229244e-02 2.098401e-01 1.518450e+02
2.070110e-01 8.963300e-02 9.742239e-01 2.290056e+02 1.722539e-03 9.957593e-01 -9.198038e-02 -1.873661e+01 -9.783371e-01 2.071908e-02 2.059787e-01 1.520382e+02
2.028161e-01 9.132666e-02 9.749487e-01 2.299189e+02 1.864635e-03 9.956034e-01 -9.364937e-02 -1.881652e+01 -9.792151e-01 2.081152e-02 2.017541e-01 1.522303e+02
1.989953e-01 9.142692e-02 9.757263e-01 2.308378e+02 1.895294e-03 9.956009e-01 -9.367575e-02 -1.889376e+01 -9.799986e-01 2.049032e-02 1.979466e-01 1.524181e+02
1.946759e-01 9.085693e-02 9.766505e-01 2.317587e+02 1.971537e-03 9.956623e-01 -9.301859e-02 -1.896992e+01 -9.808657e-01 2.003397e-02 1.936523e-01 1.526032e+02
1.867244e-01 8.935452e-02 9.783402e-01 2.336155e+02 1.846353e-03 9.958213e-01 -9.130353e-02 -1.911494e+01 -9.824106e-01 1.885495e-02 1.857791e-01 1.529646e+02
1.825907e-01 9.018021e-02 9.790444e-01 2.345305e+02 2.826323e-04 9.957797e-01 -9.177443e-02 -1.918701e+01 -9.831890e-01 1.703386e-02 1.817946e-01 1.531401e+02
1.785548e-01 9.099055e-02 9.797136e-01 2.354493e+02 -2.091990e-03 9.957476e-01 -9.209846e-02 -1.926118e+01 -9.839278e-01 1.439507e-02 1.779859e-01 1.533132e+02
1.743611e-01 9.053696e-02 9.805106e-01 2.363787e+02 -4.315816e-03 9.958247e-01 -9.118355e-02 -1.933366e+01 -9.846724e-01 1.166716e-02 1.740238e-01 1.534780e+02
1.667417e-01 9.616093e-02 9.813002e-01 2.381998e+02 -1.347371e-02 9.953622e-01 -9.524949e-02 -1.949555e+01 -9.859086e-01 2.660306e-03 1.672640e-01 1.538032e+02
1.598319e-01 1.034678e-01 9.817067e-01 2.400191e+02 -1.762164e-02 9.946322e-01 -1.019611e-01 -1.966444e+01 -9.869870e-01 -1.002646e-03 1.607972e-01 1.541100e+02
1.564371e-01 1.008394e-01 9.825267e-01 2.409342e+02 -1.912174e-02 9.948972e-01 -9.906450e-02 -1.975257e+01 -9.875028e-01 -3.290260e-03 1.575671e-01 1.542564e+02
1.531232e-01 9.702814e-02 9.834321e-01 2.418500e+02 -1.863667e-02 9.952745e-01 -9.529479e-02 -1.983999e+01 -9.880314e-01 -3.736056e-03 1.542079e-01 1.543982e+02
1.468285e-01 9.306468e-02 9.847742e-01 2.436688e+02 -1.671571e-02 9.956554e-01 -9.160072e-02 -2.000434e+01 -9.890208e-01 -3.011608e-03 1.477462e-01 1.546684e+02
1.433841e-01 9.318567e-02 9.852702e-01 2.445757e+02 -1.605087e-02 9.956451e-01 -9.183109e-02 -2.008388e+01 -9.895370e-01 -2.647326e-03 1.442554e-01 1.547979e+02
1.391890e-01 9.508455e-02 9.856902e-01 2.454743e+02 -1.670129e-02 9.954632e-01 -9.366894e-02 -2.016399e+01 -9.901250e-01 -3.424617e-03 1.401456e-01 1.549236e+02
1.295849e-01 9.341149e-02 9.871585e-01 2.472733e+02 -7.631354e-03 9.956171e-01 -9.321015e-02 -2.032350e+01 -9.915390e-01 4.545266e-03 1.297298e-01 1.551446e+02
1.253781e-01 8.789818e-02 9.882075e-01 2.481739e+02 -7.045965e-03 9.961212e-01 -8.770814e-02 -2.040379e+01 -9.920840e-01 4.033802e-03 1.255111e-01 1.552524e+02
1.198622e-01 8.884159e-02 9.888074e-01 2.490698e+02 -7.117082e-03 9.960392e-01 -8.862864e-02 -2.048204e+01 -9.927651e-01 3.585797e-03 1.200197e-01 1.553582e+02
1.158805e-01 1.016851e-01 9.880444e-01 2.499549e+02 -3.982113e-03 9.947854e-01 -1.019118e-01 -2.055749e+01 -9.932552e-01 7.875084e-03 1.156811e-01 1.554527e+02
1.104988e-01 1.151812e-01 9.871794e-01 2.508345e+02 -2.010936e-03 9.932857e-01 -1.156686e-01 -2.063460e+01 -9.938743e-01 1.079609e-02 1.099885e-01 1.555425e+02
1.047395e-01 1.180202e-01 9.874719e-01 2.517259e+02 -4.262840e-03 9.929775e-01 -1.182261e-01 -2.071972e+01 -9.944906e-01 8.173507e-03 1.045071e-01 1.556328e+02
9.917196e-02 1.118108e-01 9.887685e-01 2.526209e+02 -8.700271e-03 9.937264e-01 -1.114988e-01 -2.080615e+01 -9.950323e-01 2.454999e-03 9.952258e-02 1.557215e+02
9.406476e-02 1.050531e-01 9.900078e-01 2.535136e+02 -1.083401e-02 9.944661e-01 -1.044968e-01 -2.089449e+01 -9.955072e-01 -8.962934e-04 9.468236e-02 1.558057e+02
7.516193e-02 9.907144e-02 9.922376e-01 2.561621e+02 -2.012641e-02 9.950002e-01 -9.782273e-02 -2.114494e+01 -9.969682e-01 -1.261764e-02 7.678010e-02 1.560255e+02
6.775378e-02 9.475242e-02 9.931924e-01 2.570428e+02 -2.362694e-02 9.953532e-01 -9.334679e-02 -2.122381e+01 -9.974223e-01 -1.714150e-02 6.967765e-02 1.560897e+02
6.045093e-02 9.080372e-02 9.940323e-01 2.579199e+02 -2.544022e-02 9.956702e-01 -8.940624e-02 -2.130232e+01 -9.978470e-01 -1.988371e-02 6.249926e-02 1.561451e+02
4.087781e-02 9.896300e-02 9.942511e-01 2.605270e+02 -1.649453e-02 9.950140e-01 -9.836080e-02 -2.151116e+01 -9.990280e-01 -1.237893e-02 4.230634e-02 1.562580e+02
2.816779e-02 9.417738e-02 9.951568e-01 2.622717e+02 -1.736072e-02 9.954477e-01 -9.371354e-02 -2.165347e+01 -9.994525e-01 -1.463693e-02 2.967455e-02 1.563158e+02
2.220778e-02 9.332828e-02 9.953876e-01 2.631403e+02 -1.454025e-02 9.955580e-01 -9.301987e-02 -2.172636e+01 -9.996477e-01 -1.240742e-02 2.346615e-02 1.563324e+02
1.710884e-02 9.546598e-02 9.952856e-01 2.640060e+02 -1.239199e-02 9.953751e-01 -9.526156e-02 -2.179663e+01 -9.997769e-01 -1.070376e-02 1.821273e-02 1.563451e+02
8.943048e-03 1.006318e-01 9.948835e-01 2.657295e+02 -1.000260e-02 9.948825e-01 -1.005418e-01 -2.194115e+01 -9.999100e-01 -9.052275e-03 9.903861e-03 1.563616e+02
4.848032e-03 9.689815e-02 9.952824e-01 2.674594e+02 -2.860987e-03 9.952914e-01 -9.688511e-02 -2.209328e+01 -9.999842e-01 -2.377790e-03 5.102428e-03 1.563596e+02
1.306964e-03 9.412386e-02 9.955596e-01 2.691826e+02 1.142220e-03 9.955596e-01 -9.412539e-02 -2.224240e+01 -9.999985e-01 1.260164e-03 1.193650e-03 1.563491e+02
-1.476633e-04 9.735673e-02 9.952495e-01 2.708934e+02 5.270039e-03 9.952357e-01 -9.735462e-02 -2.239231e+01 -9.999861e-01 5.230625e-03 -6.600340e-04 1.563409e+02
4.131730e-04 9.896354e-02 9.950909e-01 2.717439e+02 8.805307e-03 9.950520e-01 -9.896335e-02 -2.246937e+01 -9.999612e-01 8.802966e-03 -4.602761e-04 1.563340e+02
1.492866e-03 9.988379e-02 9.949979e-01 2.725882e+02 1.065649e-02 9.949409e-01 -9.989408e-02 -2.255275e+01 -9.999421e-01 1.075231e-02 4.209030e-04 1.563300e+02
2.918794e-03 1.000762e-01 9.949754e-01 2.734367e+02 1.201711e-02 9.949043e-01 -1.001044e-01 -2.263729e+01 -9.999236e-01 1.224891e-02 1.701293e-03 1.563283e+02
4.793049e-03 9.980382e-02 9.949955e-01 2.742406e+02 1.397223e-02 9.949031e-01 -9.986188e-02 -2.271743e+01 -9.998909e-01 1.438095e-02 3.374137e-03 1.563276e+02
7.215725e-03 9.861120e-02 9.950998e-01 2.750562e+02 1.484922e-02 9.950054e-01 -9.870955e-02 -2.279801e+01 -9.998637e-01 1.548871e-02 5.715386e-03 1.563301e+02
9.870523e-03 9.634341e-02 9.952991e-01 2.758616e+02 1.563907e-02 9.952110e-01 -9.648999e-02 -2.287783e+01 -9.998290e-01 1.651795e-02 8.316532e-03 1.563361e+02
1.635965e-02 9.038495e-02 9.957724e-01 2.774484e+02 1.476380e-02 9.957753e-01 -9.062779e-02 -2.302961e+01 -9.997572e-01 1.618401e-02 1.495611e-02 1.563596e+02
1.989448e-02 8.828070e-02 9.958969e-01 2.782238e+02 1.298542e-02 9.959872e-01 -8.854813e-02 -2.310166e+01 -9.997178e-01 1.469376e-02 1.866829e-02 1.563778e+02
2.734546e-02 9.000245e-02 9.955660e-01 2.797382e+02 5.628650e-03 9.959088e-01 -9.018806e-02 -2.323843e+01 -9.996102e-01 8.069923e-03 2.672699e-02 1.564295e+02
3.148095e-02 9.015983e-02 9.954295e-01 2.804806e+02 5.682488e-03 9.958909e-01 -9.038135e-02 -2.330168e+01 -9.994882e-01 8.501804e-03 3.083926e-02 1.564550e+02
3.510286e-02 8.734102e-02 9.955597e-01 2.812202e+02 4.614952e-03 9.961489e-01 -8.755545e-02 -2.336731e+01 -9.993731e-01 7.667904e-03 3.456460e-02 1.564848e+02
4.598351e-02 8.363717e-02 9.954347e-01 2.833383e+02 1.450858e-03 9.964821e-01 -8.379222e-02 -2.355164e+01 -9.989412e-01 5.297292e-03 4.570040e-02 1.565937e+02
4.981478e-02 8.490538e-02 9.951429e-01 2.840121e+02 9.564078e-04 9.963754e-01 -8.505843e-02 -2.361050e+01 -9.987580e-01 5.188927e-03 4.955302e-02 1.566340e+02
5.315016e-02 8.696359e-02 9.947926e-01 2.846753e+02 3.544211e-04 9.961990e-01 -8.710549e-02 -2.366960e+01 -9.985865e-01 4.982244e-03 5.291732e-02 1.566761e+02
5.922029e-02 8.988187e-02 9.941901e-01 2.859670e+02 -4.209716e-03 9.959517e-01 -8.979039e-02 -2.378128e+01 -9.982361e-01 1.132152e-03 5.935893e-02 1.567616e+02
6.586665e-02 9.151821e-02 9.936226e-01 2.872092e+02 -7.837117e-03 9.958017e-01 -9.119942e-02 -2.389017e+01 -9.977977e-01 -1.780139e-03 6.630736e-02 1.568523e+02
7.240766e-02 9.171733e-02 9.931490e-01 2.884106e+02 -9.505547e-03 9.957810e-01 -9.126739e-02 -2.399582e+01 -9.973299e-01 -2.831968e-03 7.297399e-02 1.569431e+02
7.748816e-02 9.419449e-02 9.925335e-01 2.895493e+02 -1.441353e-02 9.955286e-01 -9.335347e-02 -2.410169e+01 -9.968891e-01 -7.072121e-03 7.849936e-02 1.570416e+02
8.371397e-02 9.363229e-02 9.920810e-01 2.906604e+02 -1.686057e-02 9.955663e-01 -9.253851e-02 -2.419669e+01 -9.963472e-01 -8.980292e-03 8.492150e-02 1.571342e+02
8.964866e-02 9.529768e-02 9.914037e-01 2.917281e+02 -1.806414e-02 9.954036e-01 -9.404872e-02 -2.428194e+01 -9.958097e-01 -9.477513e-03 9.095807e-02 1.572288e+02
9.834348e-02 9.989360e-02 9.901261e-01 2.937527e+02 -1.992185e-02 9.949473e-01 -9.840131e-02 -2.444767e+01 -9.949531e-01 -1.004802e-02 9.983664e-02 1.574213e+02
1.007501e-01 1.026575e-01 9.896013e-01 2.947246e+02 -2.120281e-02 9.946580e-01 -1.010234e-01 -2.453746e+01 -9.946858e-01 -1.080421e-02 1.023885e-01 1.575174e+02
1.002965e-01 1.036965e-01 9.895390e-01 2.957020e+02 -2.090760e-02 9.945540e-01 -1.021029e-01 -2.463307e+01 -9.947379e-01 -1.044832e-02 1.019183e-01 1.576170e+02
9.405200e-02 1.058972e-01 9.899191e-01 2.977199e+02 -1.840470e-02 9.943417e-01 -1.046217e-01 -2.482169e+01 -9.953972e-01 -8.379288e-03 9.546883e-02 1.578091e+02
9.036216e-02 1.143786e-01 9.893190e-01 2.987679e+02 -1.039326e-02 9.934372e-01 -1.139055e-01 -2.492374e+01 -9.958548e-01 1.048919e-05 9.095790e-02 1.578894e+02
8.575183e-02 1.181163e-01 9.892901e-01 2.998664e+02 -1.111031e-02 9.929993e-01 -1.175962e-01 -2.502054e+01 -9.962546e-01 -9.072382e-04 8.646381e-02 1.579801e+02
8.343147e-02 1.088990e-01 9.905453e-01 3.010133e+02 2.473078e-03 9.939852e-01 -1.094855e-01 -2.515046e+01 -9.965105e-01 1.158423e-02 8.266033e-02 1.580468e+02
7.827110e-02 1.124281e-01 9.905723e-01 3.021893e+02 -6.016215e-04 9.936257e-01 -1.127271e-01 -2.527483e+01 -9.969320e-01 8.227323e-03 7.783981e-02 1.581416e+02
7.521955e-02 1.120311e-01 9.908536e-01 3.034095e+02 1.847027e-03 9.936513e-01 -1.124876e-01 -2.540269e+01 -9.971653e-01 1.029140e-02 7.453508e-02 1.582314e+02
7.250130e-02 1.104748e-01 9.912309e-01 3.046811e+02 7.489698e-03 9.937581e-01 -1.113043e-01 -2.553204e+01 -9.973402e-01 1.549372e-02 7.122133e-02 1.583096e+02
6.772387e-02 1.131934e-01 9.912621e-01 3.059952e+02 1.301164e-03 9.935323e-01 -1.135416e-01 -2.566221e+01 -9.977033e-01 8.979264e-03 6.713857e-02 1.584057e+02
6.452438e-02 1.190950e-01 9.907839e-01 3.073491e+02 2.360926e-03 9.928319e-01 -1.194949e-01 -2.579503e+01 -9.979134e-01 1.004950e-02 6.378068e-02 1.584838e+02
6.062733e-02 1.170197e-01 9.912772e-01 3.087476e+02 -4.908244e-03 9.931270e-01 -1.169379e-01 -2.594126e+01 -9.981484e-01 2.224202e-03 6.078500e-02 1.585802e+02
5.713243e-02 1.229182e-01 9.907708e-01 3.101745e+02 -2.094116e-03 9.924044e-01 -1.230001e-01 -2.609606e+01 -9.983644e-01 4.952504e-03 5.695588e-02 1.586611e+02
5.430244e-02 1.332636e-01 9.895918e-01 3.116329e+02 -4.975636e-04 9.910575e-01 -1.334337e-01 -2.625448e+01 -9.985244e-01 6.753389e-03 5.388315e-02 1.587386e+02
5.391789e-02 1.304135e-01 9.899924e-01 3.123814e+02 3.792934e-03 9.914007e-01 -1.308056e-01 -2.634091e+01 -9.985382e-01 1.080773e-02 5.295959e-02 1.587711e+02
5.332015e-02 1.240819e-01 9.908383e-01 3.131397e+02 8.682950e-03 9.921547e-01 -1.247140e-01 -2.643175e+01 -9.985398e-01 1.525316e-02 5.182444e-02 1.588018e+02
5.113628e-02 1.227066e-01 9.911246e-01 3.146762e+02 1.394691e-02 9.922385e-01 -1.235641e-01 -2.660789e+01 -9.985943e-01 2.014173e-02 4.902800e-02 1.588676e+02
4.997089e-02 1.255290e-01 9.908306e-01 3.162406e+02 1.586639e-02 9.918450e-01 -1.264577e-01 -2.678025e+01 -9.986247e-01 2.204011e-02 4.757169e-02 1.589387e+02
5.096456e-02 1.227630e-01 9.911265e-01 3.178436e+02 1.686391e-02 9.921689e-01 -1.237593e-01 -2.696318e+01 -9.985581e-01 2.302160e-02 4.849518e-02 1.590134e+02
5.201746e-02 1.218305e-01 9.911868e-01 3.186531e+02 1.741029e-02 9.922691e-01 -1.228772e-01 -2.705549e+01 -9.984944e-01 2.364860e-02 4.949421e-02 1.590532e+02
5.328914e-02 1.204013e-01 9.912939e-01 3.194779e+02 1.732402e-02 9.924436e-01 -1.214722e-01 -2.714548e+01 -9.984289e-01 2.364634e-02 5.080063e-02 1.590967e+02
5.454453e-02 1.189726e-01 9.913981e-01 3.203018e+02 1.721411e-02 9.926166e-01 -1.200659e-01 -2.723538e+01 -9.983630e-01 2.361497e-02 5.209380e-02 1.591401e+02
5.657803e-02 1.175706e-01 9.914514e-01 3.211391e+02 1.830567e-02 9.927530e-01 -1.187696e-01 -2.732655e+01 -9.982304e-01 2.486893e-02 5.401580e-02 1.591855e+02
5.867949e-02 1.161298e-01 9.914991e-01 3.219833e+02 1.971585e-02 9.928820e-01 -1.174586e-01 -2.741810e+01 -9.980822e-01 2.644065e-02 5.597221e-02 1.592317e+02
6.060118e-02 1.157836e-01 9.914240e-01 3.228344e+02 2.023431e-02 9.929029e-01 -1.171931e-01 -2.750858e+01 -9.979570e-01 2.716282e-02 5.782829e-02 1.592816e+02
6.327043e-02 1.161945e-01 9.912091e-01 3.236909e+02 2.143224e-02 9.928118e-01 -1.177504e-01 -2.759901e+01 -9.977663e-01 2.869394e-02 6.032533e-02 1.593323e+02
6.917695e-02 1.139790e-01 9.910717e-01 3.254350e+02 2.437491e-02 9.929619e-01 -1.158978e-01 -2.778207e+01 -9.973066e-01 3.217473e-02 6.591185e-02 1.594432e+02
7.209766e-02 1.129565e-01 9.909806e-01 3.263133e+02 2.588720e-02 9.930197e-01 -1.150723e-01 -2.787480e+01 -9.970616e-01 3.395015e-02 6.867027e-02 1.595010e+02
7.513682e-02 1.134846e-01 9.906945e-01 3.271990e+02 2.631868e-02 9.929311e-01 -1.157369e-01 -2.796791e+01 -9.968259e-01 3.476987e-02 7.161892e-02 1.595617e+02
7.817080e-02 1.142752e-01 9.903688e-01 3.280932e+02 2.733506e-02 9.927895e-01 -1.167121e-01 -2.806283e+01 -9.965652e-01 3.619527e-02 7.448343e-02 1.596224e+02
8.374685e-02 1.164910e-01 9.896546e-01 3.298880e+02 2.376216e-02 9.926276e-01 -1.188518e-01 -2.825775e+01 -9.962037e-01 3.346978e-02 8.036135e-02 1.597631e+02
8.618878e-02 1.176635e-01 9.893061e-01 3.307890e+02 2.209679e-02 9.925312e-01 -1.199722e-01 -2.835861e+01 -9.960338e-01 3.220074e-02 8.294507e-02 1.598373e+02
8.819552e-02 1.181846e-01 9.890671e-01 3.316970e+02 1.969879e-02 9.925353e-01 -1.203556e-01 -2.845992e+01 -9.959084e-01 3.009824e-02 8.520907e-02 1.599145e+02
9.163701e-02 1.140286e-01 9.892421e-01 3.335180e+02 1.945100e-02 9.930275e-01 -1.162667e-01 -2.866639e+01 -9.956025e-01 2.989608e-02 8.878009e-02 1.600736e+02
9.289593e-02 1.112317e-01 9.894431e-01 3.344313e+02 1.934819e-02 9.933509e-01 -1.134876e-01 -2.877189e+01 -9.954879e-01 2.968646e-02 9.012612e-02 1.601589e+02
9.403856e-02 1.116727e-01 9.892855e-01 3.353462e+02 2.084473e-02 9.932503e-01 -1.141017e-01 -2.887348e+01 -9.953503e-01 3.135134e-02 9.107604e-02 1.602423e+02
9.493406e-02 1.127651e-01 9.890760e-01 3.362589e+02 2.205986e-02 9.930811e-01 -1.153392e-01 -2.897212e+01 -9.952391e-01 3.276848e-02 9.178964e-02 1.603277e+02
9.558836e-02 1.128985e-01 9.889978e-01 3.371754e+02 2.178626e-02 9.930720e-01 -1.154693e-01 -2.907108e+01 -9.951825e-01 3.258408e-02 9.246648e-02 1.604126e+02
9.555729e-02 1.087423e-01 9.894664e-01 3.389981e+02 1.608639e-02 9.937166e-01 -1.107630e-01 -2.927516e+01 -9.952940e-01 2.650114e-02 9.320760e-02 1.605872e+02
9.578047e-02 1.101647e-01 9.892875e-01 3.399061e+02 1.446065e-02 9.935979e-01 -1.120448e-01 -2.937509e+01 -9.952975e-01 2.503743e-02 9.357421e-02 1.606703e+02
9.584067e-02 1.117738e-01 9.891011e-01 3.408083e+02 1.424895e-02 9.934194e-01 -1.136425e-01 -2.947693e+01 -9.952947e-01 2.498522e-02 9.361733e-02 1.607513e+02
9.609138e-02 1.119879e-01 9.890526e-01 3.417122e+02 1.386504e-02 9.934037e-01 -1.138276e-01 -2.957782e+01 -9.952760e-01 2.465110e-02 9.390482e-02 1.608345e+02
9.618510e-02 1.131048e-01 9.889164e-01 3.435205e+02 1.283903e-02 9.932992e-01 -1.148548e-01 -2.978018e+01 -9.952807e-01 2.374405e-02 9.408843e-02 1.609891e+02
9.676099e-02 1.117265e-01 9.890169e-01 3.453276e+02 1.349316e-02 9.934410e-01 -1.135464e-01 -2.997769e+01 -9.952162e-01 2.433182e-02 9.461879e-02 1.611449e+02
9.709422e-02 1.154493e-01 9.885565e-01 3.471167e+02 1.227950e-02 9.930349e-01 -1.171784e-01 -3.017753e+01 -9.951995e-01 2.351632e-02 9.500029e-02 1.613076e+02
9.958608e-02 1.127523e-01 9.886199e-01 3.489065e+02 1.834286e-02 9.931821e-01 -1.151203e-01 -3.037548e+01 -9.948599e-01 2.959849e-02 9.683891e-02 1.614741e+02
1.045667e-01 1.136308e-01 9.880049e-01 3.506977e+02 2.476749e-02 9.928455e-01 -1.168088e-01 -3.056953e+01 -9.942095e-01 3.668470e-02 1.010042e-01 1.616370e+02
1.107003e-01 1.198682e-01 9.865986e-01 3.524825e+02 3.306623e-02 9.917062e-01 -1.241990e-01 -3.076035e+01 -9.933036e-01 4.637195e-02 1.058186e-01 1.617983e+02
1.172720e-01 1.189627e-01 9.859488e-01 3.542731e+02 3.631767e-02 9.916214e-01 -1.239669e-01 -3.096097e+01 -9.924356e-01 5.034520e-02 1.119690e-01 1.619694e+02
1.239344e-01 1.210330e-01 9.848813e-01 3.560658e+02 3.688766e-02 9.912853e-01 -1.264618e-01 -3.114982e+01 -9.916046e-01 5.200293e-02 1.183897e-01 1.621440e+02
1.318728e-01 1.125377e-01 9.848577e-01 3.578634e+02 3.352562e-02 9.924598e-01 -1.178955e-01 -3.134268e+01 -9.906996e-01 4.856516e-02 1.271055e-01 1.623464e+02
1.413442e-01 1.105499e-01 9.837685e-01 3.596666e+02 2.997660e-02 9.928115e-01 -1.158730e-01 -3.152203e+01 -9.895066e-01 4.586800e-02 1.370142e-01 1.625502e+02
1.466974e-01 1.095166e-01 9.831001e-01 3.605743e+02 2.815798e-02 9.929871e-01 -1.148197e-01 -3.160985e+01 -9.887806e-01 4.452585e-02 1.425848e-01 1.626543e+02
1.599654e-01 1.106391e-01 9.809026e-01 3.623757e+02 2.478776e-02 9.929353e-01 -1.160387e-01 -3.179176e+01 -9.868114e-01 4.287654e-02 1.560928e-01 1.628963e+02
1.770761e-01 1.127470e-01 9.777178e-01 3.641687e+02 2.026468e-02 9.927883e-01 -1.181550e-01 -3.197736e+01 -9.839885e-01 4.073556e-02 1.735143e-01 1.631733e+02
1.956206e-01 1.130345e-01 9.741435e-01 3.659547e+02 1.678754e-02 9.928036e-01 -1.185709e-01 -3.216864e+01 -9.805360e-01 3.954838e-02 1.923152e-01 1.634848e+02
2.135395e-01 1.128075e-01 9.703995e-01 3.677270e+02 1.273175e-02 9.929051e-01 -1.182255e-01 -3.236548e+01 -9.768515e-01 3.760068e-02 2.105882e-01 1.638508e+02
2.217370e-01 1.125311e-01 9.685914e-01 3.686005e+02 1.125072e-02 9.929572e-01 -1.179376e-01 -3.246696e+01 -9.750416e-01 3.704847e-02 2.189093e-01 1.640490e+02
2.343612e-01 1.124992e-01 9.656182e-01 3.703486e+02 7.947360e-03 9.930266e-01 -1.176213e-01 -3.265824e+01 -9.721171e-01 3.523999e-02 2.318328e-01 1.644754e+02
2.394172e-01 1.132440e-01 9.642899e-01 3.712200e+02 6.456768e-03 9.929670e-01 -1.182149e-01 -3.275253e+01 -9.708953e-01 3.452888e-02 2.370022e-01 1.646956e+02
2.485591e-01 1.130185e-01 9.620005e-01 3.729644e+02 4.561648e-03 9.930218e-01 -1.178416e-01 -3.294965e+01 -9.686060e-01 3.367890e-02 2.463090e-01 1.651387e+02
2.574499e-01 1.130131e-01 9.596601e-01 3.747198e+02 4.280739e-03 9.929939e-01 -1.180870e-01 -3.314733e+01 -9.662822e-01 3.450954e-02 2.551624e-01 1.655911e+02
2.661828e-01 1.111869e-01 9.574884e-01 3.764772e+02 3.666615e-03 9.932010e-01 -1.163533e-01 -3.334844e+01 -9.639156e-01 3.448199e-02 2.639654e-01 1.660669e+02
2.752357e-01 1.072420e-01 9.553765e-01 3.782299e+02 2.690412e-03 9.936689e-01 -1.123155e-01 -3.355204e+01 -9.613731e-01 3.348357e-02 2.732046e-01 1.665661e+02
2.797899e-01 1.051832e-01 9.542819e-01 3.790956e+02 2.531317e-03 9.938960e-01 -1.102918e-01 -3.365147e+01 -9.600580e-01 3.327410e-02 2.778158e-01 1.668284e+02
2.972749e-01 1.107134e-01 9.483512e-01 3.824797e+02 -3.855091e-03 9.933854e-01 -1.147624e-01 -3.405166e+01 -9.547842e-01 3.046000e-02 2.957353e-01 1.678984e+02
3.045009e-01 1.068686e-01 9.464978e-01 3.841565e+02 -7.518452e-03 9.939247e-01 -1.098048e-01 -3.424855e+01 -9.524824e-01 2.631946e-02 3.034545e-01 1.684494e+02
3.080226e-01 1.058548e-01 9.454717e-01 3.858082e+02 -1.552208e-02 9.942176e-01 -1.062555e-01 -3.444909e+01 -9.512524e-01 1.805340e-02 3.078846e-01 1.690139e+02
3.095370e-01 1.160975e-01 9.437733e-01 3.874349e+02 -1.989768e-02 9.930920e-01 -1.156385e-01 -3.463900e+01 -9.506792e-01 1.701548e-02 3.097088e-01 1.695726e+02
3.100776e-01 1.082620e-01 9.445269e-01 3.898585e+02 -2.754216e-02 9.941010e-01 -1.049024e-01 -3.493537e+01 -9.503123e-01 6.513568e-03 3.112302e-01 1.704198e+02
3.097147e-01 1.061799e-01 9.448823e-01 3.914405e+02 -2.816812e-02 9.943336e-01 -1.025039e-01 -3.512143e+01 -9.504122e-01 5.131422e-03 3.109507e-01 1.709678e+02
3.087797e-01 1.082195e-01 9.449569e-01 3.930148e+02 -2.807721e-02 9.941101e-01 -1.046741e-01 -3.529819e+01 -9.507191e-01 5.789476e-03 3.099995e-01 1.715035e+02
3.087881e-01 1.026505e-01 9.455753e-01 3.946157e+02 -2.064637e-02 9.946482e-01 -1.012355e-01 -3.545946e+01 -9.509068e-01 1.173761e-02 3.092548e-01 1.720196e+02
3.079967e-01 1.097057e-01 9.450410e-01 3.961902e+02 -1.930875e-02 9.938455e-01 -1.090784e-01 -3.562299e+01 -9.511915e-01 1.534821e-02 3.082194e-01 1.725390e+02
3.071199e-01 1.123495e-01 9.450158e-01 3.977804e+02 -1.939441e-02 9.935396e-01 -1.118154e-01 -3.579994e+01 -9.514732e-01 1.601270e-02 3.073147e-01 1.730637e+02
3.066595e-01 1.093771e-01 9.455139e-01 3.993940e+02 -1.962407e-02 9.938908e-01 -1.086087e-01 -3.598738e+01 -9.516170e-01 1.475104e-02 3.069324e-01 1.736026e+02
3.070320e-01 1.138787e-01 9.448613e-01 4.010420e+02 -1.766371e-02 9.933259e-01 -1.139801e-01 -3.617291e+01 -9.515353e-01 1.830578e-02 3.069944e-01 1.741460e+02
3.072435e-01 1.132316e-01 9.448703e-01 4.027259e+02 -1.704133e-02 9.933912e-01 -1.135049e-01 -3.635992e+01 -9.514784e-01 1.877180e-02 3.071426e-01 1.746994e+02
3.081225e-01 1.099155e-01 9.449756e-01 4.043866e+02 -1.344742e-02 9.937071e-01 -1.111991e-01 -3.655987e+01 -9.512517e-01 2.155545e-02 3.076616e-01 1.752516e+02
3.099970e-01 1.098248e-01 9.443729e-01 4.060994e+02 -4.999210e-03 9.934802e-01 -1.138946e-01 -3.676127e+01 -9.507244e-01 3.058587e-02 3.085249e-01 1.758119e+02
3.130370e-01 1.064513e-01 9.437562e-01 4.078104e+02 3.684987e-03 9.935550e-01 -1.132907e-01 -3.696060e+01 -9.497338e-01 3.894190e-02 3.106272e-01 1.763696e+02
3.147561e-01 1.020186e-01 9.436740e-01 4.095217e+02 5.657862e-03 9.939877e-01 -1.093451e-01 -3.714867e+01 -9.491557e-01 3.975620e-02 3.122865e-01 1.769473e+02
3.157271e-01 9.375545e-02 9.442066e-01 4.112375e+02 3.742762e-03 9.949755e-01 -1.000481e-01 -3.732340e+01 -9.488427e-01 3.512183e-02 3.137898e-01 1.775323e+02
3.166015e-01 9.692250e-02 9.435939e-01 4.129441e+02 4.488751e-03 9.946018e-01 -1.036680e-01 -3.749169e+01 -9.485480e-01 3.705698e-02 3.144574e-01 1.780918e+02
3.184832e-01 9.679597e-02 9.429734e-01 4.146582e+02 7.814923e-03 9.944708e-01 -1.047216e-01 -3.766188e+01 -9.478963e-01 4.072133e-02 3.159658e-01 1.786362e+02
3.192730e-01 9.231668e-02 9.431555e-01 4.163431e+02 9.134190e-03 9.948977e-01 -1.004733e-01 -3.783262e+01 -9.476188e-01 4.069338e-02 3.168008e-01 1.791783e+02
3.186001e-01 9.339868e-02 9.432765e-01 4.179870e+02 7.158151e-03 9.948682e-01 -1.009248e-01 -3.800097e+01 -9.478622e-01 3.890676e-02 3.162966e-01 1.797220e+02
3.172940e-01 8.815438e-02 9.442210e-01 4.196091e+02 9.535326e-03 9.953231e-01 -9.612962e-02 -3.815827e+01 -9.482793e-01 3.950479e-02 3.149694e-01 1.802456e+02
3.151552e-01 8.608907e-02 9.451274e-01 4.211854e+02 1.034592e-02 9.955063e-01 -9.412783e-02 -3.830596e+01 -9.489838e-01 3.944308e-02 3.128483e-01 1.807477e+02
3.127525e-01 9.238385e-02 9.453311e-01 4.227235e+02 1.166195e-02 9.948101e-01 -1.010775e-01 -3.844427e+01 -9.497631e-01 4.263663e-02 3.100520e-01 1.812296e+02
3.099927e-01 1.023837e-01 9.452100e-01 4.242251e+02 9.030405e-03 9.938227e-01 -1.106110e-01 -3.860018e+01 -9.506961e-01 4.282423e-02 3.071532e-01 1.817147e+02
3.075501e-01 9.898596e-02 9.463692e-01 4.257139e+02 8.422945e-03 9.942521e-01 -1.067316e-01 -3.876538e+01 -9.514947e-01 4.079652e-02 3.049485e-01 1.821916e+02
3.058018e-01 9.277511e-02 9.475642e-01 4.271913e+02 9.999996e-03 9.948731e-01 -1.006343e-01 -3.891860e+01 -9.520427e-01 4.024980e-02 3.033063e-01 1.826547e+02
3.050925e-01 9.545886e-02 9.475263e-01 4.286390e+02 1.185970e-02 9.945054e-01 -1.040105e-01 -3.906082e+01 -9.522489e-01 4.297018e-02 3.022840e-01 1.831044e+02
3.050456e-01 9.657228e-02 9.474285e-01 4.300878e+02 1.380955e-02 9.942919e-01 -1.057954e-01 -3.920176e+01 -9.522377e-01 4.535598e-02 3.019707e-01 1.835566e+02
3.051579e-01 9.762278e-02 9.472847e-01 4.315424e+02 1.541821e-02 9.940948e-01 -1.074136e-01 -3.932909e+01 -9.521770e-01 4.738354e-02 3.018507e-01 1.840151e+02
3.054465e-01 9.994590e-02 9.469494e-01 4.329778e+02 1.539454e-02 9.938278e-01 -1.098594e-01 -3.944566e+01 -9.520848e-01 4.813400e-02 3.020227e-01 1.844755e+02
3.068410e-01 9.687451e-02 9.468177e-01 4.344438e+02 1.626394e-02 9.941274e-01 -1.069858e-01 -3.958607e+01 -9.516218e-01 4.822662e-02 3.034635e-01 1.849369e+02
3.098890e-01 9.297063e-02 9.462162e-01 4.358944e+02 1.698318e-02 9.945075e-01 -1.032776e-01 -3.972678e+01 -9.506211e-01 4.807433e-02 3.066080e-01 1.853968e+02
3.133710e-01 9.253911e-02 9.451111e-01 4.372950e+02 1.523776e-02 9.946225e-01 -1.024393e-01 -3.987998e+01 -9.495086e-01 4.650289e-02 3.102757e-01 1.858583e+02
3.172397e-01 9.467480e-02 9.436077e-01 4.386578e+02 1.331582e-02 9.944615e-01 -1.042539e-01 -4.003698e+01 -9.482519e-01 4.563837e-02 3.142220e-01 1.863220e+02
3.202231e-01 9.348292e-02 9.427184e-01 4.399765e+02 1.073958e-02 9.946970e-01 -1.022853e-01 -4.019335e+01 -9.472813e-01 4.287852e-02 3.175210e-01 1.867754e+02
3.223719e-01 9.208473e-02 9.421235e-01 4.412583e+02 9.156853e-03 9.949072e-01 -1.003772e-01 -4.033301e+01 -9.465688e-01 4.098566e-02 3.198869e-01 1.872107e+02
3.245771e-01 9.190703e-02 9.413834e-01 4.425242e+02 9.259575e-03 9.949115e-01 -1.003256e-01 -4.046910e+01 -9.458140e-01 4.128018e-02 3.220744e-01 1.876386e+02
3.271229e-01 9.074787e-02 9.406143e-01 4.437097e+02 1.127691e-02 9.949325e-01 -9.991018e-02 -4.058993e+01 -9.449145e-01 4.329012e-02 3.244419e-01 1.880413e+02
3.313686e-01 9.191269e-02 9.390137e-01 4.459827e+02 9.118132e-03 9.948852e-01 -1.005992e-01 -4.083615e+01 -9.434573e-01 4.189747e-02 3.288356e-01 1.888272e+02
3.329485e-01 9.155826e-02 9.384894e-01 4.470563e+02 7.737753e-03 9.949759e-01 -9.981419e-02 -4.094722e+01 -9.429133e-01 4.049477e-02 3.305672e-01 1.892012e+02
3.356351e-01 9.044704e-02 9.376397e-01 4.490822e+02 7.375546e-03 9.950968e-01 -9.862964e-02 -4.116507e+01 -9.419632e-01 4.001917e-02 3.333223e-01 1.899127e+02
3.366296e-01 9.647984e-02 9.366814e-01 4.500150e+02 4.601294e-03 9.945567e-01 -1.040948e-01 -4.127840e+01 -9.416259e-01 3.935131e-02 3.343533e-01 1.902493e+02
3.383185e-01 9.730497e-02 9.359873e-01 4.517763e+02 6.980390e-03 9.943527e-01 -1.058957e-01 -4.147778e+01 -9.410058e-01 4.236003e-02 3.357286e-01 1.908714e+02
3.358107e-01 9.538026e-02 9.370878e-01 4.525961e+02 5.171137e-03 9.946582e-01 -1.030931e-01 -4.157027e+01 -9.419153e-01 3.946558e-02 3.335237e-01 1.911612e+02
3.295672e-01 9.155844e-02 9.396821e-01 4.547312e+02 7.027224e-03 9.950212e-01 -9.941506e-02 -4.183460e+01 -9.441060e-01 3.936729e-02 3.272829e-01 1.919114e+02
3.251982e-01 9.168213e-02 9.411909e-01 4.559458e+02 4.177548e-03 9.951400e-01 -9.838078e-02 -4.197617e+01 -9.456367e-01 3.592511e-02 3.232347e-01 1.923442e+02
3.237164e-01 9.346848e-02 9.415260e-01 4.565053e+02 5.988966e-03 9.948861e-01 -1.008249e-01 -4.203355e+01 -9.461352e-01 3.827742e-02 3.215012e-01 1.925337e+02
3.235829e-01 9.347280e-02 9.415715e-01 4.570499e+02 5.497834e-03 9.949059e-01 -1.006569e-01 -4.208984e+01 -9.461839e-01 3.774745e-02 3.214206e-01 1.927285e+02
3.278277e-01 9.331689e-02 9.401175e-01 4.581099e+02 1.083880e-03 9.950719e-01 -9.914968e-02 -4.220107e+01 -9.447369e-01 3.352298e-02 3.261110e-01 1.931115e+02
3.940225e-01 9.609928e-02 9.140629e-01 4.602494e+02 -5.525148e-03 9.947484e-01 -1.022004e-01 -4.241641e+01 -9.190842e-01 3.521892e-02 3.924842e-01 1.940183e+02
4.271757e-01 9.941432e-02 8.986866e-01 4.608164e+02 -1.282180e-02 9.945030e-01 -1.039191e-01 -4.246997e+01 -9.040778e-01 3.286893e-02 4.261022e-01 1.943198e+02
4.644901e-01 1.032963e-01 8.795332e-01 4.613703e+02 -1.634703e-02 9.940047e-01 -1.081073e-01 -4.252156e+01 -8.854275e-01 3.583701e-02 4.633940e-01 1.946318e+02
4.206924e-01 1.164545e-01 8.996978e-01 4.643543e+02 -2.079159e-02 9.927039e-01 -1.187709e-01 -4.275047e+01 -9.069651e-01 3.125987e-02 4.200442e-01 1.962736e+02
3.455695e-01 1.131318e-01 9.315486e-01 4.654025e+02 -6.932431e-03 9.929868e-01 -1.180215e-01 -4.283862e+01 -9.383676e-01 3.432674e-02 3.439302e-01 1.966346e+02
2.977034e-01 1.074260e-01 9.485948e-01 4.664742e+02 8.995351e-05 9.936453e-01 -1.125561e-01 -4.297107e+01 -9.546584e-01 3.359366e-02 2.958019e-01 1.969409e+02
3.473590e-01 1.079323e-01 9.315000e-01 4.681669e+02 -7.735704e-03 9.936499e-01 -1.122489e-01 -4.318329e+01 -9.377004e-01 3.178484e-02 3.459881e-01 1.974971e+02
4.505978e-01 1.096455e-01 8.859681e-01 4.690948e+02 -1.140323e-02 9.930547e-01 -1.170987e-01 -4.329185e+01 -8.926543e-01 4.266150e-02 4.487186e-01 1.979181e+02
5.889091e-01 1.121413e-01 8.003813e-01 4.701173e+02 -4.938056e-02 9.934691e-01 -1.028614e-01 -4.338980e+01 -8.066893e-01 2.105272e-02 5.906007e-01 1.986341e+02
5.916659e-01 1.148511e-01 7.979603e-01 4.701424e+02 -5.333305e-02 9.932080e-01 -1.034083e-01 -4.339187e+01 -8.044172e-01 1.862552e-02 5.937727e-01 1.986644e+02
