9.999096e-01 1.061516e-03 -1.340599e-02 -1.001116e-02 -1.058762e-03 9.999994e-01 2.126022e-04 -4.359704e-03 1.340621e-02 -1.983884e-04 9.999101e-01 1.857373e-01
9.984892e-01 2.145631e-03 -5.490591e-02 -6.000009e-02 -2.394373e-03 9.999871e-01 -4.464951e-03 -8.065471e-03 5.489562e-02 4.589671e-03 9.984816e-01 6.279359e-01
9.974753e-01 2.223074e-03 -7.097932e-02 -8.275693e-02 -2.545053e-03 9.999869e-01 -4.446103e-03 -8.995000e-03 7.096851e-02 4.615524e-03 9.974679e-01 7.669396e-01
7.390815e-01 2.703623e-02 -6.730732e-01 -2.187835e+00 -3.078163e-02 9.995059e-01 6.348111e-03 -5.358748e-02 6.729124e-01 1.602652e-02 7.395486e-01 4.215884e+00
6.574738e-01 1.958832e-02 -7.532227e-01 -2.663146e+00 -2.008945e-02 9.997623e-01 8.464136e-03 -5.287039e-02 7.532096e-01 9.566887e-03 6.577111e-01 4.540774e+00
6.131629e-01 1.930946e-02 -7.897204e-01 -2.929115e+00 -1.750863e-02 9.997878e-01 1.085159e-02 -5.283789e-02 7.897624e-01 7.173130e-03 6.133709e-01 4.687680e+00
2.439423e-01 3.226578e-02 -9.692528e-01 -5.299329e+00 -5.239211e-03 9.994756e-01 3.195328e-02 -2.697748e-02 9.697756e-01 -2.716632e-03 2.439834e-01 5.360943e+00
1.451008e-01 3.362423e-02 -9.888454e-01 -6.122091e+00 -3.991990e-03 9.994341e-01 3.339852e-02 -1.604266e-02 9.894089e-01 -8.986869e-04 1.451529e-01 5.421290e+00
1.020609e-01 3.392393e-02 -9.941995e-01 -6.558994e+00 -6.144850e-03 9.994208e-01 3.347129e-02 -5.757046e-03 9.947592e-01 2.693100e-03 1.022102e-01 5.427674e+00
-2.721994e-03 2.726005e-02 -9.996247e-01 -7.950411e+00 -5.718749e-03 9.996116e-01 2.727527e-02 2.306424e-02 9.999800e-01 5.790849e-03 -2.565041e-03 5.389282e+00
-2.964894e-02 2.550783e-02 -9.992348e-01 -8.444612e+00 -6.326376e-03 9.996495e-01 2.570614e-02 3.066422e-02 9.995404e-01 7.083698e-03 -2.947717e-02 5.353644e+00
-5.091764e-02 2.313000e-02 -9.984350e-01 -8.953007e+00 -6.820021e-03 9.997004e-01 2.350713e-02 4.057477e-02 9.986796e-01 8.006278e-03 -5.074464e-02 5.310729e+00
-6.733280e-02 2.173972e-02 -9.974937e-01 -9.480377e+00 -6.474859e-03 9.997320e-01 2.222558e-02 5.248992e-02 9.977096e-01 7.955144e-03 -6.717399e-02 5.263869e+00
-9.045247e-02 2.383599e-02 -9.956155e-01 -1.057921e+01 -6.387145e-03 9.996791e-01 2.451356e-02 6.596199e-02 9.958803e-01 8.576455e-03 -9.027120e-02 5.153075e+00
-9.725791e-02 2.540281e-02 -9.949350e-01 -1.115274e+01 -8.559783e-03 9.996159e-01 2.635907e-02 6.936405e-02 9.952224e-01 1.108006e-02 -9.700311e-02 5.088360e+00
-1.018114e-01 2.626013e-02 -9.944570e-01 -1.173941e+01 -8.587813e-03 9.995911e-01 2.727492e-02 7.855473e-02 9.947667e-01 1.131711e-02 -1.015442e-01 5.025880e+00
-1.013578e-01 3.126980e-02 -9.943585e-01 -1.360015e+01 -4.596263e-03 9.994805e-01 3.189940e-02 1.095163e-01 9.948395e-01 7.803588e-03 -1.011614e-01 4.835681e+00
-9.950488e-02 3.165295e-02 -9.945335e-01 -1.425164e+01 -7.042716e-03 9.994464e-01 3.251396e-02 1.178242e-01 9.950122e-01 1.023952e-02 -9.922688e-02 4.767225e+00
-9.786425e-02 2.880843e-02 -9.947827e-01 -1.491341e+01 -8.778970e-03 9.995170e-01 2.980919e-02 1.296149e-01 9.951611e-01 1.165042e-02 -9.756407e-02 4.697363e+00
-9.508533e-02 3.088559e-02 -9.949899e-01 -1.629098e+01 -8.691167e-03 9.994547e-01 3.185476e-02 1.622254e-01 9.954312e-01 1.167655e-02 -9.476505e-02 4.563302e+00
-9.324592e-02 3.432541e-02 -9.950512e-01 -1.700478e+01 -9.606841e-03 9.993280e-01 3.537320e-02 1.770188e-01 9.955968e-01 1.285771e-02 -9.285350e-02 4.494630e+00
-8.963018e-02 3.633795e-02 -9.953120e-01 -1.847183e+01 -1.191924e-02 9.992235e-01 3.755412e-02 2.092753e-01 9.959038e-01 1.522934e-02 -8.912746e-02 4.359249e+00
-8.776869e-02 3.343541e-02 -9.955796e-01 -1.922427e+01 -1.418124e-02 9.992933e-01 3.481034e-02 2.305555e-01 9.960400e-01 1.717381e-02 -8.723251e-02 4.290984e+00
-8.620014e-02 3.252667e-02 -9.957467e-01 -1.998833e+01 -1.553740e-02 9.993014e-01 3.398785e-02 2.503189e-01 9.961567e-01 1.840107e-02 -8.563454e-02 4.223122e+00
-8.331618e-02 3.705888e-02 -9.958338e-01 -2.156448e+01 -1.052013e-02 9.992199e-01 3.806506e-02 2.880249e-01 9.964677e-01 1.364774e-02 -8.286132e-02 4.100217e+00
-8.125065e-02 3.526391e-02 -9.960697e-01 -2.316415e+01 -9.827283e-03 9.992970e-01 3.617980e-02 3.216152e-01 9.966453e-01 1.272829e-02 -8.084698e-02 3.971019e+00
-8.074505e-02 2.784209e-02 -9.963458e-01 -2.396950e+01 -8.508473e-03 9.995541e-01 2.862128e-02 3.342058e-01 9.966985e-01 1.078841e-02 -8.047215e-02 3.908970e+00
-8.117506e-02 2.268473e-02 -9.964417e-01 -2.561886e+01 -3.485151e-03 9.997284e-01 2.304348e-02 3.615096e-01 9.966938e-01 5.343309e-03 -8.107395e-02 3.786079e+00
-8.098689e-02 3.123790e-02 -9.962255e-01 -2.646136e+01 -4.490308e-03 9.994872e-01 3.170522e-02 3.717697e-01 9.967051e-01 7.041069e-03 -8.080509e-02 3.716343e+00
-8.165962e-02 4.388270e-02 -9.956937e-01 -2.815287e+01 -7.595689e-03 9.989738e-01 4.465022e-02 4.028815e-01 9.966314e-01 1.120910e-02 -8.124250e-02 3.569541e+00
-8.245294e-02 4.133613e-02 -9.957373e-01 -2.983721e+01 -9.690603e-03 9.990589e-01 4.227647e-02 4.370064e-01 9.965479e-01 1.313512e-02 -8.197477e-02 3.418460e+00
-8.288970e-02 3.922072e-02 -9.957866e-01 -3.151586e+01 -1.105292e-02 9.991276e-01 4.027237e-02 4.763855e-01 9.964975e-01 1.434452e-02 -8.238388e-02 3.271990e+00
-8.271724e-02 4.082259e-02 -9.957366e-01 -3.319517e+01 -1.302830e-02 9.990310e-01 4.203994e-02 5.076454e-01 9.964879e-01 1.645018e-02 -8.210524e-02 3.123626e+00
-8.195133e-02 3.105421e-02 -9.961524e-01 -3.486004e+01 -1.499027e-02 9.993629e-01 3.238752e-02 5.386702e-01 9.965236e-01 1.758679e-02 -8.143361e-02 2.980358e+00
-8.074712e-02 3.441770e-02 -9.961402e-01 -3.653345e+01 -1.407711e-02 9.992646e-01 3.566675e-02 5.579548e-01 9.966352e-01 1.690276e-02 -8.020323e-02 2.843137e+00
-7.964970e-02 4.443042e-02 -9.958322e-01 -3.821476e+01 -1.275581e-02 9.988789e-01 4.558661e-02 5.878615e-01 9.967413e-01 1.633361e-02 -7.899366e-02 2.706985e+00
-7.952916e-02 4.776542e-02 -9.956875e-01 -3.988167e+01 -1.253987e-02 9.987243e-01 4.891272e-02 6.246496e-01 9.967537e-01 1.637579e-02 -7.882874e-02 2.572257e+00
-7.897161e-02 3.959310e-02 -9.960903e-01 -4.153840e+01 -1.315326e-02 9.990826e-01 4.075486e-02 6.640169e-01 9.967901e-01 1.632031e-02 -7.837838e-02 2.436154e+00
-7.912445e-02 3.465562e-02 -9.962622e-01 -4.319143e+01 -2.040105e-02 9.991299e-01 3.637566e-02 6.977483e-01 9.966560e-01 2.320300e-02 -7.834860e-02 2.290205e+00
-8.099499e-02 2.976202e-02 -9.962700e-01 -4.483883e+01 -1.535850e-02 9.993981e-01 3.110410e-02 7.206987e-01 9.965962e-01 1.782049e-02 -8.048914e-02 2.160908e+00
-8.331048e-02 3.088015e-02 -9.960451e-01 -4.648335e+01 -1.024723e-02 9.994403e-01 3.184251e-02 7.434451e-01 9.964710e-01 1.285952e-02 -8.294742e-02 2.028253e+00
-8.682806e-02 4.163558e-02 -9.953529e-01 -4.812333e+01 -6.298404e-03 9.990833e-01 4.234107e-02 7.646921e-01 9.962034e-01 9.945529e-03 -8.648623e-02 1.890493e+00
-8.958858e-02 3.722221e-02 -9.952831e-01 -4.973553e+01 -9.200308e-03 9.992278e-01 3.819790e-02 7.874193e-01 9.959364e-01 1.257901e-02 -8.917694e-02 1.740695e+00
-9.202649e-02 3.137353e-02 -9.952622e-01 -5.132871e+01 -1.768445e-02 9.992944e-01 3.313583e-02 8.126433e-01 9.955995e-01 2.065004e-02 -9.140673e-02 1.575304e+00
-9.396287e-02 3.429642e-02 -9.949848e-01 -5.291590e+01 -1.947438e-02 9.991519e-01 3.627916e-02 8.317695e-01 9.953852e-01 2.278560e-02 -9.321528e-02 1.416807e+00
-9.547628e-02 3.365711e-02 -9.948625e-01 -5.448400e+01 -2.234157e-02 9.991040e-01 3.594471e-02 8.494927e-01 9.951810e-01 2.565866e-02 -9.463878e-02 1.258994e+00
-9.679243e-02 4.476912e-02 -9.942972e-01 -5.757460e+01 -2.017706e-02 9.986943e-01 4.693131e-02 8.957003e-01 9.951001e-01 2.460459e-02 -9.576274e-02 9.565390e-01
-9.751230e-02 4.461774e-02 -9.942337e-01 -5.833039e+01 -1.973636e-02 9.987114e-01 4.675439e-02 9.106542e-01 9.950386e-01 2.418168e-02 -9.650605e-02 8.830630e-01
-9.803627e-02 3.931108e-02 -9.944061e-01 -5.981040e+01 -1.882451e-02 9.989675e-01 4.134728e-02 9.337799e-01 9.950048e-01 2.277274e-02 -9.719504e-02 7.359683e-01
-9.446826e-02 3.336158e-02 -9.949687e-01 -6.194033e+01 -2.166315e-02 9.991328e-01 3.555804e-02 9.565112e-01 9.952922e-01 2.491326e-02 -9.366362e-02 5.237598e-01
-9.065597e-02 3.447304e-02 -9.952854e-01 -6.262022e+01 -2.266347e-02 9.990704e-01 3.666846e-02 9.607290e-01 9.956244e-01 2.588084e-02 -8.979042e-02 4.617179e-01
-8.478874e-02 3.562920e-02 -9.957617e-01 -6.328551e+01 -2.179694e-02 9.990550e-01 3.760305e-02 9.654748e-01 9.961605e-01 2.489288e-02 -8.393200e-02 4.088407e-01
-7.769131e-02 3.737607e-02 -9.962766e-01 -6.393546e+01 -2.099037e-02 9.990142e-01 3.911565e-02 9.696725e-01 9.967565e-01 2.395116e-02 -7.683019e-02 3.622951e-01
-5.715155e-02 4.050175e-02 -9.975436e-01 -6.518991e+01 -2.428573e-02 9.988247e-01 4.194516e-02 9.801827e-01 9.980701e-01 2.662331e-02 -5.610077e-02 2.859581e-01
-4.271090e-02 4.211609e-02 -9.981994e-01 -6.579136e+01 -2.736683e-02 9.986869e-01 4.330764e-02 9.882448e-01 9.987126e-01 2.916726e-02 -4.150223e-02 2.627668e-01
-2.429915e-02 4.346382e-02 -9.987594e-01 -6.637563e+01 -2.907338e-02 9.986011e-01 4.416428e-02 9.966522e-01 9.992819e-01 3.011046e-02 -2.300152e-02 2.555668e-01
1.227573e-01 4.458956e-02 -9.914345e-01 -6.895412e+01 -2.686321e-02 9.987734e-01 4.159349e-02 1.019824e+00 9.920731e-01 2.152721e-02 1.238045e-01 5.048813e-01
1.629811e-01 4.426984e-02 -9.856355e-01 -6.940376e+01 -2.671630e-02 9.988245e-01 4.044453e-02 1.021543e+00 9.862674e-01 1.974084e-02 1.639723e-01 6.110892e-01
3.561290e-01 3.412235e-02 -9.338136e-01 -7.106861e+01 -1.009255e-02 9.994152e-01 3.267050e-02 1.025888e+00 9.343823e-01 -2.210349e-03 3.562651e-01 1.285746e+00
5.520074e-01 2.262555e-02 -8.335322e-01 -7.250742e+01 4.001910e-03 9.995484e-01 2.978219e-02 1.049184e+00 8.338297e-01 -1.977570e-02 5.516675e-01 2.296944e+00
5.956629e-01 1.585576e-02 -8.030780e-01 -7.281071e+01 1.549808e-02 9.993921e-01 3.122705e-02 1.052187e+00 8.030850e-01 -3.104695e-02 5.950551e-01 2.601772e+00
6.793713e-01 6.183858e-03 -7.337686e-01 -7.338524e+01 1.438602e-02 9.996600e-01 2.174420e-02 1.051991e+00 7.336537e-01 -2.532839e-02 6.790514e-01 3.220823e+00
7.967185e-01 -6.044423e-03 -6.043204e-01 -7.416588e+01 5.806608e-03 9.999804e-01 -2.346559e-03 1.057855e+00 6.043228e-01 -1.639502e-03 7.967379e-01 4.300551e+00
8.310408e-01 -8.059018e-03 -5.561530e-01 -7.440171e+01 6.588534e-03 9.999675e-01 -4.645155e-03 1.057076e+00 5.561724e-01 1.960829e-04 8.310669e-01 4.718510e+00
8.620977e-01 -7.374496e-03 -5.066885e-01 -7.461515e+01 4.114510e-03 9.999630e-01 -7.553191e-03 1.053457e+00 5.067255e-01 4.426815e-03 8.620961e-01 5.155827e+00
9.282975e-01 4.418182e-03 -3.718121e-01 -7.520557e+01 -7.412496e-03 9.999506e-01 -6.624412e-03 1.035836e+00 3.717645e-01 8.905481e-03 9.282844e-01 6.618096e+00
9.422181e-01 8.825716e-03 -3.348837e-01 -7.537989e+01 -1.143552e-02 9.999176e-01 -5.822212e-03 1.030282e+00 3.348048e-01 9.315364e-03 9.422415e-01 7.151976e+00
9.526123e-01 1.032154e-02 -3.040119e-01 -7.553930e+01 -1.194835e-02 9.999225e-01 -3.491331e-03 1.020134e+00 3.039523e-01 6.958325e-03 9.526619e-01 7.706095e+00
9.601292e-01 9.160134e-03 -2.794067e-01 -7.569196e+01 -1.017334e-02 9.999459e-01 -2.176331e-03 1.010452e+00 2.793717e-01 4.932060e-03 9.601704e-01 8.281091e+00
9.708685e-01 1.164663e-02 -2.393295e-01 -7.598069e+01 -1.133083e-02 9.999321e-01 2.695421e-03 9.966334e-01 2.393447e-01 9.490508e-05 9.709347e-01 9.486418e+00
9.745261e-01 1.556476e-02 -2.237336e-01 -7.612225e+01 -1.516088e-02 9.998788e-01 3.522981e-03 9.889481e-01 2.237613e-01 -4.123826e-05 9.746440e-01 1.011220e+01
9.775062e-01 2.013451e-02 -2.099436e-01 -7.625804e+01 -1.939283e-02 9.997963e-01 5.591008e-03 9.812746e-01 2.100134e-01 -1.393842e-03 9.776975e-01 1.075522e+01
9.879063e-01 1.985395e-02 -1.537755e-01 -7.670271e+01 -1.919323e-02 9.997991e-01 5.780145e-03 9.650851e-01 1.538594e-01 -2.758791e-03 9.880889e-01 1.349407e+01
9.898226e-01 1.986472e-02 -1.409137e-01 -7.679658e+01 -1.959850e-02 9.998025e-01 3.276917e-03 9.546485e-01 1.409510e-01 -4.818675e-04 9.900165e-01 1.421250e+01
9.913422e-01 2.118524e-02 -1.295831e-01 -7.688462e+01 -2.151281e-02 9.997679e-01 -1.128479e-03 9.437305e-01 1.295291e-01 3.906406e-03 9.915679e-01 1.494545e+01
9.935925e-01 1.788793e-02 -1.115977e-01 -7.704091e+01 -1.906292e-02 9.997734e-01 -9.470564e-03 9.267552e-01 1.114030e-01 1.153726e-02 9.937084e-01 1.644684e+01
9.943126e-01 1.972079e-02 -1.046592e-01 -7.711873e+01 -2.014681e-02 9.997925e-01 -3.014790e-03 9.133109e-01 1.045780e-01 5.106192e-03 9.945036e-01 1.721856e+01
9.947552e-01 2.430267e-02 -9.935508e-02 -7.719881e+01 -2.389875e-02 9.997006e-01 5.253839e-03 8.975356e-01 9.945301e-02 -2.851820e-03 9.950382e-01 1.799359e+01
9.955248e-01 2.343596e-02 -9.154850e-02 -7.733723e+01 -2.275392e-02 9.997050e-01 8.486912e-03 8.765600e-01 9.172041e-02 -6.365842e-03 9.957645e-01 1.953401e+01
9.958152e-01 2.366515e-02 -8.827304e-02 -7.740244e+01 -2.309353e-02 9.997052e-01 7.491474e-03 8.673710e-01 8.842431e-02 -5.421586e-03 9.960682e-01 2.030151e+01
9.963535e-01 2.020556e-02 -8.289442e-02 -7.752113e+01 -1.925622e-02 9.997397e-01 1.223602e-02 8.514204e-01 8.312008e-02 -1.059517e-02 9.964832e-01 2.184296e+01
9.968839e-01 1.707070e-02 -7.701412e-02 -7.762210e+01 -1.623422e-02 9.998023e-01 1.147455e-02 8.279106e-01 7.719478e-02 -1.018853e-02 9.969640e-01 2.337766e+01
9.969879e-01 1.955555e-02 -7.505097e-02 -7.767675e+01 -1.932613e-02 9.998061e-01 3.782018e-03 8.191268e-01 7.511038e-02 -2.320180e-03 9.971725e-01 2.413827e+01
9.971687e-01 2.063475e-02 -7.231107e-02 -7.778961e+01 -2.132267e-02 9.997343e-01 -8.754247e-03 7.903154e-01 7.211122e-02 1.027133e-02 9.973437e-01 2.565478e+01
9.973626e-01 2.544213e-02 -6.797409e-02 -7.790878e+01 -2.571467e-02 9.996644e-01 -3.137224e-03 7.508496e-01 6.787147e-02 4.876881e-03 9.976822e-01 2.718067e+01
9.976148e-01 2.726027e-02 -6.341609e-02 -7.802007e+01 -2.705552e-02 9.996256e-01 4.085521e-03 7.137060e-01 6.350372e-02 -2.360019e-03 9.979788e-01 2.869200e+01
9.977642e-01 2.414407e-02 -6.231882e-02 -7.806469e+01 -2.395666e-02 9.997059e-01 3.753051e-03 6.969693e-01 6.239112e-02 -2.251708e-03 9.980492e-01 2.944067e+01
9.979345e-01 2.226502e-02 -6.025832e-02 -7.815548e+01 -2.214324e-02 9.997512e-01 2.688050e-03 6.647429e-01 6.030318e-02 -1.348182e-03 9.981792e-01 3.094569e+01
9.980139e-01 2.011648e-02 -5.969513e-02 -7.819810e+01 -2.011991e-02 9.997974e-01 5.437240e-04 6.476766e-01 5.969397e-02 6.584171e-04 9.982165e-01 3.170130e+01
9.980745e-01 2.157565e-02 -5.815252e-02 -7.829498e+01 -2.151672e-02 9.997671e-01 1.639538e-03 6.149092e-01 5.817435e-02 -3.851293e-04 9.983064e-01 3.323079e+01
9.979711e-01 2.159270e-02 -5.989508e-02 -7.839928e+01 -2.159192e-02 9.997666e-01 6.603379e-04 5.789981e-01 5.989536e-02 6.342523e-04 9.982045e-01 3.477685e+01
9.976774e-01 2.011746e-02 -6.507739e-02 -7.850718e+01 -2.011485e-02 9.997974e-01 6.953249e-04 5.473641e-01 6.507820e-02 6.153131e-04 9.978800e-01 3.634754e+01
9.971704e-01 2.553434e-02 -7.070529e-02 -7.863617e+01 -2.581427e-02 9.996621e-01 -3.047894e-03 5.110168e-01 7.060358e-02 4.864475e-03 9.974926e-01 3.793752e+01
9.968668e-01 2.420540e-02 -7.530350e-02 -7.876270e+01 -2.494465e-02 9.996493e-01 -8.891721e-03 4.825696e-01 7.506187e-02 1.074228e-02 9.971210e-01 3.954602e+01
9.965245e-01 2.452513e-02 -7.960794e-02 -7.889593e+01 -2.510311e-02 9.996652e-01 -6.267558e-03 4.461482e-01 7.942758e-02 8.244181e-03 9.968066e-01 4.119468e+01
9.963375e-01 2.221964e-02 -8.257034e-02 -7.902897e+01 -2.241261e-02 9.997478e-01 -1.410729e-03 4.207820e-01 8.251817e-02 3.256179e-03 9.965843e-01 4.287429e+01
9.963146e-01 2.183582e-02 -8.294879e-02 -7.917130e+01 -2.140884e-02 9.997526e-01 6.033575e-03 3.888969e-01 8.306002e-02 -4.235500e-03 9.965356e-01 4.457894e+01
9.965520e-01 2.539001e-02 -7.899005e-02 -7.931863e+01 -2.509685e-02 9.996739e-01 4.702072e-03 3.639286e-01 7.908368e-02 -2.703457e-03 9.968643e-01 4.629920e+01
9.969335e-01 1.893559e-02 -7.592862e-02 -7.944527e+01 -1.895157e-02 9.998202e-01 5.102881e-04 3.344377e-01 7.592464e-02 9.302438e-04 9.971131e-01 4.803166e+01
9.972126e-01 1.581570e-02 -7.291775e-02 -7.957376e+01 -1.565802e-02 9.998736e-01 2.733572e-03 3.027919e-01 7.295177e-02 -1.584204e-03 9.973342e-01 4.977895e+01
9.973788e-01 1.166362e-02 -7.141078e-02 -7.969742e+01 -1.127732e-02 9.999195e-01 5.810410e-03 2.720427e-01 7.147281e-02 -4.989856e-03 9.974301e-01 5.152945e+01
9.974391e-01 1.598027e-02 -6.971308e-02 -7.983358e+01 -1.619357e-02 9.998657e-01 -2.495506e-03 2.408602e-01 6.966385e-02 3.618019e-03 9.975640e-01 5.325480e+01
9.974312e-01 2.221504e-02 -6.809873e-02 -7.996964e+01 -2.324070e-02 9.996275e-01 -1.430614e-02 1.922996e-01 6.775555e-02 1.585205e-02 9.975760e-01 5.496562e+01
9.975764e-01 1.936231e-02 -6.683203e-02 -8.009273e+01 -2.008845e-02 9.997460e-01 -1.021019e-02 1.408072e-01 6.661737e-02 1.152800e-02 9.977120e-01 5.667063e+01
9.975594e-01 1.905347e-02 -6.717376e-02 -8.015558e+01 -1.905553e-02 9.998182e-01 6.101767e-04 1.161116e-01 6.717318e-02 6.713453e-04 9.977411e-01 5.752689e+01
9.974598e-01 2.043472e-02 -6.823714e-02 -8.022244e+01 -1.982576e-02 9.997574e-01 9.589694e-03 9.233457e-02 6.841656e-02 -8.212479e-03 9.976230e-01 5.837775e+01
9.973475e-01 1.637144e-02 -7.092222e-02 -8.028086e+01 -1.600464e-02 9.998554e-01 5.737102e-03 7.510008e-02 7.100590e-02 -4.586798e-03 9.974654e-01 5.921310e+01
9.972626e-01 1.027044e-02 -7.322438e-02 -8.033871e+01 -1.012140e-02 9.999459e-01 2.406207e-03 5.914325e-02 7.324513e-02 -1.658486e-03 9.973126e-01 6.004264e+01
9.970686e-01 9.839836e-03 -7.587720e-02 -8.040305e+01 -9.745675e-03 9.999512e-01 1.611168e-03 4.000654e-02 7.588935e-02 -8.669694e-04 9.971159e-01 6.087223e+01
9.968586e-01 1.117945e-02 -7.840894e-02 -8.047401e+01 -1.129988e-02 9.999355e-01 -1.092300e-03 1.826730e-02 7.839168e-02 1.974881e-03 9.969207e-01 6.169567e+01
9.962044e-01 1.356199e-02 -8.598214e-02 -8.062089e+01 -1.429631e-02 9.998663e-01 -7.930284e-03 -2.632294e-02 8.586311e-02 9.129410e-03 9.962651e-01 6.332787e+01
9.955324e-01 2.018083e-02 -9.223929e-02 -8.077810e+01 -2.133438e-02 9.997058e-01 -1.153712e-02 -8.379998e-02 9.197933e-02 1.345344e-02 9.956700e-01 6.494508e+01
9.951360e-01 2.300598e-02 -9.578676e-02 -8.085967e+01 -2.409303e-02 9.996576e-01 -1.020740e-02 -1.090773e-01 9.551914e-02 1.246554e-02 9.953495e-01 6.575279e+01
9.946717e-01 2.644463e-02 -9.964404e-02 -8.094518e+01 -2.706427e-02 9.996218e-01 -4.871640e-03 -1.360470e-01 9.947753e-02 7.542475e-03 9.950112e-01 6.655929e+01
9.937512e-01 2.685355e-02 -1.083396e-01 -8.112341e+01 -2.642608e-02 9.996363e-01 5.379751e-03 -1.755819e-01 1.084446e-01 -2.483143e-03 9.940994e-01 6.815999e+01
9.923841e-01 2.388637e-02 -1.208442e-01 -8.131685e+01 -2.290157e-02 9.996923e-01 9.531912e-03 -2.042169e-01 1.210347e-01 -6.691793e-03 9.926257e-01 6.973955e+01
9.915731e-01 2.407923e-02 -1.272910e-01 -8.142164e+01 -2.304024e-02 9.996881e-01 9.628695e-03 -2.174815e-01 1.274832e-01 -6.614737e-03 9.918187e-01 7.052030e+01
9.898411e-01 3.060365e-02 -1.388453e-01 -8.166368e+01 -3.013394e-02 9.995308e-01 5.484427e-03 -2.426308e-01 1.389480e-01 -1.244755e-03 9.902989e-01 7.205943e+01
9.881343e-01 3.153952e-02 -1.503194e-01 -8.191089e+01 -3.159826e-02 9.994986e-01 1.998407e-03 -2.691768e-01 1.503071e-01 2.775138e-03 9.886355e-01 7.358474e+01
9.873798e-01 3.326103e-02 -1.548380e-01 -8.204910e+01 -3.277161e-02 9.994465e-01 5.713068e-03 -2.836517e-01 1.549424e-01 -5.666748e-04 9.879234e-01 7.434335e+01
9.864030e-01 3.427245e-02 -1.607315e-01 -8.218657e+01 -3.300776e-02 9.993996e-01 1.053264e-02 -2.975894e-01 1.609960e-01 -5.084039e-03 9.869420e-01 7.510124e+01
9.853626e-01 3.400571e-02 -1.670456e-01 -8.232699e+01 -3.223878e-02 9.993920e-01 1.327876e-02 -3.160459e-01 1.673956e-01 -7.699045e-03 9.858598e-01 7.585198e+01
9.827805e-01 2.892232e-02 -1.824992e-01 -8.261416e+01 -2.899126e-02 9.995770e-01 2.290686e-03 -3.380953e-01 1.824882e-01 3.039639e-03 9.832033e-01 7.733161e+01
9.811245e-01 2.632367e-02 -1.915771e-01 -8.276564e+01 -2.684762e-02 9.996395e-01 -1.392230e-04 -3.542448e-01 1.915044e-01 5.279985e-03 9.814776e-01 7.806923e+01
9.789754e-01 2.717525e-02 -2.021601e-01 -8.293034e+01 -2.694436e-02 9.996293e-01 3.894513e-03 -3.753983e-01 2.021910e-01 1.634442e-03 9.793448e-01 7.880777e+01
9.739399e-01 2.838646e-02 -2.250227e-01 -8.328409e+01 -2.525288e-02 9.995400e-01 1.679221e-02 -3.994934e-01 2.253959e-01 -1.067213e-02 9.742088e-01 8.028097e+01
9.683190e-01 3.263245e-02 -2.475750e-01 -8.365790e+01 -2.923310e-02 9.994212e-01 1.739514e-02 -4.178227e-01 2.479994e-01 -9.606655e-03 9.687126e-01 8.172568e+01
9.618068e-01 2.926476e-02 -2.721603e-01 -8.405742e+01 -2.967254e-02 9.995562e-01 2.618079e-03 -4.274942e-01 2.721162e-01 5.557600e-03 9.622484e-01 8.314038e+01
9.548139e-01 2.935585e-02 -2.957510e-01 -8.449278e+01 -2.609382e-02 9.995474e-01 1.497147e-02 -4.369496e-01 2.960566e-01 -6.577694e-03 9.551477e-01 8.458416e+01
9.511074e-01 3.068897e-02 -3.073318e-01 -8.472751e+01 -2.552079e-02 9.994574e-01 2.082214e-02 -4.424402e-01 3.078041e-01 -1.196073e-02 9.513746e-01 8.530299e+01
9.430702e-01 2.468379e-02 -3.316766e-01 -8.521230e+01 -2.123288e-02 9.996762e-01 1.402483e-02 -4.477484e-01 3.319154e-01 -6.183949e-03 9.432889e-01 8.671556e+01
9.371067e-01 1.714544e-02 -3.486217e-01 -8.572668e+01 -1.775628e-02 9.998413e-01 1.443362e-03 -4.633066e-01 3.485911e-01 4.837642e-03 9.372624e-01 8.811804e+01
9.312646e-01 2.180425e-02 -3.636906e-01 -8.628029e+01 -2.362202e-02 9.997208e-01 -5.504198e-04 -4.872714e-01 3.635771e-01 9.103693e-03 9.315197e-01 8.952111e+01
9.249334e-01 2.313847e-02 -3.794244e-01 -8.686039e+01 -2.178644e-02 9.997317e-01 7.857321e-03 -4.833979e-01 3.795045e-01 9.988106e-04 9.251894e-01 9.091809e+01
9.193440e-01 3.416534e-02 -3.919686e-01 -8.747632e+01 -2.709705e-02 9.993553e-01 2.355242e-02 -4.825025e-01 3.925206e-01 -1.103158e-02 9.196771e-01 9.231850e+01
9.142241e-01 3.856213e-02 -4.033699e-01 -8.811795e+01 -3.615563e-02 9.992538e-01 1.358310e-02 -4.680556e-01 4.035928e-01 2.166101e-03 9.149362e-01 9.368698e+01
9.103967e-01 3.049936e-02 -4.126108e-01 -8.874901e+01 -3.152904e-02 9.994935e-01 4.313954e-03 -4.631796e-01 4.125334e-01 9.081815e-03 9.108972e-01 9.506817e+01
9.057833e-01 4.006249e-02 -4.218431e-01 -8.941637e+01 -3.736374e-02 9.991941e-01 1.466603e-02 -4.736535e-01 4.220907e-01 2.477394e-03 9.065502e-01 9.646571e+01
9.012369e-01 3.463436e-02 -4.319404e-01 -9.008495e+01 -3.478352e-02 9.993663e-01 7.557112e-03 -4.847031e-01 4.319284e-01 8.213660e-03 9.018705e-01 9.784976e+01
8.966246e-01 3.188904e-02 -4.416416e-01 -9.077493e+01 -3.638479e-02 9.993364e-01 -1.710908e-03 -4.958138e-01 4.412940e-01 1.760308e-02 8.971899e-01 9.921955e+01
8.945911e-01 3.566952e-02 -4.454599e-01 -9.113104e+01 -3.821885e-02 9.992640e-01 3.261876e-03 -5.064823e-01 4.452484e-01 1.410692e-02 8.952960e-01 9.990950e+01
8.924765e-01 3.705554e-02 -4.495694e-01 -9.148703e+01 -3.875384e-02 9.992340e-01 5.428021e-03 -5.172294e-01 4.494262e-01 1.257816e-02 8.932289e-01 1.005948e+02
8.901319e-01 3.804467e-02 -4.541121e-01 -9.184000e+01 -3.946244e-02 9.992008e-01 6.358551e-03 -5.261980e-01 4.539911e-01 1.226042e-02 8.909219e-01 1.012774e+02
8.878868e-01 3.673343e-02 -4.585932e-01 -9.219617e+01 -3.816812e-02 9.992524e-01 6.142706e-03 -5.349382e-01 4.584760e-01 1.204961e-02 8.886251e-01 1.019541e+02
8.836111e-01 3.434905e-02 -4.669600e-01 -9.291478e+01 -3.563710e-02 9.993463e-01 6.076049e-03 -5.511717e-01 4.668634e-01 1.127223e-02 8.842576e-01 1.032961e+02
8.790575e-01 3.637209e-02 -4.753262e-01 -9.365046e+01 -3.747987e-02 9.992718e-01 7.150149e-03 -5.659964e-01 4.752401e-01 1.152977e-02 8.797806e-01 1.046187e+02
8.743880e-01 3.013636e-02 -4.842906e-01 -9.438211e+01 -3.517202e-02 9.993804e-01 -1.313869e-03 -5.883920e-01 4.839510e-01 1.818231e-02 8.749062e-01 1.059103e+02
8.722627e-01 2.821580e-02 -4.882229e-01 -9.474824e+01 -3.480935e-02 9.993841e-01 -4.433357e-03 -5.980777e-01 4.877972e-01 2.086177e-02 8.727077e-01 1.065472e+02
8.702813e-01 2.978177e-02 -4.916539e-01 -9.512335e+01 -3.479658e-02 9.993938e-01 -1.055815e-03 -6.050065e-01 4.913244e-01 1.802673e-02 8.707901e-01 1.071878e+02
8.684481e-01 3.401415e-02 -4.946119e-01 -9.549621e+01 -3.470690e-02 9.993672e-01 7.786899e-03 -6.134439e-01 4.945638e-01 1.040393e-02 8.690791e-01 1.078233e+02
8.669419e-01 3.641112e-02 -4.970774e-01 -9.586451e+01 -3.197040e-02 9.993366e-01 1.744294e-02 -6.210034e-01 4.973828e-01 7.697512e-04 8.675309e-01 1.084529e+02
8.654369e-01 3.625525e-02 -4.997044e-01 -9.622320e+01 -2.861616e-02 9.993271e-01 2.294432e-02 -6.251307e-01 5.002000e-01 -5.557237e-03 8.658921e-01 1.090677e+02
8.638730e-01 3.277621e-02 -5.026421e-01 -9.657402e+01 -2.481486e-02 9.994383e-01 2.252282e-02 -6.245992e-01 5.030980e-01 -6.983865e-03 8.642012e-01 1.096683e+02
8.589787e-01 2.761315e-02 -5.112661e-01 -9.760083e+01 -2.319451e-02 9.996181e-01 1.501961e-02 -6.270850e-01 5.114857e-01 -1.042954e-03 8.592912e-01 1.113654e+02
8.576929e-01 2.552506e-02 -5.135284e-01 -9.792433e+01 -2.122491e-02 9.996733e-01 1.423928e-02 -6.283274e-01 5.137241e-01 -1.313337e-03 8.579545e-01 1.119025e+02
8.551887e-01 2.632932e-02 -5.176476e-01 -9.855027e+01 -2.027669e-02 9.996439e-01 1.734686e-02 -6.360649e-01 5.179200e-01 -4.338655e-03 8.554181e-01 1.129252e+02
8.525658e-01 2.300783e-02 -5.221132e-01 -9.912485e+01 -1.598964e-02 9.997111e-01 1.794433e-02 -6.384109e-01 5.223752e-01 -6.950316e-03 8.526874e-01 1.138657e+02
8.465713e-01 1.638269e-02 -5.320232e-01 -1.001623e+02 -1.449194e-02 9.998651e-01 7.729033e-03 -6.586289e-01 5.320781e-01 1.166872e-03 8.466945e-01 1.154941e+02
8.370973e-01 1.671075e-02 -5.467988e-01 -1.008652e+02 -1.245354e-02 9.998564e-01 1.149150e-02 -6.647242e-01 5.469123e-01 -2.809920e-03 8.371852e-01 1.165286e+02
8.297184e-01 2.829663e-02 -5.574645e-01 -1.013056e+02 -1.887682e-02 9.995654e-01 2.264161e-02 -6.713923e-01 5.578630e-01 -8.262992e-03 8.298920e-01 1.171266e+02
7.836390e-01 2.664974e-02 -6.206446e-01 -1.024053e+02 -9.010756e-03 9.994619e-01 3.153855e-02 -6.766433e-01 6.211511e-01 -1.912236e-02 7.834575e-01 1.185086e+02
5.634743e-01 3.764848e-02 -8.252753e-01 -1.045336e+02 -2.419062e-02 9.992846e-01 2.907001e-02 -6.558701e-01 8.257794e-01 3.583724e-03 5.639819e-01 1.200291e+02
5.382124e-01 4.087249e-02 -8.418176e-01 -1.047330e+02 -2.695693e-02 9.991472e-01 3.127647e-02 -6.537004e-01 8.423781e-01 5.859440e-03 5.388552e-01 1.201137e+02
3.530581e-01 4.016684e-02 -9.347388e-01 -1.060565e+02 -3.016432e-02 9.990473e-01 3.153697e-02 -6.404796e-01 9.351151e-01 1.706138e-02 3.539333e-01 1.205003e+02
1.254397e-01 3.299074e-02 -9.915526e-01 -1.076301e+02 -2.366468e-02 9.992621e-01 3.025348e-02 -5.937682e-01 9.918190e-01 1.966979e-02 1.261278e-01 1.206434e+02
2.122537e-02 3.663835e-02 -9.991031e-01 -1.083468e+02 -1.818862e-02 9.991770e-01 3.625467e-02 -5.780578e-01 9.996093e-01 1.740279e-02 2.187430e-02 1.205908e+02
-3.218362e-02 3.879313e-02 -9.987288e-01 -1.087113e+02 -1.358154e-02 9.991372e-01 3.924666e-02 -5.724405e-01 9.993897e-01 1.482738e-02 -3.162899e-02 1.205308e+02
-2.393286e-01 4.521660e-02 -9.698852e-01 -1.103105e+02 2.445837e-03 9.989399e-01 4.596763e-02 -5.385017e-01 9.709356e-01 8.629191e-03 -2.391855e-01 1.201212e+02
-2.877480e-01 4.668609e-02 -9.565676e-01 -1.107358e+02 8.279552e-03 9.988950e-01 4.626133e-02 -5.271191e-01 9.576704e-01 5.391657e-03 -2.878166e-01 1.199688e+02
-3.346155e-01 4.809612e-02 -9.411266e-01 -1.111598e+02 1.399587e-02 9.988402e-01 4.606938e-02 -5.145431e-01 9.422508e-01 2.243642e-03 -3.349006e-01 1.197761e+02
-4.214956e-01 5.129773e-02 -9.053783e-01 -1.120419e+02 2.394144e-02 9.986802e-01 4.543827e-02 -4.860644e-01 9.065144e-01 -2.524024e-03 -4.221675e-01 1.193248e+02
-5.478370e-01 5.099196e-02 -8.350296e-01 -1.138987e+02 2.790612e-02 9.986990e-01 4.267829e-02 -4.140913e-01 8.361195e-01 7.831756e-05 -5.485473e-01 1.181067e+02
-5.663021e-01 4.898964e-02 -8.227405e-01 -1.143790e+02 2.667038e-02 9.987984e-01 4.111539e-02 -4.005528e-01 8.237661e-01 1.340940e-03 -5.669282e-01 1.177492e+02
-5.804739e-01 4.834624e-02 -8.128423e-01 -1.148756e+02 2.559142e-02 9.988259e-01 4.113263e-02 -3.846543e-01 8.138766e-01 3.074637e-03 -5.810297e-01 1.173755e+02
-6.217490e-01 5.159735e-02 -7.815151e-01 -1.175268e+02 2.820515e-02 9.986554e-01 4.349432e-02 -2.939813e-01 7.827086e-01 4.999804e-03 -6.223683e-01 1.152919e+02
-6.296183e-01 5.276167e-02 -7.751110e-01 -1.186599e+02 2.959963e-02 9.985960e-01 4.393067e-02 -2.513318e-01 7.763406e-01 4.716556e-03 -6.302960e-01 1.143662e+02
-6.320345e-01 5.391669e-02 -7.730623e-01 -1.192396e+02 3.084404e-02 9.985364e-01 4.442500e-02 -2.283537e-01 7.743262e-01 4.233769e-03 -6.327725e-01 1.138874e+02
-6.339116e-01 5.397883e-02 -7.715195e-01 -1.204389e+02 3.158847e-02 9.985361e-01 4.390755e-02 -1.816124e-01 7.727602e-01 3.462383e-03 -6.346887e-01 1.128933e+02
-6.361552e-01 5.371925e-02 -7.696888e-01 -1.223282e+02 3.279522e-02 9.985543e-01 4.258703e-02 -1.050706e-01 7.708639e-01 1.849851e-03 -6.369972e-01 1.113222e+02
-6.371377e-01 5.467189e-02 -7.688085e-01 -1.229704e+02 3.153192e-02 9.984949e-01 4.487391e-02 -7.535629e-02 7.701048e-01 4.348851e-03 -6.379026e-01 1.107728e+02
-6.395288e-01 5.599430e-02 -7.667252e-01 -1.242849e+02 3.066053e-02 9.984081e-01 4.734015e-02 -1.867648e-02 7.681555e-01 6.767193e-03 -6.402276e-01 1.096502e+02
-6.413875e-01 5.432909e-02 -7.652911e-01 -1.256369e+02 3.253119e-02 9.985183e-01 4.362198e-02 4.221843e-02 7.665271e-01 3.082760e-03 -6.422045e-01 1.085006e+02
-6.423178e-01 5.530909e-02 -7.644401e-01 -1.263320e+02 3.475676e-02 9.984687e-01 4.303742e-02 7.133427e-02 7.656500e-01 1.074243e-03 -6.432566e-01 1.079136e+02
-6.431044e-01 5.686590e-02 -7.636642e-01 -1.270372e+02 3.729233e-02 9.983814e-01 4.293905e-02 9.929117e-02 7.648699e-01 -8.645199e-04 -6.441842e-01 1.073179e+02
-6.443445e-01 5.487375e-02 -7.627641e-01 -1.277453e+02 3.718315e-02 9.984906e-01 4.042165e-02 1.250424e-01 7.638309e-01 -2.316499e-03 -6.454123e-01 1.067132e+02
-6.464204e-01 4.749143e-02 -7.615020e-01 -1.291860e+02 3.554941e-02 9.988517e-01 3.211685e-02 1.669410e-01 7.621529e-01 -6.309957e-03 -6.473664e-01 1.054824e+02
-6.462990e-01 4.543464e-02 -7.617305e-01 -1.306623e+02 3.133869e-02 9.989640e-01 3.299517e-02 1.979002e-01 7.624405e-01 -2.546888e-03 -6.470533e-01 1.042149e+02
-6.463919e-01 4.990347e-02 -7.613719e-01 -1.321648e+02 3.161416e-02 9.987536e-01 3.862258e-02 2.318873e-01 7.623504e-01 8.951891e-04 -6.471639e-01 1.029386e+02
-6.464693e-01 5.240601e-02 -7.611380e-01 -1.329234e+02 3.311670e-02 9.986253e-01 4.063002e-02 2.513658e-01 7.622210e-01 1.059678e-03 -6.473161e-01 1.023035e+02
-6.465598e-01 5.357037e-02 -7.609801e-01 -1.336799e+02 3.375429e-02 9.985633e-01 4.161642e-02 2.702986e-01 7.621162e-01 1.221165e-03 -6.474391e-01 1.016681e+02
-6.467821e-01 5.330896e-02 -7.608094e-01 -1.351892e+02 3.266538e-02 9.985751e-01 4.219930e-02 3.106498e-01 7.619750e-01 2.441633e-03 -6.476019e-01 1.003904e+02
-6.467717e-01 5.405138e-02 -7.607659e-01 -1.359465e+02 3.255466e-02 9.985329e-01 4.326781e-02 3.298425e-01 7.619886e-01 3.217921e-03 -6.475825e-01 9.975107e+01
-6.470020e-01 5.587287e-02 -7.604384e-01 -1.374685e+02 3.236215e-02 9.984251e-01 4.582425e-02 3.680159e-01 7.618013e-01 5.038959e-03 -6.477912e-01 9.846944e+01
-6.479718e-01 5.568539e-02 -7.596260e-01 -1.389901e+02 3.346596e-02 9.984422e-01 4.464521e-02 4.148069e-01 7.609288e-01 3.507227e-03 -6.488260e-01 9.718269e+01
-6.493896e-01 5.616798e-02 -7.583788e-01 -1.405111e+02 3.459986e-02 9.984181e-01 4.431870e-02 4.529559e-01 7.596684e-01 2.540305e-03 -6.503057e-01 9.590422e+01
-6.507781e-01 5.470254e-02 -7.572949e-01 -1.420208e+02 3.337598e-02 9.984982e-01 4.344417e-02 4.912744e-01 7.585341e-01 2.997059e-03 -6.516265e-01 9.462044e+01
-6.512026e-01 5.277174e-02 -7.570669e-01 -1.435294e+02 3.182284e-02 9.986007e-01 4.223510e-02 5.274135e-01 7.582364e-01 3.411590e-03 -6.519708e-01 9.333700e+01
-6.511605e-01 5.114720e-02 -7.572146e-01 -1.442862e+02 2.855639e-02 9.986712e-01 4.289993e-02 5.445632e-01 7.584026e-01 6.311429e-03 -6.517558e-01 9.269067e+01
-6.503822e-01 5.036423e-02 -7.579356e-01 -1.450409e+02 2.708532e-02 9.987026e-01 4.312121e-02 5.612957e-01 7.591241e-01 7.516344e-03 -6.509026e-01 9.204892e+01
-6.494136e-01 4.861105e-02 -7.588801e-01 -1.457940e+02 2.603743e-02 9.987909e-01 4.169728e-02 5.779645e-01 7.599896e-01 7.319490e-03 -6.498941e-01 9.141052e+01
-6.465859e-01 4.634081e-02 -7.614323e-01 -1.473072e+02 2.492243e-02 9.989035e-01 3.962995e-02 6.086489e-01 7.624340e-01 6.647426e-03 -6.470319e-01 9.013928e+01
-6.455338e-01 4.889900e-02 -7.621646e-01 -1.480704e+02 2.617218e-02 9.987784e-01 4.191254e-02 6.250373e-01 7.632831e-01 7.108459e-03 -6.460251e-01 8.950321e+01
-6.442557e-01 5.464892e-02 -7.628552e-01 -1.488333e+02 2.896060e-02 9.984717e-01 4.706973e-02 6.468099e-01 7.642616e-01 8.232197e-03 -6.448538e-01 8.887146e+01
-6.432656e-01 6.160484e-02 -7.631607e-01 -1.496005e+02 3.171803e-02 9.980462e-01 5.383057e-02 6.716835e-01 7.649859e-01 1.042140e-02 -6.439628e-01 8.823696e+01
-6.427117e-01 6.393031e-02 -7.634360e-01 -1.503591e+02 3.209023e-02 9.978840e-01 5.654736e-02 6.967564e-01 7.654358e-01 1.184482e-02 -6.434033e-01 8.760683e+01
-6.425511e-01 6.032541e-02 -7.638645e-01 -1.511134e+02 3.231318e-02 9.981425e-01 5.164595e-02 7.256258e-01 7.655612e-01 8.502276e-03 -6.433069e-01 8.697809e+01
-6.424432e-01 5.639400e-02 -7.642555e-01 -1.526218e+02 3.249778e-02 9.983963e-01 4.635309e-02 7.806961e-01 7.656440e-01 4.942624e-03 -6.432456e-01 8.571894e+01
-6.425603e-01 5.837811e-02 -7.640080e-01 -1.533790e+02 3.171360e-02 9.982652e-01 4.960544e-02 8.039512e-01 7.655786e-01 7.645046e-03 -6.432970e-01 8.508539e+01
-6.426567e-01 6.049709e-02 -7.637621e-01 -1.541322e+02 3.258913e-02 9.981339e-01 5.163989e-02 8.288243e-01 7.654609e-01 8.296381e-03 -6.434290e-01 8.445676e+01
-6.431479e-01 5.986322e-02 -7.633984e-01 -1.548823e+02 3.378566e-02 9.981870e-01 4.981086e-02 8.536668e-01 7.649963e-01 6.243830e-03 -6.440044e-01 8.383215e+01
-6.438258e-01 5.874944e-02 -7.629134e-01 -1.556292e+02 3.429074e-02 9.982617e-01 4.793476e-02 8.796994e-01 7.644034e-01 4.700774e-03 -6.447212e-01 8.320615e+01
-6.444559e-01 5.910036e-02 -7.623541e-01 -1.563743e+02 3.369850e-02 9.982350e-01 4.889968e-02 9.056545e-01 7.638986e-01 5.823502e-03 -6.453100e-01 8.257906e+01
-6.454261e-01 6.577348e-02 -7.609855e-01 -1.578614e+02 3.471173e-02 9.977820e-01 5.679970e-02 9.618364e-01 7.630336e-01 1.024489e-02 -6.462777e-01 8.132671e+01
-6.459200e-01 6.677058e-02 -7.604795e-01 -1.586032e+02 3.611815e-02 9.977250e-01 5.692364e-02 9.920658e-01 7.625503e-01 9.301002e-03 -6.468621e-01 8.070349e+01
-6.469687e-01 6.525242e-02 -7.597194e-01 -1.600585e+02 3.777343e-02 9.978511e-01 5.353817e-02 1.049905e+00 7.615804e-01 5.940314e-03 -6.480433e-01 7.946455e+01
-6.462966e-01 6.110321e-02 -7.606360e-01 -1.615000e+02 3.319896e-02 9.980966e-01 5.197039e-02 1.102704e+00 7.623638e-01 8.335959e-03 -6.470950e-01 7.822487e+01
-6.452629e-01 5.885567e-02 -7.616901e-01 -1.629402e+02 3.008946e-02 9.982123e-01 5.164155e-02 1.154301e+00 7.633678e-01 1.040353e-02 -6.458803e-01 7.699411e+01
-6.447113e-01 5.801038e-02 -7.622218e-01 -1.636585e+02 2.849878e-02 9.982472e-01 5.186841e-02 1.179845e+00 7.638948e-01 1.171776e-02 -6.452345e-01 7.638223e+01
-6.437684e-01 5.733999e-02 -7.630690e-01 -1.650930e+02 2.843930e-02 9.982925e-01 5.102261e-02 1.231444e+00 7.646917e-01 1.114560e-02 -6.442999e-01 7.517018e+01
-6.427698e-01 5.656035e-02 -7.639685e-01 -1.665248e+02 2.861006e-02 9.983473e-01 4.984133e-02 1.282062e+00 7.655250e-01 1.017932e-02 -6.433257e-01 7.396713e+01
-6.420327e-01 5.939250e-02 -7.643733e-01 -1.672418e+02 3.146816e-02 9.981961e-01 5.112921e-02 1.306576e+00 7.660312e-01 8.773208e-03 -6.427436e-01 7.337210e+01
-6.417897e-01 6.070444e-02 -7.644743e-01 -1.679552e+02 3.245390e-02 9.981190e-01 5.201181e-02 1.330108e+00 7.661937e-01 8.570471e-03 -6.425526e-01 7.277838e+01
-6.414898e-01 5.863152e-02 -7.648877e-01 -1.686684e+02 3.248127e-02 9.982567e-01 4.927902e-02 1.351053e+00 7.664437e-01 6.767464e-03 -6.422759e-01 7.219108e+01
-6.411565e-01 5.662618e-02 -7.653181e-01 -1.693812e+02 3.399575e-02 9.983907e-01 4.539089e-02 1.373431e+00 7.666568e-01 3.085099e-03 -6.420497e-01 7.161267e+01
-6.403780e-01 5.577115e-02 -7.660324e-01 -1.700844e+02 3.508055e-02 9.984431e-01 4.336570e-02 1.396727e+00 7.672584e-01 8.976054e-04 -6.413375e-01 7.103558e+01
-6.396969e-01 5.491240e-02 -7.666633e-01 -1.714722e+02 3.087900e-02 9.984755e-01 4.575085e-02 1.416166e+00 7.680068e-01 5.592882e-03 -6.404173e-01 6.990570e+01
-6.398714e-01 5.487944e-02 -7.665199e-01 -1.721588e+02 3.082442e-02 9.984770e-01 4.575512e-02 1.425569e+00 7.678636e-01 5.649867e-03 -6.405885e-01 6.935261e+01
-6.400269e-01 5.437972e-02 -7.664257e-01 -1.728299e+02 3.095182e-02 9.985074e-01 4.499923e-02 1.436887e+00 7.677289e-01 5.078452e-03 -6.407547e-01 6.880749e+01
-6.400838e-01 5.417777e-02 -7.663925e-01 -1.741451e+02 3.096746e-02 9.985193e-01 4.472355e-02 1.460081e+00 7.676808e-01 4.893591e-03 -6.408138e-01 6.773915e+01
-6.400459e-01 5.377408e-02 -7.664526e-01 -1.747856e+02 2.996269e-02 9.985359e-01 4.503589e-02 1.470417e+00 7.677523e-01 5.860056e-03 -6.407200e-01 6.721605e+01
-6.404712e-01 5.442425e-02 -7.660513e-01 -1.760447e+02 3.021354e-02 9.984992e-01 4.567798e-02 1.496245e+00 7.673876e-01 6.110312e-03 -6.411544e-01 6.618835e+01
-6.406157e-01 5.614235e-02 -7.658065e-01 -1.766638e+02 3.041021e-02 9.983960e-01 4.775496e-02 1.510435e+00 7.672593e-01 7.304241e-03 -6.412955e-01 6.568420e+01
-6.407315e-01 5.812858e-02 -7.655613e-01 -1.772745e+02 3.088011e-02 9.982740e-01 4.995343e-02 1.525125e+00 7.671438e-01 8.366123e-03 -6.414207e-01 6.518539e+01
-6.406910e-01 6.023602e-02 -7.654323e-01 -1.778683e+02 3.198492e-02 9.981463e-01 5.177718e-02 1.538016e+00 7.671323e-01 8.690887e-03 -6.414300e-01 6.468934e+01
-6.410091e-01 6.387398e-02 -7.648709e-01 -1.790078e+02 3.538205e-02 9.979309e-01 5.368438e-02 1.561925e+00 7.667174e-01 7.349473e-03 -6.419427e-01 6.371223e+01
-6.413462e-01 6.463854e-02 -7.645240e-01 -1.795612e+02 3.658053e-02 9.978878e-01 5.368209e-02 1.575397e+00 7.663791e-01 6.462121e-03 -6.423561e-01 6.324071e+01
-6.421016e-01 6.463336e-02 -7.638900e-01 -1.801003e+02 3.614028e-02 9.978838e-01 5.405341e-02 1.586480e+00 7.657672e-01 7.100584e-03 -6.430787e-01 6.276519e+01
-6.428834e-01 6.567946e-02 -7.631429e-01 -1.806249e+02 3.786223e-02 9.978238e-01 5.398143e-02 1.600125e+00 7.650277e-01 5.809474e-03 -6.439712e-01 6.231141e+01
-6.790672e-01 7.307650e-02 -7.304298e-01 -1.835369e+02 5.363983e-02 9.973123e-01 4.990906e-02 1.673611e+00 7.321138e-01 -5.288521e-03 -6.811618e-01 5.967252e+01
-7.049019e-01 7.806521e-02 -7.049959e-01 -1.844045e+02 6.125005e-02 9.969117e-01 4.914763e-02 1.698748e+00 7.066554e-01 -8.536774e-03 -7.075064e-01 5.880121e+01
-7.384341e-01 8.213636e-02 -6.693046e-01 -1.851982e+02 6.742783e-02 9.965733e-01 4.790632e-02 1.732581e+00 6.709461e-01 -9.754091e-03 -7.414420e-01 5.791203e+01
-7.778313e-01 8.003764e-02 -6.233558e-01 -1.858798e+02 6.386685e-02 9.967893e-01 4.829193e-02 1.767896e+00 6.252196e-01 -2.248789e-03 -7.804457e-01 5.700033e+01
-8.665648e-01 7.378531e-02 -4.935800e-01 -1.869445e+02 5.780157e-02 9.971931e-01 4.758990e-02 1.842880e+00 4.957061e-01 1.271003e-02 -8.683974e-01 5.512564e+01
-9.098548e-01 5.445376e-02 -4.113381e-01 -1.872835e+02 4.117828e-02 9.983072e-01 4.107410e-02 1.870218e+00 4.128785e-01 2.043327e-02 -9.105569e-01 5.417085e+01
-9.452512e-01 3.706129e-02 -3.242324e-01 -1.875256e+02 2.776133e-02 9.990610e-01 3.326342e-02 1.887417e+00 3.251607e-01 2.244117e-02 -9.453925e-01 5.321309e+01
-9.970705e-01 2.051987e-02 7.368440e-02 -1.876045e+02 2.335961e-02 9.990090e-01 3.788635e-02 1.913879e+00 -7.283396e-02 3.949659e-02 -9.965617e-01 4.940375e+01
-9.843986e-01 2.362611e-02 1.743596e-01 -1.873856e+02 2.975169e-02 9.990255e-01 3.260177e-02 1.916040e+00 -1.734194e-01 3.728062e-02 -9.841422e-01 4.850872e+01
-9.745046e-01 2.207656e-02 2.232787e-01 -1.872454e+02 2.939030e-02 9.991330e-01 2.948581e-02 1.919502e+00 -2.224342e-01 3.529628e-02 -9.743086e-01 4.808322e+01
-9.466844e-01 2.747540e-02 3.209888e-01 -1.869050e+02 3.735473e-02 9.989978e-01 2.465901e-02 1.925132e+00 -3.199896e-01 3.533474e-02 -9.467619e-01 4.724980e+01
-9.132370e-01 2.475193e-02 4.066762e-01 -1.864782e+02 3.739334e-02 9.990320e-01 2.316585e-02 1.917552e+00 -4.057092e-01 3.636289e-02 -9.132786e-01 4.643056e+01
-8.953418e-01 1.994046e-02 4.449332e-01 -1.862433e+02 3.564541e-02 9.990008e-01 2.695748e-02 1.910636e+00 -4.439511e-01 3.999598e-02 -8.951580e-01 4.602498e+01
-8.776813e-01 1.983338e-02 4.788341e-01 -1.859999e+02 3.901401e-02 9.987839e-01 3.014110e-02 1.906858e+00 -4.776541e-01 4.513551e-02 -8.773878e-01 4.562057e+01
-8.187995e-01 1.697153e-02 5.738286e-01 -1.848981e+02 4.276455e-02 9.985889e-01 3.148676e-02 1.906175e+00 -5.724845e-01 5.032086e-02 -8.183699e-01 4.404415e+01
-8.087019e-01 1.617290e-02 5.879963e-01 -1.845971e+02 4.220964e-02 9.986405e-01 3.058539e-02 1.908337e+00 -5.867023e-01 4.955357e-02 -8.082852e-01 4.365148e+01
-8.004594e-01 1.505932e-02 5.991977e-01 -1.842874e+02 4.110786e-02 9.987097e-01 2.981533e-02 1.908808e+00 -5.979757e-01 4.849769e-02 -8.000457e-01 4.325715e+01
-7.885180e-01 1.277601e-02 6.148789e-01 -1.836434e+02 3.674891e-02 9.989765e-01 2.636980e-02 1.911087e+00 -6.139128e-01 4.338919e-02 -7.881805e-01 4.245635e+01
-7.839208e-01 1.439576e-02 6.206939e-01 -1.833133e+02 3.766703e-02 9.989923e-01 2.440285e-02 1.914906e+00 -6.197172e-01 4.250959e-02 -7.836731e-01 4.204606e+01
-7.774459e-01 1.916976e-02 6.286576e-01 -1.826247e+02 4.323140e-02 9.988001e-01 2.300664e-02 1.928571e+00 -6.274623e-01 4.506416e-02 -7.773418e-01 4.120434e+01
-7.752609e-01 1.747523e-02 6.313994e-01 -1.822608e+02 4.062155e-02 9.989273e-01 2.222968e-02 1.933488e+00 -6.303337e-01 4.288221e-02 -7.751391e-01 4.077740e+01
-7.736951e-01 1.525901e-02 6.333744e-01 -1.818872e+02 3.648927e-02 9.991237e-01 2.050275e-02 1.936481e+00 -6.325065e-01 3.897424e-02 -7.735739e-01 4.034468e+01
-7.721832e-01 1.363875e-02 6.352536e-01 -1.811166e+02 3.526394e-02 9.991486e-01 2.141362e-02 1.952827e+00 -6.344207e-01 3.893677e-02 -7.720067e-01 3.943245e+01
-7.720920e-01 1.771611e-02 6.352638e-01 -1.807267e+02 4.063309e-02 9.989422e-01 2.152664e-02 1.954282e+00 -6.342105e-01 4.243327e-02 -7.719952e-01 3.895179e+01
-7.731938e-01 1.750785e-02 6.339280e-01 -1.799121e+02 3.693870e-02 9.991650e-01 1.745866e-02 1.948467e+00 -6.330931e-01 3.691540e-02 -7.731950e-01 3.796509e+01
-7.734679e-01 2.123109e-02 6.334797e-01 -1.794927e+02 3.592724e-02 9.993005e-01 1.037495e-02 1.950893e+00 -6.328164e-01 3.078387e-02 -7.736897e-01 3.745911e+01
-7.738922e-01 2.344744e-02 6.328832e-01 -1.790635e+02 3.477357e-02 9.993801e-01 5.495602e-03 1.950476e+00 -6.323620e-01 2.626060e-02 -7.742278e-01 3.693739e+01
-7.742689e-01 2.561184e-02 6.323383e-01 -1.786239e+02 3.752559e-02 9.992806e-01 5.474080e-03 1.946894e+00 -6.317433e-01 2.796728e-02 -7.746730e-01 3.639418e+01
-7.743612e-01 1.140599e-02 6.326410e-01 -1.767106e+02 2.538766e-02 9.995924e-01 1.305301e-02 1.923186e+00 -6.322343e-01 2.616901e-02 -7.743352e-01 3.414270e+01
-7.744470e-01 9.052690e-03 6.325740e-01 -1.762079e+02 2.502673e-02 9.995533e-01 1.633520e-02 1.922565e+00 -6.321436e-01 2.848200e-02 -7.743276e-01 3.353889e+01
-7.747823e-01 3.640077e-03 6.322177e-01 -1.751718e+02 2.325803e-02 9.994706e-01 2.274810e-02 1.922179e+00 -6.318002e-01 3.232895e-02 -7.744568e-01 3.229666e+01
-7.741310e-01 5.407391e-03 6.330024e-01 -1.741052e+02 2.079182e-02 9.996412e-01 1.688798e-02 1.927099e+00 -6.326840e-01 2.623477e-02 -7.739656e-01 3.102204e+01
-7.736503e-01 4.786133e-03 6.335947e-01 -1.730021e+02 2.523362e-02 9.994109e-01 2.326200e-02 1.938375e+00 -6.331102e-01 3.398453e-02 -7.733153e-01 2.969599e+01
-7.732664e-01 7.089408e-03 6.340416e-01 -1.718670e+02 3.009467e-02 9.992209e-01 2.553035e-02 1.951405e+00 -6.333667e-01 3.882303e-02 -7.728773e-01 2.834675e+01
-7.726454e-01 1.798946e-02 6.345829e-01 -1.707093e+02 3.748792e-02 9.991470e-01 1.731964e-02 1.958687e+00 -6.337301e-01 3.717112e-02 -7.726607e-01 2.696332e+01
-7.735452e-01 1.995500e-02 6.334269e-01 -1.695314e+02 3.716411e-02 9.992124e-01 1.390661e-02 1.943279e+00 -6.326506e-01 3.429813e-02 -7.736775e-01 2.554622e+01
-7.746740e-01 1.466747e-02 6.321906e-01 -1.683371e+02 3.523400e-02 9.991791e-01 1.999306e-02 1.929608e+00 -6.313784e-01 3.776271e-02 -7.745549e-01 2.409784e+01
-7.756371e-01 1.696891e-02 6.309510e-01 -1.671591e+02 4.159490e-02 9.988397e-01 2.427022e-02 1.914344e+00 -6.298071e-01 4.506921e-02 -7.754430e-01 2.263920e+01
-7.762817e-01 2.295506e-02 6.299681e-01 -1.660001e+02 5.250428e-02 9.982189e-01 2.832511e-02 1.908068e+00 -6.281959e-01 5.506428e-02 -7.761043e-01 2.117959e+01
-7.767751e-01 2.058793e-02 6.294414e-01 -1.648351e+02 5.913600e-02 9.974339e-01 4.035365e-02 1.923826e+00 -6.269955e-01 6.856835e-02 -7.759994e-01 1.971467e+01
-7.775165e-01 2.635662e-02 6.283099e-01 -1.636778e+02 5.916654e-02 9.977553e-01 3.136269e-02 1.940348e+00 -6.260730e-01 6.155992e-02 -7.773307e-01 1.828024e+01
-7.788291e-01 3.489893e-02 6.262645e-01 -1.625251e+02 5.950586e-02 9.980586e-01 1.838473e-02 1.942748e+00 -6.244071e-01 5.158496e-02 -7.793938e-01 1.685680e+01
-7.802128e-01 3.195104e-02 6.246976e-01 -1.613773e+02 6.014093e-02 9.978995e-01 2.407369e-02 1.936519e+00 -6.226164e-01 5.635249e-02 -7.804956e-01 1.542915e+01
-7.829338e-01 2.870224e-02 6.214426e-01 -1.602415e+02 5.728490e-02 9.980172e-01 2.607633e-02 1.936584e+00 -6.194620e-01 5.601531e-02 -7.830256e-01 1.401383e+01
-7.927358e-01 2.421727e-02 6.090841e-01 -1.591338e+02 5.137167e-02 9.983100e-01 2.716834e-02 1.935031e+00 -6.073969e-01 5.282697e-02 -7.926401e-01 1.259096e+01
-8.082955e-01 2.646177e-02 5.881820e-01 -1.580880e+02 5.309014e-02 9.981957e-01 2.804997e-02 1.945549e+00 -5.863785e-01 5.389932e-02 -8.082420e-01 1.115361e+01
-8.300177e-01 2.862510e-02 5.570020e-01 -1.571079e+02 5.828585e-02 9.976655e-01 3.558336e-02 1.958096e+00 -5.546831e-01 6.200014e-02 -8.297485e-01 9.685989e+00
-8.577965e-01 3.512916e-02 5.127875e-01 -1.562137e+02 6.374148e-02 9.972308e-01 3.831085e-02 1.981362e+00 -5.100217e-01 6.554874e-02 -8.576603e-01 8.187478e+00
-8.887523e-01 4.151905e-02 4.565036e-01 -1.554337e+02 6.840631e-02 9.967509e-01 4.252342e-02 2.020771e+00 -4.532549e-01 6.902050e-02 -8.887048e-01 6.640524e+00
-9.163015e-01 5.148583e-02 3.971660e-01 -1.547551e+02 7.142559e-02 9.968116e-01 3.556618e-02 2.055959e+00 -3.940686e-01 6.095715e-02 -9.170574e-01 5.066725e+00
-9.287984e-01 5.768384e-02 3.660685e-01 -1.544511e+02 7.225129e-02 9.970421e-01 2.620724e-02 2.070725e+00 -3.634740e-01 5.079016e-02 -9.302188e-01 4.275819e+00
-9.597480e-01 5.161216e-02 2.760797e-01 -1.536909e+02 6.018704e-02 9.979296e-01 2.267125e-02 2.081084e+00 -2.743380e-01 3.837510e-02 -9.608673e-01 1.836084e+00
-9.665155e-01 5.324764e-02 2.510229e-01 -1.534863e+02 6.078856e-02 9.978998e-01 2.237747e-02 2.082675e+00 -2.493041e-01 3.688749e-02 -9.677225e-01 1.004297e+00
-9.716011e-01 5.787948e-02 2.294370e-01 -1.532952e+02 6.420401e-02 9.977325e-01 2.019039e-02 2.088962e+00 -2.277481e-01 3.434778e-02 -9.731141e-01 1.642828e-01
-9.834470e-01 5.305041e-02 1.732560e-01 -1.527936e+02 5.943047e-02 9.977244e-01 3.184311e-02 2.108057e+00 -1.711725e-01 4.161270e-02 -9.843619e-01 -2.422346e+00
-9.863759e-01 5.356656e-02 1.555416e-01 -1.526592e+02 5.920798e-02 9.977370e-01 3.186262e-02 2.120983e+00 -1.534829e-01 4.063782e-02 -9.873153e-01 -3.301845e+00
-9.888600e-01 5.327137e-02 1.389895e-01 -1.525347e+02 5.770336e-02 9.979396e-01 2.805187e-02 2.129986e+00 -1.372087e-01 3.575952e-02 -9.898965e-01 -4.184410e+00
-9.914729e-01 6.231527e-02 1.144477e-01 -1.523238e+02 6.588321e-02 9.974439e-01 2.765813e-02 2.164537e+00 -1.124316e-01 3.496247e-02 -9.930442e-01 -6.003442e+00
-9.918984e-01 6.697717e-02 1.079427e-01 -1.522301e+02 7.148133e-02 9.967021e-01 3.840841e-02 2.184519e+00 -1.050142e-01 4.581312e-02 -9.934149e-01 -6.932667e+00
-9.920408e-01 6.959146e-02 1.049381e-01 -1.521344e+02 7.491590e-02 9.960495e-01 4.767641e-02 2.208027e+00 -1.012057e-01 5.515847e-02 -9.933353e-01 -7.875658e+00
-9.922338e-01 6.914451e-02 1.033984e-01 -1.520349e+02 7.444703e-02 9.960531e-01 4.832976e-02 2.236569e+00 -9.964857e-02 5.565211e-02 -9.934652e-01 -8.818435e+00
-9.929599e-01 6.169034e-02 1.011183e-01 -1.518222e+02 6.614837e-02 9.969530e-01 4.134057e-02 2.290503e+00 -9.825984e-02 4.773833e-02 -9.940151e-01 -1.072343e+01
-9.934866e-01 5.355313e-02 1.005808e-01 -1.517054e+02 5.768773e-02 9.975860e-01 3.865668e-02 2.314806e+00 -9.826781e-02 4.420716e-02 -9.941776e-01 -1.169649e+01
-9.937888e-01 4.595056e-02 1.013530e-01 -1.514796e+02 5.034163e-02 9.978819e-01 4.119955e-02 2.366234e+00 -9.924519e-02 4.604592e-02 -9.939971e-01 -1.368436e+01
-9.936981e-01 4.315331e-02 1.034502e-01 -1.512539e+02 4.785382e-02 9.979113e-01 4.339341e-02 2.419304e+00 -1.013615e-01 4.807042e-02 -9.936876e-01 -1.570974e+01
-9.936346e-01 4.124027e-02 1.048309e-01 -1.511385e+02 4.593021e-02 9.980306e-01 4.272379e-02 2.446252e+00 -1.028625e-01 4.726673e-02 -9.935719e-01 -1.672996e+01
-9.936119e-01 3.955357e-02 1.056927e-01 -1.510183e+02 4.406723e-02 9.981985e-01 4.071612e-02 2.471748e+00 -1.038918e-01 4.511359e-02 -9.935649e-01 -1.776061e+01
-9.935948e-01 3.781976e-02 1.064850e-01 -1.508986e+02 4.216448e-02 9.983551e-01 3.884906e-02 2.495354e+00 -1.048406e-01 4.309010e-02 -9.935551e-01 -1.879445e+01
-9.939518e-01 3.214620e-02 1.050071e-01 -1.506584e+02 3.633639e-02 9.986078e-01 3.823702e-02 2.531082e+00 -1.036318e-01 4.182133e-02 -9.937361e-01 -2.088457e+01
-9.941628e-01 3.062121e-02 1.034534e-01 -1.505418e+02 3.481680e-02 9.986326e-01 3.899547e-02 2.546922e+00 -1.021179e-01 4.236976e-02 -9.938696e-01 -2.193524e+01
-9.943256e-01 3.018545e-02 1.020068e-01 -1.504287e+02 3.436810e-02 9.986284e-01 3.949758e-02 2.562912e+00 -1.006746e-01 4.277923e-02 -9.939993e-01 -2.298777e+01
-9.946208e-01 2.935157e-02 9.933793e-02 -1.502100e+02 3.359382e-02 9.985816e-01 4.130505e-02 2.602248e+00 -9.798467e-02 4.441999e-02 -9.941961e-01 -2.509394e+01
-9.947189e-01 2.873181e-02 9.853280e-02 -1.501008e+02 3.319882e-02 9.984798e-01 4.399907e-02 2.624842e+00 -9.711884e-02 4.703787e-02 -9.941606e-01 -2.614805e+01
-9.948240e-01 2.779561e-02 9.773792e-02 -1.499955e+02 3.239060e-02 9.984279e-01 4.574505e-02 2.652068e+00 -9.631276e-02 4.867405e-02 -9.941603e-01 -2.719872e+01
-9.949605e-01 2.701229e-02 9.656055e-02 -1.498915e+02 3.144483e-02 9.985063e-01 4.468085e-02 2.677343e+00 -9.520939e-02 4.749200e-02 -9.943237e-01 -2.824318e+01
-9.951318e-01 2.629112e-02 9.498175e-02 -1.496882e+02 3.030102e-02 9.986985e-01 4.102457e-02 2.727489e+00 -9.377956e-02 4.370289e-02 -9.946333e-01 -3.032621e+01
-9.952394e-01 2.586822e-02 9.396432e-02 -1.495881e+02 2.984556e-02 9.987062e-01 4.117215e-02 2.749371e+00 -9.277771e-02 4.378056e-02 -9.947239e-01 -3.136520e+01
-9.956885e-01 2.377655e-02 8.966130e-02 -1.493925e+02 2.776184e-02 9.986691e-01 4.346617e-02 2.798290e+00 -8.850850e-02 4.576792e-02 -9.950234e-01 -3.344880e+01
-9.959658e-01 2.276499e-02 8.679761e-02 -1.493004e+02 2.669349e-02 9.986584e-01 4.437149e-02 2.822913e+00 -8.567105e-02 4.650941e-02 -9.952373e-01 -3.447237e+01
-9.962306e-01 2.225481e-02 8.384080e-02 -1.492116e+02 2.593192e-02 9.987373e-01 4.302746e-02 2.847794e+00 -8.277736e-02 4.503942e-02 -9.955498e-01 -3.550025e+01
-9.965023e-01 2.131129e-02 8.080275e-02 -1.491247e+02 2.481715e-02 9.987824e-01 4.263466e-02 2.872146e+00 -7.979577e-02 4.449082e-02 -9.958179e-01 -3.652570e+01
-9.967644e-01 2.042812e-02 7.773907e-02 -1.490389e+02 2.387675e-02 9.987596e-01 4.369370e-02 2.893300e+00 -7.675007e-02 4.540847e-02 -9.960158e-01 -3.754989e+01
-9.969736e-01 2.015416e-02 7.508346e-02 -1.489571e+02 2.361781e-02 9.986836e-01 4.553181e-02 2.914898e+00 -7.406697e-02 4.716731e-02 -9.961372e-01 -3.857065e+01
-9.971667e-01 2.070158e-02 7.231856e-02 -1.488814e+02 2.413645e-02 9.986056e-01 4.694985e-02 2.936848e+00 -7.124578e-02 4.856233e-02 -9.962759e-01 -3.958889e+01
-9.973144e-01 2.146031e-02 7.002450e-02 -1.488101e+02 2.479847e-02 9.985797e-01 4.715525e-02 2.958886e+00 -6.891308e-02 4.876510e-02 -9.964301e-01 -4.060275e+01
-9.974732e-01 2.130839e-02 6.777307e-02 -1.487352e+02 2.450553e-02 9.986084e-01 4.669784e-02 2.980846e+00 -6.668370e-02 4.824065e-02 -9.966073e-01 -4.161181e+01
-9.975737e-01 2.245378e-02 6.589798e-02 -1.486636e+02 2.548657e-02 9.986369e-01 4.554837e-02 3.002899e+00 -6.478543e-02 4.711737e-02 -9.967862e-01 -4.262144e+01
-9.976842e-01 2.173367e-02 6.445094e-02 -1.485927e+02 2.470382e-02 9.986519e-01 4.565068e-02 3.027276e+00 -6.337190e-02 4.713713e-02 -9.968762e-01 -4.362164e+01
-9.977937e-01 2.037850e-02 6.318521e-02 -1.485176e+02 2.333198e-02 9.986521e-01 4.636320e-02 3.054980e+00 -6.215524e-02 4.773514e-02 -9.969243e-01 -4.462545e+01
-9.978591e-01 1.962235e-02 6.238685e-02 -1.484441e+02 2.247240e-02 9.987199e-01 4.531479e-02 3.079101e+00 -6.141781e-02 4.661975e-02 -9.970228e-01 -4.562217e+01
-9.979032e-01 1.940796e-02 6.174527e-02 -1.483689e+02 2.197546e-02 9.989101e-01 4.117821e-02 3.102061e+00 -6.087879e-02 4.244874e-02 -9.972421e-01 -4.661393e+01
-9.979067e-01 1.897599e-02 6.182336e-02 -1.482258e+02 2.131120e-02 9.990755e-01 3.733418e-02 3.142814e+00 -6.105776e-02 3.857356e-02 -9.973886e-01 -4.859075e+01
-9.978574e-01 1.981816e-02 6.235323e-02 -1.481556e+02 2.217510e-02 9.990566e-01 3.733755e-02 3.159721e+00 -6.155445e-02 3.864023e-02 -9.973555e-01 -4.957611e+01
-9.977734e-01 2.142656e-02 6.315928e-02 -1.480851e+02 2.390782e-02 9.989611e-01 3.879520e-02 3.175297e+00 -6.226242e-02 4.021882e-02 -9.972491e-01 -5.055843e+01
-9.976673e-01 2.348270e-02 6.409852e-02 -1.480135e+02 2.608162e-02 9.988586e-01 4.001444e-02 3.189403e+00 -6.308571e-02 4.159288e-02 -9.971410e-01 -5.153844e+01
-9.975081e-01 2.483374e-02 6.603695e-02 -1.478700e+02 2.761147e-02 9.987574e-01 4.148838e-02 3.219705e+00 -6.492459e-02 4.320837e-02 -9.969543e-01 -5.347973e+01
-9.974655e-01 2.382302e-02 6.704453e-02 -1.477977e+02 2.667715e-02 9.987613e-01 4.200210e-02 3.231897e+00 -6.596087e-02 4.368419e-02 -9.968655e-01 -5.444853e+01
-9.974156e-01 2.368423e-02 6.783198e-02 -1.477243e+02 2.649774e-02 9.988125e-01 4.088251e-02 3.243527e+00 -6.678316e-02 4.257425e-02 -9.968588e-01 -5.541352e+01
-9.969964e-01 2.716604e-02 7.252724e-02 -1.475797e+02 3.001996e-02 9.988055e-01 3.855372e-02 3.270311e+00 -7.139325e-02 4.061517e-02 -9.966210e-01 -5.733020e+01
-9.968209e-01 2.594470e-02 7.533233e-02 -1.475001e+02 2.885909e-02 9.988662e-01 3.785954e-02 3.282400e+00 -7.426467e-02 3.991319e-02 -9.964395e-01 -5.828110e+01
-9.966448e-01 2.581201e-02 7.767159e-02 -1.474207e+02 2.871666e-02 9.989204e-01 3.651475e-02 3.291390e+00 -7.664522e-02 3.862270e-02 -9.963101e-01 -5.922935e+01
-9.964126e-01 2.531131e-02 8.075427e-02 -1.472599e+02 2.829908e-02 9.989485e-01 3.607053e-02 3.310925e+00 -7.975637e-02 3.822639e-02 -9.960812e-01 -6.110803e+01
-9.964213e-01 2.352959e-02 8.118456e-02 -1.471781e+02 2.671470e-02 9.989063e-01 3.837213e-02 3.317449e+00 -8.019290e-02 4.040362e-02 -9.959602e-01 -6.203744e+01
-9.964856e-01 2.261481e-02 8.065392e-02 -1.470991e+02 2.593660e-02 9.988477e-01 4.037855e-02 3.324624e+00 -7.964784e-02 4.232853e-02 -9.959240e-01 -6.295647e+01
-9.967029e-01 2.094253e-02 7.838836e-02 -1.469462e+02 2.427802e-02 9.988292e-01 4.184234e-02 3.341452e+00 -7.742030e-02 4.360749e-02 -9.960444e-01 -6.476162e+01
-9.968922e-01 1.971381e-02 7.627073e-02 -1.468736e+02 2.293946e-02 9.988689e-01 4.164960e-02 3.350949e+00 -7.536339e-02 4.326977e-02 -9.962169e-01 -6.564189e+01
-9.975628e-01 1.910149e-02 6.710873e-02 -1.467409e+02 2.198701e-02 9.988534e-01 4.252534e-02 3.376135e+00 -6.621950e-02 4.389721e-02 -9.968390e-01 -6.735784e+01
-9.983931e-01 2.184434e-02 5.228873e-02 -1.466370e+02 2.411091e-02 9.987791e-01 4.311620e-02 3.400870e+00 -5.128305e-02 4.430764e-02 -9.977008e-01 -6.899922e+01
-9.989345e-01 2.785976e-02 3.679402e-02 -1.465750e+02 2.951079e-02 9.985456e-01 4.511833e-02 3.416011e+00 -3.548352e-02 4.615607e-02 -9.983038e-01 -7.055095e+01
-9.992684e-01 3.130768e-02 2.196605e-02 -1.465298e+02 3.230621e-02 9.983873e-01 4.668000e-02 3.426278e+00 -2.046919e-02 4.735548e-02 -9.986684e-01 -7.200342e+01
-9.993887e-01 3.383809e-02 8.791605e-03 -1.465063e+02 3.421086e-02 9.983357e-01 4.642556e-02 3.436511e+00 -7.206022e-03 4.669793e-02 -9.988831e-01 -7.334850e+01
-9.991239e-01 4.015323e-02 -1.179697e-02 -1.465087e+02 3.956174e-02 9.981253e-01 4.669722e-02 3.458263e+00 1.364990e-02 4.618959e-02 -9.988394e-01 -7.572426e+01
-9.988519e-01 4.226995e-02 -2.254314e-02 -1.465458e+02 4.108996e-02 9.978803e-01 5.046266e-02 3.469095e+00 2.462841e-02 4.947842e-02 -9.984715e-01 -7.720836e+01
-9.987281e-01 4.380104e-02 -2.497364e-02 -1.465624e+02 4.247964e-02 9.977850e-01 5.119090e-02 3.474975e+00 2.716054e-02 5.006491e-02 -9.983766e-01 -7.764447e+01
-9.988919e-01 4.120237e-02 -2.274518e-02 -1.466502e+02 3.997253e-02 9.978411e-01 5.210771e-02 3.501775e+00 2.484304e-02 5.114078e-02 -9.983824e-01 -7.979717e+01
-9.550014e-01 2.133917e-02 2.958326e-01 -1.462309e+02 3.309254e-02 9.988470e-01 3.477929e-02 4.040989e+00 -2.947494e-01 4.300412e-02 -9.546065e-01 -8.341005e+01
-9.392682e-01 1.781771e-02 3.427211e-01 -1.460701e+02 3.308526e-02 9.987009e-01 3.875268e-02 4.051946e+00 -3.415854e-01 4.773817e-02 -9.386376e-01 -8.374303e+01
-9.064956e-01 1.762276e-02 4.218474e-01 -1.457599e+02 3.958470e-02 9.982750e-01 4.335925e-02 4.070054e+00 -4.203556e-01 5.600366e-02 -9.056295e-01 -8.429131e+01
-6.979024e-01 1.988884e-02 7.159167e-01 -1.440775e+02 4.889709e-02 9.986050e-01 1.992452e-02 4.128858e+00 -7.145218e-01 4.891160e-02 -6.979014e-01 -8.606536e+01
-5.320418e-01 1.330251e-02 8.466136e-01 -1.425033e+02 5.297816e-02 9.984404e-01 1.760523e-02 4.143550e+00 -8.450591e-01 5.421874e-02 -5.319168e-01 -8.708803e+01
-4.371602e-01 5.514487e-03 8.993667e-01 -1.415092e+02 5.987799e-02 9.979410e-01 2.298633e-02 4.153370e+00 -8.973882e-01 6.390097e-02 -4.365903e-01 -8.754335e+01
-3.872060e-01 1.907217e-03 9.219912e-01 -1.409762e+02 6.390701e-02 9.976483e-01 2.477512e-02 4.156256e+00 -9.197758e-01 6.851476e-02 -3.864173e-01 -8.775140e+01
-3.368763e-01 -2.338949e-03 9.415460e-01 -1.403921e+02 6.595906e-02 9.974815e-01 2.607743e-02 4.158657e+00 -9.392358e-01 7.088834e-02 -3.358736e-01 -8.792431e+01
-1.929309e-01 -9.220047e-03 9.811690e-01 -1.385086e+02 7.352143e-02 9.970090e-01 2.382568e-02 4.166045e+00 -9.784541e-01 7.673365e-02 -1.916760e-01 -8.833879e+01
-1.530139e-01 -8.309384e-03 9.881891e-01 -1.378281e+02 7.410231e-02 9.970529e-01 1.985812e-02 4.168871e+00 -9.854419e-01 7.626565e-02 -1.519472e-01 -8.843333e+01
-9.120067e-02 -6.144616e-03 9.958136e-01 -1.363792e+02 7.119598e-02 9.973818e-01 1.267471e-02 4.171706e+00 -9.932843e-01 7.205385e-02 -9.052442e-02 -8.856031e+01
-6.915588e-02 -4.069726e-03 9.975975e-01 -1.356148e+02 7.112578e-02 9.974267e-01 8.999637e-03 4.169899e+00 -9.950672e-01 7.157726e-02 -6.868847e-02 -8.860753e+01
-5.182659e-02 -3.597714e-03 9.986496e-01 -1.348254e+02 7.167743e-02 9.974010e-01 7.313033e-03 4.168382e+00 -9.960805e-01 7.195963e-02 -5.143403e-02 -8.864646e+01
-2.263965e-02 -7.036847e-04 9.997434e-01 -1.331801e+02 7.436882e-02 9.972279e-01 2.386027e-03 4.156812e+00 -9.969738e-01 7.440374e-02 -2.252456e-02 -8.869656e+01
-7.918415e-03 2.670978e-03 9.999651e-01 -1.323277e+02 7.596310e-02 9.971085e-01 -2.061824e-03 4.147637e+00 -9.970792e-01 7.594410e-02 -8.098417e-03 -8.870556e+01
6.417218e-03 6.030028e-03 9.999612e-01 -1.314527e+02 7.590216e-02 9.970941e-01 -6.499842e-03 4.136633e+00 -9.970947e-01 7.594091e-02 5.940876e-03 -8.870109e+01
1.902447e-02 6.694823e-03 9.997966e-01 -1.305520e+02 7.285462e-02 9.973099e-01 -8.064479e-03 4.122623e+00 -9.971611e-01 7.299320e-02 1.848554e-02 -8.868049e+01
2.869788e-02 6.288884e-03 9.995683e-01 -1.296312e+02 6.832422e-02 9.976291e-01 -8.238295e-03 4.103983e+00 -9.972504e-01 6.853113e-02 2.820016e-02 -8.864953e+01
3.409665e-02 5.938369e-03 9.994009e-01 -1.286888e+02 6.336480e-02 9.979576e-01 -8.091620e-03 4.084791e+00 -9.974078e-01 6.360272e-02 3.365073e-02 -8.861212e+01
3.662491e-02 6.901671e-03 9.993052e-01 -1.277239e+02 6.069258e-02 9.981148e-01 -9.117860e-03 4.065878e+00 -9.974844e-01 6.098434e-02 3.613698e-02 -8.857569e+01
3.742508e-02 5.812684e-03 9.992825e-01 -1.267352e+02 5.958723e-02 9.981907e-01 -8.037996e-03 4.048213e+00 -9.975213e-01 5.984529e-02 3.701101e-02 -8.854051e+01
3.858550e-02 4.491696e-03 9.992452e-01 -1.257210e+02 6.041560e-02 9.981500e-01 -6.819704e-03 4.031067e+00 -9.974273e-01 6.063312e-02 3.824275e-02 -8.850489e+01
4.140600e-02 3.869723e-03 9.991349e-01 -1.246835e+02 6.096142e-02 9.981196e-01 -6.392149e-03 4.013952e+00 -9.972810e-01 6.117334e-02 4.109224e-02 -8.846433e+01
4.564102e-02 3.841588e-03 9.989505e-01 -1.236288e+02 6.173200e-02 9.980705e-01 -6.658679e-03 3.996890e+00 -9.970487e-01 6.197111e-02 4.531581e-02 -8.841970e+01
5.030477e-02 4.220308e-03 9.987250e-01 -1.225531e+02 6.165129e-02 9.980709e-01 -7.322861e-03 3.978093e+00 -9.968293e-01 6.194105e-02 4.994753e-02 -8.836834e+01
5.520429e-02 4.054178e-03 9.984668e-01 -1.214602e+02 6.135183e-02 9.980884e-01 -7.444730e-03 3.960347e+00 -9.965884e-01 6.166874e-02 5.485003e-02 -8.829428e+01
6.068676e-02 3.943446e-03 9.981491e-01 -1.203502e+02 6.060529e-02 9.981326e-01 -7.628144e-03 3.940654e+00 -9.963153e-01 6.095602e-02 6.033444e-02 -8.821078e+01
6.593027e-02 1.450684e-03 9.978232e-01 -1.192271e+02 6.141832e-02 9.980969e-01 -5.509245e-03 3.920264e+00 -9.959323e-01 6.164783e-02 6.571570e-02 -8.813057e+01
7.113607e-02 -2.510371e-03 9.974634e-01 -1.180866e+02 6.250784e-02 9.980426e-01 -1.946043e-03 3.901849e+00 -9.955062e-01 6.248771e-02 7.115375e-02 -8.804055e+01
7.787888e-02 -5.001325e-03 9.969503e-01 -1.157614e+02 6.279889e-02 9.980262e-01 1.010521e-04 3.867981e+00 -9.949830e-01 6.259948e-02 7.803924e-02 -8.784858e+01
7.708250e-02 -2.260084e-03 9.970221e-01 -1.133837e+02 6.112407e-02 9.981271e-01 -2.463082e-03 3.830963e+00 -9.951493e-01 6.113190e-02 7.707628e-02 -8.763924e+01
7.638838e-02 -4.739106e-03 9.970669e-01 -1.121817e+02 6.202224e-02 9.980747e-01 -7.821063e-06 3.812180e+00 -9.951473e-01 6.184090e-02 7.653524e-02 -8.753924e+01
7.596687e-02 -7.156760e-03 9.970846e-01 -1.109751e+02 6.344881e-02 9.979824e-01 2.329102e-03 3.791845e+00 -9.950896e-01 6.308688e-02 7.626768e-02 -8.743868e+01
7.539885e-02 -8.677029e-03 9.971157e-01 -1.097745e+02 6.473763e-02 9.978951e-01 3.788548e-03 3.771694e+00 -9.950498e-01 6.426524e-02 7.580187e-02 -8.734289e+01
7.504813e-02 -9.314805e-03 9.971364e-01 -1.085794e+02 6.477733e-02 9.978898e-01 4.446464e-03 3.750574e+00 -9.950737e-01 6.425812e-02 7.549315e-02 -8.724708e+01
7.451742e-02 -9.545856e-03 9.971740e-01 -1.073857e+02 6.500839e-02 9.978737e-01 4.694566e-03 3.726738e+00 -9.950986e-01 6.447484e-02 7.497953e-02 -8.714676e+01
7.402081e-02 -8.290886e-03 9.972222e-01 -1.061976e+02 6.423642e-02 9.979284e-01 3.528679e-03 3.701746e+00 -9.951857e-01 6.379677e-02 7.440005e-02 -8.704988e+01
7.360360e-02 -5.929265e-03 9.972699e-01 -1.050099e+02 6.418565e-02 9.979372e-01 1.196003e-03 3.677172e+00 -9.952200e-01 6.392238e-02 7.383235e-02 -8.695296e+01
7.324650e-02 -5.564938e-03 9.972983e-01 -1.038211e+02 6.408166e-02 9.979443e-01 8.620676e-04 3.653224e+00 -9.952530e-01 6.384537e-02 7.345254e-02 -8.685966e+01
7.268849e-02 -7.825939e-03 9.973240e-01 -1.026322e+02 6.316002e-02 9.979982e-01 3.227903e-03 3.628733e+00 -9.953528e-01 6.275635e-02 7.303727e-02 -8.676401e+01
7.210190e-02 -1.014486e-02 9.973457e-01 -1.014446e+02 6.338252e-02 9.979737e-01 5.569082e-03 3.607239e+00 -9.953814e-01 6.281273e-02 7.259881e-02 -8.667222e+01
7.191387e-02 -8.669399e-03 9.973732e-01 -1.002617e+02 6.269719e-02 9.980239e-01 4.154382e-03 3.588698e+00 -9.954384e-01 6.223372e-02 7.231531e-02 -8.657200e+01
7.158703e-02 -6.554927e-03 9.974128e-01 -9.908436e+01 6.363902e-02 9.979710e-01 1.991048e-03 3.569432e+00 -9.954021e-01 6.333183e-02 7.185893e-02 -8.648067e+01
7.146302e-02 -5.188194e-03 9.974297e-01 -9.791011e+01 6.366112e-02 9.979714e-01 6.298700e-04 3.547496e+00 -9.954096e-01 6.345247e-02 7.164834e-02 -8.638626e+01
7.108965e-02 -7.285963e-03 9.974433e-01 -9.673614e+01 6.225866e-02 9.980559e-01 2.853145e-03 3.526824e+00 -9.955251e-01 6.189664e-02 7.140506e-02 -8.629387e+01
7.080506e-02 -1.010356e-02 9.974390e-01 -9.556279e+01 6.147224e-02 9.980922e-01 5.746456e-03 3.506517e+00 -9.955942e-01 6.090791e-02 7.129106e-02 -8.620143e+01
7.029405e-02 -1.267811e-02 9.974457e-01 -9.439230e+01 5.974232e-02 9.981778e-01 8.477128e-03 3.490095e+00 -9.957357e-01 5.899381e-02 7.092338e-02 -8.611023e+01
6.992921e-02 -1.154338e-02 9.974852e-01 -9.322888e+01 5.706111e-02 9.983421e-01 7.553000e-03 3.474064e+00 -9.959187e-01 5.638942e-02 7.047195e-02 -8.601752e+01
6.984349e-02 -1.000221e-02 9.975078e-01 -9.207077e+01 5.620714e-02 9.984006e-01 6.075654e-03 3.457332e+00 -9.959732e-01 5.564271e-02 7.029398e-02 -8.593007e+01
6.972732e-02 -9.477076e-03 9.975211e-01 -9.091482e+01 5.581404e-02 9.984255e-01 5.584234e-03 3.439932e+00 -9.960035e-01 5.528630e-02 7.014649e-02 -8.584440e+01
6.947928e-02 -9.917131e-03 9.975341e-01 -8.976083e+01 5.471968e-02 9.984830e-01 6.115282e-03 3.420499e+00 -9.960815e-01 5.415985e-02 6.991654e-02 -8.575750e+01
6.939717e-02 -1.158794e-02 9.975218e-01 -8.860756e+01 5.559550e-02 9.984234e-01 7.730654e-03 3.402298e+00 -9.960388e-01 5.492123e-02 6.993200e-02 -8.567406e+01
6.942567e-02 -1.148211e-02 9.975210e-01 -8.745822e+01 5.647187e-02 9.983755e-01 7.561603e-03 3.383825e+00 -9.959875e-01 5.580690e-02 6.996131e-02 -8.559118e+01
6.921387e-02 -9.534740e-03 9.975563e-01 -8.631428e+01 5.869692e-02 9.982608e-01 5.468880e-03 3.365660e+00 -9.958736e-01 5.817495e-02 6.965316e-02 -8.551130e+01
6.986209e-02 -8.109160e-03 9.975237e-01 -8.517639e+01 6.090550e-02 9.981361e-01 3.848589e-03 3.347256e+00 -9.956957e-01 6.048579e-02 7.022577e-02 -8.543160e+01
7.129749e-02 -8.581005e-03 9.974182e-01 -8.404212e+01 6.363860e-02 9.979648e-01 4.036690e-03 3.327124e+00 -9.954230e-01 6.318648e-02 7.169847e-02 -8.535257e+01
7.394852e-02 -9.829695e-03 9.972136e-01 -8.290481e+01 6.457003e-02 9.979004e-01 5.048265e-03 3.306136e+00 -9.951695e-01 6.401678e-02 7.442796e-02 -8.526665e+01
8.015591e-02 -1.177150e-02 9.967128e-01 -8.064658e+01 6.383527e-02 9.979383e-01 6.652327e-03 3.266626e+00 -9.947362e-01 6.309220e-02 8.074208e-02 -8.508247e+01
8.292557e-02 -1.068743e-02 9.964984e-01 -7.952584e+01 6.106381e-02 9.981180e-01 5.623255e-03 3.245394e+00 -9.946832e-01 6.038367e-02 8.342212e-02 -8.498283e+01
8.593229e-02 -8.576979e-03 9.962640e-01 -7.840969e+01 5.984237e-02 9.982019e-01 3.431985e-03 3.221768e+00 -9.945022e-01 5.932387e-02 8.629104e-02 -8.488244e+01
8.858151e-02 -8.280013e-03 9.960345e-01 -7.728896e+01 5.957074e-02 9.982196e-01 3.000301e-03 3.191912e+00 -9.942860e-01 5.906873e-02 8.891704e-02 -8.478461e+01
9.236203e-02 -1.076129e-02 9.956673e-01 -7.506363e+01 5.973295e-02 9.982006e-01 5.247604e-03 3.133853e+00 -9.939322e-01 5.898945e-02 9.283864e-02 -8.458436e+01
9.389702e-02 -1.131765e-02 9.955176e-01 -7.395599e+01 5.971938e-02 9.981988e-01 5.715416e-03 3.108503e+00 -9.937892e-01 5.891502e-02 9.440378e-02 -8.448155e+01
9.526626e-02 -1.261654e-02 9.953719e-01 -7.284964e+01 5.955635e-02 9.982007e-01 6.952305e-03 3.082721e+00 -9.936687e-01 5.861839e-02 9.584624e-02 -8.437548e+01
9.620759e-02 -1.294739e-02 9.952771e-01 -7.174856e+01 5.786544e-02 9.982970e-01 7.393167e-03 3.059320e+00 -9.936779e-01 5.688085e-02 9.679295e-02 -8.426751e+01
9.616050e-02 -1.280861e-02 9.952834e-01 -7.065049e+01 5.710102e-02 9.983415e-01 7.331081e-03 3.035851e+00 -9.937267e-01 5.612672e-02 9.673240e-02 -8.415970e+01
9.552777e-02 -1.193672e-02 9.953552e-01 -6.955640e+01 5.533757e-02 9.984454e-01 6.662841e-03 3.014567e+00 -9.938875e-01 5.444404e-02 9.603981e-02 -8.405165e+01
9.415765e-02 -1.154020e-02 9.954904e-01 -6.846310e+01 5.507488e-02 9.984619e-01 6.365433e-03 2.993483e+00 -9.940328e-01 5.422714e-02 9.464841e-02 -8.394657e+01
9.252757e-02 -1.205839e-02 9.956371e-01 -6.736871e+01 5.583407e-02 9.984162e-01 6.903217e-03 2.973202e+00 -9.941435e-01 5.495172e-02 9.305429e-02 -8.384452e+01
9.028291e-02 -1.191802e-02 9.958448e-01 -6.626978e+01 5.867016e-02 9.982554e-01 6.627850e-03 2.959134e+00 -9.941865e-01 5.782798e-02 9.082464e-02 -8.374424e+01
8.812779e-02 -1.062564e-02 9.960525e-01 -6.517361e+01 6.183342e-02 9.980730e-01 5.176358e-03 2.945193e+00 -9.941882e-01 6.113314e-02 8.861500e-02 -8.364855e+01
8.581500e-02 -9.502178e-03 9.962658e-01 -6.407225e+01 6.435267e-02 9.979193e-01 3.974825e-03 2.930056e+00 -9.942307e-01 6.377125e-02 8.624793e-02 -8.355385e+01
8.354217e-02 -1.006938e-02 9.964534e-01 -6.298846e+01 6.658893e-02 9.977703e-01 4.499902e-03 2.914583e+00 -9.942770e-01 6.597681e-02 8.402640e-02 -8.346386e+01
8.118209e-02 -1.227477e-02 9.966237e-01 -6.189385e+01 6.671981e-02 9.977482e-01 6.853818e-03 2.894478e+00 -9.944637e-01 6.593812e-02 8.181825e-02 -8.337192e+01
7.647628e-02 -1.329954e-02 9.969827e-01 -5.972532e+01 6.457787e-02 9.978776e-01 8.357861e-03 2.851534e+00 -9.949780e-01 6.374382e-02 7.717282e-02 -8.319229e+01
7.435884e-02 -1.202971e-02 9.971590e-01 -5.865323e+01 6.303223e-02 9.979845e-01 7.339312e-03 2.826080e+00 -9.952375e-01 6.230740e-02 7.496723e-02 -8.310582e+01
7.079711e-02 -6.634786e-03 9.974687e-01 -5.651193e+01 6.131069e-02 9.981161e-01 2.287456e-03 2.779651e+00 -9.956048e-01 6.099353e-02 7.107052e-02 -8.292872e+01
6.924973e-02 -4.467706e-03 9.975893e-01 -5.543924e+01 6.244701e-02 9.980482e-01 1.348710e-04 2.756445e+00 -9.956430e-01 6.228711e-02 6.939357e-02 -8.284557e+01
6.825069e-02 -4.025432e-03 9.976601e-01 -5.436293e+01 6.248004e-02 9.980462e-01 -2.473199e-04 2.731590e+00 -9.957099e-01 6.235070e-02 6.836884e-02 -8.275948e+01
6.766546e-02 -5.952646e-03 9.976903e-01 -5.328795e+01 6.286746e-02 9.980204e-01 1.690810e-03 2.707333e+00 -9.957254e-01 6.260783e-02 6.790574e-02 -8.267777e+01
6.785149e-02 -8.540820e-03 9.976589e-01 -5.221491e+01 6.278121e-02 9.980181e-01 4.274100e-03 2.684340e+00 -9.957182e-01 6.234421e-02 6.825322e-02 -8.259449e+01
6.876555e-02 -1.096865e-02 9.975725e-01 -5.010238e+01 5.695581e-02 9.983518e-01 7.051085e-03 2.644628e+00 -9.960057e-01 5.633267e-02 6.927694e-02 -8.242382e+01
6.927931e-02 -1.057782e-02 9.975412e-01 -4.905334e+01 5.236978e-02 9.986035e-01 6.951999e-03 2.626537e+00 -9.962218e-01 5.175937e-02 6.973653e-02 -8.233696e+01
7.010291e-02 -8.832513e-03 9.975006e-01 -4.696133e+01 4.518960e-02 9.989623e-01 5.669594e-03 2.591640e+00 -9.965157e-01 4.467919e-02 7.042930e-02 -8.216174e+01
7.043006e-02 -7.850499e-03 9.974858e-01 -4.591385e+01 4.393367e-02 9.990231e-01 4.760547e-03 2.573083e+00 -9.965488e-01 4.348792e-02 7.070616e-02 -8.207717e+01
7.131189e-02 -5.279172e-03 9.974401e-01 -4.485398e+01 4.251751e-02 9.990932e-01 2.248134e-03 2.560563e+00 -9.965475e-01 4.224834e-02 7.147168e-02 -8.199356e+01
7.186217e-02 -5.136628e-03 9.974013e-01 -4.379500e+01 4.313464e-02 9.990672e-01 2.037381e-03 2.547118e+00 -9.964815e-01 4.287612e-02 7.201670e-02 -8.191307e+01
7.262775e-02 -9.126237e-03 9.973173e-01 -4.272975e+01 4.710851e-02 9.988734e-01 5.709887e-03 2.539457e+00 -9.962460e-01 4.656742e-02 7.297585e-02 -8.183600e+01
7.345113e-02 -1.578846e-02 9.971738e-01 -4.166873e+01 4.843893e-02 9.987511e-01 1.224545e-02 2.528194e+00 -9.961218e-01 4.740258e-02 7.412417e-02 -8.175523e+01
7.465113e-02 -1.619128e-02 9.970782e-01 -4.060585e+01 5.138632e-02 9.986022e-01 1.236875e-02 2.515850e+00 -9.958849e-01 5.031283e-02 7.537879e-02 -8.166958e+01
7.599803e-02 -1.231772e-02 9.970319e-01 -3.955165e+01 5.387401e-02 9.985138e-01 8.229522e-03 2.503950e+00 -9.956515e-01 5.308866e-02 7.654869e-02 -8.159330e+01
7.686738e-02 -8.236940e-03 9.970073e-01 -3.849644e+01 5.456343e-02 9.985021e-01 4.042551e-03 2.488082e+00 -9.955472e-01 5.408938e-02 7.720168e-02 -8.151302e+01
7.788222e-02 -6.440548e-03 9.969417e-01 -3.639931e+01 5.357696e-02 9.985611e-01 2.265515e-03 2.449328e+00 -9.955219e-01 5.323666e-02 7.811522e-02 -8.134352e+01
7.820365e-02 -6.603094e-03 9.969155e-01 -3.535893e+01 5.499439e-02 9.984840e-01 2.299412e-03 2.430647e+00 -9.954194e-01 5.464493e-02 7.844823e-02 -8.126015e+01
7.829004e-02 -4.428672e-03 9.969208e-01 -3.432413e+01 5.690970e-02 9.983793e-01 -3.407563e-05 2.409772e+00 -9.953050e-01 5.673712e-02 7.841519e-02 -8.117846e+01
7.823784e-02 -1.792713e-03 9.969331e-01 -3.329069e+01 5.990293e-02 9.982000e-01 -2.906105e-03 2.388158e+00 -9.951334e-01 5.994657e-02 7.820440e-02 -8.109833e+01
7.690319e-02 -3.247403e-03 9.970333e-01 -3.123423e+01 6.349262e-02 9.979809e-01 -1.646826e-03 2.341459e+00 -9.950149e-01 6.343089e-02 7.695411e-02 -8.093893e+01
7.536519e-02 -8.977835e-03 9.971156e-01 -2.918198e+01 6.563436e-02 9.978356e-01 4.023462e-03 2.301513e+00 -9.949936e-01 6.514179e-02 7.579132e-02 -8.079003e+01
7.333847e-02 -6.048831e-03 9.972887e-01 -2.715493e+01 6.268523e-02 9.980323e-01 1.443602e-03 2.273856e+00 -9.953352e-01 6.240939e-02 7.357333e-02 -8.065087e+01
7.224226e-02 -6.352426e-03 9.973669e-01 -2.614248e+01 6.176836e-02 9.980887e-01 1.882955e-03 2.258338e+00 -9.954726e-01 6.146968e-02 7.249656e-02 -8.057960e+01
7.123191e-02 -8.384073e-03 9.974245e-01 -2.513087e+01 6.148519e-02 9.981000e-01 3.998733e-03 2.243360e+00 -9.955630e-01 6.104199e-02 7.161206e-02 -8.051287e+01
6.943725e-02 -9.670058e-03 9.975394e-01 -2.312314e+01 6.273327e-02 9.980162e-01 5.307908e-03 2.200874e+00 -9.956119e-01 6.221033e-02 6.990614e-02 -8.038011e+01
6.799996e-02 -9.555897e-03 9.976395e-01 -2.113624e+01 6.288120e-02 9.980071e-01 5.273380e-03 2.158118e+00 -9.957018e-01 6.237417e-02 6.846533e-02 -8.024730e+01
6.723562e-02 -1.090258e-02 9.976775e-01 -2.015914e+01 6.095508e-02 9.981173e-01 6.799493e-03 2.136539e+00 -9.958734e-01 6.035633e-02 6.777361e-02 -8.018102e+01
6.638152e-02 -1.154055e-02 9.977276e-01 -1.920344e+01 5.997933e-02 9.981710e-01 7.555095e-03 2.115684e+00 -9.959900e-01 5.934150e-02 6.695230e-02 -8.011803e+01
6.552574e-02 -1.206248e-02 9.977780e-01 -1.826545e+01 5.944253e-02 9.981983e-01 8.163873e-03 2.094794e+00 -9.960788e-01 5.877549e-02 6.612471e-02 -8.005605e+01
6.488817e-02 -1.302636e-02 9.978075e-01 -1.734296e+01 5.869185e-02 9.982336e-01 9.215145e-03 2.076612e+00 -9.961651e-01 5.796520e-02 6.553809e-02 -7.999311e+01
6.483637e-02 -1.471962e-02 9.977873e-01 -1.643997e+01 5.695485e-02 9.983158e-01 1.102648e-02 2.056734e+00 -9.962693e-01 5.611390e-02 6.556553e-02 -7.992964e+01
6.555934e-02 -1.514449e-02 9.977337e-01 -1.555805e+01 5.762275e-02 9.982737e-01 1.136640e-02 2.038136e+00 -9.961835e-01 5.674698e-02 6.631883e-02 -7.986631e+01
7.495193e-02 -1.271939e-02 9.971060e-01 -1.304799e+01 5.568737e-02 9.984116e-01 8.550055e-03 1.982635e+00 -9.956311e-01 5.488536e-02 7.554119e-02 -7.965774e+01
8.444444e-02 -1.092940e-02 9.963682e-01 -1.147100e+01 5.291969e-02 9.985778e-01 6.468571e-03 1.931372e+00 -9.950220e-01 5.218125e-02 8.490272e-02 -7.950525e+01
1.004580e-01 -8.066639e-03 9.949086e-01 -9.978597e+00 5.569273e-02 9.984449e-01 2.471896e-03 1.882125e+00 -9.933814e-01 5.516084e-02 1.007511e-01 -7.934685e+01
1.498707e-01 -6.771491e-03 9.886824e-01 -7.272311e+00 5.670944e-02 9.983892e-01 -1.758402e-03 1.764992e+00 -9.870780e-01 5.633115e-02 1.500133e-01 -7.894049e+01
2.011223e-01 -7.910740e-03 9.795342e-01 -5.472914e+00 5.280547e-02 9.986009e-01 -2.777530e-03 1.669583e+00 -9.781418e-01 5.228338e-02 2.012586e-01 -7.854955e+01
2.200679e-01 -6.885918e-03 9.754602e-01 -4.940333e+00 4.947550e-02 9.987669e-01 -4.111434e-03 1.642761e+00 -9.742291e-01 4.916616e-02 2.201372e-01 -7.840730e+01
3.406136e-01 -5.249710e-03 9.401887e-01 -2.385605e+00 4.288666e-02 9.990303e-01 -9.958810e-03 1.538800e+00 -9.392248e-01 4.371365e-02 3.405084e-01 -7.750396e+01
4.083289e-01 -9.850568e-04 9.128343e-01 -1.469750e+00 4.282880e-02 9.989188e-01 -1.808022e-02 1.500554e+00 -9.118296e-01 4.647826e-02 4.079296e-01 -7.705448e+01
6.599357e-01 -2.402047e-03 7.513182e-01 8.592366e-01 3.378981e-02 9.990779e-01 -2.648581e-02 1.400138e+00 -7.505619e-01 4.286582e-02 6.594084e-01 -7.524181e+01
8.295579e-01 1.816498e-03 5.584177e-01 2.211269e+00 1.039012e-02 9.997714e-01 -1.868724e-02 1.295259e+00 -5.583241e-01 2.130417e-02 8.293494e-01 -7.329908e+01
8.570797e-01 -3.695950e-03 5.151705e-01 2.431700e+00 1.175772e-02 9.998541e-01 -1.238792e-02 1.282661e+00 -5.150496e-01 1.667466e-02 8.569982e-01 -7.286880e+01
8.820319e-01 -4.371145e-03 4.711695e-01 2.625592e+00 8.127279e-03 9.999493e-01 -5.937555e-03 1.268760e+00 -4.711197e-01 9.066436e-03 8.820227e-01 -7.243254e+01
9.673970e-01 9.982670e-03 2.530680e-01 3.257933e+00 -1.013567e-02 9.999484e-01 -6.991916e-04 1.264619e+00 -2.530619e-01 -1.888617e-03 9.674482e-01 -7.010260e+01
9.761207e-01 1.578365e-02 2.166546e-01 3.332790e+00 -1.598949e-02 9.998718e-01 -8.029222e-04 1.267119e+00 -2.166395e-01 -2.680448e-03 9.762480e-01 -6.961007e+01
9.876513e-01 2.391556e-02 1.548322e-01 3.452999e+00 -2.398512e-02 9.997113e-01 -1.419107e-03 1.270676e+00 -1.548215e-01 -2.312087e-03 9.879398e-01 -6.861143e+01
9.933998e-01 2.553282e-02 1.118258e-01 3.551082e+00 -2.581777e-02 9.996660e-01 1.100544e-03 1.261750e+00 -1.117604e-01 -3.980372e-03 9.937272e-01 -6.757573e+01
9.967220e-01 2.265896e-02 7.766517e-02 3.623078e+00 -2.267527e-02 9.997426e-01 -6.720681e-04 1.252875e+00 -7.766042e-02 -1.091213e-03 9.969793e-01 -6.650560e+01
9.976896e-01 2.382471e-02 6.362259e-02 3.647772e+00 -2.376342e-02 9.997161e-01 -1.720077e-03 1.243096e+00 -6.364552e-02 2.042134e-04 9.979726e-01 -6.595034e+01
9.984935e-01 2.468544e-02 4.900319e-02 3.663801e+00 -2.463006e-02 9.996951e-01 -1.733896e-03 1.234892e+00 -4.903106e-02 5.243325e-04 9.987971e-01 -6.537705e+01
9.990859e-01 2.432965e-02 3.514895e-02 3.673887e+00 -2.427315e-02 9.997033e-01 -2.033359e-03 1.227201e+00 -3.518799e-02 1.178325e-03 9.993800e-01 -6.479002e+01
9.994919e-01 2.378266e-02 2.122342e-02 3.677308e+00 -2.373981e-02 9.997156e-01 -2.269089e-03 1.218704e+00 -2.127135e-02 1.764096e-03 9.997722e-01 -6.418504e+01
9.997421e-01 2.163578e-02 6.896546e-03 3.675967e+00 -2.162676e-02 9.997651e-01 -1.379989e-03 1.209466e+00 -6.924784e-03 1.230483e-03 9.999753e-01 -6.356337e+01
9.996081e-01 2.260559e-02 -1.651398e-02 3.643049e+00 -2.265457e-02 9.997395e-01 -2.784274e-03 1.189755e+00 1.644674e-02 3.157300e-03 9.998598e-01 -6.227133e+01
9.993866e-01 2.440838e-02 -2.511346e-02 3.617203e+00 -2.451461e-02 9.996917e-01 -3.930484e-03 1.179028e+00 2.500978e-02 4.543720e-03 9.996769e-01 -6.160236e+01
9.992087e-01 2.419348e-02 -3.156876e-02 3.591227e+00 -2.437142e-02 9.996891e-01 -5.263790e-03 1.168096e+00 3.143160e-02 6.029001e-03 9.994877e-01 -6.091570e+01
9.990597e-01 2.437734e-02 -3.585462e-02 3.556391e+00 -2.459956e-02 9.996807e-01 -5.769433e-03 1.152451e+00 3.570254e-02 6.646015e-03 9.993404e-01 -6.020960e+01
9.989400e-01 2.381988e-02 -3.938908e-02 3.520319e+00 -2.407015e-02 9.996929e-01 -5.891692e-03 1.139602e+00 3.923665e-02 6.833547e-03 9.992066e-01 -5.949348e+01
9.986215e-01 2.119095e-02 -4.802178e-02 3.415287e+00 -2.123937e-02 9.997743e-01 -4.982709e-04 1.106594e+00 4.800038e-02 1.517537e-03 9.988462e-01 -5.725520e+01
9.984889e-01 2.023171e-02 -5.109408e-02 3.375737e+00 -2.016078e-02 9.997949e-01 1.903421e-03 1.094891e+00 5.112212e-02 -8.704474e-04 9.986920e-01 -5.649375e+01
9.983321e-01 1.997534e-02 -5.416615e-02 3.332427e+00 -1.976898e-02 9.997951e-01 4.342922e-03 1.084248e+00 5.424180e-02 -3.264868e-03 9.985225e-01 -5.572964e+01
9.978164e-01 1.394273e-02 -6.456056e-02 3.192353e+00 -1.350223e-02 9.998825e-01 7.254400e-03 1.056466e+00 6.465413e-02 -6.366846e-03 9.978874e-01 -5.343799e+01
9.973121e-01 1.303354e-02 -7.210154e-02 3.069795e+00 -1.257902e-02 9.998980e-01 6.754384e-03 1.042836e+00 7.218223e-02 -5.829260e-03 9.973744e-01 -5.190721e+01
9.970817e-01 1.308421e-02 -7.521229e-02 3.005492e+00 -1.259852e-02 9.998966e-01 6.928445e-03 1.035311e+00 7.529518e-02 -5.960660e-03 9.971435e-01 -5.114242e+01
9.969157e-01 1.377859e-02 -7.726091e-02 2.937896e+00 -1.325818e-02 9.998858e-01 7.244605e-03 1.027891e+00 7.735192e-02 -6.197919e-03 9.969846e-01 -5.037643e+01
9.967382e-01 1.563050e-02 -7.917470e-02 2.803220e+00 -1.511941e-02 9.998608e-01 7.050629e-03 1.010036e+00 7.927389e-02 -5.830555e-03 9.968358e-01 -4.884616e+01
9.967388e-01 1.496149e-02 -7.929668e-02 2.690256e+00 -1.438144e-02 9.998655e-01 7.881085e-03 9.818285e-01 7.940393e-02 -6.714980e-03 9.968199e-01 -4.731871e+01
9.967446e-01 1.486375e-02 -7.924244e-02 2.573747e+00 -1.412721e-02 9.998517e-01 9.847431e-03 9.515027e-01 7.937707e-02 -8.695896e-03 9.968067e-01 -4.579733e+01
9.967552e-01 1.441344e-02 -7.919210e-02 2.455917e+00 -1.360735e-02 9.998500e-01 1.070922e-02 9.260055e-01 7.933459e-02 -9.596876e-03 9.968019e-01 -4.428628e+01
9.968392e-01 1.512122e-02 -7.799320e-02 2.336487e+00 -1.439892e-02 9.998481e-01 9.815119e-03 9.025269e-01 7.812978e-02 -8.661074e-03 9.969056e-01 -4.278704e+01
9.969412e-01 1.407143e-02 -7.687796e-02 2.281395e+00 -1.340251e-02 9.998677e-01 9.210211e-03 8.911355e-01 7.699740e-02 -8.151679e-03 9.969980e-01 -4.204360e+01
9.971552e-01 1.526685e-02 -7.381333e-02 2.176053e+00 -1.467451e-02 9.998557e-01 8.560540e-03 8.564019e-01 7.393337e-02 -7.453010e-03 9.972353e-01 -4.057423e+01
9.973835e-01 1.101299e-02 -7.144915e-02 2.080478e+00 -1.021799e-02 9.998818e-01 1.148283e-02 8.233957e-01 7.156717e-02 -1.072272e-02 9.973782e-01 -3.914184e+01
9.975385e-01 1.450138e-02 -6.860468e-02 1.975410e+00 -1.355973e-02 9.998076e-01 1.417161e-02 7.933529e-01 6.879699e-02 -1.320646e-02 9.975433e-01 -3.775378e+01
9.975911e-01 1.163154e-02 -6.838716e-02 1.933230e+00 -1.088005e-02 9.998764e-01 1.135098e-02 7.801851e-01 6.851074e-02 -1.057958e-02 9.975943e-01 -3.707880e+01
9.976761e-01 1.322790e-02 -6.683900e-02 1.851613e+00 -1.290825e-02 9.999031e-01 5.212055e-03 7.422292e-01 6.690147e-02 -4.337166e-03 9.977502e-01 -3.575756e+01
9.976678e-01 1.683971e-02 -6.614729e-02 1.766675e+00 -1.667426e-02 9.998563e-01 3.052681e-03 7.015109e-01 6.618920e-02 -1.942603e-03 9.978052e-01 -3.445818e+01
9.977407e-01 1.690294e-02 -6.502116e-02 1.687773e+00 -1.682630e-02 9.998569e-01 1.726302e-03 6.642943e-01 6.504105e-02 -6.283357e-04 9.978824e-01 -3.317691e+01
9.976968e-01 1.980410e-02 -6.487657e-02 1.602843e+00 -1.984943e-02 9.998030e-01 -5.410991e-05 6.337501e-01 6.486272e-02 1.341749e-03 9.978933e-01 -3.191722e+01
9.976455e-01 2.058019e-02 -6.542126e-02 1.524724e+00 -2.060028e-02 9.997877e-01 3.675986e-04 6.035847e-01 6.541495e-02 9.809639e-04 9.978577e-01 -3.067447e+01
9.975742e-01 1.937253e-02 -6.686161e-02 1.450030e+00 -1.931779e-02 9.998123e-01 1.465204e-03 5.615753e-01 6.687745e-02 -1.700299e-04 9.977612e-01 -2.944928e+01
9.974953e-01 1.867459e-02 -6.822334e-02 1.412389e+00 -1.864367e-02 9.998256e-01 1.090053e-03 5.423823e-01 6.823181e-02 1.846116e-04 9.976695e-01 -2.884028e+01
9.973919e-01 1.794667e-02 -6.990941e-02 1.378315e+00 -1.800088e-02 9.998379e-01 -1.454070e-04 5.196914e-01 6.989547e-02 1.403459e-03 9.975533e-01 -2.823460e+01
9.971523e-01 1.793189e-02 -7.325142e-02 1.305986e+00 -1.806946e-02 9.998360e-01 -1.215669e-03 4.776523e-01 7.321762e-02 2.535822e-03 9.973128e-01 -2.702870e+01
9.969979e-01 1.771867e-02 -7.537349e-02 1.267692e+00 -1.785103e-02 9.998400e-01 -1.082671e-03 4.591265e-01 7.534225e-02 2.424916e-03 9.971548e-01 -2.643074e+01
9.967421e-01 1.501159e-02 -7.924550e-02 1.191105e+00 -1.513364e-02 9.998850e-01 -9.397860e-04 4.256449e-01 7.922228e-02 2.135998e-03 9.968547e-01 -2.523953e+01
9.964393e-01 1.412323e-02 -8.312192e-02 1.111448e+00 -1.407111e-02 9.999002e-01 1.212821e-03 4.026685e-01 8.313076e-02 -3.888419e-05 9.965387e-01 -2.406042e+01
9.961302e-01 1.538433e-02 -8.653266e-02 1.022814e+00 -1.513191e-02 9.998791e-01 3.572299e-03 3.816930e-01 8.657717e-02 -2.249069e-03 9.962426e-01 -2.289845e+01
9.959581e-01 1.522782e-02 -8.851843e-02 9.345741e-01 -1.488620e-02 9.998790e-01 4.518189e-03 3.612177e-01 8.857652e-02 -3.182222e-03 9.960643e-01 -2.176546e+01
9.959728e-01 1.671008e-02 -8.808480e-02 8.446471e-01 -1.634951e-02 9.998547e-01 4.813353e-03 3.428022e-01 8.815244e-02 -3.353823e-03 9.961014e-01 -2.067046e+01
9.961953e-01 1.808206e-02 -8.525296e-02 7.667103e-01 -1.775132e-02 9.998317e-01 4.636151e-03 3.282057e-01 8.532245e-02 -3.105158e-03 9.963486e-01 -1.961995e+01
9.963115e-01 1.751696e-02 -8.400374e-02 7.322119e-01 -1.719502e-02 9.998418e-01 4.554529e-03 3.216458e-01 8.407023e-02 -3.093281e-03 9.964550e-01 -1.911160e+01
9.965668e-01 1.746195e-02 -8.093047e-02 6.673674e-01 -1.724230e-02 9.998455e-01 3.412188e-03 3.108239e-01 8.097756e-02 -2.005044e-03 9.967139e-01 -1.813200e+01
9.969213e-01 1.812867e-02 -7.628409e-02 5.366303e-01 -1.791425e-02 9.998334e-01 3.494268e-03 2.753636e-01 7.633473e-02 -2.116937e-03 9.970800e-01 -1.630704e+01
9.970070e-01 1.748905e-02 -7.530741e-02 5.073413e-01 -1.725051e-02 9.998439e-01 3.816955e-03 2.644759e-01 7.536241e-02 -2.506439e-03 9.971531e-01 -1.588581e+01
9.971570e-01 1.791011e-02 -7.319266e-02 4.466098e-01 -1.751485e-02 9.998283e-01 6.038704e-03 2.450817e-01 7.328825e-02 -4.739576e-03 9.972995e-01 -1.509502e+01
9.973913e-01 1.782556e-02 -6.994861e-02 3.512582e-01 -1.749631e-02 9.998328e-01 5.316944e-03 2.032018e-01 7.003170e-02 -4.079229e-03 9.975364e-01 -1.376062e+01
9.975144e-01 1.770598e-02 -6.820197e-02 2.995160e-01 -1.752495e-02 9.998411e-01 3.251797e-03 1.737489e-01 6.824871e-02 -2.048477e-03 9.976662e-01 -1.293035e+01
9.975812e-01 1.659670e-02 -6.749996e-02 2.755991e-01 -1.667070e-02 9.998609e-01 -5.331868e-04 1.593153e-01 6.748173e-02 1.657170e-03 9.977191e-01 -1.241089e+01
9.976428e-01 1.540145e-02 -6.687113e-02 2.385751e-01 -1.541067e-02 9.998812e-01 3.780032e-04 1.355226e-01 6.686901e-02 6.534173e-04 9.977616e-01 -1.139105e+01
9.975848e-01 1.401580e-02 -6.803061e-02 1.839541e-01 -1.400228e-02 9.999017e-01 6.756579e-04 1.141874e-01 6.803340e-02 2.785584e-04 9.976830e-01 -1.039814e+01
9.970904e-01 1.237806e-02 -7.521662e-02 1.512010e-01 -1.234612e-02 9.999234e-01 8.897162e-04 1.010753e-01 7.522187e-02 4.150659e-05 9.971668e-01 -9.907869e+00
9.935955e-01 1.699499e-02 -1.117099e-01 1.685971e-02 -1.704867e-02 9.998545e-01 4.747517e-04 6.895291e-02 1.117017e-01 1.432795e-03 9.937408e-01 -8.476707e+00
9.923631e-01 2.124122e-02 -1.215086e-01 -1.584155e-01 -2.141980e-02 9.997705e-01 -1.635135e-04 4.066731e-02 1.214773e-01 2.764957e-03 9.925904e-01 -7.094030e+00
9.934339e-01 2.020405e-02 -1.126092e-01 -2.605138e-01 -2.034881e-02 9.997929e-01 -1.360777e-04 6.487083e-03 1.125832e-01 2.426649e-03 9.936394e-01 -6.188841e+00
9.940798e-01 2.023102e-02 -1.067522e-01 -3.079171e-01 -2.036292e-02 9.997926e-01 -1.455225e-04 -1.257988e-02 1.067272e-01 2.318449e-03 9.942857e-01 -5.742297e+00
9.985646e-01 1.176395e-02 -5.225319e-02 -4.645429e-01 -1.181092e-02 9.999300e-01 -5.901061e-04 -8.065293e-02 5.224260e-02 1.206418e-03 9.986337e-01 -2.555900e+00
9.991563e-01 1.096113e-02 -3.957994e-02 -4.879376e-01 -1.088912e-02 9.999386e-01 2.034509e-03 -9.335250e-02 3.959982e-02 -1.601800e-03 9.992143e-01 -1.556277e+00
9.994152e-01 6.726202e-03 -3.352639e-02 -4.949177e-01 -6.709007e-03 9.999773e-01 6.253925e-04 -1.050763e-01 3.352984e-02 -4.000971e-04 9.994376e-01 -8.506597e-01
9.998048e-01 1.304202e-02 -1.484246e-02 -4.737364e-01 -1.307313e-02 9.999125e-01 -2.000904e-03 -9.224491e-02 1.481506e-02 2.194551e-03 9.998879e-01 1.088900e+00
9.974700e-01 8.768056e-03 -7.054550e-02 -4.428038e-01 -1.010078e-02 9.997768e-01 -1.855711e-02 -1.044886e-01 7.036705e-02 1.922273e-02 9.973359e-01 3.803063e+00
9.930598e-01 5.128398e-03 -1.174989e-01 -5.212578e-01 -6.578704e-03 9.999068e-01 -1.195862e-02 -1.244534e-01 1.174266e-01 1.264861e-02 9.930010e-01 4.545801e+00
9.855441e-01 1.649497e-02 -1.686140e-01 -6.694622e-01 -1.681574e-02 9.998585e-01 -4.745488e-04 -1.454802e-01 1.685824e-01 3.303060e-03 9.856820e-01 5.262875e+00
9.649335e-01 3.248024e-02 -2.604772e-01 -1.135960e+00 -2.920080e-02 9.994382e-01 1.645121e-02 -1.742996e-01 2.608653e-01 -8.268176e-03 9.653398e-01 6.958512e+00
9.696547e-01 3.102355e-02 -2.425020e-01 -1.438607e+00 -2.646382e-02 9.994068e-01 2.203852e-02 -1.800396e-01 2.430419e-01 -1.495222e-02 9.699006e-01 8.249384e+00
9.720284e-01 2.817069e-02 -2.331678e-01 -1.485319e+00 -2.324249e-02 9.994451e-01 2.385709e-02 -1.784785e-01 2.337105e-01 -1.777037e-02 9.721438e-01 8.521081e+00
9.785319e-01 2.992319e-02 -2.039114e-01 -1.589383e+00 -2.558437e-02 9.993873e-01 2.388166e-02 -1.876084e-01 2.045011e-01 -1.815202e-02 9.786980e-01 9.106580e+00
9.823021e-01 2.615516e-02 -1.854685e-01 -1.634967e+00 -2.304768e-02 9.995558e-01 1.889142e-02 -1.888051e-01 1.858802e-01 -1.428246e-02 9.824686e-01 9.405472e+00
