0.207894 0.0013555 0.0025813 -0.0013327 0.0004118 -0.0035170 -0.0011021 0.9999931
0.623377 -0.0023072 0.0038849 0.0315989 0.0036192 -0.0247502 -0.0021767 0.9996848
0.727122 -0.0037574 0.0038524 0.0417646 0.0036180 -0.0331109 -0.0022100 0.9994427
2.593620 -0.1376986 -0.0018791 0.2770033 0.0033761 -0.3328298 -0.0171729 0.9428245
2.697329 -0.1535379 -0.0020664 0.2898307 0.0031919 -0.3586475 -0.0170314 0.9333122
2.800890 -0.1700431 -0.0022552 0.3031921 0.0015899 -0.3853582 -0.0143953 0.9226534
3.630648 -0.3718400 -0.0017566 0.3865681 -0.0108866 -0.5923232 -0.0109969 0.8055518
3.734395 -0.4019863 -0.0013027 0.3906245 -0.0131863 -0.6147263 -0.0104345 0.7885612
3.838251 -0.4361145 -0.0008997 0.3941789 -0.0142111 -0.6350712 -0.0098910 0.7722595
4.046284 -0.5105353 0.0012776 0.3963150 -0.0126989 -0.6694462 -0.0118442 0.7426575
4.358512 -0.6325275 0.0046071 0.3932993 -0.0102144 -0.7075385 -0.0102294 0.7065269
4.566885 -0.7203469 0.0066263 0.3866640 -0.0083087 -0.7242031 -0.0093361 0.6894736
4.671250 -0.7665195 0.0080804 0.3827750 -0.0081637 -0.7298203 -0.0088520 0.6835331
4.879959 -0.8634057 0.0090559 0.3723883 -0.0083326 -0.7375681 -0.0102145 0.6751441
4.984250 -0.9145283 0.0098183 0.3667029 -0.0083706 -0.7398801 -0.0111879 0.6725936
5.088502 -0.9666816 0.0108287 0.3611242 -0.0086902 -0.7413862 -0.0115689 0.6709226
5.401501 -1.1318549 0.0145229 0.3446195 -0.0116885 -0.7410773 -0.0124616 0.6712023
5.505749 -1.1895366 0.0155471 0.3383777 -0.0109758 -0.7404426 -0.0132581 0.6718993
5.610008 -1.2487625 0.0169397 0.3323908 -0.0094106 -0.7399543 -0.0130196 0.6724653
5.714253 -1.3088361 0.0185919 0.3268367 -0.0093059 -0.7395152 -0.0130769 0.6729485
5.922523 -1.4338344 0.0221625 0.3149500 -0.0112225 -0.7382370 -0.0155333 0.6742691
6.130876 -1.5653993 0.0254197 0.3024079 -0.0109687 -0.7370389 -0.0169144 0.6755496
6.235023 -1.6311300 0.0272586 0.2964447 -0.0091679 -0.7364892 -0.0167312 0.6761802
6.339025 -1.6985261 0.0291422 0.2904808 -0.0086137 -0.7359030 -0.0168169 0.6768232
6.547271 -1.8360482 0.0331178 0.2798785 -0.0118401 -0.7350857 -0.0165137 0.6776697
6.755380 -1.9778280 0.0365741 0.2676020 -0.0113501 -0.7344518 -0.0150330 0.6783994
6.859377 -2.0475345 0.0379427 0.2624503 -0.0095007 -0.7344671 -0.0119747 0.6784720
7.067377 -2.1936057 0.0412724 0.2499950 -0.0096658 -0.7346025 -0.0091174 0.6783676
7.171256 -2.2671628 0.0422535 0.2438691 -0.0121584 -0.7346280 -0.0121458 0.6782525
7.275272 -2.3415923 0.0440421 0.2370435 -0.0140563 -0.7346964 -0.0153789 0.6780760
7.483251 -2.4887466 0.0478801 0.2236683 -0.0147454 -0.7349027 -0.0189283 0.6777480
7.691129 -2.6340148 0.0521825 0.2109754 -0.0126159 -0.7351846 -0.0167536 0.6775424
7.899003 -2.7786050 0.0563083 0.1975491 -0.0130195 -0.7351229 -0.0192279 0.6775360
8.107005 -2.9223399 0.0601481 0.1854786 -0.0102315 -0.7350882 -0.0173988 0.6776709
8.315006 -3.0670195 0.0637382 0.1730543 -0.0087731 -0.7347571 -0.0164109 0.6780750
8.522877 -3.2106133 0.0669019 0.1614474 -0.0116337 -0.7343976 -0.0188285 0.6783585
8.626899 -3.2824206 0.0689795 0.1554257 -0.0138953 -0.7340487 -0.0206870 0.6786394
8.834756 -3.4263120 0.0735660 0.1435858 -0.0150383 -0.7339559 -0.0217891 0.6786810
9.042758 -3.5689907 0.0777451 0.1319665 -0.0116780 -0.7338171 -0.0191460 0.6789768
9.250652 -3.7113047 0.0819313 0.1190613 -0.0077670 -0.7338444 -0.0202665 0.6789708
9.458529 -3.8532708 0.0848461 0.1079383 -0.0079329 -0.7346028 -0.0162145 0.6782572
9.666385 -3.9947088 0.0879735 0.0965852 -0.0101749 -0.7354534 -0.0152705 0.6773267
9.874249 -4.1348495 0.0910958 0.0849362 -0.0150121 -0.7365988 -0.0175249 0.6759361
9.978133 -4.2040167 0.0924960 0.0787882 -0.0148309 -0.7370800 -0.0173163 0.6754208
10.186010 -4.3404403 0.0958378 0.0648806 -0.0096447 -0.7378884 -0.0177460 0.6746205
10.393880 -4.4773650 0.0992518 0.0504004 -0.0079695 -0.7384799 -0.0199198 0.6739341
10.601750 -4.6114979 0.1024144 0.0376929 -0.0079560 -0.7391574 -0.0208096 0.6731642
10.809650 -4.7442279 0.1058852 0.0250325 -0.0087876 -0.7394925 -0.0213337 0.6727692
10.913510 -4.8098493 0.1078959 0.0193130 -0.0100205 -0.7397098 -0.0221299 0.6724874
11.017510 -4.8746877 0.1097814 0.0126818 -0.0115345 -0.7396688 -0.0238069 0.6724508
11.121380 -4.9387021 0.1115402 0.0059864 -0.0122213 -0.7398190 -0.0245771 0.6722459
11.225380 -5.0030203 0.1136078 -0.0005462 -0.0124918 -0.7400123 -0.0243151 0.6720375
11.329280 -5.0658283 0.1155510 -0.0068168 -0.0120690 -0.7401477 -0.0233572 0.6719302
11.537150 -5.1888771 0.1190317 -0.0187040 -0.0098818 -0.7403141 -0.0210330 0.6718593
11.745130 -5.3063517 0.1217256 -0.0305999 -0.0078508 -0.7391150 -0.0210989 0.6732029
11.849140 -5.3635530 0.1230441 -0.0361804 -0.0080279 -0.7377303 -0.0214246 0.6747078
11.953260 -5.4192300 0.1241482 -0.0411311 -0.0087791 -0.7356807 -0.0217523 0.6769222
12.057260 -5.4734454 0.1253984 -0.0450498 -0.0095889 -0.7332517 -0.0219447 0.6795355
12.161380 -5.5260515 0.1263622 -0.0482115 -0.0097068 -0.7303477 -0.0227774 0.6826267
12.265510 -5.5778918 0.1273855 -0.0511721 -0.0096330 -0.7262114 -0.0241134 0.6869808
12.682390 -5.7689533 0.1325523 -0.0512406 -0.0091598 -0.6976704 -0.0268546 0.7158568
12.891130 -5.8533444 0.1350934 -0.0420705 -0.0098539 -0.6745016 -0.0253576 0.7377720
12.995510 -5.8932161 0.1364262 -0.0357548 -0.0101332 -0.6602613 -0.0249259 0.7505538
13.830760 -6.1625552 0.1430020 0.0868988 -0.0140792 -0.4941381 -0.0111163 0.8691983
13.935130 -6.1908731 0.1432462 0.1105624 -0.0162550 -0.4709359 -0.0077871 0.8819833
14.039380 -6.2175441 0.1433481 0.1358155 -0.0189797 -0.4471618 -0.0031205 0.8942462
14.352150 -6.2915487 0.1447330 0.2162549 -0.0072104 -0.3718601 -0.0007539 0.9282605
14.560630 -6.3366308 0.1452028 0.2806983 -0.0000916 -0.3165122 -0.0017295 0.9485869
14.664880 -6.3572841 0.1455733 0.3169955 0.0011323 -0.2883940 -0.0012974 0.9575103
14.769010 -6.3768630 0.1455789 0.3553983 0.0030746 -0.2605033 -0.0023307 0.9654652
14.977150 -6.4135299 0.1438781 0.4392789 0.0031336 -0.2101129 -0.0062553 0.9776521
15.081160 -6.4304805 0.1434839 0.4840428 0.0046989 -0.1880145 -0.0086379 0.9821171
15.185010 -6.4465566 0.1428407 0.5310159 0.0043569 -0.1688531 -0.0110996 0.9855691
15.599910 -6.5022230 0.1402033 0.7398434 0.0007526 -0.1204116 -0.0118003 0.9926536
15.703610 -6.5153947 0.1393784 0.7956902 0.0002015 -0.1125660 -0.0140795 0.9935445
15.807320 -6.5284295 0.1388995 0.8532041 -0.0001981 -0.1057765 -0.0159862 0.9942614
16.118550 -6.5615268 0.1374939 1.0359361 -0.0002855 -0.0848947 -0.0153975 0.9962709
16.326140 -6.5804420 0.1355828 1.1645106 0.0009020 -0.0714082 -0.0164472 0.9973112
16.533760 -6.5976400 0.1336552 1.2971773 0.0066286 -0.0611655 -0.0162088 0.9979740
16.637520 -6.6057425 0.1329288 1.3658061 0.0067007 -0.0569859 -0.0162444 0.9982203
16.741260 -6.6134181 0.1313414 1.4355813 0.0036851 -0.0537345 -0.0169382 0.9984048
17.052630 -6.6364346 0.1277258 1.6444027 -0.0015868 -0.0473435 -0.0186545 0.9987032
17.260280 -6.6493301 0.1258717 1.7825587 -0.0022533 -0.0445511 -0.0177878 0.9988462
17.364000 -6.6550217 0.1251672 1.8521746 -0.0034407 -0.0434827 -0.0167276 0.9989082
17.571660 -6.6676631 0.1235296 1.9900841 -0.0026812 -0.0407347 -0.0157124 0.9990429
17.779390 -6.6794605 0.1213984 2.1256838 0.0048330 -0.0390802 -0.0174308 0.9990724
17.883140 -6.6853204 0.1197420 2.1935554 0.0068579 -0.0383548 -0.0179757 0.9990789
17.987010 -6.6908503 0.1179948 2.2617927 0.0060177 -0.0374097 -0.0188642 0.9991038
18.090880 -6.6969242 0.1164532 2.3299475 0.0041429 -0.0362671 -0.0204399 0.9991245
18.298510 -6.7073655 0.1135693 2.4660373 0.0006658 -0.0340861 -0.0206644 0.9992051
18.506260 -6.7162542 0.1104436 2.6003950 0.0005371 -0.0329458 -0.0185499 0.9992848
18.713910 -6.7252221 0.1084547 2.7356832 0.0019325 -0.0322615 -0.0173158 0.9993276
18.921640 -6.7346745 0.1059715 2.8728702 0.0014951 -0.0314947 -0.0181697 0.9993376
19.025510 -6.7394595 0.1049364 2.9412649 0.0019740 -0.0315257 -0.0181546 0.9993361
19.129390 -6.7443066 0.1036614 3.0105479 0.0019536 -0.0324128 -0.0179785 0.9993110
19.337010 -6.7549329 0.1017329 3.1515925 0.0019135 -0.0350137 -0.0180831 0.9992214
19.544760 -6.7675767 0.0987557 3.2924783 0.0043207 -0.0377352 -0.0201748 0.9990748
19.648510 -6.7744465 0.0976663 3.3633456 0.0060831 -0.0387856 -0.0206539 0.9990156
19.856260 -6.7872796 0.0943330 3.5090325 0.0060661 -0.0409937 -0.0202552 0.9989356
20.064010 -6.8007612 0.0909181 3.6556618 0.0047209 -0.0429679 -0.0191607 0.9988815
20.271890 -6.8141975 0.0884897 3.8050323 0.0005811 -0.0444337 -0.0185592 0.9988397
20.479750 -6.8284640 0.0869309 3.9552815 -0.0002413 -0.0433471 -0.0206053 0.9988475
20.687510 -6.8423257 0.0846777 4.1068087 0.0015067 -0.0415311 -0.0196195 0.9989434
20.895390 -6.8546572 0.0817627 4.2596374 0.0022625 -0.0399511 -0.0172845 0.9990495
21.103270 -6.8653655 0.0806333 4.4122338 -0.0001818 -0.0396087 -0.0154784 0.9990954
21.311120 -6.8789806 0.0770580 4.5622020 0.0012271 -0.0385433 -0.0157628 0.9991319
21.415040 -6.8854122 0.0759260 4.6361442 0.0041744 -0.0382532 -0.0171030 0.9991130
21.622900 -6.8987761 0.0715825 4.7835174 0.0098892 -0.0371734 -0.0207099 0.9990453
21.726890 -6.9049988 0.0691233 4.8572030 0.0103745 -0.0367341 -0.0206280 0.9990583
21.934640 -6.9166059 0.0645518 5.0043297 0.0026409 -0.0367892 -0.0185618 0.9991472
22.142620 -6.9276271 0.0613389 5.1492629 -0.0001242 -0.0388205 -0.0169045 0.9991032
22.246540 -6.9330482 0.0599037 5.2208791 0.0015430 -0.0399550 -0.0143047 0.9990979
22.350390 -6.9393797 0.0583526 5.2920952 0.0022628 -0.0411544 -0.0137619 0.9990554
22.454390 -6.9462628 0.0564803 5.3625555 0.0034551 -0.0423791 -0.0149245 0.9989842
22.558370 -6.9530368 0.0545812 5.4323044 0.0050960 -0.0441803 -0.0158287 0.9988852
22.662270 -6.9600410 0.0526926 5.5021267 0.0068133 -0.0461599 -0.0163096 0.9987777
22.766140 -6.9674034 0.0499889 5.5711646 0.0087802 -0.0478032 -0.0172520 0.9986691
22.870160 -6.9755087 0.0480212 5.6404037 0.0089292 -0.0493572 -0.0195794 0.9985493
22.974020 -6.9834185 0.0460439 5.7089043 0.0080306 -0.0512331 -0.0213102 0.9984270
23.078010 -6.9918838 0.0440212 5.7776957 0.0052192 -0.0530681 -0.0227513 0.9983181
23.285910 -7.0084333 0.0405723 5.9138613 0.0005269 -0.0576882 -0.0223384 0.9980845
23.389770 -7.0168805 0.0389920 5.9811749 -0.0001566 -0.0610120 -0.0216990 0.9979011
23.597640 -7.0358934 0.0369282 6.1148028 -0.0017619 -0.0670257 -0.0212531 0.9975233
23.701510 -7.0464926 0.0358140 6.1805911 -0.0011556 -0.0700259 -0.0235917 0.9972655
23.805540 -7.0572104 0.0347606 6.2459855 0.0009489 -0.0730093 -0.0248183 0.9970220
23.909390 -7.0673113 0.0338740 6.3107843 0.0022057 -0.0761694 -0.0242627 0.9967972
24.117270 -7.0900273 0.0321413 6.4391460 0.0004911 -0.0810106 -0.0262368 0.9963678
24.325140 -7.1139140 0.0300835 6.5677972 -0.0026917 -0.0872581 -0.0255211 0.9958552
24.533020 -7.1382203 0.0285192 6.6928682 0.0027192 -0.0951867 -0.0240474 0.9951652
24.740760 -7.1652217 0.0257318 6.8174858 0.0019544 -0.1052114 -0.0225843 0.9941915
24.948510 -7.1954942 0.0242944 6.9411669 -0.0049333 -0.1168675 -0.0224512 0.9928815
25.052390 -7.2114005 0.0237613 7.0020728 -0.0067284 -0.1226350 -0.0223074 0.9921783
25.260140 -7.2464995 0.0230715 7.1194782 0.0005344 -0.1343541 -0.0248013 0.9906228
25.467890 -7.2826157 0.0227529 7.2384982 0.0002759 -0.1470241 -0.0228975 0.9888678
25.675640 -7.3235254 0.0221165 7.3584037 -0.0061693 -0.1589278 -0.0226437 0.9870113
25.779520 -7.3443432 0.0218959 7.4174013 -0.0053867 -0.1655576 -0.0215037 0.9859509
25.987390 -7.3878126 0.0210521 7.5338602 -0.0001042 -0.1762601 -0.0193887 0.9841527
26.195270 -7.4338875 0.0200523 7.6497998 0.0036246 -0.1840856 -0.0178136 0.9827421
26.403140 -7.4828439 0.0180108 7.7667150 0.0028353 -0.1923976 -0.0204840 0.9810991
26.611020 -7.5331283 0.0177712 7.8842030 -0.0045953 -0.2001436 -0.0204522 0.9795423
26.714890 -7.5604944 0.0170123 7.9423170 -0.0072749 -0.2030852 -0.0250656 0.9788132
26.922890 -7.6141186 0.0167593 8.0571547 -0.0013119 -0.2092098 -0.0278430 0.9774734
27.234770 -7.6967702 0.0162818 8.2316761 0.0000556 -0.2163003 -0.0276938 0.9759340
27.338640 -7.7249584 0.0159531 8.2899561 -0.0019717 -0.2191577 -0.0285513 0.9752696
27.442660 -7.7530394 0.0151850 8.3476286 -0.0014141 -0.2219139 -0.0268683 0.9746950
27.650520 -7.8113880 0.0146876 8.4621353 0.0051328 -0.2269294 -0.0261365 0.9735469
27.754390 -7.8406491 0.0141528 8.5201025 0.0059849 -0.2296737 -0.0267781 0.9728808
27.962300 -7.9008689 0.0119869 8.6349239 0.0028643 -0.2340363 -0.0285323 0.9718049
28.066150 -7.9308605 0.0112759 8.6917181 0.0026733 -0.2365460 -0.0290339 0.9711827
28.170020 -7.9612331 0.0106617 8.7481098 0.0028613 -0.2389503 -0.0280205 0.9706232
28.377890 -8.0220995 0.0094130 8.8599529 0.0025428 -0.2433942 -0.0268153 0.9695534
28.481890 -8.0526752 0.0087617 8.9153166 0.0024726 -0.2458229 -0.0276598 0.9689169
28.585770 -8.0839491 0.0080999 8.9701862 0.0025998 -0.2480155 -0.0279678 0.9683488
28.689660 -8.1143188 0.0073172 9.0243683 0.0043978 -0.2506313 -0.0268889 0.9676991
28.793670 -8.1448612 0.0060468 9.0780554 0.0063257 -0.2530372 -0.0255885 0.9670974
28.897520 -8.1756048 0.0051025 9.1316338 0.0075672 -0.2553096 -0.0250351 0.9665055
29.001520 -8.2064667 0.0040912 9.1844339 0.0055536 -0.2571051 -0.0255956 0.9660285
29.105390 -8.2375488 0.0030857 9.2367935 0.0012736 -0.2587945 -0.0266541 0.9655637
29.209390 -8.2681770 0.0025575 9.2887993 -0.0036929 -0.2601255 -0.0262304 0.9652114
29.313270 -8.2978916 0.0021662 9.3400507 -0.0063946 -0.2618432 -0.0253334 0.9647567
29.417270 -8.3278112 0.0025126 9.3901682 -0.0062845 -0.2633899 -0.0235015 0.9643826
29.625020 -8.3846178 0.0018104 9.4858351 -0.0035627 -0.2670764 -0.0222262 0.9634124
29.832900 -8.4399300 0.0016258 9.5758133 -0.0032636 -0.2696671 -0.0204947 0.9627299
30.040770 -8.4921389 0.0009859 9.6588936 -0.0046574 -0.2720447 -0.0204070 0.9620569
30.248520 -8.5401554 0.0008413 9.7355137 -0.0054451 -0.2745618 -0.0185007 0.9613760
30.352400 -8.5632935 0.0008079 9.7715511 -0.0049039 -0.2756611 -0.0180730 0.9610724
30.456270 -8.5854263 0.0007493 9.8052616 -0.0029141 -0.2767508 -0.0186933 0.9607555
31.079540 -8.7030554 -0.0015194 9.9803934 -0.0040856 -0.2917796 -0.0186938 0.9562942
31.287140 -8.7362309 -0.0009884 10.0254221 -0.0090316 -0.2988196 -0.0207612 0.9540410
32.013150 -8.8333426 -0.0011190 10.1399126 -0.0093911 -0.3535070 -0.0164969 0.9352393
32.739270 -8.9269266 0.0009798 10.2111521 -0.0058708 -0.4316757 -0.0193206 0.9018028
33.050400 -8.9717293 0.0019918 10.2339945 -0.0086387 -0.4720657 -0.0248330 0.8811712
33.569020 -9.0526352 0.0030630 10.2639771 -0.0090026 -0.5414820 -0.0296287 0.8401418
33.776420 -9.0899801 0.0042824 10.2732334 -0.0071700 -0.5742946 -0.0276625 0.8181498
34.087400 -9.1598778 0.0077817 10.2823114 -0.0069208 -0.6286384 -0.0254408 0.7772507
34.502140 -9.2718000 0.0129268 10.2796087 -0.0112102 -0.7049815 -0.0241313 0.7087264
34.813400 -9.3667107 0.0187702 10.2613754 -0.0166505 -0.7598044 -0.0223985 0.6495524
35.021020 -9.4349613 0.0215280 10.2424250 -0.0197395 -0.7926285 -0.0215522 0.6090040
35.124770 -9.4703331 0.0233919 10.2290516 -0.0219190 -0.8077611 -0.0202002 0.5887559
35.332520 -9.5426950 0.0263516 10.1951799 -0.0261249 -0.8354520 -0.0174496 0.5486648
35.436400 -9.5818014 0.0277497 10.1771288 -0.0277456 -0.8479673 -0.0163556 0.5290692
35.540420 -9.6200628 0.0296579 10.1542807 -0.0288036 -0.8592429 -0.0157183 0.5105144
35.957050 -9.7822161 0.0387244 10.0385618 0.0274583 0.8883979 0.0152209 -0.4579995
36.374170 -9.9661388 0.0468092 9.9001522 0.0291180 0.9002036 0.0157730 -0.4342082
36.478420 -10.0144596 0.0493664 9.8607740 0.0289900 0.9019836 0.0162072 -0.4304910
36.582670 -10.0635395 0.0522321 9.8193102 0.0288953 0.9034908 0.0164714 -0.4273149
36.791110 -10.1657791 0.0577919 9.7337046 0.0295669 0.9055893 0.0165964 -0.4227981
37.207650 -10.3812246 0.0689372 9.5511703 0.0305513 0.9064932 0.0158364 -0.4208156
37.311780 -10.4379635 0.0723672 9.5031271 0.0304503 0.9064720 0.0152479 -0.4208904
37.415890 -10.4975309 0.0742157 9.4546385 0.0307258 0.9070578 0.0158194 -0.4195854
37.728150 -10.6776505 0.0828325 9.3021688 0.0311136 0.9078381 0.0183209 -0.4177634
37.832280 -10.7392159 0.0856211 9.2510796 0.0309599 0.9080687 0.0173837 -0.4173136
37.936280 -10.8014154 0.0893798 9.1974916 0.0312858 0.9082264 0.0165428 -0.4169799
38.144280 -10.9299259 0.0954232 9.0898066 0.0331759 0.9086362 0.0153706 -0.4159848
38.248280 -10.9945621 0.0984812 9.0341816 0.0327791 0.9089737 0.0141850 -0.4153205
38.352280 -11.0598421 0.1015345 8.9777918 0.0317079 0.9093197 0.0123131 -0.4147055
38.456150 -11.1255445 0.1043619 8.9204664 0.0302052 0.9095646 0.0110856 -0.4143150
38.560150 -11.1918583 0.1075596 8.8621731 0.0288729 0.9095588 0.0112978 -0.4144171
38.768150 -11.3264227 0.1119556 8.7449789 0.0293899 0.9094910 0.0139028 -0.4144503
38.872030 -11.3950129 0.1148490 8.6872005 0.0302392 0.9096435 0.0149263 -0.4140187
39.079900 -11.5300913 0.1212965 8.5686531 0.0315923 0.9096372 0.0158606 -0.4138967
39.287780 -11.6651516 0.1268366 8.4522772 0.0313016 0.9097763 0.0166063 -0.4135838
39.391750 -11.7328148 0.1304795 8.3923817 0.0315691 0.9097565 0.0168990 -0.4135951
39.599580 -11.8694229 0.1358291 8.2767820 0.0321142 0.9100950 0.0183040 -0.4127479
39.703630 -11.9372902 0.1389179 8.2179956 0.0319399 0.9102837 0.0181367 -0.4123523
39.911280 -12.0722218 0.1447441 8.1013308 0.0325492 0.9107755 0.0173196 -0.4112524
40.119140 -12.2066164 0.1501620 7.9856696 0.0328480 0.9113674 0.0173752 -0.4099129
40.326930 -12.3396616 0.1553629 7.8690062 0.0318611 0.9117790 0.0171846 -0.4090827
40.534990 -12.4720650 0.1611328 7.7531438 0.0299673 0.9119983 0.0183618 -0.4086855
40.638670 -12.5374880 0.1640705 7.6940212 0.0294419 0.9117282 0.0185703 -0.4093165
40.742540 -12.6031914 0.1675496 7.6355696 0.0287598 0.9115568 0.0182615 -0.4097605
40.950400 -12.7345200 0.1733519 7.5208092 0.0283775 0.9108703 0.0180052 -0.4113220
41.054600 -12.8011484 0.1762132 7.4640474 0.0293807 0.9106527 0.0186698 -0.4117036
41.158230 -12.8676271 0.1794794 7.4068365 0.0317429 0.9102752 0.0204613 -0.4122777
41.262460 -12.9343023 0.1836772 7.3484306 0.0343875 0.9099546 0.0228892 -0.4126454
41.365930 -13.0007410 0.1874227 7.2920966 0.0351623 0.9099218 0.0235925 -0.4126128
41.469820 -13.0667143 0.1912466 7.2357674 0.0343041 0.9099612 0.0217321 -0.4127004
41.573580 -13.1323395 0.1957968 7.1776195 0.0331704 0.9100635 0.0196276 -0.4126729
41.677410 -13.1979094 0.1994055 7.1213384 0.0334006 0.9100529 0.0196226 -0.4126779
41.781210 -13.2636280 0.2032442 7.0649776 0.0337170 0.9100571 0.0211995 -0.4125650
41.885060 -13.3283796 0.2066747 7.0078554 0.0344792 0.9100686 0.0218513 -0.4124425
41.988800 -13.3929777 0.2108958 6.9513764 0.0346244 0.9102275 0.0208512 -0.4121315
42.092740 -13.4575281 0.2148379 6.8944130 0.0344390 0.9104179 0.0200256 -0.4117671
42.196450 -13.5221729 0.2186173 6.8379011 0.0345073 0.9106408 0.0208046 -0.4112295
42.300170 -13.5865364 0.2224696 6.7810130 0.0355208 0.9107158 0.0227057 -0.4108765
42.404080 -13.6505146 0.2264655 6.7267900 0.0366000 0.9108667 0.0239648 -0.4103753
42.507790 -13.7138510 0.2304927 6.6719217 0.0374653 0.9110373 0.0240272 -0.4099148
42.611550 -13.7771587 0.2345874 6.6157780 0.0376441 0.9112603 0.0232961 -0.4094446
42.715290 -13.8398933 0.2389021 6.5620198 0.0373992 0.9114972 0.0223718 -0.4089909
42.819190 -13.9023628 0.2429386 6.5065541 0.0363568 0.9115670 0.0223701 -0.4089296
42.922920 -13.9639874 0.2469525 6.4505978 0.0352055 0.9114004 0.0225193 -0.4093932
43.130550 -14.0875549 0.2545124 6.3402214 0.0337531 0.9112326 0.0231500 -0.4098536
43.338330 -14.2110052 0.2614598 6.2333264 0.0337980 0.9111525 0.0238393 -0.4099884
43.442050 -14.2718067 0.2655908 6.1794314 0.0330797 0.9110762 0.0234932 -0.4102364
43.545910 -14.3317127 0.2693091 6.1260109 0.0325088 0.9109311 0.0230818 -0.4106276
43.753650 -14.4519205 0.2746149 6.0250459 0.0350902 0.9107804 0.0232849 -0.4107378
43.857500 -14.5116367 0.2788429 5.9713001 0.0355136 0.9107891 0.0231230 -0.4106912
43.961280 -14.5714178 0.2833269 5.9164915 0.0348244 0.9108492 0.0220976 -0.4106736
44.065190 -14.6291094 0.2853383 5.8681340 0.0347975 0.9108399 0.0202841 -0.4107899
44.272790 -14.7447557 0.2934653 5.7646575 0.0337298 0.9107186 0.0203014 -0.4111470
44.480540 -14.8569269 0.3006005 5.6650677 0.0338305 0.9109469 0.0209374 -0.4106007
44.584310 -14.9125566 0.3042427 5.6155095 0.0338372 0.9109705 0.0203272 -0.4105783
44.688220 -14.9661188 0.3073078 5.5668430 0.0339531 0.9110746 0.0203957 -0.4103343
44.895870 -15.0719738 0.3123601 5.4735665 0.0332467 0.9113050 0.0211347 -0.4098428
44.999710 -15.1224470 0.3137473 5.4326053 0.0333769 0.9114401 0.0212224 -0.4095272
45.207330 -15.2234325 0.3196712 5.3421769 0.0344499 0.9114550 0.0224439 -0.4093399
45.415240 -15.3221855 0.3256557 5.2551842 0.0357609 0.9115618 0.0241461 -0.4088925
45.622980 -15.4167652 0.3318112 5.1714358 0.0382177 0.9117456 0.0243608 -0.4082474
45.831090 -15.5061693 0.3373134 5.0923715 0.0388760 0.9122025 0.0245552 -0.4071513
46.038180 -15.5935841 0.3437566 5.0131769 0.0401800 0.9130067 0.0229869 -0.4053098
46.349680 -15.7140799 0.3517329 4.9019032 0.0437734 0.9173257 0.0204141 -0.3951972
46.453430 -15.7524061 0.3544832 4.8641171 0.0452059 0.9195929 0.0199504 -0.3897529
46.660970 -15.8223419 0.3580146 4.7963519 0.0478374 0.9254240 0.0194343 -0.3753990
47.282920 -15.9930506 0.3707058 4.5724673 0.0494413 0.9530884 0.0198684 -0.2979652
47.490160 -16.0340977 0.3740688 4.4963498 0.0493551 0.9641762 0.0207546 -0.2598029
47.801160 -16.0755405 0.3777503 4.3813310 0.0380453 0.9803766 0.0205105 -0.1923371
48.008600 -16.0936642 0.3789406 4.3038945 0.0311545 0.9887531 0.0180170 -0.1451619
48.631190 -16.1037140 0.3826190 4.0695767 0.0218381 0.9995193 0.0219055 0.0021110
48.942530 -16.0872345 0.3834121 3.9706569 0.0307343 0.9976453 0.0163879 0.0590820
49.046410 -16.0781708 0.3833649 3.9396651 0.0315549 0.9963760 0.0149129 0.0775671
49.254030 -16.0564823 0.3842729 3.8481600 0.0311470 0.9837292 0.0245129 0.1752306
49.565780 -16.0159836 0.3851857 3.7576652 0.0381408 0.9779895 0.0006868 0.2051373
49.669780 -15.9914646 0.3841351 3.7102668 0.0326147 0.9692024 0.0191657 0.2433426
49.773780 -15.9709263 0.3835077 3.6749053 0.0323670 0.9564861 0.0265619 0.2887579
50.190690 -15.8536024 0.3827248 3.5479934 0.0356144 0.9474363 0.0174616 0.3174763
50.399300 -15.7646503 0.3816603 3.4628401 0.0341895 0.9276822 0.0188803 0.3713224
50.503680 -15.7422638 0.3807836 3.4397612 0.0334301 0.9302916 0.0170984 0.3648939
50.608030 -15.7162619 0.3803738 3.4119430 0.0329663 0.9321516 0.0148881 0.3602569
50.712390 -15.6878252 0.3798411 3.3827286 0.0338433 0.9333071 0.0139348 0.3572091
51.025280 -15.5925026 0.3776553 3.2813208 0.0358336 0.9334591 0.0128458 0.3566582
51.129530 -15.5576677 0.3766208 3.2440083 0.0339354 0.9331207 0.0114139 0.3577763
51.233800 -15.5213442 0.3762183 3.2080348 0.0324746 0.9328393 0.0109223 0.3586598
51.338030 -15.4855022 0.3755396 3.1678295 0.0337053 0.9326748 0.0119209 0.3589423
51.650530 -15.3678427 0.3729600 3.0492284 0.0353747 0.9329675 0.0099679 0.3580793
51.754650 -15.3277273 0.3725978 3.0078492 0.0356995 0.9330563 0.0062830 0.3578994
51.858780 -15.2882071 0.3711245 2.9608819 0.0363677 0.9331962 0.0043201 0.3574962
51.962780 -15.2477531 0.3693188 2.9097445 0.0373427 0.9333429 0.0047471 0.3570069
52.379030 -15.0671320 0.3629553 2.7212059 0.0303328 0.9350876 0.0061710 0.3530624
52.483160 -15.0203638 0.3624641 2.6744480 0.0298510 0.9366994 0.0072726 0.3487840
52.691180 -14.9323502 0.3600160 2.5816283 0.0279378 0.9437956 0.0088946 0.3292268
52.899160 -14.8137941 0.3574434 2.4505560 0.0274123 0.9331337 0.0071672 0.3584113
53.107160 -14.7091408 0.3553699 2.3334854 0.0285709 0.9329159 0.0110306 0.3587895
53.315160 -14.5976830 0.3541465 2.2227955 0.0308315 0.9327510 0.0125239 0.3589821
53.523150 -14.4899359 0.3510812 2.1004813 0.0354127 0.9325770 0.0102532 0.3590834
53.731040 -14.3760681 0.3486112 1.9778699 0.0358854 0.9327413 0.0086967 0.3586505
53.938910 -14.2611876 0.3447863 1.8529071 0.0340266 0.9329873 0.0111741 0.3581230
54.146780 -14.1469660 0.3418596 1.7290008 0.0365704 0.9329374 0.0142364 0.3578934
54.354660 -14.0337515 0.3391940 1.6033441 0.0406813 0.9327441 0.0182573 0.3577709
54.562530 -13.9200716 0.3383836 1.4832608 0.0420730 0.9324632 0.0245097 0.3579686
54.770420 -13.8088865 0.3364791 1.3607394 0.0436008 0.9326869 0.0202654 0.3574680
54.978530 -13.6969080 0.3341622 1.2395974 0.0460114 0.9330550 0.0150842 0.3564600
55.185920 -13.5845852 0.3318602 1.1182652 0.0453577 0.9333094 0.0174884 0.3557674
55.393730 -13.4766960 0.3281134 0.9961817 0.0433462 0.9341763 0.0177247 0.3537252
55.601700 -13.3697882 0.3263777 0.8754945 0.0411003 0.9368939 0.0174350 0.3467515
55.809690 -13.2670374 0.3246821 0.7546497 0.0421681 0.9412665 0.0181983 0.3345265
56.017930 -13.1713791 0.3235366 0.6291205 0.0442118 0.9472387 0.0225231 0.3166651
56.226190 -13.0825233 0.3236702 0.4980838 0.0470409 0.9550759 0.0245886 0.2915691
56.434670 -13.0011587 0.3254101 0.3627351 0.0496092 0.9638089 0.0267612 0.2605670
56.643030 -12.9284744 0.3269738 0.2243170 0.0529374 0.9718083 0.0231499 0.2285833
56.851430 -12.8670397 0.3276517 0.0814151 0.0528917 0.9790715 0.0157143 0.1958941
56.955550 -12.8378963 0.3290075 0.0118885 0.0506856 0.9821714 0.0153984 0.1803700
57.163560 -12.7874784 0.3287801 -0.1347642 0.0503245 0.9867919 0.0152204 0.1532238
57.267470 -12.7663193 0.3295434 -0.2104310 0.0519414 0.9883335 0.0144558 0.1424429
57.579070 -12.7068701 0.3314545 -0.4447976 0.0493441 0.9920350 0.0195519 0.1142344
57.682930 -12.6887331 0.3333764 -0.5229903 0.0491122 0.9930398 0.0195134 0.1052578
57.786690 -12.6731310 0.3342084 -0.6037710 0.0488252 0.9939209 0.0174900 0.0971151
57.994890 -12.6452980 0.3366273 -0.7690372 0.0532836 0.9947850 0.0183185 0.0850186
58.098070 -12.6316919 0.3390411 -0.8529010 0.0557570 0.9948247 0.0232592 0.0816941
58.201850 -12.6169453 0.3422007 -0.9365065 0.0572194 0.9947569 0.0277160 0.0801031
58.512810 -12.5732422 0.3503080 -1.1932347 0.0522504 0.9952612 0.0239995 0.0784160
58.616560 -12.5566139 0.3529515 -1.2783213 0.0481544 0.9955178 0.0227783 0.0781453
58.720450 -12.5412178 0.3552649 -1.3665975 0.0457029 0.9956375 0.0225987 0.0781446
58.824030 -12.5268002 0.3573238 -1.4572628 0.0445035 0.9956353 0.0236276 0.0785588
58.927820 -12.5076180 0.3614247 -1.5422012 0.0434609 0.9956446 0.0243668 0.0787984
59.031700 -12.4924946 0.3643113 -1.6315747 0.0433818 0.9955819 0.0246123 0.0795541
59.239170 -12.4636202 0.3685037 -1.8166550 0.0416220 0.9955971 0.0229624 0.0807881
59.343070 -12.4433270 0.3727920 -1.9009849 0.0407824 0.9956313 0.0219581 0.0810742
59.446780 -12.4285240 0.3745533 -1.9946630 0.0392136 0.9957175 0.0213577 0.0809498
59.550680 -12.4141121 0.3765354 -2.0882680 0.0381041 0.9958029 0.0213843 0.0804195
59.654550 -12.3960972 0.3795341 -2.1769078 0.0372899 0.9958870 0.0217905 0.0796467
59.758420 -12.3817053 0.3810326 -2.2714543 0.0372697 0.9959339 0.0221264 0.0789750
59.862460 -12.3654757 0.3840470 -2.3634486 0.0367269 0.9959943 0.0222739 0.0784240
59.965990 -12.3508635 0.3854951 -2.4568858 0.0366903 0.9960279 0.0232563 0.0777268
60.069690 -12.3369102 0.3871937 -2.5507669 0.0365068 0.9960294 0.0243934 0.0774442
60.173450 -12.3226852 0.3890806 -2.6437547 0.0358266 0.9960651 0.0254150 0.0769728
60.381050 -12.2946491 0.3929556 -2.8254638 0.0353312 0.9961820 0.0236021 0.0762635
60.484800 -12.2810221 0.3950207 -2.9161322 0.0348788 0.9962185 0.0230844 0.0761531
60.692600 -12.2530432 0.3992175 -3.0950956 0.0339204 0.9963024 0.0239789 0.0752061
60.900200 -12.2285070 0.4024902 -3.2693985 0.0331917 0.9964339 0.0253171 0.0733275
61.003920 -12.2144432 0.4053504 -3.3557112 0.0324276 0.9965652 0.0247746 0.0720587
61.107700 -12.2021809 0.4078179 -3.4430394 0.0319751 0.9966632 0.0244106 0.0710225
61.211580 -12.1892700 0.4102522 -3.5291729 0.0314598 0.9967632 0.0250460 0.0696130
61.419200 -12.1669025 0.4142031 -3.6987522 0.0313405 0.9968781 0.0267979 0.0673329
61.522950 -12.1558914 0.4165934 -3.7825809 0.0315403 0.9969396 0.0270530 0.0662180
61.626790 -12.1438580 0.4191328 -3.8671274 0.0315732 0.9970045 0.0268094 0.0653180
61.834510 -12.1209974 0.4243209 -4.0340147 0.0313928 0.9971219 0.0263278 0.0637911
61.938390 -12.1102495 0.4261627 -4.1173539 0.0308987 0.9971592 0.0266950 0.0632946
62.042070 -12.0990658 0.4290439 -4.2003460 0.0306304 0.9972207 0.0259579 0.0627604
62.145930 -12.0890923 0.4312779 -4.2813978 0.0305458 0.9972878 0.0237808 0.0625976
62.353660 -12.0673866 0.4351991 -4.4442358 0.0302615 0.9973462 0.0218260 0.0625174
62.457420 -12.0569391 0.4370366 -4.5259175 0.0307528 0.9972923 0.0223366 0.0629546
62.561290 -12.0472450 0.4387133 -4.6067271 0.0316845 0.9972199 0.0229184 0.0634295
62.665290 -12.0362539 0.4407129 -4.6878929 0.0325727 0.9971474 0.0234110 0.0639366
62.769050 -12.0258427 0.4423076 -4.7678423 0.0331030 0.9970761 0.0239455 0.0645761
62.976670 -12.0042324 0.4463134 -4.9267874 0.0327777 0.9970178 0.0242559 0.0655194
63.080660 -11.9940119 0.4480063 -5.0057998 0.0327709 0.9969877 0.0237965 0.0661458
63.184460 -11.9830656 0.4497259 -5.0839038 0.0341387 0.9968983 0.0231859 0.0670127
63.288240 -11.9719486 0.4513794 -5.1614985 0.0346758 0.9967870 0.0226941 0.0685435
63.392070 -11.9602880 0.4529766 -5.2389188 0.0341896 0.9967155 0.0224585 0.0698916
63.495820 -11.9495773 0.4543936 -5.3156695 0.0340249 0.9966427 0.0216359 0.0712563
63.599720 -11.9380455 0.4560786 -5.3921962 0.0342418 0.9965745 0.0212584 0.0722139
63.807440 -11.9149036 0.4592183 -5.5427742 0.0330133 0.9965386 0.0223179 0.0729570
63.911420 -11.9035568 0.4606529 -5.6169424 0.0325416 0.9965491 0.0232662 0.0727299
64.015770 -11.8925095 0.4620881 -5.6897855 0.0323253 0.9965730 0.0238409 0.0723121
64.223410 -11.8714085 0.4650782 -5.8326592 0.0308372 0.9967450 0.0238065 0.0705818
64.327430 -11.8613510 0.4666670 -5.9024649 0.0305241 0.9968811 0.0239620 0.0687187
64.535560 -11.8445635 0.4699382 -6.0365176 0.0312017 0.9972592 0.0241714 0.0625807
64.639590 -11.8377142 0.4710600 -6.1018620 0.0320812 0.9974554 0.0245127 0.0587604
64.743580 -11.8308306 0.4728210 -6.1660719 0.0334165 0.9976144 0.0253311 0.0548371
65.159520 -11.8095951 0.4780710 -6.3982840 0.0364280 0.9981952 0.0265634 0.0396709
65.367480 -11.8029795 0.4805344 -6.5027723 0.0376894 0.9983737 0.0263199 0.0337155
65.471470 -11.7998209 0.4815814 -6.5507865 0.0382757 0.9984489 0.0261555 0.0308333
66.095340 -11.7866917 0.4868181 -6.8002396 0.0409443 0.9985511 0.0295232 0.0186437
66.199080 -11.7869091 0.4879876 -6.8320560 0.0426085 0.9985003 0.0293442 0.0179031
66.303070 -11.7863121 0.4891057 -6.8618255 0.0428308 0.9984900 0.0297940 0.0171929
76.079100 -11.7282047 0.4968502 -7.1754160 0.0343918 0.9905809 0.0181460 0.1312916
76.390670 -11.7161379 0.4970401 -7.1986327 0.0343991 0.9865229 0.0180942 0.1589396
76.909690 -11.6872301 0.4985265 -7.2590389 0.0345184 0.9750726 0.0211286 0.2181640
77.842690 -11.5532646 0.4835889 -7.3752065 0.0381015 0.9187000 0.0156614 0.3928019
78.257840 -11.4347973 0.4814601 -7.4480343 0.0401577 0.8732375 0.0128176 0.4854681
78.569310 -11.3198967 0.4772215 -7.4918690 0.0396344 0.8354456 0.0173732 0.5478667
78.673060 -11.2737131 0.4759685 -7.5051527 0.0394764 0.8168738 0.0195797 0.5751308
78.776930 -11.2261324 0.4741093 -7.5162673 0.0388000 0.8014419 0.0207814 0.5964507
78.880800 -11.1739273 0.4727520 -7.5262346 0.0381222 0.7807980 0.0220879 0.6232281
78.984860 -11.1209116 0.4713477 -7.5335841 0.0381782 0.7641657 0.0227170 0.6434883
79.192960 -11.0098181 0.4677157 -7.5427823 0.0400314 0.7360767 0.0213437 0.6753762
79.401310 -10.8891039 0.4634460 -7.5440736 0.0406242 0.7166238 0.0178585 0.6960468
79.505690 -10.8156643 0.4600126 -7.5438452 0.0398540 0.6926351 0.0176890 0.7199690
79.610070 -10.7579727 0.4577603 -7.5402608 0.0415793 0.7004391 0.0166546 0.7123053
79.818800 -10.6193104 0.4513063 -7.5334978 0.0440654 0.6901374 0.0158759 0.7221610
79.923050 -10.5478277 0.4475507 -7.5288763 0.0458954 0.6848009 0.0148897 0.7271312
80.027420 -10.4747791 0.4431148 -7.5219574 0.0469683 0.6798223 0.0136719 0.7317436
80.131680 -10.3993835 0.4390342 -7.5147614 0.0459843 0.6754069 0.0118981 0.7359139
80.235930 -10.3212929 0.4347252 -7.5072041 0.0444740 0.6719691 0.0100607 0.7391741
80.340300 -10.2417259 0.4298685 -7.4977598 0.0427743 0.6701192 0.0080983 0.7409757
80.444550 -10.1603575 0.4253640 -7.4896460 0.0420552 0.6694009 0.0070366 0.7416767
80.548940 -10.0771551 0.4210699 -7.4812856 0.0413405 0.6692826 0.0072103 0.7418219
80.653190 -9.9916372 0.4166620 -7.4723439 0.0412265 0.6687732 0.0078087 0.7422814
80.757320 -9.9050360 0.4118852 -7.4645596 0.0412410 0.6676522 0.0080412 0.7432867
80.861430 -9.8171177 0.4077192 -7.4570818 0.0414216 0.6660880 0.0082950 0.7446759
80.965550 -9.7275810 0.4032963 -7.4485607 0.0414730 0.6643425 0.0079898 0.7462340
81.069680 -9.6367617 0.3982738 -7.4395342 0.0415176 0.6627280 0.0077478 0.7476683
81.173790 -9.5444221 0.3947740 -7.4307494 0.0410297 0.6610579 0.0074726 0.7491750
81.277810 -9.4515333 0.3912746 -7.4210706 0.0405482 0.6593726 0.0085456 0.7506734
81.381810 -9.3578663 0.3892853 -7.4111176 0.0396476 0.6576085 0.0103777 0.7522442
81.485930 -9.2614326 0.3857653 -7.4012389 0.0386763 0.6562171 0.0113073 0.7534955
81.589930 -9.1663847 0.3841034 -7.3907847 0.0389925 0.6556423 0.0112757 0.7539799
81.798060 -8.9705305 0.3808384 -7.3702354 0.0391699 0.6567230 0.0102031 0.7530448
81.902180 -8.8705673 0.3833526 -7.3621659 0.0385947 0.6572103 0.0113801 0.7526324
82.006180 -8.7718983 0.3808378 -7.3518100 0.0380268 0.6577757 0.0126437 0.7521471
82.110180 -8.6716461 0.3816551 -7.3433194 0.0377509 0.6583301 0.0137629 0.7516561
82.214180 -8.5732107 0.3770000 -7.3310342 0.0376980 0.6587650 0.0139899 0.7512735
82.318180 -8.4738855 0.3776696 -7.3229733 0.0375088 0.6593449 0.0143836 0.7507666
82.422200 -8.3760462 0.3728875 -7.3117204 0.0378377 0.6595954 0.0136475 0.7505438
82.526180 -8.2772837 0.3709719 -7.3017235 0.0384548 0.6600203 0.0127912 0.7501538
82.630180 -8.1794739 0.3665105 -7.2894578 0.0385543 0.6603695 0.0126253 0.7498441
82.734050 -8.0815639 0.3632747 -7.2794151 0.0374549 0.6608092 0.0131433 0.7495036
82.838070 -7.9823136 0.3607868 -7.2686892 0.0367089 0.6613230 0.0138704 0.7490741
82.942060 -7.8857307 0.3562439 -7.2563648 0.0368060 0.6618597 0.0131612 0.7486079
83.046050 -7.7889113 0.3529288 -7.2463140 0.0376639 0.6622333 0.0127982 0.7482411
83.149930 -7.6928201 0.3496824 -7.2371430 0.0383522 0.6624728 0.0125928 0.7479975
83.253960 -7.5967999 0.3471122 -7.2268643 0.0369342 0.6628378 0.0126447 0.7477446
83.357930 -7.4997187 0.3457296 -7.2171822 0.0351482 0.6631219 0.0136574 0.7475610
83.461930 -7.4041672 0.3449555 -7.2069478 0.0337643 0.6635891 0.0139777 0.7472042
83.565930 -7.3084335 0.3442999 -7.1979480 0.0332417 0.6639456 0.0127180 0.7469334
83.669810 -7.2145538 0.3416528 -7.1879559 0.0332580 0.6640965 0.0119807 0.7468107
83.773690 -7.1199126 0.3396566 -7.1765380 0.0332315 0.6645799 0.0116077 0.7463877
83.877560 -7.0259171 0.3375180 -7.1675730 0.0323803 0.6648566 0.0114552 0.7461810
83.981560 -6.9307661 0.3351658 -7.1559491 0.0321183 0.6650926 0.0123967 0.7459669
84.085580 -6.8382902 0.3303876 -7.1464949 0.0326003 0.6650416 0.0126854 0.7459865
84.189660 -6.7452445 0.3273686 -7.1358366 0.0340367 0.6652711 0.0127434 0.7457168
84.293370 -6.6532717 0.3230881 -7.1248140 0.0354212 0.6651344 0.0132031 0.7457662
84.397140 -6.5607462 0.3186099 -7.1137114 0.0360673 0.6645519 0.0143785 0.7462327
84.500970 -6.4664655 0.3153517 -7.1016111 0.0356958 0.6635457 0.0149665 0.7471339
84.604690 -6.3760238 0.3112736 -7.0912204 0.0354570 0.6623362 0.0155677 0.7482053
84.708560 -6.2830887 0.3083470 -7.0772071 0.0347229 0.6613594 0.0150841 0.7491131
84.812320 -6.1929426 0.3038440 -7.0671597 0.0342482 0.6602244 0.0137727 0.7501608
84.916060 -6.1023741 0.3009965 -7.0525255 0.0343281 0.6595212 0.0128749 0.7507914
85.020090 -6.0135493 0.2971397 -7.0413117 0.0341307 0.6585126 0.0126553 0.7516888
85.123720 -5.9252119 0.2938429 -7.0302987 0.0335516 0.6577652 0.0132170 0.7523593
85.227440 -5.8355932 0.2912758 -7.0162210 0.0332874 0.6573828 0.0135846 0.7526987
85.331180 -5.7455692 0.2896022 -7.0015292 0.0328372 0.6569076 0.0137162 0.7531308
85.435100 -5.6575041 0.2879526 -6.9868746 0.0322724 0.6568696 0.0140537 0.7531821
85.538870 -5.5703650 0.2872423 -6.9735522 0.0313249 0.6568097 0.0137753 0.7532795
85.642600 -5.4833298 0.2857661 -6.9625626 0.0309181 0.6568178 0.0136908 0.7532908
85.746450 -5.3974557 0.2828253 -6.9511724 0.0306571 0.6573371 0.0129363 0.7528617
85.850400 -5.3081164 0.2832842 -6.9331293 0.0306057 0.6583301 0.0128640 0.7519969
85.954220 -5.2202339 0.2812017 -6.9193215 0.0306930 0.6590135 0.0133738 0.7513856
86.058060 -5.1343312 0.2779278 -6.9080062 0.0318968 0.6598278 0.0144428 0.7506006
86.161940 -5.0476179 0.2754605 -6.8949580 0.0331902 0.6607860 0.0152072 0.7496859
86.266420 -4.9624066 0.2721645 -6.8837609 0.0345284 0.6616279 0.0158146 0.7488700
86.369740 -4.8767724 0.2690066 -6.8739886 0.0347131 0.6623728 0.0169715 0.7481773
86.473600 -4.7911229 0.2663458 -6.8608479 0.0342103 0.6634133 0.0177159 0.7472607
86.681310 -4.6176934 0.2629479 -6.8329506 0.0325284 0.6656020 0.0175218 0.7453918
86.785510 -4.5333729 0.2601397 -6.8217897 0.0325004 0.6664262 0.0165921 0.7446775
86.889090 -4.4500957 0.2580223 -6.8098974 0.0329391 0.6674435 0.0155048 0.7437700
86.992950 -4.3668661 0.2552519 -6.8016429 0.0337223 0.6680317 0.0143201 0.7432304
87.096690 -4.2825680 0.2534904 -6.7877407 0.0347471 0.6689311 0.0141729 0.7423766
87.200570 -4.1998711 0.2511527 -6.7768674 0.0346497 0.6694791 0.0141901 0.7418866
87.304430 -4.1161871 0.2508696 -6.7639313 0.0339926 0.6698968 0.0151997 0.7415199
87.512180 -3.9504964 0.2473142 -6.7423444 0.0312602 0.6700154 0.0156766 0.7415230
87.616060 -3.8702741 0.2461735 -6.7320652 0.0294702 0.6700759 0.0146683 0.7415623
87.719790 -3.7890875 0.2434190 -6.7235661 0.0277004 0.6700503 0.0130879 0.7416832
87.927320 -3.6274085 0.2429131 -6.6960697 0.0254040 0.6705700 0.0103421 0.7413390
88.031060 -3.5463047 0.2407559 -6.6871848 0.0255736 0.6704984 0.0096515 0.7414073
88.135050 -3.4647167 0.2396309 -6.6723766 0.0254163 0.6705576 0.0086205 0.7413719
88.238710 -3.3837609 0.2383799 -6.6586752 0.0259372 0.6704933 0.0089025 0.7414086
88.446330 -3.2216115 0.2327567 -6.6416707 0.0240855 0.6699094 0.0141948 0.7419163
88.550190 -3.1410756 0.2312311 -6.6298809 0.0246943 0.6695416 0.0153654 0.7422049
88.653930 -3.0572052 0.2304874 -6.6121907 0.0269536 0.6693356 0.0147586 0.7423244
88.757820 -2.9754102 0.2284172 -6.5959535 0.0284919 0.6692271 0.0137776 0.7423836
88.861690 -2.8950820 0.2252987 -6.5882773 0.0286923 0.6690436 0.0129034 0.7425570
88.965560 -2.8131692 0.2224532 -6.5724764 0.0287770 0.6690661 0.0128000 0.7425352
89.173320 -2.6525548 0.2160649 -6.5488791 0.0306748 0.6690032 0.0131751 0.7425094
89.277420 -2.5694842 0.2138079 -6.5282869 0.0327460 0.6692833 0.0132333 0.7421674
89.381180 -2.4902542 0.2106510 -6.5170856 0.0333496 0.6695101 0.0136992 0.7419274
89.485130 -2.4104941 0.2071172 -6.5049582 0.0332524 0.6697202 0.0153794 0.7417092
89.692870 -2.2533586 0.2011845 -6.4826288 0.0319279 0.6703749 0.0177963 0.7411217
89.796830 -2.1764493 0.1983359 -6.4708338 0.0318406 0.6710182 0.0169848 0.7405621
89.900710 -2.0953503 0.1968883 -6.4502096 0.0315924 0.6716639 0.0156542 0.7400165
90.004580 -2.0170672 0.1942202 -6.4379449 0.0309899 0.6721733 0.0156759 0.7395789
90.316520 -1.7883221 0.1875690 -6.4052076 0.0299685 0.6735961 0.0171225 0.7382933
90.420320 -1.7127538 0.1856054 -6.3950529 0.0298638 0.6740136 0.0171572 0.7379156
90.524330 -1.6363782 0.1837935 -6.3808565 0.0298407 0.6743755 0.0170565 0.7375881
90.628220 -1.5620627 0.1826823 -6.3653822 0.0285575 0.6748702 0.0169709 0.7371883
90.940100 -1.3463858 0.1756981 -6.3360858 0.0265492 0.6758748 0.0168705 0.7363449
91.044070 -1.2756269 0.1743131 -6.3209028 0.0254193 0.6761605 0.0168187 0.7361237
91.148110 -1.2047174 0.1730020 -6.3039045 0.0255590 0.6759735 0.0173310 0.7362786
91.251940 -1.1384201 0.1712684 -6.2915554 0.0259293 0.6751747 0.0168082 0.7370104
91.563820 -0.9536519 0.1641991 -6.2714691 0.0249704 0.6709037 0.0147427 0.7409773
91.667690 -0.8958465 0.1621031 -6.2662687 0.0254904 0.6689530 0.0140672 0.7427343
91.771700 -0.8395960 0.1599244 -6.2618971 0.0264641 0.6662458 0.0137743 0.7451352
92.187280 -0.6202622 0.1543607 -6.1768503 0.0288738 0.6497916 0.0130818 0.7594512
92.498710 -0.4854219 0.1470551 -6.1508236 0.0275494 0.6318410 0.0137574 0.7744861
92.706330 -0.4029914 0.1425523 -6.1290207 0.0261827 0.6170488 0.0104714 0.7864195
92.913890 -0.3252755 0.1389574 -6.1054635 0.0257178 0.5993369 0.0102350 0.8000182
93.432440 -0.1530212 0.1295638 -6.0318475 0.0281962 0.5369999 0.0055428 0.8430927
93.639690 -0.0930962 0.1248512 -5.9955149 0.0281434 0.4984877 0.0085592 0.8663976
94.365720 0.0658800 0.1094334 -5.8329310 0.0234227 0.3908580 -0.0020329 0.9201507
94.573250 0.1094199 0.1034620 -5.8408961 -0.0113020 0.2795154 0.0034944 0.9600683
94.780820 0.1499416 0.1022122 -5.6972737 0.0111178 0.2108751 -0.0035425 0.9774433
95.092440 0.1747561 0.0984289 -5.5961466 0.0058230 0.1441573 -0.0103129 0.9894839
95.404570 0.1947339 0.0957321 -5.4841242 -0.0000319 0.0644979 -0.0125838 0.9978385
95.508570 0.1965954 0.0953585 -5.4519610 0.0026086 0.0688406 -0.0157003 0.9975007
95.821210 0.2054892 0.0925809 -5.3396845 0.0029540 0.0495868 -0.0170830 0.9986194
95.925440 0.2079674 0.0916396 -5.3000245 0.0035021 0.0434686 -0.0157655 0.9989243
96.029700 0.2101536 0.0907894 -5.2593002 0.0042558 0.0365752 -0.0153748 0.9992036
96.133950 0.2181624 0.0934934 -5.1834164 0.0047134 0.0297494 -0.0157000 0.9994230
96.342320 0.2237643 0.0927029 -5.0819483 0.0049752 0.0158839 -0.0159024 0.9997350
96.446460 0.2235336 0.0916755 -5.0357857 0.0050400 0.0090781 -0.0155412 0.9998253
96.550570 0.2254684 0.0910216 -4.9826670 0.0047891 0.0020532 -0.0143828 0.9998830
96.758950 0.2288716 0.0905598 -4.8689613 0.0056414 -0.0090161 -0.0150122 0.9998307
96.863080 0.2263875 0.0893976 -4.8171258 0.0063604 -0.0130874 -0.0159608 0.9997667
96.967200 0.2260224 0.0888189 -4.7580538 0.0069247 -0.0160092 -0.0157745 0.9997234
97.071450 0.2251125 0.0879335 -4.6996894 0.0071871 -0.0180374 -0.0159397 0.9996844
97.279720 0.2255254 0.0866825 -4.5698485 0.0064471 -0.0208673 -0.0154621 0.9996419
97.487940 0.2184039 0.0839848 -4.4539485 0.0044759 -0.0236706 -0.0140110 0.9996116
97.592070 0.2158539 0.0830603 -4.3912807 0.0032906 -0.0251195 -0.0135241 0.9995875
97.800340 0.2134685 0.0824439 -4.2573681 0.0011612 -0.0279567 -0.0123248 0.9995325
97.904320 0.2102047 0.0818711 -4.1965876 0.0007354 -0.0293560 -0.0110015 0.9995082
98.216470 0.1992347 0.0802993 -4.0127821 0.0005685 -0.0339836 -0.0096320 0.9993758
98.320320 0.1944414 0.0791473 -3.9542010 0.0006710 -0.0353745 -0.0096845 0.9993269
98.528320 0.1853588 0.0780861 -3.8311718 0.0006202 -0.0364987 -0.0100768 0.9992827
98.736320 0.1766637 0.0775508 -3.7070043 0.0005884 -0.0364516 -0.0106220 0.9992788
98.944340 0.1685124 0.0762137 -3.5863061 -0.0001845 -0.0364388 -0.0102383 0.9992834
99.152220 0.1631006 0.0763330 -3.4611037 -0.0013606 -0.0361417 -0.0097932 0.9992977
99.256070 0.1590570 0.0757113 -3.4023492 -0.0012589 -0.0360206 -0.0099299 0.9993009
99.360070 0.1562266 0.0753240 -3.3410573 -0.0012702 -0.0357896 -0.0104317 0.9993041
99.464100 0.1518236 0.0743174 -3.2838650 -0.0007605 -0.0352815 -0.0101774 0.9993253
99.567940 0.1473850 0.0731764 -3.2272723 -0.0006046 -0.0346459 -0.0096752 0.9993526
99.879940 0.1361200 0.0734981 -3.0468676 -0.0010786 -0.0319836 -0.0089127 0.9994481
99.983820 0.1335306 0.0727051 -2.9900675 -0.0019401 -0.0316273 -0.0080565 0.9994654
100.087800 0.1302440 0.0722887 -2.9343319 -0.0030399 -0.0308265 -0.0095270 0.9994747
100.399700 0.1261198 0.0694894 -2.7775927 -0.0004619 -0.0295626 -0.0079114 0.9995315
100.503700 0.1238606 0.0692952 -2.7244267 0.0012116 -0.0288817 -0.0091785 0.9995400
100.607700 0.1202616 0.0685118 -2.6737063 0.0020444 -0.0284762 -0.0105805 0.9995364
100.815600 0.1156087 0.0668533 -2.5738015 0.0023616 -0.0277262 -0.0109762 0.9995525
101.127400 0.1102479 0.0654142 -2.4249790 0.0040136 -0.0272462 -0.0125413 0.9995420
101.231500 0.1030372 0.0676188 -2.3695300 0.0038338 -0.0268472 -0.0126781 0.9995518
101.335400 0.1005373 0.0666534 -2.3229995 0.0034825 -0.0270045 -0.0125454 0.9995505
101.543300 0.1065707 0.0637173 -2.2304914 0.0030781 -0.0273261 -0.0115258 0.9995554
101.751200 0.1058523 0.0612416 -2.1393840 0.0038095 -0.0289436 -0.0108262 0.9995152
101.959100 0.0820821 0.0602680 -2.0387330 0.0044700 -0.0303160 -0.0111174 0.9994686
102.062900 0.0806949 0.0590511 -1.9926929 0.0043928 -0.0312925 -0.0110637 0.9994394
102.374800 0.0709940 0.0557834 -1.8566362 0.0036771 -0.0342790 -0.0091117 0.9993640
102.582700 0.0674190 0.0539100 -1.7678477 0.0027916 -0.0358850 -0.0096490 0.9993054
102.790600 0.0683418 0.0522384 -1.6827292 0.0018994 -0.0373955 -0.0099319 0.9992494
102.894400 0.0681247 0.0487396 -1.6341188 0.0018466 -0.0368446 -0.0092505 0.9992765
103.102400 0.0682498 0.0469233 -1.5525166 0.0016550 -0.0364940 -0.0099253 0.9992832
103.310300 0.0608175 0.0452754 -1.4740562 0.0019220 -0.0352181 -0.0107240 0.9993203
103.414300 0.0582333 0.0443209 -1.4351571 0.0019383 -0.0343882 -0.0104689 0.9993519
103.518300 0.0562832 0.0432588 -1.3977560 0.0021238 -0.0337502 -0.0104634 0.9993733
104.038400 0.0449724 0.0393573 -1.2231978 0.0024802 -0.0305280 -0.0105363 0.9994753
104.350600 0.0387505 0.0367256 -1.1315901 0.0011210 -0.0290873 -0.0103306 0.9995229
104.662200 0.0355085 0.0343728 -1.0542349 0.0011139 -0.0276176 -0.0104131 0.9995637
104.766200 0.0344542 0.0338128 -1.0320579 0.0015026 -0.0274418 -0.0100004 0.9995723
105.181900 0.0287163 0.0316132 -0.9498003 0.0031536 -0.0258649 -0.0096822 0.9996136
105.494000 0.0262073 0.0302887 -0.8919930 0.0040286 -0.0249993 -0.0094036 0.9996351
106.221500 0.0195528 0.0267897 -0.7625275 0.0031770 -0.0261919 -0.0066996 0.9996294
106.325500 0.0183254 0.0262650 -0.7444640 0.0030412 -0.0284533 -0.0065534 0.9995690
107.260700 0.0046984 0.0205306 -0.5860792 0.0032004 -0.0539099 -0.0111128 0.9984788
107.780900 -0.0021267 0.0183525 -0.5016230 0.0030611 -0.0517914 -0.0116029 0.9985858
108.197100 -0.0060355 0.0161565 -0.4358443 0.0031452 -0.0468172 -0.0111782 0.9988360
109.444700 -0.0132935 0.0094264 -0.2015542 0.0025945 -0.0207781 -0.0066269 0.9997588
109.652600 -0.0143254 0.0086456 -0.1525984 0.0017552 -0.0166185 -0.0067039 0.9998379
109.756500 -0.0146599 0.0081549 -0.1270941 0.0012133 -0.0145922 -0.0061503 0.9998739
110.484000 -0.0168694 0.0037437 0.0688970 0.0028744 -0.0020642 -0.0069960 0.9999692
111.417700 -0.0308561 -0.0045433 0.3208309 0.0075754 -0.0550803 -0.0040725 0.9984449
111.625100 -0.0431077 -0.0061910 0.3728473 0.0025230 -0.0810444 -0.0091348 0.9966654
111.832500 -0.0567426 -0.0069208 0.4231920 -0.0002032 -0.1062067 -0.0104704 0.9942889
112.456700 -0.0983719 -0.0087661 0.5712138 -0.0059821 -0.1216478 -0.0177703 0.9923962
112.665100 -0.1073229 -0.0083162 0.6146548 -0.0084516 -0.1123827 -0.0135901 0.9935361
113.185700 -0.1166167 -0.0090866 0.6745185 -0.0073983 -0.0909262 -0.0121334 0.9957562
114.225600 -0.1173466 -0.0097582 0.6792676 -0.0025686 -0.0885076 -0.0127934 0.9959900
