9.999096e-01 1.061516e-03 -1.340599e-02 -1.001116e-02 -1.058762e-03 9.999994e-01 2.126022e-04 -4.359704e-03 1.340621e-02 -1.983884e-04 9.999101e-01 1.857373e-01
9.984892e-01 2.145631e-03 -5.490591e-02 -6.000009e-02 -2.394373e-03 9.999871e-01 -4.464951e-03 -8.065471e-03 5.489562e-02 4.589671e-03 9.984816e-01 6.279359e-01
9.974753e-01 2.223074e-03 -7.097932e-02 -8.275693e-02 -2.545053e-03 9.999869e-01 -4.446103e-03 -8.995000e-03 7.096851e-02 4.615524e-03 9.974679e-01 7.669396e-01
7.390815e-01 2.703623e-02 -6.730732e-01 -2.187835e+00 -3.078163e-02 9.995059e-01 6.348111e-03 -5.358748e-02 6.729124e-01 1.602652e-02 7.395486e-01 4.215884e+00
6.998654e-01 2.300743e-02 -7.139041e-01 -2.415527e+00 -2.506270e-02 9.996566e-01 7.646713e-03 -5.318918e-02 7.138350e-01 1.254069e-02 7.002017e-01 4.382391e+00
6.574738e-01 1.958832e-02 -7.532227e-01 -2.663146e+00 -2.008945e-02 9.997623e-01 8.464136e-03 -5.287039e-02 7.532096e-01 9.566887e-03 6.577111e-01 4.540774e+00
2.977517e-01 2.999078e-02 -9.541721e-01 -4.911075e+00 -9.323251e-03 9.995501e-01 2.850773e-02 -2.945435e-02 9.545979e-01 4.077656e-04 2.978973e-01 5.302451e+00
1.451008e-01 3.362423e-02 -9.888454e-01 -6.122091e+00 -3.991990e-03 9.994341e-01 3.339852e-02 -1.604266e-02 9.894089e-01 -8.986869e-04 1.451529e-01 5.421290e+00
1.020609e-01 3.392393e-02 -9.941995e-01 -6.558994e+00 -6.144850e-03 9.994208e-01 3.347129e-02 -5.757046e-03 9.947592e-01 2.693100e-03 1.022102e-01 5.427674e+00
-2.721994e-03 2.726005e-02 -9.996247e-01 -7.950411e+00 -5.718749e-03 9.996116e-01 2.727527e-02 2.306424e-02 9.999800e-01 5.790849e-03 -2.565041e-03 5.389282e+00
-2.964894e-02 2.550783e-02 -9.992348e-01 -8.444612e+00 -6.326376e-03 9.996495e-01 2.570614e-02 3.066422e-02 9.995404e-01 7.083698e-03 -2.947717e-02 5.353644e+00
-6.733280e-02 2.173972e-02 -9.974937e-01 -9.480377e+00 -6.474859e-03 9.997320e-01 2.222558e-02 5.248992e-02 9.977096e-01 7.955144e-03 -6.717399e-02 5.263869e+00
-8.060838e-02 2.217432e-02 -9.964992e-01 -1.002302e+01 -5.344046e-03 9.997285e-01 2.267848e-02 6.141731e-02 9.967316e-01 7.153416e-03 -8.046799e-02 5.211227e+00
-9.045247e-02 2.383599e-02 -9.956155e-01 -1.057921e+01 -6.387145e-03 9.996791e-01 2.451356e-02 6.596199e-02 9.958803e-01 8.576455e-03 -9.027120e-02 5.153075e+00
-9.725791e-02 2.540281e-02 -9.949350e-01 -1.115274e+01 -8.559783e-03 9.996159e-01 2.635907e-02 6.936405e-02 9.952224e-01 1.108006e-02 -9.700311e-02 5.088360e+00
-1.035005e-01 2.648562e-02 -9.942767e-01 -1.234412e+01 -6.117944e-03 9.996095e-01 2.726454e-02 9.123047e-02 9.946106e-01 8.904824e-03 -1.032980e-01 4.964841e+00
-1.013578e-01 3.126980e-02 -9.943585e-01 -1.360015e+01 -4.596263e-03 9.994805e-01 3.189940e-02 1.095163e-01 9.948395e-01 7.803588e-03 -1.011614e-01 4.835681e+00
-9.950488e-02 3.165295e-02 -9.945335e-01 -1.425164e+01 -7.042716e-03 9.994464e-01 3.251396e-02 1.178242e-01 9.950122e-01 1.023952e-02 -9.922688e-02 4.767225e+00
-9.786425e-02 2.880843e-02 -9.947827e-01 -1.491341e+01 -8.778970e-03 9.995170e-01 2.980919e-02 1.296149e-01 9.951611e-01 1.165042e-02 -9.756407e-02 4.697363e+00
-9.324592e-02 3.432541e-02 -9.950512e-01 -1.700478e+01 -9.606841e-03 9.993280e-01 3.537320e-02 1.770188e-01 9.955968e-01 1.285771e-02 -9.285350e-02 4.494630e+00
-9.143352e-02 3.749733e-02 -9.951049e-01 -1.773322e+01 -1.072094e-02 9.991958e-01 3.863657e-02 1.905594e-01 9.957535e-01 1.420114e-02 -9.095798e-02 4.426532e+00
-8.963018e-02 3.633795e-02 -9.953120e-01 -1.847183e+01 -1.191924e-02 9.992235e-01 3.755412e-02 2.092753e-01 9.959038e-01 1.522934e-02 -8.912746e-02 4.359249e+00
-8.776869e-02 3.343541e-02 -9.955796e-01 -1.922427e+01 -1.418124e-02 9.992933e-01 3.481034e-02 2.305555e-01 9.960400e-01 1.717381e-02 -8.723251e-02 4.290984e+00
-8.451284e-02 3.487323e-02 -9.958119e-01 -2.077310e+01 -1.290088e-02 9.992653e-01 3.608905e-02 2.703516e-01 9.963389e-01 1.589684e-02 -8.400085e-02 4.161929e+00
-8.125065e-02 3.526391e-02 -9.960697e-01 -2.316415e+01 -9.827283e-03 9.992970e-01 3.617980e-02 3.216152e-01 9.966453e-01 1.272829e-02 -8.084698e-02 3.971019e+00
-8.074505e-02 2.784209e-02 -9.963458e-01 -2.396950e+01 -8.508473e-03 9.995541e-01 2.862128e-02 3.342058e-01 9.966985e-01 1.078841e-02 -8.047215e-02 3.908970e+00
-8.068463e-02 2.317276e-02 -9.964703e-01 -2.478947e+01 -5.031547e-03 9.997075e-01 2.365546e-02 3.492536e-01 9.967270e-01 6.922422e-03 -8.054443e-02 3.849052e+00
-8.117506e-02 2.268473e-02 -9.964417e-01 -2.561886e+01 -3.485151e-03 9.997284e-01 2.304348e-02 3.615096e-01 9.966938e-01 5.343309e-03 -8.107395e-02 3.786079e+00
-8.132601e-02 3.806049e-02 -9.959606e-01 -2.730755e+01 -5.642357e-03 9.992370e-01 3.864644e-02 3.854991e-01 9.966716e-01 8.762529e-03 -8.104921e-02 3.644752e+00
-8.204879e-02 4.465936e-02 -9.956272e-01 -2.899762e+01 -9.387220e-03 9.989165e-01 4.558051e-02 4.194172e-01 9.965841e-01 1.308600e-02 -8.154066e-02 3.492898e+00
-8.290210e-02 3.805547e-02 -9.958308e-01 -3.067424e+01 -9.508351e-03 9.991949e-01 3.897560e-02 4.566603e-01 9.965124e-01 1.269987e-02 -8.247351e-02 3.346046e+00
-8.269813e-02 4.194649e-02 -9.956915e-01 -3.235442e+01 -1.214292e-02 9.989972e-01 4.309431e-02 4.917256e-01 9.965007e-01 1.565442e-02 -8.210584e-02 3.198821e+00
-8.231200e-02 3.566380e-02 -9.959683e-01 -3.402626e+01 -1.376549e-02 9.992235e-01 3.691803e-02 5.241899e-01 9.965116e-01 1.674879e-02 -8.175715e-02 3.051261e+00
-8.151395e-02 3.157687e-02 -9.961718e-01 -3.569639e+01 -1.501861e-02 9.993456e-01 3.290641e-02 5.500320e-01 9.965591e-01 1.764345e-02 -8.098637e-02 2.910621e+00
-8.028235e-02 3.893236e-02 -9.960115e-01 -3.737375e+01 -1.355742e-02 9.991018e-01 4.014595e-02 5.707777e-01 9.966800e-01 1.672636e-02 -7.968242e-02 2.775070e+00
-7.980664e-02 4.835639e-02 -9.956367e-01 -3.904918e+01 -1.285875e-02 9.986896e-01 4.953538e-02 6.055646e-01 9.967275e-01 1.675590e-02 -7.908026e-02 2.638855e+00
-7.935204e-02 4.425698e-02 -9.958637e-01 -4.071171e+01 -1.242385e-02 9.988924e-01 4.538155e-02 6.464858e-01 9.967693e-01 1.597358e-02 -7.871431e-02 2.504806e+00
-7.862370e-02 3.683575e-02 -9.962236e-01 -4.236520e+01 -1.711449e-02 9.991199e-01 3.829356e-02 6.807227e-01 9.967575e-01 2.006064e-02 -7.792408e-02 2.363072e+00
-7.976546e-02 3.312770e-02 -9.962630e-01 -4.401519e+01 -1.910751e-02 9.992131e-01 3.475564e-02 7.092788e-01 9.966305e-01 2.180841e-02 -7.906970e-02 2.223683e+00
-8.168221e-02 2.762876e-02 -9.962754e-01 -4.566121e+01 -1.115209e-02 9.995277e-01 2.863330e-02 7.331961e-01 9.965961e-01 1.344938e-02 -8.133552e-02 2.096619e+00
-8.506616e-02 3.760111e-02 -9.956655e-01 -4.730744e+01 -8.393766e-03 9.992251e-01 3.845268e-02 7.534145e-01 9.963400e-01 1.162841e-02 -8.468463e-02 1.959122e+00
-8.855103e-02 4.048818e-02 -9.952484e-01 -4.893314e+01 -5.319431e-03 9.991400e-01 4.111980e-02 7.767209e-01 9.960575e-01 8.935358e-03 -8.825951e-02 1.820295e+00
-9.088125e-02 3.306855e-02 -9.953125e-01 -5.053252e+01 -1.334325e-02 9.993184e-01 3.442002e-02 7.989932e-01 9.957724e-01 1.640884e-02 -9.037806e-02 1.659366e+00
-9.301301e-02 3.268320e-02 -9.951283e-01 -5.212276e+01 -1.993854e-02 9.991995e-01 3.468054e-02 8.219496e-01 9.954653e-01 2.306714e-02 -9.228690e-02 1.493752e+00
-9.489148e-02 3.383215e-02 -9.949125e-01 -5.370196e+01 -2.126901e-02 9.991253e-01 3.600398e-02 8.419538e-01 9.952604e-01 2.457727e-02 -9.408890e-02 1.337479e+00
-9.600787e-02 3.526470e-02 -9.947557e-01 -5.526303e+01 -2.088946e-02 9.990807e-01 3.743416e-02 8.601357e-01 9.951614e-01 2.437388e-02 -9.518295e-02 1.184702e+00
-9.631614e-02 3.786491e-02 -9.946303e-01 -5.603808e+01 -1.966748e-02 9.990086e-01 3.993612e-02 8.696735e-01 9.951565e-01 2.340836e-02 -9.547595e-02 1.110756e+00
-9.679243e-02 4.476912e-02 -9.942972e-01 -5.757460e+01 -2.017706e-02 9.986943e-01 4.693131e-02 8.957003e-01 9.951001e-01 2.460459e-02 -9.576274e-02 9.565390e-01
-9.751230e-02 4.461774e-02 -9.942337e-01 -5.833039e+01 -1.973636e-02 9.987114e-01 4.675439e-02 9.106542e-01 9.950386e-01 2.418168e-02 -9.650605e-02 8.830630e-01
-9.803627e-02 3.931108e-02 -9.944061e-01 -5.981040e+01 -1.882451e-02 9.989675e-01 4.134728e-02 9.337799e-01 9.950048e-01 2.277274e-02 -9.719504e-02 7.359683e-01
-9.065597e-02 3.447304e-02 -9.952854e-01 -6.262022e+01 -2.266347e-02 9.990704e-01 3.666846e-02 9.607290e-01 9.956244e-01 2.588084e-02 -8.979042e-02 4.617179e-01
-8.478874e-02 3.562920e-02 -9.957617e-01 -6.328551e+01 -2.179694e-02 9.990550e-01 3.760305e-02 9.654748e-01 9.961605e-01 2.489288e-02 -8.393200e-02 4.088407e-01
-7.769131e-02 3.737607e-02 -9.962766e-01 -6.393546e+01 -2.099037e-02 9.990142e-01 3.911565e-02 9.696725e-01 9.967565e-01 2.395116e-02 -7.683019e-02 3.622951e-01
-5.715155e-02 4.050175e-02 -9.975436e-01 -6.518991e+01 -2.428573e-02 9.988247e-01 4.194516e-02 9.801827e-01 9.980701e-01 2.662331e-02 -5.610077e-02 2.859581e-01
-4.271090e-02 4.211609e-02 -9.981994e-01 -6.579136e+01 -2.736683e-02 9.986869e-01 4.330764e-02 9.882448e-01 9.987126e-01 2.916726e-02 -4.150223e-02 2.627668e-01
8.536048e-02 4.448258e-02 -9.953566e-01 -6.848214e+01 -2.750150e-02 9.987274e-01 4.227474e-02 1.016477e+00 9.959705e-01 2.376521e-02 8.647519e-02 4.164808e-01
1.227573e-01 4.458956e-02 -9.914345e-01 -6.895412e+01 -2.686321e-02 9.987734e-01 4.159349e-02 1.019824e+00 9.920731e-01 2.152721e-02 1.238045e-01 5.048813e-01
1.629811e-01 4.426984e-02 -9.856355e-01 -6.940376e+01 -2.671630e-02 9.988245e-01 4.044453e-02 1.021543e+00 9.862674e-01 1.974084e-02 1.639723e-01 6.110892e-01
3.561290e-01 3.412235e-02 -9.338136e-01 -7.106861e+01 -1.009255e-02 9.994152e-01 3.267050e-02 1.025888e+00 9.343823e-01 -2.210349e-03 3.562651e-01 1.285746e+00
5.956629e-01 1.585576e-02 -8.030780e-01 -7.281071e+01 1.549808e-02 9.993921e-01 3.122705e-02 1.052187e+00 8.030850e-01 -3.104695e-02 5.950551e-01 2.601772e+00
6.381226e-01 1.052786e-02 -7.698628e-01 -7.310855e+01 1.763745e-02 9.994442e-01 2.828668e-02 1.052214e+00 7.697328e-01 -3.162878e-02 6.375822e-01 2.908665e+00
7.198790e-01 -1.153949e-03 -6.940987e-01 -7.365932e+01 1.134516e-02 9.998846e-01 1.010422e-02 1.056081e+00 6.940069e-01 -1.514848e-02 7.198090e-01 3.554385e+00
8.310408e-01 -8.059018e-03 -5.561530e-01 -7.440171e+01 6.588534e-03 9.999675e-01 -4.645155e-03 1.057076e+00 5.561724e-01 1.960829e-04 8.310669e-01 4.718510e+00
8.886387e-01 -5.432656e-03 -4.585759e-01 -7.482560e+01 3.165614e-03 9.999786e-01 -5.712150e-03 1.044844e+00 4.585971e-01 3.624365e-03 8.886369e-01 5.623155e+00
9.103879e-01 1.247129e-04 -4.137557e-01 -7.501816e+01 -2.268793e-03 9.999864e-01 -4.690620e-03 1.038119e+00 4.137495e-01 5.209011e-03 9.103759e-01 6.110247e+00
9.282975e-01 4.418182e-03 -3.718121e-01 -7.520557e+01 -7.412496e-03 9.999506e-01 -6.624412e-03 1.035836e+00 3.717645e-01 8.905481e-03 9.282844e-01 6.618096e+00
9.422181e-01 8.825716e-03 -3.348837e-01 -7.537989e+01 -1.143552e-02 9.999176e-01 -5.822212e-03 1.030282e+00 3.348048e-01 9.315364e-03 9.422415e-01 7.151976e+00
9.526123e-01 1.032154e-02 -3.040119e-01 -7.553930e+01 -1.194835e-02 9.999225e-01 -3.491331e-03 1.020134e+00 3.039523e-01 6.958325e-03 9.526619e-01 7.706095e+00
9.661414e-01 8.961543e-03 -2.578573e-01 -7.583698e+01 -9.326138e-03 9.999565e-01 -1.908557e-04 1.004688e+00 2.578444e-01 2.589208e-03 9.661830e-01 8.874404e+00
9.745261e-01 1.556476e-02 -2.237336e-01 -7.612225e+01 -1.516088e-02 9.998788e-01 3.522981e-03 9.889481e-01 2.237613e-01 -4.123826e-05 9.746440e-01 1.011220e+01
9.775062e-01 2.013451e-02 -2.099436e-01 -7.625804e+01 -1.939283e-02 9.997963e-01 5.591008e-03 9.812746e-01 2.100134e-01 -1.393842e-03 9.776975e-01 1.075522e+01
9.802980e-01 1.842505e-02 -1.966633e-01 -7.637903e+01 -1.774418e-02 9.998289e-01 5.223750e-03 9.768095e-01 1.967259e-01 -1.631200e-03 9.804572e-01 1.141499e+01
9.829611e-01 1.830401e-02 -1.828999e-01 -7.649294e+01 -1.770182e-02 9.998312e-01 4.924682e-03 9.734490e-01 1.829592e-01 -1.603108e-03 9.831192e-01 1.209150e+01
9.879063e-01 1.985395e-02 -1.537755e-01 -7.670271e+01 -1.919323e-02 9.997991e-01 5.780145e-03 9.650851e-01 1.538594e-01 -2.758791e-03 9.880889e-01 1.349407e+01
9.926196e-01 1.845295e-02 -1.198577e-01 -7.696463e+01 -1.957470e-02 9.997748e-01 -8.188277e-03 9.352274e-01 1.196796e-01 1.047402e-02 9.927573e-01 1.568785e+01
9.935925e-01 1.788793e-02 -1.115977e-01 -7.704091e+01 -1.906292e-02 9.997734e-01 -9.470564e-03 9.267552e-01 1.114030e-01 1.153726e-02 9.937084e-01 1.644684e+01
9.943126e-01 1.972079e-02 -1.046592e-01 -7.711873e+01 -2.014681e-02 9.997925e-01 -3.014790e-03 9.133109e-01 1.045780e-01 5.106192e-03 9.945036e-01 1.721856e+01
9.955248e-01 2.343596e-02 -9.154850e-02 -7.733723e+01 -2.275392e-02 9.997050e-01 8.486912e-03 8.765600e-01 9.172041e-02 -6.365842e-03 9.957645e-01 1.953401e+01
9.958152e-01 2.366515e-02 -8.827304e-02 -7.740244e+01 -2.309353e-02 9.997052e-01 7.491474e-03 8.673710e-01 8.842431e-02 -5.421586e-03 9.960682e-01 2.030151e+01
9.963535e-01 2.020556e-02 -8.289442e-02 -7.752113e+01 -1.925622e-02 9.997397e-01 1.223602e-02 8.514204e-01 8.312008e-02 -1.059517e-02 9.964832e-01 2.184296e+01
9.966536e-01 1.782813e-02 -7.977275e-02 -7.757340e+01 -1.673759e-02 9.997574e-01 1.431852e-02 8.408161e-01 8.000867e-02 -1.293540e-02 9.967102e-01 2.261434e+01
9.968839e-01 1.707070e-02 -7.701412e-02 -7.762210e+01 -1.623422e-02 9.998023e-01 1.147455e-02 8.279106e-01 7.719478e-02 -1.018853e-02 9.969640e-01 2.337766e+01
9.969879e-01 1.955555e-02 -7.505097e-02 -7.767675e+01 -1.932613e-02 9.998061e-01 3.782018e-03 8.191268e-01 7.511038e-02 -2.320180e-03 9.971725e-01 2.413827e+01
9.970950e-01 2.005108e-02 -7.348164e-02 -7.773420e+01 -2.039302e-02 9.997844e-01 -3.906001e-03 8.046718e-01 7.338749e-02 5.393166e-03 9.972889e-01 2.489811e+01
9.973626e-01 2.544213e-02 -6.797409e-02 -7.790878e+01 -2.571467e-02 9.996644e-01 -3.137224e-03 7.508496e-01 6.787147e-02 4.876881e-03 9.976822e-01 2.718067e+01
9.974099e-01 2.928043e-02 -6.569765e-02 -7.796897e+01 -2.918789e-02 9.995711e-01 2.368255e-03 7.293732e-01 6.573882e-02 -4.445438e-04 9.978368e-01 2.793923e+01
9.976148e-01 2.726027e-02 -6.341609e-02 -7.802007e+01 -2.705552e-02 9.996256e-01 4.085521e-03 7.137060e-01 6.350372e-02 -2.360019e-03 9.979788e-01 2.869200e+01
9.977642e-01 2.414407e-02 -6.231882e-02 -7.806469e+01 -2.395666e-02 9.997059e-01 3.753051e-03 6.969693e-01 6.239112e-02 -2.251708e-03 9.980492e-01 2.944067e+01
9.979345e-01 2.226502e-02 -6.025832e-02 -7.815548e+01 -2.214324e-02 9.997512e-01 2.688050e-03 6.647429e-01 6.030318e-02 -1.348182e-03 9.981792e-01 3.094569e+01
9.980837e-01 1.853880e-02 -5.903657e-02 -7.824233e+01 -1.850660e-02 9.998281e-01 1.092321e-03 6.301632e-01 5.904668e-02 2.339810e-06 9.982552e-01 3.246413e+01
9.980777e-01 2.145585e-02 -5.814208e-02 -7.834624e+01 -2.145232e-02 9.997696e-01 6.849280e-04 5.990528e-01 5.814338e-02 5.636721e-04 9.983081e-01 3.400093e+01
9.978929e-01 1.912200e-02 -6.200057e-02 -7.844974e+01 -1.908247e-02 9.998171e-01 1.229822e-03 5.641545e-01 6.201275e-02 -4.410566e-05 9.980754e-01 3.556152e+01
9.973910e-01 2.402159e-02 -6.807438e-02 -7.857152e+01 -2.400464e-02 9.997113e-01 1.067185e-03 5.285291e-01 6.808036e-02 5.697015e-04 9.976797e-01 3.714347e+01
9.969805e-01 2.538411e-02 -7.338608e-02 -7.870040e+01 -2.603828e-02 9.996291e-01 -7.970985e-03 4.940833e-01 7.315654e-02 9.857764e-03 9.972718e-01 3.873523e+01
9.966769e-01 2.519982e-02 -7.746066e-02 -7.882862e+01 -2.586973e-02 9.996360e-01 -7.656899e-03 4.646182e-01 7.723952e-02 9.635340e-03 9.969660e-01 4.036454e+01
9.964140e-01 2.263245e-02 -8.152874e-02 -7.895989e+01 -2.312866e-02 9.997192e-01 -5.146836e-03 4.339025e-01 8.138937e-02 7.014029e-03 9.966577e-01 4.203064e+01
9.962742e-01 2.183304e-02 -8.343279e-02 -7.910034e+01 -2.163733e-02 9.997606e-01 3.249453e-03 4.039919e-01 8.348377e-02 -1.432082e-03 9.965081e-01 4.372474e+01
9.964057e-01 2.536308e-02 -8.082327e-02 -7.924668e+01 -2.496686e-02 9.996708e-01 5.909382e-03 3.756583e-01 8.094655e-02 -3.870238e-03 9.967109e-01 4.543863e+01
9.967286e-01 2.305048e-02 -7.746535e-02 -7.938492e+01 -2.293337e-02 9.997341e-01 2.401242e-03 3.498958e-01 7.750011e-02 -6.168441e-04 9.969922e-01 4.716296e+01
9.971031e-01 1.749554e-02 -7.402269e-02 -7.950861e+01 -1.751297e-02 9.998465e-01 4.136421e-04 3.209956e-01 7.401858e-02 8.839143e-04 9.972565e-01 4.890207e+01
9.973040e-01 1.270520e-02 -7.227324e-02 -7.963392e+01 -1.234224e-02 9.999089e-01 5.466448e-03 2.867505e-01 7.233611e-02 -4.559694e-03 9.973699e-01 5.065630e+01
9.974314e-01 1.336104e-02 -7.037133e-02 -7.976468e+01 -1.315987e-02 9.999079e-01 3.321583e-03 2.574406e-01 7.040924e-02 -2.386972e-03 9.975153e-01 5.239664e+01
9.974783e-01 1.766750e-02 -6.873771e-02 -7.990039e+01 -1.824544e-02 9.998032e-01 -7.789141e-03 2.201002e-01 6.858657e-02 9.023648e-03 9.976044e-01 5.411350e+01
9.974862e-01 2.287299e-02 -6.706849e-02 -8.003259e+01 -2.394011e-02 9.995986e-01 -1.515030e-02 1.649343e-01 6.669504e-02 1.671784e-02 9.976334e-01 5.581906e+01
9.975764e-01 1.936231e-02 -6.683203e-02 -8.009273e+01 -2.008845e-02 9.997460e-01 -1.021019e-02 1.408072e-01 6.661737e-02 1.152800e-02 9.977120e-01 5.667063e+01
9.975594e-01 1.905347e-02 -6.717376e-02 -8.015558e+01 -1.905553e-02 9.998182e-01 6.101767e-04 1.161116e-01 6.717318e-02 6.713453e-04 9.977411e-01 5.752689e+01
9.974598e-01 2.043472e-02 -6.823714e-02 -8.022244e+01 -1.982576e-02 9.997574e-01 9.589694e-03 9.233457e-02 6.841656e-02 -8.212479e-03 9.976230e-01 5.837775e+01
9.973475e-01 1.637144e-02 -7.092222e-02 -8.028086e+01 -1.600464e-02 9.998554e-01 5.737102e-03 7.510008e-02 7.100590e-02 -4.586798e-03 9.974654e-01 5.921310e+01
9.970686e-01 9.839836e-03 -7.587720e-02 -8.040305e+01 -9.745675e-03 9.999512e-01 1.611168e-03 4.000654e-02 7.588935e-02 -8.669694e-04 9.971159e-01 6.087223e+01
9.968586e-01 1.117945e-02 -7.840894e-02 -8.047401e+01 -1.129988e-02 9.999355e-01 -1.092300e-03 1.826730e-02 7.839168e-02 1.974881e-03 9.969207e-01 6.169567e+01
9.962044e-01 1.356199e-02 -8.598214e-02 -8.062089e+01 -1.429631e-02 9.998663e-01 -7.930284e-03 -2.632294e-02 8.586311e-02 9.129410e-03 9.962651e-01 6.332787e+01
9.959022e-01 1.469750e-02 -8.923512e-02 -8.069604e+01 -1.586026e-02 9.997981e-01 -1.233511e-02 -5.452812e-02 8.903581e-02 1.369985e-02 9.959342e-01 6.413629e+01
9.955324e-01 2.018083e-02 -9.223929e-02 -8.077810e+01 -2.133438e-02 9.997058e-01 -1.153712e-02 -8.379998e-02 9.197933e-02 1.345344e-02 9.956700e-01 6.494508e+01
9.946717e-01 2.644463e-02 -9.964404e-02 -8.094518e+01 -2.706427e-02 9.996218e-01 -4.871640e-03 -1.360470e-01 9.947753e-02 7.542475e-03 9.950112e-01 6.655929e+01
9.942522e-01 2.749508e-02 -1.034727e-01 -8.103408e+01 -2.742471e-02 9.996216e-01 2.103045e-03 -1.573834e-01 1.034913e-01 7.467515e-04 9.946301e-01 6.736350e+01
9.930349e-01 2.640960e-02 -1.148227e-01 -8.121916e+01 -2.589901e-02 9.996469e-01 5.936642e-03 -1.913565e-01 1.149389e-01 -2.921497e-03 9.933683e-01 6.894880e+01
9.915731e-01 2.407923e-02 -1.272910e-01 -8.142164e+01 -2.304024e-02 9.996881e-01 9.628695e-03 -2.174815e-01 1.274832e-01 -6.614737e-03 9.918187e-01 7.052030e+01
9.906752e-01 2.878540e-02 -1.331689e-01 -8.154226e+01 -2.781246e-02 9.995712e-01 9.160900e-03 -2.305564e-01 1.333755e-01 -5.371720e-03 9.910510e-01 7.129191e+01
9.898411e-01 3.060365e-02 -1.388453e-01 -8.166368e+01 -3.013394e-02 9.995308e-01 5.484427e-03 -2.426308e-01 1.389480e-01 -1.244755e-03 9.902989e-01 7.205943e+01
9.889858e-01 2.968952e-02 -1.450022e-01 -8.178344e+01 -2.963715e-02 9.995575e-01 2.521779e-03 -2.550723e-01 1.450129e-01 1.803450e-03 9.894281e-01 7.282193e+01
9.881343e-01 3.153952e-02 -1.503194e-01 -8.191089e+01 -3.159826e-02 9.994986e-01 1.998407e-03 -2.691768e-01 1.503071e-01 2.775138e-03 9.886355e-01 7.358474e+01
9.864030e-01 3.427245e-02 -1.607315e-01 -8.218657e+01 -3.300776e-02 9.993996e-01 1.053264e-02 -2.975894e-01 1.609960e-01 -5.084039e-03 9.869420e-01 7.510124e+01
9.842290e-01 3.187628e-02 -1.740035e-01 -8.246709e+01 -3.058414e-02 9.994811e-01 1.010295e-02 -3.273793e-01 1.742353e-01 -4.621867e-03 9.846932e-01 7.659470e+01
9.811245e-01 2.632367e-02 -1.915771e-01 -8.276564e+01 -2.684762e-02 9.996395e-01 -1.392230e-04 -3.542448e-01 1.915044e-01 5.279985e-03 9.814776e-01 7.806923e+01
9.766120e-01 2.610930e-02 -2.134180e-01 -8.310119e+01 -2.486657e-02 9.996546e-01 8.505821e-03 -3.866320e-01 2.135664e-01 -2.999910e-03 9.769240e-01 7.954411e+01
9.739399e-01 2.838646e-02 -2.250227e-01 -8.328409e+01 -2.525288e-02 9.995400e-01 1.679221e-02 -3.994934e-01 2.253959e-01 -1.067213e-02 9.742088e-01 8.028097e+01
9.683190e-01 3.263245e-02 -2.475750e-01 -8.365790e+01 -2.923310e-02 9.994212e-01 1.739514e-02 -4.178227e-01 2.479994e-01 -9.606655e-03 9.687126e-01 8.172568e+01
9.618068e-01 2.926476e-02 -2.721603e-01 -8.405742e+01 -2.967254e-02 9.995562e-01 2.618079e-03 -4.274942e-01 2.721162e-01 5.557600e-03 9.622484e-01 8.314038e+01
9.548139e-01 2.935585e-02 -2.957510e-01 -8.449278e+01 -2.609382e-02 9.995474e-01 1.497147e-02 -4.369496e-01 2.960566e-01 -6.577694e-03 9.551477e-01 8.458416e+01
9.511074e-01 3.068897e-02 -3.073318e-01 -8.472751e+01 -2.552079e-02 9.994574e-01 2.082214e-02 -4.424402e-01 3.078041e-01 -1.196073e-02 9.513746e-01 8.530299e+01
9.430702e-01 2.468379e-02 -3.316766e-01 -8.521230e+01 -2.123288e-02 9.996762e-01 1.402483e-02 -4.477484e-01 3.319154e-01 -6.183949e-03 9.432889e-01 8.671556e+01
9.371067e-01 1.714544e-02 -3.486217e-01 -8.572668e+01 -1.775628e-02 9.998413e-01 1.443362e-03 -4.633066e-01 3.485911e-01 4.837642e-03 9.372624e-01 8.811804e+01
9.312646e-01 2.180425e-02 -3.636906e-01 -8.628029e+01 -2.362202e-02 9.997208e-01 -5.504198e-04 -4.872714e-01 3.635771e-01 9.103693e-03 9.315197e-01 8.952111e+01
9.249334e-01 2.313847e-02 -3.794244e-01 -8.686039e+01 -2.178644e-02 9.997317e-01 7.857321e-03 -4.833979e-01 3.795045e-01 9.988106e-04 9.251894e-01 9.091809e+01
9.220800e-01 2.377708e-02 -3.862682e-01 -8.715878e+01 -1.933902e-02 9.996948e-01 1.537198e-02 -4.804139e-01 3.865158e-01 -6.704146e-03 9.222584e-01 9.162194e+01
9.166730e-01 4.222960e-02 -3.974007e-01 -8.780250e+01 -3.629672e-02 9.990890e-01 2.244315e-02 -4.756232e-01 3.979864e-01 -6.148685e-03 9.173707e-01 9.300351e+01
9.121701e-01 3.050276e-02 -4.086750e-01 -8.842784e+01 -3.076794e-02 9.995090e-01 5.926946e-03 -4.619748e-01 4.086552e-01 7.167704e-03 9.126607e-01 9.437577e+01
9.082629e-01 3.717963e-02 -4.167447e-01 -8.908452e+01 -3.633541e-02 9.992900e-01 9.960858e-03 -4.666220e-01 4.168192e-01 6.095514e-03 9.089690e-01 9.576606e+01
9.033931e-01 3.685824e-02 -4.272264e-01 -8.974796e+01 -3.407694e-02 9.993189e-01 1.415707e-02 -4.788901e-01 4.274572e-01 1.769167e-03 9.040339e-01 9.716351e+01
8.990019e-01 3.151276e-02 -4.368096e-01 -9.042665e+01 -3.495250e-02 9.993889e-01 1.628784e-04 -4.875902e-01 4.365478e-01 1.512116e-02 8.995540e-01 9.853474e+01
8.945911e-01 3.566952e-02 -4.454599e-01 -9.113104e+01 -3.821885e-02 9.992640e-01 3.261876e-03 -5.064823e-01 4.452484e-01 1.410692e-02 8.952960e-01 9.990950e+01
8.924765e-01 3.705554e-02 -4.495694e-01 -9.148703e+01 -3.875384e-02 9.992340e-01 5.428021e-03 -5.172294e-01 4.494262e-01 1.257816e-02 8.932289e-01 1.005948e+02
8.901319e-01 3.804467e-02 -4.541121e-01 -9.184000e+01 -3.946244e-02 9.992008e-01 6.358551e-03 -5.261980e-01 4.539911e-01 1.226042e-02 8.909219e-01 1.012774e+02
8.878868e-01 3.673343e-02 -4.585932e-01 -9.219617e+01 -3.816812e-02 9.992524e-01 6.142706e-03 -5.349382e-01 4.584760e-01 1.204961e-02 8.886251e-01 1.019541e+02
8.857904e-01 3.453353e-02 -4.627988e-01 -9.255294e+01 -3.625907e-02 9.993290e-01 5.169495e-03 -5.434586e-01 4.626668e-01 1.220156e-02 8.864483e-01 1.026273e+02
8.836111e-01 3.434905e-02 -4.669600e-01 -9.291478e+01 -3.563710e-02 9.993463e-01 6.076049e-03 -5.511717e-01 4.668634e-01 1.127223e-02 8.842576e-01 1.032961e+02
8.790575e-01 3.637209e-02 -4.753262e-01 -9.365046e+01 -3.747987e-02 9.992718e-01 7.150149e-03 -5.659964e-01 4.752401e-01 1.152977e-02 8.797806e-01 1.046187e+02
8.766763e-01 3.328006e-02 -4.799282e-01 -9.401507e+01 -3.630651e-02 9.993362e-01 2.977368e-03 -5.767572e-01 4.797088e-01 1.481433e-02 8.773027e-01 1.052674e+02
8.743880e-01 3.013636e-02 -4.842906e-01 -9.438211e+01 -3.517202e-02 9.993804e-01 -1.313869e-03 -5.883920e-01 4.839510e-01 1.818231e-02 8.749062e-01 1.059103e+02
8.702813e-01 2.978177e-02 -4.916539e-01 -9.512335e+01 -3.479658e-02 9.993938e-01 -1.055815e-03 -6.050065e-01 4.913244e-01 1.802673e-02 8.707901e-01 1.071878e+02
8.684481e-01 3.401415e-02 -4.946119e-01 -9.549621e+01 -3.470690e-02 9.993672e-01 7.786899e-03 -6.134439e-01 4.945638e-01 1.040393e-02 8.690791e-01 1.078233e+02
8.669419e-01 3.641112e-02 -4.970774e-01 -9.586451e+01 -3.197040e-02 9.993366e-01 1.744294e-02 -6.210034e-01 4.973828e-01 7.697512e-04 8.675309e-01 1.084529e+02
8.638730e-01 3.277621e-02 -5.026421e-01 -9.657402e+01 -2.481486e-02 9.994383e-01 2.252282e-02 -6.245992e-01 5.030980e-01 -6.983865e-03 8.642012e-01 1.096683e+02
8.621072e-01 3.082854e-02 -5.057872e-01 -9.692077e+01 -2.471299e-02 9.995178e-01 1.879927e-02 -6.262052e-01 5.061229e-01 -3.707466e-03 8.624534e-01 1.102481e+02
8.604880e-01 2.901689e-02 -5.086437e-01 -9.726338e+01 -2.420205e-02 9.995777e-01 1.608015e-02 -6.273272e-01 5.088956e-01 -1.526556e-03 8.608269e-01 1.108135e+02
8.551887e-01 2.632932e-02 -5.176476e-01 -9.855027e+01 -2.027669e-02 9.996439e-01 1.734686e-02 -6.360649e-01 5.179200e-01 -4.338655e-03 8.554181e-01 1.129252e+02
8.502349e-01 2.237476e-02 -5.259277e-01 -9.966423e+01 -1.755837e-02 9.997457e-01 1.414706e-02 -6.481915e-01 5.261106e-01 -2.793885e-03 8.504116e-01 1.147173e+02
8.465713e-01 1.638269e-02 -5.320232e-01 -1.001623e+02 -1.449194e-02 9.998651e-01 7.729033e-03 -6.586289e-01 5.320781e-01 1.166872e-03 8.466945e-01 1.154941e+02
8.440195e-01 1.231158e-02 -5.361711e-01 -1.003993e+02 -9.473063e-03 9.999227e-01 8.048149e-03 -6.585884e-01 5.362288e-01 -1.713609e-03 8.440709e-01 1.158608e+02
8.051579e-01 2.419731e-02 -5.925666e-01 -1.020513e+02 -7.576002e-03 9.995054e-01 3.052057e-02 -6.736387e-01 5.930121e-01 -2.008458e-02 8.049430e-01 1.181220e+02
7.836390e-01 2.664974e-02 -6.206446e-01 -1.024053e+02 -9.010756e-03 9.994619e-01 3.153855e-02 -6.766433e-01 6.211511e-01 -1.912236e-02 7.834575e-01 1.185086e+02
7.557080e-01 2.356824e-02 -6.544846e-01 -1.027420e+02 -9.752834e-03 9.996464e-01 2.473643e-02 -6.858513e-01 6.548362e-01 -1.231044e-02 7.556706e-01 1.188380e+02
2.697084e-01 3.786323e-02 -9.621973e-01 -1.066408e+02 -2.804717e-02 9.991116e-01 3.145409e-02 -6.251645e-01 9.625335e-01 1.850348e-02 2.705307e-01 1.205994e+02
7.422523e-02 3.427442e-02 -9.966523e-01 -1.079733e+02 -2.214724e-02 9.992193e-01 3.271330e-02 -5.851771e-01 9.969956e-01 1.964494e-02 7.492637e-02 1.206163e+02
2.122537e-02 3.663835e-02 -9.991031e-01 -1.083468e+02 -1.818862e-02 9.991770e-01 3.625467e-02 -5.780578e-01 9.996093e-01 1.740279e-02 2.187430e-02 1.205908e+02
-3.218362e-02 3.879313e-02 -9.987288e-01 -1.087113e+02 -1.358154e-02 9.991372e-01 3.924666e-02 -5.724405e-01 9.993897e-01 1.482738e-02 -3.162899e-02 1.205308e+02
-1.898080e-01 4.394759e-02 -9.808371e-01 -1.098936e+02 -1.637565e-03 9.989821e-01 4.507750e-02 -5.498158e-01 9.818199e-01 1.016226e-02 -1.895429e-01 1.202526e+02
-2.393286e-01 4.521660e-02 -9.698852e-01 -1.103105e+02 2.445837e-03 9.989399e-01 4.596763e-02 -5.385017e-01 9.709356e-01 8.629191e-03 -2.391855e-01 1.201212e+02
-2.877480e-01 4.668609e-02 -9.565676e-01 -1.107358e+02 8.279552e-03 9.988950e-01 4.626133e-02 -5.271191e-01 9.576704e-01 5.391657e-03 -2.878166e-01 1.199688e+02
-4.214956e-01 5.129773e-02 -9.053783e-01 -1.120419e+02 2.394144e-02 9.986802e-01 4.543827e-02 -4.860644e-01 9.065144e-01 -2.524024e-03 -4.221675e-01 1.193248e+02
-5.244114e-01 5.234440e-02 -8.498546e-01 -1.134215e+02 2.906760e-02 9.986273e-01 4.357121e-02 -4.332770e-01 8.509688e-01 -1.853991e-03 -5.252131e-01 1.184470e+02
-5.478370e-01 5.099196e-02 -8.350296e-01 -1.138987e+02 2.790612e-02 9.986990e-01 4.267829e-02 -4.140913e-01 8.361195e-01 7.831756e-05 -5.485473e-01 1.181067e+02
-5.663021e-01 4.898964e-02 -8.227405e-01 -1.143790e+02 2.667038e-02 9.987984e-01 4.111539e-02 -4.005528e-01 8.237661e-01 1.340940e-03 -5.669282e-01 1.177492e+02
-6.096544e-01 5.169924e-02 -7.909796e-01 -1.164394e+02 2.914620e-02 9.986580e-01 4.280865e-02 -3.334200e-01 7.921314e-01 3.044435e-03 -6.103431e-01 1.161705e+02
-6.160694e-01 5.173926e-02 -7.859908e-01 -1.169780e+02 2.861515e-02 9.986518e-01 4.330917e-02 -3.145039e-01 7.871719e-01 4.190216e-03 -6.167194e-01 1.157373e+02
-6.217490e-01 5.159735e-02 -7.815151e-01 -1.175268e+02 2.820515e-02 9.986554e-01 4.349432e-02 -2.939813e-01 7.827086e-01 4.999804e-03 -6.223683e-01 1.152919e+02
-6.296183e-01 5.276167e-02 -7.751110e-01 -1.186599e+02 2.959963e-02 9.985960e-01 4.393067e-02 -2.513318e-01 7.763406e-01 4.716556e-03 -6.302960e-01 1.143662e+02
-6.339116e-01 5.397883e-02 -7.715195e-01 -1.204389e+02 3.158847e-02 9.985361e-01 4.390755e-02 -1.816124e-01 7.727602e-01 3.462383e-03 -6.346887e-01 1.128933e+02
-6.353366e-01 5.305633e-02 -7.704106e-01 -1.216870e+02 3.262167e-02 9.985904e-01 4.186835e-02 -1.322116e-01 7.715461e-01 1.468411e-03 -6.361718e-01 1.118577e+02
-6.361552e-01 5.371925e-02 -7.696888e-01 -1.223282e+02 3.279522e-02 9.985543e-01 4.258703e-02 -1.050706e-01 7.708639e-01 1.849851e-03 -6.369972e-01 1.113222e+02
-6.395288e-01 5.599430e-02 -7.667252e-01 -1.242849e+02 3.066053e-02 9.984081e-01 4.734015e-02 -1.867648e-02 7.681555e-01 6.767193e-03 -6.402276e-01 1.096502e+02
-6.405461e-01 5.483645e-02 -7.659593e-01 -1.249562e+02 3.155445e-02 9.984842e-01 4.509543e-02 1.110994e-02 7.672712e-01 4.716275e-03 -6.413055e-01 1.090798e+02
-6.413875e-01 5.432909e-02 -7.652911e-01 -1.256369e+02 3.253119e-02 9.985183e-01 4.362198e-02 4.221843e-02 7.665271e-01 3.082760e-03 -6.422045e-01 1.085006e+02
-6.431044e-01 5.686590e-02 -7.636642e-01 -1.270372e+02 3.729233e-02 9.983814e-01 4.293905e-02 9.929117e-02 7.648699e-01 -8.645199e-04 -6.441842e-01 1.073179e+02
-6.454794e-01 5.165757e-02 -7.620288e-01 -1.284619e+02 3.704776e-02 9.986533e-01 3.631682e-02 1.484347e-01 7.628787e-01 -4.789697e-03 -6.465239e-01 1.061014e+02
-6.463785e-01 4.518995e-02 -7.616775e-01 -1.299193e+02 3.281356e-02 9.989674e-01 3.142186e-02 1.835941e-01 7.623111e-01 -4.682937e-03 -6.471939e-01 1.048515e+02
-6.463611e-01 4.720907e-02 -7.615698e-01 -1.314132e+02 3.054604e-02 9.988850e-01 3.599495e-02 2.144697e-01 7.624200e-01 2.797270e-06 -6.470825e-01 1.035744e+02
-6.464693e-01 5.240601e-02 -7.611380e-01 -1.329234e+02 3.311670e-02 9.986253e-01 4.063002e-02 2.513658e-01 7.622210e-01 1.059678e-03 -6.473161e-01 1.023035e+02
-6.465598e-01 5.357037e-02 -7.609801e-01 -1.336799e+02 3.375429e-02 9.985633e-01 4.161642e-02 2.702986e-01 7.621162e-01 1.221165e-03 -6.474391e-01 1.016681e+02
-6.465548e-01 5.418809e-02 -7.609405e-01 -1.344357e+02 3.422569e-02 9.985301e-01 4.202650e-02 2.900097e-01 7.620994e-01 1.128723e-03 -6.474591e-01 1.010301e+02
-6.467717e-01 5.405138e-02 -7.607659e-01 -1.359465e+02 3.255466e-02 9.985329e-01 4.326781e-02 3.298425e-01 7.619886e-01 3.217921e-03 -6.475825e-01 9.975107e+01
-6.470020e-01 5.587287e-02 -7.604384e-01 -1.374685e+02 3.236215e-02 9.984251e-01 4.582425e-02 3.680159e-01 7.618013e-01 5.038959e-03 -6.477912e-01 9.846944e+01
-6.479718e-01 5.568539e-02 -7.596260e-01 -1.389901e+02 3.346596e-02 9.984422e-01 4.464521e-02 4.148069e-01 7.609288e-01 3.507227e-03 -6.488260e-01 9.718269e+01
-6.493896e-01 5.616798e-02 -7.583788e-01 -1.405111e+02 3.459986e-02 9.984181e-01 4.431870e-02 4.529559e-01 7.596684e-01 2.540305e-03 -6.503057e-01 9.590422e+01
-6.502005e-01 5.565784e-02 -7.577212e-01 -1.412656e+02 3.405124e-02 9.984457e-01 4.412073e-02 4.726101e-01 7.589992e-01 2.885982e-03 -6.510851e-01 9.526259e+01
-6.512694e-01 5.347435e-02 -7.569601e-01 -1.427704e+02 3.266842e-02 9.985650e-01 4.243511e-02 5.111815e-01 7.581431e-01 2.908002e-03 -6.520818e-01 9.397889e+01
-6.512026e-01 5.277174e-02 -7.570669e-01 -1.435294e+02 3.182284e-02 9.986007e-01 4.223510e-02 5.274135e-01 7.582364e-01 3.411590e-03 -6.519708e-01 9.333700e+01
-6.511605e-01 5.114720e-02 -7.572146e-01 -1.442862e+02 2.855639e-02 9.986712e-01 4.289993e-02 5.445632e-01 7.584026e-01 6.311429e-03 -6.517558e-01 9.269067e+01
-6.494136e-01 4.861105e-02 -7.588801e-01 -1.457940e+02 2.603743e-02 9.987909e-01 4.169728e-02 5.779645e-01 7.599896e-01 7.319490e-03 -6.498941e-01 9.141052e+01
-6.480610e-01 4.603184e-02 -7.601960e-01 -1.465475e+02 2.412882e-02 9.989116e-01 3.991709e-02 5.937592e-01 7.612061e-01 7.526081e-03 -6.484664e-01 9.077404e+01
-6.465859e-01 4.634081e-02 -7.614323e-01 -1.473072e+02 2.492243e-02 9.989035e-01 3.962995e-02 6.086489e-01 7.624340e-01 6.647426e-03 -6.470319e-01 9.013928e+01
-6.442557e-01 5.464892e-02 -7.628552e-01 -1.488333e+02 2.896060e-02 9.984717e-01 4.706973e-02 6.468099e-01 7.642616e-01 8.232197e-03 -6.448538e-01 8.887146e+01
-6.432656e-01 6.160484e-02 -7.631607e-01 -1.496005e+02 3.171803e-02 9.980462e-01 5.383057e-02 6.716835e-01 7.649859e-01 1.042140e-02 -6.439628e-01 8.823696e+01
-6.427117e-01 6.393031e-02 -7.634360e-01 -1.503591e+02 3.209023e-02 9.978840e-01 5.654736e-02 6.967564e-01 7.654358e-01 1.184482e-02 -6.434033e-01 8.760683e+01
-6.426114e-01 5.645154e-02 -7.641098e-01 -1.518671e+02 3.212413e-02 9.983902e-01 4.674373e-02 7.539528e-01 7.655186e-01 5.491693e-03 -6.433904e-01 8.634989e+01
-6.424432e-01 5.639400e-02 -7.642555e-01 -1.526218e+02 3.249778e-02 9.983963e-01 4.635309e-02 7.806961e-01 7.656440e-01 4.942624e-03 -6.432456e-01 8.571894e+01
-6.425603e-01 5.837811e-02 -7.640080e-01 -1.533790e+02 3.171360e-02 9.982652e-01 4.960544e-02 8.039512e-01 7.655786e-01 7.645046e-03 -6.432970e-01 8.508539e+01
-6.426567e-01 6.049709e-02 -7.637621e-01 -1.541322e+02 3.258913e-02 9.981339e-01 5.163989e-02 8.288243e-01 7.654609e-01 8.296381e-03 -6.434290e-01 8.445676e+01
-6.444559e-01 5.910036e-02 -7.623541e-01 -1.563743e+02 3.369850e-02 9.982350e-01 4.889968e-02 9.056545e-01 7.638986e-01 5.823502e-03 -6.453100e-01 8.257906e+01
-6.448800e-01 6.257715e-02 -7.617177e-01 -1.571190e+02 3.425531e-02 9.980074e-01 5.298802e-02 9.324518e-01 7.635159e-01 8.078038e-03 -6.457386e-01 8.195146e+01
-6.454261e-01 6.577348e-02 -7.609855e-01 -1.578614e+02 3.471173e-02 9.977820e-01 5.679970e-02 9.618364e-01 7.630336e-01 1.024489e-02 -6.462777e-01 8.132671e+01
-6.459200e-01 6.677058e-02 -7.604795e-01 -1.586032e+02 3.611815e-02 9.977250e-01 5.692364e-02 9.920658e-01 7.625503e-01 9.301002e-03 -6.468621e-01 8.070349e+01
-6.465276e-01 6.641559e-02 -7.599941e-01 -1.593358e+02 3.720081e-02 9.977628e-01 5.554738e-02 1.022069e+00 7.619831e-01 7.640516e-03 -6.475519e-01 8.008383e+01
-6.469687e-01 6.525242e-02 -7.597194e-01 -1.600585e+02 3.777343e-02 9.978511e-01 5.353817e-02 1.049905e+00 7.615804e-01 5.940314e-03 -6.480433e-01 7.946455e+01
-6.470368e-01 6.302762e-02 -7.598493e-01 -1.607804e+02 3.574975e-02 9.979893e-01 5.233868e-02 1.077505e+00 7.616203e-01 6.700632e-03 -6.479890e-01 7.884428e+01
-6.462966e-01 6.110321e-02 -7.606360e-01 -1.615000e+02 3.319896e-02 9.980966e-01 5.197039e-02 1.102704e+00 7.623638e-01 8.335959e-03 -6.470950e-01 7.822487e+01
-6.452629e-01 5.885567e-02 -7.616901e-01 -1.629402e+02 3.008946e-02 9.982123e-01 5.164155e-02 1.154301e+00 7.633678e-01 1.040353e-02 -6.458803e-01 7.699411e+01
-6.447113e-01 5.801038e-02 -7.622218e-01 -1.636585e+02 2.849878e-02 9.982472e-01 5.186841e-02 1.179845e+00 7.638948e-01 1.171776e-02 -6.452345e-01 7.638223e+01
-6.441184e-01 5.888661e-02 -7.626558e-01 -1.643767e+02 2.918479e-02 9.981983e-01 5.242480e-02 1.205952e+00 7.643689e-01 1.150983e-02 -6.446765e-01 7.577428e+01
-6.437684e-01 5.733999e-02 -7.630690e-01 -1.650930e+02 2.843930e-02 9.982925e-01 5.102261e-02 1.231444e+00 7.646917e-01 1.114560e-02 -6.442999e-01 7.517018e+01
-6.427698e-01 5.656035e-02 -7.639685e-01 -1.665248e+02 2.861006e-02 9.983473e-01 4.984133e-02 1.282062e+00 7.655250e-01 1.017932e-02 -6.433257e-01 7.396713e+01
-6.420327e-01 5.939250e-02 -7.643733e-01 -1.672418e+02 3.146816e-02 9.981961e-01 5.112921e-02 1.306576e+00 7.660312e-01 8.773208e-03 -6.427436e-01 7.337210e+01
-6.417897e-01 6.070444e-02 -7.644743e-01 -1.679552e+02 3.245390e-02 9.981190e-01 5.201181e-02 1.330108e+00 7.661937e-01 8.570471e-03 -6.425526e-01 7.277838e+01
-6.414898e-01 5.863152e-02 -7.648877e-01 -1.686684e+02 3.248127e-02 9.982567e-01 4.927902e-02 1.351053e+00 7.664437e-01 6.767464e-03 -6.422759e-01 7.219108e+01
-6.411565e-01 5.662618e-02 -7.653181e-01 -1.693812e+02 3.399575e-02 9.983907e-01 4.539089e-02 1.373431e+00 7.666568e-01 3.085099e-03 -6.420497e-01 7.161267e+01
-6.403780e-01 5.577115e-02 -7.660324e-01 -1.700844e+02 3.508055e-02 9.984431e-01 4.336570e-02 1.396727e+00 7.672584e-01 8.976054e-04 -6.413375e-01 7.103558e+01
-6.398494e-01 5.436515e-02 -7.665750e-01 -1.707831e+02 3.167854e-02 9.985126e-01 4.437246e-02 1.405731e+00 7.678472e-01 4.107716e-03 -6.406199e-01 7.046800e+01
-6.396969e-01 5.491240e-02 -7.666633e-01 -1.714722e+02 3.087900e-02 9.984755e-01 4.575085e-02 1.416166e+00 7.680068e-01 5.592882e-03 -6.404173e-01 6.990570e+01
-6.398714e-01 5.487944e-02 -7.665199e-01 -1.721588e+02 3.082442e-02 9.984770e-01 4.575512e-02 1.425569e+00 7.678636e-01 5.649867e-03 -6.405885e-01 6.935261e+01
-6.400269e-01 5.437972e-02 -7.664257e-01 -1.728299e+02 3.095182e-02 9.985074e-01 4.499923e-02 1.436887e+00 7.677289e-01 5.078452e-03 -6.407547e-01 6.880749e+01
-6.400838e-01 5.417777e-02 -7.663925e-01 -1.741451e+02 3.096746e-02 9.985193e-01 4.472355e-02 1.460081e+00 7.676808e-01 4.893591e-03 -6.408138e-01 6.773915e+01
-6.402351e-01 5.366964e-02 -7.663019e-01 -1.754193e+02 2.983323e-02 9.985410e-01 4.500977e-02 1.482743e+00 7.675995e-01 5.955573e-03 -6.409021e-01 6.669815e+01
-6.406157e-01 5.614235e-02 -7.658065e-01 -1.766638e+02 3.041021e-02 9.983960e-01 4.775496e-02 1.510435e+00 7.672593e-01 7.304241e-03 -6.412955e-01 6.568420e+01
-6.406910e-01 6.023602e-02 -7.654323e-01 -1.778683e+02 3.198492e-02 9.981463e-01 5.177718e-02 1.538016e+00 7.671323e-01 8.690887e-03 -6.414300e-01 6.468934e+01
-6.410091e-01 6.387398e-02 -7.648709e-01 -1.790078e+02 3.538205e-02 9.979309e-01 5.368438e-02 1.561925e+00 7.667174e-01 7.349473e-03 -6.419427e-01 6.371223e+01
-6.421016e-01 6.463336e-02 -7.638900e-01 -1.801003e+02 3.614028e-02 9.978838e-01 5.405341e-02 1.586480e+00 7.657672e-01 7.100584e-03 -6.430787e-01 6.276519e+01
-6.447407e-01 6.575811e-02 -7.615677e-01 -1.811416e+02 3.966692e-02 9.978287e-01 5.257639e-02 1.611948e+00 7.633715e-01 3.689100e-03 -6.459492e-01 6.186056e+01
-6.691152e-01 7.162616e-02 -7.396989e-01 -1.830885e+02 5.145583e-02 9.974210e-01 5.003600e-02 1.662241e+00 7.413752e-01 -4.581971e-03 -6.710752e-01 6.011032e+01
-6.909268e-01 7.521748e-02 -7.190011e-01 -1.839747e+02 5.658612e-02 9.971480e-01 4.993889e-02 1.685440e+00 7.207068e-01 -6.181362e-03 -6.932125e-01 5.923570e+01
-7.205772e-01 8.079459e-02 -6.886514e-01 -1.848122e+02 6.566146e-02 9.966758e-01 4.822743e-02 1.713703e+00 6.902587e-01 -1.046626e-02 -7.234869e-01 5.836066e+01
-8.431125e-01 7.749341e-02 -5.321242e-01 -1.867152e+02 6.098436e-02 9.969567e-01 4.856183e-02 1.826654e+00 5.342680e-01 8.491831e-03 -8.452725e-01 5.559683e+01
-8.891895e-01 6.644194e-02 -4.526892e-01 -1.871206e+02 5.173784e-02 9.976552e-01 4.480209e-02 1.856411e+00 4.546045e-01 1.641639e-02 -8.905421e-01 5.464759e+01
-9.283201e-01 4.509830e-02 -3.690366e-01 -1.874227e+02 3.357747e-02 9.987291e-01 3.758534e-02 1.883289e+00 3.702626e-01 2.249990e-02 -9.286546e-01 5.369416e+01
-9.602059e-01 3.410654e-02 -2.772028e-01 -1.876307e+02 2.674480e-02 9.991831e-01 3.029615e-02 1.893359e+00 2.780097e-01 2.167680e-02 -9.603337e-01 5.273710e+01
-9.995040e-01 1.006074e-02 -2.984320e-02 -1.877165e+02 8.815319e-03 9.990965e-01 4.157437e-02 1.903912e+00 3.023451e-02 4.129067e-02 -9.986896e-01 5.033042e+01
-9.970705e-01 2.051987e-02 7.368440e-02 -1.876045e+02 2.335961e-02 9.990090e-01 3.788635e-02 1.913879e+00 -7.283396e-02 3.949659e-02 -9.965617e-01 4.940375e+01
-9.843986e-01 2.362611e-02 1.743596e-01 -1.873856e+02 2.975169e-02 9.990255e-01 3.260177e-02 1.916040e+00 -1.734194e-01 3.728062e-02 -9.841422e-01 4.850872e+01
-9.466844e-01 2.747540e-02 3.209888e-01 -1.869050e+02 3.735473e-02 9.989978e-01 2.465901e-02 1.925132e+00 -3.199896e-01 3.533474e-02 -9.467619e-01 4.724980e+01
-9.132370e-01 2.475193e-02 4.066762e-01 -1.864782e+02 3.739334e-02 9.990320e-01 2.316585e-02 1.917552e+00 -4.057092e-01 3.636289e-02 -9.132786e-01 4.643056e+01
-8.953418e-01 1.994046e-02 4.449332e-01 -1.862433e+02 3.564541e-02 9.990008e-01 2.695748e-02 1.910636e+00 -4.439511e-01 3.999598e-02 -8.951580e-01 4.602498e+01
-8.776813e-01 1.983338e-02 4.788341e-01 -1.859999e+02 3.901401e-02 9.987839e-01 3.014110e-02 1.906858e+00 -4.776541e-01 4.513551e-02 -8.773878e-01 4.562057e+01
-8.451571e-01 2.084750e-02 5.341113e-01 -1.854762e+02 4.497868e-02 9.984688e-01 3.220013e-02 1.903482e+00 -5.326223e-01 5.123778e-02 -8.448007e-01 4.482494e+01
-8.187995e-01 1.697153e-02 5.738286e-01 -1.848981e+02 4.276455e-02 9.985889e-01 3.148676e-02 1.906175e+00 -5.724845e-01 5.032086e-02 -8.183699e-01 4.404415e+01
-8.004594e-01 1.505932e-02 5.991977e-01 -1.842874e+02 4.110786e-02 9.987097e-01 2.981533e-02 1.908808e+00 -5.979757e-01 4.849769e-02 -8.000457e-01 4.325715e+01
-7.938748e-01 1.369429e-02 6.079270e-01 -1.839689e+02 3.910696e-02 9.988265e-01 2.856890e-02 1.909156e+00 -6.068224e-01 4.645430e-02 -7.934788e-01 4.285899e+01
-7.885180e-01 1.277601e-02 6.148789e-01 -1.836434e+02 3.674891e-02 9.989765e-01 2.636980e-02 1.911087e+00 -6.139128e-01 4.338919e-02 -7.881805e-01 4.245635e+01
-7.802917e-01 1.576827e-02 6.252169e-01 -1.829728e+02 3.925412e-02 9.989458e-01 2.379656e-02 1.921291e+00 -6.241826e-01 4.311059e-02 -7.800882e-01 4.162858e+01
-7.774459e-01 1.916976e-02 6.286576e-01 -1.826247e+02 4.323140e-02 9.988001e-01 2.300664e-02 1.928571e+00 -6.274623e-01 4.506416e-02 -7.773418e-01 4.120434e+01
-7.736951e-01 1.525901e-02 6.333744e-01 -1.818872e+02 3.648927e-02 9.991237e-01 2.050275e-02 1.936481e+00 -6.325065e-01 3.897424e-02 -7.735739e-01 4.034468e+01
-7.721832e-01 1.363875e-02 6.352536e-01 -1.811166e+02 3.526394e-02 9.991486e-01 2.141362e-02 1.952827e+00 -6.344207e-01 3.893677e-02 -7.720067e-01 3.943245e+01
-7.720920e-01 1.771611e-02 6.352638e-01 -1.807267e+02 4.063309e-02 9.989422e-01 2.152664e-02 1.954282e+00 -6.342105e-01 4.243327e-02 -7.719952e-01 3.895179e+01
-7.726991e-01 1.851669e-02 6.345023e-01 -1.803265e+02 4.147552e-02 9.989112e-01 2.135778e-02 1.951012e+00 -6.334160e-01 4.281944e-02 -7.726258e-01 3.846147e+01
-7.731938e-01 1.750785e-02 6.339280e-01 -1.799121e+02 3.693870e-02 9.991650e-01 1.745866e-02 1.948467e+00 -6.330931e-01 3.691540e-02 -7.731950e-01 3.796509e+01
-7.738922e-01 2.344744e-02 6.328832e-01 -1.790635e+02 3.477357e-02 9.993801e-01 5.495602e-03 1.950476e+00 -6.323620e-01 2.626060e-02 -7.742278e-01 3.693739e+01
-7.745069e-01 2.281632e-02 6.321538e-01 -1.781621e+02 3.591383e-02 9.993234e-01 7.932587e-03 1.942150e+00 -6.315451e-01 2.884690e-02 -7.748023e-01 3.584918e+01
-7.746446e-01 1.254996e-02 6.322722e-01 -1.771997e+02 2.594053e-02 9.995921e-01 1.194081e-02 1.929672e+00 -6.318646e-01 2.565136e-02 -7.746543e-01 3.472689e+01
-7.744470e-01 9.052690e-03 6.325740e-01 -1.762079e+02 2.502673e-02 9.995533e-01 1.633520e-02 1.922565e+00 -6.321436e-01 2.848200e-02 -7.743276e-01 3.353889e+01
-7.747823e-01 3.640077e-03 6.322177e-01 -1.751718e+02 2.325803e-02 9.994706e-01 2.274810e-02 1.922179e+00 -6.318002e-01 3.232895e-02 -7.744568e-01 3.229666e+01
-7.741310e-01 5.407391e-03 6.330024e-01 -1.741052e+02 2.079182e-02 9.996412e-01 1.688798e-02 1.927099e+00 -6.326840e-01 2.623477e-02 -7.739656e-01 3.102204e+01
-7.736503e-01 4.786133e-03 6.335947e-01 -1.730021e+02 2.523362e-02 9.994109e-01 2.326200e-02 1.938375e+00 -6.331102e-01 3.398453e-02 -7.733153e-01 2.969599e+01
-7.732664e-01 7.089408e-03 6.340416e-01 -1.718670e+02 3.009467e-02 9.992209e-01 2.553035e-02 1.951405e+00 -6.333667e-01 3.882303e-02 -7.728773e-01 2.834675e+01
-7.726454e-01 1.798946e-02 6.345829e-01 -1.707093e+02 3.748792e-02 9.991470e-01 1.731964e-02 1.958687e+00 -6.337301e-01 3.717112e-02 -7.726607e-01 2.696332e+01
-7.735452e-01 1.995500e-02 6.334269e-01 -1.695314e+02 3.716411e-02 9.992124e-01 1.390661e-02 1.943279e+00 -6.326506e-01 3.429813e-02 -7.736775e-01 2.554622e+01
-7.746740e-01 1.466747e-02 6.321906e-01 -1.683371e+02 3.523400e-02 9.991791e-01 1.999306e-02 1.929608e+00 -6.313784e-01 3.776271e-02 -7.745549e-01 2.409784e+01
-7.756371e-01 1.696891e-02 6.309510e-01 -1.671591e+02 4.159490e-02 9.988397e-01 2.427022e-02 1.914344e+00 -6.298071e-01 4.506921e-02 -7.754430e-01 2.263920e+01
-7.762817e-01 2.295506e-02 6.299681e-01 -1.660001e+02 5.250428e-02 9.982189e-01 2.832511e-02 1.908068e+00 -6.281959e-01 5.506428e-02 -7.761043e-01 2.117959e+01
-7.767751e-01 2.058793e-02 6.294414e-01 -1.648351e+02 5.913600e-02 9.974339e-01 4.035365e-02 1.923826e+00 -6.269955e-01 6.856835e-02 -7.759994e-01 1.971467e+01
-7.775165e-01 2.635662e-02 6.283099e-01 -1.636778e+02 5.916654e-02 9.977553e-01 3.136269e-02 1.940348e+00 -6.260730e-01 6.155992e-02 -7.773307e-01 1.828024e+01
-7.788291e-01 3.489893e-02 6.262645e-01 -1.625251e+02 5.950586e-02 9.980586e-01 1.838473e-02 1.942748e+00 -6.244071e-01 5.158496e-02 -7.793938e-01 1.685680e+01
-7.802128e-01 3.195104e-02 6.246976e-01 -1.613773e+02 6.014093e-02 9.978995e-01 2.407369e-02 1.936519e+00 -6.226164e-01 5.635249e-02 -7.804956e-01 1.542915e+01
-7.829338e-01 2.870224e-02 6.214426e-01 -1.602415e+02 5.728490e-02 9.980172e-01 2.607633e-02 1.936584e+00 -6.194620e-01 5.601531e-02 -7.830256e-01 1.401383e+01
-7.927358e-01 2.421727e-02 6.090841e-01 -1.591338e+02 5.137167e-02 9.983100e-01 2.716834e-02 1.935031e+00 -6.073969e-01 5.282697e-02 -7.926401e-01 1.259096e+01
-8.082955e-01 2.646177e-02 5.881820e-01 -1.580880e+02 5.309014e-02 9.981957e-01 2.804997e-02 1.945549e+00 -5.863785e-01 5.389932e-02 -8.082420e-01 1.115361e+01
-8.300177e-01 2.862510e-02 5.570020e-01 -1.571079e+02 5.828585e-02 9.976655e-01 3.558336e-02 1.958096e+00 -5.546831e-01 6.200014e-02 -8.297485e-01 9.685989e+00
-8.577965e-01 3.512916e-02 5.127875e-01 -1.562137e+02 6.374148e-02 9.972308e-01 3.831085e-02 1.981362e+00 -5.100217e-01 6.554874e-02 -8.576603e-01 8.187478e+00
-8.887523e-01 4.151905e-02 4.565036e-01 -1.554337e+02 6.840631e-02 9.967509e-01 4.252342e-02 2.020771e+00 -4.532549e-01 6.902050e-02 -8.887048e-01 6.640524e+00
-9.163015e-01 5.148583e-02 3.971660e-01 -1.547551e+02 7.142559e-02 9.968116e-01 3.556618e-02 2.055959e+00 -3.940686e-01 6.095715e-02 -9.170574e-01 5.066725e+00
-9.405924e-01 5.709213e-02 3.347036e-01 -1.541799e+02 6.800481e-02 9.974646e-01 2.096601e-02 2.076776e+00 -3.326580e-01 4.248191e-02 -9.420902e-01 3.475256e+00
-9.511629e-01 5.323359e-02 3.040648e-01 -1.539186e+02 6.274660e-02 9.977958e-01 2.159395e-02 2.081455e+00 -3.022451e-01 3.961839e-02 -9.524066e-01 2.660279e+00
-9.597480e-01 5.161216e-02 2.760797e-01 -1.536909e+02 6.018704e-02 9.979296e-01 2.267125e-02 2.081084e+00 -2.743380e-01 3.837510e-02 -9.608673e-01 1.836084e+00
-9.834470e-01 5.305041e-02 1.732560e-01 -1.527936e+02 5.943047e-02 9.977244e-01 3.184311e-02 2.108057e+00 -1.711725e-01 4.161270e-02 -9.843619e-01 -2.422346e+00
-9.863759e-01 5.356656e-02 1.555416e-01 -1.526592e+02 5.920798e-02 9.977370e-01 3.186262e-02 2.120983e+00 -1.534829e-01 4.063782e-02 -9.873153e-01 -3.301845e+00
-9.888600e-01 5.327137e-02 1.389895e-01 -1.525347e+02 5.770336e-02 9.979396e-01 2.805187e-02 2.129986e+00 -1.372087e-01 3.575952e-02 -9.898965e-01 -4.184410e+00
-9.914729e-01 6.231527e-02 1.144477e-01 -1.523238e+02 6.588321e-02 9.974439e-01 2.765813e-02 2.164537e+00 -1.124316e-01 3.496247e-02 -9.930442e-01 -6.003442e+00
-9.918984e-01 6.697717e-02 1.079427e-01 -1.522301e+02 7.148133e-02 9.967021e-01 3.840841e-02 2.184519e+00 -1.050142e-01 4.581312e-02 -9.934149e-01 -6.932667e+00
-9.922338e-01 6.914451e-02 1.033984e-01 -1.520349e+02 7.444703e-02 9.960531e-01 4.832976e-02 2.236569e+00 -9.964857e-02 5.565211e-02 -9.934652e-01 -8.818435e+00
-9.929599e-01 6.169034e-02 1.011183e-01 -1.518222e+02 6.614837e-02 9.969530e-01 4.134057e-02 2.290503e+00 -9.825984e-02 4.773833e-02 -9.940151e-01 -1.072343e+01
-9.934866e-01 5.355313e-02 1.005808e-01 -1.517054e+02 5.768773e-02 9.975860e-01 3.865668e-02 2.314806e+00 -9.826781e-02 4.420716e-02 -9.941776e-01 -1.169649e+01
-9.937560e-01 4.837927e-02 1.005408e-01 -1.515906e+02 5.253161e-02 9.978547e-01 3.906966e-02 2.340253e+00 -9.843498e-02 4.410727e-02 -9.941655e-01 -1.268601e+01
-9.937888e-01 4.595056e-02 1.013530e-01 -1.514796e+02 5.034163e-02 9.978819e-01 4.119955e-02 2.366234e+00 -9.924519e-02 4.604592e-02 -9.939971e-01 -1.368436e+01
-9.936981e-01 4.315331e-02 1.034502e-01 -1.512539e+02 4.785382e-02 9.979113e-01 4.339341e-02 2.419304e+00 -1.013615e-01 4.807042e-02 -9.936876e-01 -1.570974e+01
-9.936119e-01 3.955357e-02 1.056927e-01 -1.510183e+02 4.406723e-02 9.981985e-01 4.071612e-02 2.471748e+00 -1.038918e-01 4.511359e-02 -9.935649e-01 -1.776061e+01
-9.937308e-01 3.467869e-02 1.062846e-01 -1.507787e+02 3.889983e-02 9.985240e-01 3.790244e-02 2.516209e+00 -1.048133e-01 4.179927e-02 -9.936131e-01 -1.983629e+01
-9.941628e-01 3.062121e-02 1.034534e-01 -1.505418e+02 3.481680e-02 9.986326e-01 3.899547e-02 2.546922e+00 -1.021179e-01 4.236976e-02 -9.938696e-01 -2.193524e+01
-9.943256e-01 3.018545e-02 1.020068e-01 -1.504287e+02 3.436810e-02 9.986284e-01 3.949758e-02 2.562912e+00 -1.006746e-01 4.277923e-02 -9.939993e-01 -2.298777e+01
-9.945002e-01 2.933431e-02 1.005425e-01 -1.503173e+02 3.351853e-02 9.986300e-01 4.018247e-02 2.580523e+00 -9.922603e-02 4.333151e-02 -9.941210e-01 -2.403963e+01
-9.946208e-01 2.935157e-02 9.933793e-02 -1.502100e+02 3.359382e-02 9.985816e-01 4.130505e-02 2.602248e+00 -9.798467e-02 4.441999e-02 -9.941961e-01 -2.509394e+01
-9.947189e-01 2.873181e-02 9.853280e-02 -1.501008e+02 3.319882e-02 9.984798e-01 4.399907e-02 2.624842e+00 -9.711884e-02 4.703787e-02 -9.941606e-01 -2.614805e+01
-9.949605e-01 2.701229e-02 9.656055e-02 -1.498915e+02 3.144483e-02 9.985063e-01 4.468085e-02 2.677343e+00 -9.520939e-02 4.749200e-02 -9.943237e-01 -2.824318e+01
-9.950464e-01 2.683256e-02 9.572213e-02 -1.497898e+02 3.100693e-02 9.986198e-01 4.239147e-02 2.703716e+00 -9.445255e-02 4.514952e-02 -9.945050e-01 -2.928484e+01
-9.951318e-01 2.629112e-02 9.498175e-02 -1.496882e+02 3.030102e-02 9.986985e-01 4.102457e-02 2.727489e+00 -9.377956e-02 4.370289e-02 -9.946333e-01 -3.032621e+01
-9.954180e-01 2.496498e-02 9.230313e-02 -1.494892e+02 2.896225e-02 9.986883e-01 4.222277e-02 2.772055e+00 -9.112798e-02 4.470260e-02 -9.948354e-01 -3.240607e+01
-9.959658e-01 2.276499e-02 8.679761e-02 -1.493004e+02 2.669349e-02 9.986584e-01 4.437149e-02 2.822913e+00 -8.567105e-02 4.650941e-02 -9.952373e-01 -3.447237e+01
-9.962306e-01 2.225481e-02 8.384080e-02 -1.492116e+02 2.593192e-02 9.987373e-01 4.302746e-02 2.847794e+00 -8.277736e-02 4.503942e-02 -9.955498e-01 -3.550025e+01
-9.965023e-01 2.131129e-02 8.080275e-02 -1.491247e+02 2.481715e-02 9.987824e-01 4.263466e-02 2.872146e+00 -7.979577e-02 4.449082e-02 -9.958179e-01 -3.652570e+01
-9.967644e-01 2.042812e-02 7.773907e-02 -1.490389e+02 2.387675e-02 9.987596e-01 4.369370e-02 2.893300e+00 -7.675007e-02 4.540847e-02 -9.960158e-01 -3.754989e+01
-9.971667e-01 2.070158e-02 7.231856e-02 -1.488814e+02 2.413645e-02 9.986056e-01 4.694985e-02 2.936848e+00 -7.124578e-02 4.856233e-02 -9.962759e-01 -3.958889e+01
-9.974732e-01 2.130839e-02 6.777307e-02 -1.487352e+02 2.450553e-02 9.986084e-01 4.669784e-02 2.980846e+00 -6.668370e-02 4.824065e-02 -9.966073e-01 -4.161181e+01
-9.976842e-01 2.173367e-02 6.445094e-02 -1.485927e+02 2.470382e-02 9.986519e-01 4.565068e-02 3.027276e+00 -6.337190e-02 4.713713e-02 -9.968762e-01 -4.362164e+01
-9.978591e-01 1.962235e-02 6.238685e-02 -1.484441e+02 2.247240e-02 9.987199e-01 4.531479e-02 3.079101e+00 -6.141781e-02 4.661975e-02 -9.970228e-01 -4.562217e+01
-9.979032e-01 1.940796e-02 6.174527e-02 -1.483689e+02 2.197546e-02 9.989101e-01 4.117821e-02 3.102061e+00 -6.087879e-02 4.244874e-02 -9.972421e-01 -4.661393e+01
-9.979373e-01 1.858956e-02 6.144541e-02 -1.482960e+02 2.093551e-02 9.990675e-01 3.775867e-02 3.122209e+00 -6.068620e-02 3.896717e-02 -9.973960e-01 -4.760259e+01
-9.979067e-01 1.897599e-02 6.182336e-02 -1.482258e+02 2.131120e-02 9.990755e-01 3.733418e-02 3.142814e+00 -6.105776e-02 3.857356e-02 -9.973886e-01 -4.859075e+01
-9.977734e-01 2.142656e-02 6.315928e-02 -1.480851e+02 2.390782e-02 9.989611e-01 3.879520e-02 3.175297e+00 -6.226242e-02 4.021882e-02 -9.972491e-01 -5.055843e+01
-9.975829e-01 2.424173e-02 6.512109e-02 -1.479424e+02 2.694003e-02 9.988007e-01 4.088141e-02 3.205788e+00 -6.405196e-02 4.253695e-02 -9.970396e-01 -5.251178e+01
-9.975081e-01 2.483374e-02 6.603695e-02 -1.478700e+02 2.761147e-02 9.987574e-01 4.148838e-02 3.219705e+00 -6.492459e-02 4.320837e-02 -9.969543e-01 -5.347973e+01
-9.974655e-01 2.382302e-02 6.704453e-02 -1.477977e+02 2.667715e-02 9.987613e-01 4.200210e-02 3.231897e+00 -6.596087e-02 4.368419e-02 -9.968655e-01 -5.444853e+01
-9.974156e-01 2.368423e-02 6.783198e-02 -1.477243e+02 2.649774e-02 9.988125e-01 4.088251e-02 3.243527e+00 -6.678316e-02 4.257425e-02 -9.968588e-01 -5.541352e+01
-9.972420e-01 2.580906e-02 6.958616e-02 -1.476532e+02 2.861209e-02 9.988063e-01 3.959001e-02 3.257265e+00 -6.848132e-02 4.147182e-02 -9.967901e-01 -5.637284e+01
-9.969964e-01 2.716604e-02 7.252724e-02 -1.475797e+02 3.001996e-02 9.988055e-01 3.855372e-02 3.270311e+00 -7.139325e-02 4.061517e-02 -9.966210e-01 -5.733020e+01
-9.968209e-01 2.594470e-02 7.533233e-02 -1.475001e+02 2.885909e-02 9.988662e-01 3.785954e-02 3.282400e+00 -7.426467e-02 3.991319e-02 -9.964395e-01 -5.828110e+01
-9.966448e-01 2.581201e-02 7.767159e-02 -1.474207e+02 2.871666e-02 9.989204e-01 3.651475e-02 3.291390e+00 -7.664522e-02 3.862270e-02 -9.963101e-01 -5.922935e+01
-9.964765e-01 2.612529e-02 7.970044e-02 -1.473415e+02 2.905738e-02 9.989345e-01 3.585337e-02 3.301002e+00 -7.867884e-02 3.804292e-02 -9.961739e-01 -6.017164e+01
-9.964126e-01 2.531131e-02 8.075427e-02 -1.472599e+02 2.829908e-02 9.989485e-01 3.607053e-02 3.310925e+00 -7.975637e-02 3.822639e-02 -9.960812e-01 -6.110803e+01
-9.964213e-01 2.352959e-02 8.118456e-02 -1.471781e+02 2.671470e-02 9.989063e-01 3.837213e-02 3.317449e+00 -8.019290e-02 4.040362e-02 -9.959602e-01 -6.203744e+01
-9.964856e-01 2.261481e-02 8.065392e-02 -1.470991e+02 2.593660e-02 9.988477e-01 4.037855e-02 3.324624e+00 -7.964784e-02 4.232853e-02 -9.959240e-01 -6.295647e+01
-9.965687e-01 2.231246e-02 7.970528e-02 -1.470218e+02 2.568404e-02 9.988071e-01 4.152874e-02 3.332509e+00 -7.868360e-02 4.343340e-02 -9.959530e-01 -6.386909e+01
-9.967029e-01 2.094253e-02 7.838836e-02 -1.469462e+02 2.427802e-02 9.988292e-01 4.184234e-02 3.341452e+00 -7.742030e-02 4.360749e-02 -9.960444e-01 -6.476162e+01
-9.968922e-01 1.971381e-02 7.627073e-02 -1.468736e+02 2.293946e-02 9.988689e-01 4.164960e-02 3.350949e+00 -7.536339e-02 4.326977e-02 -9.962169e-01 -6.564189e+01
-9.971829e-01 1.880361e-02 7.261393e-02 -1.468046e+02 2.189975e-02 9.988742e-01 4.208011e-02 3.362788e+00 -7.174093e-02 4.355178e-02 -9.964720e-01 -6.650732e+01
-9.983931e-01 2.184434e-02 5.228873e-02 -1.466370e+02 2.411091e-02 9.987791e-01 4.311620e-02 3.400870e+00 -5.128305e-02 4.430764e-02 -9.977008e-01 -6.899922e+01
-9.987113e-01 2.430503e-02 4.455273e-02 -1.466018e+02 2.630105e-02 9.986507e-01 4.477632e-02 3.409958e+00 -4.340433e-02 4.589040e-02 -9.980031e-01 -6.978685e+01
-9.991265e-01 2.974341e-02 2.935191e-02 -1.465515e+02 3.107341e-02 9.984604e-01 4.594724e-02 3.421360e+00 -2.794010e-02 4.681916e-02 -9.985126e-01 -7.128944e+01
-9.992684e-01 3.130768e-02 2.196605e-02 -1.465298e+02 3.230621e-02 9.983873e-01 4.668000e-02 3.426278e+00 -2.046919e-02 4.735548e-02 -9.986684e-01 -7.200342e+01
-9.993887e-01 3.383809e-02 8.791605e-03 -1.465063e+02 3.421086e-02 9.983357e-01 4.642556e-02 3.436511e+00 -7.206022e-03 4.669793e-02 -9.988831e-01 -7.334850e+01
-9.988519e-01 4.226995e-02 -2.254314e-02 -1.465458e+02 4.108996e-02 9.978803e-01 5.046266e-02 3.469095e+00 2.462841e-02 4.947842e-02 -9.984715e-01 -7.720836e+01
-9.987281e-01 4.380104e-02 -2.497364e-02 -1.465624e+02 4.247964e-02 9.977850e-01 5.119090e-02 3.474975e+00 2.716054e-02 5.006491e-02 -9.983766e-01 -7.764447e+01
-9.985766e-01 4.610485e-02 -2.681540e-02 -1.465828e+02 4.467050e-02 9.976562e-01 5.183186e-02 3.481100e+00 2.914225e-02 5.056022e-02 -9.982958e-01 -7.804556e+01
-9.986259e-01 2.940511e-02 4.337928e-02 -1.465371e+02 3.135241e-02 9.984987e-01 4.491438e-02 3.601598e+00 -4.199344e-02 4.621270e-02 -9.980486e-01 -8.196407e+01
-9.475714e-01 1.874272e-02 3.189940e-01 -1.461563e+02 3.227520e-02 9.987869e-01 3.718898e-02 4.045713e+00 -3.179100e-01 4.553480e-02 -9.470268e-01 -8.357444e+01
-9.298548e-01 1.858511e-02 3.674571e-01 -1.459804e+02 3.545557e-02 9.986016e-01 3.921380e-02 4.058185e+00 -3.662145e-01 4.949153e-02 -9.292134e-01 -8.392098e+01
-8.740945e-01 1.648442e-02 4.854762e-01 -1.454913e+02 4.243470e-02 9.981945e-01 4.250933e-02 4.083620e+00 -4.838989e-01 5.775820e-02 -8.732158e-01 -8.468260e+01
-5.762490e-01 1.755621e-02 8.170856e-01 -1.429474e+02 5.309812e-02 9.984612e-01 1.599408e-02 4.141571e+00 -8.155475e-01 5.260227e-02 -5.762944e-01 -8.684062e+01
-5.320418e-01 1.330251e-02 8.466136e-01 -1.425033e+02 5.297816e-02 9.984404e-01 1.760523e-02 4.143550e+00 -8.450591e-01 5.421874e-02 -5.319168e-01 -8.708803e+01
-4.856794e-01 8.888233e-03 8.740918e-01 -1.420100e+02 5.502756e-02 9.982759e-01 2.042444e-02 4.148160e+00 -8.724033e-01 5.801886e-02 -4.853312e-01 -8.731564e+01
-3.368763e-01 -2.338949e-03 9.415460e-01 -1.403921e+02 6.595906e-02 9.974815e-01 2.607743e-02 4.158657e+00 -9.392358e-01 7.088834e-02 -3.358736e-01 -8.792431e+01
-2.873528e-01 -6.653956e-03 9.578017e-01 -1.397985e+02 6.790639e-02 9.973181e-01 2.730126e-02 4.160018e+00 -9.554147e-01 7.288594e-02 -2.861303e-01 -8.808758e+01
-2.384137e-01 -9.494257e-03 9.711173e-01 -1.391586e+02 7.017403e-02 9.971699e-01 2.697700e-02 4.162171e+00 -9.686251e-01 7.457888e-02 -2.370727e-01 -8.821988e+01
-1.530139e-01 -8.309384e-03 9.881891e-01 -1.378281e+02 7.410231e-02 9.970529e-01 1.985812e-02 4.168871e+00 -9.854419e-01 7.626565e-02 -1.519472e-01 -8.843333e+01
-1.188077e-01 -7.939816e-03 9.928855e-01 -1.371128e+02 7.249783e-02 9.972296e-01 1.664957e-02 4.171257e+00 -9.902671e-01 7.396013e-02 -1.179030e-01 -8.850147e+01
-6.915588e-02 -4.069726e-03 9.975975e-01 -1.356148e+02 7.112578e-02 9.974267e-01 8.999637e-03 4.169899e+00 -9.950672e-01 7.157726e-02 -6.868847e-02 -8.860753e+01
-5.182659e-02 -3.597714e-03 9.986496e-01 -1.348254e+02 7.167743e-02 9.974010e-01 7.313033e-03 4.168382e+00 -9.960805e-01 7.195963e-02 -5.143403e-02 -8.864646e+01
-3.674328e-02 -2.512713e-03 9.993216e-01 -1.340129e+02 7.296331e-02 9.973211e-01 5.190411e-03 4.164762e+00 -9.966576e-01 7.310450e-02 -3.646152e-02 -8.867609e+01
-2.263965e-02 -7.036847e-04 9.997434e-01 -1.331801e+02 7.436882e-02 9.972279e-01 2.386027e-03 4.156812e+00 -9.969738e-01 7.440374e-02 -2.252456e-02 -8.869656e+01
-7.918415e-03 2.670978e-03 9.999651e-01 -1.323277e+02 7.596310e-02 9.971085e-01 -2.061824e-03 4.147637e+00 -9.970792e-01 7.594410e-02 -8.098417e-03 -8.870556e+01
6.417218e-03 6.030028e-03 9.999612e-01 -1.314527e+02 7.590216e-02 9.970941e-01 -6.499842e-03 4.136633e+00 -9.970947e-01 7.594091e-02 5.940876e-03 -8.870109e+01
1.902447e-02 6.694823e-03 9.997966e-01 -1.305520e+02 7.285462e-02 9.973099e-01 -8.064479e-03 4.122623e+00 -9.971611e-01 7.299320e-02 1.848554e-02 -8.868049e+01
2.869788e-02 6.288884e-03 9.995683e-01 -1.296312e+02 6.832422e-02 9.976291e-01 -8.238295e-03 4.103983e+00 -9.972504e-01 6.853113e-02 2.820016e-02 -8.864953e+01
3.409665e-02 5.938369e-03 9.994009e-01 -1.286888e+02 6.336480e-02 9.979576e-01 -8.091620e-03 4.084791e+00 -9.974078e-01 6.360272e-02 3.365073e-02 -8.861212e+01
3.662491e-02 6.901671e-03 9.993052e-01 -1.277239e+02 6.069258e-02 9.981148e-01 -9.117860e-03 4.065878e+00 -9.974844e-01 6.098434e-02 3.613698e-02 -8.857569e+01
3.742508e-02 5.812684e-03 9.992825e-01 -1.267352e+02 5.958723e-02 9.981907e-01 -8.037996e-03 4.048213e+00 -9.975213e-01 5.984529e-02 3.701101e-02 -8.854051e+01
3.858550e-02 4.491696e-03 9.992452e-01 -1.257210e+02 6.041560e-02 9.981500e-01 -6.819704e-03 4.031067e+00 -9.974273e-01 6.063312e-02 3.824275e-02 -8.850489e+01
4.140600e-02 3.869723e-03 9.991349e-01 -1.246835e+02 6.096142e-02 9.981196e-01 -6.392149e-03 4.013952e+00 -9.972810e-01 6.117334e-02 4.109224e-02 -8.846433e+01
4.564102e-02 3.841588e-03 9.989505e-01 -1.236288e+02 6.173200e-02 9.980705e-01 -6.658679e-03 3.996890e+00 -9.970487e-01 6.197111e-02 4.531581e-02 -8.841970e+01
5.030477e-02 4.220308e-03 9.987250e-01 -1.225531e+02 6.165129e-02 9.980709e-01 -7.322861e-03 3.978093e+00 -9.968293e-01 6.194105e-02 4.994753e-02 -8.836834e+01
5.520429e-02 4.054178e-03 9.984668e-01 -1.214602e+02 6.135183e-02 9.980884e-01 -7.444730e-03 3.960347e+00 -9.965884e-01 6.166874e-02 5.485003e-02 -8.829428e+01
6.068676e-02 3.943446e-03 9.981491e-01 -1.203502e+02 6.060529e-02 9.981326e-01 -7.628144e-03 3.940654e+00 -9.963153e-01 6.095602e-02 6.033444e-02 -8.821078e+01
6.593027e-02 1.450684e-03 9.978232e-01 -1.192271e+02 6.141832e-02 9.980969e-01 -5.509245e-03 3.920264e+00 -9.959323e-01 6.164783e-02 6.571570e-02 -8.813057e+01
7.113607e-02 -2.510371e-03 9.974634e-01 -1.180866e+02 6.250784e-02 9.980426e-01 -1.946043e-03 3.901849e+00 -9.955062e-01 6.248771e-02 7.115375e-02 -8.804055e+01
7.562722e-02 -5.281743e-03 9.971222e-01 -1.169301e+02 6.278153e-02 9.980271e-01 5.248388e-04 3.883303e+00 -9.951578e-01 6.256115e-02 7.580961e-02 -8.794868e+01
7.787888e-02 -5.001325e-03 9.969503e-01 -1.157614e+02 6.279889e-02 9.980262e-01 1.010521e-04 3.867981e+00 -9.949830e-01 6.259948e-02 7.803924e-02 -8.784858e+01
7.801523e-02 -2.818479e-03 9.969482e-01 -1.145794e+02 6.163476e-02 9.980967e-01 -2.001446e-03 3.849717e+00 -9.950451e-01 6.160279e-02 7.804046e-02 -8.774507e+01
7.708250e-02 -2.260084e-03 9.970221e-01 -1.133837e+02 6.112407e-02 9.981271e-01 -2.463082e-03 3.830963e+00 -9.951493e-01 6.113190e-02 7.707628e-02 -8.763924e+01
7.638838e-02 -4.739106e-03 9.970669e-01 -1.121817e+02 6.202224e-02 9.980747e-01 -7.821063e-06 3.812180e+00 -9.951473e-01 6.184090e-02 7.653524e-02 -8.753924e+01
7.596687e-02 -7.156760e-03 9.970846e-01 -1.109751e+02 6.344881e-02 9.979824e-01 2.329102e-03 3.791845e+00 -9.950896e-01 6.308688e-02 7.626768e-02 -8.743868e+01
7.504813e-02 -9.314805e-03 9.971364e-01 -1.085794e+02 6.477733e-02 9.978898e-01 4.446464e-03 3.750574e+00 -9.950737e-01 6.425812e-02 7.549315e-02 -8.724708e+01
7.451742e-02 -9.545856e-03 9.971740e-01 -1.073857e+02 6.500839e-02 9.978737e-01 4.694566e-03 3.726738e+00 -9.950986e-01 6.447484e-02 7.497953e-02 -8.714676e+01
7.402081e-02 -8.290886e-03 9.972222e-01 -1.061976e+02 6.423642e-02 9.979284e-01 3.528679e-03 3.701746e+00 -9.951857e-01 6.379677e-02 7.440005e-02 -8.704988e+01
7.360360e-02 -5.929265e-03 9.972699e-01 -1.050099e+02 6.418565e-02 9.979372e-01 1.196003e-03 3.677172e+00 -9.952200e-01 6.392238e-02 7.383235e-02 -8.695296e+01
7.324650e-02 -5.564938e-03 9.972983e-01 -1.038211e+02 6.408166e-02 9.979443e-01 8.620676e-04 3.653224e+00 -9.952530e-01 6.384537e-02 7.345254e-02 -8.685966e+01
7.268849e-02 -7.825939e-03 9.973240e-01 -1.026322e+02 6.316002e-02 9.979982e-01 3.227903e-03 3.628733e+00 -9.953528e-01 6.275635e-02 7.303727e-02 -8.676401e+01
7.210190e-02 -1.014486e-02 9.973457e-01 -1.014446e+02 6.338252e-02 9.979737e-01 5.569082e-03 3.607239e+00 -9.953814e-01 6.281273e-02 7.259881e-02 -8.667222e+01
7.191387e-02 -8.669399e-03 9.973732e-01 -1.002617e+02 6.269719e-02 9.980239e-01 4.154382e-03 3.588698e+00 -9.954384e-01 6.223372e-02 7.231531e-02 -8.657200e+01
7.158703e-02 -6.554927e-03 9.974128e-01 -9.908436e+01 6.363902e-02 9.979710e-01 1.991048e-03 3.569432e+00 -9.954021e-01 6.333183e-02 7.185893e-02 -8.648067e+01
7.146302e-02 -5.188194e-03 9.974297e-01 -9.791011e+01 6.366112e-02 9.979714e-01 6.298700e-04 3.547496e+00 -9.954096e-01 6.345247e-02 7.164834e-02 -8.638626e+01
7.108965e-02 -7.285963e-03 9.974433e-01 -9.673614e+01 6.225866e-02 9.980559e-01 2.853145e-03 3.526824e+00 -9.955251e-01 6.189664e-02 7.140506e-02 -8.629387e+01
7.080506e-02 -1.010356e-02 9.974390e-01 -9.556279e+01 6.147224e-02 9.980922e-01 5.746456e-03 3.506517e+00 -9.955942e-01 6.090791e-02 7.129106e-02 -8.620143e+01
7.029405e-02 -1.267811e-02 9.974457e-01 -9.439230e+01 5.974232e-02 9.981778e-01 8.477128e-03 3.490095e+00 -9.957357e-01 5.899381e-02 7.092338e-02 -8.611023e+01
6.992921e-02 -1.154338e-02 9.974852e-01 -9.322888e+01 5.706111e-02 9.983421e-01 7.553000e-03 3.474064e+00 -9.959187e-01 5.638942e-02 7.047195e-02 -8.601752e+01
6.984349e-02 -1.000221e-02 9.975078e-01 -9.207077e+01 5.620714e-02 9.984006e-01 6.075654e-03 3.457332e+00 -9.959732e-01 5.564271e-02 7.029398e-02 -8.593007e+01
6.972732e-02 -9.477076e-03 9.975211e-01 -9.091482e+01 5.581404e-02 9.984255e-01 5.584234e-03 3.439932e+00 -9.960035e-01 5.528630e-02 7.014649e-02 -8.584440e+01
6.947928e-02 -9.917131e-03 9.975341e-01 -8.976083e+01 5.471968e-02 9.984830e-01 6.115282e-03 3.420499e+00 -9.960815e-01 5.415985e-02 6.991654e-02 -8.575750e+01
6.939717e-02 -1.158794e-02 9.975218e-01 -8.860756e+01 5.559550e-02 9.984234e-01 7.730654e-03 3.402298e+00 -9.960388e-01 5.492123e-02 6.993200e-02 -8.567406e+01
6.942567e-02 -1.148211e-02 9.975210e-01 -8.745822e+01 5.647187e-02 9.983755e-01 7.561603e-03 3.383825e+00 -9.959875e-01 5.580690e-02 6.996131e-02 -8.559118e+01
6.921387e-02 -9.534740e-03 9.975563e-01 -8.631428e+01 5.869692e-02 9.982608e-01 5.468880e-03 3.365660e+00 -9.958736e-01 5.817495e-02 6.965316e-02 -8.551130e+01
6.986209e-02 -8.109160e-03 9.975237e-01 -8.517639e+01 6.090550e-02 9.981361e-01 3.848589e-03 3.347256e+00 -9.956957e-01 6.048579e-02 7.022577e-02 -8.543160e+01
7.129749e-02 -8.581005e-03 9.974182e-01 -8.404212e+01 6.363860e-02 9.979648e-01 4.036690e-03 3.327124e+00 -9.954230e-01 6.318648e-02 7.169847e-02 -8.535257e+01
7.722417e-02 -1.098194e-02 9.969533e-01 -8.177442e+01 6.505979e-02 9.978636e-01 5.952423e-03 3.285675e+00 -9.948888e-01 6.440188e-02 7.777367e-02 -8.517822e+01
8.015591e-02 -1.177150e-02 9.967128e-01 -8.064658e+01 6.383527e-02 9.979383e-01 6.652327e-03 3.266626e+00 -9.947362e-01 6.309220e-02 8.074208e-02 -8.508247e+01
8.292557e-02 -1.068743e-02 9.964984e-01 -7.952584e+01 6.106381e-02 9.981180e-01 5.623255e-03 3.245394e+00 -9.946832e-01 6.038367e-02 8.342212e-02 -8.498283e+01
8.593229e-02 -8.576979e-03 9.962640e-01 -7.840969e+01 5.984237e-02 9.982019e-01 3.431985e-03 3.221768e+00 -9.945022e-01 5.932387e-02 8.629104e-02 -8.488244e+01
8.858151e-02 -8.280013e-03 9.960345e-01 -7.728896e+01 5.957074e-02 9.982196e-01 3.000301e-03 3.191912e+00 -9.942860e-01 5.906873e-02 8.891704e-02 -8.478461e+01
9.236203e-02 -1.076129e-02 9.956673e-01 -7.506363e+01 5.973295e-02 9.982006e-01 5.247604e-03 3.133853e+00 -9.939322e-01 5.898945e-02 9.283864e-02 -8.458436e+01
9.389702e-02 -1.131765e-02 9.955176e-01 -7.395599e+01 5.971938e-02 9.981988e-01 5.715416e-03 3.108503e+00 -9.937892e-01 5.891502e-02 9.440378e-02 -8.448155e+01
9.526626e-02 -1.261654e-02 9.953719e-01 -7.284964e+01 5.955635e-02 9.982007e-01 6.952305e-03 3.082721e+00 -9.936687e-01 5.861839e-02 9.584624e-02 -8.437548e+01
9.620759e-02 -1.294739e-02 9.952771e-01 -7.174856e+01 5.786544e-02 9.982970e-01 7.393167e-03 3.059320e+00 -9.936779e-01 5.688085e-02 9.679295e-02 -8.426751e+01
9.616050e-02 -1.280861e-02 9.952834e-01 -7.065049e+01 5.710102e-02 9.983415e-01 7.331081e-03 3.035851e+00 -9.937267e-01 5.612672e-02 9.673240e-02 -8.415970e+01
9.552777e-02 -1.193672e-02 9.953552e-01 -6.955640e+01 5.533757e-02 9.984454e-01 6.662841e-03 3.014567e+00 -9.938875e-01 5.444404e-02 9.603981e-02 -8.405165e+01
9.415765e-02 -1.154020e-02 9.954904e-01 -6.846310e+01 5.507488e-02 9.984619e-01 6.365433e-03 2.993483e+00 -9.940328e-01 5.422714e-02 9.464841e-02 -8.394657e+01
9.252757e-02 -1.205839e-02 9.956371e-01 -6.736871e+01 5.583407e-02 9.984162e-01 6.903217e-03 2.973202e+00 -9.941435e-01 5.495172e-02 9.305429e-02 -8.384452e+01
9.028291e-02 -1.191802e-02 9.958448e-01 -6.626978e+01 5.867016e-02 9.982554e-01 6.627850e-03 2.959134e+00 -9.941865e-01 5.782798e-02 9.082464e-02 -8.374424e+01
8.812779e-02 -1.062564e-02 9.960525e-01 -6.517361e+01 6.183342e-02 9.980730e-01 5.176358e-03 2.945193e+00 -9.941882e-01 6.113314e-02 8.861500e-02 -8.364855e+01
8.354217e-02 -1.006938e-02 9.964534e-01 -6.298846e+01 6.658893e-02 9.977703e-01 4.499902e-03 2.914583e+00 -9.942770e-01 6.597681e-02 8.402640e-02 -8.346386e+01
8.118209e-02 -1.227477e-02 9.966237e-01 -6.189385e+01 6.671981e-02 9.977482e-01 6.853818e-03 2.894478e+00 -9.944637e-01 6.593812e-02 8.181825e-02 -8.337192e+01
7.647628e-02 -1.329954e-02 9.969827e-01 -5.972532e+01 6.457787e-02 9.978776e-01 8.357861e-03 2.851534e+00 -9.949780e-01 6.374382e-02 7.717282e-02 -8.319229e+01
7.246616e-02 -9.444283e-03 9.973261e-01 -5.758891e+01 6.225283e-02 9.980482e-01 4.927802e-03 2.801637e+00 -9.954262e-01 6.172926e-02 7.291265e-02 -8.302288e+01
7.079711e-02 -6.634786e-03 9.974687e-01 -5.651193e+01 6.131069e-02 9.981161e-01 2.287456e-03 2.779651e+00 -9.956048e-01 6.099353e-02 7.107052e-02 -8.292872e+01
6.924973e-02 -4.467706e-03 9.975893e-01 -5.543924e+01 6.244701e-02 9.980482e-01 1.348710e-04 2.756445e+00 -9.956430e-01 6.228711e-02 6.939357e-02 -8.284557e+01
6.825069e-02 -4.025432e-03 9.976601e-01 -5.436293e+01 6.248004e-02 9.980462e-01 -2.473199e-04 2.731590e+00 -9.957099e-01 6.235070e-02 6.836884e-02 -8.275948e+01
6.766546e-02 -5.952646e-03 9.976903e-01 -5.328795e+01 6.286746e-02 9.980204e-01 1.690810e-03 2.707333e+00 -9.957254e-01 6.260783e-02 6.790574e-02 -8.267777e+01
6.785149e-02 -8.540820e-03 9.976589e-01 -5.221491e+01 6.278121e-02 9.980181e-01 4.274100e-03 2.684340e+00 -9.957182e-01 6.234421e-02 6.825322e-02 -8.259449e+01
6.820584e-02 -1.035896e-02 9.976175e-01 -5.115105e+01 6.042163e-02 9.981535e-01 6.233579e-03 2.663165e+00 -9.958400e-01 5.985249e-02 6.870580e-02 -8.250983e+01
6.876555e-02 -1.096865e-02 9.975725e-01 -5.010238e+01 5.695581e-02 9.983518e-01 7.051085e-03 2.644628e+00 -9.960057e-01 5.633267e-02 6.927694e-02 -8.242382e+01
6.927931e-02 -1.057782e-02 9.975412e-01 -4.905334e+01 5.236978e-02 9.986035e-01 6.951999e-03 2.626537e+00 -9.962218e-01 5.175937e-02 6.973653e-02 -8.233696e+01
6.970160e-02 -9.908823e-03 9.975187e-01 -4.800472e+01 4.896768e-02 9.987792e-01 6.499728e-03 2.609242e+00 -9.963654e-01 4.839312e-02 7.010172e-02 -8.225022e+01
7.043006e-02 -7.850499e-03 9.974858e-01 -4.591385e+01 4.393367e-02 9.990231e-01 4.760547e-03 2.573083e+00 -9.965488e-01 4.348792e-02 7.070616e-02 -8.207717e+01
7.186217e-02 -5.136628e-03 9.974013e-01 -4.379500e+01 4.313464e-02 9.990672e-01 2.037381e-03 2.547118e+00 -9.964815e-01 4.287612e-02 7.201670e-02 -8.191307e+01
7.345113e-02 -1.578846e-02 9.971738e-01 -4.166873e+01 4.843893e-02 9.987511e-01 1.224545e-02 2.528194e+00 -9.961218e-01 4.740258e-02 7.412417e-02 -8.175523e+01
7.465113e-02 -1.619128e-02 9.970782e-01 -4.060585e+01 5.138632e-02 9.986022e-01 1.236875e-02 2.515850e+00 -9.958849e-01 5.031283e-02 7.537879e-02 -8.166958e+01
7.599803e-02 -1.231772e-02 9.970319e-01 -3.955165e+01 5.387401e-02 9.985138e-01 8.229522e-03 2.503950e+00 -9.956515e-01 5.308866e-02 7.654869e-02 -8.159330e+01
7.686738e-02 -8.236940e-03 9.970073e-01 -3.849644e+01 5.456343e-02 9.985021e-01 4.042551e-03 2.488082e+00 -9.955472e-01 5.408938e-02 7.720168e-02 -8.151302e+01
7.788222e-02 -6.440548e-03 9.969417e-01 -3.639931e+01 5.357696e-02 9.985611e-01 2.265515e-03 2.449328e+00 -9.955219e-01 5.323666e-02 7.811522e-02 -8.134352e+01
7.829004e-02 -4.428672e-03 9.969208e-01 -3.432413e+01 5.690970e-02 9.983793e-01 -3.407563e-05 2.409772e+00 -9.953050e-01 5.673712e-02 7.841519e-02 -8.117846e+01
7.823784e-02 -1.792713e-03 9.969331e-01 -3.329069e+01 5.990293e-02 9.982000e-01 -2.906105e-03 2.388158e+00 -9.951334e-01 5.994657e-02 7.820440e-02 -8.109833e+01
7.778106e-02 -7.387627e-04 9.969702e-01 -3.226565e+01 6.162362e-02 9.980911e-01 -4.068127e-03 2.364654e+00 -9.950642e-01 6.175332e-02 7.767811e-02 -8.101888e+01
7.620861e-02 -7.233761e-03 9.970656e-01 -3.020542e+01 6.533500e-02 9.978608e-01 2.245786e-03 2.319947e+00 -9.949491e-01 6.497212e-02 7.651821e-02 -8.086334e+01
7.429861e-02 -7.861044e-03 9.972050e-01 -2.816485e+01 6.464854e-02 9.979034e-01 3.049789e-03 2.286540e+00 -9.951384e-01 6.424124e-02 7.465104e-02 -8.071950e+01
7.224226e-02 -6.352426e-03 9.973669e-01 -2.614248e+01 6.176836e-02 9.980887e-01 1.882955e-03 2.258338e+00 -9.954726e-01 6.146968e-02 7.249656e-02 -8.057960e+01
7.018015e-02 -9.812911e-03 9.974861e-01 -2.412616e+01 6.113107e-02 9.981145e-01 5.518092e-03 2.224417e+00 -9.956595e-01 6.059012e-02 7.064770e-02 -8.044513e+01
6.877725e-02 -9.497710e-03 9.975868e-01 -2.212814e+01 6.288519e-02 9.980074e-01 5.166179e-03 2.179186e+00 -9.956481e-01 6.237811e-02 6.923747e-02 -8.031382e+01
6.799996e-02 -9.555897e-03 9.976395e-01 -2.113624e+01 6.288120e-02 9.980071e-01 5.273380e-03 2.158118e+00 -9.957018e-01 6.237417e-02 6.846533e-02 -8.024730e+01
6.723562e-02 -1.090258e-02 9.976775e-01 -2.015914e+01 6.095508e-02 9.981173e-01 6.799493e-03 2.136539e+00 -9.958734e-01 6.035633e-02 6.777361e-02 -8.018102e+01
6.488817e-02 -1.302636e-02 9.978075e-01 -1.734296e+01 5.869185e-02 9.982336e-01 9.215145e-03 2.076612e+00 -9.961651e-01 5.796520e-02 6.553809e-02 -7.999311e+01
6.483637e-02 -1.471962e-02 9.977873e-01 -1.643997e+01 5.695485e-02 9.983158e-01 1.102648e-02 2.056734e+00 -9.962693e-01 5.611390e-02 6.556553e-02 -7.992964e+01
6.555934e-02 -1.514449e-02 9.977337e-01 -1.555805e+01 5.762275e-02 9.982737e-01 1.136640e-02 2.038136e+00 -9.961835e-01 5.674698e-02 6.631883e-02 -7.986631e+01
6.785424e-02 -1.390344e-02 9.975983e-01 -1.470187e+01 5.766518e-02 9.982860e-01 9.990774e-03 2.021472e+00 -9.960274e-01 5.684876e-02 6.853968e-02 -7.979755e+01
7.495193e-02 -1.271939e-02 9.971060e-01 -1.304799e+01 5.568737e-02 9.984116e-01 8.550055e-03 1.982635e+00 -9.956311e-01 5.488536e-02 7.554119e-02 -7.965774e+01
9.140453e-02 -9.729864e-03 9.957663e-01 -1.071407e+01 5.366315e-02 9.985474e-01 4.831129e-03 1.907256e+00 -9.943669e-01 5.299436e-02 9.179389e-02 -7.942836e+01
1.004580e-01 -8.066639e-03 9.949086e-01 -9.978597e+00 5.569273e-02 9.984449e-01 2.471896e-03 1.882125e+00 -9.933814e-01 5.516084e-02 1.007511e-01 -7.934685e+01
1.498707e-01 -6.771491e-03 9.886824e-01 -7.272311e+00 5.670944e-02 9.983892e-01 -1.758402e-03 1.764992e+00 -9.870780e-01 5.633115e-02 1.500133e-01 -7.894049e+01
2.418999e-01 -7.216253e-03 9.702744e-01 -4.382647e+00 4.973669e-02 9.987500e-01 -4.971863e-03 1.616116e+00 -9.690257e-01 4.946092e-02 2.419565e-01 -7.824856e+01
3.121163e-01 -7.419870e-03 9.500149e-01 -2.864838e+00 4.461791e-02 9.989806e-01 -6.856388e-03 1.557809e+00 -9.489956e-01 4.452766e-02 3.121292e-01 -7.771129e+01
4.083289e-01 -9.850568e-04 9.128343e-01 -1.469750e+00 4.282880e-02 9.989188e-01 -1.808022e-02 1.500554e+00 -9.118296e-01 4.647826e-02 4.079296e-01 -7.705448e+01
6.599357e-01 -2.402047e-03 7.513182e-01 8.592366e-01 3.378981e-02 9.990779e-01 -2.648581e-02 1.400138e+00 -7.505619e-01 4.286582e-02 6.594084e-01 -7.524181e+01
7.339777e-01 -3.210500e-03 6.791660e-01 1.473046e+00 3.070727e-02 9.991231e-01 -2.846251e-02 1.350348e+00 -6.784791e-01 4.174618e-02 7.334327e-01 -7.450932e+01
8.295579e-01 1.816498e-03 5.584177e-01 2.211269e+00 1.039012e-02 9.997714e-01 -1.868724e-02 1.295259e+00 -5.583241e-01 2.130417e-02 8.293494e-01 -7.329908e+01
9.046786e-01 3.752186e-03 4.260781e-01 2.778690e+00 -4.389934e-03 9.999902e-01 5.147626e-04 1.258343e+00 -4.260720e-01 -2.336149e-03 9.046863e-01 -7.196837e+01
9.422889e-01 9.345086e-03 3.346704e-01 3.046312e+00 -1.022733e-02 9.999473e-01 8.740171e-04 1.258350e+00 -3.346446e-01 -4.246363e-03 9.423348e-01 -7.105343e+01
9.673970e-01 9.982670e-03 2.530680e-01 3.257933e+00 -1.013567e-02 9.999484e-01 -6.991916e-04 1.264619e+00 -2.530619e-01 -1.888617e-03 9.674482e-01 -7.010260e+01
9.876513e-01 2.391556e-02 1.548322e-01 3.452999e+00 -2.398512e-02 9.997113e-01 -1.419107e-03 1.270676e+00 -1.548215e-01 -2.312087e-03 9.879398e-01 -6.861143e+01
9.908744e-01 2.484393e-02 1.324793e-01 3.505748e+00 -2.505138e-02 9.996861e-01 -1.009034e-04 1.267062e+00 -1.324402e-01 -3.218806e-03 9.911858e-01 -6.809683e+01
9.967220e-01 2.265896e-02 7.766517e-02 3.623078e+00 -2.267527e-02 9.997426e-01 -6.720681e-04 1.252875e+00 -7.766042e-02 -1.091213e-03 9.969793e-01 -6.650560e+01
9.976896e-01 2.382471e-02 6.362259e-02 3.647772e+00 -2.376342e-02 9.997161e-01 -1.720077e-03 1.243096e+00 -6.364552e-02 2.042134e-04 9.979726e-01 -6.595034e+01
9.984935e-01 2.468544e-02 4.900319e-02 3.663801e+00 -2.463006e-02 9.996951e-01 -1.733896e-03 1.234892e+00 -4.903106e-02 5.243325e-04 9.987971e-01 -6.537705e+01
9.990859e-01 2.432965e-02 3.514895e-02 3.673887e+00 -2.427315e-02 9.997033e-01 -2.033359e-03 1.227201e+00 -3.518799e-02 1.178325e-03 9.993800e-01 -6.479002e+01
9.994919e-01 2.378266e-02 2.122342e-02 3.677308e+00 -2.373981e-02 9.997156e-01 -2.269089e-03 1.218704e+00 -2.127135e-02 1.764096e-03 9.997722e-01 -6.418504e+01
9.997421e-01 2.163578e-02 6.896546e-03 3.675967e+00 -2.162676e-02 9.997651e-01 -1.379989e-03 1.209466e+00 -6.924784e-03 1.230483e-03 9.999753e-01 -6.356337e+01
9.996081e-01 2.260559e-02 -1.651398e-02 3.643049e+00 -2.265457e-02 9.997395e-01 -2.784274e-03 1.189755e+00 1.644674e-02 3.157300e-03 9.998598e-01 -6.227133e+01
9.993866e-01 2.440838e-02 -2.511346e-02 3.617203e+00 -2.451461e-02 9.996917e-01 -3.930484e-03 1.179028e+00 2.500978e-02 4.543720e-03 9.996769e-01 -6.160236e+01
9.992087e-01 2.419348e-02 -3.156876e-02 3.591227e+00 -2.437142e-02 9.996891e-01 -5.263790e-03 1.168096e+00 3.143160e-02 6.029001e-03 9.994877e-01 -6.091570e+01
9.988218e-01 2.390937e-02 -4.223003e-02 3.485568e+00 -2.413475e-02 9.996970e-01 -4.835105e-03 1.128869e+00 4.210163e-02 5.848619e-03 9.990962e-01 -5.876038e+01
9.987379e-01 2.258415e-02 -4.486119e-02 3.451301e+00 -2.274054e-02 9.997369e-01 -2.978665e-03 1.117531e+00 4.478212e-02 3.995074e-03 9.989888e-01 -5.801266e+01
9.983321e-01 1.997534e-02 -5.416615e-02 3.332427e+00 -1.976898e-02 9.997951e-01 4.342922e-03 1.084248e+00 5.424180e-02 -3.264868e-03 9.985225e-01 -5.572964e+01
9.981855e-01 1.817689e-02 -5.740457e-02 3.288581e+00 -1.784819e-02 9.998213e-01 6.233701e-03 1.074394e+00 5.750762e-02 -5.197821e-03 9.983315e-01 -5.496514e+01
9.980158e-01 1.599088e-02 -6.090020e-02 3.243097e+00 -1.559051e-02 9.998536e-01 7.043857e-03 1.064884e+00 6.100393e-02 -6.080413e-03 9.981190e-01 -5.420352e+01
9.975729e-01 1.343433e-02 -6.832136e-02 3.132861e+00 -1.297428e-02 9.998901e-01 7.172939e-03 1.049640e+00 6.841022e-02 -6.269107e-03 9.976376e-01 -5.267327e+01
9.970817e-01 1.308421e-02 -7.521229e-02 3.005492e+00 -1.259852e-02 9.998966e-01 6.928445e-03 1.035311e+00 7.529518e-02 -5.960660e-03 9.971435e-01 -5.114242e+01
9.968091e-01 1.439439e-02 -7.851386e-02 2.871709e+00 -1.388456e-02 9.998788e-01 7.035597e-03 1.018952e+00 7.860562e-02 -5.923015e-03 9.968882e-01 -4.961228e+01
9.967223e-01 1.575436e-02 -7.934992e-02 2.741985e+00 -1.522977e-02 9.998580e-01 7.212076e-03 9.980856e-01 7.945228e-02 -5.979954e-03 9.968207e-01 -4.808220e+01
9.967388e-01 1.496149e-02 -7.929668e-02 2.690256e+00 -1.438144e-02 9.998655e-01 7.881085e-03 9.818285e-01 7.940393e-02 -6.714980e-03 9.968199e-01 -4.731871e+01
9.967446e-01 1.486375e-02 -7.924244e-02 2.573747e+00 -1.412721e-02 9.998517e-01 9.847431e-03 9.515027e-01 7.937707e-02 -8.695896e-03 9.968067e-01 -4.579733e+01
9.968392e-01 1.512122e-02 -7.799320e-02 2.336487e+00 -1.439892e-02 9.998481e-01 9.815119e-03 9.025269e-01 7.812978e-02 -8.661074e-03 9.969056e-01 -4.278704e+01
9.969412e-01 1.407143e-02 -7.687796e-02 2.281395e+00 -1.340251e-02 9.998677e-01 9.210211e-03 8.911355e-01 7.699740e-02 -8.151679e-03 9.969980e-01 -4.204360e+01
9.971552e-01 1.526685e-02 -7.381333e-02 2.176053e+00 -1.467451e-02 9.998557e-01 8.560540e-03 8.564019e-01 7.393337e-02 -7.453010e-03 9.972353e-01 -4.057423e+01
9.973835e-01 1.101299e-02 -7.144915e-02 2.080478e+00 -1.021799e-02 9.998818e-01 1.148283e-02 8.233957e-01 7.156717e-02 -1.072272e-02 9.973782e-01 -3.914184e+01
9.975385e-01 1.450138e-02 -6.860468e-02 1.975410e+00 -1.355973e-02 9.998076e-01 1.417161e-02 7.933529e-01 6.879699e-02 -1.320646e-02 9.975433e-01 -3.775378e+01
9.975911e-01 1.163154e-02 -6.838716e-02 1.933230e+00 -1.088005e-02 9.998764e-01 1.135098e-02 7.801851e-01 6.851074e-02 -1.057958e-02 9.975943e-01 -3.707880e+01
9.976761e-01 1.322790e-02 -6.683900e-02 1.851613e+00 -1.290825e-02 9.999031e-01 5.212055e-03 7.422292e-01 6.690147e-02 -4.337166e-03 9.977502e-01 -3.575756e+01
9.976678e-01 1.683971e-02 -6.614729e-02 1.766675e+00 -1.667426e-02 9.998563e-01 3.052681e-03 7.015109e-01 6.618920e-02 -1.942603e-03 9.978052e-01 -3.445818e+01
9.977407e-01 1.690294e-02 -6.502116e-02 1.687773e+00 -1.682630e-02 9.998569e-01 1.726302e-03 6.642943e-01 6.504105e-02 -6.283357e-04 9.978824e-01 -3.317691e+01
9.976968e-01 1.980410e-02 -6.487657e-02 1.602843e+00 -1.984943e-02 9.998030e-01 -5.410991e-05 6.337501e-01 6.486272e-02 1.341749e-03 9.978933e-01 -3.191722e+01
9.976710e-01 2.092546e-02 -6.492156e-02 1.561553e+00 -2.098423e-02 9.997798e-01 -2.233501e-04 6.192475e-01 6.490259e-02 1.585160e-03 9.978904e-01 -3.129334e+01
9.976202e-01 1.987199e-02 -6.602279e-02 1.488055e+00 -1.983425e-02 9.998025e-01 1.227261e-03 5.854894e-01 6.603414e-02 8.517288e-05 9.978174e-01 -3.005921e+01
9.974953e-01 1.867459e-02 -6.822334e-02 1.412389e+00 -1.864367e-02 9.998256e-01 1.090053e-03 5.423823e-01 6.823181e-02 1.846116e-04 9.976695e-01 -2.884028e+01
9.973919e-01 1.794667e-02 -6.990941e-02 1.378315e+00 -1.800088e-02 9.998379e-01 -1.454070e-04 5.196914e-01 6.989547e-02 1.403459e-03 9.975533e-01 -2.823460e+01
9.972900e-01 1.785525e-02 -7.137127e-02 1.340783e+00 -1.798823e-02 9.998374e-01 -1.220747e-03 4.975266e-01 7.133787e-02 2.501282e-03 9.974491e-01 -2.763061e+01
9.968624e-01 1.672709e-02 -7.736671e-02 1.229249e+00 -1.686853e-02 9.998570e-01 -1.175021e-03 4.405908e-01 7.733599e-02 2.476397e-03 9.970020e-01 -2.583408e+01
9.964393e-01 1.412323e-02 -8.312192e-02 1.111448e+00 -1.407111e-02 9.999002e-01 1.212821e-03 4.026685e-01 8.313076e-02 -3.888419e-05 9.965387e-01 -2.406042e+01
9.960195e-01 1.531319e-02 -8.781003e-02 9.777518e-01 -1.498985e-02 9.998782e-01 4.340670e-03 3.707154e-01 8.786581e-02 -3.007132e-03 9.961278e-01 -2.232660e+01
9.959581e-01 1.522782e-02 -8.851843e-02 9.345741e-01 -1.488620e-02 9.998790e-01 4.518189e-03 3.612177e-01 8.857652e-02 -3.182222e-03 9.960643e-01 -2.176546e+01
9.959728e-01 1.671008e-02 -8.808480e-02 8.446471e-01 -1.634951e-02 9.998547e-01 4.813353e-03 3.428022e-01 8.815244e-02 -3.353823e-03 9.961014e-01 -2.067046e+01
9.961953e-01 1.808206e-02 -8.525296e-02 7.667103e-01 -1.775132e-02 9.998317e-01 4.636151e-03 3.282057e-01 8.532245e-02 -3.105158e-03 9.963486e-01 -1.961995e+01
9.963115e-01 1.751696e-02 -8.400374e-02 7.322119e-01 -1.719502e-02 9.998418e-01 4.554529e-03 3.216458e-01 8.407023e-02 -3.093281e-03 9.964550e-01 -1.911160e+01
9.964352e-01 1.741058e-02 -8.254563e-02 6.995025e-01 -1.711505e-02 9.998443e-01 4.286617e-03 3.170837e-01 8.260742e-02 -2.858562e-03 9.965781e-01 -1.861591e+01
9.970070e-01 1.748905e-02 -7.530741e-02 5.073413e-01 -1.725051e-02 9.998439e-01 3.816955e-03 2.644759e-01 7.536241e-02 -2.506439e-03 9.971531e-01 -1.588581e+01
9.971014e-01 1.689157e-02 -7.418600e-02 4.756959e-01 -1.658801e-02 9.998513e-01 4.706318e-03 2.538892e-01 7.425447e-02 -3.462077e-03 9.972333e-01 -1.546492e+01
9.971570e-01 1.791011e-02 -7.319266e-02 4.466098e-01 -1.751485e-02 9.998283e-01 6.038704e-03 2.450817e-01 7.328825e-02 -4.739576e-03 9.972995e-01 -1.509502e+01
9.974811e-01 1.775533e-02 -6.867415e-02 3.139292e-01 -1.750788e-02 9.998379e-01 4.203478e-03 1.822253e-01 6.873765e-02 -2.990549e-03 9.976303e-01 -1.319914e+01
9.975144e-01 1.770598e-02 -6.820197e-02 2.995160e-01 -1.752495e-02 9.998411e-01 3.251797e-03 1.737489e-01 6.824871e-02 -2.048477e-03 9.976662e-01 -1.293035e+01
9.975812e-01 1.659670e-02 -6.749996e-02 2.755991e-01 -1.667070e-02 9.998609e-01 -5.331868e-04 1.593153e-01 6.748173e-02 1.657170e-03 9.977191e-01 -1.241089e+01
9.976508e-01 1.500216e-02 -6.684188e-02 2.255563e-01 -1.498764e-02 9.998874e-01 7.187733e-04 1.287714e-01 6.684514e-02 2.847181e-04 9.977633e-01 -1.114019e+01
9.975848e-01 1.401580e-02 -6.803061e-02 1.839541e-01 -1.400228e-02 9.999017e-01 6.756579e-04 1.141874e-01 6.803340e-02 2.785584e-04 9.976830e-01 -1.039814e+01
9.974119e-01 1.263380e-02 -7.078135e-02 1.693736e-01 -1.260315e-02 9.999202e-01 8.796708e-04 1.079282e-01 7.078682e-02 1.467454e-05 9.974915e-01 -1.015224e+01
9.935955e-01 1.699499e-02 -1.117099e-01 1.685971e-02 -1.704867e-02 9.998545e-01 4.747517e-04 6.895291e-02 1.117017e-01 1.432795e-03 9.937408e-01 -8.476707e+00
9.925869e-01 2.045444e-02 -1.198039e-01 -1.817262e-01 -2.059847e-02 9.997878e-01 3.617791e-05 3.554511e-02 1.197792e-01 2.431867e-03 9.927976e-01 -6.867589e+00
9.931455e-01 2.053147e-02 -1.150672e-01 -2.343012e-01 -2.060297e-02 9.997875e-01 5.680283e-04 1.689914e-02 1.150545e-01 1.806593e-03 9.933576e-01 -6.412690e+00
9.937384e-01 2.000421e-02 -1.099265e-01 -2.848702e-01 -2.016031e-02 9.997967e-01 -3.086507e-04 -2.995286e-03 1.098980e-01 2.522872e-03 9.939397e-01 -5.965868e+00
9.979956e-01 1.365422e-02 -6.179300e-02 -4.408512e-01 -1.383024e-02 9.999014e-01 -2.421699e-03 -6.990187e-02 6.175385e-02 3.271457e-03 9.980861e-01 -3.181643e+00
9.985646e-01 1.176395e-02 -5.225319e-02 -4.645429e-01 -1.181092e-02 9.999300e-01 -5.901061e-04 -8.065293e-02 5.224260e-02 1.206418e-03 9.986337e-01 -2.555900e+00
9.993061e-01 9.288550e-03 -3.606926e-02 -4.929063e-01 -9.208702e-03 9.999547e-01 2.379288e-03 -9.990064e-02 3.608973e-02 -2.045485e-03 9.993465e-01 -1.206877e+00
9.995564e-01 9.955033e-03 -2.806965e-02 -5.209827e-01 -1.007002e-02 9.999414e-01 -3.958041e-03 -1.196282e-01 2.802860e-02 4.238947e-03 9.995981e-01 2.785206e-01
9.855441e-01 1.649497e-02 -1.686140e-01 -6.694622e-01 -1.681574e-02 9.998585e-01 -4.745488e-04 -1.454802e-01 1.685824e-01 3.303060e-03 9.856820e-01 5.262875e+00
9.757233e-01 2.050991e-02 -2.180445e-01 -8.389403e-01 -1.978829e-02 9.997891e-01 5.492856e-03 -1.577788e-01 2.181111e-01 -1.044778e-03 9.759234e-01 5.951591e+00
9.672756e-01 2.504079e-02 -2.524895e-01 -1.032008e+00 -2.260711e-02 9.996658e-01 1.253566e-02 -1.682553e-01 2.527191e-01 -6.417376e-03 9.675184e-01 6.626423e+00
9.642284e-01 3.710697e-02 -2.624626e-01 -1.229340e+00 -3.316120e-02 9.992607e-01 1.944876e-02 -1.749966e-01 2.629903e-01 -1.004947e-02 9.647462e-01 7.289411e+00
9.696547e-01 3.102355e-02 -2.425020e-01 -1.438607e+00 -2.646382e-02 9.994068e-01 2.203852e-02 -1.800396e-01 2.430419e-01 -1.495222e-02 9.699006e-01 8.249384e+00
9.743542e-01 2.970305e-02 -2.230505e-01 -1.531094e+00 -2.465981e-02 9.993741e-01 2.536228e-02 -1.800686e-01 2.236643e-01 -1.921146e-02 9.744769e-01 8.751345e+00
9.801784e-01 2.710182e-02 -1.962547e-01 -1.603789e+00 -2.312220e-02 9.994785e-01 2.254117e-02 -1.880929e-01 1.967632e-01 -1.755652e-02 9.802938e-01 9.232185e+00
9.821755e-01 2.517525e-02 -1.862725e-01 -1.643540e+00 -2.371988e-02 9.996682e-01 1.003805e-02 -1.932834e-01 1.864634e-01 -5.440765e-03 9.824468e-01 9.371050e+00
