0.207894 0.0000772 -0.0005766 0.0007224 0.0002956 -0.0000166 0.0003325 0.9999999
0.623377 -0.0045690 -0.0015143 0.0347694 0.0023041 -0.0207541 -0.0000748 0.9997820
0.727122 -0.0064717 -0.0017842 0.0453074 0.0022031 -0.0289136 -0.0000413 0.9995795
2.697329 -0.1617765 -0.0064666 0.3045804 0.0030175 -0.3535372 -0.0131372 0.9353234
2.904641 -0.1965274 -0.0064620 0.3307365 0.0006417 -0.4069040 -0.0081271 0.9134346
3.008248 -0.2165045 -0.0067219 0.3428829 -0.0007181 -0.4331431 -0.0074263 0.9012943
3.526893 -0.3373009 -0.0064510 0.3886825 -0.0072196 -0.5630019 -0.0076839 0.8263883
3.838251 -0.4312665 -0.0065294 0.4045613 -0.0123589 -0.6297146 -0.0069320 0.7766973
3.942122 -0.4664591 -0.0060822 0.4068105 -0.0116365 -0.6482660 -0.0080190 0.7612828
4.358512 -0.6225592 -0.0031878 0.4073545 -0.0077555 -0.7020835 -0.0068901 0.7120190
4.462646 -0.6655347 -0.0025564 0.4050278 -0.0068973 -0.7116466 -0.0063227 0.7024753
4.566885 -0.7095957 -0.0018195 0.4020376 -0.0058083 -0.7189022 -0.0057668 0.6950630
4.671250 -0.7552502 -0.0010082 0.3989177 -0.0056155 -0.7244620 -0.0054325 0.6892704
4.984250 -0.9015552 -0.0005869 0.3854421 -0.0058545 -0.7345431 -0.0075188 0.6784952
5.088502 -0.9525997 -0.0000009 0.3807661 -0.0062426 -0.7360790 -0.0077959 0.6768220
5.192878 -1.0048472 0.0007669 0.3762330 -0.0072114 -0.7365019 -0.0072246 0.6763585
5.505749 -1.1722221 0.0024321 0.3618895 -0.0084499 -0.7350301 -0.0093282 0.6779177
5.610008 -1.2302313 0.0033369 0.3570503 -0.0068744 -0.7345077 -0.0090515 0.6785052
5.714253 -1.2895845 0.0044622 0.3524033 -0.0067817 -0.7340665 -0.0090738 0.6789830
5.922523 -1.4137453 0.0066578 0.3423173 -0.0086477 -0.7326999 -0.0116114 0.6803979
6.130876 -1.5419044 0.0085218 0.3326128 -0.0083895 -0.7314589 -0.0129325 0.6817113
6.235023 -1.6076928 0.0096454 0.3276924 -0.0065958 -0.7309312 -0.0127938 0.6822994
6.339025 -1.6748693 0.0109034 0.3227817 -0.0060316 -0.7303624 -0.0129252 0.6829109
6.547271 -1.8120930 0.0137184 0.3138988 -0.0092333 -0.7294899 -0.0125367 0.6838143
6.755380 -1.9520133 0.0155299 0.3044024 -0.0086947 -0.7288133 -0.0111017 0.6845673
6.859377 -2.0212529 0.0158992 0.2999178 -0.0068474 -0.7287606 -0.0080665 0.6846868
7.067377 -2.1646349 0.0178550 0.2910719 -0.0069100 -0.7289734 -0.0050606 0.6844884
7.171256 -2.2374835 0.0182558 0.2862796 -0.0093837 -0.7289923 -0.0079398 0.6844115
7.275272 -2.3105567 0.0189336 0.2811098 -0.0112847 -0.7290043 -0.0111921 0.6843246
7.483251 -2.4556508 0.0213096 0.2707167 -0.0119352 -0.7291083 -0.0145235 0.6841401
7.691129 -2.6009014 0.0240835 0.2601697 -0.0097414 -0.7294755 -0.0124484 0.6838243
7.899003 -2.7448897 0.0262759 0.2499619 -0.0100143 -0.7293069 -0.0146766 0.6839560
8.107005 -2.8875763 0.0287262 0.2405585 -0.0070514 -0.7292420 -0.0127329 0.6841011
8.315006 -3.0312223 0.0305995 0.2306905 -0.0055578 -0.7288677 -0.0117716 0.6845309
8.522877 -3.1734207 0.0322305 0.2215529 -0.0084912 -0.7284680 -0.0141651 0.6848807
8.730751 -3.3169448 0.0344079 0.2114709 -0.0117807 -0.7280697 -0.0171267 0.6851878
8.938756 -3.4586127 0.0372246 0.2027100 -0.0103086 -0.7280304 -0.0155140 0.6852917
9.146631 -3.6004157 0.0395706 0.1926716 -0.0060993 -0.7277813 -0.0145691 0.6856274
9.354505 -3.7405891 0.0407039 0.1836488 -0.0045175 -0.7281417 -0.0136916 0.6852750
9.562503 -3.8812096 0.0422560 0.1751129 -0.0052572 -0.7288563 -0.0088177 0.6845897
9.770380 -4.0206890 0.0426900 0.1662163 -0.0095676 -0.7301960 -0.0113565 0.6830764
9.978133 -4.1589937 0.0441649 0.1564191 -0.0111523 -0.7313411 -0.0120226 0.6818147
10.290010 -4.3609824 0.0461489 0.1388716 -0.0041112 -0.7324309 -0.0133379 0.6806982
10.393880 -4.4282293 0.0464966 0.1332631 -0.0039777 -0.7328510 -0.0142809 0.6802277
10.601750 -4.5609403 0.0472993 0.1223891 -0.0035384 -0.7336463 -0.0153305 0.6793494
10.809650 -4.6917109 0.0484828 0.1120727 -0.0042924 -0.7340633 -0.0157096 0.6788857
11.017510 -4.8203421 0.0496816 0.1019551 -0.0071478 -0.7342162 -0.0181273 0.6786361
11.225380 -4.9477582 0.0520113 0.0910107 -0.0078565 -0.7345345 -0.0185080 0.6782734
11.433260 -5.0714283 0.0538610 0.0803194 -0.0062811 -0.7347601 -0.0161517 0.6781057
11.641130 -5.1903710 0.0550634 0.0702545 -0.0041880 -0.7342899 -0.0146000 0.6786661
11.745130 -5.2475967 0.0550954 0.0654290 -0.0032626 -0.7334943 -0.0152967 0.6795156
11.953260 -5.3591342 0.0559360 0.0573594 -0.0042250 -0.7301005 -0.0159092 0.6831415
12.057260 -5.4125848 0.0564517 0.0543158 -0.0050926 -0.7276251 -0.0160462 0.6857684
12.473910 -5.6134014 0.0582622 0.0484324 -0.0045949 -0.7087542 -0.0205147 0.7051422
12.786780 -5.7458367 0.0598160 0.0574443 -0.0053541 -0.6810811 -0.0194499 0.7319301
12.891130 -5.7865810 0.0603093 0.0633337 -0.0057752 -0.6684583 -0.0186673 0.7434928
12.995510 -5.8258300 0.0611390 0.0707722 -0.0062498 -0.6542788 -0.0182419 0.7560076
13.830760 -6.0887151 0.0633745 0.1951329 -0.0114344 -0.4869862 -0.0036905 0.8733270
13.935130 -6.1162400 0.0635883 0.2188792 -0.0137117 -0.4637657 -0.0002857 0.8858517
14.039380 -6.1418176 0.0634601 0.2442321 -0.0165694 -0.4399235 0.0045007 0.8978711
14.352150 -6.2129269 0.0640743 0.3248371 -0.0056666 -0.3640741 0.0073379 0.9313238
14.664880 -6.2756400 0.0641779 0.4248087 0.0019105 -0.2806119 0.0072874 0.9597918
14.769010 -6.2946329 0.0639753 0.4629452 0.0035451 -0.2525427 0.0061002 0.9675601
14.977150 -6.3292832 0.0621638 0.5463800 0.0031779 -0.2020769 0.0021875 0.9793621
15.081160 -6.3450928 0.0616531 0.5908754 0.0044242 -0.1799199 -0.0001659 0.9836713
15.185010 -6.3599787 0.0609613 0.6375279 0.0039809 -0.1607712 -0.0026612 0.9869801
15.288760 -6.3735614 0.0599976 0.6861615 0.0029599 -0.1450593 -0.0025745 0.9894152
15.392480 -6.3862557 0.0593258 0.7361037 0.0021150 -0.1324116 -0.0023505 0.9911898
15.703610 -6.4226747 0.0575202 0.8973804 -0.0007990 -0.1044900 -0.0055835 0.9945099
15.911010 -6.4447327 0.0564583 1.0125322 -0.0012594 -0.0910602 -0.0066486 0.9958224
16.014760 -6.4544015 0.0559854 1.0719694 -0.0011302 -0.0841250 -0.0067027 0.9964320
16.118550 -6.4641285 0.0556596 1.1331683 -0.0014888 -0.0766900 -0.0070374 0.9970291
16.429890 -6.4885716 0.0535119 1.3246746 0.0021840 -0.0577279 -0.0087484 0.9982916
16.533760 -6.4955230 0.0527828 1.3901385 0.0052376 -0.0528990 -0.0078514 0.9985552
16.637520 -6.5020251 0.0521143 1.4575429 0.0052981 -0.0488198 -0.0079209 0.9987621
16.741260 -6.5084462 0.0507884 1.5263082 0.0021979 -0.0456073 -0.0086396 0.9989197
16.948890 -6.5215940 0.0482848 1.6634899 -0.0037762 -0.0408673 -0.0109499 0.9990975
17.156420 -6.5324016 0.0467276 1.7989770 -0.0029162 -0.0376164 -0.0103132 0.9992348
17.260280 -6.5373082 0.0460238 1.8673595 -0.0040673 -0.0362391 -0.0093816 0.9992908
17.467890 -6.5466547 0.0445967 2.0034034 -0.0062660 -0.0335341 -0.0073995 0.9993905
17.571660 -6.5514870 0.0437989 2.0708654 -0.0044385 -0.0321073 -0.0071528 0.9994490
17.779390 -6.5608201 0.0419360 2.2039797 0.0030401 -0.0304086 -0.0089500 0.9994929
17.883140 -6.5655308 0.0407576 2.2712018 0.0050778 -0.0297007 -0.0095221 0.9995006
17.987010 -6.5697875 0.0389400 2.3384421 0.0041994 -0.0287442 -0.0102195 0.9995257
18.090880 -6.5743437 0.0373313 2.4053662 0.0022950 -0.0274703 -0.0118147 0.9995502
18.298510 -6.5819879 0.0349037 2.5387301 -0.0012086 -0.0252904 -0.0120495 0.9996068
18.506260 -6.5882587 0.0319097 2.6710150 -0.0013097 -0.0241575 -0.0096397 0.9996608
18.713910 -6.5951157 0.0301922 2.8043544 0.0001584 -0.0233117 -0.0085206 0.9996919
18.921640 -6.6019850 0.0281350 2.9391749 -0.0003407 -0.0225336 -0.0094256 0.9997016
19.129390 -6.6092429 0.0264032 3.0754020 0.0001917 -0.0233215 -0.0094102 0.9996837
19.337010 -6.6171050 0.0244556 3.2135127 0.0000120 -0.0259168 -0.0092114 0.9996217
19.544760 -6.6271415 0.0219414 3.3524623 0.0025888 -0.0284763 -0.0113064 0.9995272
19.752390 -6.6367855 0.0197214 3.4942663 0.0051485 -0.0307121 -0.0115215 0.9994486
19.960140 -6.6472416 0.0161753 3.6370723 0.0038937 -0.0328474 -0.0105681 0.9993969
20.167930 -6.6582260 0.0135516 3.7831089 0.0011519 -0.0343308 -0.0099812 0.9993600
20.375760 -6.6689973 0.0117582 3.9311485 -0.0021843 -0.0346054 -0.0095881 0.9993527
20.583640 -6.6803570 0.0104093 4.0805192 -0.0015295 -0.0325862 -0.0111361 0.9994057
20.791530 -6.6901817 0.0081023 4.2309785 0.0003332 -0.0309610 -0.0082939 0.9994861
20.999260 -6.6998291 0.0056664 4.3812475 -0.0008580 -0.0296742 -0.0061137 0.9995406
21.207140 -6.7079968 0.0036528 4.5315442 -0.0022282 -0.0287280 -0.0049843 0.9995723
21.415040 -6.7179604 0.0009478 4.6787467 0.0023672 -0.0278265 -0.0071710 0.9995843
21.622900 -6.7281408 -0.0030535 4.8237271 0.0078289 -0.0267466 -0.0107440 0.9995539
21.830760 -6.7367320 -0.0066922 4.9698210 0.0053386 -0.0262406 -0.0090291 0.9996006
22.038660 -6.7449746 -0.0111491 5.1145234 -0.0030456 -0.0271368 -0.0078045 0.9995966
22.246540 -6.7529955 -0.0133855 5.2557802 -0.0002927 -0.0295196 -0.0043387 0.9995548
22.350390 -6.7574539 -0.0147678 5.3261914 0.0005351 -0.0308046 -0.0036119 0.9995188
22.454390 -6.7629642 -0.0164425 5.3957667 0.0017600 -0.0319480 -0.0049069 0.9994760
22.558370 -6.7681808 -0.0180822 5.4650440 0.0034134 -0.0337510 -0.0058141 0.9994075
22.662270 -6.7736816 -0.0199375 5.5335903 0.0050555 -0.0357330 -0.0061644 0.9993296
22.766140 -6.7796812 -0.0221469 5.6018066 0.0070948 -0.0372835 -0.0072239 0.9992535
22.870160 -6.7858815 -0.0242152 5.6708193 0.0072946 -0.0388631 -0.0095139 0.9991726
22.974020 -6.7923737 -0.0259558 5.7387366 0.0064244 -0.0407087 -0.0113029 0.9990864
23.078010 -6.7989969 -0.0278378 5.8065643 0.0035636 -0.0426188 -0.0126628 0.9990048
23.285910 -6.8127484 -0.0308502 5.9407830 -0.0012156 -0.0473221 -0.0121349 0.9988052
23.493760 -6.8267632 -0.0327035 6.0735011 -0.0035687 -0.0537183 -0.0109514 0.9984897
23.701510 -6.8437762 -0.0345108 6.2044697 -0.0025523 -0.0599540 -0.0136846 0.9981041
23.805540 -6.8526268 -0.0354257 6.2688046 -0.0005728 -0.0629940 -0.0147398 0.9979049
24.013390 -6.8705244 -0.0379656 6.3955431 0.0013596 -0.0688498 -0.0148583 0.9975154
24.221270 -6.8914504 -0.0390964 6.5237746 -0.0031159 -0.0743121 -0.0158611 0.9971040
24.429140 -6.9119606 -0.0413893 6.6475377 -0.0024746 -0.0811050 -0.0143769 0.9965988
24.636890 -6.9344668 -0.0430692 6.7700114 0.0019383 -0.0899445 -0.0128320 0.9958622
24.844640 -6.9601607 -0.0448635 6.8915138 -0.0022482 -0.1010402 -0.0119442 0.9948081
25.052390 -6.9882002 -0.0463538 7.0124621 -0.0078496 -0.1129494 -0.0121683 0.9934952
25.260140 -7.0204048 -0.0471965 7.1289911 -0.0004584 -0.1248267 -0.0147879 0.9920682
25.467890 -7.0539851 -0.0474830 7.2463560 -0.0005618 -0.1374037 -0.0127689 0.9904327
25.675640 -7.0913992 -0.0485509 7.3645825 -0.0068524 -0.1495944 -0.0123903 0.9886461
25.883390 -7.1307030 -0.0491918 7.4805717 -0.0038194 -0.1621015 -0.0108097 0.9867075
26.091270 -7.1722236 -0.0505976 7.5955806 0.0021441 -0.1709268 -0.0077263 0.9852511
26.299290 -7.2162127 -0.0524095 7.7109165 0.0038484 -0.1791436 -0.0106305 0.9837580
26.507020 -7.2627506 -0.0543375 7.8271499 -0.0008046 -0.1875313 -0.0100708 0.9822066
26.714890 -7.3123698 -0.0557873 7.9438314 -0.0075335 -0.1941904 -0.0148130 0.9808231
26.922890 -7.3641405 -0.0563560 8.0578499 -0.0015337 -0.2000871 -0.0175448 0.9796198
27.130890 -7.4143968 -0.0570922 8.1731024 0.0020486 -0.2049248 -0.0149508 0.9786614
27.338640 -7.4682512 -0.0586046 8.2888947 -0.0021380 -0.2101563 -0.0184225 0.9774919
27.442660 -7.4948483 -0.0596204 8.3467007 -0.0015128 -0.2129227 -0.0167808 0.9769238
27.546520 -7.5225925 -0.0604850 8.4037447 0.0016568 -0.2153612 -0.0166671 0.9763908
27.650520 -7.5502276 -0.0609185 8.4605799 0.0049784 -0.2178932 -0.0160207 0.9758284
27.754390 -7.5778084 -0.0616496 8.5174809 0.0059086 -0.2205424 -0.0167261 0.9752160
27.962300 -7.6346822 -0.0643013 8.6310520 0.0028907 -0.2248965 -0.0184627 0.9742035
28.170020 -7.6916227 -0.0662214 8.7438622 0.0029631 -0.2299736 -0.0179501 0.9730268
28.274040 -7.7203436 -0.0676137 8.7996216 0.0028351 -0.2322134 -0.0170760 0.9725108
28.377890 -7.7495027 -0.0684837 8.8549204 0.0024890 -0.2344215 -0.0166286 0.9719896
28.481890 -7.7789450 -0.0693026 8.9099312 0.0025141 -0.2367010 -0.0175622 0.9714206
28.585770 -7.8082342 -0.0703426 8.9641256 0.0025862 -0.2389623 -0.0177683 0.9708628
28.793670 -7.8659654 -0.0728997 9.0705967 0.0063744 -0.2438560 -0.0153912 0.9696684
28.897520 -7.8954206 -0.0741586 9.1237307 0.0075841 -0.2460022 -0.0148511 0.9691258
29.001520 -7.9249668 -0.0753237 9.1762733 0.0056939 -0.2479041 -0.0153952 0.9686455
29.105390 -7.9539146 -0.0764981 9.2287102 0.0014173 -0.2498655 -0.0162628 0.9681429
29.313270 -8.0118322 -0.0782901 9.3313427 -0.0062036 -0.2528542 -0.0151194 0.9673663
29.417270 -8.0399742 -0.0782532 9.3808613 -0.0061755 -0.2544042 -0.0133689 0.9669859
29.625020 -8.0944710 -0.0791803 9.4758625 -0.0032526 -0.2580294 -0.0123111 0.9660531
29.832900 -8.1468973 -0.0801376 9.5648661 -0.0028901 -0.2607317 -0.0106821 0.9653479
30.040770 -8.1968498 -0.0811292 9.6478786 -0.0041454 -0.2631725 -0.0105052 0.9646827
30.456270 -8.2862320 -0.0817606 9.7930918 -0.0022508 -0.2676960 -0.0086246 0.9634622
30.664040 -8.3255739 -0.0816750 9.8560705 0.0005312 -0.2711277 -0.0058828 0.9625252
31.079540 -8.3979483 -0.0834750 9.9663992 -0.0028369 -0.2829677 -0.0084487 0.9590880
31.598390 -8.4712906 -0.0842635 10.0675325 -0.0107018 -0.3074557 -0.0060693 0.9514828
31.909520 -8.5104828 -0.0849658 10.1113501 -0.0097732 -0.3348594 -0.0067262 0.9421934
33.776420 -8.7658863 -0.0848544 10.2524033 -0.0023157 -0.5679923 -0.0189914 0.8228115
33.983650 -8.8087616 -0.0841274 10.2594795 -0.0021849 -0.6042152 -0.0179466 0.7966161
34.294770 -8.8833895 -0.0823407 10.2622833 -0.0019342 -0.6613013 -0.0161294 0.7499444
34.502140 -8.9396057 -0.0809041 10.2597656 -0.0052943 -0.7000613 -0.0162455 0.7138783
34.605900 -8.9690266 -0.0799682 10.2562122 -0.0072117 -0.7189486 -0.0158688 0.6948447
34.813400 -9.0302515 -0.0778849 10.2439318 -0.0105173 -0.7554113 -0.0149145 0.6549968
35.021020 -9.0942545 -0.0760561 10.2238512 -0.0131927 -0.7883573 -0.0144589 0.6149063
35.124770 -9.1282787 -0.0748100 10.2114906 -0.0151061 -0.8035850 -0.0132006 0.5948519
35.332520 -9.1989613 -0.0729418 10.1806726 -0.0190266 -0.8315766 -0.0107599 0.5549797
35.540420 -9.2726536 -0.0704550 10.1391420 -0.0215409 -0.8556583 -0.0093420 0.5170083
35.852770 -9.3903589 -0.0664871 10.0594940 0.0205589 0.8802018 0.0094204 -0.4740607
35.957050 -9.4316120 -0.0652400 10.0292110 0.0196961 0.8851607 0.0094217 -0.4647729
36.374170 -9.6104422 -0.0591527 9.8912210 0.0211907 0.8970581 0.0099085 -0.4412929
36.686900 -9.7555580 -0.0539523 9.7732000 0.0209275 0.9016702 0.0108056 -0.4317825
36.791110 -9.8061457 -0.0522644 9.7321148 0.0213836 0.9026294 0.0108625 -0.4297498
37.103550 -9.9639378 -0.0467031 9.6020250 0.0221122 0.9036893 0.0105510 -0.4274873
37.311780 -10.0731468 -0.0429553 9.5099859 0.0223975 0.9040013 0.0094575 -0.4268378
37.415890 -10.1296453 -0.0405746 9.4623652 0.0224756 0.9041738 0.0097941 -0.4264607
37.624150 -10.2436953 -0.0369755 9.3639879 0.0224802 0.9046174 0.0125363 -0.4254465
37.728150 -10.3026199 -0.0348955 9.3147049 0.0228309 0.9048396 0.0122696 -0.4249630
38.040280 -10.4839993 -0.0283863 9.1605425 0.0236884 0.9054285 0.0100064 -0.4237193
38.144280 -10.5448580 -0.0265487 9.1072216 0.0247882 0.9056699 0.0093119 -0.4231559
38.248280 -10.6078472 -0.0246181 9.0537014 0.0242949 0.9059609 0.0081590 -0.4225850
38.456150 -10.7322140 -0.0202834 8.9440031 0.0213903 0.9065247 0.0049716 -0.4215813
38.560150 -10.7968807 -0.0187178 8.8887663 0.0199138 0.9064832 0.0052510 -0.4217393
38.664150 -10.8604965 -0.0175832 8.8322306 0.0198656 0.9064265 0.0063199 -0.4218488
38.872030 -10.9925041 -0.0146549 8.7206554 0.0213675 0.9064893 0.0087100 -0.4215977
39.079900 -11.1216087 -0.0109216 8.6075592 0.0226992 0.9066286 0.0095741 -0.4212097
39.287780 -11.2544842 -0.0080475 8.4945192 0.0223484 0.9066586 0.0102842 -0.4211471
39.495830 -11.3826857 -0.0032195 8.3782959 0.0225928 0.9068629 0.0115774 -0.4206604
39.703630 -11.5148582 0.0006115 8.2653475 0.0229578 0.9070807 0.0117571 -0.4201658
39.807870 -11.5789518 0.0028102 8.2087536 0.0232277 0.9072607 0.0111882 -0.4197778
39.911280 -11.6449623 0.0043445 8.1527977 0.0236063 0.9075555 0.0108201 -0.4191286
40.015280 -11.7101212 0.0063542 8.0964785 0.0237983 0.9077588 0.0107927 -0.4186777
40.119140 -11.7760353 0.0077374 8.0400581 0.0235524 0.9080241 0.0108170 -0.4181155
40.223030 -11.8408394 0.0096975 7.9846745 0.0231583 0.9082451 0.0105612 -0.4176638
40.430770 -11.9705877 0.0129671 7.8723216 0.0221462 0.9084351 0.0105478 -0.4173055
40.534990 -12.0352182 0.0146519 7.8161378 0.0206566 0.9084892 0.0113923 -0.4172419
40.638670 -12.0993347 0.0161701 7.7599134 0.0200456 0.9082611 0.0116733 -0.4177603
40.742540 -12.1631813 0.0181082 7.7046113 0.0196466 0.9080088 0.0111849 -0.4183408
40.950400 -12.2926483 0.0214553 7.5945106 0.0190910 0.9073440 0.0107845 -0.4198168
41.158230 -12.4222870 0.0253365 7.4835567 0.0221313 0.9066640 0.0130845 -0.4210693
41.365930 -12.5525064 0.0298497 7.3742580 0.0252928 0.9064034 0.0162592 -0.4213417
41.469820 -12.6173296 0.0319335 7.3200760 0.0245036 0.9063991 0.0143031 -0.4214683
41.573580 -12.6813202 0.0345164 7.2663960 0.0233167 0.9065326 0.0122609 -0.4213129
41.677410 -12.7451115 0.0366181 7.2122536 0.0234682 0.9065510 0.0120409 -0.4212714
41.781210 -12.8089838 0.0388128 7.1580501 0.0238697 0.9066005 0.0136229 -0.4210941
41.988800 -12.9358826 0.0427078 7.0496316 0.0247024 0.9068046 0.0131325 -0.4206218
42.092740 -12.9986353 0.0452183 6.9965720 0.0245472 0.9070251 0.0122886 -0.4201808
42.300170 -13.1239929 0.0495252 6.8894448 0.0255420 0.9073299 0.0148262 -0.4193809
42.507790 -13.2486515 0.0548237 6.7827458 0.0274153 0.9076403 0.0158973 -0.4185507
42.611550 -13.3105755 0.0570519 6.7297068 0.0276653 0.9078477 0.0150646 -0.4181152
42.715290 -13.3717184 0.0595774 6.6768494 0.0274312 0.9080186 0.0141140 -0.4177923
42.819190 -13.4328642 0.0617399 6.6238670 0.0261661 0.9080391 0.0140999 -0.4178295
43.026850 -13.5538855 0.0662703 6.5188532 0.0243767 0.9078069 0.0143581 -0.4184330
43.130550 -13.6143551 0.0679243 6.4663448 0.0236361 0.9076632 0.0147964 -0.4187719
43.234430 -13.6748495 0.0708409 6.4143257 0.0230103 0.9075314 0.0151790 -0.4190785
43.338330 -13.7345448 0.0724553 6.3629832 0.0234951 0.9073896 0.0150649 -0.4193628
43.442050 -13.7936029 0.0744872 6.3116140 0.0228292 0.9072020 0.0147256 -0.4198173
43.545910 -13.8529673 0.0761139 6.2605243 0.0223114 0.9070694 0.0142778 -0.4201469
43.649770 -13.9123516 0.0781371 6.2101302 0.0227207 0.9070162 0.0141078 -0.4202456
43.857500 -14.0303726 0.0818479 6.1104770 0.0250347 0.9067869 0.0139420 -0.4206142
43.961280 -14.0887966 0.0839203 6.0608602 0.0242720 0.9067388 0.0130386 -0.4207918
44.065190 -14.1467323 0.0859632 6.0114708 0.0242054 0.9066338 0.0107934 -0.4210852
44.169050 -14.2042179 0.0875019 5.9627681 0.0240102 0.9064307 0.0099409 -0.4215545
44.272790 -14.2609615 0.0889876 5.9144473 0.0229296 0.9062705 0.0109205 -0.4219345
44.376660 -14.3174553 0.0900766 5.8663239 0.0229237 0.9062060 0.0115936 -0.4220555
44.480540 -14.3730478 0.0913722 5.8197885 0.0228928 0.9062904 0.0115742 -0.4218765
44.584310 -14.4276438 0.0929944 5.7734179 0.0228151 0.9063069 0.0110914 -0.4218581
44.688220 -14.4815140 0.0943207 5.7274246 0.0228406 0.9062216 0.0110840 -0.4220402
44.895870 -14.5865221 0.0962884 5.6378646 0.0221581 0.9062423 0.0115714 -0.4220191
45.103550 -14.6883144 0.0982535 5.5513802 0.0223615 0.9063222 0.0118977 -0.4218274
45.311220 -14.7880783 0.1004379 5.4670753 0.0236623 0.9063851 0.0138078 -0.4215632
45.518940 -14.8854399 0.1047585 5.3847342 0.0253426 0.9065529 0.0143405 -0.4210866
45.726540 -14.9788933 0.1075665 5.3063726 0.0273034 0.9068289 0.0139448 -0.4203824
45.934310 -15.0665607 0.1100259 5.2302685 0.0282705 0.9072690 0.0137137 -0.4193754
46.245920 -15.1906109 0.1142399 5.1221037 0.0310105 0.9101709 0.0106490 -0.4129332
46.453430 -15.2679625 0.1166158 5.0513268 0.0333262 0.9146178 0.0097146 -0.4028267
46.660970 -15.3401470 0.1184483 4.9810147 0.0356625 0.9206285 0.0090334 -0.3887025
46.868310 -15.4069567 0.1203438 4.9103360 0.0392544 0.9285249 0.0073104 -0.3691168
47.282920 -15.5137758 0.1235992 4.7667174 0.0365237 0.9493905 0.0105487 -0.3117891
47.593870 -15.5739021 0.1254519 4.6565742 0.0337721 0.9670157 0.0127463 -0.2521459
47.801160 -15.6017256 0.1266943 4.5807600 0.0240864 0.9780135 0.0127265 -0.2067547
48.631190 -15.6368036 0.1270486 4.2770476 0.0064616 0.9997793 0.0179651 -0.0087644
48.734910 -15.6325579 0.1278259 4.2397389 0.0085510 0.9996574 0.0176458 0.0173368
48.838780 -15.6278934 0.1277734 4.2029371 0.0128489 0.9988304 0.0169496 0.0434210
49.254030 -15.5877190 0.1284941 4.0642948 0.0162045 0.9897527 0.0128644 0.1412854
49.357910 -15.5765467 0.1288269 4.0355401 0.0189999 0.9870476 0.0133625 0.1587372
49.461780 -15.5662823 0.1287030 4.0152302 0.0199632 0.9864814 0.0140019 0.1620486
49.773780 -15.5193062 0.1289475 3.9075127 0.0206048 0.9679136 0.0083072 0.2502993
50.086410 -15.4189072 0.1298867 3.7814267 0.0198922 0.9480065 0.0189022 0.3170658
50.190690 -15.3978424 0.1301235 3.7565928 0.0187782 0.9483020 0.0186926 0.3162615
50.399300 -15.3470526 0.1304317 3.6943927 0.0177500 0.9457033 0.0179650 0.3240486
50.503680 -15.3195496 0.1304339 3.6615756 0.0167102 0.9443024 0.0172564 0.3282012
50.608030 -15.2911177 0.1308099 3.6275804 0.0159805 0.9430187 0.0158312 0.3319784
50.712390 -15.2619066 0.1312370 3.5933955 0.0166141 0.9419825 0.0152424 0.3349039
51.025280 -15.1699600 0.1315868 3.4841135 0.0183631 0.9398126 0.0146515 0.3408818
51.129530 -15.1371460 0.1315873 3.4471598 0.0165223 0.9394623 0.0132772 0.3419961
51.233800 -15.1038418 0.1318218 3.4086041 0.0148989 0.9391806 0.0128126 0.3428610
51.338030 -15.0699587 0.1321364 3.3684804 0.0160746 0.9390281 0.0137930 0.3431874
51.442160 -15.0356035 0.1322315 3.3267400 0.0185987 0.9390004 0.0147628 0.3430953
51.546400 -15.0004187 0.1318889 3.2845502 0.0188914 0.9391091 0.0143847 0.3427978
51.754650 -14.9262199 0.1318157 3.1995516 0.0178843 0.9393446 0.0082239 0.3424094
51.962780 -14.8493223 0.1313137 3.1073987 0.0196109 0.9394854 0.0065637 0.3419643
52.066910 -14.8086119 0.1308077 3.0596845 0.0182964 0.9395922 0.0072759 0.3417292
52.171030 -14.7665300 0.1303125 3.0114694 0.0149732 0.9397281 0.0075588 0.3415111
52.275030 -14.7238541 0.1300184 2.9611619 0.0131430 0.9396624 0.0074841 0.3417687
52.587160 -14.5910902 0.1297927 2.8044882 0.0116348 0.9396973 0.0116752 0.3416098
52.691180 -14.5446625 0.1297605 2.7499566 0.0097500 0.9396563 0.0119607 0.3417718
52.899160 -14.4497824 0.1302547 2.6392984 0.0096289 0.9395590 0.0088944 0.3421359
53.003160 -14.4018326 0.1306006 2.5813651 0.0108224 0.9393657 0.0098236 0.3426055
53.211180 -14.3036299 0.1309204 2.4644079 0.0120120 0.9393985 0.0144140 0.3423134
53.419160 -14.2027321 0.1311226 2.3442016 0.0151032 0.9393113 0.0133333 0.3424740
53.627040 -14.1003695 0.1309995 2.2228365 0.0180317 0.9393008 0.0108541 0.3424485
53.835050 -13.9947882 0.1305169 2.0989187 0.0171464 0.9396255 0.0113399 0.3415866
54.042910 -13.8890648 0.1298395 1.9730545 0.0163692 0.9397382 0.0143801 0.3411999
54.250800 -13.7846985 0.1293782 1.8469039 0.0215908 0.9397235 0.0178050 0.3407882
54.458660 -13.6806402 0.1305049 1.7213663 0.0236056 0.9395996 0.0231544 0.3406747
54.666410 -13.5759678 0.1318734 1.5963591 0.0250819 0.9395766 0.0256839 0.3404512
54.874290 -13.4730167 0.1325448 1.4744917 0.0268818 0.9400018 0.0176791 0.3396488
55.082040 -13.3703690 0.1322704 1.3513539 0.0272362 0.9403259 0.0176110 0.3387258
55.290780 -13.2694826 0.1319851 1.2291478 0.0266748 0.9405650 0.0194260 0.3380068
55.497680 -13.1709089 0.1323189 1.1083895 0.0236050 0.9422697 0.0187449 0.3334955
55.705670 -13.0755196 0.1320270 0.9865144 0.0231272 0.9456283 0.0185305 0.3238963
55.913810 -12.9851904 0.1330791 0.8608629 0.0252123 0.9505687 0.0212712 0.3087573
56.330510 -12.8219910 0.1373989 0.5995892 0.0298411 0.9652463 0.0253928 0.2583881
56.538940 -12.7546587 0.1394526 0.4631200 0.0321764 0.9731193 0.0257948 0.2265794
56.643030 -12.7245464 0.1407062 0.3939780 0.0342229 0.9767336 0.0216780 0.2105953
56.747290 -12.6965876 0.1410666 0.3251607 0.0352401 0.9802000 0.0172205 0.1940863
56.955550 -12.6453972 0.1420361 0.1828718 0.0317510 0.9861914 0.0130126 0.1620156
57.267470 -12.5849609 0.1419505 -0.0383297 0.0329952 0.9916640 0.0113279 0.1240384
57.475150 -12.5508280 0.1423544 -0.1898773 0.0306114 0.9939086 0.0147480 0.1048385
57.579070 -12.5363035 0.1432230 -0.2669329 0.0304889 0.9948325 0.0159015 0.0955295
57.682930 -12.5227137 0.1444850 -0.3446249 0.0302976 0.9956573 0.0156083 0.0866316
57.890570 -12.4988194 0.1456593 -0.5024920 0.0315492 0.9968828 0.0120215 0.0713077
58.098070 -12.4792356 0.1481938 -0.6649268 0.0369207 0.9971628 0.0188078 0.0628445
58.201850 -12.4696321 0.1499388 -0.7478626 0.0384481 0.9971142 0.0232930 0.0611757
58.305440 -12.4587517 0.1522834 -0.8306612 0.0377372 0.9971914 0.0233488 0.0603328
58.512810 -12.4367990 0.1566985 -0.9978693 0.0333893 0.9974815 0.0194108 0.0594892
58.616560 -12.4255657 0.1581728 -1.0827063 0.0292859 0.9976476 0.0182373 0.0592360
58.720450 -12.4143152 0.1600635 -1.1685922 0.0269036 0.9977192 0.0181158 0.0591985
58.824030 -12.4026842 0.1614940 -1.2561128 0.0256530 0.9977131 0.0191969 0.0595146
58.927820 -12.3913174 0.1637680 -1.3442659 0.0245782 0.9977055 0.0198202 0.0598908
59.135420 -12.3689079 0.1675524 -1.5217880 0.0234075 0.9976521 0.0194269 0.0613588
59.343070 -12.3450861 0.1709478 -1.6995001 0.0219238 0.9976634 0.0173737 0.0623315
59.550680 -12.3211718 0.1739163 -1.8805478 0.0191322 0.9977621 0.0168803 0.0618040
59.654550 -12.3100672 0.1750810 -1.9704914 0.0182245 0.9978171 0.0174819 0.0610190
59.758420 -12.2993231 0.1766603 -2.0643771 0.0177895 0.9978675 0.0171586 0.0604117
59.965990 -12.2749395 0.1795617 -2.2438154 0.0171787 0.9979491 0.0182264 0.0589088
60.069690 -12.2638483 0.1809152 -2.3343294 0.0170501 0.9979383 0.0193791 0.0587620
60.277190 -12.2422028 0.1835767 -2.5115969 0.0158143 0.9979954 0.0197722 0.0580014
60.381050 -12.2308178 0.1847150 -2.5990591 0.0156603 0.9980435 0.0188483 0.0575200
60.588540 -12.2096386 0.1872139 -2.7747514 0.0153873 0.9980963 0.0181695 0.0568930
60.797000 -12.1896076 0.1897618 -2.9449379 0.0135756 0.9982188 0.0189542 0.0549154
61.003920 -12.1704731 0.1925495 -3.1130805 0.0124305 0.9983653 0.0187242 0.0525503
61.107700 -12.1613569 0.1939706 -3.1959424 0.0118111 0.9984500 0.0183643 0.0511932
61.211580 -12.1527729 0.1952318 -3.2786369 0.0113740 0.9985136 0.0189692 0.0498125
61.419200 -12.1361780 0.1979385 -3.4425209 0.0113831 0.9986129 0.0206072 0.0470969
61.522950 -12.1287556 0.2001060 -3.5240941 0.0116788 0.9986604 0.0205200 0.0460430
61.626790 -12.1210670 0.2013291 -3.6051404 0.0116746 0.9987115 0.0204156 0.0449698
61.730990 -12.1134272 0.2029141 -3.6863537 0.0120324 0.9987567 0.0199855 0.0440557
61.834510 -12.1060905 0.2042827 -3.7669928 0.0116296 0.9987927 0.0199963 0.0433363
61.938390 -12.0984631 0.2057383 -3.8475132 0.0110419 0.9988182 0.0204072 0.0427054
62.042070 -12.0910864 0.2072101 -3.9275942 0.0106891 0.9988567 0.0196387 0.0422542
62.145930 -12.0838890 0.2086198 -4.0071621 0.0104909 0.9989118 0.0174022 0.0419795
62.249910 -12.0766306 0.2099153 -4.0866070 0.0100154 0.9989436 0.0159831 0.0419030
62.457420 -12.0621996 0.2119958 -4.2449570 0.0109423 0.9989171 0.0159904 0.0422991
62.561290 -12.0556459 0.2130636 -4.3230290 0.0118736 0.9988824 0.0164174 0.0427008
62.665290 -12.0487728 0.2137605 -4.4011130 0.0128026 0.9988393 0.0170049 0.0432092
62.872800 -12.0344200 0.2159708 -4.5560842 0.0133507 0.9987807 0.0177899 0.0440728
62.976670 -12.0272942 0.2167128 -4.6324635 0.0129110 0.9987593 0.0179227 0.0446304
63.184460 -12.0127497 0.2187865 -4.7843418 0.0142266 0.9986970 0.0168801 0.0460112
63.288240 -12.0058680 0.2194087 -4.8590903 0.0146072 0.9986231 0.0164600 0.0476186
63.392070 -11.9979372 0.2202412 -4.9339542 0.0140852 0.9985700 0.0161905 0.0489645
63.495820 -11.9899216 0.2208370 -5.0079184 0.0139181 0.9985269 0.0154802 0.0501061
63.599720 -11.9818306 0.2216000 -5.0818415 0.0140205 0.9984792 0.0151343 0.0511238
63.807440 -11.9660139 0.2233344 -5.2275109 0.0128936 0.9984388 0.0162818 0.0518525
63.911420 -11.9582539 0.2243149 -5.2987142 0.0125057 0.9984405 0.0171533 0.0516328
64.015770 -11.9506617 0.2248922 -5.3690610 0.0123239 0.9984603 0.0176597 0.0511207
64.223410 -11.9366226 0.2264233 -5.5060940 0.0107840 0.9985613 0.0176488 0.0494718
64.327430 -11.9296103 0.2273087 -5.5733500 0.0104753 0.9986559 0.0178011 0.0475371
64.431450 -11.9236956 0.2281176 -5.6390910 0.0108645 0.9987743 0.0177904 0.0448922
64.639590 -11.9143314 0.2295861 -5.7662568 0.0118470 0.9990652 0.0181697 0.0373945
64.743580 -11.9110231 0.2303732 -5.8271375 0.0132628 0.9991707 0.0189787 0.0334922
64.951550 -11.9050255 0.2315935 -5.9435472 0.0156652 0.9993554 0.0195322 0.0257288
65.159520 -11.9000654 0.2331421 -6.0517402 0.0166041 0.9994961 0.0198441 0.0183860
65.575320 -11.8973694 0.2356012 -6.2431154 0.0194057 0.9996083 0.0188602 0.0071415
65.991170 -11.9019089 0.2388224 -6.4242625 0.0211345 0.9995521 0.0211886 0.0001959
66.095340 -11.9014759 0.2417115 -6.4388690 0.0217305 0.9995299 0.0215386 -0.0019669
66.303070 -12.1412334 0.2160978 -6.4568629 0.0230554 0.9994759 0.0224277 -0.0036640
76.079100 -11.8677225 0.2447436 -6.8222542 0.0138083 0.9936513 0.0138526 0.1107906
76.598340 -11.8470383 0.2446948 -6.8645325 0.0138160 0.9868497 0.0161254 0.1602397
76.805830 -11.8348417 0.2453926 -6.8861508 0.0129610 0.9825777 0.0183911 0.1844854
77.635430 -11.7433004 0.2507845 -6.9722972 0.0137239 0.9451184 0.0189327 0.3258902
77.842690 -11.7053623 0.2518981 -7.0084429 0.0178120 0.9264528 0.0169162 0.3756085
78.361560 -11.5558348 0.2535012 -7.1023712 0.0191779 0.8685787 0.0174532 0.4948725
78.465430 -11.5183716 0.2536254 -7.1181970 0.0188354 0.8549760 0.0196488 0.5179529
78.673060 -11.4336748 0.2538323 -7.1495609 0.0199390 0.8250023 0.0250953 0.5642197
78.880800 -11.3382435 0.2544563 -7.1735697 0.0192989 0.7935166 0.0285075 0.6075740
78.984860 -11.2867737 0.2546073 -7.1829453 0.0194878 0.7779044 0.0296894 0.6273783
79.088830 -11.2339134 0.2550432 -7.1902189 0.0209762 0.7634229 0.0300009 0.6448608
79.192960 -11.1787748 0.2554602 -7.1958551 0.0216963 0.7520364 0.0291046 0.6581212
79.401310 -11.0580893 0.2556821 -7.2018933 0.0221835 0.7289808 0.0263760 0.6836659
79.505690 -10.9949188 0.2554509 -7.2033877 0.0230772 0.7216696 0.0254842 0.6913834
79.610070 -10.9293737 0.2557292 -7.2048664 0.0236285 0.7156739 0.0250844 0.6975839
79.818800 -10.7921286 0.2548630 -7.2041893 0.0263509 0.7054811 0.0245833 0.7078120
79.923050 -10.7212772 0.2535687 -7.2027726 0.0282358 0.7002572 0.0238053 0.7129347
80.027420 -10.6488228 0.2525713 -7.1993685 0.0294122 0.6953622 0.0225285 0.7177039
80.131680 -10.5743847 0.2511505 -7.1951075 0.0285812 0.6909596 0.0210153 0.7220224
80.340300 -10.4185343 0.2472854 -7.1854892 0.0250746 0.6856738 0.0172677 0.7272720
80.444550 -10.3375158 0.2462056 -7.1792173 0.0245038 0.6850116 0.0162216 0.7279392
80.548940 -10.2549934 0.2443238 -7.1734314 0.0238200 0.6848248 0.0164181 0.7281332
80.653190 -10.1700344 0.2431529 -7.1675658 0.0237620 0.6844003 0.0169810 0.7285213
80.757320 -10.0836582 0.2410830 -7.1620398 0.0237818 0.6833205 0.0173625 0.7295246
80.965550 -9.9075270 0.2376931 -7.1488562 0.0240599 0.6800712 0.0173661 0.7325454
81.069680 -9.8181114 0.2358334 -7.1415939 0.0241110 0.6785044 0.0171688 0.7339998
81.173790 -9.7270813 0.2340614 -7.1331563 0.0236667 0.6768193 0.0169314 0.7355738
81.277810 -9.6346474 0.2327310 -7.1246238 0.0232618 0.6750026 0.0180300 0.7372282
81.381810 -9.5403023 0.2315641 -7.1156850 0.0223659 0.6732015 0.0197494 0.7388569
81.485930 -9.4442835 0.2288319 -7.1063290 0.0214808 0.6716454 0.0206740 0.7402727
81.694050 -9.2515869 0.2256744 -7.0865340 0.0217431 0.6712399 0.0192152 0.7406719
81.798060 -9.1546364 0.2233407 -7.0764246 0.0218842 0.6718587 0.0194089 0.7401015
81.902180 -9.0562344 0.2224538 -7.0676289 0.0213442 0.6721810 0.0203253 0.7398000
82.110180 -8.8601770 0.2181915 -7.0481548 0.0207960 0.6730664 0.0225974 0.7389442
82.214180 -8.7630577 0.2164568 -7.0388494 0.0206894 0.6733752 0.0227014 0.7386625
82.318180 -8.6669102 0.2148409 -7.0302134 0.0207523 0.6736723 0.0229673 0.7383816
82.526180 -8.4748535 0.2107532 -7.0137544 0.0217948 0.6741565 0.0216133 0.7379504
82.630180 -8.3777475 0.2092770 -7.0043516 0.0218076 0.6744495 0.0212292 0.7376934
82.734050 -8.2807837 0.2069322 -6.9924469 0.0207662 0.6748180 0.0217777 0.7373705
82.838070 -8.1851540 0.2043086 -6.9796667 0.0200001 0.6753290 0.0223238 0.7369074
82.942060 -8.0897255 0.2024806 -6.9697046 0.0202805 0.6756648 0.0216074 0.7366132
83.046050 -7.9947071 0.1992965 -6.9598260 0.0210241 0.6759889 0.0212615 0.7363049
83.149930 -7.8996081 0.1963643 -6.9508629 0.0216262 0.6759930 0.0210023 0.7362911
83.253960 -7.8044934 0.1938722 -6.9401712 0.0202178 0.6762155 0.0210401 0.7361257
83.357930 -7.7107372 0.1909512 -6.9292707 0.0185488 0.6763157 0.0219046 0.7360525
83.565930 -7.5252166 0.1824162 -6.8982253 0.0166152 0.6772642 0.0207984 0.7352582
83.669810 -7.4340000 0.1778885 -6.8830428 0.0167056 0.6773781 0.0199728 0.7351741
83.773690 -7.3422093 0.1734042 -6.8669958 0.0167464 0.6777576 0.0195758 0.7348340
83.877560 -7.2503538 0.1675036 -6.8505602 0.0159606 0.6780148 0.0195076 0.7346160
83.981560 -7.1575093 0.1648407 -6.8407826 0.0158277 0.6779932 0.0204268 0.7346138
84.085580 -7.0485787 0.1580812 -6.8182898 0.0162726 0.6782109 0.0205879 0.7343986
84.189660 -6.9569850 0.1560508 -6.8104215 0.0177199 0.6783696 0.0207370 0.7342143
84.293370 -6.8657856 0.1544834 -6.8030820 0.0191318 0.6781363 0.0211280 0.7343832
84.397140 -6.7710075 0.1515203 -6.7919874 0.0198099 0.6775063 0.0222605 0.7349131
84.500970 -6.6756124 0.1489737 -6.7797523 0.0195707 0.6765466 0.0228798 0.7357841
84.604690 -6.5855932 0.1459131 -6.7683663 0.0193067 0.6753412 0.0235694 0.7368758
84.708560 -6.4965234 0.1436481 -6.7558455 0.0187148 0.6743333 0.0231161 0.7378280
84.812320 -6.4086232 0.1413649 -6.7459660 0.0182229 0.6733224 0.0218268 0.7388020
85.020090 -6.2289743 0.1372218 -6.7191911 0.0181629 0.6717135 0.0206594 0.7403001
85.227440 -6.0546002 0.1315866 -6.6933184 0.0173813 0.6705662 0.0216517 0.7413299
85.331180 -5.9692092 0.1295341 -6.6748500 0.0170387 0.6702136 0.0217074 0.7416551
85.435100 -5.8843012 0.1273340 -6.6619058 0.0166452 0.6699634 0.0219071 0.7418841
85.538870 -5.7956138 0.1249296 -6.6491551 0.0158291 0.6696504 0.0215754 0.7421942
85.642600 -5.7041650 0.1219456 -6.6325541 0.0154199 0.6698235 0.0213205 0.7420540
85.746450 -5.6174564 0.1206416 -6.6229510 0.0152029 0.6702443 0.0204863 0.7417019
85.850400 -5.5266991 0.1173793 -6.6054926 0.0152182 0.6709185 0.0202918 0.7410972
85.954220 -5.4349780 0.1130834 -6.5843167 0.0154412 0.6716674 0.0207779 0.7404004
86.058060 -5.3487844 0.1116937 -6.5763860 0.0166667 0.6723882 0.0217245 0.7396921
86.161940 -5.2623601 0.1094554 -6.5653291 0.0181610 0.6732252 0.0225217 0.7388713
86.266420 -5.1737247 0.1071996 -6.5533285 0.0195294 0.6740990 0.0230185 0.7380239
86.473600 -4.9951701 0.1023453 -6.5264988 0.0191383 0.6760808 0.0247482 0.7361630
86.577490 -4.9102840 0.1008392 -6.5193205 0.0181053 0.6769322 0.0248635 0.7354025
86.785510 -4.7397485 0.0989046 -6.5046797 0.0178149 0.6786786 0.0234908 0.7338434
86.889090 -4.6563139 0.0972029 -6.4976196 0.0183827 0.6795438 0.0225255 0.7330586
86.992950 -4.5729256 0.0960686 -6.4912481 0.0191543 0.6802144 0.0212323 0.7324553
87.096690 -4.4869461 0.0942299 -6.4845057 0.0203762 0.6810209 0.0209711 0.7316800
87.200570 -4.4039822 0.0917177 -6.4773808 0.0203388 0.6814234 0.0209146 0.7313077
87.304430 -4.3208981 0.0902092 -6.4712019 0.0198756 0.6815999 0.0218606 0.7311283
87.408330 -4.2385659 0.0887050 -6.4650135 0.0186952 0.6816193 0.0223926 0.7311252
87.616060 -4.0742269 0.0860640 -6.4525533 0.0155772 0.6814917 0.0213357 0.7313489
87.823570 -3.9116955 0.0831971 -6.4385409 0.0129366 0.6814582 0.0179744 0.7315219
88.031060 -3.7500505 0.0809847 -6.4257817 0.0123204 0.6808450 0.0153654 0.7321627
88.238710 -3.5902755 0.0776943 -6.4150181 0.0130415 0.6807659 0.0145163 0.7322411
88.446330 -3.4298763 0.0755401 -6.4030223 0.0113959 0.6805101 0.0198383 0.7323815
88.550190 -3.3497083 0.0748923 -6.3967543 0.0120103 0.6800905 0.0208793 0.7327324
88.653930 -3.2682889 0.0749728 -6.3756485 0.0143911 0.6799099 0.0201769 0.7328767
88.757820 -3.1893692 0.0741128 -6.3692436 0.0160347 0.6797320 0.0190848 0.7330369
88.861690 -3.1083629 0.0731135 -6.3611932 0.0162703 0.6796423 0.0183050 0.7331347
88.965560 -3.0291450 0.0716078 -6.3546381 0.0163455 0.6795170 0.0181450 0.7332532
89.173320 -2.8495831 0.0715247 -6.3316441 0.0183268 0.6794804 0.0185380 0.7332304
89.277420 -2.7698443 0.0700505 -6.3246312 0.0203407 0.6795678 0.0186238 0.7330941
89.381180 -2.6922059 0.0683258 -6.3185339 0.0210356 0.6798209 0.0189368 0.7328318
89.485130 -2.6092379 0.0672135 -6.3094368 0.0209743 0.6800433 0.0205357 0.7325841
89.588990 -2.5116360 0.0704143 -6.2890267 0.0201055 0.6805712 0.0222597 0.7320677
89.692870 -2.4201469 0.0717440 -6.2742691 0.0197544 0.6809559 0.0229014 0.7316996
89.900710 -2.2604461 0.0707288 -6.2544427 0.0194993 0.6819875 0.0207683 0.7308087
90.108700 -2.1100225 0.0677318 -6.2421861 0.0181342 0.6829603 0.0212514 0.7299210
90.316520 -1.9533418 0.0666309 -6.2246156 0.0181840 0.6838340 0.0219649 0.7290802
90.524330 -1.8112538 0.0628641 -6.2180843 0.0180975 0.6843461 0.0217511 0.7286081
90.628220 -1.7254974 0.0646184 -6.2006340 0.0168091 0.6848923 0.0215302 0.7281322
90.732220 -1.6286217 0.0685288 -6.1763711 0.0163020 0.6853414 0.0213100 0.7277274
90.836200 -1.5543063 0.0684735 -6.1692815 0.0160737 0.6856787 0.0212713 0.7274159
90.940100 -1.4807951 0.0686202 -6.1617727 0.0152354 0.6858970 0.0214513 0.7272229
91.044070 -1.4033773 0.0688565 -6.1546912 0.0141015 0.6860451 0.0213318 0.7271096
91.355930 -1.1983881 0.0695171 -6.1326137 0.0152959 0.6838354 0.0207612 0.7291805
91.563820 -1.0731606 0.0683804 -6.1217146 0.0139706 0.6806808 0.0188610 0.7322040
91.771700 -0.9487495 0.0681740 -6.1042709 0.0154893 0.6762370 0.0179738 0.7363020
92.187280 -0.7386600 0.0625091 -6.0740619 0.0182568 0.6597493 0.0174553 0.7510611
92.394820 -0.6460096 0.0596505 -6.0579715 0.0177676 0.6486403 0.0187660 0.7606562
92.498710 -0.6012322 0.0580278 -6.0468917 0.0172899 0.6421290 0.0183587 0.7661817
93.225060 -0.3347172 0.0494212 -5.9659534 0.0156898 0.5770220 0.0123827 0.8164840
93.328690 -0.3010492 0.0478254 -5.9506145 0.0171959 0.5627299 0.0115709 0.8263810
93.536240 -0.2371610 0.0451641 -5.9173651 0.0193459 0.5284140 0.0128125 0.8486696
94.158110 -0.0770792 0.0363821 -5.7866731 0.0201748 0.3945121 0.0103322 0.9186112
94.261830 -0.0568769 0.0342869 -5.7617030 0.0181048 0.3788966 0.0082786 0.9252248
94.469450 -0.0183318 0.0313979 -5.7064266 0.0126526 0.3335910 0.0015725 0.9426317
94.780820 0.0367708 0.0276370 -5.6123018 0.0226811 0.2439137 -0.0017938 0.9695300
95.092440 0.0633567 0.0256142 -5.5091391 -0.0017389 0.1635789 -0.0042879 0.9865194
95.196460 0.0711702 0.0251785 -5.4764323 -0.0004545 0.1487409 -0.0037754 0.9888689
95.612820 0.0934650 0.0234572 -5.3304315 -0.0002208 0.0821467 -0.0104248 0.9965657
95.821210 0.1020947 0.0226413 -5.2430172 -0.0046831 0.0339260 -0.0110166 0.9993526
95.925440 0.1049047 0.0220485 -5.2059345 -0.0032620 0.0351833 -0.0097617 0.9993279
96.029700 0.1032979 0.0219994 -5.1587715 -0.0017412 0.0349416 -0.0094193 0.9993435
96.238190 0.1382655 0.0306010 -5.0590239 -0.0004753 0.0257733 -0.0102941 0.9996147
96.342320 0.1393146 0.0302193 -5.0141973 -0.0001507 0.0196854 -0.0100032 0.9997562
96.446460 0.1399021 0.0298362 -4.9678888 0.0000540 0.0134156 -0.0097204 0.9998627
96.550570 0.1486175 0.0315567 -4.9169092 -0.0001710 0.0067952 -0.0085218 0.9999406
96.758950 0.1923687 0.0441815 -4.7993612 0.0007846 -0.0041441 -0.0093128 0.9999477
96.863080 0.1907151 0.0435684 -4.7475891 0.0015503 -0.0082297 -0.0101161 0.9999138
96.967200 0.2102308 0.0497339 -4.6835566 0.0020510 -0.0109244 -0.0099527 0.9998887
97.175570 0.2211920 0.0528561 -4.5649548 0.0022934 -0.0143960 -0.0097117 0.9998466
97.383810 0.2265092 0.0546379 -4.4443979 0.0009917 -0.0169266 -0.0088909 0.9998167
97.592070 0.2285548 0.0558894 -4.3207917 -0.0015480 -0.0199665 -0.0077834 0.9997692
97.696240 0.2356845 0.0589507 -4.2549248 -0.0026869 -0.0213587 -0.0075677 0.9997396
97.904320 0.2307971 0.0580345 -4.1364584 -0.0040126 -0.0243703 -0.0055569 0.9996795
98.112320 0.2247340 0.0569186 -4.0175996 -0.0040815 -0.0277357 -0.0043075 0.9995977
98.216470 0.2224866 0.0567757 -3.9578536 -0.0038845 -0.0294431 -0.0041605 0.9995502
98.424320 0.2142124 0.0553633 -3.8384261 -0.0041598 -0.0316629 -0.0043717 0.9994804
98.632320 0.2053622 0.0537324 -3.7206824 -0.0038513 -0.0321400 -0.0054414 0.9994611
98.736320 0.2020727 0.0527521 -3.6625943 -0.0041221 -0.0320104 -0.0053661 0.9994646
98.944340 0.1948777 0.0524623 -3.5448210 -0.0047726 -0.0322558 -0.0051909 0.9994548
99.152220 0.1864481 0.0503046 -3.4263015 -0.0056577 -0.0325669 -0.0049661 0.9994412
99.360070 0.1789373 0.0487709 -3.3093512 -0.0056265 -0.0326181 -0.0053884 0.9994375
99.567940 0.1713857 0.0480626 -3.1942494 -0.0048850 -0.0313244 -0.0047480 0.9994860
99.775950 0.1640901 0.0465862 -3.0814655 -0.0046886 -0.0297801 -0.0054149 0.9995308
99.879940 0.1611103 0.0461826 -3.0256100 -0.0052384 -0.0291730 -0.0041702 0.9995520
99.983820 0.1577361 0.0453790 -2.9705033 -0.0060388 -0.0285846 -0.0032639 0.9995678
100.191800 0.1508302 0.0440818 -2.8634787 -0.0072394 -0.0272770 -0.0047518 0.9995904
100.295700 0.1481287 0.0433970 -2.8112514 -0.0058678 -0.0271374 -0.0035282 0.9996083
100.503700 0.1430437 0.0420469 -2.7103808 -0.0029304 -0.0265306 -0.0048132 0.9996321
100.607700 0.1397235 0.0411370 -2.6601295 -0.0022115 -0.0263737 -0.0062903 0.9996299
100.815600 0.1344355 0.0393970 -2.5614741 -0.0018696 -0.0258178 -0.0067928 0.9996418
100.919600 0.1309741 0.0383924 -2.5129759 -0.0013589 -0.0254095 -0.0070691 0.9996512
101.127400 0.1245717 0.0372368 -2.4159162 -0.0002667 -0.0252907 -0.0085081 0.9996439
101.335400 0.1266307 0.0349616 -2.3218153 -0.0005542 -0.0255452 -0.0090395 0.9996327
101.543300 0.1214445 0.0341279 -2.2281682 -0.0009229 -0.0259166 -0.0080942 0.9996309
101.751200 0.1166167 0.0321339 -2.1347380 -0.0001993 -0.0276010 -0.0073491 0.9995919
101.959100 0.1106251 0.0304447 -2.0426767 0.0003076 -0.0291049 -0.0077010 0.9995466
102.166900 0.1044800 0.0281723 -1.9511020 0.0001874 -0.0310224 -0.0070171 0.9994940
102.374800 0.0985127 0.0262760 -1.8606836 -0.0006046 -0.0330011 -0.0057934 0.9994383
102.582700 0.0917038 0.0247810 -1.7717435 -0.0014124 -0.0345973 -0.0063637 0.9993801
102.790600 0.0935948 0.0282323 -1.6880317 -0.0019516 -0.0366546 -0.0064037 0.9993055
102.998500 0.0866762 0.0269699 -1.6040440 -0.0021412 -0.0368364 -0.0065624 0.9992974
103.206500 0.0803013 0.0255912 -1.5229702 -0.0021034 -0.0355392 -0.0076089 0.9993371
103.414300 0.0745566 0.0241859 -1.4458127 -0.0020053 -0.0341464 -0.0074215 0.9993873
103.622300 0.0693938 0.0228517 -1.3714372 -0.0013379 -0.0326850 -0.0073638 0.9994377
103.830300 0.0645771 0.0214524 -1.3002836 -0.0013030 -0.0316141 -0.0076287 0.9994702
104.142300 0.0582550 0.0194738 -1.2011214 -0.0016752 -0.0300963 -0.0073677 0.9995185
104.350600 0.0542996 0.0183514 -1.1411827 -0.0027321 -0.0291353 -0.0073616 0.9995446
104.558200 0.0508492 0.0173303 -1.0874406 -0.0030309 -0.0281484 -0.0083679 0.9995641
104.870200 0.0470506 0.0160629 -1.0181251 -0.0022072 -0.0271458 -0.0069446 0.9996049
105.181900 0.0436702 0.0148419 -0.9574010 -0.0005391 -0.0264841 -0.0069863 0.9996247
105.390000 0.0413661 0.0140541 -0.9182397 0.0004912 -0.0259876 -0.0067466 0.9996394
105.701800 0.0381216 0.0128507 -0.8605077 -0.0002330 -0.0256607 -0.0062183 0.9996514
106.221500 0.0322068 0.0110521 -0.7676110 -0.0004427 -0.0277300 -0.0047620 0.9996040
106.325500 0.0307910 0.0106688 -0.7493206 -0.0005283 -0.0300710 -0.0047313 0.9995365
106.533200 0.0267367 0.0098805 -0.7133659 -0.0003810 -0.0367290 -0.0052320 0.9993115
107.572800 0.0053694 0.0070846 -0.5392754 0.0005710 -0.0526775 -0.0091207 0.9985698
107.989000 -0.0013104 0.0061945 -0.4717030 0.0006044 -0.0480242 -0.0085123 0.9988097
108.613000 -0.0092675 0.0051122 -0.3717732 0.0023357 -0.0367537 -0.0081802 0.9992881
109.236800 -0.0148834 0.0022452 -0.2490820 0.0015139 -0.0220746 -0.0051905 0.9997417
109.652600 -0.0169262 0.0008916 -0.1529391 -0.0002566 -0.0131239 -0.0042981 0.9999046
109.860500 -0.0176443 0.0003435 -0.1007385 -0.0008620 -0.0091919 -0.0029440 0.9999530
110.691700 -0.0154783 -0.0039800 0.1328474 0.0027858 0.0072037 0.0035721 0.9999638
111.417700 -0.0312565 -0.0098747 0.3308445 0.0061137 -0.0512637 -0.0018069 0.9986648
111.625100 -0.0436717 -0.0112525 0.3844137 0.0012247 -0.0771302 -0.0068448 0.9969968
111.832500 -0.0571904 -0.0119640 0.4363620 -0.0014164 -0.1023858 -0.0081609 0.9947103
112.456700 -0.0986633 -0.0139791 0.5881984 -0.0073180 -0.1178828 -0.0152992 0.9928827
112.665100 -0.1070503 -0.0136002 0.6328699 -0.0098534 -0.1088140 -0.0110092 0.9939523
113.497700 -0.1170032 -0.0138362 0.7004804 -0.0074593 -0.0848906 -0.0100936 0.9963112
114.121600 -0.1172350 -0.0147693 0.6991251 -0.0036315 -0.0848808 -0.0101238 0.9963331
