0.207894 -0.0000000 0.0000000 0.0000000 0.0000000 0.0000000 0.0000000 1.0000000
0.623377 -0.0058511 -0.0011703 0.0350961 0.0018663 -0.0202985 -0.0003933 0.9997922
0.727122 -0.0074763 -0.0013765 0.0460760 0.0018003 -0.0285729 -0.0004235 0.9995900
2.593620 -0.1515522 -0.0059359 0.3006864 0.0024412 -0.3271681 -0.0138051 0.9448622
2.697329 -0.1679320 -0.0061531 0.3137473 0.0023121 -0.3529491 -0.0136456 0.9355401
2.800890 -0.1850123 -0.0062953 0.3274850 0.0008937 -0.3796519 -0.0109904 0.9250637
3.630648 -0.3750713 -0.0064361 0.4054639 -0.0105130 -0.5864503 -0.0078051 0.8098794
3.734395 -0.4070864 -0.0063132 0.4111811 -0.0128141 -0.6087098 -0.0071121 0.7932576
3.838251 -0.4405917 -0.0061233 0.4153993 -0.0137133 -0.6291928 -0.0065096 0.7771010
4.358512 -0.6352610 -0.0023398 0.4186213 -0.0092379 -0.7012138 -0.0064208 0.7128623
4.462646 -0.6785519 -0.0016965 0.4166039 -0.0083209 -0.7106950 -0.0059239 0.7034261
4.566885 -0.7230819 -0.0009940 0.4137228 -0.0072094 -0.7179322 -0.0054171 0.6960546
4.671250 -0.7694175 0.0001122 0.4108641 -0.0070950 -0.7235671 -0.0048998 0.6902002
4.984250 -0.9178539 0.0006106 0.3980611 -0.0073510 -0.7336241 -0.0070101 0.6794796
5.088502 -0.9699436 0.0010706 0.3932460 -0.0076789 -0.7350922 -0.0074094 0.6778832
5.192878 -1.0232755 0.0021825 0.3889059 -0.0086694 -0.7355091 -0.0067219 0.6774260
5.401501 -1.1346805 0.0035140 0.3795607 -0.0106469 -0.7345569 -0.0079913 0.6784164
5.505749 -1.1923045 0.0039749 0.3745224 -0.0099521 -0.7339509 -0.0088628 0.6790718
5.610008 -1.2510440 0.0048000 0.3696602 -0.0083769 -0.7333832 -0.0086524 0.6797088
5.818377 -1.3733475 0.0072461 0.3605399 -0.0094030 -0.7323006 -0.0094963 0.6808503
6.026772 -1.5004493 0.0092562 0.3513604 -0.0107655 -0.7310191 -0.0121312 0.6821641
6.130876 -1.5660305 0.0106198 0.3463767 -0.0099108 -0.7303661 -0.0124772 0.6828700
6.235023 -1.6323304 0.0119166 0.3416451 -0.0081294 -0.7297548 -0.0123567 0.6835489
6.339025 -1.7002555 0.0134258 0.3368159 -0.0075510 -0.7291762 -0.0124459 0.6841712
6.547271 -1.8386722 0.0163053 0.3285452 -0.0107116 -0.7283202 -0.0120831 0.6850466
6.755380 -1.9796156 0.0183619 0.3193613 -0.0102705 -0.7275708 -0.0105655 0.6858743
6.859377 -2.0499306 0.0191301 0.3155226 -0.0083512 -0.7275509 -0.0075430 0.6859614
7.067377 -2.1948521 0.0211735 0.3068655 -0.0084444 -0.7277116 -0.0045983 0.6858159
7.171256 -2.2682204 0.0217447 0.3022578 -0.0109051 -0.7276778 -0.0074075 0.6857924
7.275272 -2.3425629 0.0228105 0.2972781 -0.0127976 -0.7276767 -0.0105396 0.6857198
7.483251 -2.4905913 0.0252566 0.2870893 -0.0134342 -0.7278467 -0.0139622 0.6854661
7.691129 -2.6363206 0.0279761 0.2774930 -0.0112842 -0.7280645 -0.0117964 0.6853142
7.795131 -2.7097759 0.0293629 0.2721824 -0.0110996 -0.7280126 -0.0129409 0.6853517
7.899003 -2.7826493 0.0304808 0.2675606 -0.0116128 -0.7279593 -0.0140231 0.6853786
8.107005 -2.9275763 0.0329410 0.2581567 -0.0088463 -0.7278439 -0.0119696 0.6855813
8.315006 -3.0721858 0.0354639 0.2491152 -0.0072266 -0.7276152 -0.0109712 0.6858597
8.522877 -3.2162118 0.0365248 0.2403167 -0.0101024 -0.7271212 -0.0135377 0.6863013
8.730751 -3.3616917 0.0393239 0.2307878 -0.0133303 -0.7267526 -0.0164546 0.6865728
8.938756 -3.5052876 0.0424807 0.2223429 -0.0118789 -0.7266559 -0.0147243 0.6867411
9.146631 -3.6484241 0.0452178 0.2127878 -0.0077652 -0.7263510 -0.0138201 0.6871411
9.354505 -3.7906892 0.0465521 0.2042662 -0.0061938 -0.7268318 -0.0129265 0.6866659
9.562503 -3.9320378 0.0479539 0.1961048 -0.0069225 -0.7274355 -0.0082321 0.6860917
9.770380 -4.0738139 0.0487095 0.1875754 -0.0112985 -0.7287197 -0.0108273 0.6846334
9.978133 -4.2135091 0.0503221 0.1783288 -0.0128148 -0.7297713 -0.0112651 0.6834784
10.186010 -4.3501849 0.0516584 0.1678530 -0.0076548 -0.7305588 -0.0115661 0.6827090
10.393880 -4.4861851 0.0531384 0.1564423 -0.0055961 -0.7310894 -0.0135555 0.6821240
10.601750 -4.6206083 0.0546566 0.1465865 -0.0055563 -0.7317291 -0.0143567 0.6814217
10.809650 -4.7536783 0.0562086 0.1368299 -0.0062181 -0.7320462 -0.0148743 0.6810642
10.913510 -4.8195047 0.0572133 0.1325725 -0.0075085 -0.7322651 -0.0154849 0.6808022
11.017510 -4.8851838 0.0584578 0.1272609 -0.0088381 -0.7322164 -0.0170189 0.6808021
11.121380 -4.9495378 0.0591780 0.1220393 -0.0096220 -0.7323946 -0.0178388 0.6805786
11.225380 -5.0139422 0.0603883 0.1168443 -0.0098034 -0.7325782 -0.0174827 0.6803877
11.329280 -5.0769877 0.0614203 0.1120126 -0.0093563 -0.7327255 -0.0166211 0.6802570
11.537150 -5.1999812 0.0630661 0.1026582 -0.0070887 -0.7328094 -0.0142398 0.6802480
11.745130 -5.3179436 0.0642392 0.0933174 -0.0050729 -0.7316005 -0.0142478 0.6815658
11.953260 -5.4305887 0.0650183 0.0859235 -0.0059864 -0.7281979 -0.0149937 0.6851767
12.161380 -5.5375824 0.0659563 0.0809580 -0.0069921 -0.7227524 -0.0158689 0.6908895
12.369630 -5.6395001 0.0669095 0.0783195 -0.0064133 -0.7133840 -0.0188162 0.7004913
12.473910 -5.6884017 0.0675475 0.0785533 -0.0063658 -0.7068728 -0.0195871 0.7070408
12.786780 -5.8224511 0.0689692 0.0882084 -0.0073364 -0.6791278 -0.0187599 0.7337436
12.891130 -5.8630977 0.0694541 0.0944031 -0.0078908 -0.6664773 -0.0180998 0.7452638
13.099880 -5.9406357 0.0707939 0.1116328 -0.0083696 -0.6365357 -0.0171960 0.7710101
13.830760 -6.1691332 0.0733828 0.2288975 -0.0134651 -0.4842031 -0.0036333 0.8748444
13.935130 -6.1970534 0.0737788 0.2530655 -0.0158255 -0.4608501 -0.0002856 0.8873369
14.039380 -6.2229114 0.0739176 0.2787588 -0.0187301 -0.4369712 0.0043996 0.8992697
14.352150 -6.2945914 0.0749729 0.3608170 -0.0077345 -0.3610022 0.0070735 0.9325060
14.664880 -6.3581958 0.0755996 0.4624947 -0.0001520 -0.2772580 0.0068103 0.9607714
14.769010 -6.3769212 0.0754448 0.5012615 0.0014619 -0.2492329 0.0055520 0.9684265
14.873160 -6.3945818 0.0746351 0.5422963 0.0009855 -0.2227519 0.0048153 0.9748628
15.081160 -6.4273477 0.0736371 0.6306107 0.0024091 -0.1764836 -0.0010138 0.9843001
15.185010 -6.4420671 0.0730963 0.6778088 0.0019547 -0.1573596 -0.0035522 0.9875330
15.288760 -6.4554815 0.0724572 0.7271531 0.0009105 -0.1416611 -0.0034906 0.9899086
15.703610 -6.5042448 0.0711997 0.9421228 -0.0027539 -0.1009259 -0.0066245 0.9948681
15.807320 -6.5157657 0.0710204 0.9997175 -0.0032045 -0.0940960 -0.0085494 0.9955212
15.911010 -6.5259161 0.0705668 1.0586271 -0.0032327 -0.0875273 -0.0077677 0.9961266
16.118550 -6.5446491 0.0702425 1.1808455 -0.0034890 -0.0731416 -0.0080493 0.9972830
16.429890 -6.5682616 0.0684117 1.3741882 0.0001632 -0.0540429 -0.0098597 0.9984899
16.533760 -6.5745931 0.0680680 1.4410284 0.0032429 -0.0493250 -0.0090276 0.9987367
16.637520 -6.5808477 0.0675097 1.5091040 0.0032921 -0.0452059 -0.0089325 0.9989323
17.052630 -6.6039758 0.0642318 1.7857616 -0.0050765 -0.0356044 -0.0111764 0.9992906
17.260280 -6.6134534 0.0631618 1.9225361 -0.0058960 -0.0326405 -0.0101762 0.9993979
17.364000 -6.6174088 0.0627496 1.9918154 -0.0071240 -0.0315359 -0.0091373 0.9994355
17.571660 -6.6258988 0.0615839 2.1291170 -0.0062630 -0.0286934 -0.0077928 0.9995382
17.675510 -6.6302285 0.0609353 2.1967669 -0.0026180 -0.0279126 -0.0093567 0.9995632
17.779390 -6.6345849 0.0600647 2.2644589 0.0011362 -0.0269720 -0.0097884 0.9995876
17.883140 -6.6384153 0.0590511 2.3323307 0.0031725 -0.0263653 -0.0102664 0.9995946
18.090880 -6.6466122 0.0564079 2.4682903 0.0004097 -0.0241795 -0.0125798 0.9996284
18.194760 -6.6502519 0.0549921 2.5357568 -0.0021351 -0.0231720 -0.0140191 0.9996309
18.402390 -6.6567287 0.0534400 2.6702640 -0.0029327 -0.0212843 -0.0113964 0.9997042
18.610130 -6.6622291 0.0513340 2.8036046 -0.0022740 -0.0202971 -0.0102777 0.9997386
18.713910 -6.6651978 0.0507623 2.8710618 -0.0016371 -0.0199871 -0.0091479 0.9997571
18.921640 -6.6713505 0.0493440 3.0070233 -0.0020352 -0.0191999 -0.0100322 0.9997633
19.025510 -6.6740737 0.0485050 3.0752747 -0.0015942 -0.0193184 -0.0100054 0.9997621
19.233260 -6.6818409 0.0468255 3.2127826 -0.0018386 -0.0209971 -0.0084682 0.9997420
19.440890 -6.6901169 0.0453187 3.3522351 -0.0014856 -0.0240996 -0.0112207 0.9996455
19.648510 -6.6994510 0.0434507 3.4935715 0.0026125 -0.0265886 -0.0121929 0.9995687
19.856260 -6.7090216 0.0410730 3.6372876 0.0027082 -0.0285272 -0.0120459 0.9995168
20.064010 -6.7189145 0.0384564 3.7828288 0.0014700 -0.0306608 -0.0107966 0.9994705
20.271890 -6.7295933 0.0361547 3.9316139 -0.0028183 -0.0318171 -0.0098943 0.9994408
20.479750 -6.7405691 0.0348541 4.0813050 -0.0038770 -0.0304803 -0.0113843 0.9994630
20.583640 -6.7454391 0.0342174 4.1567717 -0.0033125 -0.0295273 -0.0115449 0.9994918
20.687510 -6.7505851 0.0333736 4.2322693 -0.0021709 -0.0286344 -0.0104670 0.9995328
20.791530 -6.7547770 0.0324363 4.3088040 -0.0014420 -0.0278030 -0.0086015 0.9995754
20.999260 -6.7643127 0.0307805 4.4606714 -0.0026196 -0.0264041 -0.0067540 0.9996251
21.103270 -6.7682252 0.0298101 4.5364790 -0.0039767 -0.0261675 -0.0056501 0.9996337
21.311120 -6.7781038 0.0278650 4.6863680 -0.0024562 -0.0250915 -0.0058738 0.9996649
21.519010 -6.7878003 0.0252862 4.8337278 0.0031732 -0.0241709 -0.0083580 0.9996679
21.726890 -6.7964334 0.0214163 4.9806333 0.0065501 -0.0233950 -0.0106922 0.9996477
21.934640 -6.8041353 0.0177833 5.1270103 -0.0010266 -0.0235252 -0.0086139 0.9996856
22.038660 -6.8080049 0.0161547 5.1999211 -0.0050000 -0.0242499 -0.0080155 0.9996613
22.142620 -6.8119135 0.0152552 5.2717409 -0.0038858 -0.0254698 -0.0068699 0.9996445
22.246540 -6.8153348 0.0143045 5.3429427 -0.0022013 -0.0265931 -0.0043271 0.9996346
22.350390 -6.8197780 0.0131591 5.4141879 -0.0014777 -0.0278526 -0.0037590 0.9996039
22.454390 -6.8246646 0.0117738 5.4846482 -0.0002750 -0.0291825 -0.0050137 0.9995615
22.558370 -6.8296485 0.0103988 5.5544000 0.0014240 -0.0308867 -0.0059493 0.9995041
22.662270 -6.8349199 0.0088484 5.6243405 0.0030911 -0.0329093 -0.0064309 0.9994329
22.766140 -6.8403525 0.0070959 5.6932168 0.0051044 -0.0344733 -0.0074611 0.9993647
22.870160 -6.8466702 0.0051820 5.7625580 0.0051974 -0.0360331 -0.0097474 0.9992896
22.974020 -6.8530421 0.0037294 5.8315420 0.0043387 -0.0378777 -0.0115559 0.9992061
23.078010 -6.8594642 0.0021040 5.9003048 0.0014858 -0.0398007 -0.0129460 0.9991227
23.181990 -6.8660407 0.0003776 5.9689469 -0.0014553 -0.0418092 -0.0129500 0.9990407
23.285910 -6.8723969 -0.0006125 6.0367246 -0.0031397 -0.0444704 -0.0123260 0.9989297
23.389770 -6.8792815 -0.0015161 6.1043625 -0.0037194 -0.0477745 -0.0118353 0.9987811
23.597640 -6.8946695 -0.0028277 6.2377329 -0.0053687 -0.0539517 -0.0112293 0.9984660
23.701510 -6.9033904 -0.0034139 6.3034210 -0.0047597 -0.0570656 -0.0135840 0.9982667
23.909390 -6.9211106 -0.0047599 6.4334879 -0.0014195 -0.0632256 -0.0139971 0.9979001
24.013390 -6.9307990 -0.0059132 6.4983492 -0.0008305 -0.0658244 -0.0147294 0.9977221
24.221270 -6.9501443 -0.0065637 6.6275897 -0.0052317 -0.0713661 -0.0155628 0.9973150
24.429140 -6.9703341 -0.0083393 6.7538500 -0.0045324 -0.0782633 -0.0139595 0.9968247
24.533020 -6.9813156 -0.0081415 6.8165936 -0.0007861 -0.0824907 -0.0134276 0.9965011
24.740760 -7.0050216 -0.0103011 6.9414582 -0.0015456 -0.0926697 -0.0117077 0.9956269
24.844640 -7.0180883 -0.0104436 7.0038714 -0.0044432 -0.0984736 -0.0112680 0.9950659
25.052390 -7.0469551 -0.0112882 7.1277657 -0.0099975 -0.1101114 -0.0118902 0.9937978
25.260140 -7.0786042 -0.0118483 7.2465477 -0.0026738 -0.1219323 -0.0143066 0.9924317
25.467890 -7.1118202 -0.0114440 7.3659053 -0.0025951 -0.1345939 -0.0123456 0.9908205
25.571790 -7.1299081 -0.0122569 7.4255028 -0.0063992 -0.1404735 -0.0123374 0.9899869
25.779520 -7.1687126 -0.0125641 7.5449977 -0.0082699 -0.1532119 -0.0107540 0.9881002
25.987390 -7.2090964 -0.0131237 7.6624551 -0.0028212 -0.1640308 -0.0086991 0.9864128
26.195270 -7.2523270 -0.0139502 7.7795134 0.0010096 -0.1718739 -0.0071680 0.9850923
26.403140 -7.2982984 -0.0159267 7.8967047 0.0003212 -0.1801596 -0.0097497 0.9835891
26.611020 -7.3450980 -0.0161499 8.0142441 -0.0069884 -0.1880580 -0.0095138 0.9820870
26.818890 -7.3958311 -0.0169355 8.1311293 -0.0074477 -0.1944482 -0.0178933 0.9807213
27.026890 -7.4462824 -0.0169753 8.2473812 -0.0005503 -0.1998665 -0.0137475 0.9797266
27.234770 -7.4993305 -0.0175211 8.3643856 -0.0021654 -0.2044276 -0.0168462 0.9787343
27.338640 -7.5260911 -0.0180900 8.4233665 -0.0042867 -0.2072922 -0.0176803 0.9781099
27.546520 -7.5797839 -0.0192020 8.5393248 -0.0003251 -0.2125789 -0.0159509 0.9770136
27.650520 -7.6074505 -0.0196308 8.5968981 0.0029198 -0.2151441 -0.0154542 0.9764556
27.754390 -7.6348314 -0.0202987 8.6543045 0.0037407 -0.2178030 -0.0160020 0.9758544
27.858410 -7.6636114 -0.0215162 8.7122335 0.0017216 -0.2198658 -0.0172616 0.9753759
28.066150 -7.7201457 -0.0231570 8.8266945 0.0006409 -0.2247840 -0.0182597 0.9742373
28.274040 -7.7775154 -0.0247804 8.9398909 0.0009096 -0.2295211 -0.0165192 0.9731631
28.377890 -7.8063774 -0.0253411 8.9957418 0.0006300 -0.2317839 -0.0160766 0.9726343
28.481890 -7.8355417 -0.0259917 9.0515833 0.0006321 -0.2342436 -0.0168897 0.9720310
28.585770 -7.8650055 -0.0268573 9.1065340 0.0006669 -0.2365070 -0.0171812 0.9714776
28.689660 -7.8939662 -0.0276863 9.1610880 0.0025802 -0.2391029 -0.0160937 0.9708574
28.897520 -7.9519358 -0.0301218 9.2683105 0.0057057 -0.2437202 -0.0142070 0.9697247
29.001520 -7.9816871 -0.0310638 9.3215055 0.0037892 -0.2455152 -0.0146652 0.9692744
29.105390 -8.0112638 -0.0320413 9.3746176 -0.0004182 -0.2473002 -0.0156957 0.9688117
29.209390 -8.0404320 -0.0328961 9.4272480 -0.0054201 -0.2488088 -0.0152950 0.9684167
29.313270 -8.0689402 -0.0334007 9.4788074 -0.0080513 -0.2505134 -0.0144595 0.9679717
29.625020 -8.1513720 -0.0336521 9.6245699 -0.0050665 -0.2557334 -0.0115562 0.9666650
29.729040 -8.1782084 -0.0335207 9.6702623 -0.0045078 -0.2571144 -0.0107748 0.9663104
29.936770 -8.2290049 -0.0349762 9.7574596 -0.0053148 -0.2597404 -0.0100795 0.9656112
30.144650 -8.2773476 -0.0351312 9.8386784 -0.0065183 -0.2620909 -0.0087023 0.9649819
30.456270 -8.3441420 -0.0356233 9.9495783 -0.0042040 -0.2659457 -0.0080065 0.9639456
30.664040 -8.3832312 -0.0354118 10.0136738 -0.0013508 -0.2695134 -0.0053325 0.9629809
30.871790 -8.4199562 -0.0361977 10.0724764 -0.0028469 -0.2749222 -0.0033966 0.9614562
32.013150 -8.5810976 -0.0387340 10.2838144 -0.0093222 -0.3428616 -0.0058153 0.9393217
33.050400 -8.7164831 -0.0374683 10.3874693 -0.0071349 -0.4632801 -0.0142575 0.8860685
33.257770 -8.7464256 -0.0372298 10.4000473 -0.0072127 -0.4899301 -0.0187383 0.8715305
33.361650 -8.7611179 -0.0374889 10.4060583 -0.0076774 -0.5037444 -0.0204560 0.8635764
34.087400 -8.9006805 -0.0350036 10.4455757 -0.0035751 -0.6215473 -0.0154304 0.7832165
34.398420 -8.9812660 -0.0329242 10.4511585 -0.0045925 -0.6796990 -0.0147836 0.7333277
34.502140 -9.0098391 -0.0320632 10.4489231 -0.0066963 -0.6989188 -0.0144746 0.7150232
34.813400 -9.1028280 -0.0297594 10.4362526 -0.0121139 -0.7543672 -0.0130563 0.6562111
35.021020 -9.1722765 -0.0275109 10.4238310 -0.0144748 -0.7879095 -0.0125379 0.6154932
35.124770 -9.2063465 -0.0264564 10.4115877 -0.0163484 -0.8031116 -0.0112934 0.5954973
35.332520 -9.2768393 -0.0245485 10.3815937 -0.0201870 -0.8312253 -0.0087957 0.5554994
35.436400 -9.3144073 -0.0234555 10.3622570 -0.0216929 -0.8438724 -0.0078291 0.5360480
35.748650 -9.4302177 -0.0197338 10.2905493 0.0226508 0.8733369 0.0069780 -0.4865398
35.852770 -9.4706526 -0.0186874 10.2624311 0.0215676 0.8798658 0.0073070 -0.4746763
35.957050 -9.5126925 -0.0177022 10.2326956 0.0207587 0.8849498 0.0073029 -0.4651662
36.374170 -9.6924829 -0.0122229 10.0959024 0.0219705 0.8969331 0.0078685 -0.4415499
36.478420 -9.7395544 -0.0108718 10.0585327 0.0218160 0.8987057 0.0083043 -0.4379306
36.582670 -9.7876186 -0.0092211 10.0195589 0.0217357 0.9001875 0.0085502 -0.4348757
36.999490 -9.9922199 -0.0031164 9.8530378 0.0232279 0.9031674 0.0087198 -0.4285709
37.207650 -10.1004171 0.0000450 9.7636862 0.0232209 0.9036472 0.0079287 -0.4275741
37.311780 -10.1561470 0.0020293 9.7176313 0.0231310 0.9038521 0.0073475 -0.4271562
37.415890 -10.2133465 0.0039991 9.6707916 0.0232724 0.9040793 0.0077223 -0.4266608
37.728150 -10.3892870 0.0087335 9.5258083 0.0236111 0.9048198 0.0102284 -0.4250164
37.832280 -10.4492302 0.0108949 9.4755754 0.0233753 0.9050261 0.0091311 -0.4246151
37.936280 -10.5101957 0.0127474 9.4251432 0.0236005 0.9052098 0.0083571 -0.4242268
38.144280 -10.6356039 0.0162174 9.3221550 0.0255324 0.9057433 0.0070950 -0.4229974
38.248280 -10.6985369 0.0179316 9.2688761 0.0249316 0.9060273 0.0059004 -0.4224430
38.352280 -10.7617226 0.0193166 9.2155027 0.0238783 0.9063553 0.0039956 -0.4218223
38.456150 -10.8257618 0.0206117 9.1610670 0.0223488 0.9065809 0.0027782 -0.4214307
38.768150 -11.0212059 0.0235120 8.9944277 0.0212015 0.9064777 0.0055170 -0.4216848
38.872030 -11.0879726 0.0247261 8.9388714 0.0221315 0.9065670 0.0065155 -0.4214309
38.976020 -11.1540298 0.0261149 8.8828230 0.0231244 0.9065920 0.0070519 -0.4213152
39.079900 -11.2197752 0.0272794 8.8269196 0.0235093 0.9066219 0.0074065 -0.4212235
39.287780 -11.3517561 0.0294641 8.7150440 0.0232716 0.9067339 0.0081826 -0.4209811
39.391750 -11.4183273 0.0309750 8.6589785 0.0235355 0.9067898 0.0084996 -0.4208398
39.599580 -11.5507545 0.0342629 8.5469103 0.0237978 0.9069810 0.0096983 -0.4203868
39.807870 -11.6829329 0.0373475 8.4354706 0.0240637 0.9073475 0.0089723 -0.4195961
39.911280 -11.7488642 0.0388482 8.3805866 0.0242601 0.9076915 0.0085882 -0.4188482
40.015280 -11.8140764 0.0404705 8.3246641 0.0244639 0.9079091 0.0086012 -0.4183642
40.223030 -11.9449968 0.0433745 8.2138939 0.0237664 0.9085025 0.0083791 -0.4171188
40.430770 -12.0748320 0.0461223 8.1030111 0.0228922 0.9087721 0.0083121 -0.4165814
40.534990 -12.1392765 0.0475639 8.0476713 0.0213250 0.9088657 0.0091745 -0.4164422
40.638670 -12.2037916 0.0487023 7.9923444 0.0207693 0.9086524 0.0094178 -0.4169301
40.846410 -12.3321819 0.0513478 7.8820105 0.0191909 0.9080632 0.0086964 -0.4183028
40.950400 -12.3968668 0.0526008 7.8272257 0.0195944 0.9077075 0.0087193 -0.4190550
41.054600 -12.4620533 0.0539531 7.7726312 0.0206637 0.9074787 0.0092832 -0.4194869
41.158230 -12.5277624 0.0556382 7.7185040 0.0229081 0.9072229 0.0109577 -0.4198830
41.262460 -12.5931635 0.0575237 7.6629643 0.0255404 0.9069401 0.0134689 -0.4202689
41.365930 -12.6576681 0.0594498 7.6085815 0.0261963 0.9068562 0.0140686 -0.4203899
41.469820 -12.7224617 0.0617952 7.5540543 0.0251271 0.9068746 0.0121287 -0.4204760
41.573580 -12.7868795 0.0639782 7.5000715 0.0241789 0.9070317 0.0099968 -0.4202488
41.677410 -12.8516588 0.0658103 7.4462514 0.0244082 0.9070630 0.0099000 -0.4201701
41.781210 -12.9160576 0.0677387 7.3921356 0.0247176 0.9071048 0.0115266 -0.4200204
41.885060 -12.9795752 0.0693823 7.3386207 0.0254020 0.9071938 0.0120180 -0.4197733
41.988800 -13.0428104 0.0712341 7.2853141 0.0255144 0.9073684 0.0111169 -0.4194139
42.092740 -13.1057243 0.0729330 7.2322831 0.0254563 0.9075891 0.0103121 -0.4189603
42.300170 -13.2317381 0.0763061 7.1254554 0.0265650 0.9079745 0.0128658 -0.4179844
42.507790 -13.3568850 0.0807753 7.0197153 0.0283418 0.9083252 0.0140793 -0.4170658
42.611550 -13.4193954 0.0832353 6.9675312 0.0284016 0.9086155 0.0130983 -0.4164609
42.715290 -13.4803038 0.0856741 6.9149003 0.0282181 0.9088250 0.0121386 -0.4160451
42.922920 -13.6020155 0.0898733 6.8101172 0.0258115 0.9087984 0.0122479 -0.4162562
43.026850 -13.6627808 0.0916900 6.7585306 0.0252623 0.9087597 0.0124015 -0.4163699
43.130550 -13.7229185 0.0933806 6.7068920 0.0244470 0.9086749 0.0128956 -0.4165885
43.338330 -13.8442039 0.0974023 6.6049480 0.0243904 0.9085409 0.0132516 -0.4168728
43.442050 -13.9028816 0.0991247 6.5536413 0.0236497 0.9083791 0.0130001 -0.4172759
43.545910 -13.9623060 0.1009853 6.5035830 0.0231109 0.9082541 0.0124626 -0.4175944
43.649770 -14.0233841 0.1026759 6.4553018 0.0234971 0.9084528 0.0123577 -0.4171434
43.857500 -14.1420183 0.1065834 6.3566771 0.0256415 0.9083030 0.0121582 -0.4173493
44.065190 -14.2614403 0.1098607 6.2608714 0.0246320 0.9085106 0.0090851 -0.4170361
44.169050 -14.3179560 0.1113019 6.2122655 0.0243270 0.9083218 0.0081872 -0.4174837
44.272790 -14.3763838 0.1126638 6.1651411 0.0232822 0.9083386 0.0092293 -0.4174850
44.376660 -14.4331694 0.1137059 6.1180062 0.0231531 0.9083717 0.0099179 -0.4174043
44.480540 -14.4887762 0.1147718 6.0716047 0.0231658 0.9084965 0.0098783 -0.4171330
44.584310 -14.5429640 0.1158779 6.0259676 0.0230601 0.9085748 0.0094242 -0.4169788
44.792180 -14.6488438 0.1177135 5.9360385 0.0228567 0.9086571 0.0095493 -0.4168078
44.895870 -14.7003746 0.1187545 5.8912072 0.0223184 0.9086514 0.0099211 -0.4168406
44.999710 -14.7505960 0.1195695 5.8480849 0.0222176 0.9086959 0.0098224 -0.4167512
45.103550 -14.8008213 0.1207370 5.8050027 0.0225616 0.9087774 0.0101420 -0.4165474
45.311220 -14.8992939 0.1228233 5.7215424 0.0237554 0.9089302 0.0120234 -0.4160973
45.415240 -14.9473982 0.1242706 5.6799617 0.0245122 0.9089460 0.0125324 -0.4160039
45.622980 -15.0424509 0.1268191 5.6003799 0.0267807 0.9092396 0.0126365 -0.4152185
45.726540 -15.0870314 0.1278799 5.5613437 0.0272371 0.9093445 0.0124959 -0.4149634
45.831090 -15.1315527 0.1289279 5.5231247 0.0272612 0.9096218 0.0128011 -0.4143442
46.038180 -15.2162733 0.1316438 5.4491453 0.0285706 0.9104925 0.0112851 -0.4123831
46.453430 -15.3717613 0.1363390 5.3068876 0.0332229 0.9172368 0.0081650 -0.3968706
46.660970 -15.4427471 0.1380900 5.2366400 0.0355316 0.9231827 0.0074552 -0.3826428
46.868310 -15.5073938 0.1393825 5.1662092 0.0390293 0.9309819 0.0059257 -0.3629247
47.490160 -15.6586008 0.1429790 4.9516125 0.0354573 0.9629261 0.0105312 -0.2672175
47.697410 -15.6915274 0.1437659 4.8791442 0.0295082 0.9744536 0.0113713 -0.2223516
47.904910 -15.7135620 0.1441948 4.8054075 0.0192635 0.9840019 0.0108619 -0.1767801
48.838780 -15.7471914 0.1449725 4.4797754 0.0108232 0.9984719 0.0154038 0.0519573
49.046410 -15.7326021 0.1448422 4.4110146 0.0134384 0.9946436 0.0135823 0.1015822
49.150280 -15.7237482 0.1453733 4.3772807 0.0131815 0.9915823 0.0121892 0.1282273
49.357910 -15.7063570 0.1465036 4.3148465 0.0167171 0.9840080 0.0116590 0.1769544
49.565780 -15.6767120 0.1465928 4.2603922 0.0155167 0.9788492 0.0120359 0.2036383
49.669780 -15.6537132 0.1470940 4.2101326 0.0137477 0.9703985 0.0160616 0.2405821
49.773780 -15.6279907 0.1470089 4.1742482 0.0157399 0.9590196 0.0154838 0.2824782
50.190690 -15.5364723 0.1472213 4.0564260 0.0157342 0.9477797 0.0180712 0.3180243
50.295050 -15.5102062 0.1474214 4.0244632 0.0154048 0.9450262 0.0177270 0.3261503
50.399300 -15.4843245 0.1476930 3.9923401 0.0148850 0.9426949 0.0171299 0.3328833
50.503680 -15.4562950 0.1476931 3.9601328 0.0139235 0.9409483 0.0164381 0.3378642
50.608030 -15.4277468 0.1481261 3.9270263 0.0131693 0.9394647 0.0149221 0.3420672
50.920920 -15.3382721 0.1489561 3.8228636 0.0165384 0.9364231 0.0148177 0.3501695
51.025280 -15.3063116 0.1487206 3.7872403 0.0156674 0.9359400 0.0138751 0.3515372
51.129530 -15.2737379 0.1487512 3.7512283 0.0137765 0.9355251 0.0124307 0.3527726
51.338030 -15.2064190 0.1494214 3.6758962 0.0132716 0.9352843 0.0129196 0.3534123
51.442160 -15.1724129 0.1494923 3.6360619 0.0157525 0.9353996 0.0139300 0.3529666
51.546400 -15.1365576 0.1492116 3.5957766 0.0161380 0.9357815 0.0136671 0.3519458
51.754650 -15.0629358 0.1494404 3.5140021 0.0151643 0.9367437 0.0075611 0.3496056
51.962780 -14.9899530 0.1489646 3.4302990 0.0167281 0.9403554 0.0062829 0.3397242
52.066910 -14.9523849 0.1483603 3.3883214 0.0152326 0.9432998 0.0073812 0.3315100
52.171030 -14.8884974 0.1480286 3.3168521 0.0128152 0.9260436 0.0056762 0.3771562
52.379030 -14.8129520 0.1472107 3.2326460 0.0098273 0.9355634 0.0072874 0.3529466
52.483160 -14.7686834 0.1472058 3.1816308 0.0091107 0.9355305 0.0087418 0.3530202
52.587160 -14.7236462 0.1474353 3.1297178 0.0088967 0.9355571 0.0108438 0.3528969
52.795150 -14.6289434 0.1472965 3.0241797 0.0057897 0.9354681 0.0093523 0.3532398
52.899160 -14.5810833 0.1478082 2.9706137 0.0068919 0.9353928 0.0081028 0.3534504
53.003160 -14.5332775 0.1480621 2.9147525 0.0081548 0.9351680 0.0090734 0.3539943
53.419160 -14.3329639 0.1483806 2.6863587 0.0121584 0.9350747 0.0127042 0.3540143
53.627040 -14.2297831 0.1483628 2.5680366 0.0151377 0.9350159 0.0103358 0.3541318
53.835050 -14.1229277 0.1478552 2.4481957 0.0141146 0.9353333 0.0107503 0.3533227
54.042910 -14.0186024 0.1475225 2.3261340 0.0134844 0.9353127 0.0138182 0.3532948
54.250800 -13.9140053 0.1470249 2.2044623 0.0186554 0.9352854 0.0173109 0.3529780
54.458660 -13.8092470 0.1481382 2.0827057 0.0203331 0.9351553 0.0226851 0.3529257
54.666410 -13.7047014 0.1494153 1.9617749 0.0218997 0.9350457 0.0253168 0.3529434
54.874290 -13.6001587 0.1501871 1.8436650 0.0237895 0.9354639 0.0173374 0.3521942
55.082040 -13.4965706 0.1497229 1.7247808 0.0239485 0.9357826 0.0173022 0.3513377
55.290780 -13.3951693 0.1496642 1.6068549 0.0232592 0.9359877 0.0190825 0.3507448
55.497680 -13.2927790 0.1497252 1.4904095 0.0201956 0.9378064 0.0183600 0.3460842
55.705670 -13.1946878 0.1491901 1.3712989 0.0198062 0.9413053 0.0182236 0.3364817
55.913810 -13.1023350 0.1505722 1.2497290 0.0217641 0.9464669 0.0208340 0.3213917
56.122050 -13.0158644 0.1521079 1.1252737 0.0232547 0.9533633 0.0235102 0.3000083
56.434670 -12.9009123 0.1559160 0.9296386 0.0276663 0.9660826 0.0254906 0.2554785
56.747290 -12.8059664 0.1581624 0.7271635 0.0319726 0.9776171 0.0166257 0.2072827
56.851430 -12.7784739 0.1586939 0.6575478 0.0306679 0.9810227 0.0129746 0.1910119
56.955550 -12.7521620 0.1587251 0.5878652 0.0283697 0.9840352 0.0123111 0.1752664
57.267470 -12.6878777 0.1581830 0.3714185 0.0297352 0.9900172 0.0105986 0.1373659
57.371290 -12.6692114 0.1585570 0.2976724 0.0290502 0.9913079 0.0112003 0.1278253
57.579070 -12.6350279 0.1593794 0.1468408 0.0272897 0.9935516 0.0149522 0.1090271
57.682930 -12.6200094 0.1601419 0.0705736 0.0269882 0.9945002 0.0147539 0.1001165
57.890570 -12.5923004 0.1611454 -0.0847141 0.0283993 0.9959215 0.0111752 0.0849056
58.098070 -12.5691862 0.1632714 -0.2446344 0.0335448 0.9963520 0.0179470 0.0763902
58.201850 -12.5577812 0.1648276 -0.3265376 0.0350669 0.9963270 0.0224894 0.0748136
58.305440 -12.5447750 0.1669510 -0.4080816 0.0342793 0.9964160 0.0225526 0.0739697
58.512810 -12.5193844 0.1710399 -0.5727758 0.0301034 0.9966941 0.0186036 0.0731334
58.616560 -12.5059366 0.1724684 -0.6563690 0.0259494 0.9968486 0.0173039 0.0729392
58.824030 -12.4794159 0.1757174 -0.8270966 0.0223816 0.9968992 0.0181540 0.0732212
58.927820 -12.4664831 0.1772576 -0.9135461 0.0213497 0.9968737 0.0189578 0.0736730
59.031700 -12.4537678 0.1790611 -1.0013278 0.0212857 0.9968241 0.0191465 0.0743098
59.135420 -12.4401093 0.1809446 -1.0890807 0.0202211 0.9968076 0.0184766 0.0749948
59.239170 -12.4265709 0.1824895 -1.1775556 0.0194277 0.9968085 0.0175331 0.0754182
59.343070 -12.4132833 0.1839345 -1.2664641 0.0184418 0.9968088 0.0164732 0.0758990
59.446780 -12.3988132 0.1853952 -1.3552258 0.0168393 0.9968619 0.0158811 0.0757012
59.550680 -12.3859940 0.1866796 -1.4459579 0.0157678 0.9969277 0.0158549 0.0750669
59.654550 -12.3728018 0.1877781 -1.5357465 0.0150335 0.9969877 0.0162101 0.0743425
59.758420 -12.3607950 0.1891169 -1.6275733 0.0147433 0.9970329 0.0164323 0.0737427
59.862460 -12.3473997 0.1902344 -1.7174646 0.0143173 0.9970899 0.0165724 0.0730220
59.965990 -12.3336086 0.1913415 -1.8071024 0.0142083 0.9971299 0.0174821 0.0722800
60.069690 -12.3232641 0.1927164 -1.9003084 0.0139092 0.9971353 0.0185046 0.0720092
60.277190 -12.2983141 0.1952893 -2.0787771 0.0126797 0.9972209 0.0187338 0.0709842
60.381050 -12.2854671 0.1963940 -2.1669433 0.0126985 0.9972721 0.0176072 0.0705490
60.588540 -12.2695932 0.1990725 -2.3533137 0.0116627 0.9973403 0.0169529 0.0699211
60.797000 -12.2521610 0.2013786 -2.5346265 0.0104581 0.9974645 0.0182697 0.0679803
61.003920 -12.2548904 0.2044065 -2.7412140 0.0090125 0.9976284 0.0174820 0.0659601
61.107700 -12.2470055 0.2055315 -2.8279715 0.0086358 0.9977291 0.0170268 0.0645926
61.315290 -12.2392025 0.2080616 -3.0133843 0.0078914 0.9978732 0.0183986 0.0620344
61.419200 -12.2305632 0.2093735 -3.0959222 0.0081927 0.9979400 0.0190686 0.0607048
61.522950 -12.2219725 0.2110707 -3.1783485 0.0085200 0.9980057 0.0190096 0.0595874
61.730990 -12.2071877 0.2133594 -3.3466549 0.0087308 0.9981348 0.0183676 0.0575615
61.834510 -12.1994886 0.2147384 -3.4302778 0.0083490 0.9981835 0.0183252 0.0567813
61.938390 -12.1899891 0.2158924 -3.5096333 0.0078053 0.9982166 0.0187193 0.0561455
62.145930 -12.1733484 0.2182597 -3.6691387 0.0073459 0.9983103 0.0156499 0.0554773
62.249910 -12.1650066 0.2194157 -3.7482426 0.0069392 0.9983380 0.0141465 0.0554349
62.353660 -12.1566486 0.2202063 -3.8285425 0.0073540 0.9983409 0.0136331 0.0554570
62.457420 -12.1479626 0.2207047 -3.9076805 0.0078227 0.9983089 0.0142330 0.0558171
62.561290 -12.1396732 0.2215203 -3.9850352 0.0088921 0.9982688 0.0147313 0.0562434
62.665290 -12.1310434 0.2218924 -4.0627780 0.0095807 0.9982335 0.0153442 0.0565925
62.769050 -12.1229668 0.2225006 -4.1409869 0.0101636 0.9981806 0.0158316 0.0572852
62.976670 -12.1056614 0.2241845 -4.2957535 0.0099026 0.9981239 0.0161789 0.0582141
63.080660 -12.0966568 0.2247769 -4.3720531 0.0098933 0.9981045 0.0157716 0.0586593
63.184460 -12.0883703 0.2255905 -4.4489264 0.0112159 0.9980483 0.0151800 0.0595265
63.288240 -12.0799112 0.2261165 -4.5252199 0.0117367 0.9979584 0.0147239 0.0610282
63.392070 -12.0704327 0.2266798 -4.6008816 0.0112405 0.9978846 0.0145203 0.0623624
63.495820 -12.0614986 0.2271525 -4.6768050 0.0112076 0.9978175 0.0137082 0.0636146
63.599720 -12.0521812 0.2276779 -4.7513938 0.0113261 0.9977582 0.0133970 0.0645822
63.703640 -12.0424452 0.2283581 -4.8254204 0.0110112 0.9977341 0.0135777 0.0649703
63.807440 -12.0332155 0.2288956 -4.8991852 0.0102174 0.9977121 0.0145757 0.0652195
63.911420 -12.0237589 0.2295554 -4.9707923 0.0097781 0.9977221 0.0154629 0.0649288
64.015770 -12.0146065 0.2300958 -5.0419135 0.0096094 0.9977498 0.0159873 0.0644006
64.119460 -12.0055151 0.2305858 -5.1111135 0.0088014 0.9977939 0.0160502 0.0638138
64.223410 -11.9966602 0.2311614 -5.1797338 0.0081055 0.9978716 0.0159521 0.0627072
64.327430 -11.9885807 0.2319072 -5.2470732 0.0078132 0.9979855 0.0160812 0.0608707
64.431450 -11.9808817 0.2323949 -5.3127470 0.0081347 0.9981431 0.0160693 0.0581886
64.535560 -11.9740467 0.2329814 -5.3769770 0.0083186 0.9983380 0.0161200 0.0547013
64.639590 -11.9683523 0.2335128 -5.4411268 0.0091559 0.9985369 0.0163748 0.0507147
64.951550 -11.9551697 0.2347464 -5.6225500 0.0129468 0.9989930 0.0177701 0.0391090
65.159520 -11.9484186 0.2360071 -5.7328897 0.0140364 0.9992298 0.0180462 0.0318915
65.367480 -11.9431334 0.2369500 -5.8327799 0.0152270 0.9993951 0.0175926 0.0258460
65.575320 -11.9390821 0.2378185 -5.9232812 0.0167915 0.9994976 0.0171019 0.0207402
65.991170 -11.9350471 0.2385979 -6.0840344 0.0183857 0.9995522 0.0197211 0.0129758
66.303070 -11.9310417 0.2395838 -6.1775007 0.0207114 0.9995282 0.0206235 0.0094342
66.407050 -11.9357357 0.2411308 -6.2179637 0.0201771 0.9995391 0.0208757 0.0088757
76.598340 -11.8762789 0.2445316 -6.5600662 0.0106492 0.9847298 0.0147307 0.1731382
76.805830 -11.8641291 0.2452727 -6.5879483 0.0097208 0.9801343 0.0169896 0.1973667
77.220840 -11.8305178 0.2464219 -6.6405878 0.0115998 0.9663524 0.0212355 0.2560812
78.257840 -11.6257334 0.2502953 -6.8271089 0.0166623 0.8751284 0.0159752 0.4833398
78.361560 -11.5898581 0.2501084 -6.8453956 0.0157951 0.8618904 0.0175175 0.5065458
78.569310 -11.5095835 0.2512113 -6.8779745 0.0162957 0.8331025 0.0228927 0.5524045
78.673060 -11.4659624 0.2519883 -6.8952818 0.0166553 0.8175526 0.0252193 0.5750602
78.880800 -11.3714628 0.2525919 -6.9234276 0.0158377 0.7856205 0.0288820 0.6178312
78.984860 -11.3200073 0.2534384 -6.9322815 0.0160922 0.7696716 0.0299461 0.6375342
79.192960 -11.2109032 0.2546843 -6.9444876 0.0182721 0.7410386 0.0296734 0.6705576
79.297060 -11.1528082 0.2553272 -6.9464822 0.0183458 0.7295800 0.0284040 0.6830590
79.505690 -11.0279932 0.2561281 -6.9493990 0.0197054 0.7105638 0.0259702 0.7028771
79.610070 -10.9634705 0.2564637 -6.9509521 0.0203816 0.7055774 0.0257846 0.7078703
79.714470 -10.8969498 0.2564988 -6.9515824 0.0214108 0.7014337 0.0256832 0.7119499
79.818800 -10.8280020 0.2563735 -6.9506569 0.0229451 0.6964958 0.0252729 0.7167485
79.923050 -10.7574797 0.2557437 -6.9479856 0.0249406 0.6911711 0.0245362 0.7218438
80.027420 -10.6848392 0.2551342 -6.9443703 0.0260734 0.6862605 0.0232571 0.7265162
80.131680 -10.6107445 0.2542265 -6.9386640 0.0252261 0.6818575 0.0217051 0.7307276
80.235930 -10.5343056 0.2530831 -6.9325142 0.0236815 0.6784707 0.0200179 0.7339727
80.340300 -10.4555302 0.2516857 -6.9267449 0.0219596 0.6765738 0.0180737 0.7358254
80.444550 -10.3750410 0.2505832 -6.9199553 0.0213244 0.6757680 0.0170587 0.7366084
80.548940 -10.2926235 0.2491500 -6.9134822 0.0205300 0.6756007 0.0171479 0.7367823
80.653190 -10.2079372 0.2485103 -6.9066715 0.0205484 0.6750719 0.0177330 0.7372525
80.757320 -10.1217251 0.2472521 -6.8999934 0.0205775 0.6739443 0.0180585 0.7382747
80.861430 -10.0343456 0.2461144 -6.8926821 0.0207945 0.6724308 0.0182939 0.7396416
80.965550 -9.9454794 0.2450655 -6.8846569 0.0210108 0.6707559 0.0179687 0.7411628
81.069680 -9.8555498 0.2435763 -6.8759613 0.0210268 0.6691082 0.0178949 0.7426519
81.173790 -9.7644663 0.2420079 -6.8667364 0.0206129 0.6673416 0.0176595 0.7442569
81.277810 -9.6716566 0.2409338 -6.8574166 0.0201726 0.6655409 0.0186468 0.7458557
81.381810 -9.5772285 0.2396675 -6.8483896 0.0192207 0.6637755 0.0204767 0.7474044
81.485930 -9.4818411 0.2385256 -6.8381758 0.0184201 0.6622756 0.0213016 0.7487310
81.589930 -9.3856297 0.2378351 -6.8268309 0.0188282 0.6616128 0.0212038 0.7493092
81.694050 -9.2879028 0.2369120 -6.8163762 0.0189169 0.6617333 0.0198026 0.7492390
81.798060 -9.1894999 0.2354400 -6.8064442 0.0189416 0.6624472 0.0198884 0.7486049
81.902180 -9.0902157 0.2343270 -6.7967944 0.0184355 0.6627144 0.0209359 0.7483525
82.006180 -8.9909363 0.2330500 -6.7874584 0.0180572 0.6632168 0.0220325 0.7478850
82.110180 -8.8914871 0.2315158 -6.7787585 0.0179368 0.6635385 0.0230933 0.7475705
82.214180 -8.7926769 0.2303036 -6.7682519 0.0178080 0.6639923 0.0231943 0.7471673
82.318180 -8.6935053 0.2286618 -6.7597504 0.0178330 0.6643364 0.0234925 0.7468515
82.422200 -8.5956430 0.2268339 -6.7502913 0.0180664 0.6646595 0.0228036 0.7465798
82.526180 -8.4983625 0.2253626 -6.7397747 0.0188728 0.6649393 0.0219487 0.7463363
82.630180 -8.4003639 0.2243000 -6.7294807 0.0189463 0.6652312 0.0216425 0.7460832
82.734050 -8.3014784 0.2225571 -6.7206964 0.0178454 0.6656582 0.0222372 0.7457119
82.838070 -8.2038155 0.2212705 -6.7101474 0.0171992 0.6660363 0.0227398 0.7453742
82.942060 -8.1071377 0.2195786 -6.6993241 0.0173258 0.6664338 0.0220194 0.7450376
83.046050 -8.0101557 0.2177692 -6.6903534 0.0182625 0.6667522 0.0216413 0.7447413
83.149930 -7.9135885 0.2160047 -6.6811900 0.0189242 0.6669973 0.0212755 0.7445159
83.253960 -7.8175235 0.2145965 -6.6717563 0.0175519 0.6671394 0.0213090 0.7444212
83.357930 -7.7212386 0.2132852 -6.6632824 0.0159566 0.6672421 0.0222419 0.7443377
83.461930 -7.6246347 0.2120983 -6.6567135 0.0146293 0.6676145 0.0223994 0.7440263
83.565930 -7.5290060 0.2109388 -6.6483254 0.0143277 0.6679367 0.0211206 0.7437803
83.669810 -7.4337506 0.2098754 -6.6408863 0.0143852 0.6681191 0.0202528 0.7436395
83.773690 -7.3385611 0.2089436 -6.6327443 0.0144921 0.6684073 0.0197473 0.7433921
83.877560 -7.2447591 0.2074642 -6.6235600 0.0138394 0.6685372 0.0196457 0.7432903
83.981560 -7.1502805 0.2063317 -6.6160579 0.0137992 0.6686524 0.0204790 0.7431650
84.085580 -7.0575852 0.2051365 -6.6077561 0.0142489 0.6688102 0.0206569 0.7430096
84.189660 -6.9649973 0.2034910 -6.5985842 0.0157495 0.6689439 0.0207950 0.7428551
84.293370 -6.8726592 0.2022050 -6.5900788 0.0170676 0.6687416 0.0211782 0.7429972
84.397140 -6.7805662 0.2007048 -6.5813322 0.0178326 0.6681144 0.0223000 0.7435105
84.500970 -6.6880813 0.1993031 -6.5722547 0.0175706 0.6670972 0.0229304 0.7444104
84.604690 -6.5971327 0.1977987 -6.5633373 0.0173998 0.6659868 0.0234906 0.7453905
84.708560 -6.5054870 0.1966960 -6.5539379 0.0167764 0.6649907 0.0230359 0.7463078
84.812320 -6.4157696 0.1954648 -6.5432334 0.0162970 0.6638901 0.0216107 0.7473401
84.916060 -6.3253927 0.1939311 -6.5333171 0.0165865 0.6631840 0.0205959 0.7479891
85.020090 -6.2346635 0.1924590 -6.5241475 0.0163996 0.6621113 0.0204027 0.7489482
85.123720 -6.1455040 0.1906726 -6.5139642 0.0159181 0.6612703 0.0209347 0.7496866
85.227440 -6.0547857 0.1893542 -6.5053020 0.0156779 0.6609578 0.0213462 0.7499555
85.331180 -5.9649835 0.1882554 -6.4960046 0.0154516 0.6602727 0.0213604 0.7505631
85.435100 -5.8761597 0.1870012 -6.4856663 0.0150960 0.6600869 0.0216732 0.7507247
85.538870 -5.7863970 0.1856733 -6.4770589 0.0142984 0.6600091 0.0211976 0.7508224
85.642600 -5.6964583 0.1848040 -6.4685044 0.0139375 0.6600030 0.0209484 0.7508415
85.746450 -5.6086187 0.1836592 -6.4578557 0.0137877 0.6604974 0.0201373 0.7504315
85.850400 -5.5185261 0.1828913 -6.4495277 0.0139282 0.6613170 0.0199439 0.7497120
85.954220 -5.4319286 0.1814322 -6.4386473 0.0141166 0.6619367 0.0204483 0.7491478
86.058060 -5.3439221 0.1800458 -6.4302378 0.0153500 0.6627785 0.0214771 0.7483500
86.161940 -5.2567229 0.1787153 -6.4210849 0.0168021 0.6636546 0.0221078 0.7475235
86.266420 -5.1692057 0.1776268 -6.4135470 0.0183194 0.6644797 0.0226773 0.7467375
86.369740 -5.0821991 0.1757795 -6.4046512 0.0185151 0.6653650 0.0237736 0.7459098
86.473600 -4.9957218 0.1748261 -6.3960681 0.0178955 0.6662371 0.0245072 0.7451223
86.577490 -4.9093118 0.1737721 -6.3872671 0.0170529 0.6672110 0.0245250 0.7442696
86.681310 -4.8212047 0.1728456 -6.3805022 0.0166523 0.6683315 0.0241993 0.7432833
86.889090 -4.6502252 0.1704444 -6.3637810 0.0172184 0.6699369 0.0220340 0.7418912
86.992950 -4.5635271 0.1691825 -6.3569241 0.0179677 0.6707060 0.0207834 0.7412144
87.096690 -4.4744430 0.1679773 -6.3530865 0.0191720 0.6715952 0.0204751 0.7403871
87.200570 -4.3867702 0.1663647 -6.3479786 0.0192462 0.6722492 0.0202648 0.7397972
87.304430 -4.3011770 0.1648299 -6.3416524 0.0188001 0.6723913 0.0212586 0.7396517
87.512180 -4.1267271 0.1622199 -6.3312635 0.0163780 0.6726256 0.0216571 0.7394846
87.719790 -3.9576447 0.1593300 -6.3170834 0.0130541 0.6725817 0.0189167 0.7396659
87.823570 -3.8700583 0.1586809 -6.3122177 0.0120620 0.6727971 0.0173170 0.7395259
87.927320 -3.7869375 0.1573364 -6.3040371 0.0111049 0.6727065 0.0159295 0.7396546
88.031060 -3.7022319 0.1562344 -6.2976642 0.0114047 0.6726421 0.0150825 0.7397264
88.135050 -3.6198592 0.1547658 -6.2897720 0.0113532 0.6724582 0.0138800 0.7399178
88.238710 -3.5348508 0.1533322 -6.2839260 0.0121195 0.6724684 0.0141819 0.7398907
88.342600 -3.4526014 0.1523796 -6.2764850 0.0115867 0.6720787 0.0169711 0.7401945
88.446330 -3.3694320 0.1512987 -6.2686586 0.0102720 0.6718632 0.0194040 0.7403498
88.550190 -3.2853866 0.1505626 -6.2620888 0.0109640 0.6715018 0.0205645 0.7406363
88.653930 -3.2037771 0.1499641 -6.2540054 0.0133812 0.6712541 0.0198215 0.7408414
88.757820 -3.1210515 0.1490463 -6.2468286 0.0150683 0.6710179 0.0188080 0.7410493
88.861690 -3.0392444 0.1479221 -6.2384319 0.0151744 0.6710232 0.0178979 0.7410649
88.965560 -2.9578795 0.1463650 -6.2307229 0.0152772 0.6708946 0.0178598 0.7411802
89.173320 -2.7966616 0.1427968 -6.2160492 0.0173561 0.6708410 0.0182472 0.7411735
89.277420 -2.7165184 0.1412160 -6.2083497 0.0194764 0.6710724 0.0182954 0.7409102
89.381180 -2.6362007 0.1394462 -6.2012091 0.0201608 0.6712691 0.0186329 0.7407051
89.588990 -2.4744074 0.1356569 -6.1878281 0.0191358 0.6719041 0.0220699 0.7400619
89.692870 -2.3937387 0.1342292 -6.1813545 0.0187848 0.6723340 0.0225690 0.7396653
89.796830 -2.3151700 0.1326429 -6.1736798 0.0187519 0.6728735 0.0218099 0.7391981
89.900710 -2.2364995 0.1314060 -6.1663742 0.0185713 0.6734119 0.0204642 0.7387508
90.004580 -2.1582086 0.1299940 -6.1595101 0.0180089 0.6739482 0.0203992 0.7382773
90.212510 -1.9993869 0.1276233 -6.1473250 0.0167472 0.6749653 0.0212470 0.7373534
90.420320 -1.8440353 0.1251674 -6.1351919 0.0173816 0.6757336 0.0215144 0.7366268
90.628220 -1.6875235 0.1226232 -6.1250916 0.0160156 0.6766485 0.0212599 0.7358249
90.732220 -1.6124846 0.1215535 -6.1195335 0.0155321 0.6769733 0.0209706 0.7355447
90.836200 -1.5376391 0.1205508 -6.1145115 0.0153451 0.6774313 0.0209776 0.7351267
90.940100 -1.4657342 0.1196793 -6.1091847 0.0144695 0.6777558 0.0210422 0.7348434
91.251940 -1.2575979 0.1161988 -6.0952735 0.0139532 0.6769537 0.0208224 0.7355987
91.355930 -1.1924933 0.1153327 -6.0905390 0.0143566 0.6758750 0.0204499 0.7365926
91.459820 -1.1302611 0.1144238 -6.0849004 0.0136200 0.6743850 0.0196415 0.7379929
92.083700 -0.7847565 0.1065024 -6.0477352 0.0171372 0.6567311 0.0175667 0.7537253
92.291780 -0.6862369 0.1038006 -6.0316710 0.0172772 0.6464790 0.0178133 0.7625281
92.498710 -0.5941470 0.1005564 -6.0145779 0.0163365 0.6339545 0.0183369 0.7729803
92.706330 -0.5056847 0.0981406 -5.9944348 0.0151838 0.6190206 0.0150467 0.7850838
93.017610 -0.3827167 0.0947928 -5.9585595 0.0142540 0.5920157 0.0144062 0.8056716
93.536240 -0.2061683 0.0883865 -5.8821831 0.0183471 0.5200523 0.0126448 0.8538437
94.158110 -0.0249268 0.0801347 -5.7526708 0.0192892 0.3842590 0.0103460 0.9229658
94.261830 -0.0030082 0.0785078 -5.7254190 0.0173687 0.3625397 0.0079485 0.9317725
94.573250 0.0718160 0.0746895 -5.6973777 -0.0029217 0.2802522 0.0052388 0.9599077
94.780820 0.1261688 0.0729204 -5.5843139 0.0073337 0.2342072 0.0016378 0.9721577
95.092440 0.1654661 0.0708733 -5.4818754 -0.0010207 0.1639456 -0.0045073 0.9864585
95.404570 0.1936483 0.0699854 -5.3742619 -0.0021811 0.0994699 -0.0069078 0.9950142
95.508570 0.1994099 0.0699328 -5.3380566 -0.0015021 0.0867687 -0.0097862 0.9961793
95.821210 0.2200277 0.0683354 -5.2221971 -0.0025860 0.0535217 -0.0111287 0.9985013
95.925440 0.2244465 0.0679498 -5.1816735 -0.0022280 0.0446434 -0.0098022 0.9989524
96.029700 0.2308512 0.0674208 -5.1409259 -0.0015112 0.0378284 -0.0095393 0.9992376
96.238190 0.2375288 0.0665640 -5.0537014 -0.0007708 0.0238153 -0.0104136 0.9996619
96.342320 0.2382754 0.0662338 -5.0079327 -0.0005105 0.0170775 -0.0101078 0.9998029
96.446460 0.2405239 0.0659051 -4.9609609 -0.0004017 0.0102379 -0.0097061 0.9999004
96.550570 0.2403644 0.0652965 -4.9122896 -0.0006566 0.0031984 -0.0084946 0.9999586
96.758950 0.2411188 0.0644909 -4.8142972 0.0005535 0.0015337 -0.0092200 0.9999562
96.863080 0.2390864 0.0639890 -4.7636719 0.0014380 0.0022213 -0.0100861 0.9999456
96.967200 0.2385922 0.0632008 -4.7119722 0.0020768 0.0051267 -0.0099677 0.9999350
97.383810 0.2340553 0.0608854 -4.4899335 0.0017362 0.0206928 -0.0088750 0.9997450
97.487940 0.2340673 0.0598487 -4.4121666 -0.0004882 -0.0356027 -0.0083076 0.9993314
97.592070 0.2325504 0.0590207 -4.3541198 -0.0015733 -0.0312242 -0.0077501 0.9994811
97.696240 0.2327598 0.0586344 -4.2968144 -0.0024584 -0.0269138 -0.0074888 0.9996067
98.112320 0.2228644 0.0565222 -4.0588803 -0.0044126 -0.0357458 -0.0044328 0.9993413
98.216470 0.2202716 0.0557654 -3.9996247 -0.0043010 -0.0359905 -0.0042925 0.9993337
98.320320 0.2170217 0.0551882 -3.9353805 -0.0049662 -0.0519674 -0.0043293 0.9986271
98.632320 0.2102754 0.0534327 -3.7623348 -0.0042099 -0.0358117 -0.0054303 0.9993349
98.840320 0.2030360 0.0524466 -3.6416523 -0.0047798 -0.0384313 -0.0049926 0.9992374
98.944340 0.2000434 0.0517948 -3.5831919 -0.0051115 -0.0350127 -0.0049814 0.9993614
99.152220 0.1977579 0.0508316 -3.4647832 -0.0060587 -0.0347676 -0.0048587 0.9993653
99.256070 0.1937895 0.0504188 -3.4058070 -0.0059988 -0.0348297 -0.0050472 0.9993625
99.360070 0.1923048 0.0499544 -3.3473334 -0.0059432 -0.0349055 -0.0056193 0.9993572
99.567940 0.1854471 0.0488283 -3.2313325 -0.0052947 -0.0333165 -0.0049563 0.9994186
99.671950 0.1843075 0.0484313 -3.1731880 -0.0052574 -0.0332760 -0.0051029 0.9994193
99.879940 0.1804222 0.0473449 -3.0600643 -0.0056921 -0.0309349 -0.0042421 0.9994962
99.983820 0.1772357 0.0468538 -3.0040276 -0.0064594 -0.0304216 -0.0034022 0.9995105
100.087800 0.1746098 0.0464360 -2.9492977 -0.0076443 -0.0296455 -0.0050107 0.9995187
100.399700 0.1705535 0.0450092 -2.7917371 -0.0048820 -0.0284705 -0.0035682 0.9995763
100.503700 0.1686477 0.0445309 -2.7407973 -0.0031934 -0.0278940 -0.0050560 0.9995930
100.607700 0.1665801 0.0439298 -2.6903162 -0.0024443 -0.0274618 -0.0064819 0.9995989
100.815600 0.1643026 0.0424312 -2.5903554 -0.0020822 -0.0270406 -0.0068270 0.9996089
101.023600 0.1614075 0.0408575 -2.4928482 -0.0009213 -0.0265047 -0.0077728 0.9996181
101.127400 0.1601941 0.0400855 -2.4441721 -0.0005195 -0.0265750 -0.0084241 0.9996112
101.439300 0.1577153 0.0374237 -2.2997236 -0.0013138 -0.0265935 -0.0084552 0.9996097
101.647200 0.1552801 0.0357048 -2.2058330 -0.0010804 -0.0274129 -0.0078142 0.9995931
101.751200 0.1525782 0.0350475 -2.1589994 -0.0004327 -0.0281608 -0.0077737 0.9995731
101.855100 0.1495891 0.0342618 -2.1124816 0.0000114 -0.0289383 -0.0077371 0.9995512
102.062900 0.1438729 0.0322553 -2.0199804 -0.0000473 -0.0308193 -0.0077898 0.9994946
102.166900 0.1408168 0.0313839 -1.9738563 0.0000270 -0.0323003 -0.0072964 0.9994516
102.374800 0.1349025 0.0295576 -1.8824910 -0.0007702 -0.0352747 -0.0058647 0.9993601
102.582700 0.1277449 0.0280179 -1.7930454 -0.0016246 -0.0362972 -0.0064424 0.9993190
102.790600 0.0894060 0.0273966 -1.7035362 -0.0025341 -0.0359988 -0.0067304 0.9993259
103.102400 0.0794524 0.0253246 -1.5771343 -0.0027549 -0.0360426 -0.0075322 0.9993181
103.206500 0.0762784 0.0246513 -1.5367205 -0.0026086 -0.0352521 -0.0080535 0.9993426
103.310300 0.0734598 0.0239781 -1.4969183 -0.0026100 -0.0346381 -0.0080108 0.9993644
103.726300 0.0629796 0.0215988 -1.3465903 -0.0017381 -0.0318362 -0.0079691 0.9994598
103.830300 0.0609313 0.0208710 -1.3112172 -0.0018469 -0.0314443 -0.0080035 0.9994718
103.934300 0.0585066 0.0203186 -1.2768376 -0.0018072 -0.0308090 -0.0082412 0.9994897
104.350600 0.0507270 0.0180937 -1.1505517 -0.0032266 -0.0287925 -0.0078181 0.9995496
104.766200 0.0446109 0.0163315 -1.0482540 -0.0028925 -0.0269552 -0.0075280 0.9996041
104.870200 0.0433471 0.0158849 -1.0263706 -0.0027245 -0.0266274 -0.0072432 0.9996155
105.078600 0.0407682 0.0152325 -0.9849763 -0.0019087 -0.0259771 -0.0075184 0.9996324
105.494000 0.0366656 0.0139005 -0.9058762 -0.0001363 -0.0253093 -0.0069919 0.9996552
105.701800 0.0346151 0.0129286 -0.8670505 -0.0006614 -0.0250985 -0.0064185 0.9996642
106.221500 0.0288319 0.0113016 -0.7736979 -0.0008338 -0.0271293 -0.0051388 0.9996184
106.325500 0.0273777 0.0108437 -0.7552405 -0.0009508 -0.0294228 -0.0050491 0.9995539
106.533200 0.0235279 0.0102367 -0.7192303 -0.0007211 -0.0361399 -0.0055830 0.9993309
107.989000 -0.0047046 0.0065257 -0.4758682 0.0002609 -0.0472257 -0.0088288 0.9988452
108.197100 -0.0076007 0.0059593 -0.4427219 0.0002827 -0.0441756 -0.0088276 0.9989848
108.821000 -0.0141049 0.0042309 -0.3372656 0.0025978 -0.0314135 -0.0081775 0.9994696
109.756500 -0.0200838 0.0010993 -0.1291597 -0.0011739 -0.0103347 -0.0043071 0.9999366
110.484000 -0.0210080 -0.0017726 0.0742245 0.0008581 0.0025272 -0.0052835 0.9999825
111.210200 -0.0249298 -0.0078288 0.2823443 0.0090889 -0.0270886 -0.0035247 0.9995855
111.417700 -0.0321327 -0.0095230 0.3390429 0.0057529 -0.0508707 -0.0021154 0.9986864
111.521300 -0.0380545 -0.0104234 0.3668878 0.0027014 -0.0636204 -0.0046017 0.9979599
111.936400 -0.0658273 -0.0121910 0.4740304 -0.0034102 -0.1122798 -0.0083182 0.9936360
112.561000 -0.1057756 -0.0138576 0.6288080 -0.0095564 -0.1132839 -0.0125628 0.9934373
112.769200 -0.1134522 -0.0132628 0.6690759 -0.0109864 -0.1031322 -0.0122100 0.9945320
113.081600 -0.1184133 -0.0136596 0.7070461 -0.0097819 -0.0895871 -0.0108244 0.9958721
113.705700 -0.1197817 -0.0142341 0.7189598 -0.0043916 -0.0844496 -0.0109481 0.9963579
