-1.506723e-01 2.811838e-03 9.885798e-01 9.066661e+01 1.070118e-01 9.941663e-01 1.348224e-02 -5.892579e-01 -9.827748e-01 1.078211e-01 -1.500942e-01 1.214861e+01
-1.520677e-01 3.896026e-03 9.883624e-01 9.251613e+01 1.068060e-01 9.942011e-01 1.251394e-02 -5.822604e-01 -9.825822e-01 1.074660e-01 -1.516020e-01 1.186127e+01
-1.546860e-01 5.230309e-03 9.879499e-01 9.438417e+01 1.057142e-01 9.943325e-01 1.128785e-02 -5.761580e-01 -9.822915e-01 1.061864e-01 -1.543622e-01 1.156935e+01
-1.584947e-01 5.190445e-03 9.873462e-01 9.626377e+01 1.064537e-01 9.942469e-01 1.186186e-02 -5.690865e-01 -9.816043e-01 1.069867e-01 -1.581354e-01 1.126751e+01
-1.632049e-01 4.743000e-03 9.865808e-01 9.815387e+01 1.041819e-01 9.944803e-01 1.245328e-02 -5.670654e-01 -9.810760e-01 1.048163e-01 -1.627982e-01 1.095901e+01
-1.680724e-01 3.613141e-03 9.857681e-01 1.000527e+02 1.019229e-01 9.946975e-01 1.373188e-02 -5.652429e-01 -9.804914e-01 1.027803e-01 -1.675495e-01 1.063988e+01
-1.727782e-01 4.875200e-03 9.849487e-01 1.019553e+02 1.009596e-01 9.948083e-01 1.278618e-02 -5.641477e-01 -9.797728e-01 1.016492e-01 -1.723734e-01 1.030991e+01
-1.774521e-01 6.239531e-03 9.841097e-01 1.038698e+02 1.014658e-01 9.947668e-01 1.198894e-02 -5.624452e-01 -9.788848e-01 1.019809e-01 -1.771565e-01 9.966128e+00
-1.820546e-01 7.979443e-03 9.832561e-01 1.057910e+02 1.011783e-01 9.948112e-01 1.066042e-02 -5.643553e-01 -9.780690e-01 1.014249e-01 -1.819173e-01 9.611618e+00
-1.868758e-01 8.786952e-03 9.823443e-01 1.077248e+02 1.001207e-01 9.949235e-01 1.014694e-02 -5.687973e-01 -9.772682e-01 1.002492e-01 -1.868069e-01 9.246382e+00
-1.918873e-01 7.633132e-03 9.813873e-01 1.096683e+02 9.794174e-02 9.951267e-01 1.141021e-02 -5.717942e-01 -9.765176e-01 9.830823e-02 -1.916997e-01 8.871585e+00
-1.972643e-01 7.480826e-03 9.803218e-01 1.116206e+02 9.606302e-02 9.953061e-01 1.173501e-02 -5.733449e-01 -9.756324e-01 9.648755e-02 -1.970570e-01 8.486629e+00
-2.028929e-01 6.576712e-03 9.791789e-01 1.135815e+02 9.508165e-02 9.953844e-01 1.301604e-02 -5.728043e-01 -9.745737e-01 9.574279e-02 -2.025817e-01 8.086921e+00
-2.084031e-01 6.469213e-03 9.780216e-01 1.155478e+02 9.502287e-02 9.953813e-01 1.366404e-02 -5.705380e-01 -9.734160e-01 9.578203e-02 -2.080553e-01 7.674193e+00
-2.138450e-01 7.858298e-03 9.768360e-01 1.175182e+02 9.558616e-02 9.953373e-01 1.291820e-02 -5.680584e-01 -9.721798e-01 9.613447e-02 -2.135991e-01 7.246929e+00
-2.195383e-01 8.856306e-03 9.755637e-01 1.194963e+02 9.521901e-02 9.953792e-01 1.239164e-02 -5.658779e-01 -9.709460e-01 9.561263e-02 -2.193671e-01 6.808278e+00
-2.254576e-01 8.853206e-03 9.742128e-01 1.214861e+02 9.566882e-02 9.953271e-01 1.309511e-02 -5.645652e-01 -9.695444e-01 9.615416e-02 -2.252510e-01 6.351224e+00
-2.310452e-01 9.190854e-03 9.728996e-01 1.234817e+02 9.472620e-02 9.954172e-01 1.309209e-02 -5.636678e-01 -9.683207e-01 9.518392e-02 -2.308570e-01 5.883248e+00
-2.362092e-01 9.550857e-03 9.716553e-01 1.254794e+02 9.420289e-02 9.954666e-01 1.311579e-02 -5.607338e-01 -9.671251e-01 9.463079e-02 -2.360381e-01 5.403529e+00
-2.414041e-01 9.719218e-03 9.703760e-01 1.274889e+02 9.294890e-02 9.955840e-01 1.315154e-02 -5.591517e-01 -9.659630e-01 9.337020e-02 -2.412414e-01 4.911013e+00
-2.458159e-01 9.821942e-03 9.692668e-01 1.295004e+02 9.457506e-02 9.954207e-01 1.389822e-02 -5.556139e-01 -9.646917e-01 9.508485e-02 -2.456191e-01 4.402279e+00
-2.497010e-01 8.595703e-03 9.682849e-01 1.315233e+02 9.625855e-02 9.952279e-01 1.598823e-02 -5.494115e-01 -9.635267e-01 9.719796e-02 -2.493368e-01 3.880107e+00
-2.532929e-01 9.879226e-03 9.673392e-01 1.335486e+02 9.768544e-02 9.950979e-01 1.541572e-02 -5.427542e-01 -9.624449e-01 9.839963e-02 -2.530163e-01 3.348158e+00
-2.563419e-01 1.033140e-02 9.665310e-01 1.355837e+02 9.797856e-02 9.950701e-01 1.534925e-02 -5.360354e-01 -9.616075e-01 9.863395e-02 -2.560904e-01 2.806947e+00
-2.597614e-01 1.013191e-02 9.656197e-01 1.376250e+02 9.708426e-02 9.951527e-01 1.567485e-02 -5.295973e-01 -9.607802e-01 9.781817e-02 -2.594859e-01 2.257989e+00
-2.637027e-01 1.035061e-02 9.645485e-01 1.396797e+02 9.579549e-02 9.952802e-01 1.550960e-02 -5.224538e-01 -9.598354e-01 9.648930e-02 -2.634496e-01 1.699296e+00
-2.681714e-01 1.125920e-02 9.633055e-01 1.417304e+02 9.446872e-02 9.954198e-01 1.466427e-02 -5.179993e-01 -9.587282e-01 9.493475e-02 -2.680067e-01 1.132152e+00
-2.726489e-01 1.108767e-02 9.620497e-01 1.437927e+02 9.357615e-02 9.954984e-01 1.504669e-02 -5.127373e-01 -9.575521e-01 9.412736e-02 -2.724590e-01 5.515872e-01
-2.772301e-01 1.132109e-02 9.607369e-01 1.458618e+02 9.373713e-02 9.954791e-01 1.531828e-02 -5.061993e-01 -9.562200e-01 9.430339e-02 -2.770379e-01 -4.137210e-02
-2.817308e-01 1.185782e-02 9.594203e-01 1.479305e+02 9.322617e-02 9.955309e-01 1.507145e-02 -5.006247e-01 -9.549537e-01 9.368914e-02 -2.815771e-01 -6.449311e-01
-2.862852e-01 1.239653e-02 9.580643e-01 1.500068e+02 9.286516e-02 9.955677e-01 1.486782e-02 -4.959689e-01 -9.536335e-01 9.322721e-02 -2.861674e-01 -1.261108e+00
-2.904967e-01 1.139404e-02 9.568082e-01 1.520968e+02 9.253122e-02 9.955774e-01 1.623769e-02 -4.898301e-01 -9.523915e-01 9.325161e-02 -2.902662e-01 -1.892338e+00
-2.947361e-01 1.147144e-02 9.555099e-01 1.541812e+02 9.310741e-02 9.955148e-01 1.676813e-02 -4.829921e-01 -9.510318e-01 9.390720e-02 -2.944822e-01 -2.533182e+00
-2.986660e-01 1.208825e-02 9.542812e-01 1.562753e+02 9.410159e-02 9.954201e-01 1.684205e-02 -4.753909e-01 -9.497070e-01 9.482950e-02 -2.984357e-01 -3.187653e+00
-3.022573e-01 1.327702e-02 9.531339e-01 1.583734e+02 9.424427e-02 9.954202e-01 1.602063e-02 -4.676840e-01 -9.485560e-01 9.466974e-02 -3.021243e-01 -3.851462e+00
-3.058439e-01 1.542536e-02 9.519567e-01 1.604737e+02 9.475529e-02 9.953977e-01 1.431362e-02 -4.608735e-01 -9.473547e-01 9.458065e-02 -3.058979e-01 -4.525316e+00
-3.092558e-01 1.602772e-02 9.508438e-01 1.625875e+02 9.539849e-02 9.953371e-01 1.425001e-02 -4.555311e-01 -9.461818e-01 9.511594e-02 -3.093428e-01 -5.211974e+00
-3.126266e-01 1.689296e-02 9.497259e-01 1.647037e+02 9.518253e-02 9.953665e-01 1.362698e-02 -4.525483e-01 -9.450952e-01 9.465745e-02 -3.127859e-01 -5.908582e+00
-3.161339e-01 1.703662e-02 9.485616e-01 1.668257e+02 9.503047e-02 9.953788e-01 1.379400e-02 -4.495307e-01 -9.439430e-01 9.450299e-02 -3.162920e-01 -6.614701e+00
-3.201365e-01 1.695749e-02 9.472197e-01 1.689537e+02 9.501387e-02 9.953733e-01 1.429274e-02 -4.456125e-01 -9.425948e-01 9.457461e-02 -3.202665e-01 -7.331463e+00
-3.239253e-01 1.718208e-02 9.459266e-01 1.710871e+02 9.640571e-02 9.952300e-01 1.493575e-02 -4.416744e-01 -9.411579e-01 9.603078e-02 -3.240366e-01 -8.063072e+00
-3.271325e-01 1.815461e-02 9.448041e-01 1.732245e+02 9.878847e-02 9.949941e-01 1.508585e-02 -4.365523e-01 -9.398006e-01 9.827080e-02 -3.272883e-01 -8.806086e+00
-3.298961e-01 1.768240e-02 9.438517e-01 1.753665e+02 9.945702e-02 9.949112e-01 1.612335e-02 -4.294089e-01 -9.387634e-01 9.919169e-02 -3.299759e-01 -9.557829e+00
-3.325870e-01 1.703682e-02 9.429187e-01 1.775169e+02 9.930238e-02 9.949112e-01 1.704978e-02 -4.209330e-01 -9.378299e-01 9.930458e-02 -3.325864e-01 -1.031827e+01
-3.353595e-01 1.698544e-02 9.419371e-01 1.796714e+02 9.814417e-02 9.950270e-01 1.699965e-02 -4.118277e-01 -9.369641e-01 9.814661e-02 -3.353588e-01 -1.108560e+01
-3.383518e-01 1.880925e-02 9.408317e-01 1.818303e+02 9.724016e-02 9.951467e-01 1.507538e-02 -4.043634e-01 -9.359820e-01 9.658739e-02 -3.385386e-01 -1.186225e+01
-3.416162e-01 2.028947e-02 9.396206e-01 1.839969e+02 9.708227e-02 9.951806e-01 1.380682e-02 -3.985802e-01 -9.348119e-01 9.593711e-02 -3.419395e-01 -1.264986e+01
-3.448185e-01 2.159976e-02 9.384208e-01 1.861699e+02 9.545937e-02 9.953590e-01 1.216580e-02 -3.990509e-01 -9.338028e-01 9.377604e-02 -3.452801e-01 -1.344797e+01
-3.481357e-01 2.308833e-02 9.371598e-01 1.883440e+02 9.427365e-02 9.954910e-01 1.049532e-02 -4.000549e-01 -9.326918e-01 9.200325e-02 -3.487425e-01 -1.425545e+01
-3.519011e-01 2.312204e-02 9.357516e-01 1.905195e+02 9.504064e-02 9.954110e-01 1.114501e-02 -4.013833e-01 -9.311997e-01 9.285635e-02 -3.524837e-01 -1.507493e+01
-3.555047e-01 2.192990e-02 9.344172e-01 1.927087e+02 9.415617e-02 9.954795e-01 1.245931e-02 -4.038655e-01 -9.299198e-01 9.241047e-02 -3.559625e-01 -1.590879e+01
-3.592385e-01 2.119195e-02 9.330052e-01 1.949010e+02 9.384472e-02 9.954950e-01 1.352206e-02 -4.035663e-01 -9.285154e-01 9.241523e-02 -3.596089e-01 -1.675316e+01
-3.631389e-01 2.128419e-02 9.314919e-01 1.970930e+02 9.410306e-02 9.954648e-01 1.393979e-02 -4.021162e-01 -9.269707e-01 9.271829e-02 -3.634949e-01 -1.760738e+01
-3.666020e-01 2.143330e-02 9.301310e-01 1.992958e+02 9.312059e-02 9.955597e-01 1.376156e-02 -4.006638e-01 -9.257059e-01 9.165934e-02 -3.669700e-01 -1.847484e+01
-3.703490e-01 2.201051e-02 9.286319e-01 2.014804e+02 9.212319e-02 9.956609e-01 1.314053e-02 -4.011965e-01 -9.243132e-01 9.041510e-02 -3.707697e-01 -1.934449e+01
-3.735992e-01 2.206369e-02 9.273278e-01 2.036882e+02 9.207681e-02 9.956616e-01 1.340610e-02 -4.030819e-01 -9.230089e-01 9.039387e-02 -3.740100e-01 -2.023459e+01
-3.763962e-01 2.270051e-02 9.261807e-01 2.058770e+02 9.308605e-02 9.955675e-01 1.342863e-02 -4.061955e-01 -9.217705e-01 9.126896e-02 -3.768409e-01 -2.112723e+01
-3.789168e-01 2.285844e-02 9.251484e-01 2.080748e+02 9.433619e-02 9.954413e-01 1.404241e-02 -4.083230e-01 -9.206100e-01 9.259586e-02 -3.793458e-01 -2.203665e+01
-3.816064e-01 2.250176e-02 9.240510e-01 2.102746e+02 9.526666e-02 9.953372e-01 1.510471e-02 -4.072563e-01 -9.194024e-01 9.379529e-02 -3.819707e-01 -2.295396e+01
-3.840978e-01 2.314782e-02 9.230022e-01 2.124744e+02 9.628035e-02 9.952396e-01 1.510660e-02 -4.051777e-01 -9.182586e-01 9.466937e-02 -3.844980e-01 -2.387896e+01
-3.893716e-01 2.450055e-02 9.207549e-01 2.168716e+02 9.604304e-02 9.952768e-01 1.413145e-02 -4.053455e-01 -9.160597e-01 9.393446e-02 -3.898856e-01 -2.574520e+01
-3.920958e-01 2.535895e-02 9.195748e-01 2.190854e+02 9.548806e-02 9.953421e-01 1.326659e-02 -4.089666e-01 -9.149551e-01 9.301017e-02 -3.926909e-01 -2.669513e+01
-3.974300e-01 2.654920e-02 9.172484e-01 2.234748e+02 9.359537e-02 9.955411e-01 1.173812e-02 -4.227878e-01 -9.128468e-01 9.051527e-02 -3.981427e-01 -2.859890e+01
-4.029066e-01 2.696929e-02 9.148437e-01 2.278686e+02 9.567667e-02 9.953302e-01 1.279497e-02 -4.418329e-01 -9.102265e-01 9.268435e-02 -4.036054e-01 -3.054211e+01
-4.054481e-01 2.628911e-02 9.137400e-01 2.300656e+02 9.575560e-02 9.953085e-01 1.385312e-02 -4.485622e-01 -9.090889e-01 9.311242e-02 -4.060633e-01 -3.152450e+01
-4.116808e-01 2.580665e-02 9.109627e-01 2.344478e+02 9.367349e-02 9.955027e-01 1.413118e-02 -4.516442e-01 -9.065011e-01 9.115057e-02 -4.122467e-01 -3.350409e+01
-4.185234e-01 2.430782e-02 9.078807e-01 2.388266e+02 9.099928e-02 9.957336e-01 1.528968e-02 -4.565040e-01 -9.036356e-01 8.901555e-02 -4.189498e-01 -3.551552e+01
-4.257271e-01 2.389500e-02 9.045361e-01 2.431866e+02 8.957398e-02 9.958540e-01 1.585137e-02 -4.598154e-01 -9.004071e-01 8.777123e-02 -4.261024e-01 -3.755871e+01
-4.336948e-01 2.386280e-02 9.007439e-01 2.475244e+02 8.796735e-02 9.959953e-01 1.596872e-02 -4.614750e-01 -8.967556e-01 8.616158e-02 -4.340571e-01 -3.963198e+01
-4.375346e-01 2.399626e-02 8.988814e-01 2.496839e+02 8.785629e-02 9.960018e-01 1.617549e-02 -4.614460e-01 -8.948993e-01 8.604970e-02 -4.378935e-01 -4.068364e+01
-4.446551e-01 2.500281e-02 8.953529e-01 2.539896e+02 8.810197e-02 9.959839e-01 1.594074e-02 -4.623208e-01 -8.913584e-01 8.597047e-02 -4.450721e-01 -4.281371e+01
-4.519337e-01 2.507050e-02 8.916992e-01 2.582951e+02 8.700532e-02 9.960779e-01 1.609113e-02 -4.566041e-01 -8.877984e-01 8.485468e-02 -4.523424e-01 -4.497777e+01
-4.553868e-01 2.592550e-02 8.899162e-01 2.604446e+02 8.760414e-02 9.960298e-01 1.581181e-02 -4.515860e-01 -8.859731e-01 8.516081e-02 -4.558499e-01 -4.607408e+01
-4.588898e-01 2.701655e-02 8.880824e-01 2.625925e+02 8.903314e-02 9.959048e-01 1.570853e-02 -4.468931e-01 -8.840210e-01 8.627723e-02 -4.594159e-01 -4.718398e+01
-4.621008e-01 2.899750e-02 8.863532e-01 2.647340e+02 9.121464e-02 9.957186e-01 1.497936e-02 -4.443228e-01 -8.821240e-01 8.777034e-02 -4.627673e-01 -4.830007e+01
-4.649723e-01 2.982926e-02 8.848226e-01 2.668920e+02 9.212184e-02 9.956371e-01 1.484476e-02 -4.426920e-01 -8.805193e-01 8.841387e-02 -4.656915e-01 -4.943452e+01
-4.704908e-01 3.425764e-02 8.817397e-01 2.711744e+02 9.593141e-02 9.953092e-01 1.251830e-02 -4.357941e-01 -8.771747e-01 9.047625e-02 -4.715702e-01 -5.172041e+01
-4.732870e-01 3.502027e-02 8.802119e-01 2.733318e+02 9.677821e-02 9.952282e-01 1.244098e-02 -4.312748e-01 -8.755760e-01 9.107347e-02 -4.744177e-01 -5.288771e+01
-4.764989e-01 3.618638e-02 8.784301e-01 2.754870e+02 9.750257e-02 9.951642e-01 1.189447e-02 -4.244063e-01 -8.737517e-01 9.131687e-02 -4.777228e-01 -5.406212e+01
-4.797661e-01 3.625912e-02 8.766469e-01 2.776580e+02 9.648349e-02 9.952665e-01 1.163754e-02 -4.182424e-01 -8.720753e-01 9.016523e-02 -4.809935e-01 -5.525311e+01
-4.830450e-01 3.738275e-02 8.747972e-01 2.798273e+02 9.727560e-02 9.951946e-01 1.118587e-02 -4.128268e-01 -8.701752e-01 9.049968e-02 -4.843602e-01 -5.645514e+01
-4.863612e-01 3.769826e-02 8.729443e-01 2.820168e+02 9.634686e-02 9.952903e-01 1.069788e-02 -4.105826e-01 -8.684296e-01 8.930846e-02 -4.877027e-01 -5.767414e+01
-4.891485e-01 3.754739e-02 8.713920e-01 2.841885e+02 9.474989e-02 9.954479e-01 1.029420e-02 -4.095589e-01 -8.670387e-01 8.759967e-02 -4.904794e-01 -5.889251e+01
-4.918877e-01 3.780488e-02 8.698375e-01 2.863724e+02 9.587566e-02 9.953330e-01 1.095791e-02 -4.079618e-01 -8.653637e-01 8.878629e-02 -4.932166e-01 -6.012956e+01
-4.959533e-01 3.775471e-02 8.675281e-01 2.907704e+02 9.815965e-02 9.950882e-01 1.281034e-02 -3.986685e-01 -8.627832e-01 9.150956e-02 -4.972233e-01 -6.264929e+01
-4.981567e-01 3.777312e-02 8.662639e-01 2.929827e+02 9.815975e-02 9.950850e-01 1.305774e-02 -3.908822e-01 -8.615130e-01 9.153703e-02 -4.994160e-01 -6.392341e+01
-5.004590e-01 3.710110e-02 8.649649e-01 2.951953e+02 9.755645e-02 9.951348e-01 1.376055e-02 -3.821466e-01 -8.602462e-01 9.126948e-02 -5.016436e-01 -6.520624e+01
-5.030179e-01 3.703289e-02 8.634823e-01 2.974212e+02 9.842723e-02 9.950362e-01 1.466339e-02 -3.713999e-01 -8.586531e-01 9.236610e-02 -5.041660e-01 -6.650521e+01
-5.051574e-01 3.705698e-02 8.622313e-01 2.996423e+02 9.892841e-02 9.949785e-01 1.519721e-02 -3.587114e-01 -8.573384e-01 9.297614e-02 -5.062867e-01 -6.780874e+01
-5.071269e-01 3.780852e-02 8.610417e-01 3.018763e+02 9.853901e-02 9.950298e-01 1.434445e-02 -3.470056e-01 -8.562198e-01 9.212063e-02 -5.083320e-01 -6.912560e+01
-5.093585e-01 4.004183e-02 8.596224e-01 3.041141e+02 9.794371e-02 9.951234e-01 1.168175e-02 -3.372516e-01 -8.549625e-01 9.014478e-02 -5.107963e-01 -7.045170e+01
-5.126685e-01 3.931280e-02 8.576862e-01 3.063593e+02 9.633206e-02 9.952774e-01 1.196155e-02 -3.307952e-01 -8.531654e-01 8.875497e-02 -5.140344e-01 -7.179168e+01
-5.171586e-01 3.690592e-02 8.550936e-01 3.086134e+02 9.360376e-02 9.955160e-01 1.364476e-02 -3.233356e-01 -8.507557e-01 8.709646e-02 -5.182942e-01 -7.314403e+01
-5.220571e-01 3.451451e-02 8.522120e-01 3.108714e+02 9.114758e-02 9.957166e-01 1.550971e-02 -3.126191e-01 -8.480262e-01 8.577399e-02 -5.229668e-01 -7.451245e+01
-5.268235e-01 3.309434e-02 8.493302e-01 3.131301e+02 8.979367e-02 9.958171e-01 1.689507e-02 -2.971879e-01 -8.452184e-01 8.516518e-02 -5.275914e-01 -7.590012e+01
-5.311682e-01 3.348928e-02 8.466043e-01 3.153852e+02 9.017544e-02 9.957776e-01 1.718683e-02 -2.796424e-01 -8.424540e-01 8.547199e-02 -5.319453e-01 -7.730725e+01
-5.353072e-01 3.467362e-02 8.439455e-01 3.176383e+02 9.238538e-02 9.955660e-01 1.769624e-02 -2.578412e-01 -8.395898e-01 8.744113e-02 -5.361370e-01 -7.872988e+01
-5.390292e-01 3.588530e-02 8.415223e-01 3.198954e+02 9.381170e-02 9.954336e-01 1.764160e-02 -2.381554e-01 -8.370465e-01 8.845395e-02 -5.399342e-01 -8.017271e+01
-5.426799e-01 3.583575e-02 8.391748e-01 3.221579e+02 9.420860e-02 9.953821e-01 1.841670e-02 -2.197853e-01 -8.346396e-01 8.905184e-02 -5.435499e-01 -8.163211e+01
-5.466164e-01 3.426157e-02 8.366820e-01 3.244120e+02 9.455334e-02 9.952979e-01 2.101626e-02 -2.016825e-01 -8.320277e-01 9.059888e-02 -5.472856e-01 -8.310009e+01
-5.505309e-01 3.288636e-02 8.341668e-01 3.266626e+02 9.308915e-02 9.954104e-01 2.219342e-02 -1.825361e-01 -8.296084e-01 8.987002e-02 -5.510655e-01 -8.457972e+01
-5.542889e-01 3.278444e-02 8.316784e-01 3.289055e+02 9.233886e-02 9.954779e-01 2.229974e-02 -1.608324e-01 -8.271864e-01 8.915672e-02 -5.548096e-01 -8.606826e+01
-5.583189e-01 3.221365e-02 8.290008e-01 3.311477e+02 9.187847e-02 9.955000e-01 2.319514e-02 -1.383913e-01 -8.245231e-01 8.911758e-02 -5.587662e-01 -8.757051e+01
-5.624024e-01 3.172657e-02 8.262548e-01 3.333840e+02 9.317394e-02 9.953308e-01 2.520143e-02 -1.125608e-01 -8.215973e-01 9.115875e-02 -5.627325e-01 -8.908675e+01
-5.662656e-01 3.200649e-02 8.236012e-01 3.356133e+02 9.376371e-02 9.952604e-01 2.578962e-02 -8.455148e-02 -8.188722e-01 9.182766e-02 -5.665827e-01 -9.061426e+01
-5.699347e-01 3.105914e-02 8.211028e-01 3.378389e+02 9.197118e-02 9.954173e-01 2.618521e-02 -5.242768e-02 -8.165266e-01 9.044163e-02 -5.701793e-01 -9.215154e+01
-5.734629e-01 2.980165e-02 8.186893e-01 3.400560e+02 9.146806e-02 9.954189e-01 2.783523e-02 -1.599584e-02 -8.141093e-01 9.084638e-02 -5.735616e-01 -9.370014e+01
-5.764348e-01 2.883221e-02 8.166344e-01 3.422752e+02 9.162022e-02 9.953561e-01 2.952944e-02 2.333862e-02 -8.119905e-01 9.184199e-02 -5.763994e-01 -9.526502e+01
-5.792285e-01 2.833649e-02 8.146726e-01 3.444892e+02 8.960529e-02 9.955527e-01 2.908096e-02 6.337510e-02 -8.102254e-01 8.984348e-02 -5.791916e-01 -9.683616e+01
-5.821727e-01 2.738547e-02 8.126039e-01 3.467010e+02 8.552969e-02 9.959502e-01 2.771149e-02 1.024766e-01 -8.085540e-01 8.563461e-02 -5.821572e-01 -9.841195e+01
-5.852817e-01 2.656025e-02 8.103950e-01 3.489103e+02 8.243732e-02 9.962335e-01 2.688668e-02 1.402984e-01 -8.066284e-01 8.254305e-02 -5.852667e-01 -9.999813e+01
-5.884897e-01 2.360915e-02 8.081600e-01 3.511094e+02 7.975283e-02 9.963937e-01 2.896666e-02 1.754218e-01 -8.045616e-01 8.149961e-02 -5.882502e-01 -1.015909e+02
-5.915552e-01 2.271379e-02 8.059445e-01 3.533107e+02 8.013301e-02 9.963101e-01 3.073798e-02 2.141195e-01 -8.022725e-01 8.276596e-02 -5.911925e-01 -1.032033e+02
-5.945947e-01 2.268037e-02 8.037057e-01 3.554996e+02 7.939344e-02 9.963730e-01 3.061917e-02 2.539708e-01 -8.000961e-01 8.201493e-02 -5.942387e-01 -1.048170e+02
-5.974407e-01 2.308157e-02 8.015809e-01 3.576809e+02 7.813459e-02 9.965050e-01 2.954148e-02 2.903191e-01 -7.980974e-01 8.028046e-02 -5.971561e-01 -1.064411e+02
-6.007205e-01 1.876716e-02 7.992389e-01 3.598670e+02 7.511391e-02 9.966269e-01 3.305469e-02 3.297903e-01 -7.959226e-01 7.989057e-02 -6.001039e-01 -1.080781e+02
-6.038752e-01 1.623428e-02 7.969136e-01 3.620386e+02 7.242569e-02 9.967743e-01 3.457609e-02 3.801369e-01 -7.937816e-01 7.859665e-02 -6.031030e-01 -1.097167e+02
-6.068475e-01 1.634159e-02 7.946503e-01 3.642051e+02 7.194258e-02 9.968139e-01 3.444111e-02 4.335940e-01 -7.915556e-01 7.806967e-02 -6.060897e-01 -1.113631e+02
-6.095901e-01 1.605467e-02 7.925543e-01 3.663626e+02 7.126306e-02 9.968566e-01 3.461851e-02 4.855505e-01 -7.895071e-01 7.758292e-02 -6.088179e-01 -1.130176e+02
-6.122075e-01 1.580857e-02 7.905392e-01 3.685148e+02 7.108644e-02 9.968518e-01 3.511634e-02 5.357534e-01 -7.874952e-01 7.769508e-02 -6.114039e-01 -1.146817e+02
-6.150181e-01 1.428418e-02 7.883836e-01 3.706543e+02 7.043109e-02 9.968345e-01 3.688232e-02 5.857535e-01 -7.853612e-01 7.820999e-02 -6.140773e-01 -1.163494e+02
-6.177963e-01 1.359792e-02 7.862206e-01 3.727925e+02 6.786551e-02 9.970417e-01 3.608321e-02 6.347512e-01 -7.834041e-01 7.564932e-02 -6.168915e-01 -1.180262e+02
-6.206707e-01 1.085791e-02 7.839962e-01 3.749322e+02 5.885749e-02 9.977281e-01 3.277805e-02 6.806409e-01 -7.818591e-01 6.648841e-02 -6.198996e-01 -1.197055e+02
-6.239941e-01 1.192773e-02 7.813381e-01 3.770444e+02 4.951205e-02 9.984779e-01 2.429889e-02 7.141844e-01 -7.798589e-01 5.384800e-02 -6.236348e-01 -1.213733e+02
-6.266260e-01 2.205789e-02 7.790079e-01 3.791489e+02 5.900870e-02 9.980727e-01 1.920520e-02 7.322390e-01 -7.770829e-01 5.800271e-02 -6.267199e-01 -1.230734e+02
-6.274763e-01 2.388148e-02 7.782693e-01 3.812460e+02 6.664289e-02 9.975089e-01 2.312160e-02 7.514499e-01 -7.757784e-01 6.637436e-02 -6.275047e-01 -1.247861e+02
-6.293392e-01 1.350458e-02 7.770134e-01 3.833531e+02 6.579098e-02 9.971854e-01 3.595595e-02 7.912642e-01 -7.743408e-01 7.374895e-02 -6.284563e-01 -1.264979e+02
-6.322787e-01 3.794990e-03 7.747318e-01 3.854625e+02 6.029882e-02 9.971956e-01 4.432671e-02 8.581189e-01 -7.723909e-01 7.474223e-02 -6.307344e-01 -1.282062e+02
-6.354821e-01 -2.169544e-03 7.721126e-01 3.875638e+02 5.428748e-02 9.973957e-01 4.748350e-02 9.375737e-01 -7.702048e-01 7.209095e-02 -6.337093e-01 -1.299140e+02
-6.382772e-01 -2.563005e-03 7.698024e-01 3.896489e+02 5.281065e-02 9.974927e-01 4.710871e-02 1.015440e+00 -7.679930e-01 7.072216e-02 -6.365415e-01 -1.316273e+02
-6.407552e-01 2.180977e-03 7.677422e-01 3.917168e+02 5.798493e-02 9.972772e-01 4.556100e-02 1.088896e+00 -7.655524e-01 7.371091e-02 -6.391370e-01 -1.333507e+02
-6.427141e-01 9.281153e-03 7.660500e-01 3.937800e+02 6.314894e-02 9.971656e-01 4.090054e-02 1.154913e+00 -7.634991e-01 7.466258e-02 -6.414785e-01 -1.350831e+02
-6.451251e-01 1.299057e-02 7.639665e-01 3.958385e+02 6.465990e-02 9.971970e-01 3.764505e-02 1.214067e+00 -7.613361e-01 7.368375e-02 -6.441568e-01 -1.368244e+02
-6.480120e-01 1.202720e-02 7.615352e-01 3.978934e+02 6.400803e-02 9.971980e-01 3.871714e-02 1.272858e+00 -7.589357e-01 7.383352e-02 -6.469661e-01 -1.385702e+02
-6.508502e-01 1.161103e-02 7.591174e-01 3.999429e+02 6.462644e-02 9.971011e-01 4.015815e-02 1.334967e+00 -7.564505e-01 7.519598e-02 -6.497138e-01 -1.403176e+02
-6.532311e-01 1.121137e-02 7.570756e-01 4.019775e+02 6.522569e-02 9.970066e-01 4.151452e-02 1.399861e+00 -7.543439e-01 7.649933e-02 -6.520070e-01 -1.420688e+02
-6.550600e-01 1.168809e-02 7.554865e-01 4.040132e+02 6.588239e-02 9.969556e-01 4.170082e-02 1.463950e+00 -7.526991e-01 7.708978e-02 -6.538357e-01 -1.438398e+02
-6.564592e-01 1.172668e-02 7.542705e-01 4.060396e+02 6.614536e-02 9.969228e-01 4.206862e-02 1.530570e+00 -7.514560e-01 7.750781e-02 -6.552147e-01 -1.456094e+02
-6.576740e-01 1.232267e-02 7.532019e-01 4.080639e+02 6.689873e-02 9.968710e-01 4.210482e-02 1.596786e+00 -7.503263e-01 7.807948e-02 -6.564404e-01 -1.473861e+02
-6.587023e-01 1.203487e-02 7.523075e-01 4.100865e+02 6.824368e-02 9.967064e-01 4.380791e-02 1.665192e+00 -7.493024e-01 8.019658e-02 -6.573540e-01 -1.491653e+02
-6.597711e-01 1.115265e-02 7.513839e-01 4.120999e+02 6.999913e-02 9.964545e-01 4.667426e-02 1.739480e+00 -7.481993e-01 8.339053e-02 -6.582125e-01 -1.509391e+02
-6.608928e-01 1.078191e-02 7.504029e-01 4.141199e+02 7.151847e-02 9.962510e-01 4.867325e-02 1.820766e+00 -7.470648e-01 8.583545e-02 -6.591862e-01 -1.527256e+02
-6.634470e-01 1.166464e-02 7.481324e-01 4.181369e+02 6.703205e-02 9.967844e-01 4.390275e-02 1.980352e+00 -7.452146e-01 7.927598e-02 -6.620955e-01 -1.562858e+02
-6.688990e-01 5.516573e-03 7.433329e-01 4.301109e+02 5.777251e-02 9.973336e-01 4.458581e-02 2.396912e+00 -7.411049e-01 7.276759e-02 -6.674341e-01 -1.670320e+02
-6.688562e-01 4.782552e-03 7.433765e-01 4.320961e+02 5.962807e-02 9.971024e-01 4.723569e-02 2.471810e+00 -7.409965e-01 7.591998e-02 -6.672033e-01 -1.688310e+02
-6.434782e-01 -2.002168e-02 7.652026e-01 4.663135e+02 2.551058e-02 9.985416e-01 4.757953e-02 3.921999e+00 -7.650392e-01 5.013714e-02 -6.420289e-01 -1.986214e+02
-6.425776e-01 -1.892421e-02 7.659869e-01 4.683509e+02 2.470557e-02 9.986634e-01 4.539785e-02 4.004216e+00 -7.658222e-01 4.809577e-02 -6.412512e-01 -2.003376e+02
-6.347825e-01 -1.785998e-02 7.724845e-01 4.867577e+02 2.769275e-02 9.985647e-01 4.584327e-02 4.720801e+00 -7.721945e-01 5.049271e-02 -6.333767e-01 -2.156770e+02
-6.342247e-01 -1.826709e-02 7.729330e-01 4.888066e+02 2.810945e-02 9.985151e-01 4.666338e-02 4.799764e+00 -7.726376e-01 5.132177e-02 -6.327694e-01 -2.173707e+02
-6.341946e-01 -2.049598e-02 7.729018e-01 4.990722e+02 2.633335e-02 9.984960e-01 4.808582e-02 5.193552e+00 -7.727248e-01 5.084886e-02 -6.327010e-01 -2.258270e+02
-6.346633e-01 -2.373341e-02 7.724243e-01 5.031867e+02 2.489555e-02 9.983816e-01 5.113160e-02 5.349108e+00 -7.723877e-01 5.168127e-02 -6.330452e-01 -2.292205e+02
-6.349925e-01 -2.411289e-02 7.721420e-01 5.072915e+02 2.397188e-02 9.984163e-01 5.089305e-02 5.519275e+00 -7.721463e-01 5.082639e-02 -6.334088e-01 -2.326072e+02
-6.346135e-01 -2.306910e-02 7.724854e-01 5.134454e+02 2.490848e-02 9.984245e-01 5.027928e-02 5.773309e+00 -7.724282e-01 5.114933e-02 -6.330390e-01 -2.376908e+02
-6.345169e-01 -2.292727e-02 7.725689e-01 5.175493e+02 2.443340e-02 9.984653e-01 4.969846e-02 5.942483e+00 -7.725227e-01 5.041099e-02 -6.329829e-01 -2.410762e+02
-6.337744e-01 -2.490629e-02 7.731169e-01 5.257627e+02 2.433043e-02 9.983450e-01 5.210735e-02 6.299720e+00 -7.731352e-01 5.183455e-02 -6.321195e-01 -2.478455e+02
-6.332811e-01 -2.430248e-02 7.735402e-01 5.298651e+02 2.598185e-02 9.982758e-01 5.263383e-02 6.486799e+00 -7.734856e-01 5.343001e-02 -6.315578e-01 -2.512228e+02
-6.330458e-01 -2.523112e-02 7.737031e-01 5.319262e+02 2.543230e-02 9.982513e-01 5.336260e-02 6.582378e+00 -7.736964e-01 5.345801e-02 -6.312970e-01 -2.529158e+02
-6.343588e-01 -2.722893e-02 7.725591e-01 5.504365e+02 2.286776e-02 9.982811e-01 5.396156e-02 7.450904e+00 -7.727004e-01 5.189768e-02 -6.326457e-01 -2.681343e+02
-6.343860e-01 -2.725994e-02 7.725357e-01 5.545493e+02 2.445367e-02 9.981701e-01 5.530245e-02 7.654529e+00 -7.726295e-01 5.397442e-02 -6.325585e-01 -2.715254e+02
-6.341833e-01 -2.586426e-02 7.727501e-01 5.627775e+02 2.725792e-02 9.980711e-01 5.577597e-02 8.058037e+00 -7.727021e-01 5.643573e-02 -6.322549e-01 -2.783114e+02
-6.332114e-01 -2.777469e-02 7.734804e-01 5.710150e+02 2.817505e-02 9.978663e-01 5.889766e-02 8.483450e+00 -7.734659e-01 5.908751e-02 -6.310777e-01 -2.850936e+02
-6.328038e-01 -2.864444e-02 7.737822e-01 5.730773e+02 2.691291e-02 9.978980e-01 5.895046e-02 8.593947e+00 -7.738443e-01 5.812879e-02 -6.307027e-01 -2.867871e+02
-6.322726e-01 -2.939367e-02 7.741882e-01 5.772007e+02 2.522994e-02 9.979688e-01 5.849503e-02 8.816896e+00 -7.743350e-01 5.651752e-02 -6.302467e-01 -2.901677e+02
-6.309177e-01 -2.685553e-02 7.753849e-01 5.813141e+02 2.800142e-02 9.979614e-01 5.734878e-02 9.031620e+00 -7.753443e-01 5.789422e-02 -6.288795e-01 -2.935428e+02
-6.284360e-01 -2.762615e-02 7.773706e-01 5.895489e+02 2.792536e-02 9.979236e-01 5.803934e-02 9.456599e+00 -7.773598e-01 5.818235e-02 -6.263596e-01 -3.002630e+02
-6.263289e-01 -3.020898e-02 7.789734e-01 5.978027e+02 2.504597e-02 9.979532e-01 5.883918e-02 9.883665e+00 -7.791565e-01 5.636281e-02 -6.242903e-01 -3.069488e+02
-6.260867e-01 -3.038338e-02 7.791613e-01 6.019345e+02 2.246797e-02 9.981227e-01 5.697568e-02 1.009861e+01 -7.794296e-01 5.317788e-02 -6.242287e-01 -3.102813e+02
-6.263989e-01 -3.193005e-02 7.788485e-01 6.060701e+02 2.349138e-02 9.979336e-01 5.980501e-02 1.031717e+01 -7.791486e-01 5.575801e-02 -6.243544e-01 -3.136242e+02
-6.266982e-01 -3.264678e-02 7.785779e-01 6.102041e+02 2.151846e-02 9.980160e-01 5.916888e-02 1.054205e+01 -7.789649e-01 5.383482e-02 -6.247523e-01 -3.169635e+02
-6.266057e-01 -2.915437e-02 7.787910e-01 6.143316e+02 2.264969e-02 9.981966e-01 5.559156e-02 1.075646e+01 -7.790073e-01 5.247334e-02 -6.248153e-01 -3.203039e+02
-6.265290e-01 -3.015212e-02 7.788147e-01 6.184658e+02 2.294946e-02 9.981044e-01 5.710404e-02 1.096062e+01 -7.790601e-01 5.365070e-02 -6.246494e-01 -3.236462e+02
-6.263612e-01 -3.072541e-02 7.789272e-01 6.226067e+02 2.406871e-02 9.979842e-01 5.872073e-02 1.117705e+01 -7.791613e-01 5.552815e-02 -6.243591e-01 -3.269891e+02
-6.259098e-01 -3.013968e-02 7.793129e-01 6.267459e+02 2.363144e-02 9.980612e-01 5.757943e-02 1.139641e+01 -7.795373e-01 5.445581e-02 -6.239840e-01 -3.303270e+02
-6.252310e-01 -3.031342e-02 7.798508e-01 6.308887e+02 2.380432e-02 9.980397e-01 5.787927e-02 1.161229e+01 -7.800766e-01 5.475173e-02 -6.232838e-01 -3.336656e+02
-6.246102e-01 -3.173476e-02 7.802916e-01 6.350324e+02 2.267172e-02 9.980159e-01 5.873801e-02 1.183193e+01 -7.806075e-01 5.437890e-02 -6.226514e-01 -3.369998e+02
-6.237826e-01 -3.043697e-02 7.810051e-01 6.391659e+02 2.287771e-02 9.981023e-01 5.716983e-02 1.204805e+01 -7.812630e-01 5.352914e-02 -6.219025e-01 -3.403234e+02
-6.230705e-01 -3.122445e-02 7.815422e-01 6.433047e+02 2.380466e-02 9.979830e-01 5.884960e-02 1.226642e+01 -7.818034e-01 5.527178e-02 -6.210704e-01 -3.436496e+02
-6.222250e-01 -2.898656e-02 7.823017e-01 6.474454e+02 2.429167e-02 9.981181e-01 5.630423e-02 1.248249e+01 -7.824615e-01 5.403730e-02 -6.203498e-01 -3.469686e+02
-6.210310e-01 -2.943427e-02 7.832332e-01 6.515913e+02 2.579591e-02 9.979856e-01 5.795851e-02 1.269235e+01 -7.833614e-01 5.619823e-02 -6.190207e-01 -3.502820e+02
-6.201170e-01 -3.023961e-02 7.839263e-01 6.557358e+02 2.584500e-02 9.979269e-01 5.893901e-02 1.291009e+01 -7.840835e-01 5.680964e-02 -6.180499e-01 -3.535870e+02
-6.192251e-01 -3.037229e-02 7.846259e-01 6.598779e+02 2.531333e-02 9.979601e-01 5.860753e-02 1.313000e+01 -7.848054e-01 5.615274e-02 -6.171931e-01 -3.568806e+02
-6.183042e-01 -2.895769e-02 7.854053e-01 6.640361e+02 2.521061e-02 9.980760e-01 5.664565e-02 1.334665e+01 -7.855344e-01 5.482478e-02 -6.163845e-01 -3.601819e+02
-6.181211e-01 -2.959064e-02 7.855258e-01 6.681904e+02 2.430014e-02 9.980944e-01 5.671956e-02 1.355813e+01 -7.857072e-01 5.414793e-02 -6.162241e-01 -3.634752e+02
-6.188770e-01 -3.062233e-02 7.848909e-01 6.744325e+02 2.193799e-02 9.981761e-01 5.624143e-02 1.387413e+01 -7.851815e-01 5.202544e-02 -6.170764e-01 -3.684192e+02
-6.195896e-01 -3.090942e-02 7.843171e-01 6.785876e+02 2.192674e-02 9.981528e-01 5.665807e-02 1.408324e+01 -7.846196e-01 5.230226e-02 -6.177673e-01 -3.717203e+02
-6.203275e-01 -3.106536e-02 7.837275e-01 6.827432e+02 2.367638e-02 9.980183e-01 5.829948e-02 1.429713e+01 -7.839855e-01 5.472059e-02 -6.183626e-01 -3.750304e+02
-6.205936e-01 -2.976116e-02 7.835674e-01 6.889656e+02 2.350369e-02 9.981244e-01 5.652555e-02 1.461921e+01 -7.837800e-01 5.349611e-02 -6.187301e-01 -3.799902e+02
-6.199039e-01 -2.777842e-02 7.841859e-01 6.931156e+02 2.640585e-02 9.980686e-01 5.622883e-02 1.482707e+01 -7.842333e-01 5.556355e-02 -6.179731e-01 -3.833046e+02
-6.189651e-01 -2.720965e-02 7.849471e-01 6.972710e+02 2.818073e-02 9.979868e-01 5.681626e-02 1.503283e+01 -7.849128e-01 5.728765e-02 -6.169522e-01 -3.866143e+02
-6.150152e-01 -2.666353e-02 7.880644e-01 7.139054e+02 2.958742e-02 9.979439e-01 5.685502e-02 1.587836e+01 -7.879600e-01 5.828347e-02 -6.129617e-01 -3.998001e+02
-6.128317e-01 -2.458664e-02 7.898309e-01 7.201441e+02 2.991372e-02 9.980776e-01 5.427927e-02 1.621513e+01 -7.896470e-01 5.689083e-02 -6.109181e-01 -4.046980e+02
-6.106438e-01 -2.477735e-02 7.915177e-01 7.264057e+02 2.932406e-02 9.981174e-01 5.386772e-02 1.654399e+01 -7.913623e-01 5.610449e-02 -6.087676e-01 -4.095850e+02
-6.096062e-01 -2.574941e-02 7.922862e-01 7.305888e+02 2.684648e-02 9.982283e-01 5.309895e-02 1.677343e+01 -7.922497e-01 5.363952e-02 -6.078348e-01 -4.128287e+02
-6.082262e-01 -2.245372e-02 7.934462e-01 7.347664e+02 2.985769e-02 9.982452e-01 5.113711e-02 1.698171e+01 -7.932020e-01 5.479338e-02 -6.064884e-01 -4.160734e+02
-6.077041e-01 -2.493766e-02 7.937719e-01 7.473289e+02 2.681944e-02 9.982923e-01 5.189571e-02 1.755500e+01 -7.937105e-01 5.282575e-02 -6.059975e-01 -4.257917e+02
-6.037548e-01 -1.753328e-02 7.969773e-01 7.599091e+02 3.433796e-02 9.982581e-01 4.797432e-02 1.809594e+01 -7.964302e-01 5.633129e-02 -6.021010e-01 -4.354976e+02
-5.979070e-01 -1.961354e-02 8.013255e-01 7.746901e+02 3.156589e-02 9.983490e-01 4.798876e-02 1.866585e+01 -8.009437e-01 5.398735e-02 -5.963006e-01 -4.467409e+02
-6.006295e-01 -2.189010e-02 7.992278e-01 8.000123e+02 3.066110e-02 9.982592e-01 5.038357e-02 1.965533e+01 -7.989393e-01 5.476705e-02 -5.989127e-01 -4.658635e+02
-5.988091e-01 -1.841164e-02 8.006802e-01 8.125910e+02 3.084472e-02 9.984638e-01 4.602768e-02 2.011443e+01 -8.002976e-01 5.225853e-02 -5.973213e-01 -4.754125e+02
-5.957648e-01 -1.758585e-02 8.029665e-01 8.188949e+02 3.362588e-02 9.983375e-01 4.681356e-02 2.035380e+01 -8.024547e-01 5.489031e-02 -5.941829e-01 -4.801748e+02
-5.892913e-01 -2.045812e-02 8.076616e-01 8.315909e+02 3.198517e-02 9.983049e-01 4.862434e-02 2.085797e+01 -8.072872e-01 5.448708e-02 -5.876380e-01 -4.896319e+02
-5.873742e-01 -2.061282e-02 8.090530e-01 8.379860e+02 3.284056e-02 9.982452e-01 4.927531e-02 2.112295e+01 -8.086489e-01 5.551278e-02 -5.856665e-01 -4.943446e+02
-5.732515e-01 -2.867449e-02 8.188776e-01 8.894706e+02 3.329040e-02 9.977472e-01 5.824273e-02 2.343087e+01 -8.187029e-01 6.064848e-02 -5.710055e-01 -5.318310e+02
-5.699506e-01 -2.781134e-02 8.212082e-01 8.958952e+02 3.468735e-02 9.977217e-01 5.786358e-02 2.373415e+01 -8.209465e-01 6.146490e-02 -5.676873e-01 -5.363697e+02
-5.642681e-01 -2.785301e-02 8.251217e-01 9.151230e+02 3.442717e-02 9.977676e-01 5.722426e-02 2.468802e+01 -8.248735e-01 6.069641e-02 -5.620495e-01 -5.497727e+02
-5.502465e-01 -3.801555e-02 8.341365e-01 9.861268e+02 3.522866e-02 9.970167e-01 6.867771e-02 2.868428e+01 -8.342588e-01 6.717516e-02 -5.472656e-01 -5.978687e+02
-5.485848e-01 -3.552427e-02 8.353399e-01 9.969663e+02 3.886245e-02 9.969337e-01 6.791809e-02 2.933236e+01 -8.351912e-01 6.972217e-02 -5.455221e-01 -6.050961e+02
-5.455799e-01 -4.045406e-02 8.370819e-01 1.009973e+03 3.551895e-02 9.968206e-01 7.132380e-02 3.008734e+01 -8.373058e-01 6.864508e-02 -5.424083e-01 -6.136954e+02
-5.271365e-01 -3.918053e-02 8.488769e-01 1.082986e+03 3.380511e-02 9.971789e-01 6.701785e-02 3.424794e+01 -8.491079e-01 6.402392e-02 -5.243249e-01 -6.606391e+02
-5.172653e-01 -3.497892e-02 8.551100e-01 1.106668e+03 3.945567e-02 9.971273e-01 6.465540e-02 3.554872e+01 -8.549151e-01 6.718292e-02 -5.143992e-01 -6.753171e+02
-5.146440e-01 -3.737188e-02 8.565891e-01 1.113157e+03 3.924913e-02 9.969754e-01 6.707787e-02 3.590472e+01 -8.565051e-01 6.814158e-02 -5.116206e-01 -6.792720e+02
-5.095496e-01 -3.781413e-02 8.596100e-01 1.126198e+03 3.824837e-02 9.970509e-01 6.653256e-02 3.663445e+01 -8.595907e-01 6.678030e-02 -5.066005e-01 -6.871319e+02
-5.065972e-01 -3.485421e-02 8.614781e-01 1.132753e+03 3.822998e-02 9.972917e-01 6.283040e-02 3.699032e+01 -8.613348e-01 6.476399e-02 -5.038927e-01 -6.910464e+02
-5.041816e-01 -3.300760e-02 8.629667e-01 1.139341e+03 3.923736e-02 9.973618e-01 6.107220e-02 3.732204e+01 -8.627058e-01 6.465200e-02 -5.015563e-01 -6.949554e+02
-5.021790e-01 -3.558053e-02 8.640314e-01 1.148163e+03 3.679896e-02 9.973689e-01 6.245905e-02 3.777645e+01 -8.639803e-01 6.316107e-02 -4.995483e-01 -7.001487e+02
-5.022953e-01 -3.581665e-02 8.639541e-01 1.150376e+03 3.555618e-02 9.974412e-01 6.202263e-02 3.789135e+01 -8.639648e-01 6.187256e-02 -4.997365e-01 -7.014450e+02
-5.028628e-01 -3.664102e-02 8.635893e-01 1.154800e+03 3.577497e-02 9.973627e-01 6.314841e-02 3.812449e+01 -8.636255e-01 6.264986e-02 -5.002258e-01 -7.040408e+02
-5.030194e-01 -3.510970e-02 8.635617e-01 1.157012e+03 3.622457e-02 9.974400e-01 6.165336e-02 3.824356e+01 -8.635156e-01 6.229497e-02 -5.004598e-01 -7.053377e+02
-5.031328e-01 -3.599091e-02 8.634594e-01 1.159229e+03 3.680543e-02 9.973335e-01 6.301739e-02 3.836214e+01 -8.634250e-01 6.348609e-02 -5.004665e-01 -7.066378e+02
-5.034927e-01 -3.274506e-02 8.633788e-01 1.163663e+03 3.877204e-02 9.974186e-01 6.043925e-02 3.860075e+01 -8.631291e-01 6.390566e-02 -5.009233e-01 -7.092369e+02
-5.038034e-01 -3.526568e-02 8.630982e-01 1.168110e+03 3.807084e-02 9.972889e-01 6.297115e-02 3.883461e+01 -8.629790e-01 6.458394e-02 -5.010949e-01 -7.118436e+02
-5.039031e-01 -3.504066e-02 8.630492e-01 1.170337e+03 3.829730e-02 9.972878e-01 6.285128e-02 3.895544e+01 -8.629108e-01 6.472339e-02 -5.011944e-01 -7.131505e+02
-5.031224e-01 -3.041031e-02 8.636800e-01 1.174790e+03 4.071460e-02 9.974369e-01 5.883752e-02 3.919328e+01 -8.632556e-01 6.476685e-02 -5.005947e-01 -7.157678e+02
-5.020098e-01 -3.281038e-02 8.642394e-01 1.179271e+03 4.146768e-02 9.972177e-01 6.194611e-02 3.941873e+01 -8.638672e-01 6.693554e-02 -4.992524e-01 -7.183940e+02
-5.014015e-01 -3.761285e-02 8.643968e-01 1.186021e+03 4.043427e-02 9.969444e-01 6.683473e-02 3.980234e+01 -8.642694e-01 6.846227e-02 -4.983486e-01 -7.223448e+02
-5.008074e-01 -3.594900e-02 8.648120e-01 1.190524e+03 3.913494e-02 9.971749e-01 6.411394e-02 4.006015e+01 -8.646736e-01 6.595308e-02 -4.979856e-01 -7.249743e+02
-4.994819e-01 -3.515332e-02 8.656108e-01 1.195054e+03 3.989960e-02 9.971826e-01 6.351978e-02 4.030956e+01 -8.654050e-01 6.626449e-02 -4.966721e-01 -7.276201e+02
-4.985463e-01 -3.378706e-02 8.662044e-01 1.197315e+03 4.053673e-02 9.972383e-01 6.222918e-02 4.043252e+01 -8.659147e-01 6.613720e-02 -4.957998e-01 -7.289370e+02
-4.970255e-01 -3.263259e-02 8.671222e-01 1.201867e+03 4.126176e-02 9.972734e-01 6.118141e-02 4.067201e+01 -8.667543e-01 6.618769e-02 -4.943238e-01 -7.315819e+02
-4.866466e-01 -2.912757e-02 8.731133e-01 1.224787e+03 4.363457e-02 9.973860e-01 5.759395e-02 4.183738e+01 -8.725085e-01 6.612581e-02 -4.841035e-01 -7.447223e+02
-4.839808e-01 -2.937514e-02 8.745855e-01 1.229416e+03 4.405987e-02 9.973508e-01 5.788050e-02 4.204989e+01 -8.739687e-01 6.654716e-02 -4.814043e-01 -7.473281e+02
-4.824974e-01 -3.015414e-02 8.753782e-01 1.234074e+03 4.149738e-02 9.974980e-01 5.723362e-02 4.226955e+01 -8.749138e-01 6.394096e-02 -4.800389e-01 -7.499294e+02
-4.812640e-01 -2.785717e-02 8.761330e-01 1.238735e+03 4.022915e-02 9.977398e-01 5.382179e-02 4.248429e+01 -8.756520e-01 6.114856e-02 -4.790556e-01 -7.525197e+02
-4.800560e-01 -2.679695e-02 8.768285e-01 1.243423e+03 4.189717e-02 9.976923e-01 5.342904e-02 4.268651e+01 -8.762367e-01 6.238555e-02 -4.778255e-01 -7.551203e+02
-4.789601e-01 -2.763047e-02 8.774018e-01 1.248123e+03 4.198479e-02 9.976396e-01 5.433576e-02 4.288754e+01 -8.768321e-01 6.286217e-02 -4.766694e-01 -7.577175e+02
-4.777230e-01 -2.987704e-02 8.780024e-01 1.252841e+03 4.093862e-02 9.975787e-01 5.622082e-02 4.309761e+01 -8.775561e-01 6.280217e-02 -4.753431e-01 -7.603120e+02
-4.764179e-01 -3.243485e-02 8.786205e-01 1.257579e+03 4.162571e-02 9.973666e-01 5.938931e-02 4.332063e+01 -8.782330e-01 6.486732e-02 -4.738131e-01 -7.629110e+02
-4.750737e-01 -2.886688e-02 8.794724e-01 1.262318e+03 4.213284e-02 9.975692e-01 5.550249e-02 4.354782e+01 -8.789367e-01 6.342243e-02 -4.727026e-01 -7.655015e+02
-4.743670e-01 -2.406703e-02 8.799982e-01 1.264716e+03 4.159496e-02 9.978970e-01 4.971339e-02 4.365179e+01 -8.793439e-01 6.018586e-02 -4.723683e-01 -7.668074e+02
-4.697773e-01 -2.548182e-02 8.824172e-01 1.283885e+03 4.201929e-02 9.978049e-01 5.118394e-02 4.434661e+01 -8.817844e-01 6.112358e-02 -4.676753e-01 -7.771708e+02
-4.686361e-01 -2.366345e-02 8.830744e-01 1.288696e+03 4.167369e-02 9.979360e-01 4.885704e-02 4.452846e+01 -8.824078e-01 5.969712e-02 -4.666826e-01 -7.797516e+02
-4.670401e-01 -2.177379e-02 8.839681e-01 1.295919e+03 4.229333e-02 9.980025e-01 4.692813e-02 4.477631e+01 -8.832241e-01 5.930326e-02 -4.651862e-01 -7.836147e+02
-4.659909e-01 -2.233297e-02 8.845077e-01 1.300742e+03 4.178726e-02 9.980103e-01 4.721386e-02 4.494119e+01 -8.838022e-01 5.896236e-02 -4.641304e-01 -7.861825e+02
-4.649276e-01 -2.138350e-02 8.850905e-01 1.305561e+03 4.229027e-02 9.980307e-01 4.632668e-02 4.510370e+01 -8.843381e-01 5.896925e-02 -4.631077e-01 -7.887421e+02
-4.642827e-01 -1.980744e-02 8.854656e-01 1.307966e+03 4.264627e-02 9.980903e-01 4.468783e-02 4.518137e+01 -8.846597e-01 5.850957e-02 -4.625513e-01 -7.900173e+02
-4.584249e-01 -1.394862e-02 8.886237e-01 1.334542e+03 4.163794e-02 9.984417e-01 3.715267e-02 4.596958e+01 -8.877572e-01 5.403216e-02 -4.571297e-01 -8.039500e+02
-4.574775e-01 -1.539285e-02 8.890880e-01 1.339380e+03 4.295617e-02 9.983003e-01 3.938660e-02 4.606417e+01 -8.881830e-01 5.621028e-02 -4.560386e-01 -8.064689e+02
-4.566051e-01 -1.532619e-02 8.895375e-01 1.344212e+03 4.242098e-02 9.983393e-01 3.897573e-02 4.616921e+01 -8.886575e-01 5.553156e-02 -4.551966e-01 -8.089741e+02
-4.558015e-01 -1.351150e-02 8.899789e-01 1.349058e+03 4.146560e-02 9.984768e-01 3.639524e-02 4.627189e+01 -8.891150e-01 5.349250e-02 -4.545470e-01 -8.114819e+02
-4.553181e-01 -1.245396e-02 8.902417e-01 1.351478e+03 4.176598e-02 9.985026e-01 3.532985e-02 4.632033e+01 -8.893486e-01 5.326813e-02 -4.541161e-01 -8.127339e+02
-4.547521e-01 -1.244782e-02 8.905311e-01 1.353902e+03 4.197514e-02 9.984916e-01 3.539161e-02 4.636595e+01 -8.896283e-01 5.347457e-02 -4.535436e-01 -8.139856e+02
-4.431812e-01 -7.331661e-03 8.964021e-01 1.397297e+03 4.064830e-02 9.987736e-01 2.826547e-02 4.710779e+01 -8.955099e-01 4.896394e-02 -4.423397e-01 -8.360545e+02
-4.329478e-01 7.404537e-05 9.014190e-01 1.430939e+03 4.315982e-02 9.988548e-01 2.064743e-02 4.740614e+01 -9.003851e-01 4.784433e-02 -4.324551e-01 -8.526428e+02
-4.318036e-01 1.893540e-03 9.019657e-01 1.435735e+03 4.310806e-02 9.988983e-01 1.854034e-02 4.742141e+01 -9.009369e-01 4.688776e-02 -4.314095e-01 -8.549747e+02
-4.157740e-01 -4.596890e-03 9.094564e-01 1.522676e+03 4.362042e-02 9.987356e-01 2.498999e-02 4.764596e+01 -9.084213e-01 5.006105e-02 -4.150477e-01 -8.960191e+02
-4.141134e-01 -5.765739e-03 9.102071e-01 1.529523e+03 4.354750e-02 9.987093e-01 2.613899e-02 4.770517e+01 -9.091829e-01 5.046173e-02 -4.133278e-01 -8.991623e+02
-4.134721e-01 -3.057610e-03 9.105117e-01 1.531795e+03 4.374900e-02 9.987726e-01 2.322083e-02 4.772020e+01 -9.094651e-01 4.943512e-02 -4.128308e-01 -9.002017e+02
-4.127471e-01 -5.885758e-04 9.108455e-01 1.534067e+03 4.408609e-02 9.988148e-01 2.062291e-02 4.773131e+01 -9.097781e-01 4.866765e-02 -4.122320e-01 -9.012401e+02
-4.120512e-01 -2.077011e-03 9.111583e-01 1.536337e+03 4.372837e-02 9.988000e-01 2.205198e-02 4.773818e+01 -9.101107e-01 4.893000e-02 -4.114659e-01 -9.022742e+02
-4.114881e-01 -4.698936e-03 9.114031e-01 1.538605e+03 4.330304e-02 9.987566e-01 2.470013e-02 4.775082e+01 -9.103858e-01 4.963031e-02 -4.107729e-01 -9.033060e+02
-4.098924e-01 -7.215828e-03 9.121054e-01 1.545392e+03 4.264259e-02 9.987237e-01 2.706429e-02 4.781679e+01 -9.111365e-01 4.998797e-02 -4.090615e-01 -9.063787e+02
-4.083700e-01 -4.332459e-03 9.128062e-01 1.549884e+03 4.407901e-02 9.987285e-01 2.446027e-02 4.784794e+01 -9.117516e-01 5.022442e-02 -4.076598e-01 -9.084067e+02
-4.076285e-01 -5.019878e-03 9.131341e-01 1.552134e+03 4.453146e-02 9.986858e-01 2.536930e-02 4.786034e+01 -9.120613e-01 5.100443e-02 -4.068692e-01 -9.094203e+02
-4.072216e-01 -6.471444e-03 9.133065e-01 1.554374e+03 4.317673e-02 9.987205e-01 2.632813e-02 4.787274e+01 -9.123082e-01 5.015496e-02 -4.064211e-01 -9.104252e+02
-4.095265e-01 -1.088907e-02 9.122332e-01 1.563292e+03 4.079286e-02 9.987101e-01 3.023435e-02 4.794997e+01 -9.113857e-01 4.959436e-02 -4.085541e-01 -9.144261e+02
-4.102545e-01 -9.769812e-03 9.119188e-01 1.565507e+03 4.114888e-02 9.987259e-01 2.921189e-02 4.797397e+01 -9.110422e-01 4.950873e-02 -4.093298e-01 -9.154256e+02
-4.115826e-01 -9.531422e-03 9.113227e-01 1.569920e+03 4.036102e-02 9.987736e-01 2.867439e-02 4.801985e+01 -9.104783e-01 4.858378e-02 -4.106931e-01 -9.174222e+02
-4.140446e-01 -9.090209e-03 9.102112e-01 1.578723e+03 4.070736e-02 9.987648e-01 2.849189e-02 4.811923e+01 -9.093459e-01 4.884920e-02 -4.131631e-01 -9.214312e+02
-4.183437e-01 -9.871278e-03 9.082352e-01 1.587477e+03 4.061757e-02 9.987373e-01 2.956383e-02 4.821155e+01 -9.073801e-01 4.925814e-02 -4.174145e-01 -9.254494e+02
-4.206667e-01 -1.117204e-02 9.071465e-01 1.589656e+03 3.971371e-02 9.987388e-01 3.071629e-02 4.823639e+01 -9.063456e-01 4.894746e-02 -4.196924e-01 -9.264574e+02
-4.357487e-01 -1.337277e-02 8.999691e-01 1.602594e+03 3.647518e-02 9.988059e-01 3.250201e-02 4.840548e+01 -8.993290e-01 4.698923e-02 -4.347406e-01 -9.325808e+02
-4.386786e-01 -1.359226e-02 8.985413e-01 1.604728e+03 3.563269e-02 9.988361e-01 3.250572e-02 4.843406e+01 -8.979373e-01 4.627699e-02 -4.376837e-01 -9.336148e+02
-4.544318e-01 -1.675632e-02 8.906240e-01 1.649931e+03 4.130967e-02 9.983509e-01 3.986094e-02 4.913070e+01 -8.898231e-01 5.490544e-02 -4.529902e-01 -9.567025e+02
-4.511600e-01 -1.964903e-02 8.922268e-01 1.653922e+03 4.075170e-02 9.982611e-01 4.259052e-02 4.922771e+01 -8.915121e-01 5.557488e-02 -4.495748e-01 -9.587392e+02
-4.469770e-01 -9.115964e-03 8.944990e-01 1.657888e+03 4.213817e-02 9.986235e-01 3.123335e-02 4.931059e+01 -8.935524e-01 5.165312e-02 -4.459776e-01 -9.607445e+02
-4.442249e-01 -5.603634e-03 8.958978e-01 1.659868e+03 4.454230e-02 9.986056e-01 2.833204e-02 4.933671e+01 -8.948073e-01 5.249114e-02 -4.433558e-01 -9.617407e+02
-4.271062e-01 -1.697163e-02 9.040422e-01 1.677761e+03 4.370839e-02 9.982675e-01 3.939013e-02 4.969653e+01 -9.031444e-01 5.633798e-02 -4.256244e-01 -9.703985e+02
-4.264020e-01 -1.762622e-02 9.043620e-01 1.681723e+03 3.991334e-02 9.984696e-01 3.827932e-02 4.978185e+01 -9.036527e-01 5.241848e-02 -4.250459e-01 -9.722641e+02
-4.259164e-01 -1.948363e-02 9.045527e-01 1.685682e+03 3.873070e-02 9.984590e-01 3.974301e-02 4.986559e+01 -9.039331e-01 5.196115e-02 -4.245054e-01 -9.741288e+02
-4.258275e-01 -1.911967e-02 9.046024e-01 1.689621e+03 3.922920e-02 9.984464e-01 3.956969e-02 4.995262e+01 -9.039535e-01 5.233667e-02 -4.244159e-01 -9.759855e+02
-4.259242e-01 -1.796021e-02 9.045806e-01 1.693546e+03 3.924694e-02 9.984951e-01 3.830438e-02 5.003776e+01 -9.039072e-01 5.181677e-02 -4.245783e-01 -9.778338e+02
-4.252649e-01 -1.878445e-02 9.048740e-01 1.697460e+03 4.078557e-02 9.983712e-01 3.989342e-02 5.012017e+01 -9.041495e-01 5.387106e-02 -4.238060e-01 -9.796789e+02
-4.239562e-01 -1.983420e-02 9.054655e-01 1.701378e+03 4.150721e-02 9.982842e-01 4.130185e-02 5.021139e+01 -9.047310e-01 5.509350e-02 -4.224055e-01 -9.815203e+02
-4.225106e-01 -2.135127e-02 9.061065e-01 1.705258e+03 4.089649e-02 9.982551e-01 4.259235e-02 5.030572e+01 -9.054348e-01 5.505228e-02 -4.209001e-01 -9.833354e+02
-4.205769e-01 -2.270020e-02 9.069729e-01 1.709144e+03 4.172128e-02 9.981454e-01 4.432889e-02 5.040598e+01 -9.062970e-01 5.648376e-02 -4.188498e-01 -9.851451e+02
-4.034386e-01 -2.394467e-02 9.146934e-01 1.736038e+03 4.291652e-02 9.980622e-01 4.505603e-02 5.112203e+01 -9.139997e-01 5.743279e-02 -4.016292e-01 -9.972930e+02
-4.033294e-01 -2.394972e-02 9.147414e-01 1.739776e+03 4.803797e-02 9.977248e-01 4.730337e-02 5.121849e+01 -9.137930e-01 6.302115e-02 -4.012612e-01 -9.989527e+02
-4.041289e-01 -2.568992e-02 9.143413e-01 1.743475e+03 4.800506e-02 9.976323e-01 4.924783e-02 5.132253e+01 -9.134415e-01 6.379546e-02 -4.019387e-01 -1.000590e+03
-4.066935e-01 -2.735939e-02 9.131549e-01 1.750784e+03 3.966111e-02 9.980803e-01 4.756781e-02 5.155995e+01 -9.127033e-01 5.556224e-02 -4.048277e-01 -1.003788e+03
-4.081243e-01 -2.983948e-02 9.124386e-01 1.754388e+03 3.846660e-02 9.980160e-01 4.984383e-02 5.165386e+01 -9.121156e-01 5.544088e-02 -4.061667e-01 -1.005375e+03
-4.105918e-01 -3.381276e-02 9.111921e-01 1.757974e+03 3.578011e-02 9.979450e-01 5.315486e-02 5.176265e+01 -9.111169e-01 5.442749e-02 -4.085382e-01 -1.006957e+03
-4.174463e-01 -2.971773e-02 9.082156e-01 1.768424e+03 5.059251e-02 9.971547e-01 5.588191e-02 5.212901e+01 -9.072921e-01 6.927658e-02 -4.147550e-01 -1.011690e+03
-4.197411e-01 -2.733766e-02 9.072321e-01 1.771786e+03 5.677297e-02 9.967982e-01 5.630321e-02 5.224293e+01 -9.058665e-01 7.513902e-02 -4.168452e-01 -1.013242e+03
-4.225884e-01 -2.359028e-02 9.060147e-01 1.775097e+03 6.274887e-02 9.965009e-01 5.521398e-02 5.235761e+01 -9.041469e-01 8.018417e-02 -4.196294e-01 -1.014785e+03
-4.367904e-01 -1.663218e-02 8.994096e-01 1.784649e+03 7.802832e-02 9.953601e-01 5.630030e-02 5.269797e+01 -8.961728e-01 9.477083e-02 -4.334660e-01 -1.019347e+03
-4.469695e-01 -1.721247e-02 8.943836e-01 1.787688e+03 7.905211e-02 9.951432e-01 5.865800e-02 5.281142e+01 -8.910493e-01 9.692123e-02 -4.434380e-01 -1.020850e+03
-4.602830e-01 -1.629974e-02 8.876226e-01 1.790644e+03 8.031326e-02 9.949671e-01 5.991795e-02 5.292871e+01 -8.841320e-01 9.886706e-02 -4.566573e-01 -1.022359e+03
-4.787360e-01 -1.566270e-02 8.778192e-01 1.793508e+03 7.710013e-02 9.952280e-01 5.980566e-02 5.304491e+01 -8.745670e-01 9.631108e-02 -4.752438e-01 -1.023881e+03
-4.907492e-01 -1.491830e-02 8.711732e-01 1.794918e+03 7.588578e-02 9.953222e-01 5.979224e-02 5.310413e+01 -8.679900e-01 9.545263e-02 -4.873214e-01 -1.024665e+03
-5.174962e-01 -1.258371e-02 8.555930e-01 1.797645e+03 7.761762e-02 9.950795e-01 6.158139e-02 5.322561e+01 -8.521579e-01 9.827721e-02 -5.139731e-01 -1.026269e+03
-5.456592e-01 -9.288754e-03 8.379558e-01 1.800303e+03 8.159625e-02 9.945982e-01 6.415889e-02 5.334948e+01 -8.340252e-01 1.033829e-01 -5.419537e-01 -1.027957e+03
-5.757601e-01 -6.659574e-03 8.175916e-01 1.802849e+03 8.351870e-02 9.942571e-01 6.691367e-02 5.348746e+01 -8.133418e-01 1.068104e-01 -5.718973e-01 -1.029705e+03
-6.074469e-01 -1.646386e-03 7.943586e-01 1.805302e+03 8.432396e-02 9.942140e-01 6.654322e-02 5.362778e+01 -7.898720e-01 1.074049e-01 -6.037933e-01 -1.031525e+03
-6.412298e-01 -1.351058e-03 7.673477e-01 1.807659e+03 8.512927e-02 9.937004e-01 7.288738e-02 5.378134e+01 -7.626121e-01 1.120613e-01 -6.370753e-01 -1.033436e+03
-6.756468e-01 -7.525258e-04 7.372251e-01 1.809965e+03 8.281779e-02 9.935921e-01 7.691446e-02 5.394892e+01 -7.325590e-01 1.130223e-01 -6.712550e-01 -1.035467e+03
-7.104957e-01 2.390099e-03 7.036975e-01 1.812120e+03 7.983333e-02 9.938120e-01 7.722910e-02 5.411921e+01 -6.991584e-01 1.110494e-01 -7.062899e-01 -1.037563e+03
-8.970268e-01 1.767502e-02 4.416227e-01 1.822465e+03 6.717988e-02 9.930426e-01 9.671172e-02 5.535588e+01 -4.368408e-01 1.164211e-01 -8.919732e-01 -1.052152e+03
-9.207228e-01 2.292919e-02 3.895431e-01 1.823739e+03 6.583959e-02 9.930883e-01 9.716328e-02 5.558596e+01 -3.846228e-01 1.151078e-01 -9.158686e-01 -1.054897e+03
-9.415005e-01 2.367953e-02 3.361788e-01 1.824795e+03 6.162608e-02 9.928058e-01 1.026590e-01 5.582355e+01 -3.313294e-01 1.173709e-01 -9.361863e-01 -1.057672e+03
-9.507943e-01 2.386232e-02 3.089028e-01 1.825228e+03 5.859560e-02 9.928856e-01 1.036565e-01 5.594070e+01 -3.042317e-01 1.166563e-01 -9.454281e-01 -1.059056e+03
-9.591207e-01 2.480902e-02 2.819080e-01 1.825688e+03 5.602168e-02 9.930812e-01 1.032045e-01 5.606658e+01 -2.773972e-01 1.147785e-01 -9.538745e-01 -1.060491e+03
-9.664959e-01 2.602892e-02 2.553590e-01 1.826105e+03 5.416093e-02 9.931265e-01 1.037610e-01 5.619032e+01 -2.509030e-01 1.141150e-01 -9.612624e-01 -1.061934e+03
-9.789047e-01 2.927053e-02 2.022099e-01 1.826758e+03 5.174350e-02 9.929374e-01 1.067610e-01 5.644401e+01 -1.976568e-01 1.149719e-01 -9.735056e-01 -1.064825e+03
-9.883293e-01 3.280838e-02 1.487581e-01 1.827248e+03 4.934467e-02 9.928303e-01 1.088721e-01 5.670276e+01 -1.441196e-01 1.149419e-01 -9.828620e-01 -1.067744e+03
-9.920058e-01 3.362745e-02 1.216299e-01 1.827464e+03 4.701078e-02 9.929410e-01 1.088949e-01 5.683518e+01 -1.171095e-01 1.137422e-01 -9.865840e-01 -1.069230e+03
-9.983341e-01 3.905308e-02 4.247216e-02 1.827812e+03 4.346119e-02 9.931598e-01 1.083728e-01 5.723215e+01 -3.794935e-02 1.100381e-01 -9.932026e-01 -1.073687e+03
-9.990151e-01 4.096103e-02 1.706417e-02 1.827812e+03 4.258312e-02 9.931154e-01 1.091254e-01 5.736580e+01 -1.247680e-02 1.097446e-01 -9.938815e-01 -1.075152e+03
-9.990711e-01 4.226804e-02 -8.393990e-03 1.827830e+03 4.108365e-02 9.930242e-01 1.105217e-01 5.749929e+01 1.300697e-02 1.100742e-01 -9.938382e-01 -1.076658e+03
-9.984797e-01 4.345033e-02 -3.391864e-02 1.827812e+03 3.944917e-02 9.930554e-01 1.108361e-01 5.763595e+01 3.849895e-02 1.093295e-01 -9.932597e-01 -1.078165e+03
-9.972192e-01 4.466020e-02 -5.966030e-02 1.827696e+03 3.787897e-02 9.931740e-01 1.103201e-01 5.776981e+01 6.417998e-02 1.077534e-01 -9.921038e-01 -1.079636e+03
-9.603291e-01 4.867644e-02 -2.745883e-01 1.825633e+03 1.991461e-02 9.941049e-01 1.065775e-01 5.883384e+01 2.781574e-01 9.688112e-02 -9.556372e-01 -1.091489e+03
-9.521677e-01 4.944223e-02 -3.015497e-01 1.825214e+03 1.826495e-02 9.942677e-01 1.053476e-01 5.896963e+01 3.050297e-01 9.480079e-02 -9.476126e-01 -1.092954e+03
-9.433431e-01 5.034768e-02 -3.279771e-01 1.824755e+03 1.627663e-02 9.942529e-01 1.058119e-01 5.910201e+01 3.314195e-01 9.447858e-02 -9.387411e-01 -1.094410e+03
-9.229795e-01 5.247184e-02 -3.812552e-01 1.823643e+03 1.248907e-02 9.942236e-01 1.065994e-01 5.936850e+01 3.846464e-01 9.362757e-02 -9.183033e-01 -1.097240e+03
-9.113421e-01 5.276248e-02 -4.082544e-01 1.823060e+03 1.008111e-02 9.943149e-01 1.060005e-01 5.949507e+01 4.115263e-01 9.248709e-02 -9.066930e-01 -1.098648e+03
-8.987703e-01 5.306918e-02 -4.351962e-01 1.822357e+03 8.175972e-03 9.945030e-01 1.043878e-01 5.960684e+01 4.383437e-01 9.026246e-02 -8.942636e-01 -1.099995e+03
-8.708889e-01 5.364515e-02 -4.885435e-01 1.820889e+03 3.413640e-03 9.946615e-01 1.031349e-01 5.984234e+01 4.914680e-01 8.815131e-02 -8.664228e-01 -1.102660e+03
-8.558281e-01 5.342831e-02 -5.144937e-01 1.820139e+03 4.222588e-04 9.947230e-01 1.025960e-01 5.994356e+01 5.172603e-01 8.758728e-02 -8.513344e-01 -1.103994e+03
-8.400483e-01 5.465624e-02 -5.397515e-01 1.819352e+03 -1.069544e-03 9.947433e-01 1.023942e-01 6.005208e+01 5.425106e-01 8.659333e-02 -8.355739e-01 -1.105305e+03
-8.235898e-01 5.577809e-02 -5.644366e-01 1.818450e+03 -2.914012e-03 9.947234e-01 1.025514e-01 6.015961e+01 5.671784e-01 8.610501e-02 -8.190815e-01 -1.106542e+03
-7.501463e-01 5.675138e-02 -6.588322e-01 1.814723e+03 -1.039659e-02 9.951752e-01 9.756133e-02 6.060227e+01 6.611901e-01 8.003487e-02 -7.459369e-01 -1.111351e+03
-6.875763e-01 5.914201e-02 -7.236996e-01 1.811551e+03 -1.530082e-02 9.952760e-01 9.587282e-02 6.093013e+01 7.259509e-01 7.699307e-02 -6.834232e-01 -1.114626e+03
-6.652344e-01 5.867719e-02 -7.443254e-01 1.810378e+03 -1.723003e-02 9.954351e-01 9.387205e-02 6.103586e+01 7.464358e-01 7.527165e-02 -6.611866e-01 -1.115622e+03
-6.425864e-01 5.792434e-02 -7.640206e-01 1.809249e+03 -1.828933e-02 9.956947e-01 9.087117e-02 6.114424e+01 7.659949e-01 7.236600e-02 -6.387604e-01 -1.116631e+03
-6.197276e-01 5.695400e-02 -7.827478e-01 1.808088e+03 -1.968722e-02 9.959213e-01 8.805191e-02 6.124884e+01 7.845700e-01 6.997831e-02 -6.160786e-01 -1.117606e+03
-5.966860e-01 5.702868e-02 -8.004459e-01 1.806825e+03 -2.102465e-02 9.960182e-01 8.663514e-02 6.134899e+01 8.021993e-01 6.852307e-02 -5.931111e-01 -1.118505e+03
-5.734655e-01 5.771894e-02 -8.171939e-01 1.805603e+03 -2.251667e-02 9.960276e-01 8.615115e-02 6.144839e+01 8.189202e-01 6.780519e-02 -5.698878e-01 -1.119412e+03
-5.499392e-01 5.884076e-02 -8.331295e-01 1.804284e+03 -2.446239e-02 9.959525e-01 8.648769e-02 6.154684e+01 8.348464e-01 6.794330e-02 -5.462739e-01 -1.120246e+03
-5.025283e-01 5.723932e-02 -8.626639e-01 1.801706e+03 -2.779528e-02 9.962205e-01 8.229267e-02 6.174346e+01 8.641138e-01 6.533237e-02 -4.990380e-01 -1.121892e+03
-4.790919e-01 5.805443e-02 -8.758428e-01 1.800315e+03 -2.831643e-02 9.962689e-01 8.152605e-02 6.183906e+01 8.773078e-01 6.385920e-02 -4.756605e-01 -1.122623e+03
-4.561076e-01 5.848882e-02 -8.880006e-01 1.798960e+03 -2.885693e-02 9.963411e-01 8.044667e-02 6.193421e+01 8.894566e-01 6.231730e-02 -4.527509e-01 -1.123358e+03
-4.334258e-01 5.885301e-02 -8.992655e-01 1.797579e+03 -2.861084e-02 9.964636e-01 7.900399e-02 6.202920e+01 9.007349e-01 5.997110e-02 -4.302092e-01 -1.124058e+03
-3.444089e-01 5.946866e-02 -9.369344e-01 1.791742e+03 -3.375427e-02 9.965621e-01 7.566112e-02 6.238523e+01 9.382127e-01 5.768390e-02 -3.412175e-01 -1.126471e+03
-3.228764e-01 5.781123e-02 -9.446739e-01 1.790258e+03 -3.325646e-02 9.968233e-01 7.236922e-02 6.247435e+01 9.458566e-01 5.478282e-02 -3.199281e-01 -1.127004e+03
-3.025182e-01 5.750029e-02 -9.514076e-01 1.788716e+03 -3.421384e-02 9.968803e-01 7.112748e-02 6.256090e+01 9.525293e-01 5.406867e-02 -2.996071e-01 -1.127485e+03
-2.649301e-01 5.841344e-02 -9.624967e-01 1.785654e+03 -3.346408e-02 9.970052e-01 6.971884e-02 6.272812e+01 9.636867e-01 5.067968e-02 -2.621819e-01 -1.128395e+03
-2.481821e-01 5.889709e-02 -9.669213e-01 1.784075e+03 -3.305438e-02 9.970539e-01 6.921669e-02 6.280871e+01 9.681493e-01 4.913932e-02 -2.455041e-01 -1.128793e+03
-2.326862e-01 5.794229e-02 -9.708243e-01 1.782506e+03 -3.184933e-02 9.972343e-01 6.715215e-02 6.289076e+01 9.720302e-01 4.654548e-02 -2.301972e-01 -1.129180e+03
-2.181425e-01 5.666397e-02 -9.742705e-01 1.780922e+03 -3.044199e-02 9.974320e-01 6.482713e-02 6.297071e+01 9.754420e-01 4.380029e-02 -2.158574e-01 -1.129541e+03
-2.044746e-01 5.582103e-02 -9.772790e-01 1.779311e+03 -2.955575e-02 9.975654e-01 6.316369e-02 6.304728e+01 9.784255e-01 4.179958e-02 -2.023270e-01 -1.129873e+03
-1.915386e-01 5.612688e-02 -9.798790e-01 1.777702e+03 -2.861513e-02 9.976198e-01 6.273652e-02 6.312234e+01 9.810678e-01 4.005583e-02 -1.894766e-01 -1.130193e+03
-1.793648e-01 5.548689e-02 -9.822166e-01 1.776082e+03 -2.857597e-02 9.976930e-01 6.157951e-02 6.319501e+01 9.833675e-01 3.911298e-02 -1.773654e-01 -1.130494e+03
-1.676605e-01 5.542711e-02 -9.842854e-01 1.774439e+03 -2.856574e-02 9.977259e-01 6.104978e-02 6.326738e+01 9.854308e-01 3.835248e-02 -1.656959e-01 -1.130771e+03
-1.382909e-01 5.631293e-02 -9.887894e-01 1.769479e+03 -3.054090e-02 9.976649e-01 6.108982e-02 6.348361e+01 9.899206e-01 3.864668e-02 -1.362481e-01 -1.131517e+03
-1.317118e-01 5.778641e-02 -9.896023e-01 1.767796e+03 -2.979443e-02 9.976176e-01 6.221998e-02 6.355799e+01 9.908402e-01 3.767974e-02 -1.296763e-01 -1.131740e+03
-1.263034e-01 5.752688e-02 -9.903223e-01 1.766113e+03 -2.875790e-02 9.976851e-01 6.162231e-02 6.363222e+01 9.915747e-01 3.626269e-02 -1.243566e-01 -1.131949e+03
-1.209431e-01 5.797475e-02 -9.909651e-01 1.764428e+03 -2.887820e-02 9.976650e-01 6.189119e-02 6.370596e+01 9.922393e-01 3.610259e-02 -1.189865e-01 -1.132152e+03
-1.154768e-01 5.841438e-02 -9.915911e-01 1.762736e+03 -2.950149e-02 9.976272e-01 6.220561e-02 6.377872e+01 9.928719e-01 3.643672e-02 -1.134795e-01 -1.132348e+03
-1.105002e-01 5.846845e-02 -9.921548e-01 1.761046e+03 -3.057396e-02 9.975956e-01 6.219423e-02 6.385109e+01 9.934057e-01 3.720658e-02 -1.084469e-01 -1.132534e+03
-1.027942e-01 5.934961e-02 -9.929305e-01 1.757655e+03 -3.178182e-02 9.975128e-01 6.291376e-02 6.399476e+01 9.941947e-01 3.802431e-02 -1.006523e-01 -1.132885e+03
-9.717913e-02 5.893143e-02 -9.935207e-01 1.754261e+03 -3.162266e-02 9.975586e-01 6.226405e-02 6.413795e+01 9.947644e-01 3.746853e-02 -9.507831e-02 -1.133210e+03
-9.328989e-02 5.823081e-02 -9.939347e-01 1.750863e+03 -3.129907e-02 9.976233e-01 6.138462e-02 6.427888e+01 9.951469e-01 3.683579e-02 -9.124560e-02 -1.133519e+03
-9.046658e-02 5.777346e-02 -9.942224e-01 1.747458e+03 -3.169043e-02 9.976433e-01 6.085585e-02 6.441721e+01 9.953951e-01 3.701275e-02 -8.842251e-02 -1.133818e+03
-8.806950e-02 5.922988e-02 -9.943519e-01 1.744051e+03 -3.129743e-02 9.975732e-01 6.219379e-02 6.455659e+01 9.956225e-01 3.659803e-02 -8.600203e-02 -1.134108e+03
-8.584574e-02 6.061538e-02 -9.944628e-01 1.740635e+03 -3.152541e-02 9.974824e-01 6.352084e-02 6.470178e+01 9.958095e-01 3.680384e-02 -8.371869e-02 -1.134391e+03
-8.331165e-02 6.008702e-02 -9.947104e-01 1.737220e+03 -3.237664e-02 9.974903e-01 6.296665e-02 6.484950e+01 9.959974e-01 3.745123e-02 -8.115714e-02 -1.134667e+03
-8.099462e-02 6.068374e-02 -9.948655e-01 1.733810e+03 -3.241230e-02 9.974566e-01 6.348057e-02 6.499470e+01 9.961873e-01 3.738746e-02 -7.882171e-02 -1.134934e+03
-7.827298e-02 6.136502e-02 -9.950416e-01 1.730426e+03 -3.326734e-02 9.973871e-01 6.412659e-02 6.513665e+01 9.963767e-01 3.812176e-02 -7.602700e-02 -1.135192e+03
-7.715745e-02 5.908689e-02 -9.952666e-01 1.728748e+03 -3.461864e-02 9.974816e-01 6.190220e-02 6.520511e+01 9.964177e-01 3.923098e-02 -7.491763e-02 -1.135319e+03
-7.557209e-02 5.711624e-02 -9.955032e-01 1.727075e+03 -3.497757e-02 9.975919e-01 5.989135e-02 6.527167e+01 9.965266e-01 3.934640e-02 -7.339231e-02 -1.135441e+03
-7.402504e-02 5.574841e-02 -9.956970e-01 1.725404e+03 -3.509961e-02 9.976720e-01 5.846848e-02 6.533481e+01 9.966385e-01 3.927671e-02 -7.189596e-02 -1.135561e+03
-6.632490e-02 5.526572e-02 -9.962664e-01 1.720432e+03 -3.453184e-02 9.977396e-01 5.764636e-02 6.551240e+01 9.972003e-01 3.822630e-02 -6.426655e-02 -1.135894e+03
-5.491158e-02 5.530353e-02 -9.969585e-01 1.717161e+03 -3.702598e-02 9.976654e-01 5.738211e-02 6.562471e+01 9.978044e-01 4.006431e-02 -5.273572e-02 -1.136086e+03
-3.772032e-02 5.454595e-02 -9.977986e-01 1.713931e+03 -3.957049e-02 9.976444e-01 5.603344e-02 6.573199e+01 9.985045e-01 4.159698e-02 -3.547305e-02 -1.136225e+03
-1.568665e-02 5.521271e-02 -9.983514e-01 1.710746e+03 -4.085460e-02 9.976050e-01 5.581337e-02 6.583270e+01 9.990419e-01 4.166277e-02 -1.339338e-02 -1.136295e+03
1.326404e-02 5.560159e-02 -9.983650e-01 1.707613e+03 -4.386383e-02 9.975239e-01 5.497199e-02 6.592724e+01 9.989494e-01 4.306296e-02 1.567010e-02 -1.136285e+03
4.809052e-02 5.257386e-02 -9.974584e-01 1.704565e+03 -4.588863e-02 9.976757e-01 5.037289e-02 6.601230e+01 9.977883e-01 4.334954e-02 5.039128e-02 -1.136194e+03
8.830477e-02 4.905510e-02 -9.948849e-01 1.701548e+03 -4.635154e-02 9.979070e-01 4.509002e-02 6.608116e+01 9.950144e-01 4.213278e-02 9.039372e-02 -1.135967e+03
1.327435e-01 4.845110e-02 -9.899655e-01 1.698586e+03 -4.608298e-02 9.980260e-01 4.266639e-02 6.613649e+01 9.900785e-01 3.995687e-02 1.347142e-01 -1.135613e+03
1.837440e-01 4.579162e-02 -9.819070e-01 1.695669e+03 -4.632433e-02 9.982078e-01 3.788317e-02 6.618653e+01 9.818819e-01 3.852538e-02 1.855359e-01 -1.135102e+03
2.673739e-01 3.866590e-02 -9.628168e-01 1.691371e+03 -4.137859e-02 9.987336e-01 2.861747e-02 6.620730e+01 9.627040e-01 3.218844e-02 2.686352e-01 -1.134067e+03
3.243968e-01 3.504788e-02 -9.452716e-01 1.688621e+03 -3.736641e-02 9.990081e-01 2.421694e-02 6.617116e+01 9.451827e-01 2.746551e-02 3.253846e-01 -1.133232e+03
3.842016e-01 3.472738e-02 -9.225959e-01 1.685870e+03 -3.524090e-02 9.991157e-01 2.293210e-02 6.609641e+01 9.225764e-01 2.370256e-02 3.850856e-01 -1.132171e+03
4.472590e-01 3.320388e-02 -8.937880e-01 1.683200e+03 -3.539640e-02 9.991849e-01 1.940669e-02 6.601776e+01 8.937038e-01 2.295707e-02 4.480696e-01 -1.130935e+03
5.098544e-01 2.653525e-02 -8.598514e-01 1.680643e+03 -3.373571e-02 9.993720e-01 1.083710e-02 6.594241e+01 8.595989e-01 2.348236e-02 5.104294e-01 -1.129520e+03
5.689942e-01 2.368763e-02 -8.220004e-01 1.678306e+03 -3.062191e-02 9.995021e-01 7.606015e-03 6.587101e+01 8.217712e-01 2.084345e-02 5.694362e-01 -1.127996e+03
6.265443e-01 2.180327e-02 -7.790808e-01 1.675989e+03 -2.910498e-02 9.995659e-01 4.567251e-03 6.578896e+01 7.788422e-01 1.981355e-02 6.269068e-01 -1.126240e+03
6.813462e-01 1.960019e-02 -7.316989e-01 1.673811e+03 -2.810085e-02 9.996049e-01 6.095976e-04 6.570668e+01 7.314217e-01 2.014602e-02 6.816277e-01 -1.124329e+03
7.321014e-01 1.297323e-02 -6.810722e-01 1.671787e+03 -2.461156e-02 9.996696e-01 -7.413617e-03 6.561313e+01 6.807509e-01 2.218977e-02 7.321787e-01 -1.122274e+03
7.788319e-01 6.818475e-03 -6.271957e-01 1.670025e+03 -1.941976e-02 9.997236e-01 -1.324647e-02 6.550954e+01 6.269321e-01 2.249676e-02 7.787490e-01 -1.120149e+03
8.212534e-01 1.000793e-03 -5.705628e-01 1.668319e+03 -1.395926e-02 9.997344e-01 -1.833902e-02 6.538886e+01 5.703928e-01 2.302562e-02 8.210492e-01 -1.117831e+03
8.581794e-01 -6.730521e-03 -5.133058e-01 1.666783e+03 -8.490415e-03 9.995912e-01 -2.730160e-02 6.525392e+01 5.132797e-01 2.778785e-02 8.577714e-01 -1.115408e+03
8.886360e-01 -1.070589e-02 -4.584884e-01 1.665409e+03 -2.431333e-03 9.996034e-01 -2.805352e-02 6.510462e+01 4.586069e-01 2.604410e-02 8.882575e-01 -1.112881e+03
9.146832e-01 -1.625626e-02 -4.038446e-01 1.664267e+03 4.198298e-03 9.995190e-01 -3.072552e-02 6.495835e+01 4.041498e-01 2.640865e-02 9.143115e-01 -1.110320e+03
9.373292e-01 -2.458246e-02 -3.475769e-01 1.663209e+03 1.182822e-02 9.991782e-01 -3.876932e-02 6.479507e+01 3.482442e-01 3.222840e-02 9.368496e-01 -1.107637e+03
9.477057e-01 -2.414421e-02 -3.182312e-01 1.662781e+03 1.232836e-02 9.991595e-01 -3.909189e-02 6.471287e+01 3.189076e-01 3.312433e-02 9.472067e-01 -1.106297e+03
9.576077e-01 -2.204863e-02 -2.872305e-01 1.662301e+03 1.240239e-02 9.992977e-01 -3.536016e-02 6.462431e+01 2.878084e-01 3.029882e-02 9.572085e-01 -1.104878e+03
9.669170e-01 -1.794194e-02 -2.544595e-01 1.661958e+03 1.002308e-02 9.994253e-01 -3.238295e-02 6.453800e+01 2.548943e-01 2.876116e-02 9.665410e-01 -1.103507e+03
9.751786e-01 -1.920244e-02 -2.205858e-01 1.661562e+03 1.067229e-02 9.991507e-01 -3.979745e-02 6.446915e+01 2.211627e-01 3.645546e-02 9.745553e-01 -1.102062e+03
9.822344e-01 -2.039840e-02 -1.865463e-01 1.661319e+03 1.067481e-02 9.985384e-01 -5.298109e-02 6.436320e+01 1.873544e-01 5.004849e-02 9.810165e-01 -1.100685e+03
9.879549e-01 -1.942424e-02 -1.535184e-01 1.661115e+03 1.077373e-02 9.983171e-01 -5.698075e-02 6.426554e+01 1.543668e-01 5.464044e-02 9.865015e-01 -1.099284e+03
9.924238e-01 -2.044096e-02 -1.211499e-01 1.660875e+03 1.419420e-02 9.985356e-01 -5.220278e-02 6.414444e+01 1.220396e-01 5.008765e-02 9.912605e-01 -1.097802e+03
9.958314e-01 -2.293293e-02 -8.828326e-02 1.660772e+03 1.895974e-02 9.987806e-01 -4.558349e-02 6.405174e+01 8.922096e-02 4.371964e-02 9.950518e-01 -1.096370e+03
9.981608e-01 -2.628905e-02 -5.462549e-02 1.660724e+03 2.390616e-02 9.987530e-01 -4.382723e-02 6.395351e+01 5.570955e-02 4.244073e-02 9.975445e-01 -1.094939e+03
9.994056e-01 -2.762807e-02 -2.062100e-02 1.660624e+03 2.664551e-02 9.985632e-01 -4.649173e-02 6.386049e+01 2.187585e-02 4.591463e-02 9.987058e-01 -1.093444e+03
9.995243e-01 -2.786679e-02 1.321703e-02 1.660666e+03 2.851243e-02 9.982671e-01 -5.147652e-02 6.375655e+01 -1.175964e-02 5.182888e-02 9.985867e-01 -1.092014e+03
9.985330e-01 -2.736828e-02 4.672160e-02 1.660665e+03 2.995913e-02 9.979988e-01 -5.568447e-02 6.365347e+01 -4.510411e-02 5.700251e-02 9.973546e-01 -1.090516e+03
9.964045e-01 -2.700445e-02 8.030464e-02 1.660808e+03 3.175546e-02 9.977830e-01 -5.848604e-02 6.353899e+01 -7.854722e-02 6.082585e-02 9.950530e-01 -1.089081e+03
9.931890e-01 -2.432640e-02 1.139466e-01 1.660998e+03 3.122845e-02 9.977585e-01 -5.918452e-02 6.342386e+01 -1.122514e-01 6.233978e-02 9.917224e-01 -1.087649e+03
9.887981e-01 -2.277580e-02 1.475114e-01 1.661140e+03 3.165788e-02 9.978059e-01 -5.814749e-02 6.330548e+01 -1.458634e-01 6.216602e-02 9.873496e-01 -1.086159e+03
9.833614e-01 -1.891371e-02 1.806729e-01 1.661423e+03 2.968287e-02 9.979277e-01 -5.708923e-02 6.318844e+01 -1.792187e-01 6.150222e-02 9.818849e-01 -1.084736e+03
9.768935e-01 -1.719355e-02 2.130342e-01 1.661752e+03 3.031733e-02 9.978274e-01 -5.849108e-02 6.307257e+01 -2.115657e-01 6.359817e-02 9.752923e-01 -1.083312e+03
9.697164e-01 -1.547483e-02 2.437432e-01 1.662049e+03 3.071336e-02 9.977947e-01 -5.884284e-02 6.295694e+01 -2.422950e-01 6.454702e-02 9.680530e-01 -1.081841e+03
9.619374e-01 -1.444162e-02 2.728883e-01 1.662469e+03 3.155093e-02 9.977938e-01 -5.841316e-02 6.284239e+01 -2.714426e-01 6.479967e-02 9.602707e-01 -1.080424e+03
9.536688e-01 -1.499145e-02 3.004847e-01 1.662869e+03 3.370866e-02 9.977933e-01 -5.720267e-02 6.272406e+01 -2.989641e-01 6.468133e-02 9.520697e-01 -1.078968e+03
9.365940e-01 -1.562359e-02 3.500680e-01 1.663914e+03 3.653840e-02 9.979141e-01 -5.322009e-02 6.250419e+01 -3.485063e-01 6.263653e-02 9.352112e-01 -1.076148e+03
9.278710e-01 -1.634448e-02 3.725430e-01 1.664445e+03 3.892327e-02 9.978268e-01 -5.316650e-02 6.239675e+01 -3.708644e-01 6.383223e-02 9.264907e-01 -1.074719e+03
9.116997e-01 -1.795842e-02 4.104647e-01 1.665691e+03 4.468971e-02 9.974512e-01 -5.562220e-02 6.217659e+01 -4.084196e-01 6.905427e-02 9.101785e-01 -1.071933e+03
8.972198e-01 -2.194620e-02 4.410385e-01 1.667040e+03 5.044131e-02 9.973204e-01 -5.298754e-02 6.195260e+01 -4.386938e-01 6.978802e-02 8.959226e-01 -1.069131e+03
8.829660e-01 -2.295421e-02 4.688755e-01 1.668471e+03 5.225693e-02 9.974022e-01 -4.957929e-02 6.173872e+01 -4.665193e-01 6.827881e-02 8.818716e-01 -1.066365e+03
8.705961e-01 -2.327041e-02 4.914478e-01 1.670011e+03 5.602876e-02 9.970719e-01 -5.204244e-02 6.152604e+01 -4.887977e-01 7.284314e-02 8.693506e-01 -1.063611e+03
8.633705e-01 -2.536821e-02 5.039324e-01 1.671640e+03 5.765903e-02 9.971532e-01 -4.858807e-02 6.131031e+01 -5.012652e-01 7.100574e-02 8.623754e-01 -1.060840e+03
8.611027e-01 -2.428920e-02 5.078507e-01 1.672455e+03 5.664728e-02 9.972225e-01 -4.835552e-02 6.120477e+01 -5.052656e-01 7.040740e-02 8.600868e-01 -1.059464e+03
8.580712e-01 -2.354544e-02 5.129907e-01 1.674135e+03 5.525307e-02 9.973823e-01 -4.664266e-02 6.099427e+01 -5.105496e-01 6.836702e-02 8.571260e-01 -1.056683e+03
8.560464e-01 -2.551605e-02 5.162688e-01 1.675853e+03 5.531686e-02 9.975673e-01 -4.241941e-02 6.079000e+01 -5.139305e-01 6.487134e-02 8.553754e-01 -1.053860e+03
8.539939e-01 -2.525201e-02 5.196700e-01 1.677591e+03 5.568039e-02 9.975210e-01 -4.302981e-02 6.059208e+01 -5.172951e-01 6.568260e-02 8.532828e-01 -1.051033e+03
8.521727e-01 -2.191437e-02 5.228017e-01 1.679381e+03 5.383890e-02 9.974920e-01 -4.594596e-02 6.038454e+01 -5.204836e-01 6.730095e-02 8.512152e-01 -1.048145e+03
8.499437e-01 -2.495543e-02 5.262823e-01 1.681167e+03 5.556347e-02 9.975531e-01 -4.243247e-02 6.017613e+01 -5.239356e-01 6.530726e-02 8.492505e-01 -1.045291e+03
