6.350649e-01 -1.784306e-02 7.722528e-01 8.059654e+00 4.358563e-02 9.989682e-01 -1.276143e-02 -6.362920e-01 -7.712282e-01 4.176345e-02 6.351872e-01 1.615500e+01
5.983915e-01 -1.631634e-02 8.010377e-01 8.824947e+00 4.435618e-02 9.989339e-01 -1.278768e-02 -6.652783e-01 -7.999751e-01 4.318299e-02 5.984773e-01 1.672174e+01
5.606382e-01 -1.560419e-02 8.279139e-01 9.617499e+00 4.722424e-02 9.987977e-01 -1.315388e-02 -6.938755e-01 -8.267132e-01 4.647216e-02 5.607010e-01 1.724835e+01
4.824023e-01 -1.314333e-02 8.758512e-01 1.127339e+01 5.466343e-02 9.983902e-01 -1.512539e-02 -7.448949e-01 -8.742425e-01 5.517354e-02 4.823441e-01 1.818861e+01
3.705969e-01 -1.336462e-02 9.286977e-01 1.392282e+01 6.549873e-02 9.977831e-01 -1.177846e-02 -8.194983e-01 -9.264814e-01 6.519356e-02 3.706506e-01 1.933529e+01
3.367104e-01 -1.369924e-02 9.415086e-01 1.484567e+01 6.695770e-02 9.977112e-01 -9.428981e-03 -8.398217e-01 -9.392245e-01 6.621607e-02 3.368570e-01 1.965558e+01
3.032101e-01 -1.606372e-02 9.527884e-01 1.578819e+01 6.893784e-02 9.976078e-01 -5.119036e-03 -8.590110e-01 -9.504268e-01 6.723530e-02 3.035921e-01 1.994858e+01
2.700383e-01 -1.584084e-02 9.627193e-01 1.674609e+01 6.970552e-02 9.975627e-01 -3.137907e-03 -8.779579e-01 -9.603231e-01 6.795419e-02 2.704843e-01 2.020959e+01
2.373841e-01 -1.301040e-02 9.713288e-01 1.771096e+01 6.752450e-02 9.977127e-01 -3.138591e-03 -8.926428e-01 -9.690661e-01 6.633352e-02 2.377196e-01 2.044290e+01
1.748760e-01 -1.056614e-02 9.845338e-01 1.969166e+01 6.930053e-02 9.975945e-01 -1.603074e-03 -9.204752e-01 -9.821485e-01 6.850903e-02 1.751876e-01 2.081649e+01
1.132280e-01 -1.188899e-02 9.934979e-01 2.174157e+01 6.960632e-02 9.975665e-01 4.004714e-03 -9.423525e-01 -9.911278e-01 6.870027e-02 1.137800e-01 2.107450e+01
8.347506e-02 -1.182121e-02 9.964398e-01 2.279076e+01 7.016375e-02 9.975177e-01 5.956143e-03 -9.484050e-01 -9.940367e-01 6.941674e-02 8.409726e-02 2.116118e+01
5.575869e-02 -1.119487e-02 9.983815e-01 2.385365e+01 7.276066e-02 9.973240e-01 7.119389e-03 -9.510470e-01 -9.957895e-01 7.224591e-02 5.642402e-02 2.121468e+01
3.022405e-02 -1.055359e-02 9.994875e-01 2.493112e+01 7.695768e-02 9.970006e-01 8.200162e-03 -9.519265e-01 -9.965761e-01 7.667038e-02 3.094558e-02 2.124069e+01
-1.358780e-02 -9.968577e-03 9.998580e-01 2.712723e+01 8.719664e-02 9.961291e-01 1.111637e-02 -9.489508e-01 -9.960984e-01 8.733528e-02 -1.266597e-02 2.121564e+01
-4.749041e-02 -1.030237e-02 9.988186e-01 2.937022e+01 9.488928e-02 9.953781e-01 1.477854e-02 -9.414386e-01 -9.943544e-01 9.547900e-02 -4.629333e-02 2.110741e+01
-6.213432e-02 -1.086217e-02 9.980087e-01 3.050291e+01 9.737473e-02 9.951044e-01 1.689294e-02 -9.363594e-01 -9.933063e-01 9.823044e-02 -6.077243e-02 2.102960e+01
-7.560868e-02 -1.193509e-02 9.970662e-01 3.164196e+01 9.751631e-02 9.950466e-01 1.930569e-02 -9.296868e-01 -9.923577e-01 9.868987e-02 -7.407029e-02 2.093984e+01
-8.805539e-02 -1.198809e-02 9.960435e-01 3.278682e+01 9.729037e-02 9.950433e-01 2.057702e-02 -9.216773e-01 -9.913530e-01 9.871733e-02 -8.645259e-02 2.083696e+01
-9.947788e-02 -9.193596e-03 9.949973e-01 3.394232e+01 9.735338e-02 9.950699e-01 1.892746e-02 -9.117462e-01 -9.902658e-01 9.874920e-02 -9.809240e-02 2.071859e+01
-1.194554e-01 -2.512059e-03 9.928364e-01 3.630912e+01 9.905114e-02 9.949776e-01 1.443504e-02 -8.891584e-01 -9.878862e-01 1.000659e-01 -1.186066e-01 2.043698e+01
-1.270885e-01 -1.278670e-03 9.918906e-01 3.752680e+01 9.888957e-02 9.950006e-01 1.395315e-02 -8.781568e-01 -9.869495e-01 9.986090e-02 -1.263266e-01 2.027890e+01
-1.329871e-01 -7.149781e-04 9.911175e-01 3.876733e+01 9.839198e-02 9.950504e-01 1.391994e-02 -8.670199e-01 -9.862218e-01 9.936917e-02 -1.322585e-01 2.011085e+01
-1.426852e-01 2.815813e-03 9.897642e-01 4.130550e+01 9.869170e-02 9.950528e-01 1.139661e-02 -8.460362e-01 -9.848354e-01 9.930761e-02 -1.422571e-01 1.974648e+01
-1.499193e-01 3.009372e-03 9.886937e-01 4.393278e+01 9.873932e-02 9.950416e-01 1.194351e-02 -8.295496e-01 -9.837554e-01 9.941348e-02 -1.494731e-01 1.934786e+01
-1.545076e-01 -3.897853e-04 9.879916e-01 4.664850e+01 9.937378e-02 9.949226e-01 1.593314e-02 -8.059921e-01 -9.829813e-01 1.006422e-01 -1.536843e-01 1.892231e+01
-1.575241e-01 8.739825e-04 9.875148e-01 4.944201e+01 1.013351e-01 9.947349e-01 1.528416e-02 -7.765930e-01 -9.823020e-01 1.024775e-01 -1.567833e-01 1.847318e+01
-1.581475e-01 2.246276e-03 9.874130e-01 5.231634e+01 1.029209e-01 9.945878e-01 1.422156e-02 -7.488661e-01 -9.820370e-01 1.038745e-01 -1.575227e-01 1.800571e+01
-1.576227e-01 3.491308e-03 9.874933e-01 5.378414e+01 1.029740e-01 9.946001e-01 1.292016e-02 -7.385593e-01 -9.821158e-01 1.037226e-01 -1.571310e-01 1.776822e+01
-1.564353e-01 3.535458e-03 9.876819e-01 5.527561e+01 1.033158e-01 9.945662e-01 1.280369e-02 -7.282464e-01 -9.822697e-01 1.040460e-01 -1.559505e-01 1.752865e+01
-1.538084e-01 3.054216e-03 9.880960e-01 5.831970e+01 1.033843e-01 9.945563e-01 1.301875e-02 -7.090229e-01 -9.826773e-01 1.041560e-01 -1.532869e-01 1.704698e+01
-1.516316e-01 4.600354e-03 9.884264e-01 6.144932e+01 1.043179e-01 9.944789e-01 1.137458e-02 -6.898538e-01 -9.829169e-01 1.048353e-01 -1.512744e-01 1.656009e+01
-1.496365e-01 2.801779e-03 9.887371e-01 6.466146e+01 1.056381e-01 9.943174e-01 1.316978e-02 -6.742945e-01 -9.830816e-01 1.064190e-01 -1.490821e-01 1.606555e+01
-1.481741e-01 1.587223e-03 9.889600e-01 6.793358e+01 1.084503e-01 9.939938e-01 1.465361e-02 -6.566595e-01 -9.829969e-01 1.094243e-01 -1.474563e-01 1.556429e+01
-1.464650e-01 3.603548e-03 9.892093e-01 7.126348e+01 1.101154e-01 9.938379e-01 1.268356e-02 -6.455501e-01 -9.830679e-01 1.107848e-01 -1.459592e-01 1.506048e+01
-1.460361e-01 1.690015e-03 9.892778e-01 7.465679e+01 1.098325e-01 9.938441e-01 1.451553e-02 -6.351425e-01 -9.831634e-01 1.107746e-01 -1.453227e-01 1.455382e+01
-1.456204e-01 2.152571e-03 9.893382e-01 7.811207e+01 1.123679e-01 9.935626e-01 1.437762e-02 -6.192733e-01 -9.829385e-01 1.132635e-01 -1.449248e-01 1.403765e+01
-1.456043e-01 3.177492e-03 9.893378e-01 7.986417e+01 1.128566e-01 9.935207e-01 1.341856e-02 -6.121849e-01 -9.828849e-01 1.136071e-01 -1.450194e-01 1.377611e+01
-1.459369e-01 3.866772e-03 9.892864e-01 8.162656e+01 1.123299e-01 9.935899e-01 1.268701e-02 -6.069533e-01 -9.828959e-01 1.129779e-01 -1.454358e-01 1.351471e+01
-1.482341e-01 4.952492e-03 9.889399e-01 8.519377e+01 1.106078e-01 9.937964e-01 1.160240e-02 -6.018080e-01 -9.827474e-01 1.111043e-01 -1.478623e-01 1.298000e+01
-1.492423e-01 4.338053e-03 9.887912e-01 8.700538e+01 1.094671e-01 9.939160e-01 1.216177e-02 -5.994816e-01 -9.827226e-01 1.100551e-01 -1.488091e-01 1.270711e+01
-1.502286e-01 3.835819e-03 9.886439e-01 8.882747e+01 1.096199e-01 9.938911e-01 1.280101e-02 -5.948763e-01 -9.825552e-01 1.102981e-01 -1.497313e-01 1.242843e+01
-1.506723e-01 2.811838e-03 9.885798e-01 9.066661e+01 1.070118e-01 9.941663e-01 1.348224e-02 -5.892579e-01 -9.827748e-01 1.078211e-01 -1.500942e-01 1.214861e+01
-1.520677e-01 3.896026e-03 9.883624e-01 9.251613e+01 1.068060e-01 9.942011e-01 1.251394e-02 -5.822604e-01 -9.825822e-01 1.074660e-01 -1.516020e-01 1.186127e+01
-1.546860e-01 5.230309e-03 9.879499e-01 9.438417e+01 1.057142e-01 9.943325e-01 1.128785e-02 -5.761580e-01 -9.822915e-01 1.061864e-01 -1.543622e-01 1.156935e+01
-1.584947e-01 5.190445e-03 9.873462e-01 9.626377e+01 1.064537e-01 9.942469e-01 1.186186e-02 -5.690865e-01 -9.816043e-01 1.069867e-01 -1.581354e-01 1.126751e+01
-1.680724e-01 3.613141e-03 9.857681e-01 1.000527e+02 1.019229e-01 9.946975e-01 1.373188e-02 -5.652429e-01 -9.804914e-01 1.027803e-01 -1.675495e-01 1.063988e+01
-1.727782e-01 4.875200e-03 9.849487e-01 1.019553e+02 1.009596e-01 9.948083e-01 1.278618e-02 -5.641477e-01 -9.797728e-01 1.016492e-01 -1.723734e-01 1.030991e+01
-1.774521e-01 6.239531e-03 9.841097e-01 1.038698e+02 1.014658e-01 9.947668e-01 1.198894e-02 -5.624452e-01 -9.788848e-01 1.019809e-01 -1.771565e-01 9.966128e+00
-1.820546e-01 7.979443e-03 9.832561e-01 1.057910e+02 1.011783e-01 9.948112e-01 1.066042e-02 -5.643553e-01 -9.780690e-01 1.014249e-01 -1.819173e-01 9.611618e+00
-1.868758e-01 8.786952e-03 9.823443e-01 1.077248e+02 1.001207e-01 9.949235e-01 1.014694e-02 -5.687973e-01 -9.772682e-01 1.002492e-01 -1.868069e-01 9.246382e+00
-1.918873e-01 7.633132e-03 9.813873e-01 1.096683e+02 9.794174e-02 9.951267e-01 1.141021e-02 -5.717942e-01 -9.765176e-01 9.830823e-02 -1.916997e-01 8.871585e+00
-1.972643e-01 7.480826e-03 9.803218e-01 1.116206e+02 9.606302e-02 9.953061e-01 1.173501e-02 -5.733449e-01 -9.756324e-01 9.648755e-02 -1.970570e-01 8.486629e+00
-2.028929e-01 6.576712e-03 9.791789e-01 1.135815e+02 9.508165e-02 9.953844e-01 1.301604e-02 -5.728043e-01 -9.745737e-01 9.574279e-02 -2.025817e-01 8.086921e+00
-2.084031e-01 6.469213e-03 9.780216e-01 1.155478e+02 9.502287e-02 9.953813e-01 1.366404e-02 -5.705380e-01 -9.734160e-01 9.578203e-02 -2.080553e-01 7.674193e+00
-2.138450e-01 7.858298e-03 9.768360e-01 1.175182e+02 9.558616e-02 9.953373e-01 1.291820e-02 -5.680584e-01 -9.721798e-01 9.613447e-02 -2.135991e-01 7.246929e+00
-2.195383e-01 8.856306e-03 9.755637e-01 1.194963e+02 9.521901e-02 9.953792e-01 1.239164e-02 -5.658779e-01 -9.709460e-01 9.561263e-02 -2.193671e-01 6.808278e+00
-2.254576e-01 8.853206e-03 9.742128e-01 1.214861e+02 9.566882e-02 9.953271e-01 1.309511e-02 -5.645652e-01 -9.695444e-01 9.615416e-02 -2.252510e-01 6.351224e+00
-2.310452e-01 9.190854e-03 9.728996e-01 1.234817e+02 9.472620e-02 9.954172e-01 1.309209e-02 -5.636678e-01 -9.683207e-01 9.518392e-02 -2.308570e-01 5.883248e+00
-2.362092e-01 9.550857e-03 9.716553e-01 1.254794e+02 9.420289e-02 9.954666e-01 1.311579e-02 -5.607338e-01 -9.671251e-01 9.463079e-02 -2.360381e-01 5.403529e+00
-2.414041e-01 9.719218e-03 9.703760e-01 1.274889e+02 9.294890e-02 9.955840e-01 1.315154e-02 -5.591517e-01 -9.659630e-01 9.337020e-02 -2.412414e-01 4.911013e+00
-2.458159e-01 9.821942e-03 9.692668e-01 1.295004e+02 9.457506e-02 9.954207e-01 1.389822e-02 -5.556139e-01 -9.646917e-01 9.508485e-02 -2.456191e-01 4.402279e+00
-2.497010e-01 8.595703e-03 9.682849e-01 1.315233e+02 9.625855e-02 9.952279e-01 1.598823e-02 -5.494115e-01 -9.635267e-01 9.719796e-02 -2.493368e-01 3.880107e+00
-2.532929e-01 9.879226e-03 9.673392e-01 1.335486e+02 9.768544e-02 9.950979e-01 1.541572e-02 -5.427542e-01 -9.624449e-01 9.839963e-02 -2.530163e-01 3.348158e+00
-2.563419e-01 1.033140e-02 9.665310e-01 1.355837e+02 9.797856e-02 9.950701e-01 1.534925e-02 -5.360354e-01 -9.616075e-01 9.863395e-02 -2.560904e-01 2.806947e+00
-2.597614e-01 1.013191e-02 9.656197e-01 1.376250e+02 9.708426e-02 9.951527e-01 1.567485e-02 -5.295973e-01 -9.607802e-01 9.781817e-02 -2.594859e-01 2.257989e+00
-2.637027e-01 1.035061e-02 9.645485e-01 1.396797e+02 9.579549e-02 9.952802e-01 1.550960e-02 -5.224538e-01 -9.598354e-01 9.648930e-02 -2.634496e-01 1.699296e+00
-2.681714e-01 1.125920e-02 9.633055e-01 1.417304e+02 9.446872e-02 9.954198e-01 1.466427e-02 -5.179993e-01 -9.587282e-01 9.493475e-02 -2.680067e-01 1.132152e+00
-2.726489e-01 1.108767e-02 9.620497e-01 1.437927e+02 9.357615e-02 9.954984e-01 1.504669e-02 -5.127373e-01 -9.575521e-01 9.412736e-02 -2.724590e-01 5.515872e-01
-2.772301e-01 1.132109e-02 9.607369e-01 1.458618e+02 9.373713e-02 9.954791e-01 1.531828e-02 -5.061993e-01 -9.562200e-01 9.430339e-02 -2.770379e-01 -4.137210e-02
-2.817308e-01 1.185782e-02 9.594203e-01 1.479305e+02 9.322617e-02 9.955309e-01 1.507145e-02 -5.006247e-01 -9.549537e-01 9.368914e-02 -2.815771e-01 -6.449311e-01
-2.862852e-01 1.239653e-02 9.580643e-01 1.500068e+02 9.286516e-02 9.955677e-01 1.486782e-02 -4.959689e-01 -9.536335e-01 9.322721e-02 -2.861674e-01 -1.261108e+00
-2.904967e-01 1.139404e-02 9.568082e-01 1.520968e+02 9.253122e-02 9.955774e-01 1.623769e-02 -4.898301e-01 -9.523915e-01 9.325161e-02 -2.902662e-01 -1.892338e+00
-2.947361e-01 1.147144e-02 9.555099e-01 1.541812e+02 9.310741e-02 9.955148e-01 1.676813e-02 -4.829921e-01 -9.510318e-01 9.390720e-02 -2.944822e-01 -2.533182e+00
-2.986660e-01 1.208825e-02 9.542812e-01 1.562753e+02 9.410159e-02 9.954201e-01 1.684205e-02 -4.753909e-01 -9.497070e-01 9.482950e-02 -2.984357e-01 -3.187653e+00
-3.022573e-01 1.327702e-02 9.531339e-01 1.583734e+02 9.424427e-02 9.954202e-01 1.602063e-02 -4.676840e-01 -9.485560e-01 9.466974e-02 -3.021243e-01 -3.851462e+00
-3.058439e-01 1.542536e-02 9.519567e-01 1.604737e+02 9.475529e-02 9.953977e-01 1.431362e-02 -4.608735e-01 -9.473547e-01 9.458065e-02 -3.058979e-01 -4.525316e+00
-3.092558e-01 1.602772e-02 9.508438e-01 1.625875e+02 9.539849e-02 9.953371e-01 1.425001e-02 -4.555311e-01 -9.461818e-01 9.511594e-02 -3.093428e-01 -5.211974e+00
-3.126266e-01 1.689296e-02 9.497259e-01 1.647037e+02 9.518253e-02 9.953665e-01 1.362698e-02 -4.525483e-01 -9.450952e-01 9.465745e-02 -3.127859e-01 -5.908582e+00
-3.161339e-01 1.703662e-02 9.485616e-01 1.668257e+02 9.503047e-02 9.953788e-01 1.379400e-02 -4.495307e-01 -9.439430e-01 9.450299e-02 -3.162920e-01 -6.614701e+00
-3.201365e-01 1.695749e-02 9.472197e-01 1.689537e+02 9.501387e-02 9.953733e-01 1.429274e-02 -4.456125e-01 -9.425948e-01 9.457461e-02 -3.202665e-01 -7.331463e+00
-3.239253e-01 1.718208e-02 9.459266e-01 1.710871e+02 9.640571e-02 9.952300e-01 1.493575e-02 -4.416744e-01 -9.411579e-01 9.603078e-02 -3.240366e-01 -8.063072e+00
-3.271325e-01 1.815461e-02 9.448041e-01 1.732245e+02 9.878847e-02 9.949941e-01 1.508585e-02 -4.365523e-01 -9.398006e-01 9.827080e-02 -3.272883e-01 -8.806086e+00
-3.298961e-01 1.768240e-02 9.438517e-01 1.753665e+02 9.945702e-02 9.949112e-01 1.612335e-02 -4.294089e-01 -9.387634e-01 9.919169e-02 -3.299759e-01 -9.557829e+00
-3.325870e-01 1.703682e-02 9.429187e-01 1.775169e+02 9.930238e-02 9.949112e-01 1.704978e-02 -4.209330e-01 -9.378299e-01 9.930458e-02 -3.325864e-01 -1.031827e+01
-3.353595e-01 1.698544e-02 9.419371e-01 1.796714e+02 9.814417e-02 9.950270e-01 1.699965e-02 -4.118277e-01 -9.369641e-01 9.814661e-02 -3.353588e-01 -1.108560e+01
-3.383518e-01 1.880925e-02 9.408317e-01 1.818303e+02 9.724016e-02 9.951467e-01 1.507538e-02 -4.043634e-01 -9.359820e-01 9.658739e-02 -3.385386e-01 -1.186225e+01
-3.416162e-01 2.028947e-02 9.396206e-01 1.839969e+02 9.708227e-02 9.951806e-01 1.380682e-02 -3.985802e-01 -9.348119e-01 9.593711e-02 -3.419395e-01 -1.264986e+01
-3.448185e-01 2.159976e-02 9.384208e-01 1.861699e+02 9.545937e-02 9.953590e-01 1.216580e-02 -3.990509e-01 -9.338028e-01 9.377604e-02 -3.452801e-01 -1.344797e+01
-3.519011e-01 2.312204e-02 9.357516e-01 1.905195e+02 9.504064e-02 9.954110e-01 1.114501e-02 -4.013833e-01 -9.311997e-01 9.285635e-02 -3.524837e-01 -1.507493e+01
-3.555047e-01 2.192990e-02 9.344172e-01 1.927087e+02 9.415617e-02 9.954795e-01 1.245931e-02 -4.038655e-01 -9.299198e-01 9.241047e-02 -3.559625e-01 -1.590879e+01
-3.592385e-01 2.119195e-02 9.330052e-01 1.949010e+02 9.384472e-02 9.954950e-01 1.352206e-02 -4.035663e-01 -9.285154e-01 9.241523e-02 -3.596089e-01 -1.675316e+01
-3.631389e-01 2.128419e-02 9.314919e-01 1.970930e+02 9.410306e-02 9.954648e-01 1.393979e-02 -4.021162e-01 -9.269707e-01 9.271829e-02 -3.634949e-01 -1.760738e+01
-3.666020e-01 2.143330e-02 9.301310e-01 1.992958e+02 9.312059e-02 9.955597e-01 1.376156e-02 -4.006638e-01 -9.257059e-01 9.165934e-02 -3.669700e-01 -1.847484e+01
-3.703490e-01 2.201051e-02 9.286319e-01 2.014804e+02 9.212319e-02 9.956609e-01 1.314053e-02 -4.011965e-01 -9.243132e-01 9.041510e-02 -3.707697e-01 -1.934449e+01
-3.735992e-01 2.206369e-02 9.273278e-01 2.036882e+02 9.207681e-02 9.956616e-01 1.340610e-02 -4.030819e-01 -9.230089e-01 9.039387e-02 -3.740100e-01 -2.023459e+01
-3.763962e-01 2.270051e-02 9.261807e-01 2.058770e+02 9.308605e-02 9.955675e-01 1.342863e-02 -4.061955e-01 -9.217705e-01 9.126896e-02 -3.768409e-01 -2.112723e+01
-3.789168e-01 2.285844e-02 9.251484e-01 2.080748e+02 9.433619e-02 9.954413e-01 1.404241e-02 -4.083230e-01 -9.206100e-01 9.259586e-02 -3.793458e-01 -2.203665e+01
-3.840978e-01 2.314782e-02 9.230022e-01 2.124744e+02 9.628035e-02 9.952396e-01 1.510660e-02 -4.051777e-01 -9.182586e-01 9.466937e-02 -3.844980e-01 -2.387896e+01
-3.893716e-01 2.450055e-02 9.207549e-01 2.168716e+02 9.604304e-02 9.952768e-01 1.413145e-02 -4.053455e-01 -9.160597e-01 9.393446e-02 -3.898856e-01 -2.574520e+01
-3.920958e-01 2.535895e-02 9.195748e-01 2.190854e+02 9.548806e-02 9.953421e-01 1.326659e-02 -4.089666e-01 -9.149551e-01 9.301017e-02 -3.926909e-01 -2.669513e+01
-3.974300e-01 2.654920e-02 9.172484e-01 2.234748e+02 9.359537e-02 9.955411e-01 1.173812e-02 -4.227878e-01 -9.128468e-01 9.051527e-02 -3.981427e-01 -2.859890e+01
-4.029066e-01 2.696929e-02 9.148437e-01 2.278686e+02 9.567667e-02 9.953302e-01 1.279497e-02 -4.418329e-01 -9.102265e-01 9.268435e-02 -4.036054e-01 -3.054211e+01
-4.086398e-01 2.546329e-02 9.123405e-01 2.322584e+02 9.487381e-02 9.953805e-01 1.471329e-02 -4.502008e-01 -9.077513e-01 9.256963e-02 -4.091678e-01 -3.251137e+01
-4.150772e-01 2.524700e-02 9.094358e-01 2.366402e+02 9.211869e-02 9.956438e-01 1.440382e-02 -4.545615e-01 -9.051105e-01 8.975472e-02 -4.155948e-01 -3.450713e+01
-4.185234e-01 2.430782e-02 9.078807e-01 2.388266e+02 9.099928e-02 9.957336e-01 1.528968e-02 -4.565040e-01 -9.036356e-01 8.901555e-02 -4.189498e-01 -3.551552e+01
-4.257271e-01 2.389500e-02 9.045361e-01 2.431866e+02 8.957398e-02 9.958540e-01 1.585137e-02 -4.598154e-01 -9.004071e-01 8.777123e-02 -4.261024e-01 -3.755871e+01
-4.295873e-01 2.463815e-02 9.026892e-01 2.453571e+02 8.910321e-02 9.959061e-01 1.522154e-02 -4.618584e-01 -8.986186e-01 8.697147e-02 -4.300239e-01 -3.859114e+01
-4.375346e-01 2.399626e-02 8.988814e-01 2.496839e+02 8.785629e-02 9.960018e-01 1.617549e-02 -4.614460e-01 -8.948993e-01 8.604970e-02 -4.378935e-01 -4.068364e+01
-4.446551e-01 2.500281e-02 8.953529e-01 2.539896e+02 8.810197e-02 9.959839e-01 1.594074e-02 -4.623208e-01 -8.913584e-01 8.597047e-02 -4.450721e-01 -4.281371e+01
-4.519337e-01 2.507050e-02 8.916992e-01 2.582951e+02 8.700532e-02 9.960779e-01 1.609113e-02 -4.566041e-01 -8.877984e-01 8.485468e-02 -4.523424e-01 -4.497777e+01
-4.588898e-01 2.701655e-02 8.880824e-01 2.625925e+02 8.903314e-02 9.959048e-01 1.570853e-02 -4.468931e-01 -8.840210e-01 8.627723e-02 -4.594159e-01 -4.718398e+01
-4.649723e-01 2.982926e-02 8.848226e-01 2.668920e+02 9.212184e-02 9.956371e-01 1.484476e-02 -4.426920e-01 -8.805193e-01 8.841387e-02 -4.656915e-01 -4.943452e+01
-4.678605e-01 3.190777e-02 8.832262e-01 2.690255e+02 9.402770e-02 9.954733e-01 1.384527e-02 -4.394885e-01 -8.787863e-01 8.952536e-02 -4.687428e-01 -5.056793e+01
-4.704908e-01 3.425764e-02 8.817397e-01 2.711744e+02 9.593141e-02 9.953092e-01 1.251830e-02 -4.357941e-01 -8.771747e-01 9.047625e-02 -4.715702e-01 -5.172041e+01
-4.732870e-01 3.502027e-02 8.802119e-01 2.733318e+02 9.677821e-02 9.952282e-01 1.244098e-02 -4.312748e-01 -8.755760e-01 9.107347e-02 -4.744177e-01 -5.288771e+01
-4.764989e-01 3.618638e-02 8.784301e-01 2.754870e+02 9.750257e-02 9.951642e-01 1.189447e-02 -4.244063e-01 -8.737517e-01 9.131687e-02 -4.777228e-01 -5.406212e+01
-4.797661e-01 3.625912e-02 8.766469e-01 2.776580e+02 9.648349e-02 9.952665e-01 1.163754e-02 -4.182424e-01 -8.720753e-01 9.016523e-02 -4.809935e-01 -5.525311e+01
-4.830450e-01 3.738275e-02 8.747972e-01 2.798273e+02 9.727560e-02 9.951946e-01 1.118587e-02 -4.128268e-01 -8.701752e-01 9.049968e-02 -4.843602e-01 -5.645514e+01
-4.863612e-01 3.769826e-02 8.729443e-01 2.820168e+02 9.634686e-02 9.952903e-01 1.069788e-02 -4.105826e-01 -8.684296e-01 8.930846e-02 -4.877027e-01 -5.767414e+01
-4.891485e-01 3.754739e-02 8.713920e-01 2.841885e+02 9.474989e-02 9.954479e-01 1.029420e-02 -4.095589e-01 -8.670387e-01 8.759967e-02 -4.904794e-01 -5.889251e+01
-4.918877e-01 3.780488e-02 8.698375e-01 2.863724e+02 9.587566e-02 9.953330e-01 1.095791e-02 -4.079618e-01 -8.653637e-01 8.878629e-02 -4.932166e-01 -6.012956e+01
-4.938980e-01 3.783481e-02 8.686964e-01 2.885702e+02 9.748770e-02 9.951633e-01 1.208380e-02 -4.045488e-01 -8.640375e-01 9.065535e-02 -4.951976e-01 -6.138495e+01
-4.959533e-01 3.775471e-02 8.675281e-01 2.907704e+02 9.815965e-02 9.950882e-01 1.281034e-02 -3.986685e-01 -8.627832e-01 9.150956e-02 -4.972233e-01 -6.264929e+01
-4.981567e-01 3.777312e-02 8.662639e-01 2.929827e+02 9.815975e-02 9.950850e-01 1.305774e-02 -3.908822e-01 -8.615130e-01 9.153703e-02 -4.994160e-01 -6.392341e+01
-5.004590e-01 3.710110e-02 8.649649e-01 2.951953e+02 9.755645e-02 9.951348e-01 1.376055e-02 -3.821466e-01 -8.602462e-01 9.126948e-02 -5.016436e-01 -6.520624e+01
-5.051574e-01 3.705698e-02 8.622313e-01 2.996423e+02 9.892841e-02 9.949785e-01 1.519721e-02 -3.587114e-01 -8.573384e-01 9.297614e-02 -5.062867e-01 -6.780874e+01
-5.071269e-01 3.780852e-02 8.610417e-01 3.018763e+02 9.853901e-02 9.950298e-01 1.434445e-02 -3.470056e-01 -8.562198e-01 9.212063e-02 -5.083320e-01 -6.912560e+01
-5.126685e-01 3.931280e-02 8.576862e-01 3.063593e+02 9.633206e-02 9.952774e-01 1.196155e-02 -3.307952e-01 -8.531654e-01 8.875497e-02 -5.140344e-01 -7.179168e+01
-5.220571e-01 3.451451e-02 8.522120e-01 3.108714e+02 9.114758e-02 9.957166e-01 1.550971e-02 -3.126191e-01 -8.480262e-01 8.577399e-02 -5.229668e-01 -7.451245e+01
-5.268235e-01 3.309434e-02 8.493302e-01 3.131301e+02 8.979367e-02 9.958171e-01 1.689507e-02 -2.971879e-01 -8.452184e-01 8.516518e-02 -5.275914e-01 -7.590012e+01
-5.311682e-01 3.348928e-02 8.466043e-01 3.153852e+02 9.017544e-02 9.957776e-01 1.718683e-02 -2.796424e-01 -8.424540e-01 8.547199e-02 -5.319453e-01 -7.730725e+01
-5.353072e-01 3.467362e-02 8.439455e-01 3.176383e+02 9.238538e-02 9.955660e-01 1.769624e-02 -2.578412e-01 -8.395898e-01 8.744113e-02 -5.361370e-01 -7.872988e+01
-5.390292e-01 3.588530e-02 8.415223e-01 3.198954e+02 9.381170e-02 9.954336e-01 1.764160e-02 -2.381554e-01 -8.370465e-01 8.845395e-02 -5.399342e-01 -8.017271e+01
-5.426799e-01 3.583575e-02 8.391748e-01 3.221579e+02 9.420860e-02 9.953821e-01 1.841670e-02 -2.197853e-01 -8.346396e-01 8.905184e-02 -5.435499e-01 -8.163211e+01
-5.466164e-01 3.426157e-02 8.366820e-01 3.244120e+02 9.455334e-02 9.952979e-01 2.101626e-02 -2.016825e-01 -8.320277e-01 9.059888e-02 -5.472856e-01 -8.310009e+01
-5.505309e-01 3.288636e-02 8.341668e-01 3.266626e+02 9.308915e-02 9.954104e-01 2.219342e-02 -1.825361e-01 -8.296084e-01 8.987002e-02 -5.510655e-01 -8.457972e+01
-5.542889e-01 3.278444e-02 8.316784e-01 3.289055e+02 9.233886e-02 9.954779e-01 2.229974e-02 -1.608324e-01 -8.271864e-01 8.915672e-02 -5.548096e-01 -8.606826e+01
-5.583189e-01 3.221365e-02 8.290008e-01 3.311477e+02 9.187847e-02 9.955000e-01 2.319514e-02 -1.383913e-01 -8.245231e-01 8.911758e-02 -5.587662e-01 -8.757051e+01
-5.624024e-01 3.172657e-02 8.262548e-01 3.333840e+02 9.317394e-02 9.953308e-01 2.520143e-02 -1.125608e-01 -8.215973e-01 9.115875e-02 -5.627325e-01 -8.908675e+01
-5.662656e-01 3.200649e-02 8.236012e-01 3.356133e+02 9.376371e-02 9.952604e-01 2.578962e-02 -8.455148e-02 -8.188722e-01 9.182766e-02 -5.665827e-01 -9.061426e+01
-5.699347e-01 3.105914e-02 8.211028e-01 3.378389e+02 9.197118e-02 9.954173e-01 2.618521e-02 -5.242768e-02 -8.165266e-01 9.044163e-02 -5.701793e-01 -9.215154e+01
-5.734629e-01 2.980165e-02 8.186893e-01 3.400560e+02 9.146806e-02 9.954189e-01 2.783523e-02 -1.599584e-02 -8.141093e-01 9.084638e-02 -5.735616e-01 -9.370014e+01
-5.764348e-01 2.883221e-02 8.166344e-01 3.422752e+02 9.162022e-02 9.953561e-01 2.952944e-02 2.333862e-02 -8.119905e-01 9.184199e-02 -5.763994e-01 -9.526502e+01
-5.792285e-01 2.833649e-02 8.146726e-01 3.444892e+02 8.960529e-02 9.955527e-01 2.908096e-02 6.337510e-02 -8.102254e-01 8.984348e-02 -5.791916e-01 -9.683616e+01
-5.821727e-01 2.738547e-02 8.126039e-01 3.467010e+02 8.552969e-02 9.959502e-01 2.771149e-02 1.024766e-01 -8.085540e-01 8.563461e-02 -5.821572e-01 -9.841195e+01
-5.852817e-01 2.656025e-02 8.103950e-01 3.489103e+02 8.243732e-02 9.962335e-01 2.688668e-02 1.402984e-01 -8.066284e-01 8.254305e-02 -5.852667e-01 -9.999813e+01
-5.884897e-01 2.360915e-02 8.081600e-01 3.511094e+02 7.975283e-02 9.963937e-01 2.896666e-02 1.754218e-01 -8.045616e-01 8.149961e-02 -5.882502e-01 -1.015909e+02
-5.915552e-01 2.271379e-02 8.059445e-01 3.533107e+02 8.013301e-02 9.963101e-01 3.073798e-02 2.141195e-01 -8.022725e-01 8.276596e-02 -5.911925e-01 -1.032033e+02
-5.945947e-01 2.268037e-02 8.037057e-01 3.554996e+02 7.939344e-02 9.963730e-01 3.061917e-02 2.539708e-01 -8.000961e-01 8.201493e-02 -5.942387e-01 -1.048170e+02
-5.974407e-01 2.308157e-02 8.015809e-01 3.576809e+02 7.813459e-02 9.965050e-01 2.954148e-02 2.903191e-01 -7.980974e-01 8.028046e-02 -5.971561e-01 -1.064411e+02
-6.007205e-01 1.876716e-02 7.992389e-01 3.598670e+02 7.511391e-02 9.966269e-01 3.305469e-02 3.297903e-01 -7.959226e-01 7.989057e-02 -6.001039e-01 -1.080781e+02
-6.038752e-01 1.623428e-02 7.969136e-01 3.620386e+02 7.242569e-02 9.967743e-01 3.457609e-02 3.801369e-01 -7.937816e-01 7.859665e-02 -6.031030e-01 -1.097167e+02
-6.068475e-01 1.634159e-02 7.946503e-01 3.642051e+02 7.194258e-02 9.968139e-01 3.444111e-02 4.335940e-01 -7.915556e-01 7.806967e-02 -6.060897e-01 -1.113631e+02
-6.095901e-01 1.605467e-02 7.925543e-01 3.663626e+02 7.126306e-02 9.968566e-01 3.461851e-02 4.855505e-01 -7.895071e-01 7.758292e-02 -6.088179e-01 -1.130176e+02
-6.122075e-01 1.580857e-02 7.905392e-01 3.685148e+02 7.108644e-02 9.968518e-01 3.511634e-02 5.357534e-01 -7.874952e-01 7.769508e-02 -6.114039e-01 -1.146817e+02
-6.150181e-01 1.428418e-02 7.883836e-01 3.706543e+02 7.043109e-02 9.968345e-01 3.688232e-02 5.857535e-01 -7.853612e-01 7.820999e-02 -6.140773e-01 -1.163494e+02
-6.177963e-01 1.359792e-02 7.862206e-01 3.727925e+02 6.786551e-02 9.970417e-01 3.608321e-02 6.347512e-01 -7.834041e-01 7.564932e-02 -6.168915e-01 -1.180262e+02
-6.206707e-01 1.085791e-02 7.839962e-01 3.749322e+02 5.885749e-02 9.977281e-01 3.277805e-02 6.806409e-01 -7.818591e-01 6.648841e-02 -6.198996e-01 -1.197055e+02
-6.239941e-01 1.192773e-02 7.813381e-01 3.770444e+02 4.951205e-02 9.984779e-01 2.429889e-02 7.141844e-01 -7.798589e-01 5.384800e-02 -6.236348e-01 -1.213733e+02
-6.266260e-01 2.205789e-02 7.790079e-01 3.791489e+02 5.900870e-02 9.980727e-01 1.920520e-02 7.322390e-01 -7.770829e-01 5.800271e-02 -6.267199e-01 -1.230734e+02
-6.274763e-01 2.388148e-02 7.782693e-01 3.812460e+02 6.664289e-02 9.975089e-01 2.312160e-02 7.514499e-01 -7.757784e-01 6.637436e-02 -6.275047e-01 -1.247861e+02
-6.293392e-01 1.350458e-02 7.770134e-01 3.833531e+02 6.579098e-02 9.971854e-01 3.595595e-02 7.912642e-01 -7.743408e-01 7.374895e-02 -6.284563e-01 -1.264979e+02
-6.322787e-01 3.794990e-03 7.747318e-01 3.854625e+02 6.029882e-02 9.971956e-01 4.432671e-02 8.581189e-01 -7.723909e-01 7.474223e-02 -6.307344e-01 -1.282062e+02
-6.354821e-01 -2.169544e-03 7.721126e-01 3.875638e+02 5.428748e-02 9.973957e-01 4.748350e-02 9.375737e-01 -7.702048e-01 7.209095e-02 -6.337093e-01 -1.299140e+02
-6.382772e-01 -2.563005e-03 7.698024e-01 3.896489e+02 5.281065e-02 9.974927e-01 4.710871e-02 1.015440e+00 -7.679930e-01 7.072216e-02 -6.365415e-01 -1.316273e+02
-6.407552e-01 2.180977e-03 7.677422e-01 3.917168e+02 5.798493e-02 9.972772e-01 4.556100e-02 1.088896e+00 -7.655524e-01 7.371091e-02 -6.391370e-01 -1.333507e+02
-6.427141e-01 9.281153e-03 7.660500e-01 3.937800e+02 6.314894e-02 9.971656e-01 4.090054e-02 1.154913e+00 -7.634991e-01 7.466258e-02 -6.414785e-01 -1.350831e+02
-6.451251e-01 1.299057e-02 7.639665e-01 3.958385e+02 6.465990e-02 9.971970e-01 3.764505e-02 1.214067e+00 -7.613361e-01 7.368375e-02 -6.441568e-01 -1.368244e+02
-6.480120e-01 1.202720e-02 7.615352e-01 3.978934e+02 6.400803e-02 9.971980e-01 3.871714e-02 1.272858e+00 -7.589357e-01 7.383352e-02 -6.469661e-01 -1.385702e+02
-6.508502e-01 1.161103e-02 7.591174e-01 3.999429e+02 6.462644e-02 9.971011e-01 4.015815e-02 1.334967e+00 -7.564505e-01 7.519598e-02 -6.497138e-01 -1.403176e+02
-6.532311e-01 1.121137e-02 7.570756e-01 4.019775e+02 6.522569e-02 9.970066e-01 4.151452e-02 1.399861e+00 -7.543439e-01 7.649933e-02 -6.520070e-01 -1.420688e+02
-6.550600e-01 1.168809e-02 7.554865e-01 4.040132e+02 6.588239e-02 9.969556e-01 4.170082e-02 1.463950e+00 -7.526991e-01 7.708978e-02 -6.538357e-01 -1.438398e+02
-6.564592e-01 1.172668e-02 7.542705e-01 4.060396e+02 6.614536e-02 9.969228e-01 4.206862e-02 1.530570e+00 -7.514560e-01 7.750781e-02 -6.552147e-01 -1.456094e+02
-6.576740e-01 1.232267e-02 7.532019e-01 4.080639e+02 6.689873e-02 9.968710e-01 4.210482e-02 1.596786e+00 -7.503263e-01 7.807948e-02 -6.564404e-01 -1.473861e+02
-6.597711e-01 1.115265e-02 7.513839e-01 4.120999e+02 6.999913e-02 9.964545e-01 4.667426e-02 1.739480e+00 -7.481993e-01 8.339053e-02 -6.582125e-01 -1.509391e+02
-6.608928e-01 1.078191e-02 7.504029e-01 4.141199e+02 7.151847e-02 9.962510e-01 4.867325e-02 1.820766e+00 -7.470648e-01 8.583545e-02 -6.591862e-01 -1.527256e+02
-6.619843e-01 1.147200e-02 7.494300e-01 4.161297e+02 7.086687e-02 9.963615e-01 4.734596e-02 1.902123e+00 -7.461600e-01 8.445202e-02 -6.603886e-01 -1.545063e+02
-6.666894e-01 8.669528e-03 7.452853e-01 4.241424e+02 6.129618e-02 9.971829e-01 4.323230e-02 2.186326e+00 -7.428109e-01 7.450564e-02 -6.653426e-01 -1.616509e+02
-6.676013e-01 8.285427e-03 7.444729e-01 4.261357e+02 5.852154e-02 9.974282e-01 4.137817e-02 2.256082e+00 -7.422154e-01 7.119181e-02 -6.663692e-01 -1.634423e+02
-6.688990e-01 5.516573e-03 7.433329e-01 4.301109e+02 5.777251e-02 9.973336e-01 4.458581e-02 2.396912e+00 -7.411049e-01 7.276759e-02 -6.674341e-01 -1.670320e+02
-6.688562e-01 4.782552e-03 7.433765e-01 4.320961e+02 5.962807e-02 9.971024e-01 4.723569e-02 2.471810e+00 -7.409965e-01 7.591998e-02 -6.672033e-01 -1.688310e+02
-6.664665e-01 2.245014e-03 7.455316e-01 4.360531e+02 6.807604e-02 9.960011e-01 5.785718e-02 2.650572e+00 -7.424204e-01 8.931269e-02 -6.639541e-01 -1.724221e+02
-6.646993e-01 4.525680e-04 7.471109e-01 4.380420e+02 6.387629e-02 9.963726e-01 5.622671e-02 2.755615e+00 -7.443754e-01 8.509651e-02 -6.623170e-01 -1.742029e+02
-6.640222e-01 7.332386e-04 7.477126e-01 4.400300e+02 5.667972e-02 9.971716e-01 4.935776e-02 2.843910e+00 -7.455615e-01 7.515477e-02 -6.621855e-01 -1.759705e+02
-6.623343e-01 -1.685100e-03 7.492066e-01 4.420339e+02 5.114571e-02 9.975629e-01 4.745893e-02 2.921911e+00 -7.474606e-01 6.975236e-02 -6.606339e-01 -1.777475e+02
-6.599321e-01 -2.489415e-03 7.513212e-01 4.440392e+02 4.941883e-02 9.976851e-01 4.671333e-02 3.006852e+00 -7.496982e-01 6.795703e-02 -6.582813e-01 -1.795200e+02
-6.571388e-01 -2.384720e-03 7.537658e-01 4.460460e+02 5.118087e-02 9.975460e-01 4.777584e-02 3.098726e+00 -7.520300e-01 6.997374e-02 -6.554041e-01 -1.812884e+02
-6.542341e-01 -2.031108e-03 7.562894e-01 4.480532e+02 5.211326e-02 9.974985e-01 4.775987e-02 3.192574e+00 -7.544945e-01 7.065882e-02 -6.524916e-01 -1.830447e+02
-6.518127e-01 -7.487279e-04 7.583797e-01 4.500640e+02 5.035348e-02 9.977501e-01 4.426288e-02 3.278015e+00 -7.567065e-01 6.703814e-02 -6.503084e-01 -1.847916e+02
-6.502861e-01 -5.694727e-03 7.596681e-01 4.520924e+02 4.340385e-02 9.980600e-01 4.463606e-02 3.358861e+00 -7.584485e-01 6.199872e-02 -6.487773e-01 -1.865327e+02
-6.493819e-01 -1.250006e-02 7.603597e-01 4.541251e+02 3.451564e-02 9.983500e-01 4.589046e-02 3.436998e+00 -7.596787e-01 5.604473e-02 -6.478790e-01 -1.882652e+02
-6.487774e-01 -1.541144e-02 7.608223e-01 4.561580e+02 2.766377e-02 9.986564e-01 4.381885e-02 3.516788e+00 -7.604753e-01 4.947588e-02 -6.474793e-01 -1.899924e+02
-6.471136e-01 -1.651054e-02 7.622149e-01 4.602152e+02 2.716600e-02 9.986312e-01 4.469530e-02 3.669483e+00 -7.619095e-01 4.962925e-02 -6.457792e-01 -1.934519e+02
-6.457730e-01 -1.750312e-02 7.633289e-01 4.622462e+02 2.915962e-02 9.984425e-01 4.756317e-02 3.750848e+00 -7.629724e-01 5.297338e-02 -6.442568e-01 -1.951830e+02
-6.444217e-01 -1.938661e-02 7.644245e-01 4.642791e+02 2.790781e-02 9.984163e-01 4.884760e-02 3.835891e+00 -7.641608e-01 5.281186e-02 -6.428600e-01 -1.969059e+02
-6.425776e-01 -1.892421e-02 7.659869e-01 4.683509e+02 2.470557e-02 9.986634e-01 4.539785e-02 4.004216e+00 -7.658222e-01 4.809577e-02 -6.412512e-01 -2.003376e+02
-6.364662e-01 -1.871761e-02 7.710775e-01 4.806060e+02 2.856500e-02 9.984476e-01 4.781518e-02 4.471449e+00 -7.707754e-01 5.245856e-02 -6.349435e-01 -2.105886e+02
-6.352032e-01 -1.912085e-02 7.721084e-01 4.847071e+02 2.761545e-02 9.984920e-01 4.744597e-02 4.640076e+00 -7.718512e-01 5.145993e-02 -6.337172e-01 -2.139826e+02
-6.342247e-01 -1.826709e-02 7.729330e-01 4.888066e+02 2.810945e-02 9.985151e-01 4.666338e-02 4.799764e+00 -7.726376e-01 5.132177e-02 -6.327694e-01 -2.173707e+02
-6.337660e-01 -1.964247e-02 7.732754e-01 4.908629e+02 2.766558e-02 9.984623e-01 4.803691e-02 4.880930e+00 -7.730299e-01 5.183726e-02 -6.322480e-01 -2.190659e+02
-6.336457e-01 -2.085277e-02 7.733423e-01 4.929166e+02 2.629011e-02 9.984788e-01 4.846451e-02 4.960767e+00 -7.731765e-01 5.104058e-02 -6.321335e-01 -2.207576e+02
-6.339828e-01 -2.092726e-02 7.730640e-01 4.970247e+02 2.586268e-02 9.985009e-01 4.823971e-02 5.116707e+00 -7.729146e-01 5.057664e-02 -6.324911e-01 -2.241389e+02
-6.346633e-01 -2.373341e-02 7.724243e-01 5.031867e+02 2.489555e-02 9.983816e-01 5.113160e-02 5.349108e+00 -7.723877e-01 5.168127e-02 -6.330452e-01 -2.292205e+02
-6.349925e-01 -2.411289e-02 7.721420e-01 5.072915e+02 2.397188e-02 9.984163e-01 5.089305e-02 5.519275e+00 -7.721463e-01 5.082639e-02 -6.334088e-01 -2.326072e+02
-6.348712e-01 -2.289225e-02 7.722788e-01 5.113939e+02 2.500734e-02 9.984284e-01 5.015379e-02 5.689304e+00 -7.722131e-01 5.115382e-02 -6.333009e-01 -2.359969e+02
-6.346300e-01 -2.317670e-02 7.724686e-01 5.154974e+02 2.483037e-02 9.984226e-01 5.035575e-02 5.857608e+00 -7.724171e-01 5.113794e-02 -6.330534e-01 -2.393843e+02
-6.344472e-01 -2.404252e-02 7.725922e-01 5.196014e+02 2.355973e-02 9.984503e-01 5.041814e-02 6.026971e+00 -7.726070e-01 5.018971e-02 -6.328975e-01 -2.427680e+02
-6.339935e-01 -2.575882e-02 7.729093e-01 5.237106e+02 2.390444e-02 9.983148e-01 5.287899e-02 6.206642e+00 -7.729689e-01 5.200088e-02 -6.323092e-01 -2.461557e+02
-6.335759e-01 -2.408283e-02 7.733057e-01 5.278159e+02 2.550849e-02 9.983218e-01 5.198975e-02 6.392878e+00 -7.732599e-01 5.266529e-02 -6.318982e-01 -2.495367e+02
-6.332811e-01 -2.430248e-02 7.735402e-01 5.298651e+02 2.598185e-02 9.982758e-01 5.263383e-02 6.486799e+00 -7.734856e-01 5.343001e-02 -6.315578e-01 -2.512228e+02
-6.331693e-01 -2.508594e-02 7.736068e-01 5.339814e+02 2.469044e-02 9.983114e-01 5.258073e-02 6.677372e+00 -7.736194e-01 5.239318e-02 -6.314807e-01 -2.546036e+02
-6.334203e-01 -2.622209e-02 7.733636e-01 5.380951e+02 2.429114e-02 9.982593e-01 5.374308e-02 6.865967e+00 -7.734266e-01 5.282782e-02 -6.316806e-01 -2.579830e+02
-6.338700e-01 -2.930732e-02 7.728842e-01 5.422136e+02 2.279970e-02 9.981395e-01 5.654772e-02 7.066817e+00 -7.731035e-01 5.346542e-02 -6.320225e-01 -2.613661e+02
-6.343956e-01 -2.556962e-02 7.725856e-01 5.463253e+02 2.211949e-02 9.984430e-01 5.120768e-02 7.265256e+00 -7.726920e-01 4.957512e-02 -6.328422e-01 -2.647478e+02
-6.343588e-01 -2.722893e-02 7.725591e-01 5.504365e+02 2.286776e-02 9.982811e-01 5.396156e-02 7.450904e+00 -7.727004e-01 5.189768e-02 -6.326457e-01 -2.681343e+02
-6.343860e-01 -2.725994e-02 7.725357e-01 5.545493e+02 2.445367e-02 9.981701e-01 5.530245e-02 7.654529e+00 -7.726295e-01 5.397442e-02 -6.325585e-01 -2.715254e+02
-6.344310e-01 -2.582120e-02 7.725481e-01 5.586591e+02 2.523755e-02 9.982171e-01 5.408937e-02 7.857401e+00 -7.725674e-01 5.381318e-02 -6.326482e-01 -2.749141e+02
-6.341833e-01 -2.586426e-02 7.727501e-01 5.627775e+02 2.725792e-02 9.980711e-01 5.577597e-02 8.058037e+00 -7.727021e-01 5.643573e-02 -6.322549e-01 -2.783114e+02
-6.332114e-01 -2.777469e-02 7.734804e-01 5.710150e+02 2.817505e-02 9.978663e-01 5.889766e-02 8.483450e+00 -7.734659e-01 5.908751e-02 -6.310777e-01 -2.850936e+02
-6.325817e-01 -3.043971e-02 7.738953e-01 5.751384e+02 2.506042e-02 9.978996e-01 5.973487e-02 8.705148e+00 -7.740881e-01 5.718131e-02 -6.304902e-01 -2.884766e+02
-6.317201e-01 -2.792959e-02 7.746933e-01 5.792540e+02 2.653593e-02 9.979859e-01 5.761843e-02 8.924907e+00 -7.747422e-01 5.695591e-02 -6.297066e-01 -2.918529e+02
-6.302434e-01 -2.707487e-02 7.759254e-01 5.833713e+02 2.843217e-02 9.979165e-01 5.791490e-02 9.137328e+00 -7.758768e-01 5.856172e-02 -6.281605e-01 -2.952267e+02
-6.291126e-01 -2.733405e-02 7.768334e-01 5.875190e+02 2.864647e-02 9.978873e-01 5.831129e-02 9.353208e+00 -7.767861e-01 5.893789e-02 -6.270005e-01 -2.986121e+02
-6.279511e-01 -2.810392e-02 7.777453e-01 5.916108e+02 2.729992e-02 9.979373e-01 5.810251e-02 9.561344e+00 -7.777739e-01 5.771790e-02 -6.258885e-01 -3.019383e+02
-6.267515e-01 -2.929572e-02 7.786683e-01 5.957370e+02 2.626936e-02 9.979306e-01 5.868924e-02 9.775807e+00 -7.787763e-01 5.723867e-02 -6.246849e-01 -3.052800e+02
-6.263289e-01 -3.020898e-02 7.789734e-01 5.978027e+02 2.504597e-02 9.979532e-01 5.883918e-02 9.883665e+00 -7.791565e-01 5.636281e-02 -6.242903e-01 -3.069488e+02
-6.260867e-01 -3.038338e-02 7.791613e-01 6.019345e+02 2.246797e-02 9.981227e-01 5.697568e-02 1.009861e+01 -7.794296e-01 5.317788e-02 -6.242287e-01 -3.102813e+02
-6.266982e-01 -3.264678e-02 7.785779e-01 6.102041e+02 2.151846e-02 9.980160e-01 5.916888e-02 1.054205e+01 -7.789649e-01 5.383482e-02 -6.247523e-01 -3.169635e+02
-6.266057e-01 -2.915437e-02 7.787910e-01 6.143316e+02 2.264969e-02 9.981966e-01 5.559156e-02 1.075646e+01 -7.790073e-01 5.247334e-02 -6.248153e-01 -3.203039e+02
-6.265290e-01 -3.015212e-02 7.788147e-01 6.184658e+02 2.294946e-02 9.981044e-01 5.710404e-02 1.096062e+01 -7.790601e-01 5.365070e-02 -6.246494e-01 -3.236462e+02
-6.263612e-01 -3.072541e-02 7.789272e-01 6.226067e+02 2.406871e-02 9.979842e-01 5.872073e-02 1.117705e+01 -7.791613e-01 5.552815e-02 -6.243591e-01 -3.269891e+02
-6.259098e-01 -3.013968e-02 7.793129e-01 6.267459e+02 2.363144e-02 9.980612e-01 5.757943e-02 1.139641e+01 -7.795373e-01 5.445581e-02 -6.239840e-01 -3.303270e+02
-6.252310e-01 -3.031342e-02 7.798508e-01 6.308887e+02 2.380432e-02 9.980397e-01 5.787927e-02 1.161229e+01 -7.800766e-01 5.475173e-02 -6.232838e-01 -3.336656e+02
-6.246102e-01 -3.173476e-02 7.802916e-01 6.350324e+02 2.267172e-02 9.980159e-01 5.873801e-02 1.183193e+01 -7.806075e-01 5.437890e-02 -6.226514e-01 -3.369998e+02
-6.237826e-01 -3.043697e-02 7.810051e-01 6.391659e+02 2.287771e-02 9.981023e-01 5.716983e-02 1.204805e+01 -7.812630e-01 5.352914e-02 -6.219025e-01 -3.403234e+02
-6.230705e-01 -3.122445e-02 7.815422e-01 6.433047e+02 2.380466e-02 9.979830e-01 5.884960e-02 1.226642e+01 -7.818034e-01 5.527178e-02 -6.210704e-01 -3.436496e+02
-6.222250e-01 -2.898656e-02 7.823017e-01 6.474454e+02 2.429167e-02 9.981181e-01 5.630423e-02 1.248249e+01 -7.824615e-01 5.403730e-02 -6.203498e-01 -3.469686e+02
-6.210310e-01 -2.943427e-02 7.832332e-01 6.515913e+02 2.579591e-02 9.979856e-01 5.795851e-02 1.269235e+01 -7.833614e-01 5.619823e-02 -6.190207e-01 -3.502820e+02
-6.201170e-01 -3.023961e-02 7.839263e-01 6.557358e+02 2.584500e-02 9.979269e-01 5.893901e-02 1.291009e+01 -7.840835e-01 5.680964e-02 -6.180499e-01 -3.535870e+02
-6.192251e-01 -3.037229e-02 7.846259e-01 6.598779e+02 2.531333e-02 9.979601e-01 5.860753e-02 1.313000e+01 -7.848054e-01 5.615274e-02 -6.171931e-01 -3.568806e+02
-6.183042e-01 -2.895769e-02 7.854053e-01 6.640361e+02 2.521061e-02 9.980760e-01 5.664565e-02 1.334665e+01 -7.855344e-01 5.482478e-02 -6.163845e-01 -3.601819e+02
-6.181211e-01 -2.959064e-02 7.855258e-01 6.681904e+02 2.430014e-02 9.980944e-01 5.671956e-02 1.355813e+01 -7.857072e-01 5.414793e-02 -6.162241e-01 -3.634752e+02
-6.185260e-01 -3.030074e-02 7.851799e-01 6.723505e+02 2.298237e-02 9.981311e-01 5.662307e-02 1.376872e+01 -7.854281e-01 5.306812e-02 -6.166736e-01 -3.667695e+02
-6.192450e-01 -3.059867e-02 7.846014e-01 6.765090e+02 2.157463e-02 9.982001e-01 5.595653e-02 1.397893e+01 -7.849013e-01 5.157828e-02 -6.174702e-01 -3.700675e+02
-6.199262e-01 -3.124605e-02 7.840378e-01 6.806657e+02 2.229805e-02 9.981017e-01 5.740779e-02 1.418850e+01 -7.843432e-01 5.307110e-02 -6.180527e-01 -3.733743e+02
-6.204869e-01 -3.143224e-02 7.835867e-01 6.848198e+02 2.338258e-02 9.980106e-01 5.854909e-02 1.440571e+01 -7.838681e-01 5.465121e-02 -6.185175e-01 -3.766842e+02
-6.205936e-01 -2.976116e-02 7.835674e-01 6.889656e+02 2.350369e-02 9.981244e-01 5.652555e-02 1.461921e+01 -7.837800e-01 5.349611e-02 -6.187301e-01 -3.799902e+02
-6.199039e-01 -2.777842e-02 7.841859e-01 6.931156e+02 2.640585e-02 9.980686e-01 5.622883e-02 1.482707e+01 -7.842333e-01 5.556355e-02 -6.179731e-01 -3.833046e+02
-6.189651e-01 -2.720965e-02 7.849471e-01 6.972710e+02 2.818073e-02 9.979868e-01 5.681626e-02 1.503283e+01 -7.849128e-01 5.728765e-02 -6.169522e-01 -3.866143e+02
-6.180394e-01 -2.712765e-02 7.856790e-01 7.014274e+02 2.687530e-02 9.980912e-01 5.560269e-02 1.524435e+01 -7.856876e-01 5.548000e-02 -6.161306e-01 -3.899181e+02
-6.167027e-01 -2.825224e-02 7.866891e-01 7.076613e+02 2.705064e-02 9.980050e-01 5.704677e-02 1.554996e+01 -7.867312e-01 5.646132e-02 -6.147080e-01 -3.948665e+02
-6.155892e-01 -2.809754e-02 7.875662e-01 7.118243e+02 2.864569e-02 9.979060e-01 5.799218e-02 1.576531e+01 -7.875464e-01 5.825973e-02 -6.134953e-01 -3.981607e+02
-6.128317e-01 -2.458664e-02 7.898309e-01 7.201441e+02 2.991372e-02 9.980776e-01 5.427927e-02 1.621513e+01 -7.896470e-01 5.689083e-02 -6.109181e-01 -4.046980e+02
-6.114061e-01 -2.297364e-02 7.909835e-01 7.243156e+02 3.086806e-02 9.981252e-01 5.285001e-02 1.644029e+01 -7.907147e-01 5.672893e-02 -6.095506e-01 -4.079582e+02
-6.096062e-01 -2.574941e-02 7.922862e-01 7.305888e+02 2.684648e-02 9.982283e-01 5.309895e-02 1.677343e+01 -7.922497e-01 5.363952e-02 -6.078348e-01 -4.128287e+02
-6.082262e-01 -2.245372e-02 7.934462e-01 7.347664e+02 2.985769e-02 9.982452e-01 5.113711e-02 1.698171e+01 -7.932020e-01 5.479338e-02 -6.064884e-01 -4.160734e+02
-6.080761e-01 -2.619893e-02 7.934464e-01 7.410479e+02 2.721968e-02 9.981796e-01 5.381948e-02 1.727242e+01 -7.934120e-01 5.432368e-02 -6.062560e-01 -4.209340e+02
-6.077041e-01 -2.493766e-02 7.937719e-01 7.473289e+02 2.681944e-02 9.982923e-01 5.189571e-02 1.755500e+01 -7.937105e-01 5.282575e-02 -6.059975e-01 -4.257917e+02
-6.059118e-01 -2.210289e-02 7.952248e-01 7.536116e+02 3.317071e-02 9.980427e-01 5.301413e-02 1.785404e+01 -7.948400e-01 5.850004e-02 -6.039926e-01 -4.306541e+02
-6.047465e-01 -1.806800e-02 7.962131e-01 7.578089e+02 3.349565e-02 9.982810e-01 4.809431e-02 1.802205e+01 -7.957133e-01 5.575453e-02 -6.031017e-01 -4.338840e+02
-6.020180e-01 -1.978524e-02 7.982374e-01 7.641249e+02 3.417750e-02 9.981383e-01 5.051613e-02 1.825478e+01 -7.977507e-01 5.769337e-02 -6.002209e-01 -4.387221e+02
-6.004185e-01 -2.003886e-02 7.994349e-01 7.683468e+02 3.292078e-02 9.982191e-01 4.974691e-02 1.842281e+01 -7.990080e-01 5.618697e-02 -5.986895e-01 -4.419355e+02
-5.987543e-01 -1.969439e-02 8.006906e-01 7.725730e+02 3.265637e-02 9.982660e-01 4.897443e-02 1.858489e+01 -8.002667e-01 5.547129e-02 -5.970729e-01 -4.451404e+02
-5.969038e-01 -2.058569e-02 8.020487e-01 7.810382e+02 3.201801e-02 9.982632e-01 4.945037e-02 1.891026e+01 -8.016737e-01 5.519710e-02 -5.952079e-01 -4.515290e+02
-6.006295e-01 -2.189010e-02 7.992278e-01 8.000123e+02 3.066110e-02 9.982592e-01 5.038357e-02 1.965533e+01 -7.989393e-01 5.476705e-02 -5.989127e-01 -4.658635e+02
-5.999157e-01 -1.798477e-02 7.998611e-01 8.083959e+02 3.010632e-02 9.985317e-01 4.503233e-02 1.996249e+01 -7.994966e-01 5.109646e-02 -5.984934e-01 -4.722307e+02
-5.988091e-01 -1.841164e-02 8.006802e-01 8.125910e+02 3.084472e-02 9.984638e-01 4.602768e-02 2.011443e+01 -8.002976e-01 5.225853e-02 -5.973213e-01 -4.754125e+02
-5.969630e-01 -1.773576e-02 8.020727e-01 8.167915e+02 3.319959e-02 9.983531e-01 4.678563e-02 2.027321e+01 -8.015815e-01 5.455777e-02 -5.953910e-01 -4.785905e+02
-5.912662e-01 -1.944743e-02 8.062420e-01 8.273472e+02 3.392734e-02 9.982244e-01 4.895922e-02 2.068385e+01 -8.057625e-01 5.630156e-02 -5.895565e-01 -4.864927e+02
-5.877450e-01 -2.021865e-02 8.087936e-01 8.358541e+02 3.277724e-02 9.982718e-01 4.877434e-02 2.103407e+01 -8.083820e-01 5.517688e-02 -5.860666e-01 -4.927761e+02
-5.876351e-01 -2.378478e-02 8.087764e-01 8.422623e+02 3.150144e-02 9.981375e-01 5.224166e-02 2.130359e+01 -8.085126e-01 5.617664e-02 -5.857914e-01 -4.974854e+02
-5.871744e-01 -2.662307e-02 8.090226e-01 8.529722e+02 2.690961e-02 9.982645e-01 5.238110e-02 2.177339e+01 -8.090130e-01 5.252731e-02 -5.854389e-01 -5.053431e+02
-5.667491e-01 -3.057614e-02 8.233229e-01 9.044565e+02 3.453723e-02 9.975510e-01 6.082085e-02 2.415887e+01 -8.231662e-01 6.290544e-02 -5.643051e-01 -5.423632e+02
-5.646629e-01 -2.991198e-02 8.247795e-01 9.129899e+02 3.330632e-02 9.977030e-01 5.898560e-02 2.458493e+01 -8.246493e-01 6.077733e-02 -5.623696e-01 -5.482919e+02
-5.636683e-01 -3.042815e-02 8.254406e-01 9.194006e+02 3.603064e-02 9.974643e-01 6.137366e-02 2.489471e+01 -8.252150e-01 6.433553e-02 -5.611426e-01 -5.527312e+02
-5.561817e-01 -3.341497e-02 8.303887e-01 9.515077e+02 3.423518e-02 9.974219e-01 6.306662e-02 2.662079e+01 -8.303552e-01 6.350499e-02 -5.536039e-01 -5.747102e+02
-5.553392e-01 -3.263775e-02 8.309833e-01 9.536604e+02 3.456643e-02 9.974601e-01 6.227676e-02 2.674228e+01 -8.309052e-01 6.330884e-02 -5.528005e-01 -5.761661e+02
-5.535517e-01 -3.450245e-02 8.320999e-01 9.579804e+02 3.366854e-02 9.973975e-01 6.375429e-02 2.698219e+01 -8.321340e-01 6.330686e-02 -5.509494e-01 -5.790749e+02
-5.296565e-01 -3.954401e-02 8.472900e-01 1.061525e+03 3.656364e-02 9.969197e-01 6.938401e-02 3.302930e+01 -8.474237e-01 6.772969e-02 -5.265791e-01 -6.471441e+02
-5.279950e-01 -4.015087e-02 8.482979e-01 1.072257e+03 2.790603e-02 9.975221e-01 6.458301e-02 3.365737e+01 -8.487888e-01 5.777212e-02 -5.255662e-01 -6.538847e+02
-5.229823e-01 -3.085688e-02 8.517848e-01 1.091568e+03 4.168796e-02 9.972224e-01 6.172126e-02 3.469434e+01 -8.513234e-01 6.778829e-02 -5.202433e-01 -6.660140e+02
-5.209506e-01 -3.930016e-02 8.526817e-01 1.098041e+03 3.786647e-02 9.968921e-01 6.908155e-02 3.504702e+01 -8.527465e-01 6.827610e-02 -5.178433e-01 -6.700112e+02
-5.065972e-01 -3.485421e-02 8.614781e-01 1.132753e+03 3.822998e-02 9.972917e-01 6.283040e-02 3.699032e+01 -8.613348e-01 6.476399e-02 -5.038927e-01 -6.910464e+02
-5.057981e-01 -3.389163e-02 8.619859e-01 1.134946e+03 3.856897e-02 9.973403e-01 6.184508e-02 3.710266e+01 -8.617892e-01 6.452701e-02 -5.031456e-01 -6.923504e+02
-5.049198e-01 -3.308991e-02 8.625318e-01 1.137143e+03 3.883964e-02 9.973818e-01 6.099969e-02 3.721242e+01 -8.622920e-01 6.430036e-02 -5.023126e-01 -6.936540e+02
-5.033773e-01 -3.346126e-02 8.634186e-01 1.141541e+03 3.941136e-02 9.973208e-01 6.162757e-02 3.743261e+01 -8.631674e-01 6.505041e-02 -5.007099e-01 -6.962551e+02
-5.023498e-01 -3.525588e-02 8.639455e-01 1.145954e+03 3.785579e-02 9.973136e-01 6.270999e-02 3.766114e+01 -8.638354e-01 6.420767e-02 -4.996656e-01 -6.988522e+02
-5.022953e-01 -3.581665e-02 8.639541e-01 1.150376e+03 3.555618e-02 9.974412e-01 6.202263e-02 3.789135e+01 -8.639648e-01 6.187256e-02 -4.997365e-01 -7.014450e+02
-5.025890e-01 -3.683229e-02 8.637406e-01 1.152585e+03 3.537324e-02 9.973792e-01 6.311381e-02 3.800681e+01 -8.638015e-01 6.227359e-02 -4.999689e-01 -7.027408e+02
-5.030194e-01 -3.510970e-02 8.635617e-01 1.157012e+03 3.622457e-02 9.974400e-01 6.165336e-02 3.824356e+01 -8.635156e-01 6.229497e-02 -5.004598e-01 -7.053377e+02
-5.033083e-01 -3.555327e-02 8.633752e-01 1.161448e+03 3.787397e-02 9.972853e-01 6.314639e-02 3.848244e+01 -8.632765e-01 6.448153e-02 -5.005954e-01 -7.079363e+02
-5.036455e-01 -3.330733e-02 8.632681e-01 1.165886e+03 3.899425e-02 9.973616e-01 6.123095e-02 3.871705e+01 -8.630299e-01 6.450117e-02 -5.010179e-01 -7.105384e+02
-5.038034e-01 -3.526568e-02 8.630982e-01 1.168110e+03 3.807084e-02 9.972889e-01 6.297115e-02 3.883461e+01 -8.629790e-01 6.458394e-02 -5.010949e-01 -7.118436e+02
-5.037058e-01 -3.305809e-02 8.632426e-01 1.172562e+03 3.933438e-02 9.973535e-01 6.114568e-02 3.907728e+01 -8.629793e-01 6.475453e-02 -5.010724e-01 -7.144590e+02
-5.024903e-01 -3.102951e-02 8.640259e-01 1.177083e+03 4.142900e-02 9.973436e-01 5.991111e-02 3.930786e+01 -8.635897e-01 6.590047e-02 -4.998699e-01 -7.171122e+02
-5.017803e-01 -3.616806e-02 8.642386e-01 1.181516e+03 4.143355e-02 9.969736e-01 6.577945e-02 3.954154e+01 -8.640021e-01 6.881529e-02 -4.987631e-01 -7.197105e+02
-5.014015e-01 -3.761285e-02 8.643968e-01 1.186021e+03 4.043427e-02 9.969444e-01 6.683473e-02 3.980234e+01 -8.642694e-01 6.846227e-02 -4.983486e-01 -7.223448e+02
-5.008074e-01 -3.594900e-02 8.648120e-01 1.190524e+03 3.913494e-02 9.971749e-01 6.411394e-02 4.006015e+01 -8.646736e-01 6.595308e-02 -4.979856e-01 -7.249743e+02
-5.002405e-01 -3.607974e-02 8.651345e-01 1.192784e+03 3.954090e-02 9.971373e-01 6.444826e-02 4.018605e+01 -8.649832e-01 6.644781e-02 -4.973818e-01 -7.262948e+02
-4.985463e-01 -3.378706e-02 8.662044e-01 1.197315e+03 4.053673e-02 9.972383e-01 6.222918e-02 4.043252e+01 -8.659147e-01 6.613720e-02 -4.957998e-01 -7.289370e+02
-4.970255e-01 -3.263259e-02 8.671222e-01 1.201867e+03 4.126176e-02 9.972734e-01 6.118141e-02 4.067201e+01 -8.667543e-01 6.618769e-02 -4.943238e-01 -7.315819e+02
-4.956990e-01 -3.323065e-02 8.678584e-01 1.206417e+03 4.220870e-02 9.971651e-01 6.229041e-02 4.090637e+01 -8.674681e-01 6.750846e-02 -4.928911e-01 -7.342126e+02
-4.944594e-01 -3.504143e-02 8.684941e-01 1.210993e+03 4.168451e-02 9.970814e-01 6.396180e-02 4.114443e+01 -8.682006e-01 6.782925e-02 -4.915555e-01 -7.368459e+02
-4.927929e-01 -3.458554e-02 8.694590e-01 1.215578e+03 4.250989e-02 9.970598e-01 6.375507e-02 4.138330e+01 -8.691076e-01 6.837864e-02 -4.898737e-01 -7.394756e+02
-4.914235e-01 -3.376637e-02 8.702660e-01 1.217874e+03 4.315538e-02 9.970765e-01 6.305569e-02 4.150237e+01 -8.698509e-01 6.854369e-02 -4.885296e-01 -7.407904e+02
-4.897948e-01 -3.214880e-02 8.712448e-01 1.220173e+03 4.339884e-02 9.971819e-01 6.119374e-02 4.161726e+01 -8.707569e-01 6.778338e-02 -4.870193e-01 -7.421052e+02
-4.882299e-01 -3.093513e-02 8.721666e-01 1.222478e+03 4.327920e-02 9.972837e-01 5.960019e-02 4.172981e+01 -8.716412e-01 6.684526e-02 -4.855648e-01 -7.434152e+02
-4.852072e-01 -2.865753e-02 8.739295e-01 1.227101e+03 4.392202e-02 9.974023e-01 5.709198e-02 4.194350e+01 -8.732953e-01 6.608618e-02 -4.826881e-01 -7.460279e+02
-4.839808e-01 -2.937514e-02 8.745855e-01 1.229416e+03 4.405987e-02 9.973508e-01 5.788050e-02 4.204989e+01 -8.739687e-01 6.654716e-02 -4.814043e-01 -7.473281e+02
-4.824974e-01 -3.015414e-02 8.753782e-01 1.234074e+03 4.149738e-02 9.974980e-01 5.723362e-02 4.226955e+01 -8.749138e-01 6.394096e-02 -4.800389e-01 -7.499294e+02
-4.818709e-01 -2.891977e-02 8.757649e-01 1.236405e+03 4.054171e-02 9.976490e-01 5.525187e-02 4.237920e+01 -8.753038e-01 6.212926e-02 -4.795655e-01 -7.512267e+02
-4.812640e-01 -2.785717e-02 8.761330e-01 1.238735e+03 4.022915e-02 9.977398e-01 5.382179e-02 4.248429e+01 -8.756520e-01 6.114856e-02 -4.790556e-01 -7.525197e+02
-4.806926e-01 -2.658732e-02 8.764861e-01 1.241082e+03 4.127268e-02 9.977465e-01 5.290087e-02 4.258650e+01 -8.759173e-01 6.160397e-02 -4.785120e-01 -7.538235e+02
-4.795872e-01 -2.704466e-02 8.770774e-01 1.245771e+03 4.237194e-02 9.976452e-01 5.393140e-02 4.278686e+01 -8.764706e-01 6.302826e-02 -4.773119e-01 -7.564194e+02
-4.783352e-01 -2.882378e-02 8.777042e-01 1.250478e+03 4.131594e-02 9.976158e-01 5.527822e-02 4.299082e+01 -8.772049e-01 6.270468e-02 -4.760038e-01 -7.590137e+02
-4.777230e-01 -2.987704e-02 8.780024e-01 1.252841e+03 4.093862e-02 9.975787e-01 5.622082e-02 4.309761e+01 -8.775561e-01 6.280217e-02 -4.753431e-01 -7.603120e+02
-4.764179e-01 -3.243485e-02 8.786205e-01 1.257579e+03 4.162571e-02 9.973666e-01 5.938931e-02 4.332063e+01 -8.782330e-01 6.486732e-02 -4.738131e-01 -7.629110e+02
-4.750737e-01 -2.886688e-02 8.794724e-01 1.262318e+03 4.213284e-02 9.975692e-01 5.550249e-02 4.354782e+01 -8.789367e-01 6.342243e-02 -4.727026e-01 -7.655015e+02
-4.736037e-01 -1.816824e-02 8.805507e-01 1.267084e+03 4.172330e-02 9.982019e-01 4.303656e-02 4.373951e+01 -8.797492e-01 5.712174e-02 -4.719940e-01 -7.680952e+02
-4.720049e-01 -1.949420e-02 8.813804e-01 1.271868e+03 4.262014e-02 9.980819e-01 4.489970e-02 4.389318e+01 -8.805651e-01 5.875742e-02 -4.702687e-01 -7.706928e+02
-4.710468e-01 -2.340182e-02 8.817978e-01 1.276670e+03 4.182801e-02 9.979310e-01 4.882791e-02 4.406634e+01 -8.811159e-01 5.988406e-02 -4.690933e-01 -7.732870e+02
-4.702340e-01 -2.543327e-02 8.821753e-01 1.281478e+03 4.185084e-02 9.978175e-01 5.107540e-02 4.425252e+01 -8.815489e-01 6.093715e-02 -4.681433e-01 -7.758763e+02
-4.691742e-01 -2.447601e-02 8.827664e-01 1.286290e+03 4.199495e-02 9.978666e-01 4.998688e-02 4.443881e+01 -8.821066e-01 6.052427e-02 -4.671453e-01 -7.784617e+02
-4.681761e-01 -2.201472e-02 8.833609e-01 1.291103e+03 4.169577e-02 9.980256e-01 4.697086e-02 4.461411e+01 -8.826508e-01 5.882303e-02 -4.663338e-01 -7.810407e+02
-4.670401e-01 -2.177379e-02 8.839681e-01 1.295919e+03 4.229333e-02 9.980025e-01 4.692813e-02 4.477631e+01 -8.832241e-01 5.930326e-02 -4.651862e-01 -7.836147e+02
-4.664224e-01 -2.271908e-02 8.842704e-01 1.298329e+03 4.184723e-02 9.979841e-01 4.771364e-02 4.485866e+01 -8.835717e-01 5.925897e-02 -4.645313e-01 -7.848990e+02
-4.655366e-01 -2.258759e-02 8.847404e-01 1.303154e+03 4.168539e-02 9.980051e-01 4.741346e-02 4.502280e+01 -8.840463e-01 5.895343e-02 -4.636663e-01 -7.874640e+02
-4.642827e-01 -1.980744e-02 8.854656e-01 1.307966e+03 4.264627e-02 9.980903e-01 4.468783e-02 4.518137e+01 -8.846597e-01 5.850957e-02 -4.625513e-01 -7.900173e+02
-4.633665e-01 -1.774400e-02 8.859891e-01 1.312794e+03 4.306842e-02 9.981671e-01 4.251513e-02 4.532493e+01 -8.851195e-01 5.785823e-02 -4.617530e-01 -7.925713e+02
-4.622418e-01 -2.039662e-02 8.865193e-01 1.317624e+03 4.251477e-02 9.980760e-01 4.513096e-02 4.546362e+01 -8.857341e-01 5.855157e-02 -4.604853e-01 -7.951168e+02
-4.616834e-01 -1.965204e-02 8.868271e-01 1.320032e+03 4.395773e-02 9.980194e-01 4.500050e-02 4.553831e+01 -8.859549e-01 5.975888e-02 -4.599051e-01 -7.963846e+02
-4.604053e-01 -1.812090e-02 8.875239e-01 1.324867e+03 4.409868e-02 9.980903e-01 4.325468e-02 4.570716e+01 -8.866128e-01 5.905331e-02 -4.587269e-01 -7.989070e+02
-4.594641e-01 -1.777702e-02 8.880185e-01 1.329709e+03 4.256761e-02 9.982101e-01 4.200755e-02 4.586664e+01 -8.871757e-01 5.710177e-02 -4.578849e-01 -8.014285e+02
-4.584249e-01 -1.394862e-02 8.886237e-01 1.334542e+03 4.163794e-02 9.984417e-01 3.715267e-02 4.596958e+01 -8.877572e-01 5.403216e-02 -4.571297e-01 -8.039500e+02
-4.579285e-01 -1.459570e-02 8.888692e-01 1.336962e+03 4.179100e-02 9.984063e-01 3.792428e-02 4.601545e+01 -8.880062e-01 5.451333e-02 -4.565887e-01 -8.052106e+02
-4.570247e-01 -1.638847e-02 8.893030e-01 1.341797e+03 4.310083e-02 9.982476e-01 4.054624e-02 4.611465e+01 -8.884091e-01 5.686032e-02 -4.555175e-01 -8.077231e+02
-4.561369e-01 -1.415073e-02 8.897971e-01 1.346638e+03 4.159980e-02 9.984414e-01 3.720384e-02 4.621961e+01 -8.889367e-01 5.398542e-02 -4.548373e-01 -8.102296e+02
-4.558015e-01 -1.351150e-02 8.899789e-01 1.349058e+03 4.146560e-02 9.984768e-01 3.639524e-02 4.627189e+01 -8.891150e-01 5.349250e-02 -4.545470e-01 -8.114819e+02
-4.547521e-01 -1.244782e-02 8.905311e-01 1.353902e+03 4.197514e-02 9.984916e-01 3.539161e-02 4.636595e+01 -8.896283e-01 5.347457e-02 -4.535436e-01 -8.139856e+02
-4.536658e-01 -1.372142e-02 8.910663e-01 1.358741e+03 4.260303e-02 9.984043e-01 3.706465e-02 4.645846e+01 -8.901530e-01 5.477708e-02 -4.523573e-01 -8.164808e+02
-4.527136e-01 -1.390433e-02 8.915476e-01 1.363568e+03 4.179714e-02 9.984483e-01 3.679544e-02 4.655681e+01 -8.906758e-01 5.392192e-02 -4.514299e-01 -8.189605e+02
-4.516635e-01 -1.330597e-02 8.920892e-01 1.368388e+03 4.170599e-02 9.984808e-01 3.600854e-02 4.665299e+01 -8.912130e-01 5.346919e-02 -4.504224e-01 -8.214312e+02
-4.506717e-01 -1.260549e-02 8.926008e-01 1.373206e+03 4.172711e-02 9.985099e-01 3.516905e-02 4.674966e+01 -8.917140e-01 5.309534e-02 -4.494741e-01 -8.238932e+02
-4.493873e-01 -1.021222e-02 8.932787e-01 1.378014e+03 4.308524e-02 9.985232e-01 3.309056e-02 4.684358e+01 -8.922974e-01 5.335759e-02 -4.482837e-01 -8.263424e+02
-4.475542e-01 -8.030314e-03 8.942208e-01 1.382830e+03 4.359172e-02 9.985750e-01 3.078492e-02 4.692624e+01 -8.931937e-01 5.275853e-02 -4.465663e-01 -8.287850e+02
-4.461190e-01 -6.109051e-03 8.949529e-01 1.387647e+03 4.298235e-02 9.986765e-01 2.824305e-02 4.699431e+01 -8.939409e-01 5.106692e-02 -4.452659e-01 -8.312155e+02
-4.447396e-01 -6.797164e-03 8.956342e-01 1.392473e+03 4.116234e-02 9.987595e-01 2.801953e-02 4.705185e+01 -8.947135e-01 4.932778e-02 -4.439081e-01 -8.336398e+02
-4.431812e-01 -7.331661e-03 8.964021e-01 1.397297e+03 4.064830e-02 9.987736e-01 2.826547e-02 4.710779e+01 -8.955099e-01 4.896394e-02 -4.423397e-01 -8.360545e+02
-4.415503e-01 -7.757886e-03 8.972030e-01 1.402118e+03 4.109353e-02 9.987384e-01 2.885964e-02 4.716495e+01 -8.962949e-01 4.961221e-02 -4.406744e-01 -8.384586e+02
-4.400229e-01 -6.675482e-03 8.979618e-01 1.406940e+03 4.260319e-02 9.986911e-01 2.830089e-02 4.722089e+01 -8.969753e-01 5.070907e-02 -4.391625e-01 -8.408560e+02
-4.383762e-01 -4.929933e-03 8.987781e-01 1.411748e+03 4.373426e-02 9.986834e-01 2.680917e-02 4.727064e+01 -8.977269e-01 5.105988e-02 -4.375834e-01 -8.432372e+02
-4.367389e-01 -3.102551e-03 8.995830e-01 1.416545e+03 4.374984e-02 9.987375e-01 2.468465e-02 4.731261e+01 -8.985238e-01 5.013735e-02 -4.360518e-01 -8.456026e+02
-4.350416e-01 -1.159341e-03 9.004097e-01 1.421338e+03 4.516932e-02 9.987120e-01 2.310989e-02 4.734203e+01 -8.992767e-01 5.072464e-02 -4.344288e-01 -8.479587e+02
-4.343995e-01 -2.052241e-03 9.007180e-01 1.423739e+03 4.460160e-02 9.987216e-01 2.378605e-02 4.735820e+01 -8.996153e-01 5.050610e-02 -4.337526e-01 -8.491316e+02
-4.334386e-01 -1.343399e-03 9.011822e-01 1.428540e+03 4.357482e-02 9.987979e-01 2.244694e-02 4.739107e+01 -9.001290e-01 4.899821e-02 -4.328590e-01 -8.514737e+02
-4.323331e-01 1.401061e-03 9.017129e-01 1.433338e+03 4.286540e-02 9.989002e-01 1.900006e-02 4.741639e+01 -9.006945e-01 4.686663e-02 -4.319176e-01 -8.538098e+02
-4.312015e-01 1.795337e-03 9.022539e-01 1.438134e+03 4.309415e-02 9.988977e-01 1.860773e-02 4.742352e+01 -9.012259e-01 4.690553e-02 -4.308036e-01 -8.561389e+02
-4.307241e-01 1.516974e-04 9.024837e-01 1.440537e+03 4.246544e-02 9.988957e-01 2.009937e-02 4.742646e+01 -9.014840e-01 4.698163e-02 -4.302548e-01 -8.573020e+02
-4.297253e-01 1.296619e-03 9.029588e-01 1.445330e+03 4.221789e-02 9.989342e-01 1.865738e-02 4.743887e+01 -9.019722e-01 4.613855e-02 -4.293220e-01 -8.596177e+02
-4.289482e-01 8.136587e-04 9.033288e-01 1.447721e+03 4.221544e-02 9.989250e-01 1.914635e-02 4.744620e+01 -9.023421e-01 4.634720e-02 -4.285214e-01 -8.607713e+02
-4.279515e-01 1.090654e-03 9.038011e-01 1.452509e+03 4.158581e-02 9.989639e-01 1.848546e-02 4.745636e+01 -9.028444e-01 4.549616e-02 -4.275534e-01 -8.630706e+02
-4.269578e-01 -1.631143e-04 9.042716e-01 1.457288e+03 4.163262e-02 9.989360e-01 1.983730e-02 4.746458e+01 -9.033126e-01 4.611687e-02 -4.264967e-01 -8.653539e+02
-4.257562e-01 -1.093507e-03 9.048373e-01 1.462058e+03 4.241997e-02 9.988756e-01 2.116716e-02 4.747405e+01 -9.038430e-01 4.739521e-02 -4.252311e-01 -8.676272e+02
-4.245447e-01 -6.486388e-04 9.054068e-01 1.466807e+03 4.298163e-02 9.988578e-01 2.086964e-02 4.747599e+01 -9.043862e-01 4.777594e-02 -4.240319e-01 -8.698865e+02
-4.240617e-01 -8.900667e-04 9.056329e-01 1.469182e+03 4.262046e-02 9.988719e-01 2.093868e-02 4.746689e+01 -9.046298e-01 4.747777e-02 -4.235454e-01 -8.710138e+02
-4.228103e-01 6.555064e-06 9.062182e-01 1.473920e+03 4.267192e-02 9.988909e-01 1.990202e-02 4.745073e+01 -9.052129e-01 4.708484e-02 -4.223416e-01 -8.732573e+02
-4.216964e-01 -3.894153e-04 9.067370e-01 1.478642e+03 4.232400e-02 9.989015e-01 2.011262e-02 4.742685e+01 -9.057487e-01 4.685814e-02 -4.212167e-01 -8.754851e+02
-4.213238e-01 -1.291479e-03 9.069094e-01 1.483348e+03 4.156309e-02 9.989208e-01 2.073150e-02 4.742592e+01 -9.059574e-01 4.642862e-02 -4.208153e-01 -8.776953e+02
-4.216268e-01 -3.387924e-03 9.067632e-01 1.488042e+03 4.161059e-02 9.988673e-01 2.308014e-02 4.744804e+01 -9.058142e-01 4.746214e-02 -4.210082e-01 -8.798970e+02
-4.216739e-01 -4.360895e-03 9.067371e-01 1.492712e+03 4.118089e-02 9.988645e-01 2.395495e-02 4.746804e+01 -9.058119e-01 4.744141e-02 -4.210155e-01 -8.820850e+02
-4.214202e-01 -3.904039e-03 9.068571e-01 1.497363e+03 4.026236e-02 9.989241e-01 2.301046e-02 4.749161e+01 -9.059713e-01 4.620927e-02 -4.208096e-01 -8.842612e+02
-4.210012e-01 -4.289538e-03 9.070500e-01 1.501996e+03 4.116449e-02 9.988681e-01 2.382997e-02 4.753210e+01 -9.061255e-01 4.737068e-02 -4.203481e-01 -8.864270e+02
-4.198049e-01 -2.796147e-03 9.076101e-01 1.506608e+03 4.168256e-02 9.988807e-01 2.235713e-02 4.755386e+01 -9.066567e-01 4.721713e-02 -4.192184e-01 -8.885793e+02
-4.186422e-01 -5.166499e-03 9.081366e-01 1.511216e+03 4.348520e-02 9.987227e-01 2.572810e-02 4.758029e+01 -9.071095e-01 5.026136e-02 -4.178827e-01 -8.907229e+02
-4.180522e-01 -3.871311e-03 9.084148e-01 1.513510e+03 4.362082e-02 9.987518e-01 2.433057e-02 4.759751e+01 -9.073751e-01 4.979723e-02 -4.173615e-01 -8.917874e+02
-4.168562e-01 -1.810196e-03 9.089707e-01 1.518096e+03 4.425264e-02 9.987718e-01 2.228339e-02 4.762399e+01 -9.078946e-01 4.951331e-02 -4.162640e-01 -8.939096e+02
-4.157740e-01 -4.596890e-03 9.094564e-01 1.522676e+03 4.362042e-02 9.987356e-01 2.498999e-02 4.764596e+01 -9.084213e-01 5.006105e-02 -4.150477e-01 -8.960191e+02
-4.146836e-01 -6.265259e-03 9.099442e-01 1.527242e+03 4.329189e-02 9.987081e-01 2.660558e-02 4.768706e+01 -9.089353e-01 5.042608e-02 -4.138766e-01 -8.981170e+02
-4.134721e-01 -3.057610e-03 9.105117e-01 1.531795e+03 4.374900e-02 9.987726e-01 2.322083e-02 4.772020e+01 -9.094651e-01 4.943512e-02 -4.128308e-01 -9.002017e+02
-4.120512e-01 -2.077011e-03 9.111583e-01 1.536337e+03 4.372837e-02 9.988000e-01 2.205198e-02 4.773818e+01 -9.101107e-01 4.893000e-02 -4.114659e-01 -9.022742e+02
-4.109377e-01 -8.137194e-03 9.116271e-01 1.540873e+03 4.298603e-02 9.986750e-01 2.829116e-02 4.776928e+01 -9.106494e-01 5.081312e-02 -4.100434e-01 -9.043349e+02
-4.083700e-01 -4.332459e-03 9.128062e-01 1.549884e+03 4.407901e-02 9.987285e-01 2.446027e-02 4.784794e+01 -9.117516e-01 5.022442e-02 -4.076598e-01 -9.084067e+02
-4.072216e-01 -6.471444e-03 9.133065e-01 1.554374e+03 4.317673e-02 9.987205e-01 2.632813e-02 4.787274e+01 -9.123082e-01 5.015496e-02 -4.064211e-01 -9.104252e+02
-4.079076e-01 -8.854263e-03 9.129803e-01 1.558842e+03 4.101198e-02 9.987659e-01 2.800984e-02 4.790468e+01 -9.121016e-01 4.886854e-02 -4.070410e-01 -9.124266e+02
-4.561798e-01 -1.380230e-02 8.897806e-01 1.647929e+03 4.017898e-02 9.985405e-01 3.608866e-02 4.909362e+01 -8.889801e-01 5.221338e-02 -4.549595e-01 -9.556718e+02
-4.526643e-01 -1.878678e-02 8.914831e-01 1.651926e+03 4.184379e-02 9.982290e-01 4.228313e-02 4.917785e+01 -8.906986e-01 5.644308e-02 -4.510765e-01 -9.577232e+02
-4.384893e-01 -1.020494e-02 8.986785e-01 1.663845e+03 4.665346e-02 9.983289e-01 3.409999e-02 4.939845e+01 -8.975247e-01 5.687893e-02 -4.372804e-01 -9.637141e+02
-4.339565e-01 -1.519535e-02 9.008057e-01 1.667828e+03 4.473483e-02 9.982610e-01 3.838995e-02 4.948118e+01 -8.998225e-01 5.695694e-02 -4.325220e-01 -9.656520e+02
-4.260693e-01 -1.862467e-02 9.044988e-01 1.683703e+03 3.898819e-02 9.984812e-01 3.892548e-02 4.982334e+01 -9.038500e-01 5.184971e-02 -4.246960e-01 -9.731964e+02
-4.259164e-01 -1.948363e-02 9.045527e-01 1.685682e+03 3.873070e-02 9.984590e-01 3.974301e-02 4.986559e+01 -9.039331e-01 5.196115e-02 -4.245054e-01 -9.741288e+02
-4.259242e-01 -1.796021e-02 9.045806e-01 1.693546e+03 3.924694e-02 9.984951e-01 3.830438e-02 5.003776e+01 -9.039072e-01 5.181677e-02 -4.245783e-01 -9.778338e+02
-4.252649e-01 -1.878445e-02 9.048740e-01 1.697460e+03 4.078557e-02 9.983712e-01 3.989342e-02 5.012017e+01 -9.041495e-01 5.387106e-02 -4.238060e-01 -9.796789e+02
-4.239562e-01 -1.983420e-02 9.054655e-01 1.701378e+03 4.150721e-02 9.982842e-01 4.130185e-02 5.021139e+01 -9.047310e-01 5.509350e-02 -4.224055e-01 -9.815203e+02
-4.205769e-01 -2.270020e-02 9.069729e-01 1.709144e+03 4.172128e-02 9.981454e-01 4.432889e-02 5.040598e+01 -9.062970e-01 5.648376e-02 -4.188498e-01 -9.851451e+02
-4.036867e-01 -2.484830e-02 9.145598e-01 1.741629e+03 4.916800e-02 9.975973e-01 4.880715e-02 5.126880e+01 -9.135751e-01 6.466986e-02 -4.014949e-01 -9.997741e+02
-4.046679e-01 -2.602824e-02 9.140933e-01 1.745308e+03 4.578735e-02 9.977643e-01 4.868072e-02 5.137573e+01 -9.133167e-01 6.155341e-02 -4.025714e-01 -1.001398e+03
-4.053477e-01 -2.604120e-02 9.137917e-01 1.747151e+03 4.287157e-02 9.979528e-01 4.745696e-02 5.144766e+01 -9.131567e-01 5.841223e-02 -4.034014e-01 -1.002199e+03
-4.066935e-01 -2.735939e-02 9.131549e-01 1.750784e+03 3.966111e-02 9.980803e-01 4.756781e-02 5.155995e+01 -9.127033e-01 5.556224e-02 -4.048277e-01 -1.003788e+03
-4.105918e-01 -3.381276e-02 9.111921e-01 1.757974e+03 3.578011e-02 9.979450e-01 5.315486e-02 5.176265e+01 -9.111169e-01 5.442749e-02 -4.085382e-01 -1.006957e+03
-4.131189e-01 -3.419022e-02 9.100351e-01 1.761513e+03 3.742083e-02 9.978136e-01 5.447561e-02 5.188342e+01 -9.099079e-01 5.655916e-02 -4.109362e-01 -1.008544e+03
-4.142105e-01 -3.438054e-02 9.095316e-01 1.763261e+03 4.024363e-02 9.976173e-01 5.603758e-02 5.195285e+01 -9.092910e-01 5.981420e-02 -4.118399e-01 -1.009335e+03
-4.152352e-01 -3.413369e-02 9.090735e-01 1.764998e+03 4.364126e-02 9.973979e-01 5.738398e-02 5.201045e+01 -9.086667e-01 6.350095e-02 -4.126650e-01 -1.010123e+03
-4.174463e-01 -2.971773e-02 9.082156e-01 1.768424e+03 5.059251e-02 9.971547e-01 5.588191e-02 5.212901e+01 -9.072921e-01 6.927658e-02 -4.147550e-01 -1.011690e+03
-4.197411e-01 -2.733766e-02 9.072321e-01 1.771786e+03 5.677297e-02 9.967982e-01 5.630321e-02 5.224293e+01 -9.058665e-01 7.513902e-02 -4.168452e-01 -1.013242e+03
-4.367904e-01 -1.663218e-02 8.994096e-01 1.784649e+03 7.802832e-02 9.953601e-01 5.630030e-02 5.269797e+01 -8.961728e-01 9.477083e-02 -4.334660e-01 -1.019347e+03
-4.413488e-01 -1.675766e-02 8.971792e-01 1.786178e+03 7.842689e-02 9.952792e-01 5.717048e-02 5.275441e+01 -8.939018e-01 9.559508e-02 -4.379510e-01 -1.020097e+03
-4.469695e-01 -1.721247e-02 8.943836e-01 1.787688e+03 7.905211e-02 9.951432e-01 5.865800e-02 5.281142e+01 -8.910493e-01 9.692123e-02 -4.434380e-01 -1.020850e+03
-4.685690e-01 -1.628453e-02 8.832768e-01 1.792093e+03 7.885797e-02 9.950678e-01 6.017888e-02 5.298756e+01 -8.799002e-01 9.785135e-02 -4.649737e-01 -1.023119e+03
-4.907492e-01 -1.491830e-02 8.711732e-01 1.794918e+03 7.588578e-02 9.953222e-01 5.979224e-02 5.310413e+01 -8.679900e-01 9.545263e-02 -4.873214e-01 -1.024665e+03
-5.038178e-01 -1.369983e-02 8.637014e-01 1.796305e+03 7.624756e-02 9.952661e-01 6.026370e-02 5.316251e+01 -8.604382e-01 9.621702e-02 -5.003881e-01 -1.025467e+03
-5.314990e-01 -1.042313e-02 8.469948e-01 1.798986e+03 8.013816e-02 9.948205e-01 6.252989e-02 5.328640e+01 -8.432595e-01 1.011112e-01 -5.279108e-01 -1.027105e+03
-5.456592e-01 -9.288754e-03 8.379558e-01 1.800303e+03 8.159625e-02 9.945982e-01 6.415889e-02 5.334948e+01 -8.340252e-01 1.033829e-01 -5.419537e-01 -1.027957e+03
-5.757601e-01 -6.659574e-03 8.175916e-01 1.802849e+03 8.351870e-02 9.942571e-01 6.691367e-02 5.348746e+01 -8.133418e-01 1.068104e-01 -5.718973e-01 -1.029705e+03
-6.074469e-01 -1.646386e-03 7.943586e-01 1.805302e+03 8.432396e-02 9.942140e-01 6.654322e-02 5.362778e+01 -7.898720e-01 1.074049e-01 -6.037933e-01 -1.031525e+03
-6.412298e-01 -1.351058e-03 7.673477e-01 1.807659e+03 8.512927e-02 9.937004e-01 7.288738e-02 5.378134e+01 -7.626121e-01 1.120613e-01 -6.370753e-01 -1.033436e+03
-6.756468e-01 -7.525258e-04 7.372251e-01 1.809965e+03 8.281779e-02 9.935921e-01 7.691446e-02 5.394892e+01 -7.325590e-01 1.130223e-01 -6.712550e-01 -1.035467e+03
-6.929748e-01 9.823978e-04 7.209612e-01 1.811032e+03 8.155942e-02 9.936865e-01 7.703940e-02 5.403157e+01 -7.163337e-01 1.121875e-01 -6.886798e-01 -1.036486e+03
-7.281675e-01 2.917429e-03 6.853931e-01 1.813127e+03 7.855473e-02 9.937566e-01 7.922721e-02 5.420740e+01 -6.808827e-01 1.115315e-01 -7.238504e-01 -1.038631e+03
-7.458652e-01 3.360279e-03 6.660885e-01 1.814163e+03 7.814376e-02 9.935234e-01 8.249081e-02 5.429748e+01 -6.614973e-01 1.135777e-01 -7.412970e-01 -1.039764e+03
-7.798990e-01 1.178343e-03 6.259043e-01 1.816083e+03 7.506237e-02 9.929571e-01 9.166100e-02 5.449432e+01 -6.213881e-01 1.184682e-01 -7.744947e-01 -1.042062e+03
-8.270558e-01 1.039820e-02 5.620236e-01 1.818744e+03 7.374898e-02 9.931937e-01 9.015116e-02 5.481008e+01 -5.572609e-01 1.160087e-01 -8.221935e-01 -1.045693e+03
-8.418277e-01 1.226999e-02 5.396069e-01 1.819586e+03 7.253956e-02 9.932436e-01 9.058206e-02 5.491601e+01 -5.348497e-01 1.153973e-01 -8.370300e-01 -1.046959e+03
-8.702791e-01 1.458409e-02 4.923431e-01 1.821100e+03 7.029227e-02 9.930081e-01 9.483584e-02 5.513095e+01 -4.875176e-01 1.171415e-01 -8.652193e-01 -1.049517e+03
-8.970268e-01 1.767502e-02 4.416227e-01 1.822465e+03 6.717988e-02 9.930426e-01 9.671172e-02 5.535588e+01 -4.368408e-01 1.164211e-01 -8.919732e-01 -1.052152e+03
-9.207228e-01 2.292919e-02 3.895431e-01 1.823739e+03 6.583959e-02 9.930883e-01 9.716328e-02 5.558596e+01 -3.846228e-01 1.151078e-01 -9.158686e-01 -1.054897e+03
-9.415005e-01 2.367953e-02 3.361788e-01 1.824795e+03 6.162608e-02 9.928058e-01 1.026590e-01 5.582355e+01 -3.313294e-01 1.173709e-01 -9.361863e-01 -1.057672e+03
-9.730366e-01 2.817946e-02 2.289229e-01 1.826418e+03 5.367582e-02 9.929244e-01 1.059241e-01 5.631631e+01 -2.243183e-01 1.153556e-01 -9.676643e-01 -1.063357e+03
-9.839595e-01 3.175737e-02 1.755425e-01 1.827054e+03 5.122584e-02 9.928833e-01 1.075111e-01 5.657325e+01 -1.708790e-01 1.147789e-01 -9.785837e-01 -1.066300e+03
-9.920058e-01 3.362745e-02 1.216299e-01 1.827464e+03 4.701078e-02 9.929410e-01 1.088949e-01 5.683518e+01 -1.171095e-01 1.137422e-01 -9.865840e-01 -1.069230e+03
-9.948791e-01 3.594145e-02 9.446602e-02 1.827640e+03 4.616213e-02 9.930416e-01 1.083391e-01 5.696880e+01 -8.991482e-02 1.121450e-01 -9.896154e-01 -1.070726e+03
-9.983341e-01 3.905308e-02 4.247216e-02 1.827812e+03 4.346119e-02 9.931598e-01 1.083728e-01 5.723215e+01 -3.794935e-02 1.100381e-01 -9.932026e-01 -1.073687e+03
-9.990151e-01 4.096103e-02 1.706417e-02 1.827812e+03 4.258312e-02 9.931154e-01 1.091254e-01 5.736580e+01 -1.247680e-02 1.097446e-01 -9.938815e-01 -1.075152e+03
-9.990711e-01 4.226804e-02 -8.393990e-03 1.827830e+03 4.108365e-02 9.930242e-01 1.105217e-01 5.749929e+01 1.300697e-02 1.100742e-01 -9.938382e-01 -1.076658e+03
-9.984797e-01 4.345033e-02 -3.391864e-02 1.827812e+03 3.944917e-02 9.930554e-01 1.108361e-01 5.763595e+01 3.849895e-02 1.093295e-01 -9.932597e-01 -1.078165e+03
-9.972192e-01 4.466020e-02 -5.966030e-02 1.827696e+03 3.787897e-02 9.931740e-01 1.103201e-01 5.776981e+01 6.417998e-02 1.077534e-01 -9.921038e-01 -1.079636e+03
-9.953056e-01 4.497774e-02 -8.569654e-02 1.827601e+03 3.552680e-02 9.934305e-01 1.087822e-01 5.790771e+01 9.002633e-02 1.052270e-01 -9.903648e-01 -1.081139e+03
-9.926189e-01 4.587320e-02 -1.122652e-01 1.827468e+03 3.394801e-02 9.937950e-01 1.059200e-01 5.804396e+01 1.164275e-01 1.013270e-01 -9.880169e-01 -1.082643e+03
-9.892292e-01 4.606197e-02 -1.389388e-01 1.827234e+03 3.163408e-02 9.940405e-01 1.043202e-01 5.817193e+01 1.429160e-01 9.880140e-02 -9.847909e-01 -1.084111e+03
-9.850962e-01 4.534016e-02 -1.659214e-01 1.827023e+03 2.813126e-02 9.941127e-01 1.046354e-01 5.830230e+01 1.696887e-01 9.840830e-02 -9.805720e-01 -1.085615e+03
-9.113421e-01 5.276248e-02 -4.082544e-01 1.823060e+03 1.008111e-02 9.943149e-01 1.060005e-01 5.949507e+01 4.115263e-01 9.248709e-02 -9.066930e-01 -1.098648e+03
-8.852991e-01 5.314659e-02 -4.619751e-01 1.821684e+03 5.499736e-03 9.945747e-01 1.038787e-01 5.972051e+01 4.649896e-01 8.942293e-02 -8.807884e-01 -1.101364e+03
-8.708889e-01 5.364515e-02 -4.885435e-01 1.820889e+03 3.413640e-03 9.946615e-01 1.031349e-01 5.984234e+01 4.914680e-01 8.815131e-02 -8.664228e-01 -1.102660e+03
-8.558281e-01 5.342831e-02 -5.144937e-01 1.820139e+03 4.222588e-04 9.947230e-01 1.025960e-01 5.994356e+01 5.172603e-01 8.758728e-02 -8.513344e-01 -1.103994e+03
-8.400483e-01 5.465624e-02 -5.397515e-01 1.819352e+03 -1.069544e-03 9.947433e-01 1.023942e-01 6.005208e+01 5.425106e-01 8.659333e-02 -8.355739e-01 -1.105305e+03
-8.235898e-01 5.577809e-02 -5.644366e-01 1.818450e+03 -2.914012e-03 9.947234e-01 1.025514e-01 6.015961e+01 5.671784e-01 8.610501e-02 -8.190815e-01 -1.106542e+03
-8.063777e-01 5.633202e-02 -5.887120e-01 1.817589e+03 -5.106352e-03 9.947529e-01 1.021792e-01 6.027091e+01 5.913789e-01 8.540114e-02 -8.018588e-01 -1.107799e+03
-7.882972e-01 5.707804e-02 -6.126416e-01 1.816694e+03 -6.315484e-03 9.948849e-01 1.008168e-01 6.038345e+01 6.152623e-01 8.334272e-02 -7.839044e-01 -1.109029e+03
-7.696143e-01 5.715578e-02 -6.359458e-01 1.815685e+03 -8.559710e-03 9.949725e-01 9.978227e-02 6.049128e+01 6.384517e-01 8.223736e-02 -7.652558e-01 -1.110182e+03
-7.501463e-01 5.675138e-02 -6.588322e-01 1.814723e+03 -1.039659e-02 9.951752e-01 9.756133e-02 6.060227e+01 6.611901e-01 8.003487e-02 -7.459369e-01 -1.111351e+03
-7.299676e-01 5.777645e-02 -6.810354e-01 1.813646e+03 -1.164159e-02 9.952251e-01 9.690916e-02 6.071216e+01 6.833826e-01 7.866887e-02 -7.258095e-01 -1.112443e+03
-7.092895e-01 5.905573e-02 -7.024393e-01 1.812614e+03 -1.363899e-02 9.951483e-01 9.743649e-02 6.082078e+01 7.047854e-01 7.869123e-02 -7.050427e-01 -1.113551e+03
-6.875763e-01 5.914201e-02 -7.236996e-01 1.811551e+03 -1.530082e-02 9.952760e-01 9.587282e-02 6.093013e+01 7.259509e-01 7.699307e-02 -6.834232e-01 -1.114626e+03
-6.425864e-01 5.792434e-02 -7.640206e-01 1.809249e+03 -1.828933e-02 9.956947e-01 9.087117e-02 6.114424e+01 7.659949e-01 7.236600e-02 -6.387604e-01 -1.116631e+03
-5.966860e-01 5.702868e-02 -8.004459e-01 1.806825e+03 -2.102465e-02 9.960182e-01 8.663514e-02 6.134899e+01 8.021993e-01 6.852307e-02 -5.931111e-01 -1.118505e+03
-5.734655e-01 5.771894e-02 -8.171939e-01 1.805603e+03 -2.251667e-02 9.960276e-01 8.615115e-02 6.144839e+01 8.189202e-01 6.780519e-02 -5.698878e-01 -1.119412e+03
-5.499392e-01 5.884076e-02 -8.331295e-01 1.804284e+03 -2.446239e-02 9.959525e-01 8.648769e-02 6.154684e+01 8.348464e-01 6.794330e-02 -5.462739e-01 -1.120246e+03
-5.262180e-01 5.855615e-02 -8.483312e-01 1.803008e+03 -2.576480e-02 9.960703e-01 8.473572e-02 6.164582e+01 8.499593e-01 6.644654e-02 -5.226414e-01 -1.121087e+03
-5.025283e-01 5.723932e-02 -8.626639e-01 1.801706e+03 -2.779528e-02 9.962205e-01 8.229267e-02 6.174346e+01 8.641138e-01 6.533237e-02 -4.990380e-01 -1.121892e+03
-4.790919e-01 5.805443e-02 -8.758428e-01 1.800315e+03 -2.831643e-02 9.962689e-01 8.152605e-02 6.183906e+01 8.773078e-01 6.385920e-02 -4.756605e-01 -1.122623e+03
-4.561076e-01 5.848882e-02 -8.880006e-01 1.798960e+03 -2.885693e-02 9.963411e-01 8.044667e-02 6.193421e+01 8.894566e-01 6.231730e-02 -4.527509e-01 -1.123358e+03
-4.334258e-01 5.885301e-02 -8.992655e-01 1.797579e+03 -2.861084e-02 9.964636e-01 7.900399e-02 6.202920e+01 9.007349e-01 5.997110e-02 -4.302092e-01 -1.124058e+03
-4.108375e-01 5.815070e-02 -9.098523e-01 1.796124e+03 -2.825904e-02 9.966721e-01 7.645974e-02 6.211734e+01 9.112705e-01 5.712407e-02 -4.078269e-01 -1.124692e+03
-3.663693e-01 5.936927e-02 -9.285736e-01 1.793253e+03 -3.061930e-02 9.966526e-01 7.580284e-02 6.229534e+01 9.299656e-01 5.620410e-02 -3.633250e-01 -1.125928e+03
-3.228764e-01 5.781123e-02 -9.446739e-01 1.790258e+03 -3.325646e-02 9.968233e-01 7.236922e-02 6.247435e+01 9.458566e-01 5.478282e-02 -3.199281e-01 -1.127004e+03
-2.832310e-01 5.801876e-02 -9.572952e-01 1.787194e+03 -3.440325e-02 9.969113e-01 7.059853e-02 6.264482e+01 9.584344e-01 5.292975e-02 -2.803601e-01 -1.127955e+03
-2.481821e-01 5.889709e-02 -9.669213e-01 1.784075e+03 -3.305438e-02 9.970539e-01 6.921669e-02 6.280871e+01 9.681493e-01 4.913932e-02 -2.455041e-01 -1.128793e+03
-2.181425e-01 5.666397e-02 -9.742705e-01 1.780922e+03 -3.044199e-02 9.974320e-01 6.482713e-02 6.297071e+01 9.754420e-01 4.380029e-02 -2.158574e-01 -1.129541e+03
-2.044746e-01 5.582103e-02 -9.772790e-01 1.779311e+03 -2.955575e-02 9.975654e-01 6.316369e-02 6.304728e+01 9.784255e-01 4.179958e-02 -2.023270e-01 -1.129873e+03
-1.915386e-01 5.612688e-02 -9.798790e-01 1.777702e+03 -2.861513e-02 9.976198e-01 6.273652e-02 6.312234e+01 9.810678e-01 4.005583e-02 -1.894766e-01 -1.130193e+03
-1.793648e-01 5.548689e-02 -9.822166e-01 1.776082e+03 -2.857597e-02 9.976930e-01 6.157951e-02 6.319501e+01 9.833675e-01 3.911298e-02 -1.773654e-01 -1.130494e+03
-1.567693e-01 5.456269e-02 -9.861269e-01 1.772797e+03 -3.022364e-02 9.977401e-01 6.001005e-02 6.333921e+01 9.871726e-01 3.921208e-02 -1.547659e-01 -1.131038e+03
-1.466219e-01 5.479787e-02 -9.876737e-01 1.771135e+03 -3.065907e-02 9.977330e-01 5.990738e-02 6.341172e+01 9.887173e-01 3.906489e-02 -1.446095e-01 -1.131284e+03
-1.382909e-01 5.631293e-02 -9.887894e-01 1.769479e+03 -3.054090e-02 9.976649e-01 6.108982e-02 6.348361e+01 9.899206e-01 3.864668e-02 -1.362481e-01 -1.131517e+03
-1.317118e-01 5.778641e-02 -9.896023e-01 1.767796e+03 -2.979443e-02 9.976176e-01 6.221998e-02 6.355799e+01 9.908402e-01 3.767974e-02 -1.296763e-01 -1.131740e+03
-1.263034e-01 5.752688e-02 -9.903223e-01 1.766113e+03 -2.875790e-02 9.976851e-01 6.162231e-02 6.363222e+01 9.915747e-01 3.626269e-02 -1.243566e-01 -1.131949e+03
-1.154768e-01 5.841438e-02 -9.915911e-01 1.762736e+03 -2.950149e-02 9.976272e-01 6.220561e-02 6.377872e+01 9.928719e-01 3.643672e-02 -1.134795e-01 -1.132348e+03
-1.105002e-01 5.846845e-02 -9.921548e-01 1.761046e+03 -3.057396e-02 9.975956e-01 6.219423e-02 6.385109e+01 9.934057e-01 3.720658e-02 -1.084469e-01 -1.132534e+03
-1.027942e-01 5.934961e-02 -9.929305e-01 1.757655e+03 -3.178182e-02 9.975128e-01 6.291376e-02 6.399476e+01 9.941947e-01 3.802431e-02 -1.006523e-01 -1.132885e+03
-9.328989e-02 5.823081e-02 -9.939347e-01 1.750863e+03 -3.129907e-02 9.976233e-01 6.138462e-02 6.427888e+01 9.951469e-01 3.683579e-02 -9.124560e-02 -1.133519e+03
-9.178813e-02 5.811216e-02 -9.940815e-01 1.749163e+03 -3.140816e-02 9.976300e-01 6.121967e-02 6.434811e+01 9.952831e-01 3.684151e-02 -8.974539e-02 -1.133669e+03
-8.925571e-02 5.780325e-02 -9.943301e-01 1.745755e+03 -3.147815e-02 9.976521e-01 6.082201e-02 6.448641e+01 9.955112e-01 3.672838e-02 -8.722660e-02 -1.133964e+03
-8.710990e-02 5.967851e-02 -9.944096e-01 1.742342e+03 -3.137518e-02 9.975444e-01 6.261511e-02 6.462863e+01 9.957045e-01 3.665417e-02 -8.502357e-02 -1.134251e+03
-8.458501e-02 6.089766e-02 -9.945536e-01 1.738929e+03 -3.190061e-02 9.974534e-01 6.378832e-02 6.477564e+01 9.959054e-01 3.712240e-02 -8.242693e-02 -1.134530e+03
-8.217235e-02 5.928233e-02 -9.948534e-01 1.735516e+03 -3.261582e-02 9.975346e-01 6.213610e-02 6.492197e+01 9.960842e-01 3.755382e-02 -8.003621e-02 -1.134802e+03
-7.971126e-02 6.155007e-02 -9.949160e-01 1.732115e+03 -3.319252e-02 9.973745e-01 6.436151e-02 6.506585e+01 9.962652e-01 3.815411e-02 -7.745897e-02 -1.135064e+03
-7.715745e-02 5.908689e-02 -9.952666e-01 1.728748e+03 -3.461864e-02 9.974816e-01 6.190220e-02 6.520511e+01 9.964177e-01 3.923098e-02 -7.491763e-02 -1.135319e+03
-7.402504e-02 5.574841e-02 -9.956970e-01 1.725404e+03 -3.509961e-02 9.976720e-01 5.846848e-02 6.533481e+01 9.966385e-01 3.927671e-02 -7.189596e-02 -1.135561e+03
-6.138499e-02 5.608486e-02 -9.965372e-01 1.718787e+03 -3.590170e-02 9.976499e-01 5.835898e-02 6.556950e+01 9.974682e-01 3.935974e-02 -5.922718e-02 -1.135995e+03
-4.692679e-02 5.537937e-02 -9.973621e-01 1.715535e+03 -3.849256e-02 9.976201e-01 5.720482e-02 6.567949e+01 9.981564e-01 4.107546e-02 -4.468341e-02 -1.136161e+03
-2.729193e-02 5.429700e-02 -9.981518e-01 1.712341e+03 -3.950661e-02 9.976850e-01 5.535182e-02 6.578231e+01 9.988465e-01 4.094425e-02 -2.508365e-02 -1.136271e+03
-2.069798e-03 5.561306e-02 -9.984503e-01 1.709184e+03 -4.260759e-02 9.975407e-01 5.565073e-02 6.588013e+01 9.990897e-01 4.265674e-02 3.048289e-04 -1.136308e+03
3.001700e-02 5.486326e-02 -9.980426e-01 1.706078e+03 -4.509388e-02 9.975502e-01 5.347997e-02 6.597128e+01 9.985316e-01 4.340030e-02 3.241746e-02 -1.136253e+03
6.768449e-02 5.080095e-02 -9.964126e-01 1.703031e+03 -4.617136e-02 9.977923e-01 4.773497e-02 6.604779e+01 9.966378e-01 4.277480e-02 6.988061e-02 -1.136085e+03
1.099876e-01 4.797113e-02 -9.927747e-01 1.700082e+03 -4.605926e-02 9.980075e-01 4.312118e-02 6.611041e+01 9.928651e-01 4.098367e-02 1.119779e-01 -1.135821e+03
1.573736e-01 4.774558e-02 -9.863843e-01 1.697155e+03 -4.566256e-02 9.981140e-01 4.102809e-02 6.616215e+01 9.864828e-01 3.858409e-02 1.592570e-01 -1.135401e+03
2.111468e-01 4.451899e-02 -9.764400e-01 1.694241e+03 -4.619151e-02 9.983006e-01 3.552717e-02 6.621043e+01 9.763623e-01 3.760179e-02 2.128444e-01 -1.134791e+03
2.673739e-01 3.866590e-02 -9.628168e-01 1.691371e+03 -4.137859e-02 9.987336e-01 2.861747e-02 6.620730e+01 9.627040e-01 3.218844e-02 2.686352e-01 -1.134067e+03
3.243968e-01 3.504788e-02 -9.452716e-01 1.688621e+03 -3.736641e-02 9.990081e-01 2.421694e-02 6.617116e+01 9.451827e-01 2.746551e-02 3.253846e-01 -1.133232e+03
3.842016e-01 3.472738e-02 -9.225959e-01 1.685870e+03 -3.524090e-02 9.991157e-01 2.293210e-02 6.609641e+01 9.225764e-01 2.370256e-02 3.850856e-01 -1.132171e+03
4.472590e-01 3.320388e-02 -8.937880e-01 1.683200e+03 -3.539640e-02 9.991849e-01 1.940669e-02 6.601776e+01 8.937038e-01 2.295707e-02 4.480696e-01 -1.130935e+03
5.098544e-01 2.653525e-02 -8.598514e-01 1.680643e+03 -3.373571e-02 9.993720e-01 1.083710e-02 6.594241e+01 8.595989e-01 2.348236e-02 5.104294e-01 -1.129520e+03
5.982109e-01 2.181991e-02 -8.010416e-01 1.677079e+03 -2.962312e-02 9.995481e-01 5.104824e-03 6.582757e+01 8.007909e-01 2.067559e-02 5.985869e-01 -1.127102e+03
6.542394e-01 2.201501e-02 -7.559670e-01 1.674826e+03 -2.938470e-02 9.995614e-01 3.678379e-03 6.574585e+01 7.557164e-01 1.980732e-02 6.545993e-01 -1.125267e+03
7.073149e-01 1.675192e-02 -7.067001e-01 1.672831e+03 -2.738214e-02 9.996181e-01 -3.710585e-03 6.566320e+01 7.063681e-01 2.197552e-02 7.075034e-01 -1.123355e+03
7.321014e-01 1.297323e-02 -6.810722e-01 1.671787e+03 -2.461156e-02 9.996696e-01 -7.413617e-03 6.561313e+01 6.807509e-01 2.218977e-02 7.321787e-01 -1.122274e+03
7.788319e-01 6.818475e-03 -6.271957e-01 1.670025e+03 -1.941976e-02 9.997236e-01 -1.324647e-02 6.550954e+01 6.269321e-01 2.249676e-02 7.787490e-01 -1.120149e+03
8.212534e-01 1.000793e-03 -5.705628e-01 1.668319e+03 -1.395926e-02 9.997344e-01 -1.833902e-02 6.538886e+01 5.703928e-01 2.302562e-02 8.210492e-01 -1.117831e+03
8.581794e-01 -6.730521e-03 -5.133058e-01 1.666783e+03 -8.490415e-03 9.995912e-01 -2.730160e-02 6.525392e+01 5.132797e-01 2.778785e-02 8.577714e-01 -1.115408e+03
8.886360e-01 -1.070589e-02 -4.584884e-01 1.665409e+03 -2.431333e-03 9.996034e-01 -2.805352e-02 6.510462e+01 4.586069e-01 2.604410e-02 8.882575e-01 -1.112881e+03
9.020746e-01 -1.341731e-02 -4.313716e-01 1.664817e+03 1.078755e-03 9.995836e-01 -2.883501e-02 6.503254e+01 4.315788e-01 2.554598e-02 9.017134e-01 -1.111609e+03
9.264230e-01 -1.982426e-02 -3.759622e-01 1.663679e+03 7.605818e-03 9.993944e-01 -3.395568e-02 6.487654e+01 3.764076e-01 2.859782e-02 9.260126e-01 -1.108960e+03
9.373292e-01 -2.458246e-02 -3.475769e-01 1.663209e+03 1.182822e-02 9.991782e-01 -3.876932e-02 6.479507e+01 3.482442e-01 3.222840e-02 9.368496e-01 -1.107637e+03
9.477057e-01 -2.414421e-02 -3.182312e-01 1.662781e+03 1.232836e-02 9.991595e-01 -3.909189e-02 6.471287e+01 3.189076e-01 3.312433e-02 9.472067e-01 -1.106297e+03
9.576077e-01 -2.204863e-02 -2.872305e-01 1.662301e+03 1.240239e-02 9.992977e-01 -3.536016e-02 6.462431e+01 2.878084e-01 3.029882e-02 9.572085e-01 -1.104878e+03
9.669170e-01 -1.794194e-02 -2.544595e-01 1.661958e+03 1.002308e-02 9.994253e-01 -3.238295e-02 6.453800e+01 2.548943e-01 2.876116e-02 9.665410e-01 -1.103507e+03
9.751786e-01 -1.920244e-02 -2.205858e-01 1.661562e+03 1.067229e-02 9.991507e-01 -3.979745e-02 6.446915e+01 2.211627e-01 3.645546e-02 9.745553e-01 -1.102062e+03
9.822344e-01 -2.039840e-02 -1.865463e-01 1.661319e+03 1.067481e-02 9.985384e-01 -5.298109e-02 6.436320e+01 1.873544e-01 5.004849e-02 9.810165e-01 -1.100685e+03
9.879549e-01 -1.942424e-02 -1.535184e-01 1.661115e+03 1.077373e-02 9.983171e-01 -5.698075e-02 6.426554e+01 1.543668e-01 5.464044e-02 9.865015e-01 -1.099284e+03
9.924238e-01 -2.044096e-02 -1.211499e-01 1.660875e+03 1.419420e-02 9.985356e-01 -5.220278e-02 6.414444e+01 1.220396e-01 5.008765e-02 9.912605e-01 -1.097802e+03
9.958314e-01 -2.293293e-02 -8.828326e-02 1.660772e+03 1.895974e-02 9.987806e-01 -4.558349e-02 6.405174e+01 8.922096e-02 4.371964e-02 9.950518e-01 -1.096370e+03
9.981608e-01 -2.628905e-02 -5.462549e-02 1.660724e+03 2.390616e-02 9.987530e-01 -4.382723e-02 6.395351e+01 5.570955e-02 4.244073e-02 9.975445e-01 -1.094939e+03
9.994056e-01 -2.762807e-02 -2.062100e-02 1.660624e+03 2.664551e-02 9.985632e-01 -4.649173e-02 6.386049e+01 2.187585e-02 4.591463e-02 9.987058e-01 -1.093444e+03
9.995243e-01 -2.786679e-02 1.321703e-02 1.660666e+03 2.851243e-02 9.982671e-01 -5.147652e-02 6.375655e+01 -1.175964e-02 5.182888e-02 9.985867e-01 -1.092014e+03
9.985330e-01 -2.736828e-02 4.672160e-02 1.660665e+03 2.995913e-02 9.979988e-01 -5.568447e-02 6.365347e+01 -4.510411e-02 5.700251e-02 9.973546e-01 -1.090516e+03
9.964045e-01 -2.700445e-02 8.030464e-02 1.660808e+03 3.175546e-02 9.977830e-01 -5.848604e-02 6.353899e+01 -7.854722e-02 6.082585e-02 9.950530e-01 -1.089081e+03
9.931890e-01 -2.432640e-02 1.139466e-01 1.660998e+03 3.122845e-02 9.977585e-01 -5.918452e-02 6.342386e+01 -1.122514e-01 6.233978e-02 9.917224e-01 -1.087649e+03
9.887981e-01 -2.277580e-02 1.475114e-01 1.661140e+03 3.165788e-02 9.978059e-01 -5.814749e-02 6.330548e+01 -1.458634e-01 6.216602e-02 9.873496e-01 -1.086159e+03
9.833614e-01 -1.891371e-02 1.806729e-01 1.661423e+03 2.968287e-02 9.979277e-01 -5.708923e-02 6.318844e+01 -1.792187e-01 6.150222e-02 9.818849e-01 -1.084736e+03
9.768935e-01 -1.719355e-02 2.130342e-01 1.661752e+03 3.031733e-02 9.978274e-01 -5.849108e-02 6.307257e+01 -2.115657e-01 6.359817e-02 9.752923e-01 -1.083312e+03
9.697164e-01 -1.547483e-02 2.437432e-01 1.662049e+03 3.071336e-02 9.977947e-01 -5.884284e-02 6.295694e+01 -2.422950e-01 6.454702e-02 9.680530e-01 -1.081841e+03
9.619374e-01 -1.444162e-02 2.728883e-01 1.662469e+03 3.155093e-02 9.977938e-01 -5.841316e-02 6.284239e+01 -2.714426e-01 6.479967e-02 9.602707e-01 -1.080424e+03
9.536688e-01 -1.499145e-02 3.004847e-01 1.662869e+03 3.370866e-02 9.977933e-01 -5.720267e-02 6.272406e+01 -2.989641e-01 6.468133e-02 9.520697e-01 -1.078968e+03
9.451801e-01 -1.565151e-02 3.261743e-01 1.663374e+03 3.543498e-02 9.978684e-01 -5.479982e-02 6.261487e+01 -3.246213e-01 6.335366e-02 9.437199e-01 -1.077556e+03
9.365940e-01 -1.562359e-02 3.500680e-01 1.663914e+03 3.653840e-02 9.979141e-01 -5.322009e-02 6.250419e+01 -3.485063e-01 6.263653e-02 9.352112e-01 -1.076148e+03
9.278710e-01 -1.634448e-02 3.725430e-01 1.664445e+03 3.892327e-02 9.978268e-01 -5.316650e-02 6.239675e+01 -3.708644e-01 6.383223e-02 9.264907e-01 -1.074719e+03
9.116997e-01 -1.795842e-02 4.104647e-01 1.665691e+03 4.468971e-02 9.974512e-01 -5.562220e-02 6.217659e+01 -4.084196e-01 6.905427e-02 9.101785e-01 -1.071933e+03
9.043365e-01 -1.922964e-02 4.263869e-01 1.666334e+03 4.764100e-02 9.972898e-01 -5.606639e-02 6.206217e+01 -4.241532e-01 7.101636e-02 9.028016e-01 -1.070534e+03
8.972198e-01 -2.194620e-02 4.410385e-01 1.667040e+03 5.044131e-02 9.973204e-01 -5.298754e-02 6.195260e+01 -4.386938e-01 6.978802e-02 8.959226e-01 -1.069131e+03
8.829660e-01 -2.295421e-02 4.688755e-01 1.668471e+03 5.225693e-02 9.974022e-01 -4.957929e-02 6.173872e+01 -4.665193e-01 6.827881e-02 8.818716e-01 -1.066365e+03
8.705961e-01 -2.327041e-02 4.914478e-01 1.670011e+03 5.602876e-02 9.970719e-01 -5.204244e-02 6.152604e+01 -4.887977e-01 7.284314e-02 8.693506e-01 -1.063611e+03
8.633705e-01 -2.536821e-02 5.039324e-01 1.671640e+03 5.765903e-02 9.971532e-01 -4.858807e-02 6.131031e+01 -5.012652e-01 7.100574e-02 8.623754e-01 -1.060840e+03
8.593376e-01 -2.317274e-02 5.108835e-01 1.673289e+03 5.557859e-02 9.972877e-01 -4.825147e-02 6.109890e+01 -5.083797e-01 6.985848e-02 8.582947e-01 -1.058082e+03
8.570403e-01 -2.520571e-02 5.146325e-01 1.674989e+03 5.544691e-02 9.975144e-01 -4.348185e-02 6.089092e+01 -5.122573e-01 6.580046e-02 8.563076e-01 -1.055278e+03
8.550524e-01 -2.540964e-02 5.179188e-01 1.676716e+03 5.541743e-02 9.975562e-01 -4.254964e-02 6.069111e+01 -5.155719e-01 6.508389e-02 8.543709e-01 -1.052451e+03
8.539939e-01 -2.525201e-02 5.196700e-01 1.677591e+03 5.568039e-02 9.975210e-01 -4.302981e-02 6.059208e+01 -5.172951e-01 6.568260e-02 8.532828e-01 -1.051033e+03
8.521727e-01 -2.191437e-02 5.228017e-01 1.679381e+03 5.383890e-02 9.974920e-01 -4.594596e-02 6.038454e+01 -5.204836e-01 6.730095e-02 8.512152e-01 -1.048145e+03
8.499437e-01 -2.495543e-02 5.262823e-01 1.681167e+03 5.556347e-02 9.975531e-01 -4.243247e-02 6.017613e+01 -5.239356e-01 6.530726e-02 8.492505e-01 -1.045291e+03
