8.918107 0.0000000 0.0000000 0.0000000 0.0000000 0.0000000 0.0000000 1.0000000
9.021867 0.0000600 -0.0005077 0.0604122 -0.0003684 0.0024734 -0.0011948 0.9999962
9.125548 -0.0001116 -0.0010451 0.1212074 0.0000852 0.0049932 -0.0019480 0.9999856
9.229148 0.0005593 -0.0015934 0.1820187 0.0008884 0.0073870 -0.0014007 0.9999713
9.332783 0.0015760 -0.0021932 0.2432604 0.0017411 0.0095924 -0.0017387 0.9999509
9.436507 0.0023983 -0.0028842 0.3049220 0.0019714 0.0122150 -0.0022743 0.9999208
9.540126 0.0035653 -0.0033647 0.3673786 0.0021100 0.0148219 -0.0032697 0.9998826
9.643856 0.0054841 -0.0042407 0.4295281 0.0017724 0.0174547 -0.0043352 0.9998367
9.747566 0.0071818 -0.0048011 0.4922054 0.0016600 0.0204933 -0.0047442 0.9997774
9.851216 0.0097713 -0.0057492 0.5549859 0.0013533 0.0232520 -0.0046683 0.9997178
9.954854 0.0124306 -0.0064014 0.6182503 0.0021346 0.0262836 -0.0042176 0.9996433
10.058450 0.0155731 -0.0070849 0.6815808 0.0027511 0.0292260 -0.0043828 0.9995594
10.162270 0.0192072 -0.0080344 0.7455453 0.0026146 0.0322825 -0.0038723 0.9994678
10.265950 0.0228992 -0.0091207 0.8098129 0.0025686 0.0353723 -0.0040660 0.9993626
10.369540 0.0267839 -0.0100427 0.8737523 0.0029399 0.0383874 -0.0044093 0.9992489
10.473330 0.0313715 -0.0108655 0.9382912 0.0034179 0.0412730 -0.0049823 0.9991297
10.577010 0.0367320 -0.0117864 1.0028362 0.0029799 0.0433864 -0.0043246 0.9990445
10.680800 0.0420002 -0.0126899 1.0678374 0.0026717 0.0457751 -0.0032338 0.9989430
10.784490 0.0480114 -0.0137153 1.1324182 0.0029936 0.0475327 -0.0025179 0.9988620
10.888380 0.0540768 -0.0146329 1.1973249 0.0032912 0.0492736 -0.0021108 0.9987777
10.992100 0.0604324 -0.0157374 1.2628882 0.0031276 0.0512143 -0.0026328 0.9986793
11.096280 0.0669066 -0.0164762 1.3287482 0.0037888 0.0533624 -0.0034669 0.9985620
11.199650 0.0735695 -0.0174253 1.3950423 0.0043099 0.0556961 -0.0038048 0.9984312
11.303360 0.0804173 -0.0182926 1.4624757 0.0043577 0.0579016 -0.0042585 0.9983037
11.407080 0.0883812 -0.0195778 1.5240196 0.0046794 0.0603103 -0.0045185 0.9981585
11.510570 0.0972551 -0.0188144 1.5861152 0.0054952 0.0622090 -0.0042038 0.9980392
11.614180 0.1065951 -0.0230575 1.6471137 0.0045373 0.0643991 -0.0055179 0.9978986
11.718020 0.1185533 -0.0242656 1.7095158 0.0042507 0.0657770 -0.0054711 0.9978103
11.821430 0.1272722 -0.0256968 1.7750747 0.0041016 0.0679429 -0.0052787 0.9976668
11.925060 0.1358738 -0.0267122 1.8413001 0.0045470 0.0700197 -0.0045892 0.9975247
12.028650 0.1456128 -0.0279014 1.9071077 0.0051231 0.0719049 -0.0043573 0.9973888
12.132140 0.1551336 -0.0289099 1.9729649 0.0060157 0.0736971 -0.0045990 0.9972519
12.235950 0.1648609 -0.0306140 2.0396740 0.0062665 0.0755976 -0.0038379 0.9971113
12.339620 0.1748386 -0.0318714 2.1059482 0.0068078 0.0772585 -0.0043040 0.9969786
12.443230 0.1849948 -0.0333966 2.1735544 0.0068425 0.0792880 -0.0040565 0.9968200
12.650590 0.2070462 -0.0362133 2.3070107 0.0070839 0.0831378 -0.0031389 0.9965079
12.754210 0.2183074 -0.0379039 2.3744113 0.0068354 0.0848023 -0.0019114 0.9963725
12.857820 0.2295792 -0.0393691 2.4408343 0.0066035 0.0863988 -0.0013875 0.9962378
12.961450 0.2414566 -0.0407752 2.5079758 0.0063432 0.0878426 -0.0016611 0.9961128
13.065050 0.2531204 -0.0422369 2.5748701 0.0067624 0.0891985 -0.0022454 0.9959884
13.168790 0.2654751 -0.0437546 2.6421740 0.0079092 0.0905647 -0.0025481 0.9958559
13.272410 0.2777473 -0.0453511 2.7104414 0.0089526 0.0923254 -0.0027600 0.9956848
13.376170 0.2904283 -0.0472821 2.7786577 0.0095690 0.0939678 -0.0034864 0.9955232
13.479770 0.3031775 -0.0491795 2.8468521 0.0100917 0.0957648 -0.0042759 0.9953436
13.583380 0.3161815 -0.0512064 2.9152441 0.0101913 0.0978821 -0.0043014 0.9951366
13.687000 0.3300946 -0.0532521 2.9844215 0.0098065 0.0996044 -0.0042752 0.9949696
13.790730 0.3438123 -0.0551624 3.0524752 0.0093773 0.1014819 -0.0042064 0.9947843
13.894440 0.3574381 -0.0573721 3.1205554 0.0092403 0.1036358 -0.0041961 0.9945635
13.998450 0.3716578 -0.0594377 3.1891391 0.0093580 0.1055495 -0.0047961 0.9943585
14.101800 0.3862415 -0.0615379 3.2583168 0.0097222 0.1074826 -0.0050806 0.9941465
14.205920 0.4005992 -0.0638792 3.3265266 0.0100207 0.1094488 -0.0050547 0.9939291
14.309200 0.4158443 -0.0660263 3.3952990 0.0103537 0.1109390 -0.0044598 0.9937633
14.412870 0.4314259 -0.0681883 3.4640877 0.0101222 0.1122107 -0.0038184 0.9936255
14.516540 0.4468102 -0.0701630 3.5320368 0.0096934 0.1137053 -0.0029610 0.9934628
14.620330 0.4625438 -0.0722270 3.6001689 0.0098992 0.1150910 -0.0025283 0.9933024
14.931630 0.5117940 -0.0783672 3.8070872 0.0113578 0.1190881 -0.0029457 0.9928144
15.138550 0.5451224 -0.0829229 3.9429386 0.0123466 0.1219089 -0.0041296 0.9924559
15.242180 0.5618770 -0.0851035 4.0105124 0.0127499 0.1234556 -0.0036518 0.9922615
15.449500 0.5967261 -0.0898556 4.1479740 0.0117116 0.1264659 -0.0025404 0.9918985
15.553070 0.6144100 -0.0924741 4.2153239 0.0115453 0.1279053 -0.0029038 0.9917150
15.656680 0.6321672 -0.0946222 4.2840238 0.0119531 0.1295375 -0.0033355 0.9914969
15.864040 0.6683995 -0.0994327 4.4199696 0.0115997 0.1332339 -0.0046157 0.9910060
15.967780 0.6868632 -0.1017903 4.4879637 0.0118032 0.1350910 -0.0050604 0.9907500
16.175170 0.7247707 -0.1065538 4.6242981 0.0116019 0.1392401 -0.0054915 0.9901754
16.382370 0.7638307 -0.1115265 4.7596545 0.0121149 0.1433960 -0.0058919 0.9895737
16.589730 0.8033417 -0.1166724 4.8955364 0.0122109 0.1476898 -0.0057270 0.9889418
16.693380 0.8245764 -0.1193399 4.9630165 0.0125862 0.1493104 -0.0066071 0.9886882
16.900690 0.8668471 -0.1240097 5.0998025 0.0130382 0.1532803 -0.0062879 0.9880767
17.107930 0.9086020 -0.1294633 5.2344327 0.0142563 0.1573365 -0.0046456 0.9874312
17.212260 0.9292614 -0.1321592 5.3014140 0.0144763 0.1592289 -0.0038625 0.9871280
17.315330 0.9517817 -0.1348570 5.3691363 0.0154033 0.1606960 -0.0031274 0.9868788
17.418950 0.9741327 -0.1376109 5.4367857 0.0165367 0.1621173 -0.0023617 0.9866301
17.522740 0.9965484 -0.1404912 5.5039096 0.0165587 0.1637557 -0.0019541 0.9863600
17.730020 1.0436126 -0.1459818 5.6417241 0.0173164 0.1672516 -0.0024725 0.9857591
17.833610 1.0668052 -0.1489401 5.7105865 0.0179476 0.1693564 -0.0021229 0.9853892
17.937820 1.0906863 -0.1520118 5.7795610 0.0181712 0.1712284 -0.0025227 0.9850606
18.041020 1.1167338 -0.1556111 5.8450856 0.0180973 0.1723841 -0.0034514 0.9848575
18.144610 1.1415099 -0.1579427 5.9133205 0.0183565 0.1738383 -0.0030350 0.9845984
18.248220 1.1679696 -0.1620089 5.9815345 0.0177547 0.1748365 -0.0021473 0.9844350
18.351820 1.1922263 -0.1642315 6.0498538 0.0177919 0.1760612 -0.0015797 0.9842172
18.455670 1.2184205 -0.1670929 6.1199999 0.0175994 0.1773295 -0.0022844 0.9839915
18.559140 1.2441440 -0.1702041 6.1904240 0.0172658 0.1788770 -0.0023212 0.9837172
18.663050 1.2696644 -0.1733851 6.2587962 0.0170665 0.1801684 -0.0010870 0.9834871
18.766280 1.2955898 -0.1759827 6.3279872 0.0169814 0.1816269 -0.0011851 0.9832202
18.869920 1.3210998 -0.1787567 6.3971620 0.0174586 0.1831959 -0.0019607 0.9829195
18.973530 1.3471742 -0.1818514 6.4661050 0.0188779 0.1847375 -0.0027044 0.9826028
19.077140 1.3735375 -0.1850132 6.5347571 0.0186023 0.1867888 -0.0044042 0.9822141
19.180870 1.4029014 -0.1869779 6.6068382 0.0184733 0.1892410 -0.0064505 0.9817357
19.284530 1.4307317 -0.1904360 6.6766376 0.0173987 0.1921508 -0.0076963 0.9811810
19.388220 1.4676143 -0.1931397 6.7463250 0.0168496 0.1928370 -0.0094624 0.9810405
19.491840 1.5025209 -0.1950899 6.8132133 0.0171396 0.1940257 -0.0104078 0.9807915
19.595460 1.5391164 -0.1977070 6.8814549 0.0176719 0.1941404 -0.0088255 0.9807749
19.699070 1.5707467 -0.2023120 6.9531384 0.0178007 0.1962474 -0.0093071 0.9803486
19.802840 1.6057137 -0.2086531 7.0260353 0.0168088 0.1974998 -0.0098405 0.9801094
19.906420 1.6399109 -0.2123686 7.0967655 0.0158135 0.1988428 -0.0106144 0.9798463
20.010030 1.6727271 -0.2147473 7.1709304 0.0157568 0.2008649 -0.0121700 0.9794166
20.113650 1.7078842 -0.2190002 7.2451887 0.0158244 0.2021630 -0.0123577 0.9791461
20.217270 1.7424728 -0.2237260 7.3191786 0.0154533 0.2039086 -0.0125619 0.9787874
20.320880 1.7782604 -0.2280598 7.3951221 0.0152189 0.2055805 -0.0119952 0.9784483
20.424500 1.8121477 -0.2322118 7.4685225 0.0149100 0.2072434 -0.0109465 0.9781145
20.528120 1.8494164 -0.2365721 7.5442214 0.0147934 0.2080202 -0.0111288 0.9779493
20.631730 1.8861583 -0.2408804 7.6200743 0.0142044 0.2085767 -0.0103805 0.9778478
20.735350 1.9225947 -0.2440216 7.6966958 0.0141326 0.2091841 -0.0101114 0.9777219
20.838960 1.9586279 -0.2476365 7.7732224 0.0143630 0.2096597 -0.0111037 0.9776059
20.942580 1.9930421 -0.2508502 7.8505898 0.0149474 0.2109013 -0.0133829 0.9773014
21.046320 2.0277851 -0.2545401 7.9269986 0.0154639 0.2121215 -0.0149325 0.9770069
21.149940 2.0620351 -0.2580335 8.0027752 0.0147774 0.2131734 -0.0161462 0.9767692
21.253550 2.0968609 -0.2614498 8.0771112 0.0146685 0.2139103 -0.0150756 0.9766268
21.357170 2.1299536 -0.2650087 8.1497669 0.0149670 0.2152245 -0.0156231 0.9763249
21.460820 2.1629636 -0.2680852 8.2219334 0.0153540 0.2165956 -0.0176703 0.9759807
21.564620 2.1958625 -0.2712305 8.2933378 0.0141679 0.2179913 -0.0182653 0.9756770
21.668140 2.2274280 -0.2746893 8.3599834 0.0133612 0.2193542 -0.0184721 0.9753789
21.771790 2.2599568 -0.2779773 8.4284248 0.0131850 0.2204568 -0.0192859 0.9751169
21.875360 2.2921536 -0.2814937 8.4967394 0.0133919 0.2218483 -0.0190650 0.9748028
21.979040 2.3235028 -0.2846252 8.5625420 0.0132389 0.2230114 -0.0188776 0.9745431
22.082650 2.3545961 -0.2863849 8.6291561 0.0137874 0.2244265 -0.0184039 0.9742197
22.186210 2.3850486 -0.2897659 8.6941385 0.0137665 0.2256695 -0.0200492 0.9739003
22.290250 2.4117873 -0.2915842 8.7591581 0.0152245 0.2284827 -0.0244676 0.9731213
22.393570 2.4385448 -0.2978197 8.8301239 0.0181405 0.2316386 -0.0298169 0.9721756
22.497250 2.4687154 -0.3042910 8.8924532 0.0213999 0.2329538 -0.0257109 0.9719123
22.600850 2.5005369 -0.3017837 8.9338388 0.0222623 0.2324243 -0.0203503 0.9721467
22.704440 2.5352972 -0.3044830 8.9740820 0.0163848 0.2314139 -0.0203629 0.9725043
22.808100 2.5702655 -0.3108674 9.0245314 0.0103415 0.2319606 -0.0229374 0.9723997
22.911770 2.6033473 -0.3139915 9.0784531 0.0084436 0.2329492 -0.0244566 0.9721447
23.015390 2.6355736 -0.3198118 9.1202822 0.0074187 0.2328278 -0.0255923 0.9721529
23.119010 2.6732817 -0.3259485 9.1610785 0.0085946 0.2320338 -0.0232302 0.9723923
23.222650 2.7111804 -0.3280575 9.2106028 0.0114771 0.2313908 -0.0211834 0.9725625
23.326370 2.7468159 -0.3296162 9.2605429 0.0131342 0.2314657 -0.0212741 0.9725218
23.430070 2.7781308 -0.3331484 9.3077326 0.0130525 0.2317645 -0.0208151 0.9724616
23.533710 2.7982213 -0.3335532 9.3480387 0.0126801 0.2338670 -0.0222482 0.9719313
23.637320 2.8078117 -0.3353884 9.3852310 0.0117792 0.2372421 -0.0225424 0.9711175
23.741080 2.8178620 -0.3335531 9.4078150 0.0124457 0.2394180 -0.0235728 0.9705506
23.948430 2.8390424 -0.3280014 9.4503727 0.0144772 0.2430262 -0.0250312 0.9695886
24.363000 2.8540306 -0.3304980 9.5100546 0.0107948 0.2553966 -0.0254330 0.9664415
24.673870 2.8598604 -0.3280334 9.5418186 0.0127251 0.2674930 -0.0318965 0.9629477
24.881210 2.8621953 -0.3263274 9.5582075 0.0140105 0.2757376 -0.0359569 0.9604580
25.088320 2.8589394 -0.3218134 9.5738783 0.0162642 0.2857903 -0.0383529 0.9573863
25.191950 2.8615286 -0.3207696 9.5824432 0.0159610 0.2886256 -0.0385989 0.9565305
25.399160 2.8617742 -0.3253606 9.5981483 0.0098032 0.2952299 -0.0294159 0.9549230
25.502780 2.8621066 -0.3264323 9.6067762 0.0091221 0.2979712 -0.0321245 0.9539905
25.606390 2.8634148 -0.3269825 9.6165485 0.0106396 0.3019369 -0.0361428 0.9525831
25.917260 2.8667600 -0.3276772 9.6456985 0.0107064 0.3116602 -0.0393436 0.9493183
27.886560 2.8816793 -0.3290440 9.6886501 0.0073952 0.3125198 -0.0496153 0.9485858
27.990170 2.8826053 -0.3291158 9.6900482 0.0082242 0.3124157 -0.0495825 0.9486150
28.404640 2.8860071 -0.3293968 9.6956644 0.0068444 0.3128370 -0.0501788 0.9484558
28.611870 2.8877537 -0.3295663 9.6984177 0.0072252 0.3132856 -0.0498656 0.9483213
28.819230 2.8894782 -0.3297017 9.7011499 0.0056852 0.3140383 -0.0500620 0.9480725
29.026460 2.8911295 -0.3298352 9.7038288 0.0055276 0.3146968 -0.0506249 0.9478251
29.233840 2.8927364 -0.3301857 9.7065477 0.0056894 0.3150381 -0.0501695 0.9477350
30.788170 2.9054477 -0.3315604 9.7275782 0.0023553 0.3177672 -0.0509288 0.9467971
30.995560 2.9071641 -0.3317103 9.7302265 0.0044923 0.3181485 -0.0520273 0.9466016
31.202760 2.9089236 -0.3318853 9.7325068 0.0036050 0.3180068 -0.0513358 0.9466907
31.410110 2.9106696 -0.3320523 9.7343187 0.0028428 0.3177333 -0.0499794 0.9468577
33.070500 2.9227219 -0.3330862 9.7580175 0.0023427 0.3207459 -0.0477279 0.9459591
33.276450 2.9245138 -0.3332709 9.7601881 0.0021577 0.3194854 -0.0482103 0.9463615
33.483810 2.9257843 -0.3333384 9.7621784 0.0016522 0.3194076 -0.0490227 0.9463471
33.691220 2.9273372 -0.3334549 9.7642527 0.0011961 0.3189277 -0.0500402 0.9464564
33.898640 2.9287980 -0.3335883 9.7662697 0.0016653 0.3194054 -0.0500959 0.9462916
34.105990 2.9302967 -0.3337185 9.7683554 0.0001868 0.3195510 -0.0502822 0.9462340
34.313530 2.9317048 -0.3338122 9.7704287 0.0017240 0.3202480 -0.0512344 0.9459457
34.520830 2.9331048 -0.3339156 9.7724638 0.0025527 0.3203829 -0.0507136 0.9459262
34.728060 2.9346385 -0.3340380 9.7745695 0.0016014 0.3204549 -0.0498194 0.9459514
34.935420 2.9361117 -0.3341258 9.7766428 0.0015661 0.3203849 -0.0503623 0.9459465
35.350130 2.9389825 -0.3343245 9.7807484 0.0013122 0.3200870 -0.0509760 0.9460148
35.557430 2.9404821 -0.3344523 9.7826881 0.0016884 0.3199275 -0.0512521 0.9460533
35.764770 2.9420145 -0.3345889 9.7845449 0.0011632 0.3191208 -0.0505455 0.9463645
35.972070 2.9435029 -0.3347006 9.7864866 0.0014628 0.3186864 -0.0506428 0.9465052
36.179530 2.9450617 -0.3348376 9.7883434 0.0021656 0.3177353 -0.0504155 0.9468357
36.386840 2.9464698 -0.3349641 9.7898302 0.0013245 0.3169917 -0.0491367 0.9471537
36.594140 2.9479504 -0.3351083 9.7918148 0.0005792 0.3169350 -0.0497620 0.9471408
36.801500 2.9494860 -0.3351908 9.7937174 0.0015822 0.3159945 -0.0501321 0.9474343
37.008850 2.9510152 -0.3353423 9.7956324 0.0017932 0.3156614 -0.0498013 0.9475624
37.216330 2.9525993 -0.3355065 9.7975521 0.0014134 0.3155853 -0.0507046 0.9475405
37.423720 2.9540162 -0.3356264 9.7994461 0.0012797 0.3162689 -0.0512968 0.9472808
37.631050 2.9555695 -0.3357659 9.8014250 0.0011048 0.3167657 -0.0515140 0.9471033
37.942020 2.9577899 -0.3359707 9.8042374 0.0000728 0.3172585 -0.0507367 0.9469809
38.460100 2.9616799 -0.3363141 9.8088093 0.0013308 0.3162969 -0.0493683 0.9473739
38.978300 2.9654689 -0.3366053 9.8135366 0.0017104 0.3151563 -0.0507090 0.9476825
39.496500 2.9693053 -0.3368313 9.8183041 0.0020095 0.3130020 -0.0489830 0.9484863
39.703850 2.9707570 -0.3369369 9.8200941 0.0029242 0.3120867 -0.0489953 0.9487849
40.014950 2.9727879 -0.3371053 9.8230181 0.0028205 0.3114979 -0.0494035 0.9489575
40.222330 2.9742119 -0.3372110 9.8248682 0.0027259 0.3108625 -0.0507713 0.9490939
40.533280 2.9763925 -0.3373720 9.8275871 0.0041508 0.3095232 -0.0495581 0.9495905
41.155220 2.9806821 -0.3377100 9.8328123 0.0027735 0.3083663 -0.0493409 0.9499832
41.362570 2.9821804 -0.3378224 9.8345804 0.0036020 0.3073388 -0.0480494 0.9503795
41.569920 2.9836400 -0.3379506 9.8365421 0.0055965 0.3065382 -0.0484759 0.9506067
41.777290 2.9850690 -0.3380879 9.8383207 0.0051341 0.3052275 -0.0478399 0.9510632
42.088380 2.9872777 -0.3383147 9.8411083 0.0043895 0.3038330 -0.0488196 0.9514635
42.295640 2.9887319 -0.3384396 9.8429518 0.0045840 0.3027689 -0.0491505 0.9517847
42.813810 2.9925513 -0.3387656 9.8475904 0.0037950 0.3013857 -0.0497633 0.9521953
43.124790 2.9945698 -0.3389632 9.8502016 0.0043320 0.3016335 -0.0509836 0.9520500
43.435640 2.9955289 -0.3390409 9.8523903 0.0041555 0.3032489 -0.0500574 0.9515866
43.850090 2.9964321 -0.3390188 9.8552437 0.0056560 0.3052836 -0.0524622 0.9507985
46.855700 3.0037372 -0.3397409 9.8748856 0.0005255 0.3031817 -0.0500302 0.9516184
47.063060 3.0044830 -0.3398653 9.8764515 0.0005499 0.3027651 -0.0497877 0.9517637
47.270160 3.0051053 -0.3400079 9.8780260 0.0010377 0.3019188 -0.0478457 0.9521317
49.654110 3.0103266 -0.3407406 9.8962545 -0.0009232 0.3008743 -0.0482406 0.9524425
49.861160 3.0104477 -0.3407691 9.8974657 -0.0010532 0.3014831 -0.0479521 0.9522644
50.690230 3.0142207 -0.3411453 9.9012728 -0.0052019 0.2942159 -0.0455260 0.9546399
50.897570 3.0144053 -0.3411662 9.9008789 -0.0053627 0.2900294 -0.0444424 0.9559702
60.330460 3.0169168 -0.3414555 9.9045572 -0.0124264 0.2747456 -0.0437393 0.9604412
61.056140 3.0171435 -0.3414839 9.9064560 -0.0129074 0.2790041 -0.0454611 0.9591264
61.263370 3.0170875 -0.3416219 9.9081030 -0.0125643 0.2823898 -0.0454358 0.9581408
