6.350649e-01 -1.784306e-02 7.722528e-01 8.059654e+00 4.358563e-02 9.989682e-01 -1.276143e-02 -6.362920e-01 -7.712282e-01 4.176345e-02 6.351872e-01 1.615500e+01
5.983915e-01 -1.631634e-02 8.010377e-01 8.824947e+00 4.435618e-02 9.989339e-01 -1.278768e-02 -6.652783e-01 -7.999751e-01 4.318299e-02 5.984773e-01 1.672174e+01
5.606382e-01 -1.560419e-02 8.279139e-01 9.617499e+00 4.722424e-02 9.987977e-01 -1.315388e-02 -6.938755e-01 -8.267132e-01 4.647216e-02 5.607010e-01 1.724835e+01
4.824023e-01 -1.314333e-02 8.758512e-01 1.127339e+01 5.466343e-02 9.983902e-01 -1.512539e-02 -7.448949e-01 -8.742425e-01 5.517354e-02 4.823441e-01 1.818861e+01
3.705969e-01 -1.336462e-02 9.286977e-01 1.392282e+01 6.549873e-02 9.977831e-01 -1.177846e-02 -8.194983e-01 -9.264814e-01 6.519356e-02 3.706506e-01 1.933529e+01
3.367104e-01 -1.369924e-02 9.415086e-01 1.484567e+01 6.695770e-02 9.977112e-01 -9.428981e-03 -8.398217e-01 -9.392245e-01 6.621607e-02 3.368570e-01 1.965558e+01
3.032101e-01 -1.606372e-02 9.527884e-01 1.578819e+01 6.893784e-02 9.976078e-01 -5.119036e-03 -8.590110e-01 -9.504268e-01 6.723530e-02 3.035921e-01 1.994858e+01
2.373841e-01 -1.301040e-02 9.713288e-01 1.771096e+01 6.752450e-02 9.977127e-01 -3.138591e-03 -8.926428e-01 -9.690661e-01 6.633352e-02 2.377196e-01 2.044290e+01
2.058013e-01 -1.089049e-02 9.785332e-01 1.869074e+01 6.752573e-02 9.977127e-01 -3.097801e-03 -9.066816e-01 -9.762612e-01 6.671368e-02 2.060660e-01 2.064544e+01
1.748760e-01 -1.056614e-02 9.845338e-01 1.969166e+01 6.930053e-02 9.975945e-01 -1.603074e-03 -9.204752e-01 -9.821485e-01 6.850903e-02 1.751876e-01 2.081649e+01
1.132280e-01 -1.188899e-02 9.934979e-01 2.174157e+01 6.960632e-02 9.975665e-01 4.004714e-03 -9.423525e-01 -9.911278e-01 6.870027e-02 1.137800e-01 2.107450e+01
8.347506e-02 -1.182121e-02 9.964398e-01 2.279076e+01 7.016375e-02 9.975177e-01 5.956143e-03 -9.484050e-01 -9.940367e-01 6.941674e-02 8.409726e-02 2.116118e+01
5.575869e-02 -1.119487e-02 9.983815e-01 2.385365e+01 7.276066e-02 9.973240e-01 7.119389e-03 -9.510470e-01 -9.957895e-01 7.224591e-02 5.642402e-02 2.121468e+01
7.200764e-03 -1.011089e-02 9.999230e-01 2.602348e+01 8.125250e-02 9.966483e-01 9.492647e-03 -9.509506e-01 -9.966675e-01 8.117787e-02 7.998165e-03 2.124027e+01
-4.749041e-02 -1.030237e-02 9.988186e-01 2.937022e+01 9.488928e-02 9.953781e-01 1.477854e-02 -9.414386e-01 -9.943544e-01 9.547900e-02 -4.629333e-02 2.110741e+01
-6.213432e-02 -1.086217e-02 9.980087e-01 3.050291e+01 9.737473e-02 9.951044e-01 1.689294e-02 -9.363594e-01 -9.933063e-01 9.823044e-02 -6.077243e-02 2.102960e+01
-7.560868e-02 -1.193509e-02 9.970662e-01 3.164196e+01 9.751631e-02 9.950466e-01 1.930569e-02 -9.296868e-01 -9.923577e-01 9.868987e-02 -7.407029e-02 2.093984e+01
-9.947788e-02 -9.193596e-03 9.949973e-01 3.394232e+01 9.735338e-02 9.950699e-01 1.892746e-02 -9.117462e-01 -9.902658e-01 9.874920e-02 -9.809240e-02 2.071859e+01
-1.097967e-01 -5.360682e-03 9.939396e-01 3.511473e+01 9.798071e-02 9.950566e-01 1.619026e-02 -9.007201e-01 -9.891129e-01 9.916453e-02 -1.087287e-01 2.058533e+01
-1.270885e-01 -1.278670e-03 9.918906e-01 3.752680e+01 9.888957e-02 9.950006e-01 1.395315e-02 -8.781568e-01 -9.869495e-01 9.986090e-02 -1.263266e-01 2.027890e+01
-1.329871e-01 -7.149781e-04 9.911175e-01 3.876733e+01 9.839198e-02 9.950504e-01 1.391994e-02 -8.670199e-01 -9.862218e-01 9.936917e-02 -1.322585e-01 2.011085e+01
-1.381591e-01 8.940047e-04 9.904097e-01 4.002403e+01 9.941083e-02 9.949619e-01 1.296938e-02 -8.564479e-01 -9.854083e-01 1.002493e-01 -1.375519e-01 1.993253e+01
-1.426852e-01 2.815813e-03 9.897642e-01 4.130550e+01 9.869170e-02 9.950528e-01 1.139661e-02 -8.460362e-01 -9.848354e-01 9.930761e-02 -1.422571e-01 1.974648e+01
-1.468253e-01 3.917606e-03 9.891547e-01 4.260679e+01 9.897322e-02 9.950320e-01 1.075021e-02 -8.375480e-01 -9.841984e-01 9.947820e-02 -1.464836e-01 1.955065e+01
-1.499193e-01 3.009372e-03 9.886937e-01 4.393278e+01 9.873932e-02 9.950416e-01 1.194351e-02 -8.295496e-01 -9.837554e-01 9.941348e-02 -1.494731e-01 1.934786e+01
-1.565155e-01 3.425744e-04 9.876755e-01 4.803559e+01 1.016061e-01 9.946999e-01 1.575634e-02 -7.907530e-01 -9.824353e-01 1.028199e-01 -1.557207e-01 1.869944e+01
-1.575241e-01 8.739825e-04 9.875148e-01 4.944201e+01 1.013351e-01 9.947349e-01 1.528416e-02 -7.765930e-01 -9.823020e-01 1.024775e-01 -1.567833e-01 1.847318e+01
-1.580662e-01 1.736308e-03 9.874270e-01 5.087125e+01 1.033930e-01 9.945304e-01 1.480223e-02 -7.612088e-01 -9.820004e-01 1.044328e-01 -1.573812e-01 1.823994e+01
-1.576227e-01 3.491308e-03 9.874933e-01 5.378414e+01 1.029740e-01 9.946001e-01 1.292016e-02 -7.385593e-01 -9.821158e-01 1.037226e-01 -1.571310e-01 1.776822e+01
-1.564353e-01 3.535458e-03 9.876819e-01 5.527561e+01 1.033158e-01 9.945662e-01 1.280369e-02 -7.282464e-01 -9.822697e-01 1.040460e-01 -1.559505e-01 1.752865e+01
-1.538084e-01 3.054216e-03 9.880960e-01 5.831970e+01 1.033843e-01 9.945563e-01 1.301875e-02 -7.090229e-01 -9.826773e-01 1.041560e-01 -1.532869e-01 1.704698e+01
-1.516316e-01 4.600354e-03 9.884264e-01 6.144932e+01 1.043179e-01 9.944789e-01 1.137458e-02 -6.898538e-01 -9.829169e-01 1.048353e-01 -1.512744e-01 1.656009e+01
-1.496365e-01 2.801779e-03 9.887371e-01 6.466146e+01 1.056381e-01 9.943174e-01 1.316978e-02 -6.742945e-01 -9.830816e-01 1.064190e-01 -1.490821e-01 1.606555e+01
-1.481741e-01 1.587223e-03 9.889600e-01 6.793358e+01 1.084503e-01 9.939938e-01 1.465361e-02 -6.566595e-01 -9.829969e-01 1.094243e-01 -1.474563e-01 1.556429e+01
-1.471094e-01 3.907489e-03 9.891125e-01 6.959146e+01 1.108431e-01 9.937585e-01 1.255970e-02 -6.495479e-01 -9.828899e-01 1.114840e-01 -1.466243e-01 1.531065e+01
-1.462604e-01 3.233250e-03 9.892409e-01 7.294957e+01 1.105105e-01 9.937887e-01 1.309099e-02 -6.411509e-01 -9.830540e-01 1.112362e-01 -1.457092e-01 1.480708e+01
-1.456358e-01 1.966691e-03 9.893363e-01 7.637583e+01 1.116862e-01 9.936382e-01 1.446557e-02 -6.266393e-01 -9.830139e-01 1.126019e-01 -1.449289e-01 1.429583e+01
-1.456204e-01 2.152571e-03 9.893382e-01 7.811207e+01 1.123679e-01 9.935626e-01 1.437762e-02 -6.192733e-01 -9.829385e-01 1.132635e-01 -1.449248e-01 1.403765e+01
-1.459369e-01 3.866772e-03 9.892864e-01 8.162656e+01 1.123299e-01 9.935899e-01 1.268701e-02 -6.069533e-01 -9.828959e-01 1.129779e-01 -1.454358e-01 1.351471e+01
-1.482341e-01 4.952492e-03 9.889399e-01 8.519377e+01 1.106078e-01 9.937964e-01 1.160240e-02 -6.018080e-01 -9.827474e-01 1.111043e-01 -1.478623e-01 1.298000e+01
-1.492423e-01 4.338053e-03 9.887912e-01 8.700538e+01 1.094671e-01 9.939160e-01 1.216177e-02 -5.994816e-01 -9.827226e-01 1.100551e-01 -1.488091e-01 1.270711e+01
-1.502286e-01 3.835819e-03 9.886439e-01 8.882747e+01 1.096199e-01 9.938911e-01 1.280101e-02 -5.948763e-01 -9.825552e-01 1.102981e-01 -1.497313e-01 1.242843e+01
-1.506723e-01 2.811838e-03 9.885798e-01 9.066661e+01 1.070118e-01 9.941663e-01 1.348224e-02 -5.892579e-01 -9.827748e-01 1.078211e-01 -1.500942e-01 1.214861e+01
-1.520677e-01 3.896026e-03 9.883624e-01 9.251613e+01 1.068060e-01 9.942011e-01 1.251394e-02 -5.822604e-01 -9.825822e-01 1.074660e-01 -1.516020e-01 1.186127e+01
-1.546860e-01 5.230309e-03 9.879499e-01 9.438417e+01 1.057142e-01 9.943325e-01 1.128785e-02 -5.761580e-01 -9.822915e-01 1.061864e-01 -1.543622e-01 1.156935e+01
-1.584947e-01 5.190445e-03 9.873462e-01 9.626377e+01 1.064537e-01 9.942469e-01 1.186186e-02 -5.690865e-01 -9.816043e-01 1.069867e-01 -1.581354e-01 1.126751e+01
-1.632049e-01 4.743000e-03 9.865808e-01 9.815387e+01 1.041819e-01 9.944803e-01 1.245328e-02 -5.670654e-01 -9.810760e-01 1.048163e-01 -1.627982e-01 1.095901e+01
-1.680724e-01 3.613141e-03 9.857681e-01 1.000527e+02 1.019229e-01 9.946975e-01 1.373188e-02 -5.652429e-01 -9.804914e-01 1.027803e-01 -1.675495e-01 1.063988e+01
-1.727782e-01 4.875200e-03 9.849487e-01 1.019553e+02 1.009596e-01 9.948083e-01 1.278618e-02 -5.641477e-01 -9.797728e-01 1.016492e-01 -1.723734e-01 1.030991e+01
-1.774521e-01 6.239531e-03 9.841097e-01 1.038698e+02 1.014658e-01 9.947668e-01 1.198894e-02 -5.624452e-01 -9.788848e-01 1.019809e-01 -1.771565e-01 9.966128e+00
-1.820546e-01 7.979443e-03 9.832561e-01 1.057910e+02 1.011783e-01 9.948112e-01 1.066042e-02 -5.643553e-01 -9.780690e-01 1.014249e-01 -1.819173e-01 9.611618e+00
-1.868758e-01 8.786952e-03 9.823443e-01 1.077248e+02 1.001207e-01 9.949235e-01 1.014694e-02 -5.687973e-01 -9.772682e-01 1.002492e-01 -1.868069e-01 9.246382e+00
-1.918873e-01 7.633132e-03 9.813873e-01 1.096683e+02 9.794174e-02 9.951267e-01 1.141021e-02 -5.717942e-01 -9.765176e-01 9.830823e-02 -1.916997e-01 8.871585e+00
-1.972643e-01 7.480826e-03 9.803218e-01 1.116206e+02 9.606302e-02 9.953061e-01 1.173501e-02 -5.733449e-01 -9.756324e-01 9.648755e-02 -1.970570e-01 8.486629e+00
-2.028929e-01 6.576712e-03 9.791789e-01 1.135815e+02 9.508165e-02 9.953844e-01 1.301604e-02 -5.728043e-01 -9.745737e-01 9.574279e-02 -2.025817e-01 8.086921e+00
-2.084031e-01 6.469213e-03 9.780216e-01 1.155478e+02 9.502287e-02 9.953813e-01 1.366404e-02 -5.705380e-01 -9.734160e-01 9.578203e-02 -2.080553e-01 7.674193e+00
-2.138450e-01 7.858298e-03 9.768360e-01 1.175182e+02 9.558616e-02 9.953373e-01 1.291820e-02 -5.680584e-01 -9.721798e-01 9.613447e-02 -2.135991e-01 7.246929e+00
-2.195383e-01 8.856306e-03 9.755637e-01 1.194963e+02 9.521901e-02 9.953792e-01 1.239164e-02 -5.658779e-01 -9.709460e-01 9.561263e-02 -2.193671e-01 6.808278e+00
-2.254576e-01 8.853206e-03 9.742128e-01 1.214861e+02 9.566882e-02 9.953271e-01 1.309511e-02 -5.645652e-01 -9.695444e-01 9.615416e-02 -2.252510e-01 6.351224e+00
-2.310452e-01 9.190854e-03 9.728996e-01 1.234817e+02 9.472620e-02 9.954172e-01 1.309209e-02 -5.636678e-01 -9.683207e-01 9.518392e-02 -2.308570e-01 5.883248e+00
-2.362092e-01 9.550857e-03 9.716553e-01 1.254794e+02 9.420289e-02 9.954666e-01 1.311579e-02 -5.607338e-01 -9.671251e-01 9.463079e-02 -2.360381e-01 5.403529e+00
-2.414041e-01 9.719218e-03 9.703760e-01 1.274889e+02 9.294890e-02 9.955840e-01 1.315154e-02 -5.591517e-01 -9.659630e-01 9.337020e-02 -2.412414e-01 4.911013e+00
-2.458159e-01 9.821942e-03 9.692668e-01 1.295004e+02 9.457506e-02 9.954207e-01 1.389822e-02 -5.556139e-01 -9.646917e-01 9.508485e-02 -2.456191e-01 4.402279e+00
-2.497010e-01 8.595703e-03 9.682849e-01 1.315233e+02 9.625855e-02 9.952279e-01 1.598823e-02 -5.494115e-01 -9.635267e-01 9.719796e-02 -2.493368e-01 3.880107e+00
-2.532929e-01 9.879226e-03 9.673392e-01 1.335486e+02 9.768544e-02 9.950979e-01 1.541572e-02 -5.427542e-01 -9.624449e-01 9.839963e-02 -2.530163e-01 3.348158e+00
-2.563419e-01 1.033140e-02 9.665310e-01 1.355837e+02 9.797856e-02 9.950701e-01 1.534925e-02 -5.360354e-01 -9.616075e-01 9.863395e-02 -2.560904e-01 2.806947e+00
-2.597614e-01 1.013191e-02 9.656197e-01 1.376250e+02 9.708426e-02 9.951527e-01 1.567485e-02 -5.295973e-01 -9.607802e-01 9.781817e-02 -2.594859e-01 2.257989e+00
-2.637027e-01 1.035061e-02 9.645485e-01 1.396797e+02 9.579549e-02 9.952802e-01 1.550960e-02 -5.224538e-01 -9.598354e-01 9.648930e-02 -2.634496e-01 1.699296e+00
-2.681714e-01 1.125920e-02 9.633055e-01 1.417304e+02 9.446872e-02 9.954198e-01 1.466427e-02 -5.179993e-01 -9.587282e-01 9.493475e-02 -2.680067e-01 1.132152e+00
-2.726489e-01 1.108767e-02 9.620497e-01 1.437927e+02 9.357615e-02 9.954984e-01 1.504669e-02 -5.127373e-01 -9.575521e-01 9.412736e-02 -2.724590e-01 5.515872e-01
-2.772301e-01 1.132109e-02 9.607369e-01 1.458618e+02 9.373713e-02 9.954791e-01 1.531828e-02 -5.061993e-01 -9.562200e-01 9.430339e-02 -2.770379e-01 -4.137210e-02
-2.817308e-01 1.185782e-02 9.594203e-01 1.479305e+02 9.322617e-02 9.955309e-01 1.507145e-02 -5.006247e-01 -9.549537e-01 9.368914e-02 -2.815771e-01 -6.449311e-01
-2.862852e-01 1.239653e-02 9.580643e-01 1.500068e+02 9.286516e-02 9.955677e-01 1.486782e-02 -4.959689e-01 -9.536335e-01 9.322721e-02 -2.861674e-01 -1.261108e+00
-2.904967e-01 1.139404e-02 9.568082e-01 1.520968e+02 9.253122e-02 9.955774e-01 1.623769e-02 -4.898301e-01 -9.523915e-01 9.325161e-02 -2.902662e-01 -1.892338e+00
-2.947361e-01 1.147144e-02 9.555099e-01 1.541812e+02 9.310741e-02 9.955148e-01 1.676813e-02 -4.829921e-01 -9.510318e-01 9.390720e-02 -2.944822e-01 -2.533182e+00
-2.986660e-01 1.208825e-02 9.542812e-01 1.562753e+02 9.410159e-02 9.954201e-01 1.684205e-02 -4.753909e-01 -9.497070e-01 9.482950e-02 -2.984357e-01 -3.187653e+00
-3.022573e-01 1.327702e-02 9.531339e-01 1.583734e+02 9.424427e-02 9.954202e-01 1.602063e-02 -4.676840e-01 -9.485560e-01 9.466974e-02 -3.021243e-01 -3.851462e+00
-3.126266e-01 1.689296e-02 9.497259e-01 1.647037e+02 9.518253e-02 9.953665e-01 1.362698e-02 -4.525483e-01 -9.450952e-01 9.465745e-02 -3.127859e-01 -5.908582e+00
-3.161339e-01 1.703662e-02 9.485616e-01 1.668257e+02 9.503047e-02 9.953788e-01 1.379400e-02 -4.495307e-01 -9.439430e-01 9.450299e-02 -3.162920e-01 -6.614701e+00
-3.201365e-01 1.695749e-02 9.472197e-01 1.689537e+02 9.501387e-02 9.953733e-01 1.429274e-02 -4.456125e-01 -9.425948e-01 9.457461e-02 -3.202665e-01 -7.331463e+00
-3.239253e-01 1.718208e-02 9.459266e-01 1.710871e+02 9.640571e-02 9.952300e-01 1.493575e-02 -4.416744e-01 -9.411579e-01 9.603078e-02 -3.240366e-01 -8.063072e+00
-3.271325e-01 1.815461e-02 9.448041e-01 1.732245e+02 9.878847e-02 9.949941e-01 1.508585e-02 -4.365523e-01 -9.398006e-01 9.827080e-02 -3.272883e-01 -8.806086e+00
-3.298961e-01 1.768240e-02 9.438517e-01 1.753665e+02 9.945702e-02 9.949112e-01 1.612335e-02 -4.294089e-01 -9.387634e-01 9.919169e-02 -3.299759e-01 -9.557829e+00
-3.325870e-01 1.703682e-02 9.429187e-01 1.775169e+02 9.930238e-02 9.949112e-01 1.704978e-02 -4.209330e-01 -9.378299e-01 9.930458e-02 -3.325864e-01 -1.031827e+01
-3.353595e-01 1.698544e-02 9.419371e-01 1.796714e+02 9.814417e-02 9.950270e-01 1.699965e-02 -4.118277e-01 -9.369641e-01 9.814661e-02 -3.353588e-01 -1.108560e+01
-3.383518e-01 1.880925e-02 9.408317e-01 1.818303e+02 9.724016e-02 9.951467e-01 1.507538e-02 -4.043634e-01 -9.359820e-01 9.658739e-02 -3.385386e-01 -1.186225e+01
-3.416162e-01 2.028947e-02 9.396206e-01 1.839969e+02 9.708227e-02 9.951806e-01 1.380682e-02 -3.985802e-01 -9.348119e-01 9.593711e-02 -3.419395e-01 -1.264986e+01
-3.448185e-01 2.159976e-02 9.384208e-01 1.861699e+02 9.545937e-02 9.953590e-01 1.216580e-02 -3.990509e-01 -9.338028e-01 9.377604e-02 -3.452801e-01 -1.344797e+01
-3.481357e-01 2.308833e-02 9.371598e-01 1.883440e+02 9.427365e-02 9.954910e-01 1.049532e-02 -4.000549e-01 -9.326918e-01 9.200325e-02 -3.487425e-01 -1.425545e+01
-3.519011e-01 2.312204e-02 9.357516e-01 1.905195e+02 9.504064e-02 9.954110e-01 1.114501e-02 -4.013833e-01 -9.311997e-01 9.285635e-02 -3.524837e-01 -1.507493e+01
-3.555047e-01 2.192990e-02 9.344172e-01 1.927087e+02 9.415617e-02 9.954795e-01 1.245931e-02 -4.038655e-01 -9.299198e-01 9.241047e-02 -3.559625e-01 -1.590879e+01
-3.592385e-01 2.119195e-02 9.330052e-01 1.949010e+02 9.384472e-02 9.954950e-01 1.352206e-02 -4.035663e-01 -9.285154e-01 9.241523e-02 -3.596089e-01 -1.675316e+01
-3.666020e-01 2.143330e-02 9.301310e-01 1.992958e+02 9.312059e-02 9.955597e-01 1.376156e-02 -4.006638e-01 -9.257059e-01 9.165934e-02 -3.669700e-01 -1.847484e+01
-3.735992e-01 2.206369e-02 9.273278e-01 2.036882e+02 9.207681e-02 9.956616e-01 1.340610e-02 -4.030819e-01 -9.230089e-01 9.039387e-02 -3.740100e-01 -2.023459e+01
-3.763962e-01 2.270051e-02 9.261807e-01 2.058770e+02 9.308605e-02 9.955675e-01 1.342863e-02 -4.061955e-01 -9.217705e-01 9.126896e-02 -3.768409e-01 -2.112723e+01
-3.816064e-01 2.250176e-02 9.240510e-01 2.102746e+02 9.526666e-02 9.953372e-01 1.510471e-02 -4.072563e-01 -9.194024e-01 9.379529e-02 -3.819707e-01 -2.295396e+01
-3.866127e-01 2.432739e-02 9.219213e-01 2.146697e+02 9.675317e-02 9.952055e-01 1.431277e-02 -4.036944e-01 -9.171529e-01 9.473228e-02 -3.871128e-01 -2.480688e+01
-3.893716e-01 2.450055e-02 9.207549e-01 2.168716e+02 9.604304e-02 9.952768e-01 1.413145e-02 -4.053455e-01 -9.160597e-01 9.393446e-02 -3.898856e-01 -2.574520e+01
-3.949738e-01 2.652036e-02 9.183096e-01 2.212752e+02 9.548710e-02 9.953543e-01 1.232452e-02 -4.145729e-01 -9.137165e-01 9.255456e-02 -3.956712e-01 -2.764230e+01
-3.974300e-01 2.654920e-02 9.172484e-01 2.234748e+02 9.359537e-02 9.955411e-01 1.173812e-02 -4.227878e-01 -9.128468e-01 9.051527e-02 -3.981427e-01 -2.859890e+01
-4.003449e-01 2.717994e-02 9.159614e-01 2.256743e+02 9.384581e-02 9.955206e-01 1.147700e-02 -4.323730e-01 -9.115464e-01 9.055388e-02 -4.011023e-01 -2.956630e+01
-4.086398e-01 2.546329e-02 9.123405e-01 2.322584e+02 9.487381e-02 9.953805e-01 1.471329e-02 -4.502008e-01 -9.077513e-01 9.256963e-02 -4.091678e-01 -3.251137e+01
-4.116808e-01 2.580665e-02 9.109627e-01 2.344478e+02 9.367349e-02 9.955027e-01 1.413118e-02 -4.516442e-01 -9.065011e-01 9.115057e-02 -4.122467e-01 -3.350409e+01
-4.185234e-01 2.430782e-02 9.078807e-01 2.388266e+02 9.099928e-02 9.957336e-01 1.528968e-02 -4.565040e-01 -9.036356e-01 8.901555e-02 -4.189498e-01 -3.551552e+01
-4.220821e-01 2.436985e-02 9.062300e-01 2.410098e+02 9.041717e-02 9.957859e-01 1.533419e-02 -4.583595e-01 -9.020374e-01 8.841102e-02 -4.225068e-01 -3.653355e+01
-4.257271e-01 2.389500e-02 9.045361e-01 2.431866e+02 8.957398e-02 9.958540e-01 1.585137e-02 -4.598154e-01 -9.004071e-01 8.777123e-02 -4.261024e-01 -3.755871e+01
-4.336948e-01 2.386280e-02 9.007439e-01 2.475244e+02 8.796735e-02 9.959953e-01 1.596872e-02 -4.614750e-01 -8.967556e-01 8.616158e-02 -4.340571e-01 -3.963198e+01
-4.410215e-01 2.505593e-02 8.971467e-01 2.518424e+02 8.852924e-02 9.959498e-01 1.570406e-02 -4.628392e-01 -8.931196e-01 8.634953e-02 -4.414534e-01 -4.174631e+01
-4.483033e-01 2.521558e-02 8.935258e-01 2.561425e+02 8.717879e-02 9.960700e-01 1.563027e-02 -4.599411e-01 -8.896201e-01 8.490359e-02 -4.487397e-01 -4.389031e+01
-4.519337e-01 2.507050e-02 8.916992e-01 2.582951e+02 8.700532e-02 9.960779e-01 1.609113e-02 -4.566041e-01 -8.877984e-01 8.485468e-02 -4.523424e-01 -4.497777e+01
-4.553868e-01 2.592550e-02 8.899162e-01 2.604446e+02 8.760414e-02 9.960298e-01 1.581181e-02 -4.515860e-01 -8.859731e-01 8.516081e-02 -4.558499e-01 -4.607408e+01
-4.588898e-01 2.701655e-02 8.880824e-01 2.625925e+02 8.903314e-02 9.959048e-01 1.570853e-02 -4.468931e-01 -8.840210e-01 8.627723e-02 -4.594159e-01 -4.718398e+01
-4.621008e-01 2.899750e-02 8.863532e-01 2.647340e+02 9.121464e-02 9.957186e-01 1.497936e-02 -4.443228e-01 -8.821240e-01 8.777034e-02 -4.627673e-01 -4.830007e+01
-4.649723e-01 2.982926e-02 8.848226e-01 2.668920e+02 9.212184e-02 9.956371e-01 1.484476e-02 -4.426920e-01 -8.805193e-01 8.841387e-02 -4.656915e-01 -4.943452e+01
-4.678605e-01 3.190777e-02 8.832262e-01 2.690255e+02 9.402770e-02 9.954733e-01 1.384527e-02 -4.394885e-01 -8.787863e-01 8.952536e-02 -4.687428e-01 -5.056793e+01
-4.732870e-01 3.502027e-02 8.802119e-01 2.733318e+02 9.677821e-02 9.952282e-01 1.244098e-02 -4.312748e-01 -8.755760e-01 9.107347e-02 -4.744177e-01 -5.288771e+01
-4.797661e-01 3.625912e-02 8.766469e-01 2.776580e+02 9.648349e-02 9.952665e-01 1.163754e-02 -4.182424e-01 -8.720753e-01 9.016523e-02 -4.809935e-01 -5.525311e+01
-4.830450e-01 3.738275e-02 8.747972e-01 2.798273e+02 9.727560e-02 9.951946e-01 1.118587e-02 -4.128268e-01 -8.701752e-01 9.049968e-02 -4.843602e-01 -5.645514e+01
-4.863612e-01 3.769826e-02 8.729443e-01 2.820168e+02 9.634686e-02 9.952903e-01 1.069788e-02 -4.105826e-01 -8.684296e-01 8.930846e-02 -4.877027e-01 -5.767414e+01
-4.891485e-01 3.754739e-02 8.713920e-01 2.841885e+02 9.474989e-02 9.954479e-01 1.029420e-02 -4.095589e-01 -8.670387e-01 8.759967e-02 -4.904794e-01 -5.889251e+01
-4.938980e-01 3.783481e-02 8.686964e-01 2.885702e+02 9.748770e-02 9.951633e-01 1.208380e-02 -4.045488e-01 -8.640375e-01 9.065535e-02 -4.951976e-01 -6.138495e+01
-4.959533e-01 3.775471e-02 8.675281e-01 2.907704e+02 9.815965e-02 9.950882e-01 1.281034e-02 -3.986685e-01 -8.627832e-01 9.150956e-02 -4.972233e-01 -6.264929e+01
-4.981567e-01 3.777312e-02 8.662639e-01 2.929827e+02 9.815975e-02 9.950850e-01 1.305774e-02 -3.908822e-01 -8.615130e-01 9.153703e-02 -4.994160e-01 -6.392341e+01
-5.004590e-01 3.710110e-02 8.649649e-01 2.951953e+02 9.755645e-02 9.951348e-01 1.376055e-02 -3.821466e-01 -8.602462e-01 9.126948e-02 -5.016436e-01 -6.520624e+01
-5.030179e-01 3.703289e-02 8.634823e-01 2.974212e+02 9.842723e-02 9.950362e-01 1.466339e-02 -3.713999e-01 -8.586531e-01 9.236610e-02 -5.041660e-01 -6.650521e+01
-5.051574e-01 3.705698e-02 8.622313e-01 2.996423e+02 9.892841e-02 9.949785e-01 1.519721e-02 -3.587114e-01 -8.573384e-01 9.297614e-02 -5.062867e-01 -6.780874e+01
-5.071269e-01 3.780852e-02 8.610417e-01 3.018763e+02 9.853901e-02 9.950298e-01 1.434445e-02 -3.470056e-01 -8.562198e-01 9.212063e-02 -5.083320e-01 -6.912560e+01
-5.093585e-01 4.004183e-02 8.596224e-01 3.041141e+02 9.794371e-02 9.951234e-01 1.168175e-02 -3.372516e-01 -8.549625e-01 9.014478e-02 -5.107963e-01 -7.045170e+01
-5.126685e-01 3.931280e-02 8.576862e-01 3.063593e+02 9.633206e-02 9.952774e-01 1.196155e-02 -3.307952e-01 -8.531654e-01 8.875497e-02 -5.140344e-01 -7.179168e+01
-5.171586e-01 3.690592e-02 8.550936e-01 3.086134e+02 9.360376e-02 9.955160e-01 1.364476e-02 -3.233356e-01 -8.507557e-01 8.709646e-02 -5.182942e-01 -7.314403e+01
-5.220571e-01 3.451451e-02 8.522120e-01 3.108714e+02 9.114758e-02 9.957166e-01 1.550971e-02 -3.126191e-01 -8.480262e-01 8.577399e-02 -5.229668e-01 -7.451245e+01
-5.268235e-01 3.309434e-02 8.493302e-01 3.131301e+02 8.979367e-02 9.958171e-01 1.689507e-02 -2.971879e-01 -8.452184e-01 8.516518e-02 -5.275914e-01 -7.590012e+01
-5.311682e-01 3.348928e-02 8.466043e-01 3.153852e+02 9.017544e-02 9.957776e-01 1.718683e-02 -2.796424e-01 -8.424540e-01 8.547199e-02 -5.319453e-01 -7.730725e+01
-5.353072e-01 3.467362e-02 8.439455e-01 3.176383e+02 9.238538e-02 9.955660e-01 1.769624e-02 -2.578412e-01 -8.395898e-01 8.744113e-02 -5.361370e-01 -7.872988e+01
-5.390292e-01 3.588530e-02 8.415223e-01 3.198954e+02 9.381170e-02 9.954336e-01 1.764160e-02 -2.381554e-01 -8.370465e-01 8.845395e-02 -5.399342e-01 -8.017271e+01
-5.426799e-01 3.583575e-02 8.391748e-01 3.221579e+02 9.420860e-02 9.953821e-01 1.841670e-02 -2.197853e-01 -8.346396e-01 8.905184e-02 -5.435499e-01 -8.163211e+01
-5.466164e-01 3.426157e-02 8.366820e-01 3.244120e+02 9.455334e-02 9.952979e-01 2.101626e-02 -2.016825e-01 -8.320277e-01 9.059888e-02 -5.472856e-01 -8.310009e+01
-5.505309e-01 3.288636e-02 8.341668e-01 3.266626e+02 9.308915e-02 9.954104e-01 2.219342e-02 -1.825361e-01 -8.296084e-01 8.987002e-02 -5.510655e-01 -8.457972e+01
-5.542889e-01 3.278444e-02 8.316784e-01 3.289055e+02 9.233886e-02 9.954779e-01 2.229974e-02 -1.608324e-01 -8.271864e-01 8.915672e-02 -5.548096e-01 -8.606826e+01
-5.583189e-01 3.221365e-02 8.290008e-01 3.311477e+02 9.187847e-02 9.955000e-01 2.319514e-02 -1.383913e-01 -8.245231e-01 8.911758e-02 -5.587662e-01 -8.757051e+01
-5.624024e-01 3.172657e-02 8.262548e-01 3.333840e+02 9.317394e-02 9.953308e-01 2.520143e-02 -1.125608e-01 -8.215973e-01 9.115875e-02 -5.627325e-01 -8.908675e+01
-5.662656e-01 3.200649e-02 8.236012e-01 3.356133e+02 9.376371e-02 9.952604e-01 2.578962e-02 -8.455148e-02 -8.188722e-01 9.182766e-02 -5.665827e-01 -9.061426e+01
-5.699347e-01 3.105914e-02 8.211028e-01 3.378389e+02 9.197118e-02 9.954173e-01 2.618521e-02 -5.242768e-02 -8.165266e-01 9.044163e-02 -5.701793e-01 -9.215154e+01
-5.734629e-01 2.980165e-02 8.186893e-01 3.400560e+02 9.146806e-02 9.954189e-01 2.783523e-02 -1.599584e-02 -8.141093e-01 9.084638e-02 -5.735616e-01 -9.370014e+01
-5.764348e-01 2.883221e-02 8.166344e-01 3.422752e+02 9.162022e-02 9.953561e-01 2.952944e-02 2.333862e-02 -8.119905e-01 9.184199e-02 -5.763994e-01 -9.526502e+01
-5.792285e-01 2.833649e-02 8.146726e-01 3.444892e+02 8.960529e-02 9.955527e-01 2.908096e-02 6.337510e-02 -8.102254e-01 8.984348e-02 -5.791916e-01 -9.683616e+01
-5.821727e-01 2.738547e-02 8.126039e-01 3.467010e+02 8.552969e-02 9.959502e-01 2.771149e-02 1.024766e-01 -8.085540e-01 8.563461e-02 -5.821572e-01 -9.841195e+01
-5.852817e-01 2.656025e-02 8.103950e-01 3.489103e+02 8.243732e-02 9.962335e-01 2.688668e-02 1.402984e-01 -8.066284e-01 8.254305e-02 -5.852667e-01 -9.999813e+01
-5.884897e-01 2.360915e-02 8.081600e-01 3.511094e+02 7.975283e-02 9.963937e-01 2.896666e-02 1.754218e-01 -8.045616e-01 8.149961e-02 -5.882502e-01 -1.015909e+02
-5.915552e-01 2.271379e-02 8.059445e-01 3.533107e+02 8.013301e-02 9.963101e-01 3.073798e-02 2.141195e-01 -8.022725e-01 8.276596e-02 -5.911925e-01 -1.032033e+02
-5.945947e-01 2.268037e-02 8.037057e-01 3.554996e+02 7.939344e-02 9.963730e-01 3.061917e-02 2.539708e-01 -8.000961e-01 8.201493e-02 -5.942387e-01 -1.048170e+02
-5.974407e-01 2.308157e-02 8.015809e-01 3.576809e+02 7.813459e-02 9.965050e-01 2.954148e-02 2.903191e-01 -7.980974e-01 8.028046e-02 -5.971561e-01 -1.064411e+02
-6.007205e-01 1.876716e-02 7.992389e-01 3.598670e+02 7.511391e-02 9.966269e-01 3.305469e-02 3.297903e-01 -7.959226e-01 7.989057e-02 -6.001039e-01 -1.080781e+02
-6.038752e-01 1.623428e-02 7.969136e-01 3.620386e+02 7.242569e-02 9.967743e-01 3.457609e-02 3.801369e-01 -7.937816e-01 7.859665e-02 -6.031030e-01 -1.097167e+02
-6.068475e-01 1.634159e-02 7.946503e-01 3.642051e+02 7.194258e-02 9.968139e-01 3.444111e-02 4.335940e-01 -7.915556e-01 7.806967e-02 -6.060897e-01 -1.113631e+02
-6.095901e-01 1.605467e-02 7.925543e-01 3.663626e+02 7.126306e-02 9.968566e-01 3.461851e-02 4.855505e-01 -7.895071e-01 7.758292e-02 -6.088179e-01 -1.130176e+02
-6.122075e-01 1.580857e-02 7.905392e-01 3.685148e+02 7.108644e-02 9.968518e-01 3.511634e-02 5.357534e-01 -7.874952e-01 7.769508e-02 -6.114039e-01 -1.146817e+02
-6.150181e-01 1.428418e-02 7.883836e-01 3.706543e+02 7.043109e-02 9.968345e-01 3.688232e-02 5.857535e-01 -7.853612e-01 7.820999e-02 -6.140773e-01 -1.163494e+02
-6.177963e-01 1.359792e-02 7.862206e-01 3.727925e+02 6.786551e-02 9.970417e-01 3.608321e-02 6.347512e-01 -7.834041e-01 7.564932e-02 -6.168915e-01 -1.180262e+02
-6.206707e-01 1.085791e-02 7.839962e-01 3.749322e+02 5.885749e-02 9.977281e-01 3.277805e-02 6.806409e-01 -7.818591e-01 6.648841e-02 -6.198996e-01 -1.197055e+02
-6.239941e-01 1.192773e-02 7.813381e-01 3.770444e+02 4.951205e-02 9.984779e-01 2.429889e-02 7.141844e-01 -7.798589e-01 5.384800e-02 -6.236348e-01 -1.213733e+02
-6.266260e-01 2.205789e-02 7.790079e-01 3.791489e+02 5.900870e-02 9.980727e-01 1.920520e-02 7.322390e-01 -7.770829e-01 5.800271e-02 -6.267199e-01 -1.230734e+02
-6.274763e-01 2.388148e-02 7.782693e-01 3.812460e+02 6.664289e-02 9.975089e-01 2.312160e-02 7.514499e-01 -7.757784e-01 6.637436e-02 -6.275047e-01 -1.247861e+02
-6.293392e-01 1.350458e-02 7.770134e-01 3.833531e+02 6.579098e-02 9.971854e-01 3.595595e-02 7.912642e-01 -7.743408e-01 7.374895e-02 -6.284563e-01 -1.264979e+02
-6.322787e-01 3.794990e-03 7.747318e-01 3.854625e+02 6.029882e-02 9.971956e-01 4.432671e-02 8.581189e-01 -7.723909e-01 7.474223e-02 -6.307344e-01 -1.282062e+02
-6.354821e-01 -2.169544e-03 7.721126e-01 3.875638e+02 5.428748e-02 9.973957e-01 4.748350e-02 9.375737e-01 -7.702048e-01 7.209095e-02 -6.337093e-01 -1.299140e+02
-6.382772e-01 -2.563005e-03 7.698024e-01 3.896489e+02 5.281065e-02 9.974927e-01 4.710871e-02 1.015440e+00 -7.679930e-01 7.072216e-02 -6.365415e-01 -1.316273e+02
-6.407552e-01 2.180977e-03 7.677422e-01 3.917168e+02 5.798493e-02 9.972772e-01 4.556100e-02 1.088896e+00 -7.655524e-01 7.371091e-02 -6.391370e-01 -1.333507e+02
-6.427141e-01 9.281153e-03 7.660500e-01 3.937800e+02 6.314894e-02 9.971656e-01 4.090054e-02 1.154913e+00 -7.634991e-01 7.466258e-02 -6.414785e-01 -1.350831e+02
-6.451251e-01 1.299057e-02 7.639665e-01 3.958385e+02 6.465990e-02 9.971970e-01 3.764505e-02 1.214067e+00 -7.613361e-01 7.368375e-02 -6.441568e-01 -1.368244e+02
-6.480120e-01 1.202720e-02 7.615352e-01 3.978934e+02 6.400803e-02 9.971980e-01 3.871714e-02 1.272858e+00 -7.589357e-01 7.383352e-02 -6.469661e-01 -1.385702e+02
-6.508502e-01 1.161103e-02 7.591174e-01 3.999429e+02 6.462644e-02 9.971011e-01 4.015815e-02 1.334967e+00 -7.564505e-01 7.519598e-02 -6.497138e-01 -1.403176e+02
-6.532311e-01 1.121137e-02 7.570756e-01 4.019775e+02 6.522569e-02 9.970066e-01 4.151452e-02 1.399861e+00 -7.543439e-01 7.649933e-02 -6.520070e-01 -1.420688e+02
-6.550600e-01 1.168809e-02 7.554865e-01 4.040132e+02 6.588239e-02 9.969556e-01 4.170082e-02 1.463950e+00 -7.526991e-01 7.708978e-02 -6.538357e-01 -1.438398e+02
-6.564592e-01 1.172668e-02 7.542705e-01 4.060396e+02 6.614536e-02 9.969228e-01 4.206862e-02 1.530570e+00 -7.514560e-01 7.750781e-02 -6.552147e-01 -1.456094e+02
-6.576740e-01 1.232267e-02 7.532019e-01 4.080639e+02 6.689873e-02 9.968710e-01 4.210482e-02 1.596786e+00 -7.503263e-01 7.807948e-02 -6.564404e-01 -1.473861e+02
-6.587023e-01 1.203487e-02 7.523075e-01 4.100865e+02 6.824368e-02 9.967064e-01 4.380791e-02 1.665192e+00 -7.493024e-01 8.019658e-02 -6.573540e-01 -1.491653e+02
-6.597711e-01 1.115265e-02 7.513839e-01 4.120999e+02 6.999913e-02 9.964545e-01 4.667426e-02 1.739480e+00 -7.481993e-01 8.339053e-02 -6.582125e-01 -1.509391e+02
-6.608928e-01 1.078191e-02 7.504029e-01 4.141199e+02 7.151847e-02 9.962510e-01 4.867325e-02 1.820766e+00 -7.470648e-01 8.583545e-02 -6.591862e-01 -1.527256e+02
-6.619843e-01 1.147200e-02 7.494300e-01 4.161297e+02 7.086687e-02 9.963615e-01 4.734596e-02 1.902123e+00 -7.461600e-01 8.445202e-02 -6.603886e-01 -1.545063e+02
-6.634470e-01 1.166464e-02 7.481324e-01 4.181369e+02 6.703205e-02 9.967844e-01 4.390275e-02 1.980352e+00 -7.452146e-01 7.927598e-02 -6.620955e-01 -1.562858e+02
-6.647307e-01 1.113233e-02 7.470002e-01 4.201401e+02 6.397313e-02 9.970645e-01 4.206859e-02 2.051261e+00 -7.443390e-01 7.575220e-02 -6.634915e-01 -1.580701e+02
-6.666894e-01 8.669528e-03 7.452853e-01 4.241424e+02 6.129618e-02 9.971829e-01 4.323230e-02 2.186326e+00 -7.428109e-01 7.450564e-02 -6.653426e-01 -1.616509e+02
-6.684511e-01 6.991256e-03 7.437233e-01 4.281288e+02 5.725191e-02 9.974725e-01 4.208085e-02 2.325413e+00 -7.415493e-01 7.070856e-02 -6.671618e-01 -1.652378e+02
-6.664665e-01 2.245014e-03 7.455316e-01 4.360531e+02 6.807604e-02 9.960011e-01 5.785718e-02 2.650572e+00 -7.424204e-01 8.931269e-02 -6.639541e-01 -1.724221e+02
-6.640222e-01 7.332386e-04 7.477126e-01 4.400300e+02 5.667972e-02 9.971716e-01 4.935776e-02 2.843910e+00 -7.455615e-01 7.515477e-02 -6.621855e-01 -1.759705e+02
-6.623343e-01 -1.685100e-03 7.492066e-01 4.420339e+02 5.114571e-02 9.975629e-01 4.745893e-02 2.921911e+00 -7.474606e-01 6.975236e-02 -6.606339e-01 -1.777475e+02
-6.599321e-01 -2.489415e-03 7.513212e-01 4.440392e+02 4.941883e-02 9.976851e-01 4.671333e-02 3.006852e+00 -7.496982e-01 6.795703e-02 -6.582813e-01 -1.795200e+02
-6.571388e-01 -2.384720e-03 7.537658e-01 4.460460e+02 5.118087e-02 9.975460e-01 4.777584e-02 3.098726e+00 -7.520300e-01 6.997374e-02 -6.554041e-01 -1.812884e+02
-6.542341e-01 -2.031108e-03 7.562894e-01 4.480532e+02 5.211326e-02 9.974985e-01 4.775987e-02 3.192574e+00 -7.544945e-01 7.065882e-02 -6.524916e-01 -1.830447e+02
-6.518127e-01 -7.487279e-04 7.583797e-01 4.500640e+02 5.035348e-02 9.977501e-01 4.426288e-02 3.278015e+00 -7.567065e-01 6.703814e-02 -6.503084e-01 -1.847916e+02
-6.493819e-01 -1.250006e-02 7.603597e-01 4.541251e+02 3.451564e-02 9.983500e-01 4.589046e-02 3.436998e+00 -7.596787e-01 5.604473e-02 -6.478790e-01 -1.882652e+02
-6.487774e-01 -1.541144e-02 7.608223e-01 4.561580e+02 2.766377e-02 9.986564e-01 4.381885e-02 3.516788e+00 -7.604753e-01 4.947588e-02 -6.474793e-01 -1.899924e+02
-6.482236e-01 -1.648422e-02 7.612716e-01 4.581873e+02 2.535380e-02 9.987440e-01 4.321512e-02 3.593514e+00 -7.610278e-01 4.731418e-02 -6.469915e-01 -1.917203e+02
-6.471136e-01 -1.651054e-02 7.622149e-01 4.602152e+02 2.716600e-02 9.986312e-01 4.469530e-02 3.669483e+00 -7.619095e-01 4.962925e-02 -6.457792e-01 -1.934519e+02
-6.457730e-01 -1.750312e-02 7.633289e-01 4.622462e+02 2.915962e-02 9.984425e-01 4.756317e-02 3.750848e+00 -7.629724e-01 5.297338e-02 -6.442568e-01 -1.951830e+02
-6.434782e-01 -2.002168e-02 7.652026e-01 4.663135e+02 2.551058e-02 9.985416e-01 4.757953e-02 3.921999e+00 -7.650392e-01 5.013714e-02 -6.420289e-01 -1.986214e+02
-6.425776e-01 -1.892421e-02 7.659869e-01 4.683509e+02 2.470557e-02 9.986634e-01 4.539785e-02 4.004216e+00 -7.658222e-01 4.809577e-02 -6.412512e-01 -2.003376e+02
-6.415126e-01 -1.754977e-02 7.669117e-01 4.703839e+02 2.511503e-02 9.987218e-01 4.386287e-02 4.079549e+00 -7.667012e-01 4.739958e-02 -6.402518e-01 -2.020483e+02
-6.347825e-01 -1.785998e-02 7.724845e-01 4.867577e+02 2.769275e-02 9.985647e-01 4.584327e-02 4.720801e+00 -7.721945e-01 5.049271e-02 -6.333767e-01 -2.156770e+02
-6.337660e-01 -1.964247e-02 7.732754e-01 4.908629e+02 2.766558e-02 9.984623e-01 4.803691e-02 4.880930e+00 -7.730299e-01 5.183726e-02 -6.322480e-01 -2.190659e+02
-6.337949e-01 -2.127668e-02 7.732085e-01 4.949713e+02 2.566601e-02 9.984927e-01 4.851420e-02 5.038016e+00 -7.730752e-01 5.059322e-02 -6.322934e-01 -2.224476e+02
-6.341946e-01 -2.049598e-02 7.729018e-01 4.990722e+02 2.633335e-02 9.984960e-01 4.808582e-02 5.193552e+00 -7.727248e-01 5.084886e-02 -6.327010e-01 -2.258270e+02
-6.349925e-01 -2.411289e-02 7.721420e-01 5.072915e+02 2.397188e-02 9.984163e-01 5.089305e-02 5.519275e+00 -7.721463e-01 5.082639e-02 -6.334088e-01 -2.326072e+02
-6.345169e-01 -2.292727e-02 7.725689e-01 5.175493e+02 2.443340e-02 9.984653e-01 4.969846e-02 5.942483e+00 -7.725227e-01 5.041099e-02 -6.329829e-01 -2.410762e+02
-6.344472e-01 -2.404252e-02 7.725922e-01 5.196014e+02 2.355973e-02 9.984503e-01 5.041814e-02 6.026971e+00 -7.726070e-01 5.018971e-02 -6.328975e-01 -2.427680e+02
-6.342276e-01 -2.435609e-02 7.727627e-01 5.216574e+02 2.402674e-02 9.984000e-01 5.118716e-02 6.115358e+00 -7.727729e-01 5.103127e-02 -6.326276e-01 -2.444639e+02
-6.339935e-01 -2.575882e-02 7.729093e-01 5.237106e+02 2.390444e-02 9.983148e-01 5.287899e-02 6.206642e+00 -7.729689e-01 5.200088e-02 -6.323092e-01 -2.461557e+02
-6.332811e-01 -2.430248e-02 7.735402e-01 5.298651e+02 2.598185e-02 9.982758e-01 5.263383e-02 6.486799e+00 -7.734856e-01 5.343001e-02 -6.315578e-01 -2.512228e+02
-6.331693e-01 -2.508594e-02 7.736068e-01 5.339814e+02 2.469044e-02 9.983114e-01 5.258073e-02 6.677372e+00 -7.736194e-01 5.239318e-02 -6.314807e-01 -2.546036e+02
-6.333535e-01 -2.499187e-02 7.734590e-01 5.360377e+02 2.464368e-02 9.983201e-01 5.243722e-02 6.771372e+00 -7.734701e-01 5.227216e-02 -6.316735e-01 -2.562925e+02
-6.335756e-01 -2.797597e-02 7.731749e-01 5.401536e+02 2.391813e-02 9.981601e-01 5.571629e-02 6.964906e+00 -7.733110e-01 5.379337e-02 -6.317407e-01 -2.596746e+02
-6.338700e-01 -2.930732e-02 7.728842e-01 5.422136e+02 2.279970e-02 9.981395e-01 5.654772e-02 7.066817e+00 -7.731035e-01 5.346542e-02 -6.320225e-01 -2.613661e+02
-6.341505e-01 -2.755763e-02 7.727184e-01 5.442679e+02 2.260292e-02 9.982769e-01 5.415140e-02 7.168745e+00 -7.728792e-01 5.180582e-02 -6.324348e-01 -2.630547e+02
-6.344558e-01 -2.524481e-02 7.725468e-01 5.483760e+02 2.236926e-02 9.984482e-01 5.099748e-02 7.357150e+00 -7.726354e-01 4.963694e-02 -6.329065e-01 -2.664366e+02
-6.343774e-01 -2.825764e-02 7.725069e-01 5.524956e+02 2.358501e-02 9.981589e-01 5.587963e-02 7.551427e+00 -7.726636e-01 5.366835e-02 -6.325429e-01 -2.698319e+02
-6.343860e-01 -2.725994e-02 7.725357e-01 5.545493e+02 2.445367e-02 9.981701e-01 5.530245e-02 7.654529e+00 -7.726295e-01 5.397442e-02 -6.325585e-01 -2.715254e+02
-6.344310e-01 -2.582120e-02 7.725481e-01 5.586591e+02 2.523755e-02 9.982171e-01 5.408937e-02 7.857401e+00 -7.725674e-01 5.381318e-02 -6.326482e-01 -2.749141e+02
-6.341833e-01 -2.586426e-02 7.727501e-01 5.627775e+02 2.725792e-02 9.980711e-01 5.577597e-02 8.058037e+00 -7.727021e-01 5.643573e-02 -6.322549e-01 -2.783114e+02
-6.335856e-01 -2.659240e-02 7.732155e-01 5.689502e+02 2.770724e-02 9.979881e-01 5.702654e-02 8.373989e+00 -7.731763e-01 5.755485e-02 -6.315740e-01 -2.833947e+02
-6.328038e-01 -2.864444e-02 7.737822e-01 5.730773e+02 2.691291e-02 9.978980e-01 5.895046e-02 8.593947e+00 -7.738443e-01 5.812879e-02 -6.307027e-01 -2.867871e+02
-6.322726e-01 -2.939367e-02 7.741882e-01 5.772007e+02 2.522994e-02 9.979688e-01 5.849503e-02 8.816896e+00 -7.743350e-01 5.651752e-02 -6.302467e-01 -2.901677e+02
-6.296791e-01 -2.867949e-02 7.763258e-01 5.854383e+02 2.819705e-02 9.978161e-01 5.973258e-02 9.245509e+00 -7.763434e-01 5.950244e-02 -6.274952e-01 -2.969139e+02
-6.284360e-01 -2.762615e-02 7.773706e-01 5.895489e+02 2.792536e-02 9.979236e-01 5.803934e-02 9.456599e+00 -7.773598e-01 5.818235e-02 -6.263596e-01 -3.002630e+02
-6.272855e-01 -2.848438e-02 7.782683e-01 5.936716e+02 2.691617e-02 9.979409e-01 5.821879e-02 9.666809e+00 -7.783241e-01 5.746779e-02 -6.252271e-01 -3.036091e+02
-6.263289e-01 -3.020898e-02 7.789734e-01 5.978027e+02 2.504597e-02 9.979532e-01 5.883918e-02 9.883665e+00 -7.791565e-01 5.636281e-02 -6.242903e-01 -3.069488e+02
-6.260867e-01 -3.038338e-02 7.791613e-01 6.019345e+02 2.246797e-02 9.981227e-01 5.697568e-02 1.009861e+01 -7.794296e-01 5.317788e-02 -6.242287e-01 -3.102813e+02
-6.263989e-01 -3.193005e-02 7.788485e-01 6.060701e+02 2.349138e-02 9.979336e-01 5.980501e-02 1.031717e+01 -7.791486e-01 5.575801e-02 -6.243544e-01 -3.136242e+02
-6.266982e-01 -3.264678e-02 7.785779e-01 6.102041e+02 2.151846e-02 9.980160e-01 5.916888e-02 1.054205e+01 -7.789649e-01 5.383482e-02 -6.247523e-01 -3.169635e+02
-6.266057e-01 -2.915437e-02 7.787910e-01 6.143316e+02 2.264969e-02 9.981966e-01 5.559156e-02 1.075646e+01 -7.790073e-01 5.247334e-02 -6.248153e-01 -3.203039e+02
-6.265290e-01 -3.015212e-02 7.788147e-01 6.184658e+02 2.294946e-02 9.981044e-01 5.710404e-02 1.096062e+01 -7.790601e-01 5.365070e-02 -6.246494e-01 -3.236462e+02
-6.263612e-01 -3.072541e-02 7.789272e-01 6.226067e+02 2.406871e-02 9.979842e-01 5.872073e-02 1.117705e+01 -7.791613e-01 5.552815e-02 -6.243591e-01 -3.269891e+02
-6.259098e-01 -3.013968e-02 7.793129e-01 6.267459e+02 2.363144e-02 9.980612e-01 5.757943e-02 1.139641e+01 -7.795373e-01 5.445581e-02 -6.239840e-01 -3.303270e+02
-6.252310e-01 -3.031342e-02 7.798508e-01 6.308887e+02 2.380432e-02 9.980397e-01 5.787927e-02 1.161229e+01 -7.800766e-01 5.475173e-02 -6.232838e-01 -3.336656e+02
-6.246102e-01 -3.173476e-02 7.802916e-01 6.350324e+02 2.267172e-02 9.980159e-01 5.873801e-02 1.183193e+01 -7.806075e-01 5.437890e-02 -6.226514e-01 -3.369998e+02
-6.237826e-01 -3.043697e-02 7.810051e-01 6.391659e+02 2.287771e-02 9.981023e-01 5.716983e-02 1.204805e+01 -7.812630e-01 5.352914e-02 -6.219025e-01 -3.403234e+02
-6.230705e-01 -3.122445e-02 7.815422e-01 6.433047e+02 2.380466e-02 9.979830e-01 5.884960e-02 1.226642e+01 -7.818034e-01 5.527178e-02 -6.210704e-01 -3.436496e+02
-6.222250e-01 -2.898656e-02 7.823017e-01 6.474454e+02 2.429167e-02 9.981181e-01 5.630423e-02 1.248249e+01 -7.824615e-01 5.403730e-02 -6.203498e-01 -3.469686e+02
-6.210310e-01 -2.943427e-02 7.832332e-01 6.515913e+02 2.579591e-02 9.979856e-01 5.795851e-02 1.269235e+01 -7.833614e-01 5.619823e-02 -6.190207e-01 -3.502820e+02
-6.201170e-01 -3.023961e-02 7.839263e-01 6.557358e+02 2.584500e-02 9.979269e-01 5.893901e-02 1.291009e+01 -7.840835e-01 5.680964e-02 -6.180499e-01 -3.535870e+02
-6.192251e-01 -3.037229e-02 7.846259e-01 6.598779e+02 2.531333e-02 9.979601e-01 5.860753e-02 1.313000e+01 -7.848054e-01 5.615274e-02 -6.171931e-01 -3.568806e+02
-6.183042e-01 -2.895769e-02 7.854053e-01 6.640361e+02 2.521061e-02 9.980760e-01 5.664565e-02 1.334665e+01 -7.855344e-01 5.482478e-02 -6.163845e-01 -3.601819e+02
-6.181211e-01 -2.959064e-02 7.855258e-01 6.681904e+02 2.430014e-02 9.980944e-01 5.671956e-02 1.355813e+01 -7.857072e-01 5.414793e-02 -6.162241e-01 -3.634752e+02
-6.185260e-01 -3.030074e-02 7.851799e-01 6.723505e+02 2.298237e-02 9.981311e-01 5.662307e-02 1.376872e+01 -7.854281e-01 5.306812e-02 -6.166736e-01 -3.667695e+02
-6.192450e-01 -3.059867e-02 7.846014e-01 6.765090e+02 2.157463e-02 9.982001e-01 5.595653e-02 1.397893e+01 -7.849013e-01 5.157828e-02 -6.174702e-01 -3.700675e+02
-6.199262e-01 -3.124605e-02 7.840378e-01 6.806657e+02 2.229805e-02 9.981017e-01 5.740779e-02 1.418850e+01 -7.843432e-01 5.307110e-02 -6.180527e-01 -3.733743e+02
-6.204869e-01 -3.143224e-02 7.835867e-01 6.848198e+02 2.338258e-02 9.980106e-01 5.854909e-02 1.440571e+01 -7.838681e-01 5.465121e-02 -6.185175e-01 -3.766842e+02
-6.205936e-01 -2.976116e-02 7.835674e-01 6.889656e+02 2.350369e-02 9.981244e-01 5.652555e-02 1.461921e+01 -7.837800e-01 5.349611e-02 -6.187301e-01 -3.799902e+02
-6.199039e-01 -2.777842e-02 7.841859e-01 6.931156e+02 2.640585e-02 9.980686e-01 5.622883e-02 1.482707e+01 -7.842333e-01 5.556355e-02 -6.179731e-01 -3.833046e+02
-6.189651e-01 -2.720965e-02 7.849471e-01 6.972710e+02 2.818073e-02 9.979868e-01 5.681626e-02 1.503283e+01 -7.849128e-01 5.728765e-02 -6.169522e-01 -3.866143e+02
-6.180394e-01 -2.712765e-02 7.856790e-01 7.014274e+02 2.687530e-02 9.980912e-01 5.560269e-02 1.524435e+01 -7.856876e-01 5.548000e-02 -6.161306e-01 -3.899181e+02
-6.171660e-01 -2.735725e-02 7.863573e-01 7.055829e+02 2.604813e-02 9.981372e-01 5.516869e-02 1.544804e+01 -7.864017e-01 5.453136e-02 -6.153037e-01 -3.932168e+02
-6.160735e-01 -2.860175e-02 7.871692e-01 7.097441e+02 2.784834e-02 9.979249e-01 5.805488e-02 1.565581e+01 -7.871962e-01 5.768742e-02 -6.139986e-01 -3.965177e+02
-6.150152e-01 -2.666353e-02 7.880644e-01 7.139054e+02 2.958742e-02 9.979439e-01 5.685502e-02 1.587836e+01 -7.879600e-01 5.828347e-02 -6.129617e-01 -3.998001e+02
-6.135181e-01 -2.465817e-02 7.892956e-01 7.180631e+02 2.992731e-02 9.980683e-01 5.444283e-02 1.610183e+01 -7.891133e-01 5.702314e-02 -6.115950e-01 -4.030674e+02
-6.121955e-01 -2.349402e-02 7.903574e-01 7.222296e+02 3.054747e-02 9.981095e-01 5.333110e-02 1.632798e+01 -7.901162e-01 5.679246e-02 -6.103204e-01 -4.063296e+02
-6.106438e-01 -2.477735e-02 7.915177e-01 7.264057e+02 2.932406e-02 9.981174e-01 5.386772e-02 1.654399e+01 -7.913623e-01 5.610449e-02 -6.087676e-01 -4.095850e+02
-6.096062e-01 -2.574941e-02 7.922862e-01 7.305888e+02 2.684648e-02 9.982283e-01 5.309895e-02 1.677343e+01 -7.922497e-01 5.363952e-02 -6.078348e-01 -4.128287e+02
-6.082262e-01 -2.245372e-02 7.934462e-01 7.347664e+02 2.985769e-02 9.982452e-01 5.113711e-02 1.698171e+01 -7.932020e-01 5.479338e-02 -6.064884e-01 -4.160734e+02
-6.078964e-01 -2.428475e-02 7.936449e-01 7.389533e+02 2.923173e-02 9.981701e-01 5.293321e-02 1.717540e+01 -7.934781e-01 5.537751e-02 -6.060741e-01 -4.193157e+02
-6.082645e-01 -2.631943e-02 7.932980e-01 7.431419e+02 2.598236e-02 9.982542e-01 5.304138e-02 1.737146e+01 -7.933090e-01 5.287493e-02 -6.065187e-01 -4.225508e+02
-6.070151e-01 -2.472784e-02 7.943055e-01 7.494207e+02 2.930458e-02 9.981394e-01 5.346828e-02 1.765191e+01 -7.941498e-01 5.573283e-02 -6.051611e-01 -4.274134e+02
-6.053864e-01 -1.987480e-02 7.956836e-01 7.557109e+02 3.322671e-02 9.981856e-01 5.021309e-02 1.794006e+01 -7.952379e-01 5.683625e-02 -6.036276e-01 -4.322706e+02
-6.037548e-01 -1.753328e-02 7.969773e-01 7.599091e+02 3.433796e-02 9.982581e-01 4.797432e-02 1.809594e+01 -7.964302e-01 5.633129e-02 -6.021010e-01 -4.354976e+02
-6.020180e-01 -1.978524e-02 7.982374e-01 7.641249e+02 3.417750e-02 9.981383e-01 5.051613e-02 1.825478e+01 -7.977507e-01 5.769337e-02 -6.002209e-01 -4.387221e+02
-6.004185e-01 -2.003886e-02 7.994349e-01 7.683468e+02 3.292078e-02 9.982191e-01 4.974691e-02 1.842281e+01 -7.990080e-01 5.618697e-02 -5.986895e-01 -4.419355e+02
-5.987543e-01 -1.969439e-02 8.006906e-01 7.725730e+02 3.265637e-02 9.982660e-01 4.897443e-02 1.858489e+01 -8.002667e-01 5.547129e-02 -5.970729e-01 -4.451404e+02
-5.974378e-01 -1.903383e-02 8.016893e-01 7.768050e+02 3.277318e-02 9.983035e-01 4.812521e-02 1.874823e+01 -8.012452e-01 5.502572e-02 -5.958004e-01 -4.483389e+02
-5.969038e-01 -2.058569e-02 8.020487e-01 7.810382e+02 3.201801e-02 9.982632e-01 4.945037e-02 1.891026e+01 -8.016737e-01 5.519710e-02 -5.952079e-01 -4.515290e+02
-5.974656e-01 -2.224858e-02 8.015859e-01 7.852706e+02 2.912478e-02 9.983534e-01 4.941828e-02 1.907913e+01 -8.013655e-01 5.287172e-02 -5.958338e-01 -4.547110e+02
-5.981217e-01 -2.168296e-02 8.011120e-01 7.894935e+02 2.823897e-02 9.984429e-01 4.810754e-02 1.924372e+01 -8.009076e-01 5.139672e-02 -5.965780e-01 -4.578927e+02
-5.992125e-01 -2.052399e-02 8.003270e-01 7.937097e+02 3.030339e-02 9.983735e-01 4.829123e-02 1.940541e+01 -8.000163e-01 5.318931e-02 -5.976158e-01 -4.610817e+02
-6.006924e-01 -2.038464e-02 7.992204e-01 8.021083e+02 2.956262e-02 9.984248e-01 4.768468e-02 1.973792e+01 -7.989335e-01 5.227086e-02 -5.991435e-01 -4.674543e+02
-6.003047e-01 -1.760474e-02 7.995777e-01 8.062987e+02 2.964167e-02 9.985810e-01 4.424059e-02 1.988938e+01 -7.992219e-01 5.025863e-02 -5.989310e-01 -4.706373e+02
-5.993871e-01 -1.845460e-02 8.002466e-01 8.104902e+02 3.014063e-02 9.985049e-01 4.560208e-02 2.003686e+01 -7.998916e-01 5.145323e-02 -5.979347e-01 -4.738196e+02
-5.979350e-01 -1.814869e-02 8.013392e-01 8.146888e+02 3.220231e-02 9.983925e-01 4.663993e-02 2.019413e+01 -8.008975e-01 5.369261e-02 -5.963893e-01 -4.770013e+02
-5.957648e-01 -1.758585e-02 8.029665e-01 8.188949e+02 3.362588e-02 9.983375e-01 4.681356e-02 2.035380e+01 -8.024547e-01 5.489031e-02 -5.941829e-01 -4.801748e+02
-5.934821e-01 -1.771187e-02 8.046523e-01 8.231164e+02 3.443497e-02 9.982836e-01 4.737201e-02 2.051693e+01 -8.041102e-01 5.582260e-02 -5.918535e-01 -4.833404e+02
-5.912662e-01 -1.944743e-02 8.062420e-01 8.273472e+02 3.392734e-02 9.982244e-01 4.895922e-02 2.068385e+01 -8.057625e-01 5.630156e-02 -5.895565e-01 -4.864927e+02
-5.877450e-01 -2.021865e-02 8.087936e-01 8.358541e+02 3.277724e-02 9.982718e-01 4.877434e-02 2.103407e+01 -8.083820e-01 5.517688e-02 -5.860666e-01 -4.927761e+02
-5.881475e-01 -2.531938e-02 8.083573e-01 8.465437e+02 2.869503e-02 9.982272e-01 5.214451e-02 2.149439e+01 -8.082445e-01 5.386448e-02 -5.863782e-01 -5.006257e+02
-5.876245e-01 -2.492353e-02 8.087498e-01 8.508213e+02 2.758645e-02 9.983273e-01 5.080966e-02 2.167907e+01 -8.086633e-01 5.216753e-02 -5.859540e-01 -5.037670e+02
-5.868245e-01 -2.557033e-02 8.093104e-01 8.551147e+02 2.658898e-02 9.983537e-01 5.082265e-02 2.186598e+01 -8.092775e-01 5.134270e-02 -5.851784e-01 -5.069135e+02
-5.452264e-01 -3.889550e-02 8.373860e-01 1.012137e+03 3.458862e-02 9.970285e-01 6.883151e-02 3.021781e+01 -8.375749e-01 6.649277e-02 -5.422609e-01 -6.151186e+02
-5.444560e-01 -3.796338e-02 8.379299e-01 1.016458e+03 3.427748e-02 9.971337e-01 6.744854e-02 3.047099e+01 -8.380887e-01 6.544487e-02 -5.415942e-01 -6.179592e+02
-5.441087e-01 -3.800943e-02 8.381534e-01 1.018616e+03 3.548209e-02 9.970372e-01 6.824876e-02 3.059832e+01 -8.382641e-01 6.687416e-02 -5.411479e-01 -6.193811e+02
-5.389445e-01 -3.930075e-02 8.414240e-01 1.040088e+03 2.807220e-02 9.975181e-01 6.457215e-02 3.182813e+01 -8.418734e-01 5.842142e-02 -5.365036e-01 -6.334108e+02
-5.311356e-01 -3.497407e-02 8.465647e-01 1.057226e+03 3.704119e-02 9.972340e-01 6.443834e-02 3.277429e+01 -8.464767e-01 6.558325e-02 -5.283710e-01 -6.444173e+02
-5.296565e-01 -3.954401e-02 8.472900e-01 1.061525e+03 3.656364e-02 9.969197e-01 6.938401e-02 3.302930e+01 -8.474237e-01 6.772969e-02 -5.265791e-01 -6.471441e+02
-5.288308e-01 -4.329705e-02 8.476222e-01 1.065821e+03 2.799712e-02 9.972645e-01 6.840825e-02 3.329059e+01 -8.482653e-01 5.990736e-02 -5.261719e-01 -6.498375e+02
-5.202820e-01 -3.976978e-02 8.530681e-01 1.100195e+03 3.908837e-02 9.967591e-01 7.030842e-02 3.517977e+01 -8.530995e-01 6.992523e-02 -5.170412e-01 -6.713409e+02
-5.192332e-01 -3.745058e-02 8.538117e-01 1.102354e+03 4.001063e-02 9.968788e-01 6.805778e-02 3.531100e+01 -8.536955e-01 6.949939e-02 -5.161140e-01 -6.726726e+02
-5.172653e-01 -3.497892e-02 8.551100e-01 1.106668e+03 3.945567e-02 9.971273e-01 6.465540e-02 3.554872e+01 -8.549151e-01 6.718292e-02 -5.143992e-01 -6.753171e+02
-5.075778e-01 -3.497763e-02 8.608957e-01 1.130564e+03 3.864487e-02 9.972459e-01 6.330218e-02 3.687463e+01 -8.607388e-01 6.539997e-02 -5.048281e-01 -6.897431e+02
-5.065972e-01 -3.485421e-02 8.614781e-01 1.132753e+03 3.822998e-02 9.972917e-01 6.283040e-02 3.699032e+01 -8.613348e-01 6.476399e-02 -5.038927e-01 -6.910464e+02
-5.057981e-01 -3.389163e-02 8.619859e-01 1.134946e+03 3.856897e-02 9.973403e-01 6.184508e-02 3.710266e+01 -8.617892e-01 6.452701e-02 -5.031456e-01 -6.923504e+02
-5.027135e-01 -3.389140e-02 8.637885e-01 1.143749e+03 3.903632e-02 9.973218e-01 6.184930e-02 3.754673e+01 -8.635713e-01 6.481158e-02 -5.000441e-01 -6.975560e+02
-5.021790e-01 -3.558053e-02 8.640314e-01 1.148163e+03 3.679896e-02 9.973689e-01 6.245905e-02 3.777645e+01 -8.639803e-01 6.316107e-02 -4.995483e-01 -7.001487e+02
-5.022953e-01 -3.581665e-02 8.639541e-01 1.150376e+03 3.555618e-02 9.974412e-01 6.202263e-02 3.789135e+01 -8.639648e-01 6.187256e-02 -4.997365e-01 -7.014450e+02
-5.025890e-01 -3.683229e-02 8.637406e-01 1.152585e+03 3.537324e-02 9.973792e-01 6.311381e-02 3.800681e+01 -8.638015e-01 6.227359e-02 -4.999689e-01 -7.027408e+02
-5.030194e-01 -3.510970e-02 8.635617e-01 1.157012e+03 3.622457e-02 9.974400e-01 6.165336e-02 3.824356e+01 -8.635156e-01 6.229497e-02 -5.004598e-01 -7.053377e+02
-5.033083e-01 -3.555327e-02 8.633752e-01 1.161448e+03 3.787397e-02 9.972853e-01 6.314639e-02 3.848244e+01 -8.632765e-01 6.448153e-02 -5.005954e-01 -7.079363e+02
-5.036455e-01 -3.330733e-02 8.632681e-01 1.165886e+03 3.899425e-02 9.973616e-01 6.123095e-02 3.871705e+01 -8.630299e-01 6.450117e-02 -5.010179e-01 -7.105384e+02
-5.039031e-01 -3.504066e-02 8.630492e-01 1.170337e+03 3.829730e-02 9.972878e-01 6.285128e-02 3.895544e+01 -8.629108e-01 6.472339e-02 -5.011944e-01 -7.131505e+02
-5.031224e-01 -3.041031e-02 8.636800e-01 1.174790e+03 4.071460e-02 9.974369e-01 5.883752e-02 3.919328e+01 -8.632556e-01 6.476685e-02 -5.005947e-01 -7.157678e+02
-5.020098e-01 -3.281038e-02 8.642394e-01 1.179271e+03 4.146768e-02 9.972177e-01 6.194611e-02 3.941873e+01 -8.638672e-01 6.693554e-02 -4.992524e-01 -7.183940e+02
-5.016674e-01 -3.743195e-02 8.642504e-01 1.183758e+03 4.127892e-02 9.968894e-01 6.713771e-02 3.967071e+01 -8.640752e-01 6.935610e-02 -4.985617e-01 -7.210223e+02
-5.011283e-01 -3.664291e-02 8.645969e-01 1.188272e+03 3.934465e-02 9.971052e-01 6.506332e-02 3.993274e+01 -8.644781e-01 6.662232e-02 -4.982359e-01 -7.236591e+02
-5.002405e-01 -3.607974e-02 8.651345e-01 1.192784e+03 3.954090e-02 9.971373e-01 6.444826e-02 4.018605e+01 -8.649832e-01 6.644781e-02 -4.973818e-01 -7.262948e+02
-4.985463e-01 -3.378706e-02 8.662044e-01 1.197315e+03 4.053673e-02 9.972383e-01 6.222918e-02 4.043252e+01 -8.659147e-01 6.613720e-02 -4.957998e-01 -7.289370e+02
-4.970255e-01 -3.263259e-02 8.671222e-01 1.201867e+03 4.126176e-02 9.972734e-01 6.118141e-02 4.067201e+01 -8.667543e-01 6.618769e-02 -4.943238e-01 -7.315819e+02
-4.956990e-01 -3.323065e-02 8.678584e-01 1.206417e+03 4.220870e-02 9.971651e-01 6.229041e-02 4.090637e+01 -8.674681e-01 6.750846e-02 -4.928911e-01 -7.342126e+02
-4.944594e-01 -3.504143e-02 8.684941e-01 1.210993e+03 4.168451e-02 9.970814e-01 6.396180e-02 4.114443e+01 -8.682006e-01 6.782925e-02 -4.915555e-01 -7.368459e+02
-4.927929e-01 -3.458554e-02 8.694590e-01 1.215578e+03 4.250989e-02 9.970598e-01 6.375507e-02 4.138330e+01 -8.691076e-01 6.837864e-02 -4.898737e-01 -7.394756e+02
-4.897948e-01 -3.214880e-02 8.712448e-01 1.220173e+03 4.339884e-02 9.971819e-01 6.119374e-02 4.161726e+01 -8.707569e-01 6.778338e-02 -4.870193e-01 -7.421052e+02
-4.866466e-01 -2.912757e-02 8.731133e-01 1.224787e+03 4.363457e-02 9.973860e-01 5.759395e-02 4.183738e+01 -8.725085e-01 6.612581e-02 -4.841035e-01 -7.447223e+02
-4.839808e-01 -2.937514e-02 8.745855e-01 1.229416e+03 4.405987e-02 9.973508e-01 5.788050e-02 4.204989e+01 -8.739687e-01 6.654716e-02 -4.814043e-01 -7.473281e+02
-4.824974e-01 -3.015414e-02 8.753782e-01 1.234074e+03 4.149738e-02 9.974980e-01 5.723362e-02 4.226955e+01 -8.749138e-01 6.394096e-02 -4.800389e-01 -7.499294e+02
-4.812640e-01 -2.785717e-02 8.761330e-01 1.238735e+03 4.022915e-02 9.977398e-01 5.382179e-02 4.248429e+01 -8.756520e-01 6.114856e-02 -4.790556e-01 -7.525197e+02
-4.800560e-01 -2.679695e-02 8.768285e-01 1.243423e+03 4.189717e-02 9.976923e-01 5.342904e-02 4.268651e+01 -8.762367e-01 6.238555e-02 -4.778255e-01 -7.551203e+02
-4.789601e-01 -2.763047e-02 8.774018e-01 1.248123e+03 4.198479e-02 9.976396e-01 5.433576e-02 4.288754e+01 -8.768321e-01 6.286217e-02 -4.766694e-01 -7.577175e+02
-4.770816e-01 -3.079840e-02 8.783192e-01 1.255209e+03 4.074245e-02 9.975362e-01 5.710906e-02 4.320690e+01 -8.779141e-01 6.303055e-02 -4.746514e-01 -7.616116e+02
-4.757567e-01 -3.155398e-02 8.790108e-01 1.259949e+03 4.252331e-02 9.973626e-01 5.881783e-02 4.343590e+01 -8.785484e-01 6.536141e-02 -4.731602e-01 -7.642087e+02
-4.743670e-01 -2.406703e-02 8.799982e-01 1.264716e+03 4.159496e-02 9.978970e-01 4.971339e-02 4.365179e+01 -8.793439e-01 6.018586e-02 -4.723683e-01 -7.668074e+02
-4.727143e-01 -1.714449e-02 8.810490e-01 1.269473e+03 4.211108e-02 9.982289e-01 4.201881e-02 4.381598e+01 -8.802090e-01 5.696480e-02 -4.711551e-01 -7.693932e+02
-4.714063e-01 -2.046813e-02 8.816786e-01 1.274261e+03 4.231779e-02 9.980541e-01 4.579579e-02 4.397657e+01 -8.809003e-01 5.889910e-02 -4.696228e-01 -7.719869e+02
-4.706896e-01 -2.523269e-02 8.819380e-01 1.279074e+03 4.141190e-02 9.978575e-01 5.065069e-02 4.415904e+01 -8.813265e-01 6.036346e-02 -4.686361e-01 -7.745821e+02
-4.697773e-01 -2.548182e-02 8.824172e-01 1.283885e+03 4.201929e-02 9.978049e-01 5.118394e-02 4.434661e+01 -8.817844e-01 6.112358e-02 -4.676753e-01 -7.771708e+02
-4.686361e-01 -2.366345e-02 8.830744e-01 1.288696e+03 4.167369e-02 9.979360e-01 4.885704e-02 4.452846e+01 -8.824078e-01 5.969712e-02 -4.666826e-01 -7.797516e+02
-4.675683e-01 -2.099316e-02 8.837076e-01 1.293510e+03 4.225906e-02 9.980440e-01 4.606851e-02 4.469610e+01 -8.829462e-01 5.888481e-02 -4.657666e-01 -7.823282e+02
-4.664224e-01 -2.271908e-02 8.842704e-01 1.298329e+03 4.184723e-02 9.979841e-01 4.771364e-02 4.485866e+01 -8.835717e-01 5.925897e-02 -4.645313e-01 -7.848990e+02
-4.655366e-01 -2.258759e-02 8.847404e-01 1.303154e+03 4.168539e-02 9.980051e-01 4.741346e-02 4.502280e+01 -8.840463e-01 5.895343e-02 -4.636663e-01 -7.874640e+02
-4.642827e-01 -1.980744e-02 8.854656e-01 1.307966e+03 4.264627e-02 9.980903e-01 4.468783e-02 4.518137e+01 -8.846597e-01 5.850957e-02 -4.625513e-01 -7.900173e+02
-4.633665e-01 -1.774400e-02 8.859891e-01 1.312794e+03 4.306842e-02 9.981671e-01 4.251513e-02 4.532493e+01 -8.851195e-01 5.785823e-02 -4.617530e-01 -7.925713e+02
-4.622418e-01 -2.039662e-02 8.865193e-01 1.317624e+03 4.251477e-02 9.980760e-01 4.513096e-02 4.546362e+01 -8.857341e-01 5.855157e-02 -4.604853e-01 -7.951168e+02
-4.610104e-01 -1.804203e-02 8.872113e-01 1.322449e+03 4.442970e-02 9.980701e-01 4.338286e-02 4.562651e+01 -8.862818e-01 5.941847e-02 -4.593191e-01 -7.976481e+02
-4.599869e-01 -1.855658e-02 8.877318e-01 1.327287e+03 4.317472e-02 9.981315e-01 4.323571e-02 4.580071e+01 -8.868754e-01 5.821542e-02 -4.583263e-01 -8.001723e+02
-4.588565e-01 -1.549390e-02 8.883753e-01 1.332123e+03 4.186330e-02 9.983605e-01 3.903501e-02 4.592005e+01 -8.875236e-01 5.510178e-02 -4.574555e-01 -8.026887e+02
-4.579285e-01 -1.459570e-02 8.888692e-01 1.336962e+03 4.179100e-02 9.984063e-01 3.792428e-02 4.601545e+01 -8.880062e-01 5.451333e-02 -4.565887e-01 -8.052106e+02
-4.570247e-01 -1.638847e-02 8.893030e-01 1.341797e+03 4.310083e-02 9.982476e-01 4.054624e-02 4.611465e+01 -8.884091e-01 5.686032e-02 -4.555175e-01 -8.077231e+02
-4.561369e-01 -1.415073e-02 8.897971e-01 1.346638e+03 4.159980e-02 9.984414e-01 3.720384e-02 4.621961e+01 -8.889367e-01 5.398542e-02 -4.548373e-01 -8.102296e+02
-4.553181e-01 -1.245396e-02 8.902417e-01 1.351478e+03 4.176598e-02 9.985026e-01 3.532985e-02 4.632033e+01 -8.893486e-01 5.326813e-02 -4.541161e-01 -8.127339e+02
-4.542477e-01 -1.307768e-02 8.907795e-01 1.356319e+03 4.258238e-02 9.984306e-01 3.637274e-02 4.641171e+01 -8.898572e-01 5.445373e-02 -4.529779e-01 -8.152327e+02
-4.536658e-01 -1.372142e-02 8.910663e-01 1.358741e+03 4.260303e-02 9.984043e-01 3.706465e-02 4.645846e+01 -8.901530e-01 5.477708e-02 -4.523573e-01 -8.164808e+02
-4.531468e-01 -1.363795e-02 8.913316e-01 1.361156e+03 4.217544e-02 9.984352e-01 3.671841e-02 4.650728e+01 -8.904376e-01 5.423112e-02 -4.518625e-01 -8.177234e+02
-4.522222e-01 -1.282279e-02 8.918132e-01 1.365979e+03 4.208703e-02 9.984760e-01 3.569798e-02 4.660484e+01 -8.909117e-01 5.367717e-02 -4.509933e-01 -8.201971e+02
-4.512406e-01 -1.308845e-02 8.923064e-01 1.370797e+03 4.172756e-02 9.984893e-01 3.574763e-02 4.670062e+01 -8.914262e-01 5.336454e-02 -4.500127e-01 -8.226635e+02
-4.501576e-01 -1.202649e-02 8.928682e-01 1.375612e+03 4.206122e-02 9.985138e-01 3.465550e-02 4.679807e+01 -8.919579e-01 5.315554e-02 -4.489827e-01 -8.251194e+02
-4.475542e-01 -8.030314e-03 8.942208e-01 1.382830e+03 4.359172e-02 9.985750e-01 3.078492e-02 4.692624e+01 -8.931937e-01 5.275853e-02 -4.465663e-01 -8.287850e+02
-4.461190e-01 -6.109051e-03 8.949529e-01 1.387647e+03 4.298235e-02 9.986765e-01 2.824305e-02 4.699431e+01 -8.939409e-01 5.106692e-02 -4.452659e-01 -8.312155e+02
-4.447396e-01 -6.797164e-03 8.956342e-01 1.392473e+03 4.116234e-02 9.987595e-01 2.801953e-02 4.705185e+01 -8.947135e-01 4.932778e-02 -4.439081e-01 -8.336398e+02
-4.431812e-01 -7.331661e-03 8.964021e-01 1.397297e+03 4.064830e-02 9.987736e-01 2.826547e-02 4.710779e+01 -8.955099e-01 4.896394e-02 -4.423397e-01 -8.360545e+02
-4.423161e-01 -7.928393e-03 8.968242e-01 1.399712e+03 4.083333e-02 9.987459e-01 2.896854e-02 4.713563e+01 -8.959291e-01 4.943356e-02 -4.414376e-01 -8.372586e+02
-4.415503e-01 -7.757886e-03 8.972030e-01 1.402118e+03 4.109353e-02 9.987384e-01 2.885964e-02 4.716495e+01 -8.962949e-01 4.961221e-02 -4.406744e-01 -8.384586e+02
-4.408141e-01 -6.864951e-03 8.975722e-01 1.404531e+03 4.206684e-02 9.987139e-01 2.829830e-02 4.719420e+01 -8.966121e-01 5.023230e-02 -4.399584e-01 -8.396596e+02
-4.400229e-01 -6.675482e-03 8.979618e-01 1.406940e+03 4.260319e-02 9.986911e-01 2.830089e-02 4.722089e+01 -8.969753e-01 5.070907e-02 -4.391625e-01 -8.408560e+02
-4.392519e-01 -6.508715e-03 8.983404e-01 1.409345e+03 4.344643e-02 9.986497e-01 2.847901e-02 4.724749e+01 -8.973127e-01 5.153913e-02 -4.383760e-01 -8.420488e+02
-4.375662e-01 -4.113388e-03 8.991768e-01 1.414145e+03 4.385315e-02 9.987019e-01 2.590892e-02 4.729259e+01 -8.981162e-01 5.076859e-02 -4.368178e-01 -8.444199e+02
-4.367389e-01 -3.102551e-03 8.995830e-01 1.416545e+03 4.374984e-02 9.987375e-01 2.468465e-02 4.731261e+01 -8.985238e-01 5.013735e-02 -4.360518e-01 -8.456026e+02
-4.350416e-01 -1.159341e-03 9.004097e-01 1.421338e+03 4.516932e-02 9.987120e-01 2.310989e-02 4.734203e+01 -8.992767e-01 5.072464e-02 -4.344288e-01 -8.479587e+02
-4.343995e-01 -2.052241e-03 9.007180e-01 1.423739e+03 4.460160e-02 9.987216e-01 2.378605e-02 4.735820e+01 -8.996153e-01 5.050610e-02 -4.337526e-01 -8.491316e+02
-4.339416e-01 -1.842975e-03 9.009391e-01 1.426137e+03 4.385551e-02 9.987692e-01 2.316631e-02 4.737431e+01 -8.998729e-01 4.956396e-02 -4.333267e-01 -8.503038e+02
-4.334386e-01 -1.343399e-03 9.011822e-01 1.428540e+03 4.357482e-02 9.987979e-01 2.244694e-02 4.739107e+01 -9.001290e-01 4.899821e-02 -4.328590e-01 -8.514737e+02
-4.329478e-01 7.404537e-05 9.014190e-01 1.430939e+03 4.315982e-02 9.988548e-01 2.064743e-02 4.740614e+01 -9.003851e-01 4.784433e-02 -4.324551e-01 -8.526428e+02
-4.318036e-01 1.893540e-03 9.019657e-01 1.435735e+03 4.310806e-02 9.988983e-01 1.854034e-02 4.742141e+01 -9.009369e-01 4.688776e-02 -4.314095e-01 -8.549747e+02
-4.307241e-01 1.516974e-04 9.024837e-01 1.440537e+03 4.246544e-02 9.988957e-01 2.009937e-02 4.742646e+01 -9.014840e-01 4.698163e-02 -4.302548e-01 -8.573020e+02
-4.297253e-01 1.296619e-03 9.029588e-01 1.445330e+03 4.221789e-02 9.989342e-01 1.865738e-02 4.743887e+01 -9.019722e-01 4.613855e-02 -4.293220e-01 -8.596177e+02
-4.283672e-01 8.065164e-04 9.036044e-01 1.450116e+03 4.186370e-02 9.989435e-01 1.895449e-02 4.745202e+01 -9.026344e-01 4.594769e-02 -4.279484e-01 -8.619226e+02
-4.279515e-01 1.090654e-03 9.038011e-01 1.452509e+03 4.158581e-02 9.989639e-01 1.848546e-02 4.745636e+01 -9.028444e-01 4.549616e-02 -4.275534e-01 -8.630706e+02
-4.274579e-01 5.215355e-04 9.040351e-01 1.454899e+03 4.122704e-02 9.989707e-01 1.891721e-02 4.745953e+01 -9.030947e-01 4.535699e-02 -4.270394e-01 -8.642129e+02
-4.269578e-01 -1.631143e-04 9.042716e-01 1.457288e+03 4.163262e-02 9.989360e-01 1.983730e-02 4.746458e+01 -9.033126e-01 4.611687e-02 -4.264967e-01 -8.653539e+02
-4.257562e-01 -1.093507e-03 9.048373e-01 1.462058e+03 4.241997e-02 9.988756e-01 2.116716e-02 4.747405e+01 -9.038430e-01 4.739521e-02 -4.252311e-01 -8.676272e+02
-4.245447e-01 -6.486388e-04 9.054068e-01 1.466807e+03 4.298163e-02 9.988578e-01 2.086964e-02 4.747599e+01 -9.043862e-01 4.777594e-02 -4.240319e-01 -8.698865e+02
-4.233020e-01 -3.050497e-04 9.059886e-01 1.471550e+03 4.241106e-02 9.988970e-01 2.015190e-02 4.746029e+01 -9.049954e-01 4.695427e-02 -4.228221e-01 -8.721350e+02
-4.222627e-01 -1.799469e-04 9.064735e-01 1.476283e+03 4.245951e-02 9.988984e-01 1.997721e-02 4.743923e+01 -9.054785e-01 4.692404e-02 -4.217899e-01 -8.743734e+02
-4.213519e-01 -8.263058e-04 9.068969e-01 1.481001e+03 4.227854e-02 9.988944e-01 2.055308e-02 4.742477e+01 -9.059112e-01 4.700234e-02 -4.208511e-01 -8.765934e+02
-4.214195e-01 -2.631344e-03 9.068620e-01 1.485696e+03 4.104568e-02 9.989156e-01 2.197240e-02 4.743611e+01 -9.059364e-01 4.648236e-02 -4.208545e-01 -8.787965e+02
-4.217234e-01 -3.761429e-03 9.067167e-01 1.490381e+03 4.155880e-02 9.988603e-01 2.347310e-02 4.745675e+01 -9.057716e-01 4.758121e-02 -4.210864e-01 -8.809934e+02
-4.215525e-01 -3.800101e-03 9.067961e-01 1.495041e+03 4.064297e-02 9.989071e-01 2.308026e-02 4.747876e+01 -9.058927e-01 4.658442e-02 -4.209373e-01 -8.831750e+02
-4.212827e-01 -5.427972e-03 9.069132e-01 1.499686e+03 3.990886e-02 9.989025e-01 2.451715e-02 4.751405e+01 -9.060508e-01 4.652251e-02 -4.206037e-01 -8.853464e+02
-4.203835e-01 -2.312733e-03 9.073436e-01 1.504298e+03 4.143365e-02 9.989046e-01 2.174283e-02 4.754396e+01 -9.064000e-01 4.673487e-02 -4.198272e-01 -8.875023e+02
-4.191708e-01 -3.871822e-03 9.078992e-01 1.508913e+03 4.296582e-02 9.987859e-01 2.409643e-02 4.756552e+01 -9.068901e-01 4.910914e-02 -4.184955e-01 -8.896524e+02
-4.180522e-01 -3.871311e-03 9.084148e-01 1.513510e+03 4.362082e-02 9.987518e-01 2.433057e-02 4.759751e+01 -9.073751e-01 4.979723e-02 -4.173615e-01 -8.917874e+02
-4.168562e-01 -1.810196e-03 9.089707e-01 1.518096e+03 4.425264e-02 9.987718e-01 2.228339e-02 4.762399e+01 -9.078946e-01 4.951331e-02 -4.162640e-01 -8.939096e+02
-4.157740e-01 -4.596890e-03 9.094564e-01 1.522676e+03 4.362042e-02 9.987356e-01 2.498999e-02 4.764596e+01 -9.084213e-01 5.006105e-02 -4.150477e-01 -8.960191e+02
-4.146836e-01 -6.265259e-03 9.099442e-01 1.527242e+03 4.329189e-02 9.987081e-01 2.660558e-02 4.768706e+01 -9.089353e-01 5.042608e-02 -4.138766e-01 -8.981170e+02
-4.134721e-01 -3.057610e-03 9.105117e-01 1.531795e+03 4.374900e-02 9.987726e-01 2.322083e-02 4.772020e+01 -9.094651e-01 4.943512e-02 -4.128308e-01 -9.002017e+02
-4.120512e-01 -2.077011e-03 9.111583e-01 1.536337e+03 4.372837e-02 9.988000e-01 2.205198e-02 4.773818e+01 -9.101107e-01 4.893000e-02 -4.114659e-01 -9.022742e+02
-4.109377e-01 -8.137194e-03 9.116271e-01 1.540873e+03 4.298603e-02 9.986750e-01 2.829116e-02 4.776928e+01 -9.106494e-01 5.081312e-02 -4.100434e-01 -9.043349e+02
-4.098924e-01 -7.215828e-03 9.121054e-01 1.545392e+03 4.264259e-02 9.987237e-01 2.706429e-02 4.781679e+01 -9.111365e-01 4.998797e-02 -4.090615e-01 -9.063787e+02
-4.083700e-01 -4.332459e-03 9.128062e-01 1.549884e+03 4.407901e-02 9.987285e-01 2.446027e-02 4.784794e+01 -9.117516e-01 5.022442e-02 -4.076598e-01 -9.084067e+02
-4.072216e-01 -6.471444e-03 9.133065e-01 1.554374e+03 4.317673e-02 9.987205e-01 2.632813e-02 4.787274e+01 -9.123082e-01 5.015496e-02 -4.064211e-01 -9.104252e+02
-4.079076e-01 -8.854263e-03 9.129803e-01 1.558842e+03 4.101198e-02 9.987659e-01 2.800984e-02 4.790468e+01 -9.121016e-01 4.886854e-02 -4.070410e-01 -9.124266e+02
-4.121763e-01 -9.627893e-03 9.110533e-01 1.572126e+03 3.985681e-02 9.987964e-01 2.858706e-02 4.804377e+01 -9.102319e-01 4.809457e-02 -4.112964e-01 -9.184232e+02
-4.135007e-01 -9.862737e-03 9.104504e-01 1.576528e+03 4.058907e-02 9.987476e-01 2.925364e-02 4.809301e+01 -9.095986e-01 4.905073e-02 -4.125824e-01 -9.204289e+02
-4.147282e-01 -8.807796e-03 9.099028e-01 1.580910e+03 4.066240e-02 9.987748e-01 2.820174e-02 4.814314e+01 -9.090363e-01 4.869488e-02 -4.138619e-01 -9.224315e+02
-4.166357e-01 -8.618182e-03 9.090327e-01 1.585294e+03 4.142320e-02 9.987364e-01 2.845406e-02 4.818910e+01 -9.081293e-01 4.951001e-02 -4.157522e-01 -9.244438e+02
-4.206667e-01 -1.117204e-02 9.071465e-01 1.589656e+03 3.971371e-02 9.987388e-01 3.071629e-02 4.823639e+01 -9.063456e-01 4.894746e-02 -4.196924e-01 -9.264574e+02
-4.304913e-01 -1.352137e-02 9.024935e-01 1.598309e+03 3.814354e-02 9.987220e-01 3.315763e-02 4.834906e+01 -9.017883e-01 4.869836e-02 -4.294254e-01 -9.305255e+02
-4.564350e-01 -1.141528e-02 8.896835e-01 1.627692e+03 4.109182e-02 9.985803e-01 3.389387e-02 4.881364e+01 -8.888073e-01 5.202905e-02 -4.553179e-01 -9.451948e+02
-4.576683e-01 -1.104152e-02 8.890545e-01 1.631780e+03 3.910888e-02 9.987051e-01 3.253581e-02 4.887178e+01 -8.882624e-01 4.966052e-02 -4.566438e-01 -9.473020e+02
-4.581958e-01 -1.066483e-02 8.887874e-01 1.633819e+03 3.933739e-02 9.987050e-01 3.226333e-02 4.889792e+01 -8.879804e-01 4.974548e-02 -4.571828e-01 -9.483574e+02
-4.588527e-01 -1.016203e-02 8.884543e-01 1.637876e+03 4.016529e-02 9.986751e-01 3.216655e-02 4.894713e+01 -8.876040e-01 5.044472e-02 -4.578365e-01 -9.504616e+02
-4.589215e-01 -1.142128e-02 8.884034e-01 1.639898e+03 3.972457e-02 9.986536e-01 3.335912e-02 4.897459e+01 -8.875883e-01 5.060065e-02 -4.578499e-01 -9.515090e+02
-4.582282e-01 -1.086147e-02 8.887682e-01 1.643920e+03 3.999595e-02 9.986605e-01 3.282542e-02 4.903083e+01 -8.879342e-01 5.058865e-02 -4.571800e-01 -9.535981e+02
-4.289901e-01 -1.489036e-02 9.031865e-01 1.673786e+03 4.775220e-02 9.980922e-01 3.913607e-02 4.960599e+01 -9.020461e-01 5.991812e-02 -4.274606e-01 -9.685170e+02
-4.271062e-01 -1.697163e-02 9.040422e-01 1.677761e+03 4.370839e-02 9.982675e-01 3.939013e-02 4.969653e+01 -9.031444e-01 5.633798e-02 -4.256244e-01 -9.703985e+02
-4.264020e-01 -1.762622e-02 9.043620e-01 1.681723e+03 3.991334e-02 9.984696e-01 3.827932e-02 4.978185e+01 -9.036527e-01 5.241848e-02 -4.250459e-01 -9.722641e+02
-4.258275e-01 -1.911967e-02 9.046024e-01 1.689621e+03 3.922920e-02 9.984464e-01 3.956969e-02 4.995262e+01 -9.039535e-01 5.233667e-02 -4.244159e-01 -9.759855e+02
-4.246267e-01 -2.004468e-02 9.051466e-01 1.699416e+03 4.164701e-02 9.982641e-01 4.164443e-02 5.016515e+01 -9.044101e-01 5.537997e-02 -4.230548e-01 -9.805994e+02
-4.234708e-01 -2.034466e-02 9.056813e-01 1.703321e+03 4.241405e-02 9.982062e-01 4.225468e-02 5.025832e+01 -9.049163e-01 5.630722e-02 -4.218483e-01 -9.824311e+02
-4.217969e-01 -2.174798e-02 9.064295e-01 1.707206e+03 4.103037e-02 9.982303e-01 4.304358e-02 5.035512e+01 -9.057614e-01 5.534677e-02 -4.201581e-01 -9.842435e+02
-4.081243e-01 -2.983948e-02 9.124386e-01 1.754388e+03 3.846660e-02 9.980160e-01 4.984383e-02 5.165386e+01 -9.121156e-01 5.544088e-02 -4.061667e-01 -1.005375e+03
-4.105918e-01 -3.381276e-02 9.111921e-01 1.757974e+03 3.578011e-02 9.979450e-01 5.315486e-02 5.176265e+01 -9.111169e-01 5.442749e-02 -4.085382e-01 -1.006957e+03
-4.131189e-01 -3.419022e-02 9.100351e-01 1.761513e+03 3.742083e-02 9.978136e-01 5.447561e-02 5.188342e+01 -9.099079e-01 5.655916e-02 -4.109362e-01 -1.008544e+03
-4.142105e-01 -3.438054e-02 9.095316e-01 1.763261e+03 4.024363e-02 9.976173e-01 5.603758e-02 5.195285e+01 -9.092910e-01 5.981420e-02 -4.118399e-01 -1.009335e+03
-4.212029e-01 -2.530508e-02 9.066134e-01 1.773447e+03 5.992450e-02 9.966500e-01 5.565842e-02 5.230027e+01 -9.049846e-01 7.777182e-02 -4.182754e-01 -1.014014e+03
-4.245079e-01 -2.240697e-02 9.051469e-01 1.776731e+03 6.497912e-02 9.963620e-01 5.513978e-02 5.241430e+01 -9.030895e-01 8.222291e-02 -4.215076e-01 -1.015552e+03
-4.289311e-01 -2.072171e-02 9.030995e-01 1.779954e+03 7.034166e-02 9.959351e-01 5.626091e-02 5.252858e+01 -9.005943e-01 8.765756e-02 -4.257299e-01 -1.017080e+03
-4.334541e-01 -1.795788e-02 9.009968e-01 1.783104e+03 7.644386e-02 9.954651e-01 5.661657e-02 5.264253e+01 -8.979275e-01 9.341633e-02 -4.301156e-01 -1.018596e+03
-4.413488e-01 -1.675766e-02 8.971792e-01 1.786178e+03 7.842689e-02 9.952792e-01 5.717048e-02 5.275441e+01 -8.939018e-01 9.559508e-02 -4.379510e-01 -1.020097e+03
-4.533024e-01 -1.701695e-02 8.911944e-01 1.789178e+03 8.004657e-02 9.950008e-01 5.971444e-02 5.287006e+01 -8.877553e-01 9.840573e-02 -4.496741e-01 -1.021604e+03
-4.907492e-01 -1.491830e-02 8.711732e-01 1.794918e+03 7.588578e-02 9.953222e-01 5.979224e-02 5.310413e+01 -8.679900e-01 9.545263e-02 -4.873214e-01 -1.024665e+03
-5.174962e-01 -1.258371e-02 8.555930e-01 1.797645e+03 7.761762e-02 9.950795e-01 6.158139e-02 5.322561e+01 -8.521579e-01 9.827721e-02 -5.139731e-01 -1.026269e+03
-5.456592e-01 -9.288754e-03 8.379558e-01 1.800303e+03 8.159625e-02 9.945982e-01 6.415889e-02 5.334948e+01 -8.340252e-01 1.033829e-01 -5.419537e-01 -1.027957e+03
-5.605297e-01 -7.384185e-03 8.281015e-01 1.801573e+03 8.355700e-02 9.943529e-01 6.542515e-02 5.341860e+01 -8.239082e-01 1.058664e-01 -5.567473e-01 -1.028814e+03
-5.913339e-01 -4.205444e-03 8.064159e-01 1.804070e+03 8.380143e-02 9.942520e-01 6.663545e-02 5.355687e+01 -8.020608e-01 1.069826e-01 -5.875824e-01 -1.030593e+03
-6.241370e-01 -2.498253e-03 7.813110e-01 1.806512e+03 8.446983e-02 9.939178e-01 7.065534e-02 5.370201e+01 -7.767354e-01 1.100958e-01 -6.201298e-01 -1.032479e+03
-6.584790e-01 -7.394657e-04 7.525988e-01 1.808823e+03 8.462526e-02 9.935848e-01 7.501829e-02 5.386369e+01 -7.478262e-01 1.130868e-01 -6.541921e-01 -1.034439e+03
-6.929748e-01 9.823978e-04 7.209612e-01 1.811032e+03 8.155942e-02 9.936865e-01 7.703940e-02 5.403157e+01 -7.163337e-01 1.121875e-01 -6.886798e-01 -1.036486e+03
-8.270558e-01 1.039820e-02 5.620236e-01 1.818744e+03 7.374898e-02 9.931937e-01 9.015116e-02 5.481008e+01 -5.572609e-01 1.160087e-01 -8.221935e-01 -1.045693e+03
-8.418277e-01 1.226999e-02 5.396069e-01 1.819586e+03 7.253956e-02 9.932436e-01 9.058206e-02 5.491601e+01 -5.348497e-01 1.153973e-01 -8.370300e-01 -1.046959e+03
-8.562640e-01 1.406553e-02 5.163470e-01 1.820326e+03 7.167946e-02 9.931931e-01 9.181181e-02 5.502254e+01 -5.115409e-01 1.156266e-01 -8.514437e-01 -1.048207e+03
-8.702791e-01 1.458409e-02 4.923431e-01 1.821100e+03 7.029227e-02 9.930081e-01 9.483584e-02 5.513095e+01 -4.875176e-01 1.171415e-01 -8.652193e-01 -1.049517e+03
-8.839303e-01 1.549109e-02 4.673620e-01 1.821838e+03 6.850511e-02 9.929578e-01 9.665256e-02 5.524358e+01 -4.625735e-01 1.174508e-01 -8.787667e-01 -1.050848e+03
-9.415005e-01 2.367953e-02 3.361788e-01 1.824795e+03 6.162608e-02 9.928058e-01 1.026590e-01 5.582355e+01 -3.313294e-01 1.173709e-01 -9.361863e-01 -1.057672e+03
-9.507943e-01 2.386232e-02 3.089028e-01 1.825228e+03 5.859560e-02 9.928856e-01 1.036565e-01 5.594070e+01 -3.042317e-01 1.166563e-01 -9.454281e-01 -1.059056e+03
-9.664959e-01 2.602892e-02 2.553590e-01 1.826105e+03 5.416093e-02 9.931265e-01 1.037610e-01 5.619032e+01 -2.509030e-01 1.141150e-01 -9.612624e-01 -1.061934e+03
-9.730366e-01 2.817946e-02 2.289229e-01 1.826418e+03 5.367582e-02 9.929244e-01 1.059241e-01 5.631631e+01 -2.243183e-01 1.153556e-01 -9.676643e-01 -1.063357e+03
-9.920058e-01 3.362745e-02 1.216299e-01 1.827464e+03 4.701078e-02 9.929410e-01 1.088949e-01 5.683518e+01 -1.171095e-01 1.137422e-01 -9.865840e-01 -1.069230e+03
-9.948791e-01 3.594145e-02 9.446602e-02 1.827640e+03 4.616213e-02 9.930416e-01 1.083391e-01 5.696880e+01 -8.991482e-02 1.121450e-01 -9.896154e-01 -1.070726e+03
-9.969878e-01 3.695471e-02 6.818888e-02 1.827717e+03 4.423444e-02 9.931075e-01 1.085395e-01 5.709951e+01 -6.370783e-02 1.112288e-01 -9.917506e-01 -1.072185e+03
-9.983341e-01 3.905308e-02 4.247216e-02 1.827812e+03 4.346119e-02 9.931598e-01 1.083728e-01 5.723215e+01 -3.794935e-02 1.100381e-01 -9.932026e-01 -1.073687e+03
-9.990711e-01 4.226804e-02 -8.393990e-03 1.827830e+03 4.108365e-02 9.930242e-01 1.105217e-01 5.749929e+01 1.300697e-02 1.100742e-01 -9.938382e-01 -1.076658e+03
-9.984797e-01 4.345033e-02 -3.391864e-02 1.827812e+03 3.944917e-02 9.930554e-01 1.108361e-01 5.763595e+01 3.849895e-02 1.093295e-01 -9.932597e-01 -1.078165e+03
-9.972192e-01 4.466020e-02 -5.966030e-02 1.827696e+03 3.787897e-02 9.931740e-01 1.103201e-01 5.776981e+01 6.417998e-02 1.077534e-01 -9.921038e-01 -1.079636e+03
-9.892292e-01 4.606197e-02 -1.389388e-01 1.827234e+03 3.163408e-02 9.940405e-01 1.043202e-01 5.817193e+01 1.429160e-01 9.880140e-02 -9.847909e-01 -1.084111e+03
-9.850962e-01 4.534016e-02 -1.659214e-01 1.827023e+03 2.813126e-02 9.941127e-01 1.046354e-01 5.830230e+01 1.696887e-01 9.840830e-02 -9.805720e-01 -1.085615e+03
-9.800964e-01 4.645211e-02 -1.930112e-01 1.826704e+03 2.629591e-02 9.940493e-01 1.057098e-01 5.843592e+01 1.967730e-01 9.853037e-02 -9.754855e-01 -1.087072e+03
-8.708889e-01 5.364515e-02 -4.885435e-01 1.820889e+03 3.413640e-03 9.946615e-01 1.031349e-01 5.984234e+01 4.914680e-01 8.815131e-02 -8.664228e-01 -1.102660e+03
-8.558281e-01 5.342831e-02 -5.144937e-01 1.820139e+03 4.222588e-04 9.947230e-01 1.025960e-01 5.994356e+01 5.172603e-01 8.758728e-02 -8.513344e-01 -1.103994e+03
-8.400483e-01 5.465624e-02 -5.397515e-01 1.819352e+03 -1.069544e-03 9.947433e-01 1.023942e-01 6.005208e+01 5.425106e-01 8.659333e-02 -8.355739e-01 -1.105305e+03
-8.235898e-01 5.577809e-02 -5.644366e-01 1.818450e+03 -2.914012e-03 9.947234e-01 1.025514e-01 6.015961e+01 5.671784e-01 8.610501e-02 -8.190815e-01 -1.106542e+03
-8.063777e-01 5.633202e-02 -5.887120e-01 1.817589e+03 -5.106352e-03 9.947529e-01 1.021792e-01 6.027091e+01 5.913789e-01 8.540114e-02 -8.018588e-01 -1.107799e+03
-7.882972e-01 5.707804e-02 -6.126416e-01 1.816694e+03 -6.315484e-03 9.948849e-01 1.008168e-01 6.038345e+01 6.152623e-01 8.334272e-02 -7.839044e-01 -1.109029e+03
-7.501463e-01 5.675138e-02 -6.588322e-01 1.814723e+03 -1.039659e-02 9.951752e-01 9.756133e-02 6.060227e+01 6.611901e-01 8.003487e-02 -7.459369e-01 -1.111351e+03
-7.299676e-01 5.777645e-02 -6.810354e-01 1.813646e+03 -1.164159e-02 9.952251e-01 9.690916e-02 6.071216e+01 6.833826e-01 7.866887e-02 -7.258095e-01 -1.112443e+03
-6.875763e-01 5.914201e-02 -7.236996e-01 1.811551e+03 -1.530082e-02 9.952760e-01 9.587282e-02 6.093013e+01 7.259509e-01 7.699307e-02 -6.834232e-01 -1.114626e+03
-6.652344e-01 5.867719e-02 -7.443254e-01 1.810378e+03 -1.723003e-02 9.954351e-01 9.387205e-02 6.103586e+01 7.464358e-01 7.527165e-02 -6.611866e-01 -1.115622e+03
-6.425864e-01 5.792434e-02 -7.640206e-01 1.809249e+03 -1.828933e-02 9.956947e-01 9.087117e-02 6.114424e+01 7.659949e-01 7.236600e-02 -6.387604e-01 -1.116631e+03
-6.197276e-01 5.695400e-02 -7.827478e-01 1.808088e+03 -1.968722e-02 9.959213e-01 8.805191e-02 6.124884e+01 7.845700e-01 6.997831e-02 -6.160786e-01 -1.117606e+03
-5.734655e-01 5.771894e-02 -8.171939e-01 1.805603e+03 -2.251667e-02 9.960276e-01 8.615115e-02 6.144839e+01 8.189202e-01 6.780519e-02 -5.698878e-01 -1.119412e+03
-5.262180e-01 5.855615e-02 -8.483312e-01 1.803008e+03 -2.576480e-02 9.960703e-01 8.473572e-02 6.164582e+01 8.499593e-01 6.644654e-02 -5.226414e-01 -1.121087e+03
-5.025283e-01 5.723932e-02 -8.626639e-01 1.801706e+03 -2.779528e-02 9.962205e-01 8.229267e-02 6.174346e+01 8.641138e-01 6.533237e-02 -4.990380e-01 -1.121892e+03
-3.228764e-01 5.781123e-02 -9.446739e-01 1.790258e+03 -3.325646e-02 9.968233e-01 7.236922e-02 6.247435e+01 9.458566e-01 5.478282e-02 -3.199281e-01 -1.127004e+03
-2.832310e-01 5.801876e-02 -9.572952e-01 1.787194e+03 -3.440325e-02 9.969113e-01 7.059853e-02 6.264482e+01 9.584344e-01 5.292975e-02 -2.803601e-01 -1.127955e+03
-2.649301e-01 5.841344e-02 -9.624967e-01 1.785654e+03 -3.346408e-02 9.970052e-01 6.971884e-02 6.272812e+01 9.636867e-01 5.067968e-02 -2.621819e-01 -1.128395e+03
-2.326862e-01 5.794229e-02 -9.708243e-01 1.782506e+03 -3.184933e-02 9.972343e-01 6.715215e-02 6.289076e+01 9.720302e-01 4.654548e-02 -2.301972e-01 -1.129180e+03
-2.181425e-01 5.666397e-02 -9.742705e-01 1.780922e+03 -3.044199e-02 9.974320e-01 6.482713e-02 6.297071e+01 9.754420e-01 4.380029e-02 -2.158574e-01 -1.129541e+03
-2.044746e-01 5.582103e-02 -9.772790e-01 1.779311e+03 -2.955575e-02 9.975654e-01 6.316369e-02 6.304728e+01 9.784255e-01 4.179958e-02 -2.023270e-01 -1.129873e+03
-1.915386e-01 5.612688e-02 -9.798790e-01 1.777702e+03 -2.861513e-02 9.976198e-01 6.273652e-02 6.312234e+01 9.810678e-01 4.005583e-02 -1.894766e-01 -1.130193e+03
-1.793648e-01 5.548689e-02 -9.822166e-01 1.776082e+03 -2.857597e-02 9.976930e-01 6.157951e-02 6.319501e+01 9.833675e-01 3.911298e-02 -1.773654e-01 -1.130494e+03
-1.676605e-01 5.542711e-02 -9.842854e-01 1.774439e+03 -2.856574e-02 9.977259e-01 6.104978e-02 6.326738e+01 9.854308e-01 3.835248e-02 -1.656959e-01 -1.130771e+03
-1.567693e-01 5.456269e-02 -9.861269e-01 1.772797e+03 -3.022364e-02 9.977401e-01 6.001005e-02 6.333921e+01 9.871726e-01 3.921208e-02 -1.547659e-01 -1.131038e+03
-1.466219e-01 5.479787e-02 -9.876737e-01 1.771135e+03 -3.065907e-02 9.977330e-01 5.990738e-02 6.341172e+01 9.887173e-01 3.906489e-02 -1.446095e-01 -1.131284e+03
-1.382909e-01 5.631293e-02 -9.887894e-01 1.769479e+03 -3.054090e-02 9.976649e-01 6.108982e-02 6.348361e+01 9.899206e-01 3.864668e-02 -1.362481e-01 -1.131517e+03
-1.317118e-01 5.778641e-02 -9.896023e-01 1.767796e+03 -2.979443e-02 9.976176e-01 6.221998e-02 6.355799e+01 9.908402e-01 3.767974e-02 -1.296763e-01 -1.131740e+03
-1.263034e-01 5.752688e-02 -9.903223e-01 1.766113e+03 -2.875790e-02 9.976851e-01 6.162231e-02 6.363222e+01 9.915747e-01 3.626269e-02 -1.243566e-01 -1.131949e+03
-1.209431e-01 5.797475e-02 -9.909651e-01 1.764428e+03 -2.887820e-02 9.976650e-01 6.189119e-02 6.370596e+01 9.922393e-01 3.610259e-02 -1.189865e-01 -1.132152e+03
-1.154768e-01 5.841438e-02 -9.915911e-01 1.762736e+03 -2.950149e-02 9.976272e-01 6.220561e-02 6.377872e+01 9.928719e-01 3.643672e-02 -1.134795e-01 -1.132348e+03
-1.105002e-01 5.846845e-02 -9.921548e-01 1.761046e+03 -3.057396e-02 9.975956e-01 6.219423e-02 6.385109e+01 9.934057e-01 3.720658e-02 -1.084469e-01 -1.132534e+03
-1.027942e-01 5.934961e-02 -9.929305e-01 1.757655e+03 -3.178182e-02 9.975128e-01 6.291376e-02 6.399476e+01 9.941947e-01 3.802431e-02 -1.006523e-01 -1.132885e+03
-9.977778e-02 5.936350e-02 -9.932373e-01 1.755959e+03 -3.195093e-02 9.975127e-01 6.282874e-02 6.406682e+01 9.944966e-01 3.800377e-02 -9.763288e-02 -1.133051e+03
-9.717913e-02 5.893143e-02 -9.935207e-01 1.754261e+03 -3.162266e-02 9.975586e-01 6.226405e-02 6.413795e+01 9.947644e-01 3.746853e-02 -9.507831e-02 -1.133210e+03
-9.503044e-02 5.793185e-02 -9.937873e-01 1.752565e+03 -3.182955e-02 9.976179e-01 6.119886e-02 6.420815e+01 9.949653e-01 3.744755e-02 -9.296012e-02 -1.133366e+03
-9.178813e-02 5.811216e-02 -9.940815e-01 1.749163e+03 -3.140816e-02 9.976300e-01 6.121967e-02 6.434811e+01 9.952831e-01 3.684151e-02 -8.974539e-02 -1.133669e+03
-8.806950e-02 5.922988e-02 -9.943519e-01 1.744051e+03 -3.129743e-02 9.975732e-01 6.219379e-02 6.455659e+01 9.956225e-01 3.659803e-02 -8.600203e-02 -1.134108e+03
-8.584574e-02 6.061538e-02 -9.944628e-01 1.740635e+03 -3.152541e-02 9.974824e-01 6.352084e-02 6.470178e+01 9.958095e-01 3.680384e-02 -8.371869e-02 -1.134391e+03
-8.331165e-02 6.008702e-02 -9.947104e-01 1.737220e+03 -3.237664e-02 9.974903e-01 6.296665e-02 6.484950e+01 9.959974e-01 3.745123e-02 -8.115714e-02 -1.134667e+03
-8.099462e-02 6.068374e-02 -9.948655e-01 1.733810e+03 -3.241230e-02 9.974566e-01 6.348057e-02 6.499470e+01 9.961873e-01 3.738746e-02 -7.882171e-02 -1.134934e+03
-7.827298e-02 6.136502e-02 -9.950416e-01 1.730426e+03 -3.326734e-02 9.973871e-01 6.412659e-02 6.513665e+01 9.963767e-01 3.812176e-02 -7.602700e-02 -1.135192e+03
-7.557209e-02 5.711624e-02 -9.955032e-01 1.727075e+03 -3.497757e-02 9.975919e-01 5.989135e-02 6.527167e+01 9.965266e-01 3.934640e-02 -7.339231e-02 -1.135441e+03
-7.232180e-02 5.440579e-02 -9.958964e-01 1.723740e+03 -3.502555e-02 9.977567e-01 5.705098e-02 6.539481e+01 9.967661e-01 3.900785e-02 -7.025396e-02 -1.135676e+03
-5.491158e-02 5.530353e-02 -9.969585e-01 1.717161e+03 -3.702598e-02 9.976654e-01 5.738211e-02 6.562471e+01 9.978044e-01 4.006431e-02 -5.273572e-02 -1.136086e+03
-3.772032e-02 5.454595e-02 -9.977986e-01 1.713931e+03 -3.957049e-02 9.976444e-01 5.603344e-02 6.573199e+01 9.985045e-01 4.159698e-02 -3.547305e-02 -1.136225e+03
-1.568665e-02 5.521271e-02 -9.983514e-01 1.710746e+03 -4.085460e-02 9.976050e-01 5.581337e-02 6.583270e+01 9.990419e-01 4.166277e-02 -1.339338e-02 -1.136295e+03
1.326404e-02 5.560159e-02 -9.983650e-01 1.707613e+03 -4.386383e-02 9.975239e-01 5.497199e-02 6.592724e+01 9.989494e-01 4.306296e-02 1.567010e-02 -1.136285e+03
4.809052e-02 5.257386e-02 -9.974584e-01 1.704565e+03 -4.588863e-02 9.976757e-01 5.037289e-02 6.601230e+01 9.977883e-01 4.334954e-02 5.039128e-02 -1.136194e+03
8.830477e-02 4.905510e-02 -9.948849e-01 1.701548e+03 -4.635154e-02 9.979070e-01 4.509002e-02 6.608116e+01 9.950144e-01 4.213278e-02 9.039372e-02 -1.135967e+03
1.327435e-01 4.845110e-02 -9.899655e-01 1.698586e+03 -4.608298e-02 9.980260e-01 4.266639e-02 6.613649e+01 9.900785e-01 3.995687e-02 1.347142e-01 -1.135613e+03
1.837440e-01 4.579162e-02 -9.819070e-01 1.695669e+03 -4.632433e-02 9.982078e-01 3.788317e-02 6.618653e+01 9.818819e-01 3.852538e-02 1.855359e-01 -1.135102e+03
2.391828e-01 4.209080e-02 -9.700619e-01 1.692835e+03 -4.478005e-02 9.984751e-01 3.228248e-02 6.621801e+01 9.699414e-01 3.571801e-02 2.407029e-01 -1.134472e+03
2.955659e-01 3.672114e-02 -9.546164e-01 1.689991e+03 -4.009286e-02 9.988574e-01 2.600951e-02 6.619591e+01 9.544806e-01 3.058577e-02 2.967004e-01 -1.133671e+03
3.538818e-01 3.463379e-02 -9.346487e-01 1.687197e+03 -3.608619e-02 9.990756e-01 2.335801e-02 6.614385e+01 9.345937e-01 2.546194e-02 3.548044e-01 -1.132693e+03
4.155458e-01 3.438311e-02 -9.089222e-01 1.684476e+03 -3.476651e-02 9.991554e-01 2.190177e-02 6.606232e+01 9.089075e-01 2.249886e-02 4.163902e-01 -1.131541e+03
4.788870e-01 2.996798e-02 -8.773650e-01 1.681961e+03 -3.478371e-02 9.992801e-01 1.514643e-02 6.598452e+01 8.771872e-01 2.326458e-02 4.795845e-01 -1.130284e+03
5.395908e-01 2.573206e-02 -8.415341e-01 1.679457e+03 -3.247694e-02 9.994250e-01 9.735798e-03 6.590758e+01 8.413008e-01 2.207711e-02 5.401162e-01 -1.128777e+03
5.982109e-01 2.181991e-02 -8.010416e-01 1.677079e+03 -2.962312e-02 9.995481e-01 5.104824e-03 6.582757e+01 8.007909e-01 2.067559e-02 5.985869e-01 -1.127102e+03
6.542394e-01 2.201501e-02 -7.559670e-01 1.674826e+03 -2.938470e-02 9.995614e-01 3.678379e-03 6.574585e+01 7.557164e-01 1.980732e-02 6.545993e-01 -1.125267e+03
7.073149e-01 1.675192e-02 -7.067001e-01 1.672831e+03 -2.738214e-02 9.996181e-01 -3.710585e-03 6.566320e+01 7.063681e-01 2.197552e-02 7.075034e-01 -1.123355e+03
7.558130e-01 1.003143e-02 -6.547108e-01 1.670884e+03 -2.209244e-02 9.997040e-01 -1.018662e-02 6.556276e+01 6.544148e-01 2.216333e-02 7.558108e-01 -1.121227e+03
8.006604e-01 4.479414e-03 -5.991018e-01 1.669099e+03 -1.726900e-02 9.997291e-01 -1.560403e-02 6.544746e+01 5.988696e-01 2.283942e-02 8.005207e-01 -1.118972e+03
8.405103e-01 -2.178237e-03 -5.417912e-01 1.667481e+03 -1.174613e-02 9.996836e-01 -2.224157e-02 6.532217e+01 5.416682e-01 2.505822e-02 8.402188e-01 -1.116599e+03
8.742059e-01 -9.606721e-03 -4.854605e-01 1.666116e+03 -5.480528e-03 9.995453e-01 -2.964909e-02 6.518499e+01 4.855246e-01 2.857999e-02 8.737557e-01 -1.114183e+03
9.020746e-01 -1.341731e-02 -4.313716e-01 1.664817e+03 1.078755e-03 9.995836e-01 -2.883501e-02 6.503254e+01 4.315788e-01 2.554598e-02 9.017134e-01 -1.111609e+03
9.264230e-01 -1.982426e-02 -3.759622e-01 1.663679e+03 7.605818e-03 9.993944e-01 -3.395568e-02 6.487654e+01 3.764076e-01 2.859782e-02 9.260126e-01 -1.108960e+03
9.373292e-01 -2.458246e-02 -3.475769e-01 1.663209e+03 1.182822e-02 9.991782e-01 -3.876932e-02 6.479507e+01 3.482442e-01 3.222840e-02 9.368496e-01 -1.107637e+03
9.477057e-01 -2.414421e-02 -3.182312e-01 1.662781e+03 1.232836e-02 9.991595e-01 -3.909189e-02 6.471287e+01 3.189076e-01 3.312433e-02 9.472067e-01 -1.106297e+03
9.576077e-01 -2.204863e-02 -2.872305e-01 1.662301e+03 1.240239e-02 9.992977e-01 -3.536016e-02 6.462431e+01 2.878084e-01 3.029882e-02 9.572085e-01 -1.104878e+03
9.669170e-01 -1.794194e-02 -2.544595e-01 1.661958e+03 1.002308e-02 9.994253e-01 -3.238295e-02 6.453800e+01 2.548943e-01 2.876116e-02 9.665410e-01 -1.103507e+03
9.751786e-01 -1.920244e-02 -2.205858e-01 1.661562e+03 1.067229e-02 9.991507e-01 -3.979745e-02 6.446915e+01 2.211627e-01 3.645546e-02 9.745553e-01 -1.102062e+03
9.822344e-01 -2.039840e-02 -1.865463e-01 1.661319e+03 1.067481e-02 9.985384e-01 -5.298109e-02 6.436320e+01 1.873544e-01 5.004849e-02 9.810165e-01 -1.100685e+03
9.879549e-01 -1.942424e-02 -1.535184e-01 1.661115e+03 1.077373e-02 9.983171e-01 -5.698075e-02 6.426554e+01 1.543668e-01 5.464044e-02 9.865015e-01 -1.099284e+03
9.924238e-01 -2.044096e-02 -1.211499e-01 1.660875e+03 1.419420e-02 9.985356e-01 -5.220278e-02 6.414444e+01 1.220396e-01 5.008765e-02 9.912605e-01 -1.097802e+03
9.958314e-01 -2.293293e-02 -8.828326e-02 1.660772e+03 1.895974e-02 9.987806e-01 -4.558349e-02 6.405174e+01 8.922096e-02 4.371964e-02 9.950518e-01 -1.096370e+03
9.981608e-01 -2.628905e-02 -5.462549e-02 1.660724e+03 2.390616e-02 9.987530e-01 -4.382723e-02 6.395351e+01 5.570955e-02 4.244073e-02 9.975445e-01 -1.094939e+03
9.994056e-01 -2.762807e-02 -2.062100e-02 1.660624e+03 2.664551e-02 9.985632e-01 -4.649173e-02 6.386049e+01 2.187585e-02 4.591463e-02 9.987058e-01 -1.093444e+03
9.995243e-01 -2.786679e-02 1.321703e-02 1.660666e+03 2.851243e-02 9.982671e-01 -5.147652e-02 6.375655e+01 -1.175964e-02 5.182888e-02 9.985867e-01 -1.092014e+03
9.985330e-01 -2.736828e-02 4.672160e-02 1.660665e+03 2.995913e-02 9.979988e-01 -5.568447e-02 6.365347e+01 -4.510411e-02 5.700251e-02 9.973546e-01 -1.090516e+03
9.964045e-01 -2.700445e-02 8.030464e-02 1.660808e+03 3.175546e-02 9.977830e-01 -5.848604e-02 6.353899e+01 -7.854722e-02 6.082585e-02 9.950530e-01 -1.089081e+03
9.931890e-01 -2.432640e-02 1.139466e-01 1.660998e+03 3.122845e-02 9.977585e-01 -5.918452e-02 6.342386e+01 -1.122514e-01 6.233978e-02 9.917224e-01 -1.087649e+03
9.887981e-01 -2.277580e-02 1.475114e-01 1.661140e+03 3.165788e-02 9.978059e-01 -5.814749e-02 6.330548e+01 -1.458634e-01 6.216602e-02 9.873496e-01 -1.086159e+03
9.833614e-01 -1.891371e-02 1.806729e-01 1.661423e+03 2.968287e-02 9.979277e-01 -5.708923e-02 6.318844e+01 -1.792187e-01 6.150222e-02 9.818849e-01 -1.084736e+03
9.768935e-01 -1.719355e-02 2.130342e-01 1.661752e+03 3.031733e-02 9.978274e-01 -5.849108e-02 6.307257e+01 -2.115657e-01 6.359817e-02 9.752923e-01 -1.083312e+03
9.697164e-01 -1.547483e-02 2.437432e-01 1.662049e+03 3.071336e-02 9.977947e-01 -5.884284e-02 6.295694e+01 -2.422950e-01 6.454702e-02 9.680530e-01 -1.081841e+03
9.619374e-01 -1.444162e-02 2.728883e-01 1.662469e+03 3.155093e-02 9.977938e-01 -5.841316e-02 6.284239e+01 -2.714426e-01 6.479967e-02 9.602707e-01 -1.080424e+03
9.536688e-01 -1.499145e-02 3.004847e-01 1.662869e+03 3.370866e-02 9.977933e-01 -5.720267e-02 6.272406e+01 -2.989641e-01 6.468133e-02 9.520697e-01 -1.078968e+03
9.451801e-01 -1.565151e-02 3.261743e-01 1.663374e+03 3.543498e-02 9.978684e-01 -5.479982e-02 6.261487e+01 -3.246213e-01 6.335366e-02 9.437199e-01 -1.077556e+03
9.365940e-01 -1.562359e-02 3.500680e-01 1.663914e+03 3.653840e-02 9.979141e-01 -5.322009e-02 6.250419e+01 -3.485063e-01 6.263653e-02 9.352112e-01 -1.076148e+03
9.278710e-01 -1.634448e-02 3.725430e-01 1.664445e+03 3.892327e-02 9.978268e-01 -5.316650e-02 6.239675e+01 -3.708644e-01 6.383223e-02 9.264907e-01 -1.074719e+03
9.116997e-01 -1.795842e-02 4.104647e-01 1.665691e+03 4.468971e-02 9.974512e-01 -5.562220e-02 6.217659e+01 -4.084196e-01 6.905427e-02 9.101785e-01 -1.071933e+03
9.043365e-01 -1.922964e-02 4.263869e-01 1.666334e+03 4.764100e-02 9.972898e-01 -5.606639e-02 6.206217e+01 -4.241532e-01 7.101636e-02 9.028016e-01 -1.070534e+03
8.902401e-01 -2.240794e-02 4.549402e-01 1.667748e+03 5.056764e-02 9.974771e-01 -4.982176e-02 6.184362e+01 -4.526760e-01 6.735857e-02 8.891272e-01 -1.067757e+03
8.829660e-01 -2.295421e-02 4.688755e-01 1.668471e+03 5.225693e-02 9.974022e-01 -4.957929e-02 6.173872e+01 -4.665193e-01 6.827881e-02 8.818716e-01 -1.066365e+03
8.763189e-01 -2.169326e-02 4.812428e-01 1.669233e+03 5.257645e-02 9.973248e-01 -5.078207e-02 6.163280e+01 -4.788538e-01 6.980332e-02 8.751151e-01 -1.064989e+03
8.663534e-01 -2.521643e-02 4.987945e-01 1.670820e+03 5.782938e-02 9.970717e-01 -5.003683e-02 6.141849e+01 -4.960721e-01 7.219454e-02 8.652747e-01 -1.062227e+03
8.633705e-01 -2.536821e-02 5.039324e-01 1.671640e+03 5.765903e-02 9.971532e-01 -4.858807e-02 6.131031e+01 -5.012652e-01 7.100574e-02 8.623754e-01 -1.060840e+03
8.593376e-01 -2.317274e-02 5.108835e-01 1.673289e+03 5.557859e-02 9.972877e-01 -4.825147e-02 6.109890e+01 -5.083797e-01 6.985848e-02 8.582947e-01 -1.058082e+03
8.570403e-01 -2.520571e-02 5.146325e-01 1.674989e+03 5.544691e-02 9.975144e-01 -4.348185e-02 6.089092e+01 -5.122573e-01 6.580046e-02 8.563076e-01 -1.055278e+03
8.550524e-01 -2.540964e-02 5.179188e-01 1.676716e+03 5.541743e-02 9.975562e-01 -4.254964e-02 6.069111e+01 -5.155719e-01 6.508389e-02 8.543709e-01 -1.052451e+03
8.530547e-01 -2.489872e-02 5.212272e-01 1.678473e+03 5.593059e-02 9.974695e-01 -4.388899e-02 6.049193e+01 -5.188155e-01 6.659224e-02 8.522886e-01 -1.049604e+03
8.510645e-01 -2.217815e-02 5.245927e-01 1.680259e+03 5.415929e-02 9.974862e-01 -4.569382e-02 6.028089e+01 -5.222605e-01 6.729994e-02 8.501262e-01 -1.046739e+03
