1.348871 0.0000000 0.0000000 0.0000000 0.0000000 0.0000000 0.0000000 1.0000000
1.556375 0.0021875 -0.0004197 0.0333056 0.0014437 0.0465885 0.0013515 0.9989122
1.660095 0.0044762 -0.0007234 0.0495289 0.0015447 0.0698661 0.0034908 0.9975491
1.763837 0.0074766 -0.0010491 0.0657131 0.0019301 0.0929837 0.0031683 0.9956607
1.971323 0.0156335 -0.0017157 0.0973278 0.0041903 0.1397893 0.0054594 0.9901574
2.074937 0.0207590 -0.0021374 0.1126602 0.0048733 0.1628688 0.0048875 0.9866236
2.178679 0.0268364 -0.0025693 0.1279971 0.0064561 0.1856105 0.0060260 0.9825837
2.386034 0.0408560 -0.0033333 0.1576731 0.0097847 0.2301067 0.0081229 0.9730823
2.697006 0.0667992 -0.0045992 0.2004358 0.0123884 0.2895745 0.0122225 0.9569973
2.904387 0.0874619 -0.0054171 0.2281537 0.0116055 0.3232968 0.0141248 0.9461210
3.008111 0.0985175 -0.0058276 0.2416464 0.0115361 0.3394758 0.0142648 0.9404358
3.111717 0.1102178 -0.0061624 0.2548360 0.0119849 0.3551230 0.0127095 0.9346564
3.319074 0.1349310 -0.0069149 0.2802889 0.0130044 0.3843226 0.0135797 0.9230074
3.526551 0.1619923 -0.0077387 0.3049253 0.0121042 0.4127117 0.0139555 0.9106743
3.630286 0.1763210 -0.0080415 0.3169489 0.0120183 0.4261374 0.0145663 0.9044613
3.733924 0.1911212 -0.0083771 0.3285402 0.0125231 0.4383465 0.0157106 0.8985815
4.044901 0.2395145 -0.0092866 0.3624984 0.0159002 0.4686532 0.0222433 0.8829590
4.148625 0.2563511 -0.0095494 0.3735337 0.0164421 0.4765426 0.0244691 0.8786570
4.252293 0.2735909 -0.0098671 0.3842562 0.0168978 0.4832918 0.0258480 0.8749145
4.355974 0.2908444 -0.0100396 0.3948185 0.0170043 0.4895467 0.0270735 0.8713908
4.459609 0.3085092 -0.0100794 0.4054692 0.0166249 0.4954472 0.0275057 0.8680432
4.563217 0.3263671 -0.0104380 0.4158448 0.0163503 0.5007707 0.0275001 0.8649885
4.666947 0.3443607 -0.0107330 0.4260592 0.0174331 0.5057400 0.0269718 0.8620879
4.977967 0.4015595 -0.0115024 0.4566374 0.0204109 0.5174018 0.0260006 0.8551039
5.081656 0.4213622 -0.0117850 0.4670091 0.0206027 0.5199655 0.0257770 0.8535497
5.185269 0.4417720 -0.0120668 0.4773836 0.0213922 0.5221435 0.0256069 0.8522047
5.288943 0.4623014 -0.0123506 0.4879587 0.0218394 0.5241698 0.0246191 0.8509777
5.392622 0.4833352 -0.0127536 0.4985924 0.0223445 0.5260019 0.0247914 0.8498283
5.600026 0.5272196 -0.0133831 0.5201213 0.0211808 0.5281230 0.0260665 0.8485034
5.703641 0.5493280 -0.0136448 0.5310350 0.0204667 0.5291261 0.0258990 0.8479009
5.910955 0.5939575 -0.0141798 0.5531135 0.0212613 0.5304735 0.0269878 0.8470050
6.118447 0.6415358 -0.0148061 0.5758775 0.0221938 0.5306317 0.0273074 0.8468717
6.325669 0.6893579 -0.0158393 0.5993411 0.0226144 0.5299777 0.0268806 0.8472837
6.533021 0.7396223 -0.0165806 0.6240503 0.0225796 0.5289007 0.0268586 0.8479580
6.740399 0.7913827 -0.0174414 0.6493652 0.0235618 0.5280010 0.0274304 0.8484735
6.947755 0.8436578 -0.0182566 0.6752403 0.0230848 0.5272239 0.0281991 0.8489445
7.155209 0.8973526 -0.0191884 0.7016486 0.0233466 0.5264492 0.0298916 0.8493602
7.258923 0.9240698 -0.0196979 0.7148086 0.0245172 0.5260966 0.0304178 0.8495269
7.362568 0.9507467 -0.0201453 0.7284338 0.0243832 0.5258381 0.0303182 0.8496944
7.466210 0.9779099 -0.0205967 0.7419140 0.0244424 0.5257667 0.0305636 0.8497280
7.673572 1.0333470 -0.0214827 0.7692185 0.0241950 0.5254458 0.0313994 0.8499032
7.777286 1.0613333 -0.0220479 0.7831511 0.0243046 0.5253226 0.0320998 0.8499500
7.984696 1.1172744 -0.0230072 0.8112891 0.0248635 0.5257491 0.0313386 0.8496985
8.088400 1.1457798 -0.0235777 0.8256543 0.0251130 0.5263397 0.0310615 0.8493357
8.295863 1.2036027 -0.0244838 0.8544461 0.0244955 0.5273845 0.0298780 0.8487478
8.399546 1.2326981 -0.0250900 0.8690372 0.0245099 0.5279041 0.0302568 0.8484109
8.503235 1.2622398 -0.0256469 0.8837299 0.0234529 0.5281993 0.0294196 0.8482865
8.606978 1.2920287 -0.0260721 0.8982422 0.0239919 0.5287831 0.0292609 0.8479131
8.814436 1.3522149 -0.0271894 0.9274941 0.0245683 0.5316957 0.0288126 0.8460886
8.918107 1.3826865 -0.0276860 0.9423394 0.0238366 0.5338368 0.0281868 0.8447814
9.021867 1.4129163 -0.0284779 0.9567950 0.0226940 0.5359283 0.0277788 0.8435011
9.229148 1.4744692 -0.0297225 0.9853566 0.0234305 0.5398995 0.0268820 0.8409738
9.332783 1.5053501 -0.0303626 0.9994838 0.0239075 0.5418593 0.0261410 0.8397223
9.436507 1.5365732 -0.0310310 1.0136364 0.0237832 0.5439324 0.0256703 0.8383991
9.540126 1.5682545 -0.0316435 1.0280282 0.0232500 0.5463002 0.0248736 0.8368971
9.643856 1.5999851 -0.0322662 1.0421634 0.0225066 0.5487436 0.0240850 0.8353405
9.747566 1.6320455 -0.0329087 1.0562576 0.0220500 0.5512904 0.0237730 0.8336831
9.851216 1.6642970 -0.0336117 1.0701606 0.0218562 0.5538243 0.0241583 0.8319960
9.954854 1.6965712 -0.0342761 1.0837369 0.0225656 0.5562600 0.0241332 0.8303512
10.058450 1.7291979 -0.0348813 1.0973014 0.0229267 0.5588098 0.0236542 0.8286413
10.162270 1.7620780 -0.0356042 1.1105595 0.0229766 0.5612580 0.0242112 0.8269675
10.265950 1.7953000 -0.0363987 1.1240629 0.0226221 0.5638513 0.0240414 0.8252163
10.369540 1.8283293 -0.0370637 1.1373280 0.0226605 0.5664008 0.0234938 0.8234833
10.473330 1.8618001 -0.0376674 1.1506124 0.0227551 0.5690140 0.0228454 0.8216954
10.577010 1.8955420 -0.0383669 1.1633644 0.0225388 0.5709292 0.0236210 0.8203499
10.680800 1.9293165 -0.0389955 1.1760216 0.0230712 0.5728458 0.0249002 0.8189600
10.784490 1.9633799 -0.0395883 1.1886533 0.0236746 0.5746682 0.0252324 0.8176548
10.888380 1.9972229 -0.0400157 1.2008291 0.0245383 0.5760465 0.0253385 0.8166556
10.992100 2.0314903 -0.0408147 1.2130691 0.0239093 0.5775771 0.0250519 0.8156013
11.096280 2.0660000 -0.0414806 1.2257181 0.0236580 0.5798218 0.0239279 0.8140482
11.199650 2.1007724 -0.0420945 1.2377154 0.0238622 0.5815665 0.0232246 0.8128171
11.303360 2.1356206 -0.0427146 1.2495302 0.0235721 0.5833563 0.0230239 0.8115477
11.407080 2.1689882 -0.0431800 1.2608519 0.0240936 0.5855076 0.0231837 0.8099771
11.510570 2.2026379 -0.0442117 1.2713207 0.0238050 0.5871959 0.0228853 0.8087710
11.614180 2.2375424 -0.0448637 1.2828840 0.0239050 0.5889784 0.0230031 0.8074676
11.718020 2.2717609 -0.0456173 1.2939287 0.0233477 0.5909975 0.0228366 0.8060120
11.821430 2.3071842 -0.0464207 1.3048620 0.0233946 0.5926897 0.0233866 0.8047513
11.925060 2.3424463 -0.0471244 1.3156645 0.0238661 0.5942028 0.0235687 0.8036156
12.028650 2.3778074 -0.0477275 1.3265145 0.0244949 0.5958458 0.0234294 0.8023832
12.132140 2.4133041 -0.0483694 1.3370399 0.0250468 0.5972355 0.0229200 0.8013471
12.235950 2.4490068 -0.0490768 1.3475159 0.0257835 0.5986286 0.0233852 0.8002700
12.443230 2.5205638 -0.0506171 1.3685212 0.0259385 0.6015572 0.0228340 0.7980819
12.546850 2.5570693 -0.0514879 1.3789006 0.0259358 0.6032239 0.0228984 0.7968211
12.650590 2.5931301 -0.0523730 1.3888018 0.0265428 0.6047183 0.0238654 0.7956392
12.754210 2.6290202 -0.0531432 1.3987635 0.0269556 0.6059600 0.0248933 0.7946485
12.857820 2.6655419 -0.0539267 1.4089220 0.0270059 0.6072717 0.0256274 0.7936214
12.961450 2.7016876 -0.0546243 1.4186566 0.0266362 0.6084035 0.0256059 0.7927673
13.065050 2.7380669 -0.0553307 1.4283450 0.0267152 0.6094499 0.0249300 0.7919821
13.168790 2.7747843 -0.0560359 1.4381320 0.0274346 0.6107207 0.0239351 0.7910087
13.272410 2.8119564 -0.0569544 1.4479223 0.0280397 0.6121355 0.0233088 0.7899118
13.376170 2.8493946 -0.0578701 1.4575740 0.0281027 0.6134440 0.0223224 0.7889223
13.479770 2.8868484 -0.0589397 1.4668609 0.0279422 0.6147622 0.0213895 0.7879272
13.583380 2.9244812 -0.0599029 1.4765502 0.0280823 0.6165207 0.0214689 0.7865448
13.687000 2.9625847 -0.0609947 1.4858507 0.0276554 0.6178858 0.0218985 0.7854762
13.790730 3.0002320 -0.0618730 1.4949496 0.0272755 0.6193157 0.0220988 0.7843570
13.894440 3.0378885 -0.0628581 1.5040593 0.0271484 0.6210185 0.0222807 0.7830087
13.998450 3.0757449 -0.0638353 1.5130497 0.0269304 0.6225344 0.0218124 0.7818248
14.101800 3.1143193 -0.0647532 1.5220554 0.0269541 0.6241389 0.0212585 0.7805589
14.205920 3.1525543 -0.0658683 1.5308274 0.0272255 0.6255626 0.0212261 0.7794098
14.309200 3.1908362 -0.0668259 1.5393646 0.0277901 0.6267366 0.0215113 0.7784383
14.412870 3.2299106 -0.0677914 1.5479827 0.0279367 0.6277350 0.0222922 0.7776062
14.516540 3.2681627 -0.0686950 1.5562009 0.0280019 0.6288837 0.0231496 0.7766501
14.620330 3.3070176 -0.0696568 1.5643467 0.0284836 0.6299341 0.0235555 0.7757685
14.723680 3.3448544 -0.0707527 1.5723542 0.0286281 0.6309366 0.0233454 0.7749544
14.827390 3.3832533 -0.0717934 1.5803908 0.0284689 0.6320857 0.0230192 0.7740331
14.931630 3.4228590 -0.0725260 1.5884274 0.0290779 0.6331870 0.0224648 0.7731262
15.138550 3.5009160 -0.0747249 1.6039418 0.0291539 0.6354771 0.0211743 0.7712785
15.345730 3.5783715 -0.0767536 1.6192148 0.0298612 0.6378630 0.0225427 0.7692404
15.553070 3.6557119 -0.0790563 1.6336899 0.0288744 0.6401781 0.0225981 0.7673510
15.656680 3.6949737 -0.0799153 1.6407542 0.0289017 0.6414095 0.0219031 0.7663412
15.864040 3.7729461 -0.0820018 1.6545923 0.0279087 0.6442655 0.0212929 0.7639959
15.967780 3.8116279 -0.0829556 1.6612927 0.0277819 0.6456875 0.0207994 0.7628127
16.175170 3.8897564 -0.0848295 1.6742344 0.0273225 0.6488845 0.0206350 0.7601162
16.382370 3.9678464 -0.0869413 1.6865419 0.0272492 0.6521055 0.0200564 0.7573729
16.486210 4.0070410 -0.0878617 1.6924282 0.0275111 0.6536725 0.0202533 0.7560062
16.693380 4.0855727 -0.0897447 1.7033545 0.0272492 0.6565380 0.0192957 0.7535536
16.900690 4.1644521 -0.0916936 1.7149228 0.0276685 0.6598457 0.0195622 0.7506366
17.004320 4.2031803 -0.0925239 1.7200454 0.0285867 0.6613784 0.0200808 0.7492384
17.107930 4.2420163 -0.0935991 1.7255895 0.0296137 0.6629780 0.0204115 0.7477744
17.315330 4.3212328 -0.0957132 1.7353297 0.0312128 0.6653746 0.0211304 0.7455575
17.626280 4.4400420 -0.0990246 1.7483829 0.0330269 0.6687594 0.0211880 0.7424427
17.730020 4.4801068 -0.1001698 1.7528684 0.0327392 0.6702220 0.0207612 0.7411475
17.833610 4.5202651 -0.1012929 1.7574451 0.0333905 0.6718529 0.0209624 0.7396346
18.041020 4.5999422 -0.1035506 1.7645394 0.0328768 0.6743241 0.0196890 0.7374405
18.144610 4.6404824 -0.1046960 1.7681366 0.0333086 0.6752999 0.0204436 0.7365071
18.351820 4.7239089 -0.1063525 1.7742168 0.0337663 0.6767561 0.0216631 0.7351134
18.455670 4.7638702 -0.1073592 1.7781606 0.0334676 0.6779299 0.0217278 0.7340428
18.663050 4.8456450 -0.1096607 1.7857021 0.0332741 0.6803291 0.0227208 0.7317984
18.766280 4.8877068 -0.1104306 1.7882951 0.0332957 0.6810833 0.0229397 0.7310888
18.869920 4.9299345 -0.1115159 1.7911162 0.0331573 0.6819082 0.0221723 0.7303493
18.973530 4.9715199 -0.1124901 1.7938855 0.0339115 0.6829485 0.0207451 0.7293839
19.077140 5.0129113 -0.1134958 1.7970172 0.0329256 0.6845942 0.0194607 0.7279204
19.180870 5.0559883 -0.1142762 1.7993321 0.0314090 0.6864204 0.0183828 0.7262937
19.284530 5.0988660 -0.1153318 1.8013036 0.0302946 0.6882035 0.0184570 0.7246499
19.388220 5.1402497 -0.1164425 1.8039948 0.0292942 0.6904387 0.0181379 0.7225699
19.491840 5.1826572 -0.1175725 1.8061059 0.0291161 0.6925073 0.0183621 0.7205891
19.595460 5.2240219 -0.1192528 1.8070854 0.0288817 0.6941071 0.0186206 0.7190511
19.699070 5.2681894 -0.1204323 1.8087167 0.0288227 0.6958899 0.0182822 0.7173370
19.802840 5.3128161 -0.1215936 1.8098572 0.0288943 0.6974408 0.0191900 0.7158025
19.906420 5.3558402 -0.1222126 1.8110904 0.0279263 0.6992199 0.0191663 0.7141039
20.010030 5.3999486 -0.1232826 1.8122280 0.0271710 0.7010240 0.0191507 0.7123625
20.113650 5.4428716 -0.1242822 1.8125783 0.0267672 0.7024851 0.0189671 0.7109419
20.217270 5.4874034 -0.1254027 1.8129961 0.0264082 0.7042423 0.0189636 0.7092149
20.320880 5.5325208 -0.1264035 1.8130372 0.0265344 0.7057660 0.0195741 0.7076772
20.424500 5.5783830 -0.1272533 1.8136091 0.0261893 0.7077469 0.0200323 0.7056962
20.528120 5.6245222 -0.1282508 1.8132154 0.0254116 0.7092091 0.0194199 0.7042723
20.631730 5.6709299 -0.1291961 1.8129046 0.0250418 0.7106626 0.0200322 0.7028017
20.735350 5.7178397 -0.1299424 1.8125639 0.0248872 0.7118738 0.0204002 0.7015698
20.838960 5.7653480 -0.1308069 1.8113778 0.0241190 0.7125762 0.0194464 0.7009103
20.942580 5.8131866 -0.1315793 1.8108642 0.0232745 0.7137789 0.0175748 0.6997637
21.046320 5.8606334 -0.1323150 1.8102963 0.0225965 0.7152174 0.0158499 0.6983568
21.149940 5.9081182 -0.1331981 1.8093684 0.0211520 0.7163391 0.0156634 0.6972558
21.253550 5.9547267 -0.1338889 1.8080437 0.0215386 0.7173401 0.0167716 0.6961882
21.357170 6.0002618 -0.1348041 1.8071090 0.0211838 0.7188784 0.0161865 0.6946244
21.460820 6.0455394 -0.1354634 1.8059579 0.0203277 0.7202482 0.0153013 0.6932497
21.564620 6.0916495 -0.1361617 1.8045886 0.0187904 0.7216253 0.0159308 0.6918454
21.668140 6.1341634 -0.1369425 1.8034129 0.0172809 0.7233721 0.0158916 0.6900591
21.771790 6.1789770 -0.1374893 1.8014828 0.0167516 0.7248093 0.0156761 0.6885675
21.875360 6.2234569 -0.1380790 1.7996095 0.0169747 0.7263389 0.0158977 0.6869432
21.979040 6.2672224 -0.1387099 1.7977639 0.0166426 0.7278454 0.0163101 0.6853453
22.082650 6.3105993 -0.1391088 1.7953591 0.0164322 0.7293296 0.0162654 0.6837717
22.186210 6.3546472 -0.1396608 1.7930212 0.0152552 0.7309130 0.0150918 0.6821332
22.290250 6.3987203 -0.1401394 1.7906137 0.0128256 0.7326847 0.0104807 0.6803667
22.393570 6.4439607 -0.1407753 1.7887373 0.0134594 0.7346995 0.0044680 0.6782444
22.497250 6.4872055 -0.1416727 1.7861238 0.0192217 0.7365148 0.0057381 0.6761239
22.600850 6.5313334 -0.1427943 1.7833060 0.0206277 0.7376751 0.0094653 0.6747743
22.704440 6.5750041 -0.1440257 1.7800978 0.0158387 0.7390577 0.0134279 0.6733221
22.808100 6.6193500 -0.1441806 1.7769130 0.0108189 0.7408758 0.0146169 0.6713958
22.911770 6.6627512 -0.1442731 1.7734464 0.0068449 0.7427604 0.0137553 0.6693810
23.015390 6.7052670 -0.1445524 1.7698842 0.0060545 0.7445649 0.0135981 0.6673841
23.119010 6.7485757 -0.1447207 1.7657329 0.0083568 0.7463816 0.0145770 0.6653060
23.222650 6.7914238 -0.1449554 1.7610019 0.0117122 0.7476366 0.0145745 0.6638448
23.326370 6.8341308 -0.1453311 1.7562398 0.0128133 0.7492607 0.0139311 0.6620047
23.430070 6.8764653 -0.1455864 1.7517294 0.0125370 0.7512041 0.0136771 0.6598092
23.533710 6.9186568 -0.1460734 1.7471148 0.0120862 0.7535335 0.0144506 0.6571395
23.637320 6.9616098 -0.1462106 1.7419353 0.0110727 0.7550823 0.0147541 0.6553704
23.741080 7.0039396 -0.1464003 1.7364691 0.0108439 0.7564286 0.0147863 0.6538192
23.844680 7.0457087 -0.1466164 1.7314482 0.0107041 0.7580857 0.0147882 0.6518995
23.948430 7.0868459 -0.1471192 1.7264134 0.0101964 0.7597262 0.0142545 0.6500068
24.052120 7.1277394 -0.1473272 1.7206233 0.0097026 0.7612625 0.0151544 0.6481941
24.155650 7.1682081 -0.1475925 1.7150666 0.0086690 0.7630076 0.0164935 0.6461208
24.259390 7.2087035 -0.1479825 1.7096812 0.0070414 0.7648757 0.0177334 0.6438953
24.466620 7.2845187 -0.1477635 1.6985248 0.0022397 0.7680880 0.0126721 0.6402149
24.673870 7.3357534 -0.1482384 1.6938822 -0.0004879 0.7723165 0.0101816 0.6351562
24.777590 7.3591046 -0.1488828 1.6937588 -0.0024783 0.7751678 0.0079147 0.6317009
24.881210 7.3742790 -0.1479793 1.6938605 -0.0036013 0.7781744 0.0053114 0.6280155
24.984880 7.3882909 -0.1482927 1.6956238 -0.0040497 0.7813844 0.0048197 0.6240183
25.191950 7.4187503 -0.1465670 1.6975759 -0.0038314 0.7869917 0.0076529 0.6169043
25.295560 7.4370317 -0.1464037 1.6966751 -0.0036292 0.7893178 0.0112175 0.6138716
25.399160 7.4555101 -0.1460256 1.6958774 -0.0035331 0.7914525 0.0137116 0.6110666
25.502780 7.4713140 -0.1462074 1.6951890 -0.0053885 0.7932182 0.0114808 0.6088055
25.606390 7.4808741 -0.1463059 1.6939330 -0.0068043 0.7936320 0.0071270 0.6083183
25.710010 7.4918146 -0.1456355 1.6929501 -0.0073513 0.7944351 0.0049182 0.6072847
25.813620 7.5021372 -0.1459250 1.6919299 -0.0081857 0.7947598 0.0039963 0.6068558
25.917260 7.5120316 -0.1461701 1.6906515 -0.0083599 0.7947879 0.0047745 0.6068109
26.020850 7.5210285 -0.1463084 1.6892424 -0.0084126 0.7944428 0.0053507 0.6072572
26.124480 7.5293255 -0.1465101 1.6878670 -0.0094863 0.7945929 0.0030391 0.6070608
26.228100 7.5371304 -0.1462738 1.6864204 -0.0119032 0.7946737 0.0012198 0.6069189
26.331730 7.5457740 -0.1459667 1.6854867 -0.0152275 0.7956308 -0.0012302 0.6055892
26.435440 7.5533190 -0.1458910 1.6843417 -0.0178695 0.7963189 -0.0044076 0.6045969
26.539060 7.5607662 -0.1460306 1.6829848 -0.0184584 0.7969404 -0.0050931 0.6037543
26.642670 7.5681515 -0.1461953 1.6817889 -0.0188333 0.7975457 -0.0041183 0.6029505
26.746310 7.5763617 -0.1464636 1.6803542 -0.0194059 0.7980134 -0.0020130 0.6023238
26.953530 7.5918179 -0.1463198 1.6778312 -0.0211825 0.7991652 -0.0032239 0.6007295
27.160890 7.6061082 -0.1463015 1.6749866 -0.0205535 0.8002231 -0.0048350 0.5993306
27.368230 7.6202884 -0.1462326 1.6719998 -0.0198635 0.8010409 -0.0027530 0.5982737
27.575480 7.6330514 -0.1459169 1.6691337 -0.0201468 0.8018270 -0.0026984 0.5972105
27.782840 7.6453815 -0.1454147 1.6665813 -0.0193736 0.8030360 -0.0020979 0.5956118
28.197410 7.6676888 -0.1452108 1.6613040 -0.0193673 0.8049266 -0.0027334 0.5930520
28.404640 7.6769233 -0.1450468 1.6588513 -0.0200780 0.8059052 -0.0028831 0.5916970
28.611870 7.6863837 -0.1449865 1.6562417 -0.0197784 0.8071085 -0.0030586 0.5900638
28.819230 7.6949596 -0.1450260 1.6537548 -0.0212415 0.8082333 -0.0017845 0.5884765
29.026460 7.7043371 -0.1448872 1.6513824 -0.0219471 0.8094368 -0.0025140 0.5867913
29.233840 7.7136626 -0.1448899 1.6486619 -0.0212816 0.8104420 -0.0022207 0.5854279
29.441040 7.7231078 -0.1448093 1.6458586 -0.0213821 0.8113375 -0.0024637 0.5841817
29.648260 7.7321324 -0.1447633 1.6432091 -0.0219314 0.8123817 -0.0025736 0.5827078
30.062730 7.7505722 -0.1443286 1.6377013 -0.0220269 0.8141230 -0.0019568 0.5802713
30.477220 7.7690358 -0.1439873 1.6316240 -0.0228641 0.8164533 -0.0022927 0.5769541
30.684470 7.7780662 -0.1439496 1.6287647 -0.0240911 0.8178686 -0.0009688 0.5748997
30.891780 7.7871871 -0.1439063 1.6254996 -0.0246929 0.8190801 -0.0017874 0.5731447
31.099140 7.7956910 -0.1436882 1.6227713 -0.0235362 0.8204355 -0.0032298 0.5712454
31.306520 7.8044734 -0.1435495 1.6199291 -0.0245367 0.8218482 -0.0012744 0.5691766
31.513850 7.8130422 -0.1434902 1.6170225 -0.0241387 0.8235974 -0.0011197 0.5666599
31.721250 7.8212252 -0.1434761 1.6144778 -0.0240250 0.8251554 -0.0006230 0.5643943
31.928570 7.8289218 -0.1433153 1.6117119 -0.0245145 0.8261347 0.0000887 0.5629391
32.135930 7.8359241 -0.1431931 1.6091036 -0.0239560 0.8268871 0.0004768 0.5618573
32.550780 7.8481593 -0.1430271 1.6044225 -0.0256625 0.8281189 0.0002995 0.5599647
32.758130 7.8533564 -0.1428221 1.6020491 -0.0234544 0.8280062 0.0005624 0.5602279
32.965700 7.8579683 -0.1427638 1.6003534 -0.0240617 0.8282468 0.0015554 0.5598446
33.172920 7.8626056 -0.1426876 1.5985736 -0.0239205 0.8284249 0.0009236 0.5595884
33.380050 7.8671131 -0.1426165 1.5968730 -0.0246927 0.8287290 0.0005526 0.5591047
33.483810 7.8693786 -0.1425623 1.5960215 -0.0248534 0.8290414 0.0004490 0.5586345
33.691220 7.8740110 -0.1424626 1.5942703 -0.0258458 0.8295190 -0.0000444 0.5578800
33.898640 7.8786554 -0.1422472 1.5921754 -0.0252603 0.8300930 -0.0006501 0.5570521
34.105990 7.8829961 -0.1422046 1.5904847 -0.0267975 0.8306985 0.0001604 0.5560771
34.313530 7.8871522 -0.1421190 1.5889260 -0.0259763 0.8316032 -0.0011477 0.5547614
34.520830 7.8914185 -0.1420434 1.5872532 -0.0247844 0.8321993 -0.0014222 0.5539206
34.728060 7.8956242 -0.1419562 1.5856301 -0.0249710 0.8331079 -0.0003384 0.5525464
34.935420 7.8999104 -0.1418912 1.5838484 -0.0248318 0.8336737 -0.0000937 0.5516987
35.142780 7.9041257 -0.1418228 1.5820458 -0.0247535 0.8339715 -0.0002978 0.5512519
35.557430 7.9124031 -0.1417485 1.5779974 -0.0250203 0.8339865 -0.0005892 0.5512170
35.972070 7.9198041 -0.1416901 1.5747244 -0.0248888 0.8348638 -0.0005227 0.5498934
36.075840 7.9217315 -0.1415765 1.5743628 -0.0243530 0.8355362 -0.0011795 0.5488942
36.283280 7.9243727 -0.1415571 1.5733609 -0.0240021 0.8359547 0.0000879 0.5482733
36.386840 7.9254975 -0.1415259 1.5728520 -0.0242021 0.8358464 0.0001724 0.5484297
36.490550 7.9267292 -0.1415129 1.5723547 -0.0244560 0.8358653 0.0002473 0.5483896
36.594140 7.9278722 -0.1414879 1.5718602 -0.0247077 0.8358756 0.0002124 0.5483626
36.801500 7.9301829 -0.1414575 1.5708801 -0.0243247 0.8355676 -0.0004483 0.5488487
37.008850 7.9325237 -0.1414176 1.5699086 -0.0241779 0.8357359 -0.0007824 0.5485985
37.216330 7.9347920 -0.1413925 1.5689754 -0.0247799 0.8361763 -0.0010943 0.5478997
37.423720 7.9370117 -0.1413599 1.5680444 -0.0251363 0.8366226 -0.0015058 0.5472006
37.631050 7.9393096 -0.1413337 1.5670930 -0.0249134 0.8374418 -0.0011378 0.5459571
37.838400 7.9415565 -0.1412948 1.5661302 -0.0247826 0.8379943 -0.0003318 0.5451159
38.045630 7.9438300 -0.1412521 1.5651747 -0.0251549 0.8386247 -0.0008965 0.5441278
38.252870 7.9461064 -0.1412123 1.5642110 -0.0241004 0.8388039 -0.0007977 0.5438994
38.460100 7.9484625 -0.1411909 1.5632308 -0.0234842 0.8389551 0.0000672 0.5436937
38.667310 7.9506502 -0.1411596 1.5621703 -0.0231252 0.8387510 -0.0002787 0.5440238
38.874760 7.9528346 -0.1411307 1.5611293 -0.0233876 0.8386359 -0.0013917 0.5441884
39.082020 7.9550586 -0.1410806 1.5601522 -0.0236269 0.8386678 -0.0002062 0.5441307
39.289260 7.9572420 -0.1410195 1.5591763 -0.0233738 0.8384880 0.0006281 0.5444181
39.496500 7.9594922 -0.1409754 1.5582194 -0.0226115 0.8383361 -0.0001684 0.5446847
39.703850 7.9615164 -0.1409111 1.5572923 -0.0220269 0.8380497 -0.0009361 0.5451484
39.911340 7.9636798 -0.1408892 1.5563997 -0.0212712 0.8381468 -0.0011093 0.5450287
41.051600 7.9749146 -0.1407632 1.5515147 -0.0227165 0.8384807 -0.0024308 0.5444523
41.258960 7.9769192 -0.1407480 1.5506053 -0.0219524 0.8384062 -0.0004048 0.5446035
41.466320 7.9789090 -0.1407184 1.5496634 -0.0204381 0.8381767 -0.0016201 0.5450134
41.777290 7.9819551 -0.1406914 1.5482811 -0.0195950 0.8377404 -0.0016540 0.5457146
41.984640 7.9839416 -0.1406889 1.5473485 -0.0204361 0.8374066 -0.0018765 0.5461951
42.295640 7.9870210 -0.1406859 1.5459143 -0.0208405 0.8370508 -0.0024551 0.5467227
42.917430 7.9929605 -0.1406903 1.5431415 -0.0221703 0.8374175 -0.0029866 0.5461057
43.435640 7.9978161 -0.1406253 1.5409435 -0.0207854 0.8389838 -0.0026501 0.5437529
43.953730 8.0025692 -0.1406050 1.5385497 -0.0208753 0.8396130 -0.0051276 0.5427595
44.161070 8.0043612 -0.1406164 1.5376433 -0.0205856 0.8395351 -0.0043271 0.5428981
44.368290 8.0060825 -0.1406263 1.5366544 -0.0200527 0.8389332 -0.0032074 0.5438554
44.575530 8.0076303 -0.1406469 1.5360936 -0.0196882 0.8387057 -0.0026888 0.5442224
44.782910 8.0092726 -0.1406060 1.5354906 -0.0195187 0.8382399 -0.0025043 0.5449465
44.990110 8.0108013 -0.1405803 1.5347838 -0.0201482 0.8376845 -0.0018915 0.5457794
45.197350 8.0126066 -0.1406108 1.5338248 -0.0209207 0.8372399 -0.0021348 0.5464313
45.404710 8.0140781 -0.1406439 1.5330737 -0.0203120 0.8366116 -0.0017798 0.5474169
46.026650 8.0184917 -0.1406582 1.5308971 -0.0229387 0.8367234 -0.0021641 0.5471407
47.270160 8.0275335 -0.1403958 1.5260277 -0.0219054 0.8339871 0.0004622 0.5513487
47.684770 8.0304079 -0.1403753 1.5247642 -0.0225749 0.8324324 0.0026953 0.5536600
47.892090 8.0319004 -0.1402913 1.5238070 -0.0232004 0.8314051 0.0016656 0.5551797
50.897570 8.0437756 -0.1404666 1.5236797 -0.0247796 0.8317730 0.0068458 0.5545202
51.001310 8.0442781 -0.1404540 1.5236362 -0.0250106 0.8317150 0.0070484 0.5545945
51.105070 8.0448294 -0.1404541 1.5234783 -0.0246453 0.8315967 0.0068622 0.5547904
54.940700 8.0612659 -0.1396215 1.5245639 -0.0227119 0.8361580 0.0110517 0.5479068
55.044310 8.0619144 -0.1395869 1.5242996 -0.0249736 0.8360560 0.0096056 0.5479913
55.769890 8.0668449 -0.1394361 1.5222123 -0.0238656 0.8338390 0.0085608 0.5514252
56.495310 8.0716906 -0.1392792 1.5201973 -0.0272817 0.8321589 0.0084770 0.5538009
56.598920 8.0723724 -0.1392562 1.5199089 -0.0275320 0.8319782 0.0077624 0.5540704
56.702420 8.0730553 -0.1392326 1.5196295 -0.0271113 0.8318573 0.0072102 0.5542801
58.464000 8.0849361 -0.1388484 1.5147896 -0.0212470 0.8280883 0.0102457 0.5601011
58.567620 8.0856390 -0.1388275 1.5145094 -0.0216026 0.8277319 0.0107290 0.5606051
58.671360 8.0863371 -0.1388086 1.5142308 -0.0218193 0.8274337 0.0110029 0.5610315
59.812000 8.0941372 -0.1385601 1.5111978 -0.0215373 0.8240610 0.0091110 0.5660181
60.123100 8.0962982 -0.1384986 1.5103734 -0.0211778 0.8232597 0.0092341 0.5671946
60.226840 8.0969849 -0.1384806 1.5101175 -0.0214491 0.8229579 0.0094313 0.5676189
60.434070 8.0984306 -0.1384350 1.5095724 -0.0226047 0.8228152 0.0088547 0.5677903
60.641430 8.0998564 -0.1383935 1.5090413 -0.0230715 0.8229352 0.0088789 0.5675971
60.745170 8.1005850 -0.1383706 1.5087649 -0.0229228 0.8230679 0.0090486 0.5674081
60.952400 8.1020231 -0.1383281 1.5082192 -0.0224077 0.8230991 0.0094729 0.5673764
61.056140 8.1027451 -0.1383052 1.5079489 -0.0219072 0.8231767 0.0096200 0.5672808
61.159760 8.1034622 -0.1382836 1.5076807 -0.0210968 0.8232529 0.0088435 0.5672137
61.263370 8.1041870 -0.1382617 1.5074074 -0.0210510 0.8233238 0.0090629 0.5671090
61.470630 8.1056166 -0.1382199 1.5068653 -0.0215740 0.8233187 0.0099395 0.5670821
61.677850 8.1070576 -0.1381730 1.5063133 -0.0197646 0.8229750 0.0085566 0.5676692
61.885240 8.1084766 -0.1381325 1.5057881 -0.0203152 0.8227059 0.0102175 0.5680123
61.988910 8.1091938 -0.1381108 1.5055192 -0.0211525 0.8225513 0.0114032 0.5681829
62.196570 8.1106472 -0.1380587 1.5049688 -0.0223487 0.8223515 0.0115509 0.5684234
62.403410 8.1120930 -0.1380076 1.5044293 -0.0218922 0.8220970 0.0104043 0.5688313
62.507020 8.1128082 -0.1379862 1.5041642 -0.0218067 0.8218546 0.0106933 0.5691794
62.611050 8.1135263 -0.1379626 1.5039009 -0.0215254 0.8215442 0.0103519 0.5696442
62.817730 8.1149817 -0.1379167 1.5033610 -0.0201541 0.8210560 0.0097279 0.5704089
63.024960 8.1164274 -0.1378766 1.5028334 -0.0204128 0.8205475 0.0103580 0.5711197
63.232210 8.1178408 -0.1378374 1.5023071 -0.0206174 0.8200396 0.0107693 0.5718340
63.439300 8.1192865 -0.1377882 1.5017791 -0.0210932 0.8195141 0.0108424 0.5725681
63.646520 8.1207190 -0.1377430 1.5012611 -0.0202905 0.8188106 0.0109970 0.5735996
63.853630 8.1221771 -0.1377060 1.5007335 -0.0194761 0.8177367 0.0097909 0.5751795
64.060730 8.1236048 -0.1376650 1.5002327 -0.0184836 0.8168021 0.0089294 0.5765526
64.267970 8.1250534 -0.1376267 1.4997222 -0.0196377 0.8160110 0.0092555 0.5776286
64.475200 8.1265316 -0.1375832 1.4992095 -0.0199259 0.8157377 0.0071668 0.5780343
64.682580 8.1279821 -0.1375517 1.4987046 -0.0185247 0.8152809 0.0066851 0.5787308
64.889620 8.1294518 -0.1375241 1.4981821 -0.0183238 0.8148566 0.0071961 0.5793281
65.096770 8.1309214 -0.1374962 1.4976740 -0.0191917 0.8144819 0.0077509 0.5798197
65.304130 8.1323824 -0.1374546 1.4971807 -0.0200741 0.8140094 0.0082586 0.5804459
65.511370 8.1338434 -0.1374110 1.4966930 -0.0199761 0.8136052 0.0091892 0.5810017
65.719300 8.1353140 -0.1373771 1.4961969 -0.0178113 0.8131653 0.0054318 0.5817348
65.926080 8.1368513 -0.1373402 1.4956458 -0.0154356 0.8124924 0.0021703 0.5827634
66.133430 8.1383915 -0.1373276 1.4951431 -0.0163116 0.8121809 0.0041048 0.5831631
66.340900 8.1398869 -0.1373087 1.4946442 -0.0180716 0.8118169 0.0057855 0.5836037
66.548250 8.1413784 -0.1372726 1.4941422 -0.0181685 0.8114969 0.0060278 0.5840431
66.755490 8.1428928 -0.1372461 1.4936328 -0.0177262 0.8111519 0.0051323 0.5845444
66.962720 8.1443462 -0.1372211 1.4931469 -0.0165515 0.8107163 0.0042841 0.5851895
67.169960 8.1458530 -0.1372054 1.4926608 -0.0171447 0.8103058 0.0048542 0.5857363
67.377190 8.1472969 -0.1371917 1.4922200 -0.0167591 0.8100662 0.0052877 0.5860751
67.584290 8.1487885 -0.1371744 1.4917376 -0.0155990 0.8097112 0.0047265 0.5866022
67.791520 8.1502886 -0.1371522 1.4912521 -0.0149971 0.8093585 0.0036781 0.5871119
67.998740 8.1517887 -0.1371381 1.4907695 -0.0156208 0.8090520 0.0046848 0.5875108
68.205860 8.1532774 -0.1371111 1.4903032 -0.0147879 0.8086417 0.0045324 0.5880980
68.412960 8.1547918 -0.1370922 1.4898210 -0.0150935 0.8082488 0.0041488 0.5886331
68.620200 8.1563063 -0.1370777 1.4893335 -0.0144916 0.8078552 0.0021246 0.5891990
68.827300 8.1578131 -0.1370653 1.4888642 -0.0142368 0.8077089 0.0022738 0.5894052
69.034420 8.1593199 -0.1370503 1.4883808 -0.0142785 0.8072921 0.0033245 0.5899699
69.241640 8.1608524 -0.1370343 1.4879023 -0.0140990 0.8070140 0.0013464 0.5903625
69.448870 8.1624022 -0.1370294 1.4874030 -0.0131595 0.8067455 0.0006032 0.5907522
71.418080 8.1717129 -0.1371988 1.4842628 -0.0135075 0.8048145 -0.0024120 0.5933679
71.625410 8.1728582 -0.1372156 1.4840499 -0.0133093 0.8049043 -0.0016578 0.5932531
71.832900 8.1734943 -0.1372474 1.4842113 -0.0125375 0.8052328 -0.0012123 0.5928251
72.040250 8.1740971 -0.1372445 1.4842966 -0.0120551 0.8051840 -0.0014631 0.5929008
72.247600 8.1751251 -0.1373147 1.4843773 -0.0117362 0.8057191 -0.0019890 0.5921783
72.454960 8.1761208 -0.1373165 1.4844998 -0.0107403 0.8064710 -0.0022580 0.5911717
72.558610 8.1765785 -0.1372941 1.4846120 -0.0109065 0.8073167 -0.0024734 0.5900124
74.113680 8.1816559 -0.1370509 1.4821920 -0.0106736 0.8014694 -0.0055402 0.5979149
74.217430 8.1820555 -0.1370452 1.4820788 -0.0107147 0.8012962 -0.0052961 0.5981483
74.632010 8.1833143 -0.1370479 1.4816278 -0.0105780 0.7998657 -0.0058675 0.6000571
74.839370 8.1839600 -0.1370478 1.4814025 -0.0105692 0.7992848 -0.0061332 0.6008282
74.942980 8.1843071 -0.1370460 1.4812930 -0.0105164 0.7990473 -0.0059979 0.6011463
75.046740 8.1846666 -0.1370420 1.4811856 -0.0104018 0.7990208 -0.0059251 0.6011842
75.253960 8.1854134 -0.1370424 1.4809607 -0.0110529 0.7991930 -0.0058437 0.6009445
75.357700 8.1860247 -0.1370620 1.4808456 -0.0116240 0.7998037 -0.0053215 0.6001254
75.461430 8.1863108 -0.1370595 1.4807283 -0.0116962 0.7995161 -0.0049612 0.6005102
75.565050 8.1866684 -0.1370647 1.4806135 -0.0120662 0.7993227 -0.0050471 0.6007597
75.668790 8.1870203 -0.1370584 1.4805008 -0.0119225 0.7993640 -0.0056629 0.6007020
76.083250 8.1884212 -0.1370570 1.4800540 -0.0111112 0.7986156 -0.0057609 0.6017113
76.186870 8.1887751 -0.1370565 1.4799387 -0.0112397 0.7983344 -0.0055880 0.6020836
76.290480 8.1891918 -0.1370624 1.4798281 -0.0113545 0.7983180 -0.0044903 0.6021124
76.394100 8.1895351 -0.1370626 1.4797101 -0.0111230 0.7979642 -0.0036671 0.6025911
76.497610 8.1899405 -0.1370656 1.4796038 -0.0111342 0.7978707 -0.0040650 0.6027121
76.601210 8.1903315 -0.1370696 1.4794928 -0.0106442 0.7977909 -0.0044081 0.6028241
76.911950 8.1914473 -0.1370728 1.4791726 -0.0113362 0.7971676 -0.0039963 0.6036384
77.119180 8.1921606 -0.1370723 1.4789625 -0.0116978 0.7968217 -0.0032991 0.6040922
77.326390 8.1927433 -0.1370791 1.4788150 -0.0107678 0.7963973 -0.0046525 0.6046600
77.533630 8.1933765 -0.1370876 1.4786474 -0.0104671 0.7958599 -0.0049921 0.6053698
77.740860 8.1940136 -0.1370948 1.4784811 -0.0125092 0.7954447 -0.0024858 0.6058919
78.155450 8.1953888 -0.1370981 1.4781169 -0.0112611 0.7945753 -0.0037980 0.6070493
78.362800 8.1960649 -0.1371044 1.4779414 -0.0120601 0.7941466 -0.0032704 0.6075978
78.570050 8.1967335 -0.1371111 1.4777716 -0.0136062 0.7944563 -0.0031235 0.6071609
79.399200 8.1993761 -0.1371270 1.4770848 -0.0139016 0.7963481 -0.0028019 0.6046723
79.606430 8.2000179 -0.1371308 1.4769189 -0.0135273 0.7968135 -0.0031855 0.6040655
79.813790 8.2006721 -0.1371370 1.4767472 -0.0134004 0.7975505 -0.0029382 0.6030961
80.331990 8.2022924 -0.1371460 1.4763128 -0.0155750 0.8014256 -0.0021491 0.5978878
83.234220 8.2108984 -0.1370633 1.4735847 -0.0162648 0.8088901 0.0012541 0.5877335
83.441640 8.2114944 -0.1370596 1.4734007 -0.0127346 0.8074947 -0.0029913 0.5897297
84.478430 8.2144394 -0.1370426 1.4725070 -0.0151522 0.8007160 0.0009812 0.5988517
84.685720 8.2150097 -0.1370403 1.4723345 -0.0162784 0.8004073 -0.0005276 0.5992352
84.893170 8.2156143 -0.1370366 1.4721663 -0.0169503 0.8003144 -0.0003670 0.5993409
85.100490 8.2162075 -0.1370448 1.4720024 -0.0165900 0.8002554 -0.0001207 0.5994298
85.307680 8.2167997 -0.1370507 1.4718429 -0.0164446 0.8003932 -0.0004681 0.5992497
85.515020 8.2173805 -0.1370542 1.4716874 -0.0163651 0.8001897 0.0008363 0.5995231
85.723090 8.2179384 -0.1370525 1.4714932 -0.0166023 0.7995853 0.0016516 0.6003208
85.929770 8.2184439 -0.1370457 1.4712248 -0.0171820 0.7981436 0.0017896 0.6022196
86.551860 8.2201805 -0.1370557 1.4707273 -0.0167068 0.7953373 0.0026604 0.6059310
86.759380 8.2207737 -0.1370455 1.4705791 -0.0186157 0.7944916 0.0028518 0.6069830
86.966920 8.2213326 -0.1370293 1.4704456 -0.0196239 0.7936015 0.0036965 0.6081101
88.211600 8.2246609 -0.1369865 1.4696509 -0.0183838 0.7928394 0.0050728 0.6091321
88.418530 8.2251863 -0.1369715 1.4695284 -0.0194182 0.7933042 0.0042906 0.6085006
88.625980 8.2257175 -0.1369642 1.4694067 -0.0206101 0.7939370 0.0049762 0.6076302
88.833470 8.2262487 -0.1369558 1.4692656 -0.0225152 0.7946633 0.0053449 0.6066092
89.040970 8.2267570 -0.1369400 1.4691299 -0.0219551 0.7954317 0.0065076 0.6056105
89.455530 8.2277784 -0.1369124 1.4688517 -0.0170335 0.7968089 0.0109443 0.6038921
89.662760 8.2282753 -0.1369002 1.4687140 -0.0143795 0.7975684 0.0128876 0.6029193
89.870260 8.2287722 -0.1368908 1.4685739 -0.0118302 0.7984318 0.0141462 0.6018028
90.181340 8.2295074 -0.1368737 1.4683656 -0.0087808 0.8005871 0.0168420 0.5989153
90.388820 8.2299681 -0.1368626 1.4682304 -0.0062996 0.8020091 0.0186911 0.5969861
90.596170 8.2304277 -0.1368527 1.4680963 -0.0054204 0.8047054 0.0193120 0.5933353
90.803530 8.2308731 -0.1368397 1.4679599 -0.0047875 0.8087164 0.0204677 0.5878231
90.907270 8.2310925 -0.1368348 1.4678895 -0.0047182 0.8109703 0.0205048 0.5847088
91.114650 8.2315216 -0.1368240 1.4677466 -0.0051491 0.8171850 0.0191378 0.5760347
91.322130 8.2319479 -0.1368148 1.4675943 -0.0044976 0.8255188 0.0185965 0.5640503
91.529590 8.2323456 -0.1368071 1.4674332 -0.0024519 0.8345394 0.0202223 0.5505716
91.633230 8.2325459 -0.1368029 1.4673469 -0.0016431 0.8391806 0.0208645 0.5434499
91.840690 8.2329321 -0.1367932 1.4671643 -0.0001876 0.8488886 0.0218474 0.5281199
92.048160 8.2333069 -0.1367851 1.4669713 0.0014463 0.8591011 0.0211555 0.5113665
92.255650 8.2336721 -0.1367769 1.4667648 0.0018431 0.8700802 0.0234458 0.4923488
92.670480 8.2343664 -0.1367560 1.4663041 0.0025323 0.8923426 0.0220319 0.4508136
93.085450 8.2349949 -0.1367372 1.4657996 0.0014264 0.9146748 0.0255830 0.4033776
93.292930 8.2352943 -0.1367268 1.4655156 0.0032374 0.9251575 0.0240119 0.3788094
93.500280 8.2355804 -0.1367147 1.4652129 0.0045598 0.9349945 0.0229310 0.3538906
93.707670 8.2358437 -0.1367029 1.4649034 0.0053959 0.9444155 0.0235095 0.3278681
93.915120 8.2360878 -0.1366913 1.4645784 0.0059955 0.9534709 0.0228446 0.3005585
94.122480 8.2363148 -0.1366847 1.4642357 0.0074225 0.9616907 0.0222227 0.2731340
94.329830 8.2365208 -0.1366754 1.4638822 0.0070251 0.9691361 0.0232247 0.2453291
94.640800 8.2367935 -0.1366604 1.4633293 0.0063391 0.9786571 0.0219177 0.2042297
94.848290 8.2369499 -0.1366502 1.4629468 0.0071368 0.9838804 0.0222573 0.1772935
94.951890 8.2370195 -0.1366458 1.4627550 0.0079318 0.9862007 0.0223370 0.1638481
95.055660 8.2370863 -0.1366401 1.4625548 0.0080020 0.9883342 0.0224783 0.1504200
95.159370 8.2371473 -0.1366353 1.4623547 0.0081751 0.9903123 0.0219263 0.1368721
95.263120 8.2372007 -0.1366297 1.4621543 0.0087457 0.9920906 0.0213944 0.1233777
95.366730 8.2372503 -0.1366251 1.4619520 0.0087936 0.9936479 0.0210153 0.1102040
95.470470 8.2372952 -0.1366199 1.4617461 0.0097774 0.9949729 0.0207064 0.0974908
95.574090 8.2373343 -0.1366145 1.4615389 0.0100979 0.9961282 0.0205683 0.0848741
95.781570 8.2373972 -0.1366053 1.4611168 0.0107579 0.9979532 0.0207873 0.0595104
95.885200 8.2374220 -0.1365997 1.4609050 0.0110355 0.9986459 0.0202782 0.0466195
95.988800 8.2374401 -0.1365938 1.4606912 0.0111367 0.9991897 0.0189317 0.0337259
96.092540 8.2374544 -0.1365893 1.4604765 0.0113648 0.9995826 0.0171433 0.0202876
96.196160 8.2374611 -0.1365843 1.4602581 0.0112470 0.9997798 0.0163269 0.0068772
96.299770 8.2374620 -0.1365816 1.4600397 0.0107317 0.9997912 0.0160581 -0.0066720
96.921840 8.2373419 -0.1365554 1.4587165 0.0118349 0.9957030 0.0156788 -0.0904963
97.025580 8.2372999 -0.1365506 1.4584990 0.0122619 0.9943153 0.0156963 -0.1045961
97.129320 8.2372522 -0.1365462 1.4582806 0.0122200 0.9927076 0.0158535 -0.1188740
97.233060 8.2371979 -0.1365416 1.4580666 0.0123549 0.9908764 0.0153713 -0.1333234
97.336810 8.2371387 -0.1365375 1.4578550 0.0126119 0.9887975 0.0146893 -0.1480025
97.751640 8.2368288 -0.1365221 1.4570061 0.0127642 0.9781808 0.0139017 -0.2068966
97.855250 8.2367334 -0.1365173 1.4567970 0.0129103 0.9750043 0.0141329 -0.2213600
97.958990 8.2366343 -0.1365126 1.4565921 0.0131368 0.9715776 0.0140954 -0.2359356
98.062740 8.2365284 -0.1365083 1.4563923 0.0134279 0.9679544 0.0134814 -0.2504041
98.166520 8.2364168 -0.1365045 1.4561964 0.0134814 0.9641420 0.0130975 -0.2647203
98.373830 8.2361755 -0.1364972 1.4558109 0.0138945 0.9557593 0.0122331 -0.2935669
98.477450 8.2360468 -0.1364936 1.4556247 0.0141811 0.9512351 0.0126476 -0.3078811
98.581060 8.2359123 -0.1364887 1.4554405 0.0142299 0.9464511 0.0123080 -0.3222986
98.684800 8.2357712 -0.1364847 1.4552621 0.0143471 0.9414558 0.0114060 -0.3366379
98.788420 8.2356243 -0.1364812 1.4550875 0.0142478 0.9363344 0.0102555 -0.3506704
98.892150 8.2354736 -0.1364769 1.4549171 0.0143405 0.9310828 0.0092779 -0.3644078
99.721330 8.2340584 -0.1364479 1.4536699 0.0158367 0.8852386 0.0076277 -0.4648050
99.825070 8.2338638 -0.1364429 1.4535351 0.0164488 0.8793640 0.0065800 -0.4758204
100.032400 8.2334499 -0.1364353 1.4532760 0.0168625 0.8676041 0.0070640 -0.4969193
100.136200 8.2332430 -0.1364324 1.4531523 -0.0159463 -0.8616107 -0.0079539 0.5072568
100.343500 8.2328033 -0.1364233 1.4529169 -0.0160123 -0.8502269 -0.0065429 0.5261322
100.550800 8.2323589 -0.1364162 1.4527023 -0.0170912 -0.8397155 -0.0061886 0.5427223
100.758000 8.2319107 -0.1364080 1.4525059 -0.0180778 -0.8307193 -0.0047454 0.5563778
100.861600 8.2316799 -0.1364039 1.4524111 -0.0185036 -0.8265350 -0.0035047 0.5625702
100.965200 8.2314482 -0.1364001 1.4523205 -0.0187284 -0.8226899 -0.0025809 0.5681760
101.068800 8.2312107 -0.1363963 1.4522313 -0.0192147 -0.8189502 -0.0022633 0.5735383
101.172400 8.2309713 -0.1363923 1.4521455 -0.0193744 -0.8154202 -0.0017407 0.5785426
101.276200 8.2307310 -0.1363888 1.4520603 -0.0196058 -0.8120116 -0.0015751 0.5833098
101.379800 8.2304869 -0.1363844 1.4519795 -0.0189868 -0.8088264 -0.0015954 0.5877388
101.483400 8.2302465 -0.1363800 1.4519005 -0.0192174 -0.8058347 -0.0017082 0.5918263
101.587000 8.2299995 -0.1363753 1.4518248 -0.0198499 -0.8033823 -0.0021911 0.5951286
101.690600 8.2297564 -0.1363707 1.4517512 -0.0205125 -0.8014454 -0.0022694 0.5977117
101.794300 8.2295094 -0.1363669 1.4516785 -0.0210055 -0.7998343 -0.0017684 0.5998506
101.897900 8.2292604 -0.1363636 1.4516044 -0.0209465 -0.7981876 -0.0023082 0.6020403
102.001600 8.2290115 -0.1363590 1.4515333 -0.0211877 -0.7965257 -0.0024218 0.6042285
102.105200 8.2287636 -0.1363550 1.4514633 -0.0207229 -0.7950689 -0.0028631 0.6061583
102.208900 8.2285156 -0.1363514 1.4513958 -0.0206396 -0.7937497 -0.0033614 0.6078849
102.416200 8.2280054 -0.1363412 1.4512581 -0.0208383 -0.7919318 -0.0034457 0.6102441
102.520000 8.2277498 -0.1363360 1.4511907 -0.0207459 -0.7911499 -0.0029855 0.6112632
102.623600 8.2274952 -0.1363317 1.4511234 -0.0206135 -0.7905546 -0.0028556 0.6120378
102.727300 8.2272434 -0.1363289 1.4510566 -0.0206889 -0.7899493 -0.0027112 0.6128170
103.142000 8.2262239 -0.1363152 1.4507905 -0.0212654 -0.7884412 -0.0030954 0.6147346
103.349400 8.2257166 -0.1363069 1.4506599 -0.0214819 -0.7877112 -0.0039128 0.6156576
103.453000 8.2254562 -0.1363018 1.4505937 -0.0214684 -0.7873357 -0.0040051 0.6161376
103.660300 8.2249565 -0.1362924 1.4504672 -0.0208339 -0.7866254 -0.0038509 0.6170669
103.867700 8.2244482 -0.1362844 1.4503399 -0.0214425 -0.7858307 -0.0047323 0.6180516
104.075100 8.2239485 -0.1362741 1.4502172 -0.0199714 -0.7850795 -0.0044573 0.6190569
104.282300 8.2234497 -0.1362675 1.4500953 -0.0186668 -0.7841265 -0.0031535 0.6203123
104.489800 8.2229443 -0.1362595 1.4499778 -0.0187328 -0.7828960 -0.0024239 0.6218657
104.697300 8.2224598 -0.1362550 1.4498615 -0.0190779 -0.7801147 -0.0031803 0.6253375
104.904600 8.2219696 -0.1362476 1.4497507 -0.0183020 -0.7754624 -0.0035055 0.6311187
105.112100 8.2214813 -0.1362431 1.4496517 -0.0180021 -0.7692413 -0.0033708 0.6386958
105.319400 8.2209959 -0.1362367 1.4495605 -0.0175708 -0.7609069 -0.0047581 0.6486056
105.526900 8.2205181 -0.1362332 1.4494877 -0.0170572 -0.7503713 -0.0047929 0.6607791
105.734400 8.2200489 -0.1362269 1.4494339 -0.0161205 -0.7376058 -0.0029926 0.6750324
105.941900 8.2195845 -0.1362242 1.4494008 -0.0157487 -0.7231213 -0.0020417 0.6905384
106.149400 8.2191267 -0.1362227 1.4493880 -0.0163603 -0.7063322 -0.0020115 0.7076886
106.357000 8.2186689 -0.1362188 1.4493982 -0.0155254 -0.6865857 -0.0012827 0.7268819
106.564500 8.2182121 -0.1362155 1.4494370 -0.0160805 -0.6652099 0.0021289 0.7464802
106.771900 8.2177582 -0.1362138 1.4495039 -0.0166713 -0.6424956 0.0042264 0.7660964
106.979300 8.2173042 -0.1362113 1.4495980 -0.0181674 -0.6174544 0.0043128 0.7863850
107.186900 8.2168617 -0.1362075 1.4497205 -0.0179131 -0.5896668 0.0044385 0.8074358
107.394300 8.2164373 -0.1362078 1.4498729 -0.0164309 -0.5605656 0.0063931 0.8279223
107.601600 8.2160149 -0.1362042 1.4500554 -0.0170173 -0.5306976 0.0074238 0.8473578
107.809100 8.2156096 -0.1362044 1.4502649 -0.0172957 -0.4996631 0.0076078 0.8660137
108.016400 8.2152243 -0.1362035 1.4505057 -0.0168946 -0.4680302 0.0080849 0.8835139
108.223900 8.2148581 -0.1362005 1.4507719 -0.0149828 -0.4360077 0.0100288 0.8997623
108.431200 8.2145100 -0.1362002 1.4510646 -0.0143153 -0.4034821 0.0125165 0.9147899
108.534900 8.2143450 -0.1361999 1.4512186 -0.0140192 -0.3870493 0.0128848 0.9218624
108.742600 8.2140341 -0.1362014 1.4515452 -0.0122316 -0.3546661 0.0148419 0.9347952
108.949700 8.2137375 -0.1362026 1.4518960 -0.0103879 -0.3233124 0.0173350 0.9460765
109.053200 8.2135906 -0.1362021 1.4520854 -0.0114156 -0.3084115 0.0181182 0.9510120
109.260500 8.2133350 -0.1362037 1.4524599 -0.0116114 -0.2793666 0.0201913 0.9599020
109.467900 8.2130966 -0.1362056 1.4528573 -0.0086620 -0.2498548 0.0229828 0.9679718
109.571600 8.2129879 -0.1362072 1.4530593 -0.0087596 -0.2348492 0.0222552 0.9717376
109.675300 8.2128859 -0.1362075 1.4532667 -0.0107171 -0.2190177 0.0219358 0.9754154
109.779100 8.2127886 -0.1362076 1.4534777 -0.0115515 -0.2024484 0.0195695 0.9790292
109.882700 8.2126989 -0.1362081 1.4536906 -0.0078331 -0.1852960 0.0204800 0.9824381
109.986400 8.2126160 -0.1362087 1.4539058 -0.0016682 -0.1682595 0.0202363 0.9855336
110.090100 8.2125425 -0.1362123 1.4541258 0.0001522 -0.1517981 0.0196848 0.9882154
110.193900 8.2124748 -0.1362159 1.4543498 -0.0023399 -0.1355145 0.0203611 0.9905633
110.297600 8.2124128 -0.1362186 1.4545772 -0.0058557 -0.1190749 0.0216382 0.9926322
110.401400 8.2123613 -0.1362191 1.4548066 -0.0068524 -0.1024062 0.0226562 0.9944610
110.505100 8.2123156 -0.1362188 1.4550362 -0.0052169 -0.0855033 0.0232136 0.9960538
110.608900 8.2122803 -0.1362197 1.4552689 -0.0025715 -0.0688545 0.0233352 0.9973505
110.712500 8.2122507 -0.1362224 1.4555023 -0.0004997 -0.0520267 0.0228523 0.9983841
110.816200 8.2122288 -0.1362255 1.4557356 0.0010373 -0.0352562 0.0230682 0.9991115
110.920000 8.2122145 -0.1362291 1.4559729 0.0015882 -0.0185542 0.0218607 0.9995876
111.023600 8.2122068 -0.1362316 1.4562122 0.0013923 -0.0017716 0.0210106 0.9997767
111.127300 8.2122068 -0.1362354 1.4564509 0.0012301 0.0148717 0.0192445 0.9997035
111.231000 8.2122192 -0.1362409 1.4566805 0.0018988 0.0312004 0.0181730 0.9993461
111.334700 8.2122364 -0.1362464 1.4569228 0.0021739 0.0467819 0.0175400 0.9987488
111.438400 8.2122583 -0.1362502 1.4571648 0.0020568 0.0617742 0.0169631 0.9979439
111.542000 8.2122898 -0.1362538 1.4574090 0.0018225 0.0760010 0.0174174 0.9969540
111.645800 8.2123289 -0.1362573 1.4576553 0.0008138 0.0893290 0.0175405 0.9958474
111.749400 8.2123737 -0.1362591 1.4579030 0.0003304 0.1019435 0.0176196 0.9946341
111.853000 8.2124243 -0.1362614 1.4581481 0.0006094 0.1137705 0.0177712 0.9933479
112.060200 8.2125463 -0.1362661 1.4586378 0.0025031 0.1339309 0.0191035 0.9908034
112.268400 8.2126884 -0.1362707 1.4591277 0.0017918 0.1502814 0.0210245 0.9884180
112.370900 8.2127647 -0.1362713 1.4593712 0.0004757 0.1579160 0.0207757 0.9872339
112.578200 8.2129316 -0.1362730 1.4598629 0.0015130 0.1723347 0.0208650 0.9848163
112.785600 8.2131138 -0.1362770 1.4603585 0.0017108 0.1818952 0.0228952 0.9830499
112.889800 8.2132092 -0.1362779 1.4606074 0.0010428 0.1845871 0.0226967 0.9825535
113.096000 8.2134027 -0.1362785 1.4611090 0.0008243 0.1883344 0.0213661 0.9818722
113.303200 8.2136030 -0.1362795 1.4616179 -0.0015747 0.1901411 0.0218083 0.9815133
113.510500 8.2138090 -0.1362768 1.4621335 -0.0019223 0.1918952 0.0216268 0.9811752
113.614200 8.2139111 -0.1362780 1.4623872 -0.0017565 0.1926951 0.0217590 0.9810158
113.823800 8.2141171 -0.1362762 1.4628921 -0.0004676 0.1941775 0.0203962 0.9807543
114.028800 8.2143259 -0.1362751 1.4634051 -0.0019276 0.1959468 0.0215090 0.9803767
