8.245429e-01 -1.401100e-02 5.656260e-01 4.036690e+00 2.696390e-02 9.995305e-01 -1.454755e-02 -4.439735e-01 -5.651566e-01 2.724656e-02 8.245336e-01 1.201878e+01
7.681511e-01 -1.510445e-02 6.400904e-01 5.252124e+00 3.186802e-02 9.993845e-01 -1.466090e-02 -5.136186e-01 -6.394750e-01 3.166020e-02 7.681597e-01 1.353058e+01
7.374230e-01 -1.831697e-02 6.751828e-01 5.913461e+00 3.718619e-02 9.992171e-01 -1.350645e-02 -5.462713e-01 -6.744067e-01 3.506743e-02 7.375268e-01 1.423731e+01
7.051666e-01 -1.811309e-02 7.088103e-01 6.602643e+00 3.829943e-02 9.991872e-01 -1.256911e-02 -5.777429e-01 -7.080065e-01 3.601033e-02 7.052871e-01 1.491216e+01
6.350649e-01 -1.784306e-02 7.722528e-01 8.059654e+00 4.358563e-02 9.989682e-01 -1.276143e-02 -6.362920e-01 -7.712282e-01 4.176345e-02 6.351872e-01 1.615500e+01
5.983915e-01 -1.631634e-02 8.010377e-01 8.824947e+00 4.435618e-02 9.989339e-01 -1.278768e-02 -6.652783e-01 -7.999751e-01 4.318299e-02 5.984773e-01 1.672174e+01
5.606382e-01 -1.560419e-02 8.279139e-01 9.617499e+00 4.722424e-02 9.987977e-01 -1.315388e-02 -6.938755e-01 -8.267132e-01 4.647216e-02 5.607010e-01 1.724835e+01
4.824023e-01 -1.314333e-02 8.758512e-01 1.127339e+01 5.466343e-02 9.983902e-01 -1.512539e-02 -7.448949e-01 -8.742425e-01 5.517354e-02 4.823441e-01 1.818861e+01
3.705969e-01 -1.336462e-02 9.286977e-01 1.392282e+01 6.549873e-02 9.977831e-01 -1.177846e-02 -8.194983e-01 -9.264814e-01 6.519356e-02 3.706506e-01 1.933529e+01
3.032101e-01 -1.606372e-02 9.527884e-01 1.578819e+01 6.893784e-02 9.976078e-01 -5.119036e-03 -8.590110e-01 -9.504268e-01 6.723530e-02 3.035921e-01 1.994858e+01
2.700383e-01 -1.584084e-02 9.627193e-01 1.674609e+01 6.970552e-02 9.975627e-01 -3.137907e-03 -8.779579e-01 -9.603231e-01 6.795419e-02 2.704843e-01 2.020959e+01
2.373841e-01 -1.301040e-02 9.713288e-01 1.771096e+01 6.752450e-02 9.977127e-01 -3.138591e-03 -8.926428e-01 -9.690661e-01 6.633352e-02 2.377196e-01 2.044290e+01
1.748760e-01 -1.056614e-02 9.845338e-01 1.969166e+01 6.930053e-02 9.975945e-01 -1.603074e-03 -9.204752e-01 -9.821485e-01 6.850903e-02 1.751876e-01 2.081649e+01
1.132280e-01 -1.188899e-02 9.934979e-01 2.174157e+01 6.960632e-02 9.975665e-01 4.004714e-03 -9.423525e-01 -9.911278e-01 6.870027e-02 1.137800e-01 2.107450e+01
8.347506e-02 -1.182121e-02 9.964398e-01 2.279076e+01 7.016375e-02 9.975177e-01 5.956143e-03 -9.484050e-01 -9.940367e-01 6.941674e-02 8.409726e-02 2.116118e+01
5.575869e-02 -1.119487e-02 9.983815e-01 2.385365e+01 7.276066e-02 9.973240e-01 7.119389e-03 -9.510470e-01 -9.957895e-01 7.224591e-02 5.642402e-02 2.121468e+01
-1.358780e-02 -9.968577e-03 9.998580e-01 2.712723e+01 8.719664e-02 9.961291e-01 1.111637e-02 -9.489508e-01 -9.960984e-01 8.733528e-02 -1.266597e-02 2.121564e+01
-3.162964e-02 -1.065186e-02 9.994429e-01 2.824249e+01 9.165357e-02 9.956992e-01 1.351254e-02 -9.456288e-01 -9.952885e-01 9.202989e-02 -3.051732e-02 2.116969e+01
-4.749041e-02 -1.030237e-02 9.988186e-01 2.937022e+01 9.488928e-02 9.953781e-01 1.477854e-02 -9.414386e-01 -9.943544e-01 9.547900e-02 -4.629333e-02 2.110741e+01
-6.213432e-02 -1.086217e-02 9.980087e-01 3.050291e+01 9.737473e-02 9.951044e-01 1.689294e-02 -9.363594e-01 -9.933063e-01 9.823044e-02 -6.077243e-02 2.102960e+01
-7.560868e-02 -1.193509e-02 9.970662e-01 3.164196e+01 9.751631e-02 9.950466e-01 1.930569e-02 -9.296868e-01 -9.923577e-01 9.868987e-02 -7.407029e-02 2.093984e+01
-8.805539e-02 -1.198809e-02 9.960435e-01 3.278682e+01 9.729037e-02 9.950433e-01 2.057702e-02 -9.216773e-01 -9.913530e-01 9.871733e-02 -8.645259e-02 2.083696e+01
-9.947788e-02 -9.193596e-03 9.949973e-01 3.394232e+01 9.735338e-02 9.950699e-01 1.892746e-02 -9.117462e-01 -9.902658e-01 9.874920e-02 -9.809240e-02 2.071859e+01
-1.270885e-01 -1.278670e-03 9.918906e-01 3.752680e+01 9.888957e-02 9.950006e-01 1.395315e-02 -8.781568e-01 -9.869495e-01 9.986090e-02 -1.263266e-01 2.027890e+01
-1.329871e-01 -7.149781e-04 9.911175e-01 3.876733e+01 9.839198e-02 9.950504e-01 1.391994e-02 -8.670199e-01 -9.862218e-01 9.936917e-02 -1.322585e-01 2.011085e+01
-1.381591e-01 8.940047e-04 9.904097e-01 4.002403e+01 9.941083e-02 9.949619e-01 1.296938e-02 -8.564479e-01 -9.854083e-01 1.002493e-01 -1.375519e-01 1.993253e+01
-1.426852e-01 2.815813e-03 9.897642e-01 4.130550e+01 9.869170e-02 9.950528e-01 1.139661e-02 -8.460362e-01 -9.848354e-01 9.930761e-02 -1.422571e-01 1.974648e+01
-1.468253e-01 3.917606e-03 9.891547e-01 4.260679e+01 9.897322e-02 9.950320e-01 1.075021e-02 -8.375480e-01 -9.841984e-01 9.947820e-02 -1.464836e-01 1.955065e+01
-1.522300e-01 5.817954e-04 9.883450e-01 4.528137e+01 9.933371e-02 9.949454e-01 1.471420e-02 -8.187903e-01 -9.833406e-01 1.004159e-01 -1.515183e-01 1.913753e+01
-1.545076e-01 -3.897853e-04 9.879916e-01 4.664850e+01 9.937378e-02 9.949226e-01 1.593314e-02 -8.059921e-01 -9.829813e-01 1.006422e-01 -1.536843e-01 1.892231e+01
-1.575241e-01 8.739825e-04 9.875148e-01 4.944201e+01 1.013351e-01 9.947349e-01 1.528416e-02 -7.765930e-01 -9.823020e-01 1.024775e-01 -1.567833e-01 1.847318e+01
-1.581475e-01 2.246276e-03 9.874130e-01 5.231634e+01 1.029209e-01 9.945878e-01 1.422156e-02 -7.488661e-01 -9.820370e-01 1.038745e-01 -1.575227e-01 1.800571e+01
-1.564353e-01 3.535458e-03 9.876819e-01 5.527561e+01 1.033158e-01 9.945662e-01 1.280369e-02 -7.282464e-01 -9.822697e-01 1.040460e-01 -1.559505e-01 1.752865e+01
-1.538084e-01 3.054216e-03 9.880960e-01 5.831970e+01 1.033843e-01 9.945563e-01 1.301875e-02 -7.090229e-01 -9.826773e-01 1.041560e-01 -1.532869e-01 1.704698e+01
-1.516316e-01 4.600354e-03 9.884264e-01 6.144932e+01 1.043179e-01 9.944789e-01 1.137458e-02 -6.898538e-01 -9.829169e-01 1.048353e-01 -1.512744e-01 1.656009e+01
-1.496365e-01 2.801779e-03 9.887371e-01 6.466146e+01 1.056381e-01 9.943174e-01 1.316978e-02 -6.742945e-01 -9.830816e-01 1.064190e-01 -1.490821e-01 1.606555e+01
-1.481741e-01 1.587223e-03 9.889600e-01 6.793358e+01 1.084503e-01 9.939938e-01 1.465361e-02 -6.566595e-01 -9.829969e-01 1.094243e-01 -1.474563e-01 1.556429e+01
-1.471094e-01 3.907489e-03 9.891125e-01 6.959146e+01 1.108431e-01 9.937585e-01 1.255970e-02 -6.495479e-01 -9.828899e-01 1.114840e-01 -1.466243e-01 1.531065e+01
-1.464650e-01 3.603548e-03 9.892093e-01 7.126348e+01 1.101154e-01 9.938379e-01 1.268356e-02 -6.455501e-01 -9.830679e-01 1.107848e-01 -1.459592e-01 1.506048e+01
-1.462604e-01 3.233250e-03 9.892409e-01 7.294957e+01 1.105105e-01 9.937887e-01 1.309099e-02 -6.411509e-01 -9.830540e-01 1.112362e-01 -1.457092e-01 1.480708e+01
-1.456358e-01 1.966691e-03 9.893363e-01 7.637583e+01 1.116862e-01 9.936382e-01 1.446557e-02 -6.266393e-01 -9.830139e-01 1.126019e-01 -1.449289e-01 1.429583e+01
-1.456204e-01 2.152571e-03 9.893382e-01 7.811207e+01 1.123679e-01 9.935626e-01 1.437762e-02 -6.192733e-01 -9.829385e-01 1.132635e-01 -1.449248e-01 1.403765e+01
-1.459369e-01 3.866772e-03 9.892864e-01 8.162656e+01 1.123299e-01 9.935899e-01 1.268701e-02 -6.069533e-01 -9.828959e-01 1.129779e-01 -1.454358e-01 1.351471e+01
-1.470604e-01 4.142622e-03 9.891189e-01 8.340315e+01 1.112117e-01 9.937197e-01 1.237285e-02 -6.037449e-01 -9.828556e-01 1.118211e-01 -1.465975e-01 1.324930e+01
-1.492423e-01 4.338053e-03 9.887912e-01 8.700538e+01 1.094671e-01 9.939160e-01 1.216177e-02 -5.994816e-01 -9.827226e-01 1.100551e-01 -1.488091e-01 1.270711e+01
-1.502286e-01 3.835819e-03 9.886439e-01 8.882747e+01 1.096199e-01 9.938911e-01 1.280101e-02 -5.948763e-01 -9.825552e-01 1.102981e-01 -1.497313e-01 1.242843e+01
-1.506723e-01 2.811838e-03 9.885798e-01 9.066661e+01 1.070118e-01 9.941663e-01 1.348224e-02 -5.892579e-01 -9.827748e-01 1.078211e-01 -1.500942e-01 1.214861e+01
-1.520677e-01 3.896026e-03 9.883624e-01 9.251613e+01 1.068060e-01 9.942011e-01 1.251394e-02 -5.822604e-01 -9.825822e-01 1.074660e-01 -1.516020e-01 1.186127e+01
-1.584947e-01 5.190445e-03 9.873462e-01 9.626377e+01 1.064537e-01 9.942469e-01 1.186186e-02 -5.690865e-01 -9.816043e-01 1.069867e-01 -1.581354e-01 1.126751e+01
-1.632049e-01 4.743000e-03 9.865808e-01 9.815387e+01 1.041819e-01 9.944803e-01 1.245328e-02 -5.670654e-01 -9.810760e-01 1.048163e-01 -1.627982e-01 1.095901e+01
-1.680724e-01 3.613141e-03 9.857681e-01 1.000527e+02 1.019229e-01 9.946975e-01 1.373188e-02 -5.652429e-01 -9.804914e-01 1.027803e-01 -1.675495e-01 1.063988e+01
-1.774521e-01 6.239531e-03 9.841097e-01 1.038698e+02 1.014658e-01 9.947668e-01 1.198894e-02 -5.624452e-01 -9.788848e-01 1.019809e-01 -1.771565e-01 9.966128e+00
-1.820546e-01 7.979443e-03 9.832561e-01 1.057910e+02 1.011783e-01 9.948112e-01 1.066042e-02 -5.643553e-01 -9.780690e-01 1.014249e-01 -1.819173e-01 9.611618e+00
-1.868758e-01 8.786952e-03 9.823443e-01 1.077248e+02 1.001207e-01 9.949235e-01 1.014694e-02 -5.687973e-01 -9.772682e-01 1.002492e-01 -1.868069e-01 9.246382e+00
-1.918873e-01 7.633132e-03 9.813873e-01 1.096683e+02 9.794174e-02 9.951267e-01 1.141021e-02 -5.717942e-01 -9.765176e-01 9.830823e-02 -1.916997e-01 8.871585e+00
-1.972643e-01 7.480826e-03 9.803218e-01 1.116206e+02 9.606302e-02 9.953061e-01 1.173501e-02 -5.733449e-01 -9.756324e-01 9.648755e-02 -1.970570e-01 8.486629e+00
-2.028929e-01 6.576712e-03 9.791789e-01 1.135815e+02 9.508165e-02 9.953844e-01 1.301604e-02 -5.728043e-01 -9.745737e-01 9.574279e-02 -2.025817e-01 8.086921e+00
-2.084031e-01 6.469213e-03 9.780216e-01 1.155478e+02 9.502287e-02 9.953813e-01 1.366404e-02 -5.705380e-01 -9.734160e-01 9.578203e-02 -2.080553e-01 7.674193e+00
-2.138450e-01 7.858298e-03 9.768360e-01 1.175182e+02 9.558616e-02 9.953373e-01 1.291820e-02 -5.680584e-01 -9.721798e-01 9.613447e-02 -2.135991e-01 7.246929e+00
-2.195383e-01 8.856306e-03 9.755637e-01 1.194963e+02 9.521901e-02 9.953792e-01 1.239164e-02 -5.658779e-01 -9.709460e-01 9.561263e-02 -2.193671e-01 6.808278e+00
-2.254576e-01 8.853206e-03 9.742128e-01 1.214861e+02 9.566882e-02 9.953271e-01 1.309511e-02 -5.645652e-01 -9.695444e-01 9.615416e-02 -2.252510e-01 6.351224e+00
-2.310452e-01 9.190854e-03 9.728996e-01 1.234817e+02 9.472620e-02 9.954172e-01 1.309209e-02 -5.636678e-01 -9.683207e-01 9.518392e-02 -2.308570e-01 5.883248e+00
-2.362092e-01 9.550857e-03 9.716553e-01 1.254794e+02 9.420289e-02 9.954666e-01 1.311579e-02 -5.607338e-01 -9.671251e-01 9.463079e-02 -2.360381e-01 5.403529e+00
-2.414041e-01 9.719218e-03 9.703760e-01 1.274889e+02 9.294890e-02 9.955840e-01 1.315154e-02 -5.591517e-01 -9.659630e-01 9.337020e-02 -2.412414e-01 4.911013e+00
-2.458159e-01 9.821942e-03 9.692668e-01 1.295004e+02 9.457506e-02 9.954207e-01 1.389822e-02 -5.556139e-01 -9.646917e-01 9.508485e-02 -2.456191e-01 4.402279e+00
-2.497010e-01 8.595703e-03 9.682849e-01 1.315233e+02 9.625855e-02 9.952279e-01 1.598823e-02 -5.494115e-01 -9.635267e-01 9.719796e-02 -2.493368e-01 3.880107e+00
-2.532929e-01 9.879226e-03 9.673392e-01 1.335486e+02 9.768544e-02 9.950979e-01 1.541572e-02 -5.427542e-01 -9.624449e-01 9.839963e-02 -2.530163e-01 3.348158e+00
-2.563419e-01 1.033140e-02 9.665310e-01 1.355837e+02 9.797856e-02 9.950701e-01 1.534925e-02 -5.360354e-01 -9.616075e-01 9.863395e-02 -2.560904e-01 2.806947e+00
-2.597614e-01 1.013191e-02 9.656197e-01 1.376250e+02 9.708426e-02 9.951527e-01 1.567485e-02 -5.295973e-01 -9.607802e-01 9.781817e-02 -2.594859e-01 2.257989e+00
-2.637027e-01 1.035061e-02 9.645485e-01 1.396797e+02 9.579549e-02 9.952802e-01 1.550960e-02 -5.224538e-01 -9.598354e-01 9.648930e-02 -2.634496e-01 1.699296e+00
-2.681714e-01 1.125920e-02 9.633055e-01 1.417304e+02 9.446872e-02 9.954198e-01 1.466427e-02 -5.179993e-01 -9.587282e-01 9.493475e-02 -2.680067e-01 1.132152e+00
-2.726489e-01 1.108767e-02 9.620497e-01 1.437927e+02 9.357615e-02 9.954984e-01 1.504669e-02 -5.127373e-01 -9.575521e-01 9.412736e-02 -2.724590e-01 5.515872e-01
-2.772301e-01 1.132109e-02 9.607369e-01 1.458618e+02 9.373713e-02 9.954791e-01 1.531828e-02 -5.061993e-01 -9.562200e-01 9.430339e-02 -2.770379e-01 -4.137210e-02
-2.817308e-01 1.185782e-02 9.594203e-01 1.479305e+02 9.322617e-02 9.955309e-01 1.507145e-02 -5.006247e-01 -9.549537e-01 9.368914e-02 -2.815771e-01 -6.449311e-01
-2.862852e-01 1.239653e-02 9.580643e-01 1.500068e+02 9.286516e-02 9.955677e-01 1.486782e-02 -4.959689e-01 -9.536335e-01 9.322721e-02 -2.861674e-01 -1.261108e+00
-2.904967e-01 1.139404e-02 9.568082e-01 1.520968e+02 9.253122e-02 9.955774e-01 1.623769e-02 -4.898301e-01 -9.523915e-01 9.325161e-02 -2.902662e-01 -1.892338e+00
-2.947361e-01 1.147144e-02 9.555099e-01 1.541812e+02 9.310741e-02 9.955148e-01 1.676813e-02 -4.829921e-01 -9.510318e-01 9.390720e-02 -2.944822e-01 -2.533182e+00
-2.986660e-01 1.208825e-02 9.542812e-01 1.562753e+02 9.410159e-02 9.954201e-01 1.684205e-02 -4.753909e-01 -9.497070e-01 9.482950e-02 -2.984357e-01 -3.187653e+00
-3.022573e-01 1.327702e-02 9.531339e-01 1.583734e+02 9.424427e-02 9.954202e-01 1.602063e-02 -4.676840e-01 -9.485560e-01 9.466974e-02 -3.021243e-01 -3.851462e+00
-3.058439e-01 1.542536e-02 9.519567e-01 1.604737e+02 9.475529e-02 9.953977e-01 1.431362e-02 -4.608735e-01 -9.473547e-01 9.458065e-02 -3.058979e-01 -4.525316e+00
-3.092558e-01 1.602772e-02 9.508438e-01 1.625875e+02 9.539849e-02 9.953371e-01 1.425001e-02 -4.555311e-01 -9.461818e-01 9.511594e-02 -3.093428e-01 -5.211974e+00
-3.161339e-01 1.703662e-02 9.485616e-01 1.668257e+02 9.503047e-02 9.953788e-01 1.379400e-02 -4.495307e-01 -9.439430e-01 9.450299e-02 -3.162920e-01 -6.614701e+00
-3.201365e-01 1.695749e-02 9.472197e-01 1.689537e+02 9.501387e-02 9.953733e-01 1.429274e-02 -4.456125e-01 -9.425948e-01 9.457461e-02 -3.202665e-01 -7.331463e+00
-3.239253e-01 1.718208e-02 9.459266e-01 1.710871e+02 9.640571e-02 9.952300e-01 1.493575e-02 -4.416744e-01 -9.411579e-01 9.603078e-02 -3.240366e-01 -8.063072e+00
-3.271325e-01 1.815461e-02 9.448041e-01 1.732245e+02 9.878847e-02 9.949941e-01 1.508585e-02 -4.365523e-01 -9.398006e-01 9.827080e-02 -3.272883e-01 -8.806086e+00
-3.298961e-01 1.768240e-02 9.438517e-01 1.753665e+02 9.945702e-02 9.949112e-01 1.612335e-02 -4.294089e-01 -9.387634e-01 9.919169e-02 -3.299759e-01 -9.557829e+00
-3.325870e-01 1.703682e-02 9.429187e-01 1.775169e+02 9.930238e-02 9.949112e-01 1.704978e-02 -4.209330e-01 -9.378299e-01 9.930458e-02 -3.325864e-01 -1.031827e+01
-3.353595e-01 1.698544e-02 9.419371e-01 1.796714e+02 9.814417e-02 9.950270e-01 1.699965e-02 -4.118277e-01 -9.369641e-01 9.814661e-02 -3.353588e-01 -1.108560e+01
-3.383518e-01 1.880925e-02 9.408317e-01 1.818303e+02 9.724016e-02 9.951467e-01 1.507538e-02 -4.043634e-01 -9.359820e-01 9.658739e-02 -3.385386e-01 -1.186225e+01
-3.416162e-01 2.028947e-02 9.396206e-01 1.839969e+02 9.708227e-02 9.951806e-01 1.380682e-02 -3.985802e-01 -9.348119e-01 9.593711e-02 -3.419395e-01 -1.264986e+01
-3.448185e-01 2.159976e-02 9.384208e-01 1.861699e+02 9.545937e-02 9.953590e-01 1.216580e-02 -3.990509e-01 -9.338028e-01 9.377604e-02 -3.452801e-01 -1.344797e+01
-3.481357e-01 2.308833e-02 9.371598e-01 1.883440e+02 9.427365e-02 9.954910e-01 1.049532e-02 -4.000549e-01 -9.326918e-01 9.200325e-02 -3.487425e-01 -1.425545e+01
-3.519011e-01 2.312204e-02 9.357516e-01 1.905195e+02 9.504064e-02 9.954110e-01 1.114501e-02 -4.013833e-01 -9.311997e-01 9.285635e-02 -3.524837e-01 -1.507493e+01
-3.555047e-01 2.192990e-02 9.344172e-01 1.927087e+02 9.415617e-02 9.954795e-01 1.245931e-02 -4.038655e-01 -9.299198e-01 9.241047e-02 -3.559625e-01 -1.590879e+01
-3.592385e-01 2.119195e-02 9.330052e-01 1.949010e+02 9.384472e-02 9.954950e-01 1.352206e-02 -4.035663e-01 -9.285154e-01 9.241523e-02 -3.596089e-01 -1.675316e+01
-3.631389e-01 2.128419e-02 9.314919e-01 1.970930e+02 9.410306e-02 9.954648e-01 1.393979e-02 -4.021162e-01 -9.269707e-01 9.271829e-02 -3.634949e-01 -1.760738e+01
-3.666020e-01 2.143330e-02 9.301310e-01 1.992958e+02 9.312059e-02 9.955597e-01 1.376156e-02 -4.006638e-01 -9.257059e-01 9.165934e-02 -3.669700e-01 -1.847484e+01
-3.703490e-01 2.201051e-02 9.286319e-01 2.014804e+02 9.212319e-02 9.956609e-01 1.314053e-02 -4.011965e-01 -9.243132e-01 9.041510e-02 -3.707697e-01 -1.934449e+01
-3.735992e-01 2.206369e-02 9.273278e-01 2.036882e+02 9.207681e-02 9.956616e-01 1.340610e-02 -4.030819e-01 -9.230089e-01 9.039387e-02 -3.740100e-01 -2.023459e+01
-3.763962e-01 2.270051e-02 9.261807e-01 2.058770e+02 9.308605e-02 9.955675e-01 1.342863e-02 -4.061955e-01 -9.217705e-01 9.126896e-02 -3.768409e-01 -2.112723e+01
-3.789168e-01 2.285844e-02 9.251484e-01 2.080748e+02 9.433619e-02 9.954413e-01 1.404241e-02 -4.083230e-01 -9.206100e-01 9.259586e-02 -3.793458e-01 -2.203665e+01
-3.816064e-01 2.250176e-02 9.240510e-01 2.102746e+02 9.526666e-02 9.953372e-01 1.510471e-02 -4.072563e-01 -9.194024e-01 9.379529e-02 -3.819707e-01 -2.295396e+01
-3.840978e-01 2.314782e-02 9.230022e-01 2.124744e+02 9.628035e-02 9.952396e-01 1.510660e-02 -4.051777e-01 -9.182586e-01 9.466937e-02 -3.844980e-01 -2.387896e+01
-3.866127e-01 2.432739e-02 9.219213e-01 2.146697e+02 9.675317e-02 9.952055e-01 1.431277e-02 -4.036944e-01 -9.171529e-01 9.473228e-02 -3.871128e-01 -2.480688e+01
-3.893716e-01 2.450055e-02 9.207549e-01 2.168716e+02 9.604304e-02 9.952768e-01 1.413145e-02 -4.053455e-01 -9.160597e-01 9.393446e-02 -3.898856e-01 -2.574520e+01
-3.920958e-01 2.535895e-02 9.195748e-01 2.190854e+02 9.548806e-02 9.953421e-01 1.326659e-02 -4.089666e-01 -9.149551e-01 9.301017e-02 -3.926909e-01 -2.669513e+01
-3.974300e-01 2.654920e-02 9.172484e-01 2.234748e+02 9.359537e-02 9.955411e-01 1.173812e-02 -4.227878e-01 -9.128468e-01 9.051527e-02 -3.981427e-01 -2.859890e+01
-4.029066e-01 2.696929e-02 9.148437e-01 2.278686e+02 9.567667e-02 9.953302e-01 1.279497e-02 -4.418329e-01 -9.102265e-01 9.268435e-02 -4.036054e-01 -3.054211e+01
-4.086398e-01 2.546329e-02 9.123405e-01 2.322584e+02 9.487381e-02 9.953805e-01 1.471329e-02 -4.502008e-01 -9.077513e-01 9.256963e-02 -4.091678e-01 -3.251137e+01
-4.116808e-01 2.580665e-02 9.109627e-01 2.344478e+02 9.367349e-02 9.955027e-01 1.413118e-02 -4.516442e-01 -9.065011e-01 9.115057e-02 -4.122467e-01 -3.350409e+01
-4.185234e-01 2.430782e-02 9.078807e-01 2.388266e+02 9.099928e-02 9.957336e-01 1.528968e-02 -4.565040e-01 -9.036356e-01 8.901555e-02 -4.189498e-01 -3.551552e+01
-4.220821e-01 2.436985e-02 9.062300e-01 2.410098e+02 9.041717e-02 9.957859e-01 1.533419e-02 -4.583595e-01 -9.020374e-01 8.841102e-02 -4.225068e-01 -3.653355e+01
-4.295873e-01 2.463815e-02 9.026892e-01 2.453571e+02 8.910321e-02 9.959061e-01 1.522154e-02 -4.618584e-01 -8.986186e-01 8.697147e-02 -4.300239e-01 -3.859114e+01
-4.375346e-01 2.399626e-02 8.988814e-01 2.496839e+02 8.785629e-02 9.960018e-01 1.617549e-02 -4.614460e-01 -8.948993e-01 8.604970e-02 -4.378935e-01 -4.068364e+01
-4.410215e-01 2.505593e-02 8.971467e-01 2.518424e+02 8.852924e-02 9.959498e-01 1.570406e-02 -4.628392e-01 -8.931196e-01 8.634953e-02 -4.414534e-01 -4.174631e+01
-4.483033e-01 2.521558e-02 8.935258e-01 2.561425e+02 8.717879e-02 9.960700e-01 1.563027e-02 -4.599411e-01 -8.896201e-01 8.490359e-02 -4.487397e-01 -4.389031e+01
-4.553868e-01 2.592550e-02 8.899162e-01 2.604446e+02 8.760414e-02 9.960298e-01 1.581181e-02 -4.515860e-01 -8.859731e-01 8.516081e-02 -4.558499e-01 -4.607408e+01
-4.588898e-01 2.701655e-02 8.880824e-01 2.625925e+02 8.903314e-02 9.959048e-01 1.570853e-02 -4.468931e-01 -8.840210e-01 8.627723e-02 -4.594159e-01 -4.718398e+01
-4.621008e-01 2.899750e-02 8.863532e-01 2.647340e+02 9.121464e-02 9.957186e-01 1.497936e-02 -4.443228e-01 -8.821240e-01 8.777034e-02 -4.627673e-01 -4.830007e+01
-4.678605e-01 3.190777e-02 8.832262e-01 2.690255e+02 9.402770e-02 9.954733e-01 1.384527e-02 -4.394885e-01 -8.787863e-01 8.952536e-02 -4.687428e-01 -5.056793e+01
-4.764989e-01 3.618638e-02 8.784301e-01 2.754870e+02 9.750257e-02 9.951642e-01 1.189447e-02 -4.244063e-01 -8.737517e-01 9.131687e-02 -4.777228e-01 -5.406212e+01
-4.797661e-01 3.625912e-02 8.766469e-01 2.776580e+02 9.648349e-02 9.952665e-01 1.163754e-02 -4.182424e-01 -8.720753e-01 9.016523e-02 -4.809935e-01 -5.525311e+01
-4.830450e-01 3.738275e-02 8.747972e-01 2.798273e+02 9.727560e-02 9.951946e-01 1.118587e-02 -4.128268e-01 -8.701752e-01 9.049968e-02 -4.843602e-01 -5.645514e+01
-4.891485e-01 3.754739e-02 8.713920e-01 2.841885e+02 9.474989e-02 9.954479e-01 1.029420e-02 -4.095589e-01 -8.670387e-01 8.759967e-02 -4.904794e-01 -5.889251e+01
-4.918877e-01 3.780488e-02 8.698375e-01 2.863724e+02 9.587566e-02 9.953330e-01 1.095791e-02 -4.079618e-01 -8.653637e-01 8.878629e-02 -4.932166e-01 -6.012956e+01
-4.959533e-01 3.775471e-02 8.675281e-01 2.907704e+02 9.815965e-02 9.950882e-01 1.281034e-02 -3.986685e-01 -8.627832e-01 9.150956e-02 -4.972233e-01 -6.264929e+01
-4.981567e-01 3.777312e-02 8.662639e-01 2.929827e+02 9.815975e-02 9.950850e-01 1.305774e-02 -3.908822e-01 -8.615130e-01 9.153703e-02 -4.994160e-01 -6.392341e+01
-5.030179e-01 3.703289e-02 8.634823e-01 2.974212e+02 9.842723e-02 9.950362e-01 1.466339e-02 -3.713999e-01 -8.586531e-01 9.236610e-02 -5.041660e-01 -6.650521e+01
-5.051574e-01 3.705698e-02 8.622313e-01 2.996423e+02 9.892841e-02 9.949785e-01 1.519721e-02 -3.587114e-01 -8.573384e-01 9.297614e-02 -5.062867e-01 -6.780874e+01
-5.071269e-01 3.780852e-02 8.610417e-01 3.018763e+02 9.853901e-02 9.950298e-01 1.434445e-02 -3.470056e-01 -8.562198e-01 9.212063e-02 -5.083320e-01 -6.912560e+01
-5.093585e-01 4.004183e-02 8.596224e-01 3.041141e+02 9.794371e-02 9.951234e-01 1.168175e-02 -3.372516e-01 -8.549625e-01 9.014478e-02 -5.107963e-01 -7.045170e+01
-5.126685e-01 3.931280e-02 8.576862e-01 3.063593e+02 9.633206e-02 9.952774e-01 1.196155e-02 -3.307952e-01 -8.531654e-01 8.875497e-02 -5.140344e-01 -7.179168e+01
-5.171586e-01 3.690592e-02 8.550936e-01 3.086134e+02 9.360376e-02 9.955160e-01 1.364476e-02 -3.233356e-01 -8.507557e-01 8.709646e-02 -5.182942e-01 -7.314403e+01
-5.220571e-01 3.451451e-02 8.522120e-01 3.108714e+02 9.114758e-02 9.957166e-01 1.550971e-02 -3.126191e-01 -8.480262e-01 8.577399e-02 -5.229668e-01 -7.451245e+01
-5.268235e-01 3.309434e-02 8.493302e-01 3.131301e+02 8.979367e-02 9.958171e-01 1.689507e-02 -2.971879e-01 -8.452184e-01 8.516518e-02 -5.275914e-01 -7.590012e+01
-5.311682e-01 3.348928e-02 8.466043e-01 3.153852e+02 9.017544e-02 9.957776e-01 1.718683e-02 -2.796424e-01 -8.424540e-01 8.547199e-02 -5.319453e-01 -7.730725e+01
-5.353072e-01 3.467362e-02 8.439455e-01 3.176383e+02 9.238538e-02 9.955660e-01 1.769624e-02 -2.578412e-01 -8.395898e-01 8.744113e-02 -5.361370e-01 -7.872988e+01
-5.390292e-01 3.588530e-02 8.415223e-01 3.198954e+02 9.381170e-02 9.954336e-01 1.764160e-02 -2.381554e-01 -8.370465e-01 8.845395e-02 -5.399342e-01 -8.017271e+01
-5.426799e-01 3.583575e-02 8.391748e-01 3.221579e+02 9.420860e-02 9.953821e-01 1.841670e-02 -2.197853e-01 -8.346396e-01 8.905184e-02 -5.435499e-01 -8.163211e+01
-5.466164e-01 3.426157e-02 8.366820e-01 3.244120e+02 9.455334e-02 9.952979e-01 2.101626e-02 -2.016825e-01 -8.320277e-01 9.059888e-02 -5.472856e-01 -8.310009e+01
-5.505309e-01 3.288636e-02 8.341668e-01 3.266626e+02 9.308915e-02 9.954104e-01 2.219342e-02 -1.825361e-01 -8.296084e-01 8.987002e-02 -5.510655e-01 -8.457972e+01
-5.542889e-01 3.278444e-02 8.316784e-01 3.289055e+02 9.233886e-02 9.954779e-01 2.229974e-02 -1.608324e-01 -8.271864e-01 8.915672e-02 -5.548096e-01 -8.606826e+01
-5.583189e-01 3.221365e-02 8.290008e-01 3.311477e+02 9.187847e-02 9.955000e-01 2.319514e-02 -1.383913e-01 -8.245231e-01 8.911758e-02 -5.587662e-01 -8.757051e+01
-5.624024e-01 3.172657e-02 8.262548e-01 3.333840e+02 9.317394e-02 9.953308e-01 2.520143e-02 -1.125608e-01 -8.215973e-01 9.115875e-02 -5.627325e-01 -8.908675e+01
-5.662656e-01 3.200649e-02 8.236012e-01 3.356133e+02 9.376371e-02 9.952604e-01 2.578962e-02 -8.455148e-02 -8.188722e-01 9.182766e-02 -5.665827e-01 -9.061426e+01
-5.699347e-01 3.105914e-02 8.211028e-01 3.378389e+02 9.197118e-02 9.954173e-01 2.618521e-02 -5.242768e-02 -8.165266e-01 9.044163e-02 -5.701793e-01 -9.215154e+01
-5.734629e-01 2.980165e-02 8.186893e-01 3.400560e+02 9.146806e-02 9.954189e-01 2.783523e-02 -1.599584e-02 -8.141093e-01 9.084638e-02 -5.735616e-01 -9.370014e+01
-5.764348e-01 2.883221e-02 8.166344e-01 3.422752e+02 9.162022e-02 9.953561e-01 2.952944e-02 2.333862e-02 -8.119905e-01 9.184199e-02 -5.763994e-01 -9.526502e+01
-5.792285e-01 2.833649e-02 8.146726e-01 3.444892e+02 8.960529e-02 9.955527e-01 2.908096e-02 6.337510e-02 -8.102254e-01 8.984348e-02 -5.791916e-01 -9.683616e+01
-5.821727e-01 2.738547e-02 8.126039e-01 3.467010e+02 8.552969e-02 9.959502e-01 2.771149e-02 1.024766e-01 -8.085540e-01 8.563461e-02 -5.821572e-01 -9.841195e+01
-5.852817e-01 2.656025e-02 8.103950e-01 3.489103e+02 8.243732e-02 9.962335e-01 2.688668e-02 1.402984e-01 -8.066284e-01 8.254305e-02 -5.852667e-01 -9.999813e+01
-5.884897e-01 2.360915e-02 8.081600e-01 3.511094e+02 7.975283e-02 9.963937e-01 2.896666e-02 1.754218e-01 -8.045616e-01 8.149961e-02 -5.882502e-01 -1.015909e+02
-5.915552e-01 2.271379e-02 8.059445e-01 3.533107e+02 8.013301e-02 9.963101e-01 3.073798e-02 2.141195e-01 -8.022725e-01 8.276596e-02 -5.911925e-01 -1.032033e+02
-5.945947e-01 2.268037e-02 8.037057e-01 3.554996e+02 7.939344e-02 9.963730e-01 3.061917e-02 2.539708e-01 -8.000961e-01 8.201493e-02 -5.942387e-01 -1.048170e+02
-5.974407e-01 2.308157e-02 8.015809e-01 3.576809e+02 7.813459e-02 9.965050e-01 2.954148e-02 2.903191e-01 -7.980974e-01 8.028046e-02 -5.971561e-01 -1.064411e+02
-6.007205e-01 1.876716e-02 7.992389e-01 3.598670e+02 7.511391e-02 9.966269e-01 3.305469e-02 3.297903e-01 -7.959226e-01 7.989057e-02 -6.001039e-01 -1.080781e+02
-6.038752e-01 1.623428e-02 7.969136e-01 3.620386e+02 7.242569e-02 9.967743e-01 3.457609e-02 3.801369e-01 -7.937816e-01 7.859665e-02 -6.031030e-01 -1.097167e+02
-6.068475e-01 1.634159e-02 7.946503e-01 3.642051e+02 7.194258e-02 9.968139e-01 3.444111e-02 4.335940e-01 -7.915556e-01 7.806967e-02 -6.060897e-01 -1.113631e+02
-6.095901e-01 1.605467e-02 7.925543e-01 3.663626e+02 7.126306e-02 9.968566e-01 3.461851e-02 4.855505e-01 -7.895071e-01 7.758292e-02 -6.088179e-01 -1.130176e+02
-6.122075e-01 1.580857e-02 7.905392e-01 3.685148e+02 7.108644e-02 9.968518e-01 3.511634e-02 5.357534e-01 -7.874952e-01 7.769508e-02 -6.114039e-01 -1.146817e+02
-6.150181e-01 1.428418e-02 7.883836e-01 3.706543e+02 7.043109e-02 9.968345e-01 3.688232e-02 5.857535e-01 -7.853612e-01 7.820999e-02 -6.140773e-01 -1.163494e+02
-6.177963e-01 1.359792e-02 7.862206e-01 3.727925e+02 6.786551e-02 9.970417e-01 3.608321e-02 6.347512e-01 -7.834041e-01 7.564932e-02 -6.168915e-01 -1.180262e+02
-6.206707e-01 1.085791e-02 7.839962e-01 3.749322e+02 5.885749e-02 9.977281e-01 3.277805e-02 6.806409e-01 -7.818591e-01 6.648841e-02 -6.198996e-01 -1.197055e+02
-6.239941e-01 1.192773e-02 7.813381e-01 3.770444e+02 4.951205e-02 9.984779e-01 2.429889e-02 7.141844e-01 -7.798589e-01 5.384800e-02 -6.236348e-01 -1.213733e+02
-6.266260e-01 2.205789e-02 7.790079e-01 3.791489e+02 5.900870e-02 9.980727e-01 1.920520e-02 7.322390e-01 -7.770829e-01 5.800271e-02 -6.267199e-01 -1.230734e+02
-6.274763e-01 2.388148e-02 7.782693e-01 3.812460e+02 6.664289e-02 9.975089e-01 2.312160e-02 7.514499e-01 -7.757784e-01 6.637436e-02 -6.275047e-01 -1.247861e+02
-6.293392e-01 1.350458e-02 7.770134e-01 3.833531e+02 6.579098e-02 9.971854e-01 3.595595e-02 7.912642e-01 -7.743408e-01 7.374895e-02 -6.284563e-01 -1.264979e+02
-6.322787e-01 3.794990e-03 7.747318e-01 3.854625e+02 6.029882e-02 9.971956e-01 4.432671e-02 8.581189e-01 -7.723909e-01 7.474223e-02 -6.307344e-01 -1.282062e+02
-6.354821e-01 -2.169544e-03 7.721126e-01 3.875638e+02 5.428748e-02 9.973957e-01 4.748350e-02 9.375737e-01 -7.702048e-01 7.209095e-02 -6.337093e-01 -1.299140e+02
-6.382772e-01 -2.563005e-03 7.698024e-01 3.896489e+02 5.281065e-02 9.974927e-01 4.710871e-02 1.015440e+00 -7.679930e-01 7.072216e-02 -6.365415e-01 -1.316273e+02
-6.407552e-01 2.180977e-03 7.677422e-01 3.917168e+02 5.798493e-02 9.972772e-01 4.556100e-02 1.088896e+00 -7.655524e-01 7.371091e-02 -6.391370e-01 -1.333507e+02
-6.427141e-01 9.281153e-03 7.660500e-01 3.937800e+02 6.314894e-02 9.971656e-01 4.090054e-02 1.154913e+00 -7.634991e-01 7.466258e-02 -6.414785e-01 -1.350831e+02
-6.451251e-01 1.299057e-02 7.639665e-01 3.958385e+02 6.465990e-02 9.971970e-01 3.764505e-02 1.214067e+00 -7.613361e-01 7.368375e-02 -6.441568e-01 -1.368244e+02
-6.480120e-01 1.202720e-02 7.615352e-01 3.978934e+02 6.400803e-02 9.971980e-01 3.871714e-02 1.272858e+00 -7.589357e-01 7.383352e-02 -6.469661e-01 -1.385702e+02
-6.508502e-01 1.161103e-02 7.591174e-01 3.999429e+02 6.462644e-02 9.971011e-01 4.015815e-02 1.334967e+00 -7.564505e-01 7.519598e-02 -6.497138e-01 -1.403176e+02
-6.532311e-01 1.121137e-02 7.570756e-01 4.019775e+02 6.522569e-02 9.970066e-01 4.151452e-02 1.399861e+00 -7.543439e-01 7.649933e-02 -6.520070e-01 -1.420688e+02
-6.550600e-01 1.168809e-02 7.554865e-01 4.040132e+02 6.588239e-02 9.969556e-01 4.170082e-02 1.463950e+00 -7.526991e-01 7.708978e-02 -6.538357e-01 -1.438398e+02
-6.564592e-01 1.172668e-02 7.542705e-01 4.060396e+02 6.614536e-02 9.969228e-01 4.206862e-02 1.530570e+00 -7.514560e-01 7.750781e-02 -6.552147e-01 -1.456094e+02
-6.576740e-01 1.232267e-02 7.532019e-01 4.080639e+02 6.689873e-02 9.968710e-01 4.210482e-02 1.596786e+00 -7.503263e-01 7.807948e-02 -6.564404e-01 -1.473861e+02
-6.587023e-01 1.203487e-02 7.523075e-01 4.100865e+02 6.824368e-02 9.967064e-01 4.380791e-02 1.665192e+00 -7.493024e-01 8.019658e-02 -6.573540e-01 -1.491653e+02
-6.597711e-01 1.115265e-02 7.513839e-01 4.120999e+02 6.999913e-02 9.964545e-01 4.667426e-02 1.739480e+00 -7.481993e-01 8.339053e-02 -6.582125e-01 -1.509391e+02
-6.608928e-01 1.078191e-02 7.504029e-01 4.141199e+02 7.151847e-02 9.962510e-01 4.867325e-02 1.820766e+00 -7.470648e-01 8.583545e-02 -6.591862e-01 -1.527256e+02
-6.634470e-01 1.166464e-02 7.481324e-01 4.181369e+02 6.703205e-02 9.967844e-01 4.390275e-02 1.980352e+00 -7.452146e-01 7.927598e-02 -6.620955e-01 -1.562858e+02
-6.658022e-01 1.000833e-02 7.460613e-01 4.221413e+02 6.306201e-02 9.970870e-01 4.290216e-02 2.117805e+00 -7.434586e-01 7.561245e-02 -6.644938e-01 -1.598579e+02
-6.666894e-01 8.669528e-03 7.452853e-01 4.241424e+02 6.129618e-02 9.971829e-01 4.323230e-02 2.186326e+00 -7.428109e-01 7.450564e-02 -6.653426e-01 -1.616509e+02
-6.676013e-01 8.285427e-03 7.444729e-01 4.261357e+02 5.852154e-02 9.974282e-01 4.137817e-02 2.256082e+00 -7.422154e-01 7.119181e-02 -6.663692e-01 -1.634423e+02
-6.684511e-01 6.991256e-03 7.437233e-01 4.281288e+02 5.725191e-02 9.974725e-01 4.208085e-02 2.325413e+00 -7.415493e-01 7.070856e-02 -6.671618e-01 -1.652378e+02
-6.688562e-01 4.782552e-03 7.433765e-01 4.320961e+02 5.962807e-02 9.971024e-01 4.723569e-02 2.471810e+00 -7.409965e-01 7.591998e-02 -6.672033e-01 -1.688310e+02
-6.679607e-01 3.317931e-03 7.441892e-01 4.340721e+02 6.413589e-02 9.965262e-01 5.312338e-02 2.549279e+00 -7.414277e-01 8.321354e-02 -6.658531e-01 -1.706280e+02
-6.664665e-01 2.245014e-03 7.455316e-01 4.360531e+02 6.807604e-02 9.960011e-01 5.785718e-02 2.650572e+00 -7.424204e-01 8.931269e-02 -6.639541e-01 -1.724221e+02
-6.646993e-01 4.525680e-04 7.471109e-01 4.380420e+02 6.387629e-02 9.963726e-01 5.622671e-02 2.755615e+00 -7.443754e-01 8.509651e-02 -6.623170e-01 -1.742029e+02
-6.640222e-01 7.332386e-04 7.477126e-01 4.400300e+02 5.667972e-02 9.971716e-01 4.935776e-02 2.843910e+00 -7.455615e-01 7.515477e-02 -6.621855e-01 -1.759705e+02
-6.623343e-01 -1.685100e-03 7.492066e-01 4.420339e+02 5.114571e-02 9.975629e-01 4.745893e-02 2.921911e+00 -7.474606e-01 6.975236e-02 -6.606339e-01 -1.777475e+02
-6.599321e-01 -2.489415e-03 7.513212e-01 4.440392e+02 4.941883e-02 9.976851e-01 4.671333e-02 3.006852e+00 -7.496982e-01 6.795703e-02 -6.582813e-01 -1.795200e+02
-6.571388e-01 -2.384720e-03 7.537658e-01 4.460460e+02 5.118087e-02 9.975460e-01 4.777584e-02 3.098726e+00 -7.520300e-01 6.997374e-02 -6.554041e-01 -1.812884e+02
-6.542341e-01 -2.031108e-03 7.562894e-01 4.480532e+02 5.211326e-02 9.974985e-01 4.775987e-02 3.192574e+00 -7.544945e-01 7.065882e-02 -6.524916e-01 -1.830447e+02
-6.518127e-01 -7.487279e-04 7.583797e-01 4.500640e+02 5.035348e-02 9.977501e-01 4.426288e-02 3.278015e+00 -7.567065e-01 6.703814e-02 -6.503084e-01 -1.847916e+02
-6.502861e-01 -5.694727e-03 7.596681e-01 4.520924e+02 4.340385e-02 9.980600e-01 4.463606e-02 3.358861e+00 -7.584485e-01 6.199872e-02 -6.487773e-01 -1.865327e+02
-6.493819e-01 -1.250006e-02 7.603597e-01 4.541251e+02 3.451564e-02 9.983500e-01 4.589046e-02 3.436998e+00 -7.596787e-01 5.604473e-02 -6.478790e-01 -1.882652e+02
-6.487774e-01 -1.541144e-02 7.608223e-01 4.561580e+02 2.766377e-02 9.986564e-01 4.381885e-02 3.516788e+00 -7.604753e-01 4.947588e-02 -6.474793e-01 -1.899924e+02
-6.482236e-01 -1.648422e-02 7.612716e-01 4.581873e+02 2.535380e-02 9.987440e-01 4.321512e-02 3.593514e+00 -7.610278e-01 4.731418e-02 -6.469915e-01 -1.917203e+02
-6.471136e-01 -1.651054e-02 7.622149e-01 4.602152e+02 2.716600e-02 9.986312e-01 4.469530e-02 3.669483e+00 -7.619095e-01 4.962925e-02 -6.457792e-01 -1.934519e+02
-6.457730e-01 -1.750312e-02 7.633289e-01 4.622462e+02 2.915962e-02 9.984425e-01 4.756317e-02 3.750848e+00 -7.629724e-01 5.297338e-02 -6.442568e-01 -1.951830e+02
-6.434782e-01 -2.002168e-02 7.652026e-01 4.663135e+02 2.551058e-02 9.985416e-01 4.757953e-02 3.921999e+00 -7.650392e-01 5.013714e-02 -6.420289e-01 -1.986214e+02
-6.415126e-01 -1.754977e-02 7.669117e-01 4.703839e+02 2.511503e-02 9.987218e-01 4.386287e-02 4.079549e+00 -7.667012e-01 4.739958e-02 -6.402518e-01 -2.020483e+02
-6.391027e-01 -1.702761e-02 7.689330e-01 4.744683e+02 2.897557e-02 9.985121e-01 4.619471e-02 4.230210e+00 -7.685754e-01 5.180342e-02 -6.376583e-01 -2.054787e+02
-6.372622e-01 -1.757278e-02 7.704467e-01 4.785558e+02 2.893845e-02 9.984892e-01 4.671006e-02 4.389454e+00 -7.701035e-01 5.206208e-02 -6.357909e-01 -2.088868e+02
-6.357276e-01 -1.991678e-02 7.716565e-01 4.826545e+02 2.804295e-02 9.984112e-01 4.887253e-02 4.555624e+00 -7.714039e-01 5.270913e-02 -6.341590e-01 -2.122853e+02
-6.337660e-01 -1.964247e-02 7.732754e-01 4.908629e+02 2.766558e-02 9.984623e-01 4.803691e-02 4.880930e+00 -7.730299e-01 5.183726e-02 -6.322480e-01 -2.190659e+02
-6.337949e-01 -2.127668e-02 7.732085e-01 4.949713e+02 2.566601e-02 9.984927e-01 4.851420e-02 5.038016e+00 -7.730752e-01 5.059322e-02 -6.322934e-01 -2.224476e+02
-6.341946e-01 -2.049598e-02 7.729018e-01 4.990722e+02 2.633335e-02 9.984960e-01 4.808582e-02 5.193552e+00 -7.727248e-01 5.084886e-02 -6.327010e-01 -2.258270e+02
-6.346633e-01 -2.373341e-02 7.724243e-01 5.031867e+02 2.489555e-02 9.983816e-01 5.113160e-02 5.349108e+00 -7.723877e-01 5.168127e-02 -6.330452e-01 -2.292205e+02
-6.349925e-01 -2.411289e-02 7.721420e-01 5.072915e+02 2.397188e-02 9.984163e-01 5.089305e-02 5.519275e+00 -7.721463e-01 5.082639e-02 -6.334088e-01 -2.326072e+02
-6.348712e-01 -2.289225e-02 7.722788e-01 5.113939e+02 2.500734e-02 9.984284e-01 5.015379e-02 5.689304e+00 -7.722131e-01 5.115382e-02 -6.333009e-01 -2.359969e+02
-6.346300e-01 -2.317670e-02 7.724686e-01 5.154974e+02 2.483037e-02 9.984226e-01 5.035575e-02 5.857608e+00 -7.724171e-01 5.113794e-02 -6.330534e-01 -2.393843e+02
-6.344472e-01 -2.404252e-02 7.725922e-01 5.196014e+02 2.355973e-02 9.984503e-01 5.041814e-02 6.026971e+00 -7.726070e-01 5.018971e-02 -6.328975e-01 -2.427680e+02
-6.335759e-01 -2.408283e-02 7.733057e-01 5.278159e+02 2.550849e-02 9.983218e-01 5.198975e-02 6.392878e+00 -7.732599e-01 5.266529e-02 -6.318982e-01 -2.495367e+02
-6.333535e-01 -2.499187e-02 7.734590e-01 5.360377e+02 2.464368e-02 9.983201e-01 5.243722e-02 6.771372e+00 -7.734701e-01 5.227216e-02 -6.316735e-01 -2.562925e+02
-6.335756e-01 -2.797597e-02 7.731749e-01 5.401536e+02 2.391813e-02 9.981601e-01 5.571629e-02 6.964906e+00 -7.733110e-01 5.379337e-02 -6.317407e-01 -2.596746e+02
-6.341505e-01 -2.755763e-02 7.727184e-01 5.442679e+02 2.260292e-02 9.982769e-01 5.415140e-02 7.168745e+00 -7.728792e-01 5.180582e-02 -6.324348e-01 -2.630547e+02
-6.344558e-01 -2.524481e-02 7.725468e-01 5.483760e+02 2.236926e-02 9.984482e-01 5.099748e-02 7.357150e+00 -7.726354e-01 4.963694e-02 -6.329065e-01 -2.664366e+02
-6.343774e-01 -2.825764e-02 7.725069e-01 5.524956e+02 2.358501e-02 9.981589e-01 5.587963e-02 7.551427e+00 -7.726636e-01 5.366835e-02 -6.325429e-01 -2.698319e+02
-6.344427e-01 -2.643894e-02 7.725176e-01 5.566051e+02 2.466001e-02 9.982138e-01 5.441568e-02 7.757167e+00 -7.725764e-01 5.357391e-02 -6.326574e-01 -2.732200e+02
-6.343300e-01 -2.548778e-02 7.726421e-01 5.607204e+02 2.640100e-02 9.981591e-01 5.460200e-02 7.957556e+00 -7.726114e-01 5.503420e-02 -6.324894e-01 -2.766146e+02
-6.339634e-01 -2.711272e-02 7.728877e-01 5.648386e+02 2.651517e-02 9.980357e-01 5.675999e-02 8.161795e+00 -7.729084e-01 5.647699e-02 -6.319991e-01 -2.800085e+02
-6.335856e-01 -2.659240e-02 7.732155e-01 5.689502e+02 2.770724e-02 9.979881e-01 5.702654e-02 8.373989e+00 -7.731763e-01 5.755485e-02 -6.315740e-01 -2.833947e+02
-6.322726e-01 -2.939367e-02 7.741882e-01 5.772007e+02 2.522994e-02 9.979688e-01 5.849503e-02 8.816896e+00 -7.743350e-01 5.651752e-02 -6.302467e-01 -2.901677e+02
-6.309177e-01 -2.685553e-02 7.753849e-01 5.813141e+02 2.800142e-02 9.979614e-01 5.734878e-02 9.031620e+00 -7.753443e-01 5.789422e-02 -6.288795e-01 -2.935428e+02
-6.296791e-01 -2.867949e-02 7.763258e-01 5.854383e+02 2.819705e-02 9.978161e-01 5.973258e-02 9.245509e+00 -7.763434e-01 5.950244e-02 -6.274952e-01 -2.969139e+02
-6.284360e-01 -2.762615e-02 7.773706e-01 5.895489e+02 2.792536e-02 9.979236e-01 5.803934e-02 9.456599e+00 -7.773598e-01 5.818235e-02 -6.263596e-01 -3.002630e+02
-6.272855e-01 -2.848438e-02 7.782683e-01 5.936716e+02 2.691617e-02 9.979409e-01 5.821879e-02 9.666809e+00 -7.783241e-01 5.746779e-02 -6.252271e-01 -3.036091e+02
-6.267515e-01 -2.929572e-02 7.786683e-01 5.957370e+02 2.626936e-02 9.979306e-01 5.868924e-02 9.775807e+00 -7.787763e-01 5.723867e-02 -6.246849e-01 -3.052800e+02
-6.259289e-01 -3.096285e-02 7.792653e-01 5.998670e+02 2.347051e-02 9.980111e-01 5.850656e-02 9.992222e+00 -7.795268e-01 5.491069e-02 -6.239572e-01 -3.086131e+02
-6.262648e-01 -3.113537e-02 7.789885e-01 6.040024e+02 2.281137e-02 9.980425e-01 5.822984e-02 1.020684e+01 -7.792766e-01 5.423708e-02 -6.243286e-01 -3.119523e+02
-6.265124e-01 -3.312816e-02 7.787071e-01 6.081333e+02 2.244936e-02 9.979148e-01 6.051553e-02 1.043016e+01 -7.790881e-01 5.539520e-02 -6.244622e-01 -3.152902e+02
-6.267867e-01 -3.057031e-02 7.785910e-01 6.122707e+02 2.202105e-02 9.981359e-01 5.691797e-02 1.065103e+01 -7.788797e-01 5.282080e-02 -6.249451e-01 -3.186358e+02
-6.265023e-01 -2.875580e-02 7.788890e-01 6.164014e+02 2.309928e-02 9.981952e-01 5.543235e-02 1.085851e+01 -7.790772e-01 5.272026e-02 -6.247073e-01 -3.219781e+02
-6.264904e-01 -3.068870e-02 7.788248e-01 6.205350e+02 2.368425e-02 9.980136e-01 5.837730e-02 1.106765e+01 -7.790692e-01 5.501868e-02 -6.245190e-01 -3.253171e+02
-6.261498e-01 -3.047621e-02 7.791070e-01 6.246751e+02 2.373232e-02 9.980279e-01 5.811281e-02 1.128685e+01 -7.793415e-01 5.487733e-02 -6.241916e-01 -3.286575e+02
-6.256200e-01 -3.038161e-02 7.795362e-01 6.288138e+02 2.390428e-02 9.980256e-01 5.808148e-02 1.150486e+01 -7.797616e-01 5.497117e-02 -6.236585e-01 -3.319942e+02
-6.242585e-01 -3.023636e-02 7.806325e-01 6.370951e+02 2.295669e-02 9.981092e-01 5.701798e-02 1.194090e+01 -7.808805e-01 5.351468e-02 -6.223840e-01 -3.386594e+02
-6.226340e-01 -3.036108e-02 7.819241e-01 6.453750e+02 2.387978e-02 9.980444e-01 5.776784e-02 1.237656e+01 -7.821488e-01 5.464038e-02 -6.206913e-01 -3.453101e+02
-6.222250e-01 -2.898656e-02 7.823017e-01 6.474454e+02 2.429167e-02 9.981181e-01 5.630423e-02 1.248249e+01 -7.824615e-01 5.403730e-02 -6.203498e-01 -3.469686e+02
-6.210310e-01 -2.943427e-02 7.832332e-01 6.515913e+02 2.579591e-02 9.979856e-01 5.795851e-02 1.269235e+01 -7.833614e-01 5.619823e-02 -6.190207e-01 -3.502820e+02
-6.205815e-01 -3.013895e-02 7.835626e-01 6.536623e+02 2.582840e-02 9.979332e-01 5.884059e-02 1.280042e+01 -7.837165e-01 5.675353e-02 -6.185204e-01 -3.519355e+02
-6.201170e-01 -3.023961e-02 7.839263e-01 6.557358e+02 2.584500e-02 9.979269e-01 5.893901e-02 1.291009e+01 -7.840835e-01 5.680964e-02 -6.180499e-01 -3.535870e+02
-6.197503e-01 -3.095389e-02 7.841885e-01 6.578057e+02 2.526742e-02 9.979168e-01 5.935931e-02 1.302023e+01 -7.843922e-01 5.660235e-02 -6.176770e-01 -3.552341e+02
-6.187172e-01 -2.938215e-02 7.850642e-01 6.619586e+02 2.526392e-02 9.980394e-01 5.726380e-02 1.323887e+01 -7.852075e-01 5.526388e-02 -6.167618e-01 -3.585328e+02
-6.181475e-01 -2.899896e-02 7.855271e-01 6.661120e+02 2.486200e-02 9.980980e-01 5.641076e-02 1.345227e+01 -7.856689e-01 5.439993e-02 -6.162508e-01 -3.618289e+02
-6.182589e-01 -2.961843e-02 7.854163e-01 6.702712e+02 2.373143e-02 9.981306e-01 5.632074e-02 1.366357e+01 -7.856161e-01 5.345984e-02 -6.164002e-01 -3.651232e+02
-6.188770e-01 -3.062233e-02 7.848909e-01 6.744325e+02 2.193799e-02 9.981761e-01 5.624143e-02 1.387413e+01 -7.851815e-01 5.202544e-02 -6.170764e-01 -3.684192e+02
-6.195896e-01 -3.090942e-02 7.843171e-01 6.785876e+02 2.192674e-02 9.981528e-01 5.665807e-02 1.408324e+01 -7.846196e-01 5.230226e-02 -6.177673e-01 -3.717203e+02
-6.203275e-01 -3.106536e-02 7.837275e-01 6.827432e+02 2.367638e-02 9.980183e-01 5.829948e-02 1.429713e+01 -7.839855e-01 5.472059e-02 -6.183626e-01 -3.750304e+02
-6.206549e-01 -3.096139e-02 7.834724e-01 6.868945e+02 2.296153e-02 9.980738e-01 5.763181e-02 1.451349e+01 -7.837476e-01 5.375918e-02 -6.187484e-01 -3.783370e+02
-6.204054e-01 -2.873466e-02 7.837548e-01 6.910408e+02 2.516469e-02 9.980847e-01 5.651249e-02 1.472406e+01 -7.838775e-01 5.478359e-02 -6.184940e-01 -3.816488e+02
-6.194259e-01 -2.764355e-02 7.845683e-01 6.951930e+02 2.762599e-02 9.979933e-01 5.697441e-02 1.492975e+01 -7.845689e-01 5.696589e-02 -6.174192e-01 -3.849613e+02
-6.184733e-01 -2.691439e-02 7.853448e-01 6.993457e+02 2.789353e-02 9.980315e-01 5.616999e-02 1.513859e+01 -7.853106e-01 5.664566e-02 -6.165050e-01 -3.882646e+02
-6.176405e-01 -2.677779e-02 7.860046e-01 7.035065e+02 2.660958e-02 9.981364e-01 5.491448e-02 1.534668e+01 -7.860103e-01 5.483265e-02 -6.157768e-01 -3.915686e+02
-6.167027e-01 -2.825224e-02 7.866891e-01 7.076613e+02 2.705064e-02 9.980050e-01 5.704677e-02 1.554996e+01 -7.867312e-01 5.646132e-02 -6.147080e-01 -3.948665e+02
-6.155892e-01 -2.809754e-02 7.875662e-01 7.118243e+02 2.864569e-02 9.979060e-01 5.799218e-02 1.576531e+01 -7.875464e-01 5.825973e-02 -6.134953e-01 -3.981607e+02
-6.142781e-01 -2.593378e-02 7.886634e-01 7.159839e+02 2.957014e-02 9.980012e-01 5.584921e-02 1.599116e+01 -7.885354e-01 5.762782e-02 -6.122833e-01 -4.014338e+02
-6.128317e-01 -2.458664e-02 7.898309e-01 7.201441e+02 2.991372e-02 9.980776e-01 5.427927e-02 1.621513e+01 -7.896470e-01 5.689083e-02 -6.109181e-01 -4.046980e+02
-6.114061e-01 -2.297364e-02 7.909835e-01 7.243156e+02 3.086806e-02 9.981252e-01 5.285001e-02 1.644029e+01 -7.907147e-01 5.672893e-02 -6.095506e-01 -4.079582e+02
-6.077041e-01 -2.493766e-02 7.937719e-01 7.473289e+02 2.681944e-02 9.982923e-01 5.189571e-02 1.755500e+01 -7.937105e-01 5.282575e-02 -6.059975e-01 -4.257917e+02
-6.064594e-01 -2.383008e-02 7.947573e-01 7.515173e+02 3.164025e-02 9.980358e-01 5.406908e-02 1.775413e+01 -7.944846e-01 5.793701e-02 -6.045142e-01 -4.290362e+02
-6.053864e-01 -1.987480e-02 7.956836e-01 7.557109e+02 3.322671e-02 9.981856e-01 5.021309e-02 1.794006e+01 -7.952379e-01 5.683625e-02 -6.036276e-01 -4.322706e+02
-6.028142e-01 -1.885826e-02 7.976587e-01 7.620181e+02 3.464792e-02 9.981589e-01 4.978294e-02 1.817308e+01 -7.971289e-01 5.764707e-02 -6.010509e-01 -4.371125e+02
-6.011824e-01 -1.958408e-02 7.988719e-01 7.662346e+02 3.373856e-02 9.981862e-01 4.985979e-02 1.833932e+01 -7.983993e-01 5.692760e-02 -5.994312e-01 -4.403295e+02
-5.987543e-01 -1.969439e-02 8.006906e-01 7.725730e+02 3.265637e-02 9.982660e-01 4.897443e-02 1.858489e+01 -8.002667e-01 5.547129e-02 -5.970729e-01 -4.451404e+02
-5.974656e-01 -2.224858e-02 8.015859e-01 7.852706e+02 2.912478e-02 9.983534e-01 4.941828e-02 1.907913e+01 -8.013655e-01 5.287172e-02 -5.958338e-01 -4.547110e+02
-5.997323e-01 -2.016021e-02 7.999468e-01 7.958137e+02 3.100145e-02 9.983467e-01 4.840253e-02 1.948576e+01 -7.996000e-01 5.382806e-02 -5.981157e-01 -4.626772e+02
-6.003047e-01 -1.760474e-02 7.995777e-01 8.062987e+02 2.964167e-02 9.985810e-01 4.424059e-02 1.988938e+01 -7.992219e-01 5.025863e-02 -5.989310e-01 -4.706373e+02
-5.993871e-01 -1.845460e-02 8.002466e-01 8.104902e+02 3.014063e-02 9.985049e-01 4.560208e-02 2.003686e+01 -7.998916e-01 5.145323e-02 -5.979347e-01 -4.738196e+02
-5.979350e-01 -1.814869e-02 8.013392e-01 8.146888e+02 3.220231e-02 9.983925e-01 4.663993e-02 2.019413e+01 -8.008975e-01 5.369261e-02 -5.963893e-01 -4.770013e+02
-5.957648e-01 -1.758585e-02 8.029665e-01 8.188949e+02 3.362588e-02 9.983375e-01 4.681356e-02 2.035380e+01 -8.024547e-01 5.489031e-02 -5.941829e-01 -4.801748e+02
-5.934821e-01 -1.771187e-02 8.046523e-01 8.231164e+02 3.443497e-02 9.982836e-01 4.737201e-02 2.051693e+01 -8.041102e-01 5.582260e-02 -5.918535e-01 -4.833404e+02
-5.912662e-01 -1.944743e-02 8.062420e-01 8.273472e+02 3.392734e-02 9.982244e-01 4.895922e-02 2.068385e+01 -8.057625e-01 5.630156e-02 -5.895565e-01 -4.864927e+02
-5.892913e-01 -2.045812e-02 8.076616e-01 8.315909e+02 3.198517e-02 9.983049e-01 4.862434e-02 2.085797e+01 -8.072872e-01 5.448708e-02 -5.876380e-01 -4.896319e+02
-5.877450e-01 -2.021865e-02 8.087936e-01 8.358541e+02 3.277724e-02 9.982718e-01 4.877434e-02 2.103407e+01 -8.083820e-01 5.517688e-02 -5.860666e-01 -4.927761e+02
-5.880676e-01 -2.430593e-02 8.084466e-01 8.486827e+02 2.797456e-02 9.983391e-01 5.036386e-02 2.158726e+01 -8.083279e-01 5.223327e-02 -5.864108e-01 -5.021964e+02
-5.816662e-01 -2.466697e-02 8.130536e-01 8.744419e+02 3.378701e-02 9.979448e-01 5.444786e-02 2.272987e+01 -8.127256e-01 5.914111e-02 -5.796373e-01 -5.210493e+02
-5.765635e-01 -2.716794e-02 8.166006e-01 8.830323e+02 3.590484e-02 9.976390e-01 5.854173e-02 2.312541e+01 -8.162630e-01 6.307292e-02 -5.742267e-01 -5.272479e+02
-5.744051e-01 -2.847432e-02 8.180758e-01 8.873238e+02 3.381906e-02 9.977160e-01 5.847272e-02 2.332974e+01 -8.178723e-01 6.125357e-02 -5.721301e-01 -5.303079e+02
-5.571162e-01 -3.320684e-02 8.297704e-01 9.493532e+02 3.399055e-02 9.974510e-01 6.273890e-02 2.650083e+01 -8.297386e-01 6.315719e-02 -5.545673e-01 -5.732481e+02
-5.561817e-01 -3.341497e-02 8.303887e-01 9.515077e+02 3.423518e-02 9.974219e-01 6.306662e-02 2.662079e+01 -8.303552e-01 6.350499e-02 -5.536039e-01 -5.747102e+02
-5.553392e-01 -3.263775e-02 8.309833e-01 9.536604e+02 3.456643e-02 9.974601e-01 6.227676e-02 2.674228e+01 -8.309052e-01 6.330884e-02 -5.528005e-01 -5.761661e+02
-5.409550e-01 -3.630774e-02 8.402675e-01 1.033658e+03 3.845124e-02 9.969555e-01 6.783267e-02 3.145684e+01 -8.401721e-01 6.900373e-02 -5.379119e-01 -6.292527e+02
-5.404372e-01 -3.945466e-02 8.404588e-01 1.035804e+03 3.349250e-02 9.970994e-01 6.834458e-02 3.158219e+01 -8.407175e-01 6.508500e-02 -5.375481e-01 -6.306416e+02
-5.335690e-01 -3.687330e-02 8.449524e-01 1.050796e+03 3.398114e-02 9.973078e-01 6.498035e-02 3.243167e+01 -8.450736e-01 6.338393e-02 -5.308794e-01 -6.403174e+02
-5.288308e-01 -4.329705e-02 8.476222e-01 1.065821e+03 2.799712e-02 9.972645e-01 6.840825e-02 3.329059e+01 -8.482653e-01 5.990736e-02 -5.261719e-01 -6.498375e+02
-5.285037e-01 -4.307558e-02 8.478375e-01 1.067966e+03 2.679502e-02 9.973678e-01 6.737548e-02 3.341620e+01 -8.485080e-01 5.832600e-02 -5.259583e-01 -6.511855e+02
-5.281628e-01 -4.163947e-02 8.481216e-01 1.070112e+03 2.679493e-02 9.974823e-01 6.565888e-02 3.353835e+01 -8.487202e-01 5.740392e-02 -5.257173e-01 -6.525347e+02
-5.172653e-01 -3.497892e-02 8.551100e-01 1.106668e+03 3.945567e-02 9.971273e-01 6.465540e-02 3.554872e+01 -8.549151e-01 6.718292e-02 -5.143992e-01 -6.753171e+02
-5.164039e-01 -3.575465e-02 8.555984e-01 1.108829e+03 3.949356e-02 9.970705e-01 6.550331e-02 3.566545e+01 -8.554340e-01 6.761678e-02 -5.134789e-01 -6.766374e+02
-5.154866e-01 -3.610481e-02 8.561367e-01 1.110993e+03 3.957762e-02 9.970425e-01 6.587705e-02 3.578536e+01 -8.559831e-01 6.784258e-02 -5.125331e-01 -6.779581e+02
-5.057981e-01 -3.389163e-02 8.619859e-01 1.134946e+03 3.856897e-02 9.973403e-01 6.184508e-02 3.710266e+01 -8.617892e-01 6.452701e-02 -5.031456e-01 -6.923504e+02
-5.033773e-01 -3.346126e-02 8.634186e-01 1.141541e+03 3.941136e-02 9.973208e-01 6.162757e-02 3.743261e+01 -8.631674e-01 6.505041e-02 -5.007099e-01 -6.962551e+02
-5.027135e-01 -3.389140e-02 8.637885e-01 1.143749e+03 3.903632e-02 9.973218e-01 6.184930e-02 3.754673e+01 -8.635713e-01 6.481158e-02 -5.000441e-01 -6.975560e+02
-5.021790e-01 -3.558053e-02 8.640314e-01 1.148163e+03 3.679896e-02 9.973689e-01 6.245905e-02 3.777645e+01 -8.639803e-01 6.316107e-02 -4.995483e-01 -7.001487e+02
-5.025890e-01 -3.683229e-02 8.637406e-01 1.152585e+03 3.537324e-02 9.973792e-01 6.311381e-02 3.800681e+01 -8.638015e-01 6.227359e-02 -4.999689e-01 -7.027408e+02
-5.028628e-01 -3.664102e-02 8.635893e-01 1.154800e+03 3.577497e-02 9.973627e-01 6.314841e-02 3.812449e+01 -8.636255e-01 6.264986e-02 -5.002258e-01 -7.040408e+02
-5.031328e-01 -3.599091e-02 8.634594e-01 1.159229e+03 3.680543e-02 9.973335e-01 6.301739e-02 3.836214e+01 -8.634250e-01 6.348609e-02 -5.004665e-01 -7.066378e+02
-5.033083e-01 -3.555327e-02 8.633752e-01 1.161448e+03 3.787397e-02 9.972853e-01 6.314639e-02 3.848244e+01 -8.632765e-01 6.448153e-02 -5.005954e-01 -7.079363e+02
-5.034927e-01 -3.274506e-02 8.633788e-01 1.163663e+03 3.877204e-02 9.974186e-01 6.043925e-02 3.860075e+01 -8.631291e-01 6.390566e-02 -5.009233e-01 -7.092369e+02
-5.036455e-01 -3.330733e-02 8.632681e-01 1.165886e+03 3.899425e-02 9.973616e-01 6.123095e-02 3.871705e+01 -8.630299e-01 6.450117e-02 -5.010179e-01 -7.105384e+02
-5.039031e-01 -3.504066e-02 8.630492e-01 1.170337e+03 3.829730e-02 9.972878e-01 6.285128e-02 3.895544e+01 -8.629108e-01 6.472339e-02 -5.011944e-01 -7.131505e+02
-5.031224e-01 -3.041031e-02 8.636800e-01 1.174790e+03 4.071460e-02 9.974369e-01 5.883752e-02 3.919328e+01 -8.632556e-01 6.476685e-02 -5.005947e-01 -7.157678e+02
-5.020098e-01 -3.281038e-02 8.642394e-01 1.179271e+03 4.146768e-02 9.972177e-01 6.194611e-02 3.941873e+01 -8.638672e-01 6.693554e-02 -4.992524e-01 -7.183940e+02
-5.017803e-01 -3.616806e-02 8.642386e-01 1.181516e+03 4.143355e-02 9.969736e-01 6.577945e-02 3.954154e+01 -8.640021e-01 6.881529e-02 -4.987631e-01 -7.197105e+02
-5.014015e-01 -3.761285e-02 8.643968e-01 1.186021e+03 4.043427e-02 9.969444e-01 6.683473e-02 3.980234e+01 -8.642694e-01 6.846227e-02 -4.983486e-01 -7.223448e+02
-5.008074e-01 -3.594900e-02 8.648120e-01 1.190524e+03 3.913494e-02 9.971749e-01 6.411394e-02 4.006015e+01 -8.646736e-01 6.595308e-02 -4.979856e-01 -7.249743e+02
-5.002405e-01 -3.607974e-02 8.651345e-01 1.192784e+03 3.954090e-02 9.971373e-01 6.444826e-02 4.018605e+01 -8.649832e-01 6.644781e-02 -4.973818e-01 -7.262948e+02
-4.994819e-01 -3.515332e-02 8.656108e-01 1.195054e+03 3.989960e-02 9.971826e-01 6.351978e-02 4.030956e+01 -8.654050e-01 6.626449e-02 -4.966721e-01 -7.276201e+02
-4.978729e-01 -3.237222e-02 8.666457e-01 1.199585e+03 4.102389e-02 9.973053e-01 6.082032e-02 4.055332e+01 -8.662792e-01 6.583395e-02 -4.952032e-01 -7.302584e+02
-4.963348e-01 -3.341418e-02 8.674879e-01 1.204142e+03 4.194541e-02 9.971689e-01 6.240841e-02 4.079001e+01 -8.671172e-01 6.736258e-02 -4.935280e-01 -7.328978e+02
-4.951215e-01 -3.371898e-02 8.681692e-01 1.208709e+03 4.247196e-02 9.971126e-01 6.294901e-02 4.102557e+01 -8.677850e-01 6.804024e-02 -4.922597e-01 -7.355340e+02
-4.936828e-01 -3.478054e-02 8.689463e-01 1.213283e+03 4.165409e-02 9.971073e-01 6.357565e-02 4.126512e+01 -8.686439e-01 6.758135e-02 -4.908059e-01 -7.381592e+02
-4.914235e-01 -3.376637e-02 8.702660e-01 1.217874e+03 4.315538e-02 9.970765e-01 6.305569e-02 4.150237e+01 -8.698509e-01 6.854369e-02 -4.885296e-01 -7.407904e+02
-4.882299e-01 -3.093513e-02 8.721666e-01 1.222478e+03 4.327920e-02 9.972837e-01 5.960019e-02 4.172981e+01 -8.716412e-01 6.684526e-02 -4.855648e-01 -7.434152e+02
-4.852072e-01 -2.865753e-02 8.739295e-01 1.227101e+03 4.392202e-02 9.974023e-01 5.709198e-02 4.194350e+01 -8.732953e-01 6.608618e-02 -4.826881e-01 -7.460279e+02
-4.830361e-01 -3.069926e-02 8.750622e-01 1.231744e+03 4.274072e-02 9.973671e-01 5.858296e-02 4.215831e+01 -8.745567e-01 6.569845e-02 -4.804522e-01 -7.486314e+02
-4.818709e-01 -2.891977e-02 8.757649e-01 1.236405e+03 4.054171e-02 9.976490e-01 5.525187e-02 4.237920e+01 -8.753038e-01 6.212926e-02 -4.795655e-01 -7.512267e+02
-4.806926e-01 -2.658732e-02 8.764861e-01 1.241082e+03 4.127268e-02 9.977465e-01 5.290087e-02 4.258650e+01 -8.759173e-01 6.160397e-02 -4.785120e-01 -7.538235e+02
-4.795872e-01 -2.704466e-02 8.770774e-01 1.245771e+03 4.237194e-02 9.976452e-01 5.393140e-02 4.278686e+01 -8.764706e-01 6.302826e-02 -4.773119e-01 -7.564194e+02
-4.783352e-01 -2.882378e-02 8.777042e-01 1.250478e+03 4.131594e-02 9.976158e-01 5.527822e-02 4.299082e+01 -8.772049e-01 6.270468e-02 -4.760038e-01 -7.590137e+02
-4.770816e-01 -3.079840e-02 8.783192e-01 1.255209e+03 4.074245e-02 9.975362e-01 5.710906e-02 4.320690e+01 -8.779141e-01 6.303055e-02 -4.746514e-01 -7.616116e+02
-4.757567e-01 -3.155398e-02 8.790108e-01 1.259949e+03 4.252331e-02 9.973626e-01 5.881783e-02 4.343590e+01 -8.785484e-01 6.536141e-02 -4.731602e-01 -7.642087e+02
-4.743670e-01 -2.406703e-02 8.799982e-01 1.264716e+03 4.159496e-02 9.978970e-01 4.971339e-02 4.365179e+01 -8.793439e-01 6.018586e-02 -4.723683e-01 -7.668074e+02
-4.727143e-01 -1.714449e-02 8.810490e-01 1.269473e+03 4.211108e-02 9.982289e-01 4.201881e-02 4.381598e+01 -8.802090e-01 5.696480e-02 -4.711551e-01 -7.693932e+02
-4.714063e-01 -2.046813e-02 8.816786e-01 1.274261e+03 4.231779e-02 9.980541e-01 4.579579e-02 4.397657e+01 -8.809003e-01 5.889910e-02 -4.696228e-01 -7.719869e+02
-4.706896e-01 -2.523269e-02 8.819380e-01 1.279074e+03 4.141190e-02 9.978575e-01 5.065069e-02 4.415904e+01 -8.813265e-01 6.036346e-02 -4.686361e-01 -7.745821e+02
-4.697773e-01 -2.548182e-02 8.824172e-01 1.283885e+03 4.201929e-02 9.978049e-01 5.118394e-02 4.434661e+01 -8.817844e-01 6.112358e-02 -4.676753e-01 -7.771708e+02
-4.686361e-01 -2.366345e-02 8.830744e-01 1.288696e+03 4.167369e-02 9.979360e-01 4.885704e-02 4.452846e+01 -8.824078e-01 5.969712e-02 -4.666826e-01 -7.797516e+02
-4.675683e-01 -2.099316e-02 8.837076e-01 1.293510e+03 4.225906e-02 9.980440e-01 4.606851e-02 4.469610e+01 -8.829462e-01 5.888481e-02 -4.657666e-01 -7.823282e+02
-4.664224e-01 -2.271908e-02 8.842704e-01 1.298329e+03 4.184723e-02 9.979841e-01 4.771364e-02 4.485866e+01 -8.835717e-01 5.925897e-02 -4.645313e-01 -7.848990e+02
-4.655366e-01 -2.258759e-02 8.847404e-01 1.303154e+03 4.168539e-02 9.980051e-01 4.741346e-02 4.502280e+01 -8.840463e-01 5.895343e-02 -4.636663e-01 -7.874640e+02
-4.642827e-01 -1.980744e-02 8.854656e-01 1.307966e+03 4.264627e-02 9.980903e-01 4.468783e-02 4.518137e+01 -8.846597e-01 5.850957e-02 -4.625513e-01 -7.900173e+02
-4.633665e-01 -1.774400e-02 8.859891e-01 1.312794e+03 4.306842e-02 9.981671e-01 4.251513e-02 4.532493e+01 -8.851195e-01 5.785823e-02 -4.617530e-01 -7.925713e+02
-4.622418e-01 -2.039662e-02 8.865193e-01 1.317624e+03 4.251477e-02 9.980760e-01 4.513096e-02 4.546362e+01 -8.857341e-01 5.855157e-02 -4.604853e-01 -7.951168e+02
-4.610104e-01 -1.804203e-02 8.872113e-01 1.322449e+03 4.442970e-02 9.980701e-01 4.338286e-02 4.562651e+01 -8.862818e-01 5.941847e-02 -4.593191e-01 -7.976481e+02
-4.599869e-01 -1.855658e-02 8.877318e-01 1.327287e+03 4.317472e-02 9.981315e-01 4.323571e-02 4.580071e+01 -8.868754e-01 5.821542e-02 -4.583263e-01 -8.001723e+02
-4.588565e-01 -1.549390e-02 8.883753e-01 1.332123e+03 4.186330e-02 9.983605e-01 3.903501e-02 4.592005e+01 -8.875236e-01 5.510178e-02 -4.574555e-01 -8.026887e+02
-4.579285e-01 -1.459570e-02 8.888692e-01 1.336962e+03 4.179100e-02 9.984063e-01 3.792428e-02 4.601545e+01 -8.880062e-01 5.451333e-02 -4.565887e-01 -8.052106e+02
-4.570247e-01 -1.638847e-02 8.893030e-01 1.341797e+03 4.310083e-02 9.982476e-01 4.054624e-02 4.611465e+01 -8.884091e-01 5.686032e-02 -4.555175e-01 -8.077231e+02
-4.561369e-01 -1.415073e-02 8.897971e-01 1.346638e+03 4.159980e-02 9.984414e-01 3.720384e-02 4.621961e+01 -8.889367e-01 5.398542e-02 -4.548373e-01 -8.102296e+02
-4.553181e-01 -1.245396e-02 8.902417e-01 1.351478e+03 4.176598e-02 9.985026e-01 3.532985e-02 4.632033e+01 -8.893486e-01 5.326813e-02 -4.541161e-01 -8.127339e+02
-4.431812e-01 -7.331661e-03 8.964021e-01 1.397297e+03 4.064830e-02 9.987736e-01 2.826547e-02 4.710779e+01 -8.955099e-01 4.896394e-02 -4.423397e-01 -8.360545e+02
-4.415503e-01 -7.757886e-03 8.972030e-01 1.402118e+03 4.109353e-02 9.987384e-01 2.885964e-02 4.716495e+01 -8.962949e-01 4.961221e-02 -4.406744e-01 -8.384586e+02
-4.400229e-01 -6.675482e-03 8.979618e-01 1.406940e+03 4.260319e-02 9.986911e-01 2.830089e-02 4.722089e+01 -8.969753e-01 5.070907e-02 -4.391625e-01 -8.408560e+02
-4.383762e-01 -4.929933e-03 8.987781e-01 1.411748e+03 4.373426e-02 9.986834e-01 2.680917e-02 4.727064e+01 -8.977269e-01 5.105988e-02 -4.375834e-01 -8.432372e+02
-4.367389e-01 -3.102551e-03 8.995830e-01 1.416545e+03 4.374984e-02 9.987375e-01 2.468465e-02 4.731261e+01 -8.985238e-01 5.013735e-02 -4.360518e-01 -8.456026e+02
-4.350416e-01 -1.159341e-03 9.004097e-01 1.421338e+03 4.516932e-02 9.987120e-01 2.310989e-02 4.734203e+01 -8.992767e-01 5.072464e-02 -4.344288e-01 -8.479587e+02
-4.343995e-01 -2.052241e-03 9.007180e-01 1.423739e+03 4.460160e-02 9.987216e-01 2.378605e-02 4.735820e+01 -8.996153e-01 5.050610e-02 -4.337526e-01 -8.491316e+02
-4.263508e-01 -7.456581e-04 9.045576e-01 1.459672e+03 4.212068e-02 9.988985e-01 2.067642e-02 4.746995e+01 -9.035766e-01 4.691598e-02 -4.258498e-01 -8.664905e+02
-4.257562e-01 -1.093507e-03 9.048373e-01 1.462058e+03 4.241997e-02 9.988756e-01 2.116716e-02 4.747405e+01 -9.038430e-01 4.739521e-02 -4.252311e-01 -8.676272e+02
-4.233020e-01 -3.050497e-04 9.059886e-01 1.471550e+03 4.241106e-02 9.988970e-01 2.015190e-02 4.746029e+01 -9.049954e-01 4.695427e-02 -4.228221e-01 -8.721350e+02
-4.222627e-01 -1.799469e-04 9.064735e-01 1.476283e+03 4.245951e-02 9.988984e-01 1.997721e-02 4.743923e+01 -9.054785e-01 4.692404e-02 -4.217899e-01 -8.743734e+02
-4.216964e-01 -3.894153e-04 9.067370e-01 1.478642e+03 4.232400e-02 9.989015e-01 2.011262e-02 4.742685e+01 -9.057487e-01 4.685814e-02 -4.212167e-01 -8.754851e+02
-4.213519e-01 -8.263058e-04 9.068969e-01 1.481001e+03 4.227854e-02 9.988944e-01 2.055308e-02 4.742477e+01 -9.059112e-01 4.700234e-02 -4.208511e-01 -8.765934e+02
-4.214195e-01 -2.631344e-03 9.068620e-01 1.485696e+03 4.104568e-02 9.989156e-01 2.197240e-02 4.743611e+01 -9.059364e-01 4.648236e-02 -4.208545e-01 -8.787965e+02
-4.216268e-01 -3.387924e-03 9.067632e-01 1.488042e+03 4.161059e-02 9.988673e-01 2.308014e-02 4.744804e+01 -9.058142e-01 4.746214e-02 -4.210082e-01 -8.798970e+02
-4.217234e-01 -3.761429e-03 9.067167e-01 1.490381e+03 4.155880e-02 9.988603e-01 2.347310e-02 4.745675e+01 -9.057716e-01 4.758121e-02 -4.210864e-01 -8.809934e+02
-4.216739e-01 -4.360895e-03 9.067371e-01 1.492712e+03 4.118089e-02 9.988645e-01 2.395495e-02 4.746804e+01 -9.058119e-01 4.744141e-02 -4.210155e-01 -8.820850e+02
-4.215525e-01 -3.800101e-03 9.067961e-01 1.495041e+03 4.064297e-02 9.989071e-01 2.308026e-02 4.747876e+01 -9.058927e-01 4.658442e-02 -4.209373e-01 -8.831750e+02
-4.203835e-01 -2.312733e-03 9.073436e-01 1.504298e+03 4.143365e-02 9.989046e-01 2.174283e-02 4.754396e+01 -9.064000e-01 4.673487e-02 -4.198272e-01 -8.875023e+02
-4.198049e-01 -2.796147e-03 9.076101e-01 1.506608e+03 4.168256e-02 9.988807e-01 2.235713e-02 4.755386e+01 -9.066567e-01 4.721713e-02 -4.192184e-01 -8.885793e+02
-4.191708e-01 -3.871822e-03 9.078992e-01 1.508913e+03 4.296582e-02 9.987859e-01 2.409643e-02 4.756552e+01 -9.068901e-01 4.910914e-02 -4.184955e-01 -8.896524e+02
-4.186422e-01 -5.166499e-03 9.081366e-01 1.511216e+03 4.348520e-02 9.987227e-01 2.572810e-02 4.758029e+01 -9.071095e-01 5.026136e-02 -4.178827e-01 -8.907229e+02
-4.180522e-01 -3.871311e-03 9.084148e-01 1.513510e+03 4.362082e-02 9.987518e-01 2.433057e-02 4.759751e+01 -9.073751e-01 4.979723e-02 -4.173615e-01 -8.917874e+02
-4.175271e-01 -2.714199e-03 9.086605e-01 1.515801e+03 4.413380e-02 9.987547e-01 2.326267e-02 4.761124e+01 -9.075920e-01 4.981542e-02 -4.168873e-01 -8.928485e+02
-4.157740e-01 -4.596890e-03 9.094564e-01 1.522676e+03 4.362042e-02 9.987356e-01 2.498999e-02 4.764596e+01 -9.084213e-01 5.006105e-02 -4.150477e-01 -8.960191e+02
-4.146836e-01 -6.265259e-03 9.099442e-01 1.527242e+03 4.329189e-02 9.987081e-01 2.660558e-02 4.768706e+01 -9.089353e-01 5.042608e-02 -4.138766e-01 -8.981170e+02
-4.134721e-01 -3.057610e-03 9.105117e-01 1.531795e+03 4.374900e-02 9.987726e-01 2.322083e-02 4.772020e+01 -9.094651e-01 4.943512e-02 -4.128308e-01 -9.002017e+02
-4.120512e-01 -2.077011e-03 9.111583e-01 1.536337e+03 4.372837e-02 9.988000e-01 2.205198e-02 4.773818e+01 -9.101107e-01 4.893000e-02 -4.114659e-01 -9.022742e+02
-4.109377e-01 -8.137194e-03 9.116271e-01 1.540873e+03 4.298603e-02 9.986750e-01 2.829116e-02 4.776928e+01 -9.106494e-01 5.081312e-02 -4.100434e-01 -9.043349e+02
-4.083700e-01 -4.332459e-03 9.128062e-01 1.549884e+03 4.407901e-02 9.987285e-01 2.446027e-02 4.784794e+01 -9.117516e-01 5.022442e-02 -4.076598e-01 -9.084067e+02
-4.072216e-01 -6.471444e-03 9.133065e-01 1.554374e+03 4.317673e-02 9.987205e-01 2.632813e-02 4.787274e+01 -9.123082e-01 5.015496e-02 -4.064211e-01 -9.104252e+02
-4.079076e-01 -8.854263e-03 9.129803e-01 1.558842e+03 4.101198e-02 9.987659e-01 2.800984e-02 4.790468e+01 -9.121016e-01 4.886854e-02 -4.070410e-01 -9.124266e+02
-4.135007e-01 -9.862737e-03 9.104504e-01 1.576528e+03 4.058907e-02 9.987476e-01 2.925364e-02 4.809301e+01 -9.095986e-01 4.905073e-02 -4.125824e-01 -9.204289e+02
-4.147282e-01 -8.807796e-03 9.099028e-01 1.580910e+03 4.066240e-02 9.987748e-01 2.820174e-02 4.814314e+01 -9.090363e-01 4.869488e-02 -4.138619e-01 -9.224315e+02
-4.166357e-01 -8.618182e-03 9.090327e-01 1.585294e+03 4.142320e-02 9.987364e-01 2.845406e-02 4.818910e+01 -9.081293e-01 4.951001e-02 -4.157522e-01 -9.244438e+02
-4.281436e-01 -1.329417e-02 9.036129e-01 1.596156e+03 3.837214e-02 9.987226e-01 3.287467e-02 4.831939e+01 -9.028956e-01 4.874863e-02 -4.270866e-01 -9.295025e+02
-4.511600e-01 -1.964903e-02 8.922268e-01 1.653922e+03 4.075170e-02 9.982611e-01 4.259052e-02 4.922771e+01 -8.915121e-01 5.557488e-02 -4.495748e-01 -9.587392e+02
-4.469770e-01 -9.115964e-03 8.944990e-01 1.657888e+03 4.213817e-02 9.986235e-01 3.123335e-02 4.931059e+01 -8.935524e-01 5.165312e-02 -4.459776e-01 -9.607445e+02
-4.271062e-01 -1.697163e-02 9.040422e-01 1.677761e+03 4.370839e-02 9.982675e-01 3.939013e-02 4.969653e+01 -9.031444e-01 5.633798e-02 -4.256244e-01 -9.703985e+02
-4.264020e-01 -1.762622e-02 9.043620e-01 1.681723e+03 3.991334e-02 9.984696e-01 3.827932e-02 4.978185e+01 -9.036527e-01 5.241848e-02 -4.250459e-01 -9.722641e+02
-4.259164e-01 -1.948363e-02 9.045527e-01 1.685682e+03 3.873070e-02 9.984590e-01 3.974301e-02 4.986559e+01 -9.039331e-01 5.196115e-02 -4.245054e-01 -9.741288e+02
-4.258275e-01 -1.911967e-02 9.046024e-01 1.689621e+03 3.922920e-02 9.984464e-01 3.956969e-02 4.995262e+01 -9.039535e-01 5.233667e-02 -4.244159e-01 -9.759855e+02
-4.259242e-01 -1.796021e-02 9.045806e-01 1.693546e+03 3.924694e-02 9.984951e-01 3.830438e-02 5.003776e+01 -9.039072e-01 5.181677e-02 -4.245783e-01 -9.778338e+02
-4.252649e-01 -1.878445e-02 9.048740e-01 1.697460e+03 4.078557e-02 9.983712e-01 3.989342e-02 5.012017e+01 -9.041495e-01 5.387106e-02 -4.238060e-01 -9.796789e+02
-4.239562e-01 -1.983420e-02 9.054655e-01 1.701378e+03 4.150721e-02 9.982842e-01 4.130185e-02 5.021139e+01 -9.047310e-01 5.509350e-02 -4.224055e-01 -9.815203e+02
-4.225106e-01 -2.135127e-02 9.061065e-01 1.705258e+03 4.089649e-02 9.982551e-01 4.259235e-02 5.030572e+01 -9.054348e-01 5.505228e-02 -4.209001e-01 -9.833354e+02
-4.142656e-01 -2.002378e-02 9.099358e-01 1.716881e+03 4.352983e-02 9.981780e-01 4.178339e-02 5.058931e+01 -9.091145e-01 5.691875e-02 -4.126391e-01 -9.887143e+02
-4.115483e-01 -2.473077e-02 9.110524e-01 1.720748e+03 4.005045e-02 9.981753e-01 4.518767e-02 5.069222e+01 -9.105075e-01 5.508495e-02 -4.098069e-01 -9.904667e+02
-4.087440e-01 -2.711979e-02 9.122461e-01 1.724608e+03 3.932092e-02 9.981069e-01 4.729057e-02 5.080392e+01 -9.118016e-01 5.520008e-02 -4.069038e-01 -9.922037e+02
-4.053477e-01 -2.604120e-02 9.137917e-01 1.747151e+03 4.287157e-02 9.979528e-01 4.745696e-02 5.144766e+01 -9.131567e-01 5.841223e-02 -4.034014e-01 -1.002199e+03
-4.066935e-01 -2.735939e-02 9.131549e-01 1.750784e+03 3.966111e-02 9.980803e-01 4.756781e-02 5.155995e+01 -9.127033e-01 5.556224e-02 -4.048277e-01 -1.003788e+03
-4.081243e-01 -2.983948e-02 9.124386e-01 1.754388e+03 3.846660e-02 9.980160e-01 4.984383e-02 5.165386e+01 -9.121156e-01 5.544088e-02 -4.061667e-01 -1.005375e+03
-4.105918e-01 -3.381276e-02 9.111921e-01 1.757974e+03 3.578011e-02 9.979450e-01 5.315486e-02 5.176265e+01 -9.111169e-01 5.442749e-02 -4.085382e-01 -1.006957e+03
-4.131189e-01 -3.419022e-02 9.100351e-01 1.761513e+03 3.742083e-02 9.978136e-01 5.447561e-02 5.188342e+01 -9.099079e-01 5.655916e-02 -4.109362e-01 -1.008544e+03
-4.174463e-01 -2.971773e-02 9.082156e-01 1.768424e+03 5.059251e-02 9.971547e-01 5.588191e-02 5.212901e+01 -9.072921e-01 6.927658e-02 -4.147550e-01 -1.011690e+03
-4.197411e-01 -2.733766e-02 9.072321e-01 1.771786e+03 5.677297e-02 9.967982e-01 5.630321e-02 5.224293e+01 -9.058665e-01 7.513902e-02 -4.168452e-01 -1.013242e+03
-4.225884e-01 -2.359028e-02 9.060147e-01 1.775097e+03 6.274887e-02 9.965009e-01 5.521398e-02 5.235761e+01 -9.041469e-01 8.018417e-02 -4.196294e-01 -1.014785e+03
-4.289311e-01 -2.072171e-02 9.030995e-01 1.779954e+03 7.034166e-02 9.959351e-01 5.626091e-02 5.252858e+01 -9.005943e-01 8.765756e-02 -4.257299e-01 -1.017080e+03
-4.334541e-01 -1.795788e-02 9.009968e-01 1.783104e+03 7.644386e-02 9.954651e-01 5.661657e-02 5.264253e+01 -8.979275e-01 9.341633e-02 -4.301156e-01 -1.018596e+03
-4.413488e-01 -1.675766e-02 8.971792e-01 1.786178e+03 7.842689e-02 9.952792e-01 5.717048e-02 5.275441e+01 -8.939018e-01 9.559508e-02 -4.379510e-01 -1.020097e+03
-4.533024e-01 -1.701695e-02 8.911944e-01 1.789178e+03 8.004657e-02 9.950008e-01 5.971444e-02 5.287006e+01 -8.877553e-01 9.840573e-02 -4.496741e-01 -1.021604e+03
-4.602830e-01 -1.629974e-02 8.876226e-01 1.790644e+03 8.031326e-02 9.949671e-01 5.991795e-02 5.292871e+01 -8.841320e-01 9.886706e-02 -4.566573e-01 -1.022359e+03
-4.787360e-01 -1.566270e-02 8.778192e-01 1.793508e+03 7.710013e-02 9.952280e-01 5.980566e-02 5.304491e+01 -8.745670e-01 9.631108e-02 -4.752438e-01 -1.023881e+03
-5.038178e-01 -1.369983e-02 8.637014e-01 1.796305e+03 7.624756e-02 9.952661e-01 6.026370e-02 5.316251e+01 -8.604382e-01 9.621702e-02 -5.003881e-01 -1.025467e+03
-5.314990e-01 -1.042313e-02 8.469948e-01 1.798986e+03 8.013816e-02 9.948205e-01 6.252989e-02 5.328640e+01 -8.432595e-01 1.011112e-01 -5.279108e-01 -1.027105e+03
-5.456592e-01 -9.288754e-03 8.379558e-01 1.800303e+03 8.159625e-02 9.945982e-01 6.415889e-02 5.334948e+01 -8.340252e-01 1.033829e-01 -5.419537e-01 -1.027957e+03
-5.757601e-01 -6.659574e-03 8.175916e-01 1.802849e+03 8.351870e-02 9.942571e-01 6.691367e-02 5.348746e+01 -8.133418e-01 1.068104e-01 -5.718973e-01 -1.029705e+03
-6.074469e-01 -1.646386e-03 7.943586e-01 1.805302e+03 8.432396e-02 9.942140e-01 6.654322e-02 5.362778e+01 -7.898720e-01 1.074049e-01 -6.037933e-01 -1.031525e+03
-6.412298e-01 -1.351058e-03 7.673477e-01 1.807659e+03 8.512927e-02 9.937004e-01 7.288738e-02 5.378134e+01 -7.626121e-01 1.120613e-01 -6.370753e-01 -1.033436e+03
-7.104957e-01 2.390099e-03 7.036975e-01 1.812120e+03 7.983333e-02 9.938120e-01 7.722910e-02 5.411921e+01 -6.991584e-01 1.110494e-01 -7.062899e-01 -1.037563e+03
-7.798990e-01 1.178343e-03 6.259043e-01 1.816083e+03 7.506237e-02 9.929571e-01 9.166100e-02 5.449432e+01 -6.213881e-01 1.184682e-01 -7.744947e-01 -1.042062e+03
-8.120046e-01 7.370535e-03 5.836045e-01 1.817931e+03 7.410084e-02 9.931305e-01 9.055843e-02 5.470465e+01 -5.789280e-01 1.167794e-01 -8.069727e-01 -1.044484e+03
-8.418277e-01 1.226999e-02 5.396069e-01 1.819586e+03 7.253956e-02 9.932436e-01 9.058206e-02 5.491601e+01 -5.348497e-01 1.153973e-01 -8.370300e-01 -1.046959e+03
-8.702791e-01 1.458409e-02 4.923431e-01 1.821100e+03 7.029227e-02 9.930081e-01 9.483584e-02 5.513095e+01 -4.875176e-01 1.171415e-01 -8.652193e-01 -1.049517e+03
-8.970268e-01 1.767502e-02 4.416227e-01 1.822465e+03 6.717988e-02 9.930426e-01 9.671172e-02 5.535588e+01 -4.368408e-01 1.164211e-01 -8.919732e-01 -1.052152e+03
-9.207228e-01 2.292919e-02 3.895431e-01 1.823739e+03 6.583959e-02 9.930883e-01 9.716328e-02 5.558596e+01 -3.846228e-01 1.151078e-01 -9.158686e-01 -1.054897e+03
-9.415005e-01 2.367953e-02 3.361788e-01 1.824795e+03 6.162608e-02 9.928058e-01 1.026590e-01 5.582355e+01 -3.313294e-01 1.173709e-01 -9.361863e-01 -1.057672e+03
-9.664959e-01 2.602892e-02 2.553590e-01 1.826105e+03 5.416093e-02 9.931265e-01 1.037610e-01 5.619032e+01 -2.509030e-01 1.141150e-01 -9.612624e-01 -1.061934e+03
-9.789047e-01 2.927053e-02 2.022099e-01 1.826758e+03 5.174350e-02 9.929374e-01 1.067610e-01 5.644401e+01 -1.976568e-01 1.149719e-01 -9.735056e-01 -1.064825e+03
-9.839595e-01 3.175737e-02 1.755425e-01 1.827054e+03 5.122584e-02 9.928833e-01 1.075111e-01 5.657325e+01 -1.708790e-01 1.147789e-01 -9.785837e-01 -1.066300e+03
-9.883293e-01 3.280838e-02 1.487581e-01 1.827248e+03 4.934467e-02 9.928303e-01 1.088721e-01 5.670276e+01 -1.441196e-01 1.149419e-01 -9.828620e-01 -1.067744e+03
-9.920058e-01 3.362745e-02 1.216299e-01 1.827464e+03 4.701078e-02 9.929410e-01 1.088949e-01 5.683518e+01 -1.171095e-01 1.137422e-01 -9.865840e-01 -1.069230e+03
-9.948791e-01 3.594145e-02 9.446602e-02 1.827640e+03 4.616213e-02 9.930416e-01 1.083391e-01 5.696880e+01 -8.991482e-02 1.121450e-01 -9.896154e-01 -1.070726e+03
-9.969878e-01 3.695471e-02 6.818888e-02 1.827717e+03 4.423444e-02 9.931075e-01 1.085395e-01 5.709951e+01 -6.370783e-02 1.112288e-01 -9.917506e-01 -1.072185e+03
-9.983341e-01 3.905308e-02 4.247216e-02 1.827812e+03 4.346119e-02 9.931598e-01 1.083728e-01 5.723215e+01 -3.794935e-02 1.100381e-01 -9.932026e-01 -1.073687e+03
-9.990151e-01 4.096103e-02 1.706417e-02 1.827812e+03 4.258312e-02 9.931154e-01 1.091254e-01 5.736580e+01 -1.247680e-02 1.097446e-01 -9.938815e-01 -1.075152e+03
-9.984797e-01 4.345033e-02 -3.391864e-02 1.827812e+03 3.944917e-02 9.930554e-01 1.108361e-01 5.763595e+01 3.849895e-02 1.093295e-01 -9.932597e-01 -1.078165e+03
-9.972192e-01 4.466020e-02 -5.966030e-02 1.827696e+03 3.787897e-02 9.931740e-01 1.103201e-01 5.776981e+01 6.417998e-02 1.077534e-01 -9.921038e-01 -1.079636e+03
-9.953056e-01 4.497774e-02 -8.569654e-02 1.827601e+03 3.552680e-02 9.934305e-01 1.087822e-01 5.790771e+01 9.002633e-02 1.052270e-01 -9.903648e-01 -1.081139e+03
-9.926189e-01 4.587320e-02 -1.122652e-01 1.827468e+03 3.394801e-02 9.937950e-01 1.059200e-01 5.804396e+01 1.164275e-01 1.013270e-01 -9.880169e-01 -1.082643e+03
-9.892292e-01 4.606197e-02 -1.389388e-01 1.827234e+03 3.163408e-02 9.940405e-01 1.043202e-01 5.817193e+01 1.429160e-01 9.880140e-02 -9.847909e-01 -1.084111e+03
-9.850962e-01 4.534016e-02 -1.659214e-01 1.827023e+03 2.813126e-02 9.941127e-01 1.046354e-01 5.830230e+01 1.696887e-01 9.840830e-02 -9.805720e-01 -1.085615e+03
-9.433431e-01 5.034768e-02 -3.279771e-01 1.824755e+03 1.627663e-02 9.942529e-01 1.058119e-01 5.910201e+01 3.314195e-01 9.447858e-02 -9.387411e-01 -1.094410e+03
-9.335874e-01 5.182890e-02 -3.545819e-01 1.824183e+03 1.476422e-02 9.942085e-01 1.064495e-01 5.923540e+01 3.580455e-01 9.414474e-02 -9.289457e-01 -1.095811e+03
-9.229795e-01 5.247184e-02 -3.812552e-01 1.823643e+03 1.248907e-02 9.942236e-01 1.065994e-01 5.936850e+01 3.846464e-01 9.362757e-02 -9.183033e-01 -1.097240e+03
-9.113421e-01 5.276248e-02 -4.082544e-01 1.823060e+03 1.008111e-02 9.943149e-01 1.060005e-01 5.949507e+01 4.115263e-01 9.248709e-02 -9.066930e-01 -1.098648e+03
-8.987703e-01 5.306918e-02 -4.351962e-01 1.822357e+03 8.175972e-03 9.945030e-01 1.043878e-01 5.960684e+01 4.383437e-01 9.026246e-02 -8.942636e-01 -1.099995e+03
-8.400483e-01 5.465624e-02 -5.397515e-01 1.819352e+03 -1.069544e-03 9.947433e-01 1.023942e-01 6.005208e+01 5.425106e-01 8.659333e-02 -8.355739e-01 -1.105305e+03
-8.235898e-01 5.577809e-02 -5.644366e-01 1.818450e+03 -2.914012e-03 9.947234e-01 1.025514e-01 6.015961e+01 5.671784e-01 8.610501e-02 -8.190815e-01 -1.106542e+03
-8.063777e-01 5.633202e-02 -5.887120e-01 1.817589e+03 -5.106352e-03 9.947529e-01 1.021792e-01 6.027091e+01 5.913789e-01 8.540114e-02 -8.018588e-01 -1.107799e+03
-7.882972e-01 5.707804e-02 -6.126416e-01 1.816694e+03 -6.315484e-03 9.948849e-01 1.008168e-01 6.038345e+01 6.152623e-01 8.334272e-02 -7.839044e-01 -1.109029e+03
-7.696143e-01 5.715578e-02 -6.359458e-01 1.815685e+03 -8.559710e-03 9.949725e-01 9.978227e-02 6.049128e+01 6.384517e-01 8.223736e-02 -7.652558e-01 -1.110182e+03
-7.299676e-01 5.777645e-02 -6.810354e-01 1.813646e+03 -1.164159e-02 9.952251e-01 9.690916e-02 6.071216e+01 6.833826e-01 7.866887e-02 -7.258095e-01 -1.112443e+03
-7.092895e-01 5.905573e-02 -7.024393e-01 1.812614e+03 -1.363899e-02 9.951483e-01 9.743649e-02 6.082078e+01 7.047854e-01 7.869123e-02 -7.050427e-01 -1.113551e+03
-6.875763e-01 5.914201e-02 -7.236996e-01 1.811551e+03 -1.530082e-02 9.952760e-01 9.587282e-02 6.093013e+01 7.259509e-01 7.699307e-02 -6.834232e-01 -1.114626e+03
-6.652344e-01 5.867719e-02 -7.443254e-01 1.810378e+03 -1.723003e-02 9.954351e-01 9.387205e-02 6.103586e+01 7.464358e-01 7.527165e-02 -6.611866e-01 -1.115622e+03
-6.425864e-01 5.792434e-02 -7.640206e-01 1.809249e+03 -1.828933e-02 9.956947e-01 9.087117e-02 6.114424e+01 7.659949e-01 7.236600e-02 -6.387604e-01 -1.116631e+03
-6.197276e-01 5.695400e-02 -7.827478e-01 1.808088e+03 -1.968722e-02 9.959213e-01 8.805191e-02 6.124884e+01 7.845700e-01 6.997831e-02 -6.160786e-01 -1.117606e+03
-4.334258e-01 5.885301e-02 -8.992655e-01 1.797579e+03 -2.861084e-02 9.964636e-01 7.900399e-02 6.202920e+01 9.007349e-01 5.997110e-02 -4.302092e-01 -1.124058e+03
-4.108375e-01 5.815070e-02 -9.098523e-01 1.796124e+03 -2.825904e-02 9.966721e-01 7.645974e-02 6.211734e+01 9.112705e-01 5.712407e-02 -4.078269e-01 -1.124692e+03
-3.663693e-01 5.936927e-02 -9.285736e-01 1.793253e+03 -3.061930e-02 9.966526e-01 7.580284e-02 6.229534e+01 9.299656e-01 5.620410e-02 -3.633250e-01 -1.125928e+03
-3.444089e-01 5.946866e-02 -9.369344e-01 1.791742e+03 -3.375427e-02 9.965621e-01 7.566112e-02 6.238523e+01 9.382127e-01 5.768390e-02 -3.412175e-01 -1.126471e+03
-3.025182e-01 5.750029e-02 -9.514076e-01 1.788716e+03 -3.421384e-02 9.968803e-01 7.112748e-02 6.256090e+01 9.525293e-01 5.406867e-02 -2.996071e-01 -1.127485e+03
-2.649301e-01 5.841344e-02 -9.624967e-01 1.785654e+03 -3.346408e-02 9.970052e-01 6.971884e-02 6.272812e+01 9.636867e-01 5.067968e-02 -2.621819e-01 -1.128395e+03
-2.326862e-01 5.794229e-02 -9.708243e-01 1.782506e+03 -3.184933e-02 9.972343e-01 6.715215e-02 6.289076e+01 9.720302e-01 4.654548e-02 -2.301972e-01 -1.129180e+03
-2.181425e-01 5.666397e-02 -9.742705e-01 1.780922e+03 -3.044199e-02 9.974320e-01 6.482713e-02 6.297071e+01 9.754420e-01 4.380029e-02 -2.158574e-01 -1.129541e+03
-2.044746e-01 5.582103e-02 -9.772790e-01 1.779311e+03 -2.955575e-02 9.975654e-01 6.316369e-02 6.304728e+01 9.784255e-01 4.179958e-02 -2.023270e-01 -1.129873e+03
-1.915386e-01 5.612688e-02 -9.798790e-01 1.777702e+03 -2.861513e-02 9.976198e-01 6.273652e-02 6.312234e+01 9.810678e-01 4.005583e-02 -1.894766e-01 -1.130193e+03
-1.793648e-01 5.548689e-02 -9.822166e-01 1.776082e+03 -2.857597e-02 9.976930e-01 6.157951e-02 6.319501e+01 9.833675e-01 3.911298e-02 -1.773654e-01 -1.130494e+03
-1.676605e-01 5.542711e-02 -9.842854e-01 1.774439e+03 -2.856574e-02 9.977259e-01 6.104978e-02 6.326738e+01 9.854308e-01 3.835248e-02 -1.656959e-01 -1.130771e+03
-1.567693e-01 5.456269e-02 -9.861269e-01 1.772797e+03 -3.022364e-02 9.977401e-01 6.001005e-02 6.333921e+01 9.871726e-01 3.921208e-02 -1.547659e-01 -1.131038e+03
-1.466219e-01 5.479787e-02 -9.876737e-01 1.771135e+03 -3.065907e-02 9.977330e-01 5.990738e-02 6.341172e+01 9.887173e-01 3.906489e-02 -1.446095e-01 -1.131284e+03
-1.382909e-01 5.631293e-02 -9.887894e-01 1.769479e+03 -3.054090e-02 9.976649e-01 6.108982e-02 6.348361e+01 9.899206e-01 3.864668e-02 -1.362481e-01 -1.131517e+03
-1.317118e-01 5.778641e-02 -9.896023e-01 1.767796e+03 -2.979443e-02 9.976176e-01 6.221998e-02 6.355799e+01 9.908402e-01 3.767974e-02 -1.296763e-01 -1.131740e+03
-1.263034e-01 5.752688e-02 -9.903223e-01 1.766113e+03 -2.875790e-02 9.976851e-01 6.162231e-02 6.363222e+01 9.915747e-01 3.626269e-02 -1.243566e-01 -1.131949e+03
-1.209431e-01 5.797475e-02 -9.909651e-01 1.764428e+03 -2.887820e-02 9.976650e-01 6.189119e-02 6.370596e+01 9.922393e-01 3.610259e-02 -1.189865e-01 -1.132152e+03
-1.154768e-01 5.841438e-02 -9.915911e-01 1.762736e+03 -2.950149e-02 9.976272e-01 6.220561e-02 6.377872e+01 9.928719e-01 3.643672e-02 -1.134795e-01 -1.132348e+03
-1.105002e-01 5.846845e-02 -9.921548e-01 1.761046e+03 -3.057396e-02 9.975956e-01 6.219423e-02 6.385109e+01 9.934057e-01 3.720658e-02 -1.084469e-01 -1.132534e+03
-1.063190e-01 5.861222e-02 -9.926031e-01 1.759353e+03 -3.121115e-02 9.975725e-01 6.224873e-02 6.392280e+01 9.938421e-01 3.759851e-02 -1.042316e-01 -1.132713e+03
-9.977778e-02 5.936350e-02 -9.932373e-01 1.755959e+03 -3.195093e-02 9.975127e-01 6.282874e-02 6.406682e+01 9.944966e-01 3.800377e-02 -9.763288e-02 -1.133051e+03
-9.717913e-02 5.893143e-02 -9.935207e-01 1.754261e+03 -3.162266e-02 9.975586e-01 6.226405e-02 6.413795e+01 9.947644e-01 3.746853e-02 -9.507831e-02 -1.133210e+03
-9.503044e-02 5.793185e-02 -9.937873e-01 1.752565e+03 -3.182955e-02 9.976179e-01 6.119886e-02 6.420815e+01 9.949653e-01 3.744755e-02 -9.296012e-02 -1.133366e+03
-9.328989e-02 5.823081e-02 -9.939347e-01 1.750863e+03 -3.129907e-02 9.976233e-01 6.138462e-02 6.427888e+01 9.951469e-01 3.683579e-02 -9.124560e-02 -1.133519e+03
-8.806950e-02 5.922988e-02 -9.943519e-01 1.744051e+03 -3.129743e-02 9.975732e-01 6.219379e-02 6.455659e+01 9.956225e-01 3.659803e-02 -8.600203e-02 -1.134108e+03
-8.584574e-02 6.061538e-02 -9.944628e-01 1.740635e+03 -3.152541e-02 9.974824e-01 6.352084e-02 6.470178e+01 9.958095e-01 3.680384e-02 -8.371869e-02 -1.134391e+03
-8.458501e-02 6.089766e-02 -9.945536e-01 1.738929e+03 -3.190061e-02 9.974534e-01 6.378832e-02 6.477564e+01 9.959054e-01 3.712240e-02 -8.242693e-02 -1.134530e+03
-8.217235e-02 5.928233e-02 -9.948534e-01 1.735516e+03 -3.261582e-02 9.975346e-01 6.213610e-02 6.492197e+01 9.960842e-01 3.755382e-02 -8.003621e-02 -1.134802e+03
-7.971126e-02 6.155007e-02 -9.949160e-01 1.732115e+03 -3.319252e-02 9.973745e-01 6.436151e-02 6.506585e+01 9.962652e-01 3.815411e-02 -7.745897e-02 -1.135064e+03
-7.715745e-02 5.908689e-02 -9.952666e-01 1.728748e+03 -3.461864e-02 9.974816e-01 6.190220e-02 6.520511e+01 9.964177e-01 3.923098e-02 -7.491763e-02 -1.135319e+03
-7.402504e-02 5.574841e-02 -9.956970e-01 1.725404e+03 -3.509961e-02 9.976720e-01 5.846848e-02 6.533481e+01 9.966385e-01 3.927671e-02 -7.189596e-02 -1.135561e+03
-7.000011e-02 5.405768e-02 -9.960812e-01 1.722082e+03 -3.481429e-02 9.977899e-01 5.659701e-02 6.545266e+01 9.969392e-01 3.863965e-02 -6.796342e-02 -1.135788e+03
-6.138499e-02 5.608486e-02 -9.965372e-01 1.718787e+03 -3.590170e-02 9.976499e-01 5.835898e-02 6.556950e+01 9.974682e-01 3.935974e-02 -5.922718e-02 -1.135995e+03
-4.692679e-02 5.537937e-02 -9.973621e-01 1.715535e+03 -3.849256e-02 9.976201e-01 5.720482e-02 6.567949e+01 9.981564e-01 4.107546e-02 -4.468341e-02 -1.136161e+03
-2.729193e-02 5.429700e-02 -9.981518e-01 1.712341e+03 -3.950661e-02 9.976850e-01 5.535182e-02 6.578231e+01 9.988465e-01 4.094425e-02 -2.508365e-02 -1.136271e+03
-2.069798e-03 5.561306e-02 -9.984503e-01 1.709184e+03 -4.260759e-02 9.975407e-01 5.565073e-02 6.588013e+01 9.990897e-01 4.265674e-02 3.048289e-04 -1.136308e+03
3.001700e-02 5.486326e-02 -9.980426e-01 1.706078e+03 -4.509388e-02 9.975502e-01 5.347997e-02 6.597128e+01 9.985316e-01 4.340030e-02 3.241746e-02 -1.136253e+03
6.768449e-02 5.080095e-02 -9.964126e-01 1.703031e+03 -4.617136e-02 9.977923e-01 4.773497e-02 6.604779e+01 9.966378e-01 4.277480e-02 6.988061e-02 -1.136085e+03
1.099876e-01 4.797113e-02 -9.927747e-01 1.700082e+03 -4.605926e-02 9.980075e-01 4.312118e-02 6.611041e+01 9.928651e-01 4.098367e-02 1.119779e-01 -1.135821e+03
1.573736e-01 4.774558e-02 -9.863843e-01 1.697155e+03 -4.566256e-02 9.981140e-01 4.102809e-02 6.616215e+01 9.864828e-01 3.858409e-02 1.592570e-01 -1.135401e+03
2.111468e-01 4.451899e-02 -9.764400e-01 1.694241e+03 -4.619151e-02 9.983006e-01 3.552717e-02 6.621043e+01 9.763623e-01 3.760179e-02 2.128444e-01 -1.134791e+03
2.673739e-01 3.866590e-02 -9.628168e-01 1.691371e+03 -4.137859e-02 9.987336e-01 2.861747e-02 6.620730e+01 9.627040e-01 3.218844e-02 2.686352e-01 -1.134067e+03
3.243968e-01 3.504788e-02 -9.452716e-01 1.688621e+03 -3.736641e-02 9.990081e-01 2.421694e-02 6.617116e+01 9.451827e-01 2.746551e-02 3.253846e-01 -1.133232e+03
3.842016e-01 3.472738e-02 -9.225959e-01 1.685870e+03 -3.524090e-02 9.991157e-01 2.293210e-02 6.609641e+01 9.225764e-01 2.370256e-02 3.850856e-01 -1.132171e+03
4.472590e-01 3.320388e-02 -8.937880e-01 1.683200e+03 -3.539640e-02 9.991849e-01 1.940669e-02 6.601776e+01 8.937038e-01 2.295707e-02 4.480696e-01 -1.130935e+03
5.098544e-01 2.653525e-02 -8.598514e-01 1.680643e+03 -3.373571e-02 9.993720e-01 1.083710e-02 6.594241e+01 8.595989e-01 2.348236e-02 5.104294e-01 -1.129520e+03
5.689942e-01 2.368763e-02 -8.220004e-01 1.678306e+03 -3.062191e-02 9.995021e-01 7.606015e-03 6.587101e+01 8.217712e-01 2.084345e-02 5.694362e-01 -1.127996e+03
6.265443e-01 2.180327e-02 -7.790808e-01 1.675989e+03 -2.910498e-02 9.995659e-01 4.567251e-03 6.578896e+01 7.788422e-01 1.981355e-02 6.269068e-01 -1.126240e+03
6.813462e-01 1.960019e-02 -7.316989e-01 1.673811e+03 -2.810085e-02 9.996049e-01 6.095976e-04 6.570668e+01 7.314217e-01 2.014602e-02 6.816277e-01 -1.124329e+03
7.321014e-01 1.297323e-02 -6.810722e-01 1.671787e+03 -2.461156e-02 9.996696e-01 -7.413617e-03 6.561313e+01 6.807509e-01 2.218977e-02 7.321787e-01 -1.122274e+03
7.788319e-01 6.818475e-03 -6.271957e-01 1.670025e+03 -1.941976e-02 9.997236e-01 -1.324647e-02 6.550954e+01 6.269321e-01 2.249676e-02 7.787490e-01 -1.120149e+03
8.006604e-01 4.479414e-03 -5.991018e-01 1.669099e+03 -1.726900e-02 9.997291e-01 -1.560403e-02 6.544746e+01 5.988696e-01 2.283942e-02 8.005207e-01 -1.118972e+03
8.405103e-01 -2.178237e-03 -5.417912e-01 1.667481e+03 -1.174613e-02 9.996836e-01 -2.224157e-02 6.532217e+01 5.416682e-01 2.505822e-02 8.402188e-01 -1.116599e+03
8.742059e-01 -9.606721e-03 -4.854605e-01 1.666116e+03 -5.480528e-03 9.995453e-01 -2.964909e-02 6.518499e+01 4.855246e-01 2.857999e-02 8.737557e-01 -1.114183e+03
8.886360e-01 -1.070589e-02 -4.584884e-01 1.665409e+03 -2.431333e-03 9.996034e-01 -2.805352e-02 6.510462e+01 4.586069e-01 2.604410e-02 8.882575e-01 -1.112881e+03
9.146832e-01 -1.625626e-02 -4.038446e-01 1.664267e+03 4.198298e-03 9.995190e-01 -3.072552e-02 6.495835e+01 4.041498e-01 2.640865e-02 9.143115e-01 -1.110320e+03
9.373292e-01 -2.458246e-02 -3.475769e-01 1.663209e+03 1.182822e-02 9.991782e-01 -3.876932e-02 6.479507e+01 3.482442e-01 3.222840e-02 9.368496e-01 -1.107637e+03
9.477057e-01 -2.414421e-02 -3.182312e-01 1.662781e+03 1.232836e-02 9.991595e-01 -3.909189e-02 6.471287e+01 3.189076e-01 3.312433e-02 9.472067e-01 -1.106297e+03
9.576077e-01 -2.204863e-02 -2.872305e-01 1.662301e+03 1.240239e-02 9.992977e-01 -3.536016e-02 6.462431e+01 2.878084e-01 3.029882e-02 9.572085e-01 -1.104878e+03
9.669170e-01 -1.794194e-02 -2.544595e-01 1.661958e+03 1.002308e-02 9.994253e-01 -3.238295e-02 6.453800e+01 2.548943e-01 2.876116e-02 9.665410e-01 -1.103507e+03
9.751786e-01 -1.920244e-02 -2.205858e-01 1.661562e+03 1.067229e-02 9.991507e-01 -3.979745e-02 6.446915e+01 2.211627e-01 3.645546e-02 9.745553e-01 -1.102062e+03
9.822344e-01 -2.039840e-02 -1.865463e-01 1.661319e+03 1.067481e-02 9.985384e-01 -5.298109e-02 6.436320e+01 1.873544e-01 5.004849e-02 9.810165e-01 -1.100685e+03
9.879549e-01 -1.942424e-02 -1.535184e-01 1.661115e+03 1.077373e-02 9.983171e-01 -5.698075e-02 6.426554e+01 1.543668e-01 5.464044e-02 9.865015e-01 -1.099284e+03
9.924238e-01 -2.044096e-02 -1.211499e-01 1.660875e+03 1.419420e-02 9.985356e-01 -5.220278e-02 6.414444e+01 1.220396e-01 5.008765e-02 9.912605e-01 -1.097802e+03
9.958314e-01 -2.293293e-02 -8.828326e-02 1.660772e+03 1.895974e-02 9.987806e-01 -4.558349e-02 6.405174e+01 8.922096e-02 4.371964e-02 9.950518e-01 -1.096370e+03
9.981608e-01 -2.628905e-02 -5.462549e-02 1.660724e+03 2.390616e-02 9.987530e-01 -4.382723e-02 6.395351e+01 5.570955e-02 4.244073e-02 9.975445e-01 -1.094939e+03
9.994056e-01 -2.762807e-02 -2.062100e-02 1.660624e+03 2.664551e-02 9.985632e-01 -4.649173e-02 6.386049e+01 2.187585e-02 4.591463e-02 9.987058e-01 -1.093444e+03
9.995243e-01 -2.786679e-02 1.321703e-02 1.660666e+03 2.851243e-02 9.982671e-01 -5.147652e-02 6.375655e+01 -1.175964e-02 5.182888e-02 9.985867e-01 -1.092014e+03
9.985330e-01 -2.736828e-02 4.672160e-02 1.660665e+03 2.995913e-02 9.979988e-01 -5.568447e-02 6.365347e+01 -4.510411e-02 5.700251e-02 9.973546e-01 -1.090516e+03
9.964045e-01 -2.700445e-02 8.030464e-02 1.660808e+03 3.175546e-02 9.977830e-01 -5.848604e-02 6.353899e+01 -7.854722e-02 6.082585e-02 9.950530e-01 -1.089081e+03
9.931890e-01 -2.432640e-02 1.139466e-01 1.660998e+03 3.122845e-02 9.977585e-01 -5.918452e-02 6.342386e+01 -1.122514e-01 6.233978e-02 9.917224e-01 -1.087649e+03
9.887981e-01 -2.277580e-02 1.475114e-01 1.661140e+03 3.165788e-02 9.978059e-01 -5.814749e-02 6.330548e+01 -1.458634e-01 6.216602e-02 9.873496e-01 -1.086159e+03
9.833614e-01 -1.891371e-02 1.806729e-01 1.661423e+03 2.968287e-02 9.979277e-01 -5.708923e-02 6.318844e+01 -1.792187e-01 6.150222e-02 9.818849e-01 -1.084736e+03
9.768935e-01 -1.719355e-02 2.130342e-01 1.661752e+03 3.031733e-02 9.978274e-01 -5.849108e-02 6.307257e+01 -2.115657e-01 6.359817e-02 9.752923e-01 -1.083312e+03
9.697164e-01 -1.547483e-02 2.437432e-01 1.662049e+03 3.071336e-02 9.977947e-01 -5.884284e-02 6.295694e+01 -2.422950e-01 6.454702e-02 9.680530e-01 -1.081841e+03
9.619374e-01 -1.444162e-02 2.728883e-01 1.662469e+03 3.155093e-02 9.977938e-01 -5.841316e-02 6.284239e+01 -2.714426e-01 6.479967e-02 9.602707e-01 -1.080424e+03
9.536688e-01 -1.499145e-02 3.004847e-01 1.662869e+03 3.370866e-02 9.977933e-01 -5.720267e-02 6.272406e+01 -2.989641e-01 6.468133e-02 9.520697e-01 -1.078968e+03
9.451801e-01 -1.565151e-02 3.261743e-01 1.663374e+03 3.543498e-02 9.978684e-01 -5.479982e-02 6.261487e+01 -3.246213e-01 6.335366e-02 9.437199e-01 -1.077556e+03
9.365940e-01 -1.562359e-02 3.500680e-01 1.663914e+03 3.653840e-02 9.979141e-01 -5.322009e-02 6.250419e+01 -3.485063e-01 6.263653e-02 9.352112e-01 -1.076148e+03
9.278710e-01 -1.634448e-02 3.725430e-01 1.664445e+03 3.892327e-02 9.978268e-01 -5.316650e-02 6.239675e+01 -3.708644e-01 6.383223e-02 9.264907e-01 -1.074719e+03
9.116997e-01 -1.795842e-02 4.104647e-01 1.665691e+03 4.468971e-02 9.974512e-01 -5.562220e-02 6.217659e+01 -4.084196e-01 6.905427e-02 9.101785e-01 -1.071933e+03
8.972198e-01 -2.194620e-02 4.410385e-01 1.667040e+03 5.044131e-02 9.973204e-01 -5.298754e-02 6.195260e+01 -4.386938e-01 6.978802e-02 8.959226e-01 -1.069131e+03
8.902401e-01 -2.240794e-02 4.549402e-01 1.667748e+03 5.056764e-02 9.974771e-01 -4.982176e-02 6.184362e+01 -4.526760e-01 6.735857e-02 8.891272e-01 -1.067757e+03
8.763189e-01 -2.169326e-02 4.812428e-01 1.669233e+03 5.257645e-02 9.973248e-01 -5.078207e-02 6.163280e+01 -4.788538e-01 6.980332e-02 8.751151e-01 -1.064989e+03
8.663534e-01 -2.521643e-02 4.987945e-01 1.670820e+03 5.782938e-02 9.970717e-01 -5.003683e-02 6.141849e+01 -4.960721e-01 7.219454e-02 8.652747e-01 -1.062227e+03
8.633705e-01 -2.536821e-02 5.039324e-01 1.671640e+03 5.765903e-02 9.971532e-01 -4.858807e-02 6.131031e+01 -5.012652e-01 7.100574e-02 8.623754e-01 -1.060840e+03
8.593376e-01 -2.317274e-02 5.108835e-01 1.673289e+03 5.557859e-02 9.972877e-01 -4.825147e-02 6.109890e+01 -5.083797e-01 6.985848e-02 8.582947e-01 -1.058082e+03
8.570403e-01 -2.520571e-02 5.146325e-01 1.674989e+03 5.544691e-02 9.975144e-01 -4.348185e-02 6.089092e+01 -5.122573e-01 6.580046e-02 8.563076e-01 -1.055278e+03
8.550524e-01 -2.540964e-02 5.179188e-01 1.676716e+03 5.541743e-02 9.975562e-01 -4.254964e-02 6.069111e+01 -5.155719e-01 6.508389e-02 8.543709e-01 -1.052451e+03
8.539939e-01 -2.525201e-02 5.196700e-01 1.677591e+03 5.568039e-02 9.975210e-01 -4.302981e-02 6.059208e+01 -5.172951e-01 6.568260e-02 8.532828e-01 -1.051033e+03
8.521727e-01 -2.191437e-02 5.228017e-01 1.679381e+03 5.383890e-02 9.974920e-01 -4.594596e-02 6.038454e+01 -5.204836e-01 6.730095e-02 8.512152e-01 -1.048145e+03
8.499437e-01 -2.495543e-02 5.262823e-01 1.681167e+03 5.556347e-02 9.975531e-01 -4.243247e-02 6.017613e+01 -5.239356e-01 6.530726e-02 8.492505e-01 -1.045291e+03
