2.593387 0.0000000 0.0000000 0.0000000 0.0000000 0.0000000 0.0000000 1.0000000
2.697006 0.0013669 -0.0004066 0.0395237 0.0015678 0.0191693 0.0005038 0.9998149
2.800620 0.0043769 -0.0008357 0.0792900 0.0012311 0.0371039 0.0006578 0.9993104
2.904387 0.0087679 -0.0013449 0.1191417 0.0007888 0.0547309 0.0017281 0.9984993
3.111717 0.0214068 -0.0023222 0.1985994 0.0019726 0.0884879 0.0003079 0.9960753
3.215334 0.0298179 -0.0027477 0.2383805 0.0027790 0.1043401 0.0002441 0.9945378
3.319074 0.0393962 -0.0033314 0.2778887 0.0033428 0.1197846 0.0012507 0.9927935
3.526551 0.0626462 -0.0046793 0.3583580 0.0028445 0.1504791 0.0013112 0.9886082
3.630286 0.0762440 -0.0052373 0.3986576 0.0028089 0.1650515 0.0017925 0.9862793
3.733924 0.0913267 -0.0057249 0.4391558 0.0032948 0.1784427 0.0030867 0.9839399
3.837524 0.1079213 -0.0062567 0.4798431 0.0041089 0.1908026 0.0050993 0.9816066
4.044901 0.1444076 -0.0075322 0.5616356 0.0052838 0.2118556 0.0099637 0.9772359
4.252293 0.1846711 -0.0087427 0.6443118 0.0055918 0.2279877 0.0137473 0.9735509
4.355974 0.2055407 -0.0092042 0.6849889 0.0054271 0.2349661 0.0150325 0.9718722
4.459609 0.2268848 -0.0095208 0.7265128 0.0049630 0.2415831 0.0151358 0.9702494
4.666947 0.2723826 -0.0110213 0.8096309 0.0060901 0.2530640 0.0148793 0.9673160
4.770559 0.2963145 -0.0117292 0.8506278 0.0077072 0.2578153 0.0147717 0.9660506
5.081656 0.3727953 -0.0136507 0.9798946 0.0099320 0.2688255 0.0147235 0.9630252
5.288943 0.4260229 -0.0155883 1.0685263 0.0114457 0.2736802 0.0142029 0.9616477
5.392622 0.4544096 -0.0164660 1.1148858 0.0120334 0.2757869 0.0144153 0.9610354
5.600026 0.5138257 -0.0188252 1.2086385 0.0105085 0.2782604 0.0154970 0.9603232
5.807340 0.5740813 -0.0202632 1.3037527 0.0106104 0.2802260 0.0169775 0.9597253
6.014715 0.6362423 -0.0218001 1.3996645 0.0113787 0.2808542 0.0176098 0.9595214
6.118447 0.6672196 -0.0229158 1.4488074 0.0113690 0.2809550 0.0173269 0.9594972
6.325669 0.7322046 -0.0250160 1.5503117 0.0120158 0.2801355 0.0171765 0.9597316
6.429280 0.7660594 -0.0262083 1.6038133 0.0114267 0.2793991 0.0169431 0.9599575
6.533021 0.7992350 -0.0273270 1.6569399 0.0119299 0.2788467 0.0173817 0.9601042
6.636673 0.8336218 -0.0285604 1.7105546 0.0121940 0.2782754 0.0173868 0.9602665
6.740399 0.8678866 -0.0297855 1.7652187 0.0125253 0.2778480 0.0179381 0.9603759
6.947755 0.9383671 -0.0318887 1.8770082 0.0119922 0.2770498 0.0187882 0.9605970
7.155209 1.0083737 -0.0344193 1.9894483 0.0117160 0.2764055 0.0203983 0.9607532
7.362568 1.0816543 -0.0362494 2.1063693 0.0128170 0.2756216 0.0211054 0.9609490
7.569925 1.1550801 -0.0392755 2.2234788 0.0120669 0.2754520 0.0214396 0.9610000
7.777286 1.2277333 -0.0416757 2.3414617 0.0121197 0.2753883 0.0227707 0.9609870
7.984696 1.3017974 -0.0442119 2.4610791 0.0128943 0.2757588 0.0223698 0.9608800
8.088400 1.3390098 -0.0454485 2.5213854 0.0132706 0.2764082 0.0220300 0.9606961
8.295863 1.4150407 -0.0482728 2.6445122 0.0130165 0.2777045 0.0209755 0.9603493
8.503235 1.4937277 -0.0509114 2.7710457 0.0122165 0.2788068 0.0199878 0.9600615
8.606978 1.5334735 -0.0523519 2.8333843 0.0126305 0.2795401 0.0199229 0.9598442
8.710698 1.5736305 -0.0536295 2.8972075 0.0128716 0.2810609 0.0189666 0.9594162
8.814436 1.6141233 -0.0549514 2.9602408 0.0133026 0.2828988 0.0191409 0.9588665
9.021867 1.6967776 -0.0575874 3.0881348 0.0121927 0.2876223 0.0175166 0.9575061
9.229148 1.7826442 -0.0614584 3.2167337 0.0131598 0.2920651 0.0170831 0.9561553
9.332783 1.8259472 -0.0635675 3.2803752 0.0137732 0.2941472 0.0166665 0.9555156
9.436507 1.8701465 -0.0654726 3.3448212 0.0137772 0.2963591 0.0161010 0.9548415
9.540126 1.9144813 -0.0672972 3.4100213 0.0134902 0.2989579 0.0151494 0.9540507
9.643856 1.9591081 -0.0693941 3.4746091 0.0128262 0.3015934 0.0142254 0.9532442
9.747566 2.0042465 -0.0710572 3.5397213 0.0125327 0.3044888 0.0138311 0.9523330
9.851216 2.0503018 -0.0728345 3.6043763 0.0123757 0.3071323 0.0139717 0.9514838
9.954854 2.0967321 -0.0747812 3.6691787 0.0130501 0.3099873 0.0141056 0.9505465
10.058450 2.1435652 -0.0765323 3.7336802 0.0135712 0.3127484 0.0137820 0.9496390
10.162270 2.1916130 -0.0785662 3.7986593 0.0135543 0.3156918 0.0142843 0.9486575
10.265950 2.2400496 -0.0809083 3.8640301 0.0134190 0.3185371 0.0142362 0.9477085
10.369540 2.2884994 -0.0829619 3.9289458 0.0135136 0.3213460 0.0135716 0.9467682
10.473330 2.3377528 -0.0847226 3.9942520 0.0137846 0.3241295 0.0127974 0.9458257
10.577010 2.3881230 -0.0871081 4.0585585 0.0132792 0.3259862 0.0135832 0.9451836
10.680800 2.4384575 -0.0889831 4.1233153 0.0135278 0.3281552 0.0149957 0.9444079
10.784490 2.4893665 -0.0909880 4.1876230 0.0140980 0.3298996 0.0156817 0.9437805
10.888380 2.5400710 -0.0930681 4.2521381 0.0143913 0.3316979 0.0159990 0.9431402
10.992100 2.5923388 -0.0953152 4.3167210 0.0140875 0.3333023 0.0156220 0.9425853
11.096280 2.6443918 -0.0970745 4.3819032 0.0143272 0.3354063 0.0145162 0.9418527
11.199650 2.6968398 -0.0992878 4.4466062 0.0145649 0.3374689 0.0139719 0.9411203
11.303360 2.7503090 -0.1011914 4.5124698 0.0143575 0.3397306 0.0136348 0.9403144
11.407080 2.8004563 -0.1034401 4.5712204 0.0145031 0.3421688 0.0130539 0.9394358
11.510570 2.8542178 -0.1058356 4.6344900 0.0146074 0.3441070 0.0128283 0.9387292
11.614180 2.9081841 -0.1081077 4.6982174 0.0146151 0.3463138 0.0126805 0.9379191
11.718020 2.9630816 -0.1103857 4.7634211 0.0141710 0.3484502 0.0126526 0.9371348
11.821430 3.0183125 -0.1128732 4.8270235 0.0141119 0.3505431 0.0130270 0.9363496
11.925060 3.0739686 -0.1149628 4.8909039 0.0145978 0.3523350 0.0134263 0.9356638
12.028650 3.1299200 -0.1172392 4.9547801 0.0152147 0.3541964 0.0135248 0.9349495
12.132140 3.1871169 -0.1195285 5.0191836 0.0159266 0.3558019 0.0131779 0.9343327
12.235950 3.2436056 -0.1220795 5.0829849 0.0164557 0.3574316 0.0138798 0.9336911
12.443230 3.3573461 -0.1270169 5.2100754 0.0168022 0.3608811 0.0136474 0.9323606
12.546850 3.4161339 -0.1294395 5.2740726 0.0168514 0.3626406 0.0134770 0.9316792
12.650590 3.4740081 -0.1319170 5.3365836 0.0172276 0.3644377 0.0144172 0.9309568
12.754210 3.5322437 -0.1347563 5.4000020 0.0172170 0.3660589 0.0155373 0.9303027
12.857820 3.5908792 -0.1371727 5.4636974 0.0170692 0.3676333 0.0160643 0.9296754
12.961450 3.6499782 -0.1395035 5.5267296 0.0168060 0.3689926 0.0160786 0.9291413
13.065050 3.7088003 -0.1416147 5.5899205 0.0170758 0.3703113 0.0152968 0.9286247
13.168790 3.7696400 -0.1441533 5.6533284 0.0180768 0.3716648 0.0147442 0.9280739
13.272410 3.8299437 -0.1469253 5.7169456 0.0188514 0.3732612 0.0142475 0.9274253
13.376170 3.8908038 -0.1497052 5.7804718 0.0192026 0.3747909 0.0132428 0.9268159
13.583380 4.0140338 -0.1559706 5.9086313 0.0195006 0.3784506 0.0123407 0.9253337
13.687000 4.0763645 -0.1591587 5.9724536 0.0189907 0.3801998 0.0124817 0.9246252
13.790730 4.1387053 -0.1621549 6.0352979 0.0186047 0.3818758 0.0128239 0.9239374
13.894440 4.2012424 -0.1652148 6.0989127 0.0184645 0.3839355 0.0128396 0.9230860
13.998450 4.2650094 -0.1685525 6.1624217 0.0184272 0.3857188 0.0123800 0.9223493
14.101800 4.3291483 -0.1715924 6.2263360 0.0186268 0.3875918 0.0119810 0.9215651
14.205920 4.3926182 -0.1748538 6.2895155 0.0190375 0.3893612 0.0119676 0.9208106
14.412870 4.5230851 -0.1804258 6.4170547 0.0195848 0.3919177 0.0133383 0.9196951
14.931630 4.8479304 -0.1938002 6.7227550 0.0209838 0.3981908 0.0137744 0.9169591
15.034850 4.9124141 -0.1975906 6.7833490 0.0214602 0.3995865 0.0137411 0.9163412
15.138550 4.9775119 -0.2008225 6.8451557 0.0214208 0.4010608 0.0121948 0.9157197
15.345730 5.1098576 -0.2077487 6.9665775 0.0216849 0.4037702 0.0138015 0.9144992
15.553070 5.2427382 -0.2148322 7.0872269 0.0207759 0.4064792 0.0136978 0.9133211
15.656680 5.3091888 -0.2181381 7.1470385 0.0209841 0.4079516 0.0131779 0.9126673
15.760420 5.3770738 -0.2215160 7.2078032 0.0204868 0.4096192 0.0123569 0.9119428
15.967780 5.5118690 -0.2281846 7.3275084 0.0203132 0.4131015 0.0118173 0.9103817
16.071400 5.5794406 -0.2313432 7.3866949 0.0201720 0.4148906 0.0117787 0.9095714
16.175170 5.6470718 -0.2344551 7.4456415 0.0199071 0.4168434 0.0114604 0.9086881
16.278760 5.7154341 -0.2375487 7.5043902 0.0198650 0.4187478 0.0109603 0.9078191
16.382370 5.7843485 -0.2409052 7.5628414 0.0202507 0.4205537 0.0109924 0.9069750
16.486210 5.8527360 -0.2441171 7.6212392 0.0203747 0.4224623 0.0111078 0.9060833
16.589730 5.9223924 -0.2475733 7.6798244 0.0203121 0.4243346 0.0112697 0.9052075
16.693380 5.9924583 -0.2509692 7.7377305 0.0204172 0.4259561 0.0102513 0.9044553
16.900690 6.1323652 -0.2580729 7.8533411 0.0207627 0.4295309 0.0106879 0.9027502
17.107930 6.2720699 -0.2646810 7.9676332 0.0226216 0.4332269 0.0119903 0.9009212
17.315330 6.4121571 -0.2719423 8.0804358 0.0239546 0.4362023 0.0132692 0.8994318
17.418950 6.4836130 -0.2754072 8.1366262 0.0251539 0.4374253 0.0132619 0.8988051
17.522740 6.5541873 -0.2790880 8.1912985 0.0251805 0.4387586 0.0137402 0.8981470
17.730020 6.6999569 -0.2863661 8.3052464 0.0257593 0.4419544 0.0133032 0.8965689
17.833610 6.7715163 -0.2902342 8.3615761 0.0262843 0.4440253 0.0134354 0.8955278
18.041020 6.9172130 -0.2972384 8.4691591 0.0264868 0.4466420 0.0123051 0.8942360
18.144610 6.9903502 -0.3012538 8.5234165 0.0266757 0.4478240 0.0130299 0.8936287
18.248220 7.0624757 -0.3051511 8.5804968 0.0265352 0.4493847 0.0138868 0.8928362
18.351820 7.1346493 -0.3079076 8.6353760 0.0267016 0.4505765 0.0145218 0.8922203
18.455670 7.2083988 -0.3116259 8.6917067 0.0262874 0.4520823 0.0140668 0.8914778
18.559140 7.2867851 -0.3149725 8.7463999 0.0260620 0.4528591 0.0142294 0.8910875
18.663050 7.3630304 -0.3187405 8.8016300 0.0262229 0.4539784 0.0153605 0.8904943
18.766280 7.4383159 -0.3219324 8.8565369 0.0260881 0.4552141 0.0154364 0.8898658
18.869920 7.5134501 -0.3256471 8.9121265 0.0262182 0.4565955 0.0146103 0.8891680
18.973530 7.5899935 -0.3295727 8.9668465 0.0273313 0.4577051 0.0136101 0.8885797
19.077140 7.6680098 -0.3329543 9.0227222 0.0268251 0.4596216 0.0119888 0.8876287
19.180870 7.7465611 -0.3368123 9.0781879 0.0257555 0.4618746 0.0109821 0.8865032
19.284530 7.8245921 -0.3408228 9.1331968 0.0243404 0.4645017 0.0101434 0.8851795
19.388220 7.9048347 -0.3439551 9.1880960 0.0235656 0.4669206 0.0089937 0.8839394
19.491840 7.9848046 -0.3482772 9.2421637 0.0234400 0.4693780 0.0091578 0.8826386
19.595460 8.0653486 -0.3530146 9.2957716 0.0235989 0.4715195 0.0097748 0.8814856
19.699070 8.1487226 -0.3580525 9.3505421 0.0236015 0.4734769 0.0100509 0.8804326
19.802840 8.2333231 -0.3625887 9.4064636 0.0232710 0.4755115 0.0104594 0.8793395
19.906420 8.3166533 -0.3635964 9.4563694 0.0228463 0.4768590 0.0098352 0.8786278
20.010030 8.4026070 -0.3679593 9.5128794 0.0221830 0.4790268 0.0097288 0.8774660
20.113650 8.4866304 -0.3720624 9.5658741 0.0218584 0.4809507 0.0091178 0.8764277
20.217270 8.5729485 -0.3762382 9.6224976 0.0214694 0.4833637 0.0089334 0.8751107
20.320880 8.6612291 -0.3803824 9.6776352 0.0215010 0.4854673 0.0095790 0.8739379
20.424500 8.7504644 -0.3847919 9.7327528 0.0210379 0.4875729 0.0101898 0.8727693
20.528120 8.8403778 -0.3892495 9.7878122 0.0204446 0.4893824 0.0096344 0.8717764
20.631730 8.9309092 -0.3929551 9.8427353 0.0201798 0.4908997 0.0098921 0.8709261
20.735350 9.0234213 -0.3967160 9.8990002 0.0199808 0.4924012 0.0104083 0.8700767
20.838960 9.1178436 -0.4007702 9.9545946 0.0196325 0.4931859 0.0093944 0.8696516
20.942580 9.2122355 -0.4045334 10.0117445 0.0194427 0.4946619 0.0073548 0.8688369
21.046320 9.3062506 -0.4084961 10.0677795 0.0193012 0.4961949 0.0057138 0.8679778
21.149940 9.4004498 -0.4125074 10.1231394 0.0181723 0.4973744 0.0052200 0.8673300
21.253550 9.4934530 -0.4162269 10.1761379 0.0181080 0.4984302 0.0065348 0.8667161
21.357170 9.5813274 -0.4195470 10.2302179 0.0182655 0.5005618 0.0060562 0.8654869
21.460820 9.6728725 -0.4233186 10.2833424 0.0178563 0.5020534 0.0051222 0.8646371
21.564620 9.7641783 -0.4270668 10.3359032 0.0162667 0.5035557 0.0051496 0.8637943
21.668140 9.8550730 -0.4307769 10.3879099 0.0148349 0.5052381 0.0043653 0.8628414
21.771790 9.9468994 -0.4342823 10.4399052 0.0144435 0.5067289 0.0041171 0.8619746
21.875360 10.0382166 -0.4375929 10.4915237 0.0148073 0.5083196 0.0042795 0.8610305
21.979040 10.1282139 -0.4411863 10.5418978 0.0144124 0.5097942 0.0044236 0.8601642
22.082650 10.2178955 -0.4443117 10.5913677 0.0143511 0.5113117 0.0045286 0.8592635
22.186210 10.3092709 -0.4476194 10.6414824 0.0137651 0.5126252 0.0029244 0.8584971
22.290250 10.3978901 -0.4518532 10.6906567 0.0126124 0.5143064 -0.0019127 0.8575116
22.393570 10.4886761 -0.4560085 10.7420301 0.0146462 0.5162045 -0.0076672 0.8563058
22.497250 10.5781155 -0.4616407 10.7900295 0.0191827 0.5177897 -0.0048573 0.8552790
22.600850 10.6691208 -0.4669967 10.8387156 0.0193946 0.5184252 -0.0003107 0.8549030
22.704440 10.7588644 -0.4708669 10.8867760 0.0143169 0.5197294 0.0019966 0.8542086
22.808100 10.8503141 -0.4735353 10.9342861 0.0094318 0.5210089 0.0020274 0.8534967
22.911770 10.9396038 -0.4758023 10.9809685 0.0062584 0.5227338 0.0002777 0.8524730
23.015390 11.0283232 -0.4778926 11.0286169 0.0061228 0.5245125 -0.0001094 0.8513807
23.119010 11.1198730 -0.4802063 11.0744467 0.0085580 0.5257779 0.0016458 0.8505772
23.222650 11.2106867 -0.4826881 11.1188021 0.0118864 0.5267547 0.0024954 0.8499306
23.326370 11.3004026 -0.4857642 11.1641827 0.0132421 0.5283670 0.0021811 0.8489100
23.430070 11.3893518 -0.4885785 11.2084455 0.0130956 0.5298091 0.0018839 0.8480138
23.533710 11.4788389 -0.4918650 11.2520418 0.0125431 0.5311740 0.0024917 0.8471662
23.637320 11.5677967 -0.4940757 11.2956476 0.0120997 0.5326855 0.0029947 0.8462215
23.741080 11.6571569 -0.4968870 11.3385324 0.0123420 0.5338375 0.0032881 0.8454906
23.844680 11.7455864 -0.4997082 11.3807058 0.0123446 0.5344460 0.0032018 0.8451064
23.948430 11.8356218 -0.5023012 11.4234762 0.0128808 0.5351765 0.0037754 0.8446336
24.052120 11.9244394 -0.5050293 11.4661770 0.0121749 0.5359581 0.0044531 0.8441451
24.155650 12.0070801 -0.5069033 11.5044823 0.0116308 0.5365382 0.0053716 0.8437788
24.259390 12.0922995 -0.5094389 11.5453482 0.0112215 0.5372080 0.0067583 0.8433481
24.363000 12.1764536 -0.5110202 11.5844374 0.0114239 0.5380064 0.0056308 0.8428445
24.466620 12.2576256 -0.5131830 11.6196222 0.0120295 0.5387735 0.0032906 0.8423583
24.570240 12.3437080 -0.5158398 11.6608295 0.0119102 0.5396981 0.0013717 0.8417732
24.673870 12.4215765 -0.5190485 11.6959906 0.0114839 0.5405708 0.0012093 0.8412193
24.777590 12.5026293 -0.5221144 11.7321777 0.0107414 0.5411353 0.0001090 0.8408669
24.881210 12.5819368 -0.5252686 11.7687120 0.0105361 0.5419444 -0.0008478 0.8403478
24.984880 12.6612444 -0.5279750 11.8045588 0.0102240 0.5427564 -0.0010846 0.8398272
25.088320 12.7426043 -0.5302434 11.8391752 0.0093703 0.5430068 -0.0003162 0.8396760
25.191950 12.8231573 -0.5329335 11.8758755 0.0085316 0.5431558 0.0018499 0.8395865
25.295560 12.9043818 -0.5347254 11.9130487 0.0071645 0.5430465 0.0048816 0.8396579
25.399160 12.9839096 -0.5359331 11.9503269 0.0063040 0.5427646 0.0075109 0.8398276
25.502780 13.0660973 -0.5371495 11.9878197 0.0057649 0.5422222 0.0045793 0.8402029
25.606390 13.1478977 -0.5392130 12.0249662 0.0058884 0.5419545 0.0002341 0.8403872
25.710010 13.2281275 -0.5412675 12.0625887 0.0050209 0.5413703 -0.0021639 0.8407665
25.813620 13.3074913 -0.5434389 12.0993700 0.0050780 0.5403219 -0.0031818 0.8414370
25.917260 13.3870697 -0.5454602 12.1364889 0.0053225 0.5392147 -0.0024788 0.8421479
26.020850 13.4668837 -0.5471657 12.1731319 0.0052986 0.5379890 -0.0020209 0.8429328
26.124480 13.5462618 -0.5490566 12.2100182 0.0061336 0.5370817 -0.0037797 0.8434995
26.228100 13.6269169 -0.5511319 12.2479162 0.0037973 0.5366589 -0.0068806 0.8437627
26.331730 13.7074585 -0.5535685 12.2846889 0.0010658 0.5367298 -0.0102085 0.8436917
26.435440 13.7879076 -0.5548807 12.3202734 -0.0003463 0.5366877 -0.0137901 0.8436682
26.642670 13.9485912 -0.5578585 12.3908472 -0.0003639 0.5367370 -0.0135848 0.8436401
26.849920 14.0978661 -0.5605551 12.4352283 -0.0024697 0.5353649 -0.0130872 0.8445159
27.057260 14.2510538 -0.5581694 12.4788933 -0.0013731 0.5343866 -0.0153898 0.8450990
27.264530 14.4150629 -0.5551780 12.5234299 -0.0003356 0.5326974 -0.0144834 0.8461818
27.471850 14.5668201 -0.5566008 12.5675745 -0.0004232 0.5315866 -0.0130905 0.8469027
27.679200 14.7206259 -0.5654432 12.6162910 -0.0013734 0.5307966 -0.0130396 0.8473978
28.404640 15.2215729 -0.5701011 12.8046913 -0.0025774 0.5317090 -0.0139609 0.8468081
28.611870 15.3317928 -0.5731809 12.8634720 -0.0023358 0.5334468 -0.0138426 0.8457171
28.819230 15.4441509 -0.5755064 12.9226885 -0.0039821 0.5352142 -0.0134363 0.8446001
29.026460 15.5558481 -0.5769151 12.9835663 -0.0043363 0.5369072 -0.0142174 0.8435104
29.233840 15.6661530 -0.5802782 13.0441809 -0.0037569 0.5389858 -0.0137053 0.8421949
29.441040 15.7763233 -0.5813648 13.1018658 -0.0038568 0.5406460 -0.0141968 0.8411216
29.648260 15.8904495 -0.5854112 13.1629438 -0.0042791 0.5428563 -0.0142730 0.8396934
29.855620 16.0070019 -0.5876328 13.2173090 -0.0052922 0.5439762 -0.0135260 0.8389749
30.062730 16.0930939 -0.5896751 13.2600451 -0.0044319 0.5449441 -0.0133804 0.8383539
30.166350 16.1199913 -0.5904742 13.2766171 -0.0045705 0.5456511 -0.0129119 0.8379005
30.373580 16.2063160 -0.5916235 13.3117952 -0.0047939 0.5459018 -0.0131001 0.8377330
30.580810 16.2977581 -0.5942901 13.3542795 -0.0054256 0.5470520 -0.0131045 0.8369785
30.788170 16.3704376 -0.5952110 13.3929214 -0.0066214 0.5485485 -0.0129761 0.8359918
30.995560 16.4573765 -0.5971774 13.4336147 -0.0051677 0.5498382 -0.0146926 0.8351259
31.202760 16.5387268 -0.5992869 13.4669476 -0.0055054 0.5502571 -0.0135787 0.8348666
31.410110 16.6157913 -0.6019311 13.5025568 -0.0060532 0.5515206 -0.0127666 0.8340416
31.513850 16.6468296 -0.6016470 13.5221672 -0.0057361 0.5526833 -0.0131686 0.8332676
31.721250 16.7294121 -0.6044804 13.5568266 -0.0053610 0.5533121 -0.0121489 0.8328682
32.135930 16.8638153 -0.6071320 13.6219425 -0.0061244 0.5563517 -0.0112890 0.8308476
32.343330 16.9548054 -0.6074408 13.6553869 -0.0071333 0.5561751 -0.0113574 0.8309569
32.447030 16.9955349 -0.6082370 13.6740837 -0.0076321 0.5565916 -0.0118990 0.8306659
32.550780 17.0320492 -0.6078822 13.6809826 -0.0072058 0.5561869 -0.0120673 0.8309383
32.965700 17.1867676 -0.6088092 13.7460003 -0.0066362 0.5570548 -0.0105737 0.8303819
33.172920 17.2581367 -0.6096462 13.7771034 -0.0059933 0.5577986 -0.0108653 0.8298836
33.380050 17.3211346 -0.6106220 13.8055801 -0.0062802 0.5578283 -0.0111470 0.8298578
33.587620 17.3851032 -0.6118283 13.8337727 -0.0070990 0.5582107 -0.0117636 0.8295854
33.794940 17.4474926 -0.6128376 13.8604956 -0.0069336 0.5592653 -0.0128450 0.8288602
34.002380 17.5094604 -0.6136112 13.8867826 -0.0073711 0.5596450 -0.0118442 0.8286150
34.209730 17.5544338 -0.6136993 13.9071655 -0.0077399 0.5603630 -0.0128676 0.8281110
34.417100 17.6024742 -0.6143516 13.9260578 -0.0058650 0.5606421 -0.0134968 0.8279275
34.624450 17.6622715 -0.6155113 13.9514036 -0.0061543 0.5613822 -0.0125668 0.8274384
34.831800 17.7171116 -0.6163212 13.9732609 -0.0067180 0.5620096 -0.0120411 0.8270158
35.039150 17.7677460 -0.6172873 13.9964905 -0.0063051 0.5624958 -0.0126845 0.8266788
35.246520 17.8164921 -0.6178497 14.0166845 -0.0065388 0.5625849 -0.0122247 0.8266233
35.454000 17.8677483 -0.6184529 14.0377951 -0.0070184 0.5628941 -0.0127195 0.8264014
35.661090 17.9167957 -0.6191381 14.0585985 -0.0064751 0.5634023 -0.0131269 0.8260530
35.868330 17.9541779 -0.6196176 14.0750885 -0.0068223 0.5635540 -0.0124794 0.8259568
36.075840 17.9875298 -0.6202354 14.0877600 -0.0055305 0.5637572 -0.0127640 0.8258234
36.283280 18.0151882 -0.6206567 14.1011076 -0.0058776 0.5631491 -0.0118815 0.8262490
36.490550 18.0461521 -0.6210009 14.1153440 -0.0064993 0.5637170 -0.0118975 0.8258567
36.697760 18.0797596 -0.6215791 14.1276112 -0.0064721 0.5633646 -0.0117497 0.8260995
36.905210 18.1089211 -0.6220676 14.1397047 -0.0056124 0.5631847 -0.0121256 0.8262230
37.112590 18.1381931 -0.6224480 14.1522875 -0.0057799 0.5639877 -0.0124363 0.8256693
37.319950 18.1679211 -0.6229289 14.1649284 -0.0060784 0.5649010 -0.0127620 0.8250376
37.527300 18.1984253 -0.6235349 14.1770897 -0.0060259 0.5655351 -0.0135486 0.8245909
37.734660 18.2295837 -0.6240504 14.1895227 -0.0062780 0.5664225 -0.0127680 0.8239921
37.942020 18.2604637 -0.6245496 14.2016916 -0.0065358 0.5670443 -0.0121616 0.8235716
38.149250 18.2916126 -0.6250491 14.2138891 -0.0058367 0.5674607 -0.0126837 0.8232821
38.356480 18.3230305 -0.6256267 14.2260075 -0.0050143 0.5672204 -0.0117517 0.8234669
38.563710 18.3536949 -0.6261735 14.2371473 -0.0045067 0.5670992 -0.0110338 0.8235633
38.771060 18.3839149 -0.6266341 14.2485714 -0.0044699 0.5670836 -0.0119344 0.8235617
38.978300 18.4136677 -0.6267849 14.2592297 -0.0044466 0.5666414 -0.0123184 0.8238605
39.185650 18.4442425 -0.6274725 14.2711897 -0.0053900 0.5666782 -0.0109620 0.8238487
39.392880 18.4745350 -0.6279358 14.2817602 -0.0046530 0.5660517 -0.0108066 0.8242858
39.600240 18.5038376 -0.6281912 14.2937012 -0.0038031 0.5657557 -0.0114529 0.8244846
39.807600 18.5328121 -0.6287056 14.3051701 -0.0030667 0.5655212 -0.0113582 0.8246499
40.118690 18.5757923 -0.6294744 14.3220644 -0.0038883 0.5653745 -0.0123788 0.8247323
40.325920 18.6056366 -0.6298890 14.3341246 -0.0028780 0.5650420 -0.0124562 0.8249632
40.637020 18.6482849 -0.6310205 14.3511772 -0.0033074 0.5651655 -0.0121289 0.8248817
41.362570 18.7468338 -0.6324593 14.3839874 -0.0021646 0.5644667 -0.0107878 0.8253826
41.569920 18.7760334 -0.6331676 14.3943958 -0.0004374 0.5641384 -0.0119102 0.8255942
41.777290 18.8056507 -0.6339706 14.4056559 -0.0006519 0.5635604 -0.0112089 0.8259985
41.984640 18.8336487 -0.6352335 14.4139442 -0.0015211 0.5625381 -0.0116525 0.8266878
42.192000 18.8622494 -0.6360928 14.4235096 -0.0016988 0.5617777 -0.0119798 0.8271998
42.399350 18.8913269 -0.6370503 14.4325762 -0.0016554 0.5609140 -0.0126487 0.8277758
42.813810 18.9487896 -0.6386437 14.4436502 -0.0024414 0.5588716 -0.0124322 0.8291574
43.021170 18.9699402 -0.6391436 14.4564924 -0.0023825 0.5601348 -0.0138503 0.8282823
43.332030 18.9948826 -0.6391755 14.4753275 -0.0018091 0.5630553 -0.0133733 0.8263090
43.539250 19.0210972 -0.6397740 14.4830523 -0.0022084 0.5632074 -0.0125756 0.8262169
44.368290 19.1067009 -0.6426584 14.5179338 -0.0012222 0.5630239 -0.0135063 0.8263294
44.679140 19.1379471 -0.6434038 14.5303850 -0.0008352 0.5614918 -0.0124463 0.8273883
44.990110 19.1684456 -0.6440505 14.5418863 -0.0016096 0.5595146 -0.0119631 0.8287326
45.197350 19.1889610 -0.6444789 14.5511713 -0.0020600 0.5590219 -0.0127247 0.8290527
45.715670 19.2401199 -0.6455893 14.5735369 -0.0031577 0.5591347 -0.0120258 0.8289836
45.923030 19.2603474 -0.6460550 14.5818939 -0.0040709 0.5596225 -0.0132528 0.8286317
46.752090 19.3408661 -0.6482034 14.6148224 -0.0050581 0.5589368 -0.0120578 0.8291072
46.959440 19.3607674 -0.6485499 14.6236315 -0.0059043 0.5589184 -0.0119639 0.8291154
48.410450 19.4868050 -0.6514873 14.6885328 -0.0063402 0.5542590 -0.0086428 0.8322752
48.617800 19.5080338 -0.6515343 14.6970968 -0.0070917 0.5538177 -0.0085538 0.8325638
48.825160 19.5260353 -0.6518555 14.7051859 -0.0069445 0.5534160 -0.0089886 0.8328276
49.032370 19.5404701 -0.6525139 14.7140856 -0.0075599 0.5533226 -0.0094815 0.8328788
49.239480 19.5583591 -0.6528386 14.7226343 -0.0062941 0.5532724 -0.0094551 0.8329229
49.446710 19.5779400 -0.6532101 14.7314339 -0.0074803 0.5534281 -0.0075784 0.8328289
50.897570 19.5967083 -0.6537629 14.7265701 -0.0080546 0.5390744 -0.0066931 0.8421930
51.105070 19.5962791 -0.6534432 14.7237749 -0.0068457 0.5354666 -0.0061757 0.8445061
52.141830 19.6021156 -0.6541879 14.7244539 -0.0105803 0.5313861 -0.0030800 0.8470581
53.385840 19.6091576 -0.6547547 14.7344265 -0.0095006 0.5359151 -0.0014334 0.8442172
56.391700 19.6345444 -0.6532646 14.7558136 -0.0124122 0.5351489 -0.0049540 0.8446520
57.117000 19.6445618 -0.6533171 14.7608061 -0.0097260 0.5349439 -0.0046648 0.8448187
57.945800 19.6558590 -0.6533672 14.7664013 -0.0085333 0.5318976 -0.0027837 0.8467611
58.153180 19.6586704 -0.6533350 14.7678585 -0.0108640 0.5315720 -0.0012398 0.8469425
59.812000 19.6815395 -0.6533130 14.7792959 -0.0082033 0.5241544 -0.0041686 0.8515735
59.915740 19.6829662 -0.6533214 14.7800293 -0.0079614 0.5236530 -0.0041918 0.8518841
60.019480 19.6843910 -0.6533285 14.7807741 -0.0078600 0.5233467 -0.0039305 0.8520746
60.123100 19.6858387 -0.6533334 14.7815065 -0.0079599 0.5229378 -0.0037510 0.8523254
60.330460 19.6887074 -0.6533438 14.7829847 -0.0089252 0.5224245 -0.0040667 0.8526291
60.434070 19.6901188 -0.6533448 14.7837238 -0.0091381 0.5224050 -0.0046641 0.8526357
60.641430 19.6929855 -0.6533496 14.7852058 -0.0097000 0.5226843 -0.0050335 0.8524563
60.848780 19.6958656 -0.6533548 14.7866659 -0.0089450 0.5225918 -0.0047221 0.8525230
61.056140 19.6987438 -0.6533668 14.7881517 -0.0089873 0.5227712 -0.0036149 0.8524180
61.263370 19.7016106 -0.6533672 14.7896280 -0.0079014 0.5227245 -0.0037032 0.8524570
61.470630 19.7045116 -0.6533681 14.7911205 -0.0087550 0.5229289 -0.0032839 0.8523250
61.677850 19.7074070 -0.6533810 14.7926035 -0.0064056 0.5224668 -0.0034022 0.8526288
61.885240 19.7103271 -0.6533783 14.7940969 -0.0076061 0.5220654 -0.0024421 0.8528680
62.092420 19.7132607 -0.6533797 14.7955828 -0.0096480 0.5217353 -0.0011949 0.8530520
62.300010 19.7161407 -0.6533660 14.7970810 -0.0097288 0.5215288 -0.0027589 0.8531737
62.507020 19.7190533 -0.6533694 14.7985744 -0.0093871 0.5210006 -0.0028753 0.8534998
62.714120 19.7219086 -0.6533701 14.8000660 -0.0083589 0.5202228 -0.0028167 0.8539850
62.921550 19.7248707 -0.6533921 14.8015661 -0.0077581 0.5193392 -0.0027938 0.8545284
63.128570 19.7274227 -0.6533569 14.8031120 -0.0079857 0.5188843 -0.0026156 0.8548032
63.542910 19.7323170 -0.6533782 14.8062267 -0.0088598 0.5180802 -0.0015505 0.8552848
63.750030 19.7361813 -0.6533500 14.8076916 -0.0074863 0.5159149 -0.0026867 0.8566029
63.957240 19.7390614 -0.6533641 14.8092279 -0.0059934 0.5143337 -0.0035088 0.8575620
64.164350 19.7419281 -0.6533879 14.8107719 -0.0062053 0.5130215 -0.0032758 0.8583471
64.371580 19.7447739 -0.6534138 14.8123302 -0.0066020 0.5122846 -0.0045214 0.8587785
64.578710 19.7476578 -0.6534237 14.8139172 -0.0054322 0.5118420 -0.0057291 0.8590434
64.785940 19.7505436 -0.6534556 14.8154898 -0.0048699 0.5111650 -0.0050692 0.8594539
64.993150 19.7533932 -0.6534865 14.8170509 -0.0052394 0.5106792 -0.0049146 0.8597413
65.200410 19.7562027 -0.6535098 14.8186398 -0.0064569 0.5101330 -0.0048864 0.8600574
65.407740 19.7590618 -0.6535190 14.8202229 -0.0075489 0.5093677 -0.0042497 0.8605054
65.614970 19.7619438 -0.6535466 14.8218451 -0.0060143 0.5089163 -0.0048097 0.8607816
65.822450 19.7648487 -0.6535682 14.8234701 -0.0010693 0.5080456 -0.0083534 0.8612890
66.029810 19.7677364 -0.6536287 14.8250751 -0.0011722 0.5072216 -0.0073780 0.8617833
66.237180 19.7706318 -0.6536624 14.8267231 -0.0031483 0.5069236 -0.0068491 0.8619580
66.444520 19.7735100 -0.6537097 14.8283463 -0.0044934 0.5064619 -0.0062045 0.8622283
66.651880 19.7764988 -0.6537586 14.8300209 -0.0039062 0.5061753 -0.0061899 0.8623995
66.859100 19.7793541 -0.6538112 14.8316526 -0.0026471 0.5055053 -0.0067257 0.8627932
67.066340 19.7823181 -0.6538790 14.8332701 -0.0024304 0.5046790 -0.0060270 0.8632826
67.273570 19.7852840 -0.6539255 14.8349295 -0.0029199 0.5041625 -0.0067113 0.8635778
67.480800 19.7881527 -0.6539658 14.8365984 -0.0022339 0.5037810 -0.0065235 0.8638039
67.687910 19.7910461 -0.6540226 14.8382616 -0.0007211 0.5033098 -0.0068654 0.8640784
67.895140 19.7939491 -0.6540852 14.8399200 -0.0008283 0.5027286 -0.0072735 0.8644133
68.102260 19.7968216 -0.6541104 14.8415756 -0.0009897 0.5021051 -0.0065920 0.8647809
68.309500 19.7997227 -0.6541778 14.8432474 -0.0005244 0.5013844 -0.0067526 0.8651981
68.516600 19.8026352 -0.6542478 14.8449459 -0.0003940 0.5011969 -0.0077868 0.8652982
68.723700 19.8055191 -0.6543183 14.8466368 0.0012660 0.5006164 -0.0092889 0.8656185
68.930920 19.8084164 -0.6544077 14.8483238 0.0004817 0.5003922 -0.0079209 0.8657625
69.138040 19.8113861 -0.6544707 14.8500319 0.0005873 0.4997120 -0.0083852 0.8661509
69.345250 19.8142471 -0.6545510 14.8517275 0.0017381 0.4993490 -0.0092954 0.8663493
69.552530 19.8166962 -0.6546875 14.8534470 0.0021228 0.4994037 -0.0087771 0.8663223
69.759720 19.8195152 -0.6548393 14.8551311 0.0013361 0.4989982 -0.0074919 0.8665696
70.070460 19.8236370 -0.6548766 14.8576231 0.0017630 0.4982884 -0.0090815 0.8669620
70.277680 19.8263779 -0.6549584 14.8592558 0.0016643 0.4977804 -0.0095280 0.8672492
70.588760 19.8309364 -0.6550974 14.8618402 0.0029840 0.4968105 -0.0096215 0.8678006
70.899760 19.8352356 -0.6552423 14.8643780 0.0044304 0.4953578 -0.0101863 0.8686181
71.210820 19.8394432 -0.6553651 14.8669405 0.0048347 0.4943601 -0.0121368 0.8691590
71.521800 19.8425903 -0.6554846 14.8688107 0.0041608 0.4939685 -0.0119924 0.8693871
71.832900 19.8467159 -0.6556226 14.8714743 0.0049451 0.4930008 -0.0110172 0.8699450
72.040250 19.8490124 -0.6557115 14.8728209 0.0054871 0.4921691 -0.0116167 0.8704048
72.351370 19.8525448 -0.6558360 14.8748713 0.0069212 0.4910746 -0.0129241 0.8709942
