0.625004 0.0000000 0.0000000 0.0000000 0.0000000 0.0000000 0.0000000 1.0000000
0.833252 -0.0005327 -0.0011740 0.0721540 0.0007514 -0.0001526 -0.0008893 0.9999993
0.937506 -0.0009117 -0.0019899 0.1079145 0.0017233 -0.0001247 -0.0021551 0.9999962
1.041630 -0.0011706 -0.0025897 0.1441616 0.0022654 0.0000068 -0.0038590 0.9999900
1.145875 -0.0014143 -0.0033268 0.1804298 0.0023170 0.0000883 -0.0050409 0.9999846
1.250003 -0.0014271 -0.0040932 0.2168361 0.0018718 0.0000695 -0.0055587 0.9999828
1.354255 -0.0014784 -0.0048233 0.2531743 0.0004379 0.0002346 -0.0041651 0.9999912
1.458401 -0.0015459 -0.0055660 0.2896449 -0.0005516 0.0003715 -0.0020423 0.9999977
1.562526 -0.0014661 -0.0062704 0.3258349 0.0005954 0.0000962 -0.0010022 0.9999993
1.666754 -0.0016081 -0.0068563 0.3621881 0.0017000 0.0001300 -0.0003826 0.9999985
1.771007 -0.0018417 -0.0075566 0.3990043 0.0024563 0.0004793 -0.0015227 0.9999957
1.875129 -0.0020748 -0.0083188 0.4356331 0.0013291 0.0008808 -0.0027656 0.9999949
1.979377 -0.0022730 -0.0088987 0.4728234 -0.0004129 0.0011879 -0.0031129 0.9999943
2.083502 -0.0024847 -0.0094398 0.5093911 -0.0013738 0.0015455 -0.0021529 0.9999955
2.187759 -0.0024726 -0.0098614 0.5462538 -0.0003115 0.0012708 0.0000190 0.9999992
2.291881 -0.0023327 -0.0105651 0.5834862 0.0007743 0.0011483 0.0001350 0.9999990
2.396132 -0.0022828 -0.0112653 0.6208115 0.0019877 0.0013945 0.0003839 0.9999970
2.500257 -0.0023975 -0.0120993 0.6580900 0.0023181 0.0016853 -0.0012396 0.9999951
2.604383 -0.0024687 -0.0128597 0.6952729 0.0034300 0.0019114 -0.0016876 0.9999909
2.708628 -0.0025084 -0.0137109 0.7326677 0.0031401 0.0018954 -0.0020433 0.9999912
2.812757 -0.0026184 -0.0145306 0.7700472 0.0025515 0.0018867 -0.0022038 0.9999925
2.916881 -0.0026470 -0.0153341 0.8078269 0.0017171 0.0016979 -0.0027929 0.9999932
3.021006 -0.0028226 -0.0159459 0.8453706 0.0017189 0.0016657 -0.0043217 0.9999878
3.125256 -0.0029822 -0.0167406 0.8832876 0.0018634 0.0018014 -0.0053135 0.9999825
3.229379 -0.0031674 -0.0175753 0.9207330 0.0016266 0.0018612 -0.0065685 0.9999754
3.333502 -0.0032329 -0.0184157 0.9585805 0.0015689 0.0015802 -0.0070758 0.9999725
3.437629 -0.0032075 -0.0191316 0.9966809 0.0016257 0.0013516 -0.0063821 0.9999774
3.541754 -0.0032860 -0.0199825 1.0344709 0.0018423 0.0009954 -0.0063869 0.9999774
3.645880 -0.0034830 -0.0208051 1.0726469 0.0017743 0.0005660 -0.0059453 0.9999806
3.854131 -0.0038553 -0.0222736 1.1486946 0.0013746 -0.0003902 -0.0064406 0.9999782
4.062383 -0.0040642 -0.0238730 1.2249713 0.0006683 -0.0016234 -0.0061464 0.9999796
4.270633 -0.0044200 -0.0251467 1.3018951 0.0002592 -0.0023411 -0.0048468 0.9999855
4.374756 -0.0048118 -0.0260717 1.3397028 0.0004608 -0.0023518 -0.0033339 0.9999915
4.583132 -0.0049899 -0.0275308 1.4165444 -0.0000583 -0.0023792 -0.0019860 0.9999952
4.791384 -0.0053478 -0.0291056 1.4929662 -0.0003073 -0.0020936 -0.0004578 0.9999977
4.999630 -0.0059739 -0.0308860 1.5692146 0.0002261 -0.0014582 0.0000290 0.9999989
5.207869 -0.0063276 -0.0324688 1.6451964 -0.0002771 -0.0009398 -0.0028000 0.9999956
5.416245 -0.0070191 -0.0337779 1.7207046 -0.0010928 -0.0001450 -0.0064814 0.9999784
5.520244 -0.0074666 -0.0343491 1.7587515 -0.0008383 0.0001753 -0.0087706 0.9999611
5.728633 -0.0080950 -0.0359190 1.8340342 -0.0006391 0.0008498 -0.0111199 0.9999376
5.936757 -0.0087917 -0.0373307 1.9086664 -0.0006701 0.0012532 -0.0108003 0.9999406
6.145012 -0.0090283 -0.0388323 1.9831134 -0.0002072 0.0009932 -0.0100487 0.9999490
6.353135 -0.0089615 -0.0399424 2.0570548 0.0000520 0.0004848 -0.0098430 0.9999514
6.561386 -0.0095458 -0.0413493 2.1305964 -0.0005616 -0.0002903 -0.0093947 0.9999557
6.769636 -0.0100180 -0.0425128 2.2042367 -0.0010658 -0.0014035 -0.0076068 0.9999695
6.977759 -0.0103968 -0.0440233 2.2779634 -0.0011561 -0.0021822 -0.0051926 0.9999834
7.186013 -0.0112133 -0.0453900 2.3511293 -0.0007008 -0.0023746 -0.0049354 0.9999847
7.394135 -0.0118973 -0.0466901 2.4240434 -0.0000177 -0.0022509 -0.0051712 0.9999841
7.602386 -0.0126386 -0.0481827 2.4961247 -0.0008465 -0.0019112 -0.0064866 0.9999768
7.810511 -0.0132403 -0.0495134 2.5681496 -0.0008927 -0.0018369 -0.0064854 0.9999769
7.914632 -0.0135633 -0.0502183 2.6039720 0.0002936 -0.0017776 -0.0064507 0.9999776
8.122760 -0.0136914 -0.0516583 2.6758223 0.0002598 -0.0020278 -0.0052288 0.9999843
8.331011 -0.0142472 -0.0530377 2.7471843 -0.0010919 -0.0013365 -0.0029724 0.9999941
8.539282 -0.0148691 -0.0541421 2.8178380 0.0009018 -0.0003543 -0.0038690 0.9999921
8.747509 -0.0153814 -0.0556101 2.8884335 0.0019492 0.0008990 -0.0063643 0.9999774
8.955763 -0.0159301 -0.0570633 2.9597147 -0.0000170 0.0023134 -0.0075826 0.9999686
9.164012 -0.0157688 -0.0583199 3.0312245 -0.0000266 0.0031444 -0.0071616 0.9999694
9.372259 -0.0156217 -0.0598103 3.1031094 0.0002002 0.0042581 -0.0090394 0.9999501
9.476392 -0.0156056 -0.0603166 3.1387978 0.0008198 0.0049005 -0.0096307 0.9999413
9.580513 -0.0154746 -0.0609840 3.1741638 0.0012527 0.0055017 -0.0103075 0.9999310
9.788784 -0.0151282 -0.0622270 3.2462108 0.0008965 0.0063679 -0.0096031 0.9999332
9.997010 -0.0145096 -0.0636690 3.3172979 0.0002423 0.0068676 -0.0084558 0.9999406
10.205260 -0.0140061 -0.0650317 3.3882318 -0.0002666 0.0068682 -0.0064225 0.9999558
10.309390 -0.0138336 -0.0656648 3.4238300 -0.0000852 0.0065883 -0.0057988 0.9999615
10.413390 -0.0134948 -0.0663487 3.4595795 -0.0000355 0.0059550 -0.0050585 0.9999695
10.517510 -0.0129949 -0.0670897 3.4954050 -0.0005655 0.0053046 -0.0044841 0.9999757
10.621640 -0.0128645 -0.0678732 3.5312021 -0.0007636 0.0047383 -0.0033894 0.9999827
10.829890 -0.0127138 -0.0688775 3.6022320 -0.0002987 0.0037245 -0.0032990 0.9999876
11.038140 -0.0124892 -0.0701742 3.6738298 0.0011153 0.0027244 -0.0022070 0.9999932
11.246390 -0.0117097 -0.0715408 3.7457335 0.0001292 0.0014286 0.0043307 0.9999896
11.454640 -0.0114942 -0.0728493 3.8169463 0.0011245 0.0001783 0.0093217 0.9999559
11.663020 -0.0117632 -0.0745812 3.8882842 0.0035788 0.0007930 0.0072252 0.9999672
11.871260 -0.0119278 -0.0762897 3.9598806 0.0018015 0.0016681 0.0088840 0.9999575
12.079640 -0.0116765 -0.0776774 4.0315056 -0.0001032 0.0019621 0.0131082 0.9999121
12.287890 -0.0116872 -0.0787998 4.1034079 -0.0002692 0.0025803 0.0129308 0.9999130
12.496260 -0.0114767 -0.0802197 4.1757627 0.0012311 0.0033524 0.0090257 0.9999529
12.704520 -0.0115136 -0.0815885 4.2478371 0.0009897 0.0040460 0.0066928 0.9999689
12.912790 -0.0112279 -0.0832138 4.3203516 0.0022531 0.0035579 0.0049497 0.9999789
13.121140 -0.0115880 -0.0845956 4.3932552 0.0045662 0.0032288 0.0001788 0.9999843
13.225270 -0.0116055 -0.0856098 4.4294953 0.0037906 0.0033520 -0.0020918 0.9999850
13.329390 -0.0117185 -0.0863717 4.4662333 0.0029328 0.0036370 -0.0036100 0.9999826
13.433520 -0.0117527 -0.0873184 4.5025826 0.0016064 0.0037742 -0.0039250 0.9999838
13.537640 -0.0116623 -0.0880310 4.5389924 0.0012532 0.0034084 -0.0025884 0.9999900
13.641770 -0.0114048 -0.0886958 4.5757556 0.0012903 0.0024634 -0.0014236 0.9999951
13.745910 -0.0113547 -0.0895485 4.6128316 0.0032974 0.0013413 -0.0011983 0.9999930
13.954150 -0.0118235 -0.0911134 4.6861973 0.0059095 0.0003237 -0.0044012 0.9999728
14.162520 -0.0126170 -0.0929149 4.7610235 0.0038212 0.0004722 -0.0071083 0.9999673
14.370770 -0.0130385 -0.0947831 4.8353763 0.0022829 0.0006835 -0.0074467 0.9999694
14.579010 -0.0129743 -0.0964730 4.9107041 0.0015841 0.0006349 -0.0050548 0.9999858
14.787290 -0.0127852 -0.0979593 4.9854007 0.0011152 0.0008217 -0.0022038 0.9999966
14.995520 -0.0123811 -0.0994467 5.0608640 0.0002357 0.0011609 0.0017480 0.9999978
15.203790 -0.0126797 -0.1009512 5.1362123 0.0050669 0.0014611 -0.0029982 0.9999816
15.412140 -0.0138365 -0.1027155 5.2130198 0.0031837 0.0028168 -0.0113030 0.9999271
15.620390 -0.0138126 -0.1042904 5.2892699 0.0017850 0.0030527 -0.0109248 0.9999341
15.724520 -0.0134137 -0.1051386 5.3278184 0.0017641 0.0022547 -0.0091155 0.9999543
15.828640 -0.0134655 -0.1058475 5.3662357 0.0021986 0.0018261 -0.0081199 0.9999629
15.932650 -0.0135159 -0.1067437 5.4046326 0.0023559 0.0015344 -0.0083710 0.9999610
16.036770 -0.0136571 -0.1074789 5.4433169 0.0023924 0.0014630 -0.0090284 0.9999553
16.140900 -0.0138894 -0.1084052 5.4818811 0.0017852 0.0015238 -0.0095904 0.9999512
16.245020 -0.0138756 -0.1091678 5.5206313 0.0020919 0.0012227 -0.0091234 0.9999554
16.349140 -0.0139192 -0.1100113 5.5593872 0.0025048 0.0009588 -0.0087069 0.9999585
16.453270 -0.0139560 -0.1108591 5.5982180 0.0026705 0.0008334 -0.0083039 0.9999616
16.557390 -0.0141264 -0.1116699 5.6371584 0.0026952 0.0006824 -0.0084842 0.9999601
16.661520 -0.0144763 -0.1124859 5.6760154 0.0028616 0.0006788 -0.0086776 0.9999580
16.765650 -0.0147548 -0.1134320 5.7151608 0.0028371 0.0005190 -0.0085831 0.9999590
16.973770 -0.0151570 -0.1153139 5.7938519 0.0028847 0.0002109 -0.0086374 0.9999585
17.077890 -0.0153035 -0.1159390 5.8336978 0.0030504 -0.0000387 -0.0088362 0.9999563
17.182030 -0.0155422 -0.1168870 5.8732958 0.0030555 -0.0000461 -0.0085474 0.9999588
17.286140 -0.0155199 -0.1177122 5.9129348 0.0032607 -0.0001376 -0.0078200 0.9999641
17.390270 -0.0157828 -0.1187367 5.9524918 0.0030817 -0.0000687 -0.0073514 0.9999682
17.598420 -0.0161154 -0.1205206 6.0319619 0.0026885 -0.0000078 -0.0068142 0.9999732
17.702520 -0.0166238 -0.1213744 6.0716467 0.0028048 0.0001247 -0.0072006 0.9999701
17.910650 -0.0172312 -0.1232870 6.1512561 0.0026908 0.0006117 -0.0081278 0.9999632
18.014770 -0.0169939 -0.1241974 6.1909986 0.0015660 0.0007114 -0.0082857 0.9999642
18.118900 -0.0171227 -0.1249339 6.2311144 0.0014869 0.0009982 -0.0084492 0.9999627
18.223020 -0.0171412 -0.1258992 6.2708163 0.0022165 0.0012287 -0.0083320 0.9999621
18.327020 -0.0173842 -0.1267644 6.3107381 0.0028829 0.0016315 -0.0084851 0.9999585
18.431150 -0.0173381 -0.1276620 6.3505449 0.0025726 0.0016453 -0.0088171 0.9999565
18.535360 -0.0173340 -0.1284420 6.3908176 0.0021821 0.0015497 -0.0087683 0.9999580
18.639420 -0.0172532 -0.1293713 6.4306989 0.0018886 0.0013811 -0.0089858 0.9999569
18.743480 -0.0174485 -0.1302311 6.4705491 0.0018850 0.0013401 -0.0091531 0.9999554
18.847540 -0.0177029 -0.1309661 6.5106554 0.0018434 0.0015803 -0.0099545 0.9999475
18.951650 -0.0178071 -0.1316798 6.5505257 0.0019610 0.0016685 -0.0104088 0.9999425
19.055650 -0.0177795 -0.1325621 6.5906196 0.0017714 0.0015955 -0.0105627 0.9999413
19.159650 -0.0177816 -0.1334533 6.6307163 0.0015645 0.0015918 -0.0097669 0.9999498
19.263770 -0.0178017 -0.1342791 6.6710958 0.0011673 0.0015346 -0.0087448 0.9999599
19.367870 -0.0176326 -0.1348608 6.7112045 0.0009958 0.0015022 -0.0076339 0.9999692
19.471780 -0.0172722 -0.1357696 6.7511716 0.0013171 0.0010949 -0.0069103 0.9999747
19.575900 -0.0174048 -0.1366025 6.7913666 0.0016442 0.0011073 -0.0062958 0.9999782
19.679910 -0.0171890 -0.1372215 6.8318620 0.0008870 0.0011940 -0.0056123 0.9999831
19.784020 -0.0172830 -0.1380685 6.8719296 0.0000016 0.0014100 -0.0044824 0.9999890
19.888070 -0.0172017 -0.1384233 6.9121289 0.0006545 0.0014407 -0.0042431 0.9999897
20.096150 -0.0174326 -0.1398337 6.9913445 0.0014516 0.0020697 -0.0050397 0.9999841
20.200150 -0.0175361 -0.1408124 7.0313072 0.0012875 0.0027321 -0.0058400 0.9999784
20.304270 -0.0176493 -0.1416291 7.0711269 0.0014968 0.0032507 -0.0068513 0.9999701
20.408270 -0.0173454 -0.1425156 7.1115737 0.0015229 0.0034278 -0.0073767 0.9999657
20.512310 -0.0173910 -0.1433658 7.1514740 0.0016000 0.0039742 -0.0076501 0.9999616
20.720420 -0.0168781 -0.1449244 7.2311916 0.0023933 0.0046977 -0.0075168 0.9999579
20.824520 -0.0166054 -0.1458484 7.2711496 0.0021903 0.0051316 -0.0074201 0.9999569
20.928690 -0.0161797 -0.1466315 7.3109741 0.0017428 0.0052694 -0.0070320 0.9999599
21.032780 -0.0156355 -0.1477247 7.3501234 0.0014802 0.0055108 -0.0065746 0.9999621
21.240880 -0.0143513 -0.1496716 7.4287066 0.0037254 0.0051493 -0.0055081 0.9999647
21.448900 -0.0137042 -0.1514397 7.5090456 0.0037170 0.0042289 -0.0049683 0.9999718
21.552900 -0.0135033 -0.1524402 7.5489011 0.0039794 0.0037606 -0.0051321 0.9999719
21.761020 -0.0131882 -0.1545109 7.6281672 0.0039250 0.0030959 -0.0050289 0.9999748
21.865030 -0.0130408 -0.1554299 7.6687574 0.0038386 0.0025951 -0.0047435 0.9999780
21.969150 -0.0127451 -0.1562250 7.7095399 0.0032995 0.0018833 -0.0045026 0.9999827
22.073170 -0.0128055 -0.1570458 7.7495427 0.0027156 0.0016400 -0.0053652 0.9999806
22.177150 -0.0128872 -0.1578436 7.7903380 0.0026798 0.0019765 -0.0054449 0.9999796
22.281150 -0.0127630 -0.1588487 7.8307667 0.0026962 0.0023359 -0.0055750 0.9999781
22.385270 -0.0125648 -0.1598204 7.8713799 0.0027385 0.0025210 -0.0049414 0.9999809
22.489270 -0.0125276 -0.1605759 7.9120445 0.0033459 0.0025385 -0.0039563 0.9999834
22.593280 -0.0124825 -0.1615794 7.9523120 0.0043325 0.0026418 -0.0029636 0.9999827
22.697420 -0.0124535 -0.1625888 7.9932742 0.0048192 0.0026307 -0.0028753 0.9999808
22.801400 -0.0125028 -0.1637416 8.0342188 0.0052501 0.0015157 -0.0029187 0.9999808
22.905400 -0.0125558 -0.1648763 8.0754805 0.0047695 0.0004367 -0.0033135 0.9999830
23.009400 -0.0127575 -0.1660000 8.1167927 0.0030741 0.0002308 -0.0039535 0.9999874
23.113490 -0.0127704 -0.1668091 8.1582813 0.0015588 0.0004853 -0.0030109 0.9999942
23.217420 -0.0127921 -0.1676221 8.1997623 0.0012656 0.0004689 -0.0027504 0.9999953
23.425400 -0.0128680 -0.1693205 8.2824211 0.0018274 0.0006861 -0.0015596 0.9999969
23.529550 -0.0129706 -0.1702022 8.3237305 0.0016939 0.0009050 -0.0016531 0.9999968
23.633550 -0.0130996 -0.1710123 8.3650999 0.0017001 0.0011447 -0.0015756 0.9999967
23.737530 -0.0133070 -0.1719641 8.4062576 0.0022780 0.0014963 -0.0025104 0.9999931
23.945650 -0.0134947 -0.1739261 8.4891386 0.0015600 0.0021899 -0.0022110 0.9999939
24.049650 -0.0133984 -0.1749055 8.5303936 0.0010723 0.0022636 -0.0016444 0.9999955
24.153670 -0.0132334 -0.1758371 8.5719128 0.0016241 0.0020884 -0.0009883 0.9999960
24.361780 -0.0134972 -0.1776487 8.6540375 0.0025611 0.0020253 -0.0024901 0.9999915
24.465780 -0.0136348 -0.1786340 8.6949883 0.0040980 0.0017362 -0.0035052 0.9999840
24.569780 -0.0137415 -0.1797084 8.7361135 0.0038048 0.0013360 -0.0041839 0.9999831
24.673900 -0.0139384 -0.1806829 8.7772036 0.0019933 0.0009139 -0.0044224 0.9999878
24.882030 -0.0143009 -0.1822323 8.8591900 0.0012998 -0.0003252 -0.0051549 0.9999858
25.090170 -0.0146581 -0.1841286 8.9403505 0.0013803 -0.0021728 -0.0042443 0.9999877
25.194150 -0.0150615 -0.1850718 8.9811783 0.0010260 -0.0025246 -0.0033959 0.9999905
25.298280 -0.0151960 -0.1858498 9.0218849 0.0014620 -0.0028928 -0.0031103 0.9999899
25.506530 -0.0162332 -0.1877518 9.1032209 0.0019360 -0.0029297 -0.0029605 0.9999894
25.714650 -0.0170129 -0.1895594 9.1847486 0.0022827 -0.0028897 -0.0022628 0.9999906
25.818650 -0.0173762 -0.1905934 9.2251244 0.0024729 -0.0029311 -0.0021752 0.9999903
25.922780 -0.0176948 -0.1915130 9.2659273 0.0024143 -0.0029932 -0.0019171 0.9999908
26.026980 -0.0182019 -0.1924676 9.3064003 0.0028156 -0.0028411 -0.0021036 0.9999898
26.130900 -0.0185399 -0.1933546 9.3470020 0.0035610 -0.0029230 -0.0013887 0.9999884
26.235050 -0.0189194 -0.1942537 9.3874521 0.0026676 -0.0029182 -0.0007649 0.9999919
26.339150 -0.0193008 -0.1952992 9.4283886 0.0021143 -0.0029335 0.0003307 0.9999934
26.547800 -0.0201320 -0.1970712 9.5096579 0.0029186 -0.0026717 -0.0002469 0.9999921
26.651410 -0.0204859 -0.1978466 9.5506153 0.0026556 -0.0025661 -0.0009488 0.9999927
26.757930 -0.0208622 -0.1988235 9.5912266 0.0020647 -0.0024173 -0.0017176 0.9999934
26.862580 -0.0213346 -0.1998057 9.6321974 0.0020769 -0.0021433 -0.0015641 0.9999943
26.963660 -0.0217715 -0.2005965 9.6730385 0.0025812 -0.0019560 -0.0016409 0.9999934
27.171920 -0.0223996 -0.2022395 9.7550936 0.0030257 -0.0017005 -0.0023582 0.9999912
27.276060 -0.0229061 -0.2031958 9.7963667 0.0028974 -0.0014072 -0.0029968 0.9999903
27.380140 -0.0233830 -0.2040364 9.8376989 0.0027106 -0.0012259 -0.0038220 0.9999883
27.484700 -0.0236387 -0.2051236 9.8788767 0.0028554 -0.0010708 -0.0043055 0.9999861
27.588410 -0.0238691 -0.2060234 9.9201880 0.0032706 -0.0009684 -0.0050869 0.9999812
27.692530 -0.0241458 -0.2068782 9.9608088 0.0033869 -0.0007612 -0.0053795 0.9999795
27.796540 -0.0241927 -0.2077212 10.0024691 0.0029206 -0.0007657 -0.0058791 0.9999782
27.900670 -0.0242554 -0.2085993 10.0438585 0.0028414 -0.0007493 -0.0063437 0.9999756
28.005230 -0.0245345 -0.2096204 10.0854511 0.0030596 -0.0006616 -0.0067958 0.9999720
28.108940 -0.0250236 -0.2103386 10.1267090 0.0032188 -0.0001895 -0.0072792 0.9999683
