0.520755 0.0000000 0.0000000 0.0000000 0.0000000 0.0000000 0.0000000 1.0000000
0.625004 -0.0000557 -0.0005270 0.0375910 -0.0004518 0.0000617 0.0006273 0.9999997
0.729128 -0.0000909 -0.0011886 0.0750719 -0.0007547 -0.0001201 0.0004296 0.9999996
0.833252 -0.0001539 -0.0017713 0.1129805 0.0001789 -0.0003533 0.0001946 0.9999999
0.937506 -0.0004456 -0.0024385 0.1501562 0.0012352 -0.0003362 -0.0011167 0.9999986
1.041630 -0.0006275 -0.0031009 0.1881401 0.0017108 -0.0003884 -0.0029332 0.9999942
1.250003 -0.0012148 -0.0045798 0.2634163 0.0012973 -0.0001520 -0.0045051 0.9999890
1.354255 -0.0012565 -0.0051793 0.3015414 -0.0000051 0.0000057 -0.0032186 0.9999948
1.458401 -0.0011606 -0.0059134 0.3394201 -0.0010145 0.0000061 -0.0011667 0.9999988
1.562526 -0.0012817 -0.0066137 0.3771797 0.0001699 -0.0000957 -0.0001194 1.0000000
1.666754 -0.0014401 -0.0070938 0.4152469 0.0012736 -0.0000969 0.0003569 0.9999991
1.771007 -0.0015057 -0.0078077 0.4537860 0.0021041 0.0001026 -0.0007065 0.9999976
1.875129 -0.0019461 -0.0085956 0.4919700 0.0009457 0.0006431 -0.0019592 0.9999974
1.979377 -0.0021668 -0.0091410 0.5306962 -0.0007913 0.0009630 -0.0022428 0.9999967
2.083502 -0.0021963 -0.0096306 0.5689393 -0.0016478 0.0010936 -0.0012993 0.9999972
2.187759 -0.0022407 -0.0101758 0.6074156 -0.0007899 0.0009833 0.0008335 0.9999989
2.291881 -0.0019938 -0.0108701 0.6462974 0.0003182 0.0007943 0.0010905 0.9999990
2.396132 -0.0021128 -0.0115491 0.6848996 0.0015684 0.0011296 0.0012045 0.9999974
2.500257 -0.0022648 -0.0122889 0.7237876 0.0019573 0.0014464 -0.0004492 0.9999970
2.604383 -0.0024308 -0.0131004 0.7624711 0.0029851 0.0016491 -0.0009718 0.9999937
2.708628 -0.0024313 -0.0139852 0.8014113 0.0026990 0.0016446 -0.0012225 0.9999943
2.812757 -0.0025860 -0.0147815 0.8403350 0.0021291 0.0016443 -0.0012500 0.9999956
2.916881 -0.0026364 -0.0155476 0.8798909 0.0013350 0.0014046 -0.0018096 0.9999965
3.021006 -0.0027808 -0.0162505 0.9189315 0.0012282 0.0014175 -0.0033634 0.9999926
3.125256 -0.0029365 -0.0169911 0.9583977 0.0013827 0.0015662 -0.0044957 0.9999877
3.333502 -0.0033727 -0.0185664 1.0367721 0.0011513 0.0013794 -0.0060908 0.9999799
3.541754 -0.0035201 -0.0203952 1.1155274 0.0013271 0.0009431 -0.0053221 0.9999845
3.750007 -0.0038589 -0.0217618 1.1948413 0.0006897 -0.0000681 -0.0049947 0.9999873
3.854131 -0.0041111 -0.0225407 1.2341881 0.0008341 -0.0005186 -0.0053708 0.9999851
3.958276 -0.0041849 -0.0232270 1.2742261 0.0005503 -0.0012302 -0.0051691 0.9999858
4.062383 -0.0044133 -0.0239499 1.3140965 0.0001622 -0.0017885 -0.0052350 0.9999847
4.270633 -0.0049131 -0.0253302 1.3942642 -0.0003154 -0.0024578 -0.0037601 0.9999899
4.478884 -0.0055301 -0.0269847 1.4736867 -0.0003380 -0.0026739 -0.0018815 0.9999946
4.583132 -0.0059189 -0.0276780 1.5134765 -0.0006030 -0.0023573 -0.0014883 0.9999959
4.687259 -0.0062260 -0.0283137 1.5531681 -0.0008930 -0.0021705 -0.0007325 0.9999970
4.895505 -0.0063842 -0.0298637 1.6322474 -0.0002854 -0.0018872 0.0008264 0.9999979
4.999630 -0.0067326 -0.0307586 1.6717008 -0.0001831 -0.0015529 0.0004016 0.9999987
5.103758 -0.0070693 -0.0315171 1.7110053 -0.0000441 -0.0011906 -0.0004558 0.9999992
5.207869 -0.0073369 -0.0323303 1.7500718 -0.0007042 -0.0008691 -0.0022340 0.9999969
5.416245 -0.0081519 -0.0336095 1.8285940 -0.0014889 -0.0001018 -0.0058114 0.9999820
5.624505 -0.0088627 -0.0348506 1.9071275 -0.0010670 0.0005063 -0.0097074 0.9999522
5.832639 -0.0095137 -0.0362323 1.9847646 -0.0011778 0.0010550 -0.0105514 0.9999431
6.040889 -0.0095747 -0.0375310 2.0621796 -0.0006431 0.0009766 -0.0092892 0.9999562
6.145012 -0.0097213 -0.0383022 2.1008816 -0.0005785 0.0008364 -0.0093393 0.9999559
6.249010 -0.0098839 -0.0389632 2.1388566 -0.0005863 0.0007358 -0.0093064 0.9999563
6.457260 -0.0101042 -0.0402869 2.2156210 -0.0004556 0.0000578 -0.0093607 0.9999561
6.561386 -0.0103316 -0.0409573 2.2542272 -0.0009323 -0.0004727 -0.0089095 0.9999598
6.665511 -0.0106527 -0.0414799 2.2921956 -0.0012809 -0.0009163 -0.0079278 0.9999673
6.873636 -0.0110802 -0.0428665 2.3681986 -0.0016882 -0.0019270 -0.0055787 0.9999812
7.081885 -0.0116999 -0.0441602 2.4444859 -0.0012683 -0.0024196 -0.0043140 0.9999869
7.290011 -0.0123732 -0.0456667 2.5202866 -0.0007013 -0.0024777 -0.0047098 0.9999856
7.498256 -0.0132998 -0.0471008 2.5954368 -0.0004302 -0.0021717 -0.0059879 0.9999796
7.706383 -0.0141612 -0.0484714 2.6703708 -0.0017821 -0.0019421 -0.0070394 0.9999717
7.914632 -0.0145492 -0.0499279 2.7457366 0.0000105 -0.0020380 -0.0065682 0.9999763
8.122760 -0.0150795 -0.0513176 2.8205509 -0.0000335 -0.0021096 -0.0048845 0.9999858
8.331011 -0.0154316 -0.0524615 2.8954663 -0.0012113 -0.0015554 -0.0030324 0.9999934
8.539282 -0.0159699 -0.0536684 2.9691675 0.0007919 -0.0007721 -0.0038176 0.9999921
8.747509 -0.0166917 -0.0552374 3.0429955 0.0017981 0.0006171 -0.0063759 0.9999779
8.955763 -0.0169199 -0.0566618 3.1181629 -0.0002729 0.0017473 -0.0070927 0.9999733
9.164012 -0.0168949 -0.0577681 3.1922729 -0.0001918 0.0025844 -0.0068581 0.9999731
9.372259 -0.0169946 -0.0591609 3.2663162 0.0002012 0.0038805 -0.0088705 0.9999531
9.580513 -0.0167153 -0.0605742 3.3405471 0.0010537 0.0049282 -0.0099568 0.9999377
9.684640 -0.0163345 -0.0612389 3.3778682 0.0011692 0.0052798 -0.0091969 0.9999431
9.788784 -0.0162287 -0.0618702 3.4150758 0.0006969 0.0057626 -0.0091953 0.9999409
9.892888 -0.0160165 -0.0624840 3.4522295 0.0003844 0.0062373 -0.0085498 0.9999439
10.101140 -0.0153995 -0.0639870 3.5262282 0.0000411 0.0063590 -0.0071557 0.9999542
10.205260 -0.0149453 -0.0646908 3.5632777 -0.0003635 0.0061581 -0.0062523 0.9999614
10.413390 -0.0145270 -0.0658345 3.6371477 -0.0000382 0.0052941 -0.0047048 0.9999749
10.621640 -0.0139219 -0.0671633 3.7113469 -0.0004751 0.0041000 -0.0033352 0.9999859
10.829890 -0.0138173 -0.0685527 3.7846813 -0.0003495 0.0030009 -0.0028973 0.9999912
11.038140 -0.0136914 -0.0698855 3.8585100 0.0011074 0.0019458 -0.0019814 0.9999955
11.246390 -0.0131642 -0.0711707 3.9328141 0.0002305 0.0007591 0.0044821 0.9999896
11.454640 -0.0129437 -0.0725044 4.0066996 0.0012646 -0.0005500 0.0094742 0.9999542
11.663020 -0.0133443 -0.0743585 4.0802264 0.0037289 0.0001179 0.0073040 0.9999664
11.871260 -0.0134030 -0.0761286 4.1537981 0.0019559 0.0008344 0.0090209 0.9999570
12.079640 -0.0132019 -0.0775614 4.2274761 0.0000734 0.0011283 0.0132921 0.9999110
12.183770 -0.0130081 -0.0782203 4.2646208 0.0000897 0.0010862 0.0142628 0.9998977
12.287890 -0.0131698 -0.0788956 4.3012304 -0.0002572 0.0016649 0.0132340 0.9999110
12.496260 -0.0132138 -0.0802353 4.3752689 0.0013416 0.0025163 0.0092317 0.9999533
12.704520 -0.0133135 -0.0816213 4.4493632 0.0011081 0.0031792 0.0068231 0.9999710
12.912790 -0.0131575 -0.0831921 4.5241604 0.0025008 0.0027392 0.0049706 0.9999807
13.121140 -0.0134500 -0.0847884 4.5988150 0.0046791 0.0023020 0.0002372 0.9999864
13.329390 -0.0137970 -0.0865931 4.6735716 0.0029846 0.0027264 -0.0033386 0.9999862
13.433520 -0.0139215 -0.0873265 4.7107100 0.0019927 0.0029231 -0.0039713 0.9999859
13.641770 -0.0135077 -0.0887614 4.7856178 0.0015601 0.0014635 -0.0011659 0.9999970
13.850020 -0.0135561 -0.0905826 4.8605943 0.0056860 -0.0004424 -0.0017317 0.9999822
13.954150 -0.0140232 -0.0917273 4.8981757 0.0060078 -0.0006504 -0.0044765 0.9999717
14.162520 -0.0146542 -0.0937394 4.9737902 0.0038227 -0.0006337 -0.0072625 0.9999661
14.370770 -0.0150706 -0.0954326 5.0489073 0.0023698 -0.0004550 -0.0071770 0.9999713
14.579010 -0.0151389 -0.0971344 5.1252327 0.0016895 -0.0005459 -0.0048802 0.9999865
14.683140 -0.0153389 -0.0979857 5.1632957 0.0017274 -0.0003911 -0.0036148 0.9999919
14.891390 -0.0151052 -0.0992739 5.2394943 0.0004093 -0.0001053 0.0002331 0.9999999
15.099640 -0.0151650 -0.1008060 5.3161359 0.0026603 0.0002151 0.0005950 0.9999962
15.308020 -0.0161869 -0.1027197 5.3928366 0.0050959 0.0010647 -0.0073681 0.9999593
15.516270 -0.0169175 -0.1043307 5.4700284 0.0023256 0.0022991 -0.0118266 0.9999247
15.724520 -0.0168854 -0.1059965 5.5479431 0.0020651 0.0014315 -0.0092612 0.9999539
15.828640 -0.0168133 -0.1067911 5.5868807 0.0024371 0.0009095 -0.0082043 0.9999630
15.932650 -0.0170623 -0.1076397 5.6258464 0.0026498 0.0006709 -0.0085044 0.9999601
16.036770 -0.0171780 -0.1085192 5.6651769 0.0025527 0.0005723 -0.0090599 0.9999555
16.140900 -0.0174227 -0.1094906 5.7043557 0.0019357 0.0005854 -0.0096508 0.9999514
16.245020 -0.0175449 -0.1102918 5.7437582 0.0022472 0.0003535 -0.0092913 0.9999542
16.349140 -0.0175407 -0.1111526 5.7833409 0.0026855 0.0000463 -0.0088131 0.9999576
16.557390 -0.0177810 -0.1129492 5.8618822 0.0029174 -0.0002949 -0.0087382 0.9999575
16.661520 -0.0181415 -0.1138034 5.9015307 0.0029650 -0.0003844 -0.0087679 0.9999571
16.765650 -0.0183272 -0.1147676 5.9416003 0.0029641 -0.0006253 -0.0086315 0.9999582
16.973770 -0.0188745 -0.1167220 6.0213723 0.0030142 -0.0009107 -0.0087389 0.9999568
17.077890 -0.0193183 -0.1174879 6.0613756 0.0030982 -0.0010512 -0.0088786 0.9999552
17.182030 -0.0196018 -0.1184067 6.1014123 0.0031378 -0.0010297 -0.0085798 0.9999577
17.286140 -0.0195351 -0.1192559 6.1416531 0.0032737 -0.0011916 -0.0078030 0.9999635
17.494400 -0.0203367 -0.1213520 6.2224054 0.0025762 -0.0009709 -0.0067696 0.9999733
17.598420 -0.0207727 -0.1222899 6.2622132 0.0025300 -0.0009595 -0.0067576 0.9999735
17.702520 -0.0213025 -0.1230902 6.3026490 0.0027105 -0.0007397 -0.0071860 0.9999703
17.806640 -0.0214947 -0.1239935 6.3431835 0.0030462 -0.0007537 -0.0075321 0.9999667
18.014770 -0.0218865 -0.1259389 6.4239306 0.0015250 -0.0001168 -0.0084064 0.9999635
18.118900 -0.0221087 -0.1266591 6.4643455 0.0014503 0.0002008 -0.0086337 0.9999617
18.223020 -0.0221089 -0.1276707 6.5047641 0.0021244 0.0003676 -0.0085786 0.9999609
18.327020 -0.0222126 -0.1285393 6.5454197 0.0027899 0.0005483 -0.0086399 0.9999586
18.431150 -0.0223269 -0.1294637 6.5860276 0.0025490 0.0006508 -0.0089341 0.9999566
18.535360 -0.0223575 -0.1303041 6.6269846 0.0020753 0.0005383 -0.0088652 0.9999584
18.743480 -0.0229212 -0.1321611 6.7079840 0.0017537 0.0004841 -0.0092358 0.9999557
18.951650 -0.0232229 -0.1339898 6.7896004 0.0015694 0.0007054 -0.0103779 0.9999447
19.055650 -0.0233624 -0.1349671 6.8303127 0.0012442 0.0006736 -0.0104591 0.9999443
19.159650 -0.0232942 -0.1356139 6.8717237 0.0012650 0.0005264 -0.0097737 0.9999513
19.263770 -0.0233156 -0.1365024 6.9130015 0.0007636 0.0003676 -0.0086321 0.9999624
19.367870 -0.0232510 -0.1370566 6.9538245 0.0005443 0.0003705 -0.0076170 0.9999708
19.471780 -0.0230881 -0.1377264 6.9946380 0.0011298 0.0000616 -0.0069366 0.9999753
19.575900 -0.0230870 -0.1386686 7.0357738 0.0013480 -0.0001130 -0.0062052 0.9999799
19.679910 -0.0229640 -0.1394277 7.0770245 0.0004741 -0.0000543 -0.0054586 0.9999850
19.784020 -0.0233503 -0.1401922 7.1177483 -0.0003519 0.0002800 -0.0044266 0.9999901
19.888070 -0.0233344 -0.1405147 7.1585331 0.0003379 0.0003048 -0.0044002 0.9999902
19.992130 -0.0236351 -0.1411917 7.1990829 0.0009186 0.0006968 -0.0042102 0.9999905
20.096150 -0.0236868 -0.1418760 7.2400570 0.0011541 0.0009288 -0.0048755 0.9999870
20.200150 -0.0238146 -0.1427993 7.2811117 0.0010518 0.0015197 -0.0056505 0.9999823
20.304270 -0.0239360 -0.1435582 7.3217340 0.0012511 0.0019206 -0.0066554 0.9999752
20.408270 -0.0238260 -0.1444334 7.3630133 0.0012845 0.0022239 -0.0069589 0.9999725
20.512310 -0.0238714 -0.1452802 7.4037871 0.0013272 0.0027297 -0.0072852 0.9999688
20.616400 -0.0238176 -0.1461288 7.4443169 0.0016637 0.0031178 -0.0074381 0.9999661
20.720420 -0.0238432 -0.1469357 7.4849305 0.0020655 0.0036975 -0.0070566 0.9999661
20.928690 -0.0233077 -0.1487611 7.5670609 0.0014045 0.0042037 -0.0065780 0.9999685
21.032780 -0.0230544 -0.1497166 7.6078434 0.0011610 0.0045680 -0.0058870 0.9999716
21.136780 -0.0227439 -0.1505619 7.6484942 0.0024322 0.0044323 -0.0056788 0.9999711
21.240880 -0.0225784 -0.1515009 7.6894298 0.0035480 0.0043966 -0.0051610 0.9999707
21.344920 -0.0222094 -0.1524366 7.7309227 0.0036153 0.0038514 -0.0056064 0.9999703
21.448900 -0.0220159 -0.1533973 7.7720551 0.0034846 0.0033291 -0.0046015 0.9999778
21.552900 -0.0219346 -0.1543294 7.8131642 0.0039036 0.0029404 -0.0048252 0.9999764
21.657020 -0.0216475 -0.1552824 7.8544698 0.0041221 0.0023810 -0.0048976 0.9999767
21.761020 -0.0215195 -0.1563969 7.8960357 0.0038990 0.0019189 -0.0046827 0.9999796
21.969150 -0.0212677 -0.1582373 7.9791265 0.0031724 0.0008630 -0.0041457 0.9999860
22.177150 -0.0213445 -0.1598662 8.0626869 0.0024120 0.0008086 -0.0047552 0.9999855
22.281150 -0.0216730 -0.1608439 8.1041279 0.0024918 0.0014573 -0.0051201 0.9999827
22.385270 -0.0213912 -0.1615633 8.1460581 0.0026771 0.0015266 -0.0043714 0.9999857
22.489270 -0.0215308 -0.1622843 8.1884594 0.0033387 0.0015932 -0.0035484 0.9999868
22.697420 -0.0212472 -0.1647105 8.2725573 0.0045292 0.0015255 -0.0023664 0.9999858
22.801400 -0.0214664 -0.1657679 8.3147182 0.0050920 0.0005877 -0.0025987 0.9999835
22.905400 -0.0215084 -0.1667152 8.3574858 0.0047518 -0.0006061 -0.0031391 0.9999836
23.009400 -0.0217434 -0.1679831 8.3999577 0.0029348 -0.0007644 -0.0038104 0.9999881
23.113490 -0.0218835 -0.1687776 8.4427404 0.0014626 -0.0004801 -0.0028361 0.9999948
23.217420 -0.0220744 -0.1695745 8.4856243 0.0011480 -0.0004154 -0.0025498 0.9999960
23.321400 -0.0221955 -0.1704384 8.5282688 0.0016955 -0.0002756 -0.0018375 0.9999968
23.425400 -0.0221910 -0.1712961 8.5710239 0.0017379 -0.0002233 -0.0012829 0.9999976
23.529550 -0.0224111 -0.1722554 8.6137648 0.0015248 -0.0000152 -0.0012988 0.9999980
23.633550 -0.0226150 -0.1730714 8.6565304 0.0015758 0.0002381 -0.0013998 0.9999977
23.737530 -0.0227263 -0.1740555 8.6992168 0.0020563 0.0005346 -0.0020329 0.9999956
23.841660 -0.0229347 -0.1751326 8.7421417 0.0022648 0.0008213 -0.0024309 0.9999942
23.945650 -0.0229462 -0.1760792 8.7853308 0.0013233 0.0011560 -0.0017535 0.9999969
24.049650 -0.0229408 -0.1769038 8.8280258 0.0009673 0.0012016 -0.0012596 0.9999980
24.153670 -0.0228982 -0.1778926 8.8708010 0.0014329 0.0011329 -0.0004341 0.9999982
24.257780 -0.0229297 -0.1789360 8.9133062 0.0012807 0.0010903 -0.0012061 0.9999979
24.361780 -0.0233137 -0.1797644 8.9558144 0.0024820 0.0010728 -0.0023244 0.9999936
24.465780 -0.0235047 -0.1807640 8.9982996 0.0039284 0.0007874 -0.0030667 0.9999872
24.569780 -0.0237614 -0.1816883 9.0407400 0.0037360 0.0003877 -0.0039092 0.9999853
24.777900 -0.0242781 -0.1836393 9.1256018 0.0005686 -0.0005763 -0.0048191 0.9999881
24.882030 -0.0246117 -0.1845067 9.1678762 0.0012137 -0.0012393 -0.0050826 0.9999856
24.986020 -0.0248567 -0.1853744 9.2097425 0.0019456 -0.0020719 -0.0046549 0.9999851
25.194150 -0.0256094 -0.1871607 9.2942877 0.0010152 -0.0034372 -0.0032760 0.9999882
25.402400 -0.0267674 -0.1889694 9.3790073 0.0018893 -0.0036247 -0.0028152 0.9999877
25.610540 -0.0273474 -0.1909959 9.4634886 0.0019652 -0.0040163 -0.0025278 0.9999868
25.818650 -0.0283380 -0.1930301 9.5472631 0.0024158 -0.0039710 -0.0021184 0.9999869
25.922780 -0.0288544 -0.1938510 9.5895214 0.0025018 -0.0039477 -0.0019625 0.9999871
26.130900 -0.0297656 -0.1958611 9.6736746 0.0034638 -0.0039641 -0.0011527 0.9999855
26.339150 -0.0306136 -0.1978109 9.7579231 0.0021626 -0.0039808 0.0004027 0.9999896
26.443290 -0.0310521 -0.1985457 9.8002958 0.0027059 -0.0039908 0.0006079 0.9999882
26.547800 -0.0315362 -0.1995574 9.8427258 0.0030097 -0.0039553 0.0001573 0.9999876
26.651410 -0.0319433 -0.2005495 9.8852072 0.0025211 -0.0038769 -0.0005942 0.9999892
26.757930 -0.0324118 -0.2014983 9.9274330 0.0020513 -0.0037427 -0.0011553 0.9999902
26.963660 -0.0332913 -0.2034040 10.0129633 0.0026063 -0.0035280 -0.0011776 0.9999897
27.067820 -0.0337424 -0.2043109 10.0556345 0.0027576 -0.0034565 -0.0013794 0.9999893
27.171920 -0.0342262 -0.2051594 10.0981045 0.0029698 -0.0032263 -0.0016643 0.9999890
27.276060 -0.0347329 -0.2061029 10.1408396 0.0028604 -0.0031597 -0.0022614 0.9999884
27.380140 -0.0351811 -0.2070626 10.1838951 0.0026473 -0.0030813 -0.0031674 0.9999867
27.484700 -0.0356080 -0.2080607 10.2267542 0.0029513 -0.0028597 -0.0035568 0.9999852
27.588410 -0.0361335 -0.2090219 10.2698507 0.0033733 -0.0026193 -0.0044274 0.9999810
27.692530 -0.0363941 -0.2098918 10.3122072 0.0035288 -0.0026260 -0.0046053 0.9999797
27.796540 -0.0366126 -0.2108045 10.3554249 0.0030957 -0.0026911 -0.0051987 0.9999781
27.900670 -0.0369431 -0.2118294 10.3983374 0.0028882 -0.0026146 -0.0057887 0.9999757
28.005230 -0.0374562 -0.2127661 10.4415083 0.0032499 -0.0025420 -0.0063746 0.9999712
28.108940 -0.0378978 -0.2135787 10.4843893 0.0033795 -0.0023452 -0.0067487 0.9999688
