0.208254 0.0000000 0.0000000 0.0000000 0.0000000 0.0000000 0.0000000 1.0000000
0.416625 -0.0000284 -0.0009951 0.0599740 0.0004857 -0.0002617 0.0008573 0.9999995
0.520755 0.0000116 -0.0014193 0.0894378 0.0001276 -0.0002867 0.0010992 0.9999993
0.729128 -0.0001779 -0.0024764 0.1492982 -0.0006706 -0.0002891 0.0015652 0.9999985
0.833252 -0.0003920 -0.0029144 0.1792016 0.0002989 -0.0003932 0.0011885 0.9999992
0.937506 -0.0006717 -0.0034138 0.2089121 0.0014553 -0.0003896 -0.0002663 0.9999988
1.041630 -0.0009017 -0.0040192 0.2390751 0.0018331 -0.0003206 -0.0020050 0.9999962
1.145875 -0.0012005 -0.0046789 0.2690534 0.0018483 -0.0002352 -0.0031765 0.9999932
1.250003 -0.0012880 -0.0052241 0.2991900 0.0014702 -0.0001962 -0.0036912 0.9999921
1.354255 -0.0014614 -0.0057756 0.3295379 0.0000629 0.0000546 -0.0023435 0.9999973
1.458401 -0.0014049 -0.0063411 0.3598625 -0.0008491 0.0000825 -0.0003209 0.9999996
1.562526 -0.0014154 -0.0068997 0.3902159 0.0002509 -0.0001500 0.0008521 0.9999996
1.666754 -0.0015686 -0.0073223 0.4204704 0.0013877 -0.0001378 0.0013333 0.9999982
1.771007 -0.0015990 -0.0079727 0.4513073 0.0020534 0.0000881 0.0003921 0.9999978
1.875129 -0.0018281 -0.0085771 0.4817939 0.0009971 0.0004838 -0.0009394 0.9999989
1.979377 -0.0021059 -0.0090725 0.5128519 -0.0007844 0.0009050 -0.0012046 0.9999986
2.083502 -0.0021345 -0.0095050 0.5434306 -0.0017374 0.0010171 -0.0002535 0.9999979
2.187759 -0.0022678 -0.0099308 0.5741364 -0.0008168 0.0009191 0.0019965 0.9999973
2.291881 -0.0022074 -0.0104634 0.6050808 0.0002802 0.0008017 0.0021872 0.9999973
2.396132 -0.0022607 -0.0110286 0.6361113 0.0015211 0.0011042 0.0023370 0.9999955
2.500257 -0.0023848 -0.0116045 0.6671127 0.0019314 0.0014019 0.0006881 0.9999969
2.604383 -0.0025034 -0.0122266 0.6981068 0.0030323 0.0016391 0.0001650 0.9999940
2.708628 -0.0024671 -0.0129247 0.7292405 0.0026935 0.0015498 -0.0000700 0.9999952
2.812757 -0.0024968 -0.0135237 0.7604154 0.0021742 0.0014658 -0.0001884 0.9999965
2.916881 -0.0025045 -0.0142370 0.7918205 0.0011800 0.0012237 -0.0007022 0.9999983
3.021006 -0.0026635 -0.0147443 0.8227768 0.0011713 0.0012352 -0.0022818 0.9999959
3.125256 -0.0028689 -0.0152911 0.8543267 0.0014233 0.0013959 -0.0034329 0.9999921
3.229379 -0.0029453 -0.0160564 0.8853880 0.0010810 0.0013058 -0.0044993 0.9999884
3.333502 -0.0029391 -0.0166713 0.9171526 0.0010749 0.0010149 -0.0048660 0.9999871
3.541754 -0.0033154 -0.0180724 0.9799490 0.0012600 0.0006396 -0.0042402 0.9999900
3.750007 -0.0037513 -0.0190092 1.0433969 0.0008021 -0.0003176 -0.0037969 0.9999924
3.958276 -0.0041359 -0.0203172 1.1068590 0.0006583 -0.0014635 -0.0042478 0.9999897
4.166506 -0.0045791 -0.0215088 1.1706922 -0.0003144 -0.0023551 -0.0030808 0.9999924
4.270633 -0.0047118 -0.0220491 1.2024112 -0.0003332 -0.0027423 -0.0025382 0.9999930
4.374756 -0.0050507 -0.0226275 1.2340961 -0.0000394 -0.0027852 -0.0011594 0.9999955
4.583132 -0.0055277 -0.0238305 1.2976754 -0.0005723 -0.0026746 0.0001090 0.9999962
4.791384 -0.0058498 -0.0250535 1.3609707 -0.0008364 -0.0022781 0.0014475 0.9999960
4.895505 -0.0059942 -0.0257659 1.3926885 -0.0004864 -0.0020595 0.0022281 0.9999953
4.999630 -0.0063231 -0.0263845 1.4244345 -0.0002391 -0.0017607 0.0018445 0.9999967
5.103758 -0.0065165 -0.0269987 1.4563700 -0.0001857 -0.0014870 0.0011340 0.9999982
5.311998 -0.0071421 -0.0281472 1.5195270 -0.0014294 -0.0008183 -0.0024701 0.9999956
5.936757 -0.0089439 -0.0315587 1.7077485 -0.0011727 0.0010095 -0.0087668 0.9999604
6.040889 -0.0090145 -0.0320860 1.7390013 -0.0007355 0.0009044 -0.0080787 0.9999667
6.145012 -0.0093893 -0.0326831 1.7698749 -0.0006053 0.0008657 -0.0081462 0.9999663
6.353135 -0.0091077 -0.0336201 1.8312432 -0.0004974 0.0002629 -0.0077115 0.9999701
6.561386 -0.0096007 -0.0349377 1.8924670 -0.0012161 -0.0005086 -0.0075138 0.9999709
6.769636 -0.0096650 -0.0359864 1.9535948 -0.0019216 -0.0017333 -0.0052747 0.9999827
6.977759 -0.0102578 -0.0369105 2.0154884 -0.0017328 -0.0023173 -0.0034590 0.9999898
7.081885 -0.0105590 -0.0372599 2.0458302 -0.0013632 -0.0024541 -0.0029443 0.9999917
7.290011 -0.0108737 -0.0384406 2.1064305 -0.0008821 -0.0026021 -0.0030636 0.9999915
7.498256 -0.0116027 -0.0395757 2.1671343 -0.0007258 -0.0023226 -0.0040600 0.9999888
7.706383 -0.0122279 -0.0406260 2.2274320 -0.0020880 -0.0021004 -0.0051755 0.9999822
7.810511 -0.0125973 -0.0411316 2.2574313 -0.0013856 -0.0020209 -0.0046982 0.9999859
7.914632 -0.0128499 -0.0416050 2.2873647 -0.0001460 -0.0019739 -0.0047868 0.9999866
8.018763 -0.0131584 -0.0421376 2.3171608 0.0004581 -0.0019391 -0.0044352 0.9999882
8.226883 -0.0134647 -0.0433659 2.3771021 -0.0012316 -0.0017307 -0.0022898 0.9999951
8.435138 -0.0139650 -0.0442903 2.4370594 -0.0004766 -0.0007627 -0.0015866 0.9999983
8.643387 -0.0142528 -0.0453778 2.4970770 0.0017089 -0.0000441 -0.0035501 0.9999923
8.851635 -0.0146772 -0.0465722 2.5572560 0.0008050 0.0013810 -0.0060955 0.9999802
9.059886 -0.0147291 -0.0476488 2.6173780 -0.0005630 0.0021466 -0.0055954 0.9999819
9.268135 -0.0145616 -0.0486416 2.6768615 0.0000184 0.0033249 -0.0068574 0.9999710
9.476392 -0.0142991 -0.0497859 2.7366896 0.0005494 0.0044396 -0.0082106 0.9999563
9.684640 -0.0140783 -0.0509490 2.7965498 0.0010221 0.0054529 -0.0082380 0.9999506
9.788784 -0.0138242 -0.0514535 2.8265173 0.0005173 0.0058242 -0.0080922 0.9999502
9.997010 -0.0134259 -0.0524929 2.8863604 -0.0000252 0.0063958 -0.0070277 0.9999548
10.101140 -0.0132825 -0.0531637 2.9162650 -0.0002033 0.0065496 -0.0058478 0.9999614
10.309390 -0.0124698 -0.0542331 2.9764013 -0.0003855 0.0059396 -0.0041895 0.9999735
10.413390 -0.0121809 -0.0547101 3.0065794 -0.0002881 0.0052971 -0.0035351 0.9999797
10.517510 -0.0120535 -0.0552649 3.0365374 -0.0007703 0.0047738 -0.0028446 0.9999843
10.725760 -0.0117381 -0.0563530 3.0964153 -0.0008637 0.0035859 -0.0019642 0.9999912
10.934020 -0.0116623 -0.0574582 3.1562400 -0.0004537 0.0026327 -0.0018383 0.9999948
11.142270 -0.0113533 -0.0584937 3.2164724 0.0010371 0.0015077 0.0020103 0.9999963
11.350520 -0.0107357 -0.0595560 3.2770686 -0.0008357 0.0000398 0.0090305 0.9999589
11.454640 -0.0107680 -0.0602996 3.3068254 0.0006520 -0.0004031 0.0108368 0.9999410
11.663020 -0.0111647 -0.0617160 3.3672123 0.0031927 0.0003140 0.0084633 0.9999591
11.871260 -0.0111249 -0.0630345 3.4279497 0.0014345 0.0009920 0.0103088 0.9999453
12.079640 -0.0109774 -0.0641678 3.4885275 -0.0004860 0.0013039 0.0146748 0.9998913
12.183770 -0.0107044 -0.0647007 3.5190747 -0.0005072 0.0011380 0.0154931 0.9998792
12.392020 -0.0109216 -0.0657207 3.5795126 -0.0003195 0.0022882 0.0123895 0.9999206
12.600390 -0.0109172 -0.0666804 3.6401243 0.0011413 0.0030841 0.0091335 0.9999529
12.808640 -0.0108667 -0.0678610 3.7012491 0.0007240 0.0030859 0.0073056 0.9999683
13.016890 -0.0109968 -0.0691402 3.7618341 0.0034331 0.0026789 0.0041382 0.9999819
13.225270 -0.0112298 -0.0704175 3.8226788 0.0034285 0.0027070 -0.0004484 0.9999903
13.329390 -0.0112781 -0.0710756 3.8532710 0.0025290 0.0029984 -0.0018586 0.9999906
13.433520 -0.0112401 -0.0718003 3.8837969 0.0013296 0.0029283 -0.0022998 0.9999922
13.537640 -0.0112026 -0.0724092 3.9142916 0.0008478 0.0026975 -0.0007860 0.9999957
13.641770 -0.0111043 -0.0729027 3.9449594 0.0009405 0.0017256 0.0003755 0.9999980
13.850020 -0.0111503 -0.0743511 4.0068851 0.0050767 -0.0001836 -0.0001527 0.9999871
14.058400 -0.0116462 -0.0760674 4.0681329 0.0048635 -0.0005353 -0.0043857 0.9999784
14.266640 -0.0121793 -0.0772181 4.1312842 0.0024600 -0.0003476 -0.0059529 0.9999792
14.474890 -0.0124812 -0.0785322 4.1936550 0.0016291 -0.0002379 -0.0048732 0.9999868
14.683140 -0.0126021 -0.0797955 4.2561827 0.0012878 -0.0000499 -0.0020237 0.9999971
14.891390 -0.0123739 -0.0809565 4.3197031 -0.0000626 0.0002615 0.0019840 0.9999980
14.995520 -0.0124917 -0.0814512 4.3514566 0.0000847 0.0003713 0.0034050 0.9999941
15.203790 -0.0129828 -0.0828636 4.4146967 0.0047407 0.0008250 -0.0015967 0.9999871
15.412140 -0.0138552 -0.0843601 4.4785233 0.0029227 0.0022255 -0.0099772 0.9999435
15.620390 -0.0139104 -0.0856313 4.5425782 0.0016324 0.0023834 -0.0097782 0.9999480
15.724520 -0.0137329 -0.0863548 4.5749865 0.0015700 0.0017435 -0.0080007 0.9999653
15.828640 -0.0136351 -0.0869262 4.6073442 0.0019907 0.0012058 -0.0070137 0.9999727
16.036770 -0.0140000 -0.0884602 4.6716752 0.0020345 0.0009722 -0.0078603 0.9999666
16.140900 -0.0141693 -0.0891443 4.7042332 0.0015412 0.0009161 -0.0085084 0.9999622
16.245020 -0.0142620 -0.0897963 4.7366962 0.0018379 0.0007357 -0.0082013 0.9999644
16.349140 -0.0142921 -0.0904903 4.7693439 0.0022481 0.0004505 -0.0076783 0.9999679
16.453270 -0.0143920 -0.0912294 4.8018694 0.0023827 0.0003054 -0.0073265 0.9999703
16.557390 -0.0145112 -0.0918435 4.8345814 0.0024686 0.0001875 -0.0074621 0.9999691
16.765650 -0.0149082 -0.0933418 4.8996782 0.0025634 0.0000042 -0.0076073 0.9999678
16.973770 -0.0152595 -0.0948840 4.9656596 0.0026772 -0.0004501 -0.0078612 0.9999654
17.182030 -0.0157215 -0.0962606 5.0318542 0.0027592 -0.0006531 -0.0075960 0.9999671
17.390270 -0.0160104 -0.0979211 5.0986710 0.0025780 -0.0007545 -0.0064511 0.9999756
17.598420 -0.0165387 -0.0993920 5.1651077 0.0021956 -0.0005299 -0.0061557 0.9999785
17.806640 -0.0170914 -0.1007695 5.2318010 0.0026313 -0.0003410 -0.0065637 0.9999750
17.910650 -0.0171575 -0.1014925 5.2650385 0.0023156 -0.0001490 -0.0071048 0.9999720
18.014770 -0.0173600 -0.1022085 5.2986164 0.0011675 0.0001971 -0.0071661 0.9999736
18.118900 -0.0173955 -0.1028330 5.3319087 0.0010932 0.0004250 -0.0075008 0.9999712
18.223020 -0.0174337 -0.1036201 5.3653307 0.0018194 0.0006099 -0.0073182 0.9999714
18.327020 -0.0175582 -0.1044028 5.3988371 0.0023694 0.0009067 -0.0074709 0.9999689
18.431150 -0.0175863 -0.1049948 5.4324183 0.0023055 0.0009463 -0.0078182 0.9999663
18.535360 -0.0176784 -0.1057001 5.4662199 0.0017263 0.0009100 -0.0077949 0.9999677
18.639420 -0.0177741 -0.1063981 5.4998255 0.0015613 0.0008388 -0.0081585 0.9999651
18.743480 -0.0178899 -0.1071252 5.5333114 0.0014873 0.0006461 -0.0081091 0.9999658
18.847540 -0.0180590 -0.1076827 5.5670652 0.0014568 0.0007800 -0.0089653 0.9999585
18.951650 -0.0181986 -0.1082712 5.6007085 0.0015951 0.0009308 -0.0094563 0.9999536
19.055650 -0.0181964 -0.1090300 5.6343551 0.0012958 0.0007765 -0.0095321 0.9999534
19.263770 -0.0182681 -0.1104549 5.7021756 0.0006173 0.0006291 -0.0074133 0.9999721
19.367870 -0.0182456 -0.1109015 5.7358375 0.0004505 0.0007452 -0.0065561 0.9999781
19.471780 -0.0179779 -0.1115037 5.7696371 0.0009439 0.0002682 -0.0058000 0.9999827
19.575900 -0.0181874 -0.1121596 5.8034477 0.0013026 0.0003218 -0.0051911 0.9999856
19.679910 -0.0179854 -0.1128121 5.8374200 0.0003313 0.0002655 -0.0043037 0.9999906
19.784020 -0.0182989 -0.1133404 5.8710752 -0.0003482 0.0007164 -0.0035473 0.9999934
19.888070 -0.0183290 -0.1137053 5.9046926 0.0002240 0.0007962 -0.0033021 0.9999942
19.992130 -0.0184274 -0.1143405 5.9381905 0.0006697 0.0010052 -0.0030577 0.9999946
20.096150 -0.0184703 -0.1148409 5.9720540 0.0009625 0.0013204 -0.0037102 0.9999918
20.200150 -0.0186286 -0.1156510 6.0058355 0.0007740 0.0019515 -0.0044788 0.9999878
20.304270 -0.0187293 -0.1161697 6.0395808 0.0010878 0.0023870 -0.0055915 0.9999809
20.408270 -0.0185549 -0.1169315 6.0735950 0.0010541 0.0026265 -0.0058750 0.9999787
20.616400 -0.0186291 -0.1181894 6.1406398 0.0014681 0.0035819 -0.0062235 0.9999731
20.824520 -0.0182485 -0.1194801 6.2085733 0.0017341 0.0042213 -0.0056348 0.9999737
20.928690 -0.0179131 -0.1201983 6.2424269 0.0012195 0.0045187 -0.0051355 0.9999759
21.032780 -0.0176988 -0.1209206 6.2760339 0.0010970 0.0047877 -0.0046853 0.9999769
21.136780 -0.0173409 -0.1216204 6.3099203 0.0023044 0.0046910 -0.0042737 0.9999772
21.240880 -0.0172270 -0.1223473 6.3435521 0.0034199 0.0046999 -0.0037459 0.9999761
21.344920 -0.0169115 -0.1231505 6.3774900 0.0033947 0.0041827 -0.0039238 0.9999778
21.448900 -0.0166181 -0.1238861 6.4112988 0.0033789 0.0036413 -0.0030530 0.9999830
21.657020 -0.0164168 -0.1255117 6.4788833 0.0038938 0.0028397 -0.0033657 0.9999827
21.761020 -0.0164565 -0.1264217 6.5131946 0.0036163 0.0024671 -0.0034008 0.9999846
21.865030 -0.0162192 -0.1271413 6.5471687 0.0035113 0.0018523 -0.0029901 0.9999877
21.969150 -0.0162038 -0.1278086 6.5812311 0.0029401 0.0013537 -0.0027571 0.9999909
22.073170 -0.0162964 -0.1285818 6.6152554 0.0022246 0.0011113 -0.0035714 0.9999905
22.177150 -0.0161975 -0.1292873 6.6494870 0.0021456 0.0012826 -0.0035503 0.9999906
22.281150 -0.0163617 -0.1300934 6.6837692 0.0021950 0.0018462 -0.0036038 0.9999894
22.385270 -0.0161211 -0.1307830 6.7181244 0.0023473 0.0019048 -0.0030015 0.9999909
22.489270 -0.0162106 -0.1313942 6.7526035 0.0028926 0.0020000 -0.0020304 0.9999918
22.593280 -0.0161959 -0.1321807 6.7870188 0.0039331 0.0021628 -0.0011267 0.9999893
22.697420 -0.0161366 -0.1331525 6.8215513 0.0042592 0.0020565 -0.0008815 0.9999884
22.801400 -0.0161874 -0.1340462 6.8559852 0.0047358 0.0009876 -0.0009868 0.9999878
22.905400 -0.0162618 -0.1348610 6.8908019 0.0043295 -0.0001072 -0.0014873 0.9999895
23.009400 -0.0164523 -0.1357718 6.9256697 0.0026335 -0.0002599 -0.0021931 0.9999941
23.113490 -0.0164595 -0.1365642 6.9604506 0.0009630 -0.0001024 -0.0010489 0.9999990
23.217420 -0.0165813 -0.1371061 6.9954147 0.0007391 -0.0000257 -0.0008933 0.9999993
23.321400 -0.0166636 -0.1377059 7.0304432 0.0014017 0.0001302 -0.0003517 0.9999989
23.529550 -0.0167888 -0.1391338 7.1002979 0.0012192 0.0003819 0.0001511 0.9999992
23.633550 -0.0169414 -0.1398671 7.1351810 0.0012120 0.0005997 0.0001928 0.9999990
23.737530 -0.0170614 -0.1406845 7.1700087 0.0017013 0.0009425 -0.0006198 0.9999979
23.841660 -0.0172143 -0.1414464 7.2050228 0.0019801 0.0012218 -0.0010591 0.9999967
24.049650 -0.0172362 -0.1429258 7.2752085 0.0005648 0.0016410 0.0002527 0.9999985
24.153670 -0.0171462 -0.1436995 7.3101711 0.0010680 0.0015146 0.0010078 0.9999978
24.257780 -0.0172124 -0.1444412 7.3450174 0.0009563 0.0015098 0.0003056 0.9999983
24.361780 -0.0173713 -0.1451259 7.3796988 0.0020625 0.0013734 -0.0006980 0.9999967
24.465780 -0.0176462 -0.1460100 7.4141712 0.0034897 0.0012270 -0.0015097 0.9999920
24.569780 -0.0177034 -0.1468363 7.4489803 0.0032460 0.0007167 -0.0024128 0.9999915
24.673900 -0.0180184 -0.1475987 7.4834924 0.0014849 0.0003920 -0.0026589 0.9999953
24.882030 -0.0184233 -0.1490056 7.5524464 0.0006889 -0.0007782 -0.0035196 0.9999933
25.090170 -0.0187755 -0.1504289 7.6212687 0.0007678 -0.0025580 -0.0021483 0.9999941
25.298280 -0.0191380 -0.1519450 7.6900454 0.0007916 -0.0034725 -0.0013479 0.9999927
25.506530 -0.0200418 -0.1531734 7.7591400 0.0014947 -0.0035145 -0.0009151 0.9999923
25.714650 -0.0207503 -0.1547252 7.8281322 0.0017094 -0.0034862 -0.0001219 0.9999924
25.818650 -0.0210957 -0.1554952 7.8622870 0.0019996 -0.0035078 -0.0002002 0.9999918
26.026980 -0.0218426 -0.1569505 7.9310741 0.0023666 -0.0035552 -0.0000084 0.9999909
26.235050 -0.0225086 -0.1583787 7.9993119 0.0022318 -0.0036188 0.0010829 0.9999903
26.443290 -0.0231419 -0.1598469 8.0680552 0.0023829 -0.0035231 0.0020016 0.9999890
26.651410 -0.0237313 -0.1613914 8.1366005 0.0021467 -0.0034076 0.0009909 0.9999914
26.757930 -0.0241493 -0.1620945 8.1708479 0.0016926 -0.0032120 0.0003101 0.9999934
26.862580 -0.0245122 -0.1627280 8.2053289 0.0019331 -0.0030363 0.0001426 0.9999935
26.963660 -0.0249618 -0.1634510 8.2398005 0.0023206 -0.0028049 0.0002060 0.9999933
27.067820 -0.0252600 -0.1642087 8.2743778 0.0024302 -0.0028023 0.0002517 0.9999931
27.171920 -0.0256068 -0.1648981 8.3090467 0.0026094 -0.0026176 -0.0001830 0.9999931
27.276060 -0.0260147 -0.1656568 8.3438072 0.0025177 -0.0024392 -0.0009156 0.9999934
27.380140 -0.0263687 -0.1663764 8.3786888 0.0023501 -0.0022970 -0.0017916 0.9999930
27.484700 -0.0267269 -0.1672629 8.4133434 0.0024946 -0.0019953 -0.0023445 0.9999921
27.588410 -0.0270040 -0.1680284 8.4482002 0.0028963 -0.0018474 -0.0029285 0.9999898
27.692530 -0.0271619 -0.1686911 8.4824867 0.0031310 -0.0017875 -0.0031160 0.9999886
27.796540 -0.0273663 -0.1694132 8.5173836 0.0026341 -0.0017977 -0.0036045 0.9999884
27.900670 -0.0274900 -0.1701465 8.5521917 0.0025397 -0.0017620 -0.0041515 0.9999866
28.005230 -0.0277577 -0.1709840 8.5872002 0.0026915 -0.0017744 -0.0045148 0.9999846
28.108940 -0.0282323 -0.1715114 8.6218176 0.0029902 -0.0013176 -0.0050670 0.9999818
