1.000000000000000000e+00 0.000000000000000000e+00 0.000000000000000000e+00 0.000000000000000000e+00 0.000000000000000000e+00 1.000000000000000000e+00 0.000000000000000000e+00 0.000000000000000000e+00 0.000000000000000000e+00 0.000000000000000000e+00 1.000000000000000000e+00 0.000000000000000000e+00
9.999983930997031756e-01 -1.714853290592085458e-03 -5.225669365144199659e-04 -2.839999999999999914e-05 1.714344859852094715e-03 9.999980582645163762e-01 -9.718481868729922151e-04 -9.951000000000000643e-04 5.242324988888719638e-04 9.709507652683101392e-04 9.999993912172638888e-01 5.997399999999999953e-02
9.999974191246991939e-01 -2.198471832033936559e-03 -5.731191362406790838e-04 1.160000000000000075e-05 2.198325500340287102e-03 9.999975509549715591e-01 -2.558301265038905557e-04 -1.419300000000000075e-03 5.736801679730122588e-04 2.545695638263050431e-04 9.999998030426816564e-01 8.943779999999999786e-02
9.999949331402144814e-01 -3.130007616263009128e-03 -5.802983887258850648e-04 -1.778999999999999874e-04 3.130783098116086266e-03 9.999942008891021805e-01 1.340293012162084921e-03 -2.476400000000000129e-03 5.760998961750835251e-04 -1.342103009472607900e-03 9.999989334336419899e-01 1.492981999999999920e-01
9.999968657231970148e-01 -2.377233019093071172e-03 -7.856888412040271066e-04 -3.919999999999999873e-04 2.376762909199622853e-03 9.999969962532496703e-01 -5.987341243432931122e-04 -2.914400000000000150e-03 7.871098117237702602e-04 5.968648516488702510e-04 9.999995121051276081e-01 1.792015999999999887e-01
9.999995545922735207e-01 5.314654226872497387e-04 -7.799742040678313282e-04 -6.717000000000000097e-04 -5.337333623419577558e-04 9.999956223721799820e-01 -2.910389179187280236e-03 -3.413799999999999821e-03 7.784240184157554653e-04 2.910804181131929676e-03 9.999954606272303259e-01 2.089120999999999895e-01
9.999917543803159559e-01 4.008809846992412301e-03 -6.485483702686581668e-04 -9.016999999999999625e-04 -4.011160614707265717e-03 9.999852394370541964e-01 -3.664900890942375013e-03 -4.019199999999999683e-03 6.338469065497544025e-04 3.667472103243002435e-03 9.999930739192501861e-01 2.390751000000000126e-01
9.999797090566434621e-01 6.352087602371723866e-03 -4.821390696312596066e-04 -1.200499999999999961e-03 -6.353826483078270880e-03 9.999729872686862198e-01 -3.695080778929189270e-03 -4.678899999999999726e-03 4.586545689325176507e-04 3.698069230243556001e-03 9.999930569358742583e-01 2.690533999999999981e-01
9.999726730969232813e-01 7.381764587998685193e-03 -4.032504944377979586e-04 -1.288000000000000082e-03 -7.382918400929836672e-03 9.999684271098293609e-01 -2.938928270479945239e-03 -5.224099999999999751e-03 3.815432860205287971e-04 2.941825124167516889e-03 9.999956000351499785e-01 2.991900000000000115e-01
9.999890100542673244e-01 4.686993750062384140e-03 1.089048820852657099e-04 -1.461400000000000069e-03 -4.686980012703742884e-03 9.999890081037675627e-01 -1.260555580684273786e-04 -5.775599999999999658e-03 -1.094945066269299483e-04 1.255437377190654017e-04 9.999999861248614064e-01 3.295378999999999947e-01
9.999997804338867091e-01 6.416596220463807038e-04 1.655448812888277480e-04 -1.404899999999999942e-03 -6.419398250377633761e-04 9.999983521048105839e-01 1.698146319995157312e-03 -6.341099999999999688e-03 -1.644549765623467164e-04 -1.698252216991900498e-03 9.999985444459247308e-01 3.598624999999999741e-01
9.999985028511971796e-01 -1.704274568677587639e-03 -2.995722927673153931e-04 -1.415400000000000035e-03 1.704124028679322809e-03 9.999984219495781090e-01 -5.020554234936204377e-04 -6.899699999999999930e-03 3.004274603174593092e-04 5.015441634995129001e-04 9.999998290983819205e-01 3.902159000000000044e-01
9.999964066449797961e-01 -2.666977323822618522e-03 -2.718990298216632934e-04 -1.568600000000000072e-03 2.666212423676236291e-03 9.999925932005465645e-01 -2.775762122028201107e-03 -7.322300000000000336e-03 2.792999105558528284e-04 2.775027207158149364e-03 9.999961106002160927e-01 4.204704000000000219e-01
9.999996769919528017e-01 -7.838364829554266217e-04 1.778098925588553214e-04 -1.598999999999999944e-03 7.845601011313747689e-04 9.999912596118673003e-01 -4.106721967530426246e-03 -7.972699999999999232e-03 -1.745893399278757019e-04 4.106860143573471192e-03 9.999915515734737470e-01 4.513073000000000223e-01
9.999977669302005934e-01 1.879762895059327319e-03 9.657256703564048948e-04 -1.828100000000000037e-03 -1.877833306967101020e-03 9.999962466381249193e-01 -1.995106947894427409e-03 -8.577100000000000696e-03 -9.694723736508191383e-04 1.993289020852167300e-03 9.999975434580806732e-01 4.817938999999999972e-01
9.999954598280675899e-01 2.407776657564543541e-03 1.811887087796518192e-03 -2.105899999999999959e-03 -2.410616185322128711e-03 9.999958673113128471e-01 1.566617343935559035e-03 -9.072500000000000703e-03 -1.808107535159184098e-03 -1.570977995563283599e-03 9.999971313835248621e-01 5.128519000000000272e-01
9.999978024904982998e-01 5.034647578475587044e-04 2.035076758244562870e-03 -2.134500000000000113e-03 -5.105331965919925486e-04 9.999938343574702460e-01 3.474277320480788616e-03 -9.504999999999999560e-03 -2.033315034498899346e-03 -3.475308659966062138e-03 9.999918938969897253e-01 5.434305999999999859e-01
9.999903384868261691e-01 -3.994490269493189763e-03 1.834933374771231590e-03 -2.267799999999999937e-03 3.991487386267252718e-03 9.999906936519313838e-01 1.637265395248183302e-03 -9.930800000000000044e-03 -1.841456338932460001e-03 -1.629925463366957601e-03 9.999969761861960960e-01 5.741363999999999912e-01
9.999891468676804784e-01 -4.373938456800041327e-03 1.604621209076679449e-03 -2.207399999999999987e-03 4.374837002065616251e-03 9.999902752892618762e-01 -5.568914719184693682e-04 -1.046339999999999944e-02 -1.602169795574289032e-03 5.639053841414049537e-04 9.999985575302915430e-01 6.050807999999999742e-01
9.999866383466478048e-01 -4.670619795018244799e-03 2.215499695581200825e-03 -2.260700000000000036e-03 4.677338189534576904e-03 9.999844493714958871e-01 -3.037025295723929340e-03 -1.102859999999999951e-02 -2.201280452704304936e-03 3.047347357379749655e-03 9.999929339942618123e-01 6.361113000000000461e-01
9.999951223894093522e-01 -1.370780516788619322e-03 2.806449387560939861e-03 -2.384799999999999854e-03 1.381611035763057266e-03 9.999915924246003396e-01 -3.860858849760271262e-03 -1.160450000000000023e-02 -2.801133402036786596e-03 3.864717439439421202e-03 9.999886087405082113e-01 6.671127000000000029e-01
9.999945722518847058e-01 -3.200575633442605109e-04 3.279181289015127305e-03 -2.503399999999999809e-03 3.399385368783377635e-04 9.999815558617370925e-01 -6.064023262723324849e-03 -1.222660000000000066e-02 -3.277179970832513629e-03 6.065105068822036934e-03 9.999762370136316969e-01 6.981068000000000273e-01
9.999951864402172319e-01 1.483480914401981562e-04 3.099207840558389476e-03 -2.467099999999999849e-03 -1.316505472711935066e-04 9.999854803163965578e-01 -5.387190781766127562e-03 -1.292470000000000077e-02 -3.099962020511822219e-03 5.386756837792921332e-03 9.999806863566125248e-01 7.292404999999999582e-01
9.999956318712120984e-01 3.831725999372626121e-04 2.930770761027702738e-03 -2.496799999999999974e-03 -3.704248293655422290e-04 9.999904747187543519e-01 -4.348937480129579959e-03 -1.352369999999999961e-02 -2.932409238293163384e-03 4.347832853151513237e-03 9.999862485682191604e-01 7.604153999999999636e-01
9.999960189468720673e-01 1.407285568543180723e-03 2.445738689170177775e-03 -2.504500000000000216e-03 -1.401509704444583396e-03 9.999962290302556456e-01 -2.361714592595837853e-03 -1.423699999999999966e-02 -2.449053073226755903e-03 2.358277463977163750e-03 9.999942203165212984e-01 7.918205000000000382e-01
9.999865353381512945e-01 4.566475305813789617e-03 2.465044762607511430e-03 -2.663500000000000069e-03 -4.560688146219904482e-03 9.999868428888807337e-01 -2.348227578807029255e-03 -1.474430000000000011e-02 -2.475735452990708921e-03 2.336953660288011454e-03 9.999942046739852541e-01 8.227767999999999748e-01
9.999725333204390054e-01 6.869719609510903380e-03 2.782005965188908986e-03 -2.868900000000000183e-03 -6.861772471306537557e-03 9.999723788282726122e-01 -2.856161598655606714e-03 -1.529110000000000018e-02 -2.801550152266614555e-03 2.836993657433257900e-03 9.999920513602755801e-01 8.543266999999999944e-01
9.999561023681188265e-01 9.001319498361635627e-03 2.601842433466788548e-03 -2.945300000000000088e-03 -8.995673218695871345e-03 9.999571754734873918e-01 -2.173725471991287683e-03 -1.605639999999999845e-02 -2.621297408271635113e-03 2.150224726292703989e-03 9.999942526502458851e-01 8.853879999999999528e-01
9.999505840471206719e-01 9.734055670577640429e-03 2.019312760443728490e-03 -2.939100000000000046e-03 -9.729692006814970318e-03 9.999503332711365822e-01 -2.159649137124730004e-03 -1.667130000000000001e-02 -2.040234612714052383e-03 2.139895124780185048e-03 9.999956291362378513e-01 9.171525999999999845e-01
9.999632232307203994e-01 8.481927190852075679e-03 1.268501934337238658e-03 -3.315400000000000031e-03 -8.478703606774979848e-03 9.999608662069839893e-01 -2.525398924236935995e-03 -1.807239999999999888e-02 -1.289872542848334060e-03 2.514550796297494034e-03 9.999960066235844547e-01 9.799489999999999590e-01
9.999709653601200898e-01 7.593233091298640103e-03 -6.412861846359082596e-04 -3.751299999999999947e-03 -7.594252079178643797e-03 9.999698803707774974e-01 -1.601776080083262572e-03 -1.900920000000000040e-02 6.291042101976626741e-04 1.606599662032629026e-03 9.999985115316014639e-01 1.043396900000000072e+00
9.999596287265911654e-01 8.493585488974934872e-03 -2.932562449361986526e-03 -4.135899999999999646e-03 -8.497439177101322183e-03 9.999630456732458983e-01 -1.304153103507976015e-03 -2.031720000000000054e-02 2.921377142615648632e-03 1.329019724232972282e-03 9.999948496178183710e-01 1.106859000000000037e+00
9.999699243487971678e-01 6.163034448656606185e-03 -4.708227293330624272e-03 -4.579100000000000011e-03 -6.160072674709214657e-03 9.999808196467865340e-01 6.433064459821468935e-04 -2.150880000000000153e-02 4.712101707655760169e-03 -6.142840758258948141e-04 9.999887093125456872e-01 1.170692199999999961e+00
9.999720746649992664e-01 5.078191559455322475e-03 -5.482869747014446418e-03 -4.711800000000000363e-03 -5.074536622284836658e-03 9.999868930380065857e-01 6.803162967536328801e-04 -2.204909999999999856e-02 5.486252659724990405e-03 -6.524742753666971104e-04 9.999847375380654935e-01 1.202411200000000013e+00
9.999817969070771140e-01 2.319008800023789844e-03 -5.570282998072361054e-03 -5.050699999999999981e-03 -2.318569852549053848e-03 9.999973084788374988e-01 8.525795836819849438e-05 -2.262749999999999831e-02 5.570465719493519589e-03 -7.234131618016275778e-05 9.999844822188002080e-01 1.234096099999999918e+00
9.999856692661452939e-01 -2.149378474581476622e-04 -5.349305007308361760e-03 -5.527699999999999975e-03 2.210605424338400065e-04 9.999993211833472229e-01 1.144012710234735197e-03 -2.383050000000000099e-02 5.349055484481639831e-03 -1.145178835959617886e-03 9.999850379734976924e-01 1.297675399999999923e+00
9.999854300080552871e-01 -2.891177658911153921e-03 -4.558603223508158643e-03 -5.849799999999999618e-03 2.898799270388703261e-03 9.999944103574938126e-01 1.666198234998075281e-03 -2.505349999999999938e-02 4.553760467433468247e-03 -1.679388434201510008e-03 9.999882213906783335e-01 1.360970699999999978e+00
9.999815880610639640e-01 -4.454175384614974739e-03 -4.121147960914254768e-03 -5.994199999999999875e-03 4.458182347644371393e-03 9.999895979713029348e-01 9.636178429121299059e-04 -2.576590000000000130e-02 4.116812969738824907e-03 -9.819729299306270871e-04 9.999910437499613947e-01 1.392688499999999996e+00
9.999869955099923713e-01 -3.688146009208589839e-03 -3.522270562198100662e-03 -6.323099999999999901e-03 3.689829942756916743e-03 9.999930813015993625e-01 4.717032187796223143e-04 -2.638450000000000170e-02 3.520506482326522107e-03 -4.846936639067169449e-04 9.999936855331438279e-01 1.424434500000000048e+00
9.999930057495216573e-01 -2.267443800864291179e-03 -2.974416017812191518e-03 -6.516499999999999723e-03 2.268548344539828097e-03 9.999973591188393574e-01 3.680268406483508197e-04 -2.699870000000000048e-02 2.973573682554586824e-03 -3.747718731096252149e-04 9.999955086927128090e-01 1.456369999999999942e+00
9.999864579823924959e-01 4.942517548913876596e-03 -1.629531253920091802e-03 -7.142100000000000184e-03 -4.937838836900373604e-03 9.999837108434915800e-01 2.862829946251686276e-03 -2.814720000000000069e-02 1.643654297479366479e-03 -2.854744815046597259e-03 9.999945744015771298e-01 1.519527000000000072e+00
9.998442482632228234e-01 1.753053706487778945e-02 2.039481592908784675e-03 -8.943899999999999420e-03 -1.753527242722839607e-02 9.998435359931803212e-01 2.327606830374398441e-03 -3.155870000000000203e-02 -1.998358289634582369e-03 -2.363007166910006517e-03 9.999952113691721323e-01 1.707748499999999892e+00
9.998678333372573723e-01 1.615553117579413001e-02 1.820623488412176534e-03 -9.014499999999999943e-03 -1.615819192052653924e-02 9.998683872954632346e-01 1.456338226145820116e-03 -3.208600000000000341e-02 -1.796855953615924054e-03 -1.485563730523428282e-03 9.999972822008490470e-01 1.739001299999999972e+00
9.998657799885466435e-01 1.629080166659741674e-02 1.741203306536306733e-03 -9.389299999999999730e-03 -1.629289769927490250e-02 9.998665460852872444e-01 1.196454779333225998e-03 -3.268309999999999965e-02 -1.721479728625568669e-03 -1.224663438506075602e-03 9.999977683510129500e-01 1.769874900000000029e+00
9.998809273008522069e-01 1.542227755612075001e-02 5.334556869688489474e-04 -9.107699999999999824e-03 -1.542280062196878070e-02 9.998805707201466886e-01 9.907155639880484057e-04 -3.362009999999999998e-02 -5.181128863333281723e-04 -9.988249775125326597e-04 9.999993669536503260e-01 1.831243200000000071e+00
9.998865682707021030e-01 1.502839977972836652e-02 -9.988953395047312639e-04 -9.600700000000000206e-03 -1.502592574587750807e-02 9.998841278201914262e-01 2.439772271049575787e-03 -3.493770000000000209e-02 1.035445468385170781e-03 -2.424486196262476759e-03 9.999965248536447637e-01 1.892466999999999899e+00
9.999383464170852331e-01 1.055587976226507116e-02 -3.446268577739960200e-03 -9.664999999999999980e-03 -1.054255692407437758e-02 9.999369699816346158e-01 3.861419097983602184e-03 -3.598640000000000172e-02 3.486812035078241685e-03 -3.824848545004603129e-03 9.999866062480237128e-01 1.953594800000000076e+00
9.999653308772448179e-01 6.925960705813598642e-03 -4.622565506698975667e-03 -1.025779999999999921e-02 -6.909899035045892132e-03 9.999700654444418912e-01 3.481595950714738361e-03 -3.691049999999999887e-02 4.646540529003164409e-03 -3.449533785903164014e-03 9.999832550486894567e-01 2.015488400000000180e+00
9.999706169799276179e-01 5.895242278256262840e-03 -4.900132167953714056e-03 -1.055900000000000068e-02 -5.881860561105738301e-03 9.999789455654849446e-01 2.740828721476266591e-03 -3.725989999999999858e-02 4.916186847798175753e-03 -2.711926293508036372e-03 9.999842381571101280e-01 2.045830200000000154e+00
9.999676868591512724e-01 6.131738943764835671e-03 -5.198751300439955619e-03 -1.087370000000000003e-02 -6.122557693525686358e-03 9.999796725079334037e-01 1.780128707587585709e-03 -3.844059999999999838e-02 5.209560907385368464e-03 -1.748241531266693386e-03 9.999849019493747271e-01 2.106430500000000094e+00
9.999562438586979685e-01 8.123280501691115818e-03 -4.639254454647976159e-03 -1.160270000000000051e-02 -8.116537529404707629e-03 9.999659792288894122e-01 1.470443246754486732e-03 -3.957569999999999838e-02 4.651041446589255016e-03 -1.432724222942396985e-03 9.999881574872589995e-01 2.167134299999999847e+00
9.999376050365307300e-01 1.035958746245513665e-02 -4.179112515199893615e-03 -1.222789999999999988e-02 -1.034204492091030103e-02 9.999377089088551385e-01 4.197667085827697792e-03 -4.062600000000000239e-02 4.222338293035206302e-03 -4.154184603181485663e-03 9.999824571509351445e-01 2.227431999999999856e+00
9.999476857534761454e-01 9.401868983331031909e-03 -4.028723853482231616e-03 -1.259730000000000051e-02 -9.390668345795664257e-03 9.999520140529076784e-01 2.790150453453121328e-03 -4.113159999999999733e-02 4.054763160359696299e-03 -2.752172079269613221e-03 9.999879921501855229e-01 2.257431299999999919e+00
9.999463805307745590e-01 9.574047793552817667e-03 -3.946349230631527802e-03 -1.284989999999999917e-02 -9.572895035988819232e-03 9.999541304609524950e-01 3.108934065304849140e-04 -4.160500000000000309e-02 3.949144721744221598e-03 -2.730987496308502258e-04 9.999921648058246459e-01 2.287364699999999917e+00
9.999531377862261872e-01 8.868518361339953332e-03 -3.882217607910375557e-03 -1.315840000000000065e-02 -8.872071568033906841e-03 9.999602382923342692e-01 -8.989885592491431762e-04 -4.213759999999999728e-02 3.874090547764419499e-03 9.333897431151615999e-04 9.999920600714863328e-01 2.317160799999999909e+00
9.999835229862045205e-01 4.583840824780940210e-03 -3.455742958012917622e-03 -1.346469999999999959e-02 -4.575314703920412007e-03 9.999864799541965388e-01 2.471113954328038945e-03 -4.336589999999999889e-02 3.467023429236375243e-03 -2.455262126180557912e-03 9.999909756774971736e-01 2.377102100000000107e+00
9.999938019778423781e-01 3.173921845558262851e-03 -1.523885172221700005e-03 -1.396499999999999998e-02 -3.172467834170900752e-03 9.999945111053547553e-01 9.556186497616386832e-04 -4.429029999999999773e-02 1.526909866685039613e-03 -9.507782501242299181e-04 9.999983822821806312e-01 2.437059399999999876e+00
9.999747896935252678e-01 7.099993712052217291e-03 -1.003328400428788326e-04 -1.425279999999999950e-02 -7.100295161974370071e-03 9.999689529054580639e-01 -3.417460135046534054e-03 -4.537780000000000286e-02 7.606577952968884360e-05 3.418086372607907503e-03 9.999941554326937654e-01 2.497076999999999991e+00
9.999218754461481895e-01 1.219298067845789313e-02 2.752131252743777404e-03 -1.467719999999999962e-02 -1.218853385895014851e-02 9.999243937178694530e-01 -1.626803712915611327e-03 -4.657220000000000110e-02 -2.771758760571045848e-03 1.593132174642993134e-03 9.999948896285656419e-01 2.557256000000000196e+00
9.999281672169799684e-01 1.118817999799771173e-02 4.299422568635333057e-03 -1.472910000000000018e-02 -1.119301414103485159e-02 9.999367490618108478e-01 1.101957410995792934e-03 -4.764879999999999810e-02 -4.286821728259847079e-03 -1.150001751937211386e-03 9.999901502792117869e-01 2.617377999999999982e+00
9.998838422197612319e-01 1.371452352893871504e-02 6.649354271037411813e-03 -1.456159999999999920e-02 -1.371427881631831144e-02 9.999059514608908961e-01 -8.239926472193407920e-05 -4.864160000000000011e-02 -6.649858975636997217e-03 -8.801405015233379817e-06 9.999778894046305044e-01 2.676861499999999783e+00
9.998257520037955315e-01 1.642536017022689157e-02 8.869789925538273945e-03 -1.429910000000000035e-02 -1.641560370553763956e-02 9.998645684183183890e-01 -1.171655509445891684e-03 -4.978590000000000099e-02 -8.887833539597551902e-03 1.025848394452122435e-03 9.999599762240707346e-01 2.736689600000000056e+00
9.998048024450983950e-01 1.648633544446970189e-02 1.088842281188199222e-02 -1.407830000000000019e-02 -1.646404180467405526e-02 9.998621813139410008e-01 -2.133941325779179551e-03 -5.094900000000000123e-02 -1.092210305627241453e-02 1.954257337288292391e-03 9.999384423768734598e-01 2.796549800000000197e+00
9.998011900019677656e-01 1.618961851858938608e-02 1.163944684560271059e-02 -1.382420000000000003e-02 -1.617756708485427672e-02 9.998684974096139211e-01 -1.128809574642419085e-03 -5.145349999999999924e-02 -1.165619122458544377e-02 9.402872238377724731e-04 9.999316221952742056e-01 2.826517299999999899e+00
9.998194103316300207e-01 1.405444378813818299e-02 1.279137732683767285e-02 -1.342589999999999929e-02 -1.405508848484426226e-02 9.999012215852154384e-01 -3.949780944840656843e-05 -5.249290000000000206e-02 -1.279066893460506331e-02 -1.402932636196372077e-04 9.999181862062542780e-01 2.886360400000000048e+00
9.998458119402623412e-01 1.169248622090902565e-02 1.310107291374712143e-02 -1.328249999999999917e-02 -1.169781235596539445e-02 9.999315238042154608e-01 3.299828243197847804e-04 -5.316370000000000123e-02 -1.309631748248679672e-02 -4.831858375151907876e-04 9.999141228124764913e-01 2.916265000000000107e+00
9.998943384810743407e-01 8.374198691790157509e-03 1.188211554249974690e-02 -1.246979999999999963e-02 -8.383357555172684869e-03 9.999645989582945926e-01 7.212116744730922083e-04 -5.423309999999999936e-02 -1.187565533337100153e-02 -8.207474932567504749e-04 9.999291450817680005e-01 2.976401300000000028e+00
9.999188876023732409e-01 7.067004005966853741e-03 1.059602144260793181e-02 -1.218089999999999971e-02 -7.073108383765033466e-03 9.999748401337567039e-01 5.387367253784186268e-04 -5.471009999999999762e-02 -1.059194759352931510e-02 -6.136398352511977664e-04 9.999437154621897417e-01 3.006579400000000124e+00
9.999382381734027714e-01 5.681755739851812766e-03 9.551831781597569862e-03 -1.205349999999999998e-02 -5.696464771315633800e-03 9.999826297787944851e-01 1.513416596833869286e-03 -5.526489999999999875e-02 -9.543067000730756297e-03 -1.567734798705850037e-03 9.999532349464251846e-01 3.036537399999999831e+00
9.999665664745134297e-01 3.922171684480848207e-03 7.175130831556162520e-03 -1.173809999999999958e-02 -3.934560253500367540e-03 9.999907918800767792e-01 1.713298184357818109e-03 -5.635300000000000031e-02 -7.168344912465240623e-03 -1.741471887342811069e-03 9.999727906832673874e-01 3.096415299999999871e+00
9.999793790900387558e-01 3.674191542292651585e-03 5.267040080641502767e-03 -1.166230000000000044e-02 -3.678969365696861931e-03 9.999928296196740618e-01 8.977157922714959059e-04 -5.745820000000000094e-02 -5.263703934189586583e-03 -9.170745596595504014e-04 9.999857260957004668e-01 3.156239999999999934e+00
9.999873710691143947e-01 -4.017457892391690377e-03 3.019558637308061670e-03 -1.135330000000000020e-02 4.023712435133889459e-03 9.999897662348982141e-01 -2.068130487406565250e-03 -5.849370000000000264e-02 -3.011219108705128975e-03 2.080254204767129599e-03 9.999933025285333565e-01 3.216472399999999787e+00
9.998368969798357986e-01 -1.806032328274362331e-02 6.450314741176724339e-05 -1.073570000000000080e-02 1.806019023931048489e-02 9.998355033590076157e-01 1.672050046985578417e-03 -5.955599999999999783e-02 -9.469030125417078224e-05 -1.670612391459758627e-03 9.999986000430122202e-01 3.277068600000000220e+00
9.997648025587230203e-01 -2.167284630813949217e-02 -7.920212253708111636e-04 -1.076799999999999979e-02 2.167179502336820038e-02 9.997642773299573182e-01 -1.312659656312774401e-03 -6.029960000000000181e-02 8.202835989989981820e-04 1.295186400469949123e-03 9.999988248128121038e-01 3.306825400000000137e+00
9.998565479315847382e-01 -1.692390063783892618e-02 6.820157880626778399e-04 -1.116469999999999962e-02 1.692791066855351551e-02 9.998363584594486264e-01 -6.379823112468856888e-03 -6.171600000000000003e-02 -5.739326895060276653e-04 6.390453015982117471e-03 9.999794161439117257e-01 3.367212299999999825e+00
9.997854891391448895e-01 -2.061362789662409684e-02 2.013467591120973472e-03 -1.112490000000000007e-02 2.061931999310107066e-02 9.997833416864648770e-01 -2.848390645184369161e-03 -6.303449999999999331e-02 -1.954315691764267702e-03 2.889295967012080277e-03 9.999939162909902146e-01 3.427949700000000099e+00
9.995659001351879791e-01 -2.934768008503425146e-02 2.593252891254224819e-03 -1.097740000000000000e-02 2.934514530317550857e-02 9.995688280539067883e-01 1.010163390155519340e-03 -6.416779999999999706e-02 -2.621780705366288586e-03 -9.336254954626794491e-04 9.999961272971846782e-01 3.488527500000000003e+00
9.995173376182454605e-01 -3.098361116017096448e-02 2.260008851698409264e-03 -1.070439999999999933e-02 3.098130238577797083e-02 9.995194132025591038e-01 1.049539752893502691e-03 -6.470069999999999988e-02 -2.291441252882977977e-03 -9.790151619076216047e-04 9.999968954083294781e-01 3.519074700000000000e+00
9.996825288749742189e-01 -2.477849361808361420e-02 4.568119542552417749e-03 -1.092160000000000006e-02 2.477556929861214965e-02 9.996927964325028615e-01 6.956485406233945670e-04 -6.572070000000000689e-02 -4.583953322856457700e-03 -5.822499300077284496e-04 9.999893241214892203e-01 3.579512600000000155e+00
9.998141350168089359e-01 -1.825909917695611728e-02 6.188757374168322653e-03 -1.091720000000000017e-02 1.827317870975124492e-02 9.998305532304367915e-01 -2.226155151850805862e-03 -6.668040000000000078e-02 -6.147061121522724714e-03 2.338829657050394729e-03 9.999783715238063087e-01 3.640124300000000090e+00
9.998742108621444524e-01 -1.460626815327072461e-02 6.182182740635339124e-03 -1.086669999999999997e-02 1.461520491949421310e-02 9.998922080674089718e-01 -1.402865368611922120e-03 -6.786100000000000465e-02 -6.161025723453212796e-03 1.493042770990823031e-03 9.999799060907768045e-01 3.701249100000000070e+00
9.999513975856422210e-01 -8.257857261274034050e-03 5.386117337479665902e-03 -1.099679999999999928e-02 8.294644991765014186e-03 9.999421782438070450e-01 -6.843904842338021863e-03 -6.914019999999999888e-02 -5.329289913418382672e-03 6.888248143237433660e-03 9.999620746341012500e-01 3.761834100000000181e+00
9.999849421751274559e-01 9.153533065707398662e-04 5.410873435128813261e-03 -1.122979999999999985e-02 -8.782295042501936941e-04 9.999760886475971278e-01 -6.859361923006943897e-03 -7.041749999999999399e-02 -5.417022793444487699e-03 6.854506647241877075e-03 9.999618350730582472e-01 3.822678799999999821e+00
9.999751104079735997e-01 3.732330813517542242e-03 5.987342587440202916e-03 -1.127809999999999924e-02 -3.701999000352832435e-03 9.999802995308822995e-01 -5.069097900836526741e-03 -7.107560000000000267e-02 -6.006144184274492086e-03 5.046806596784358945e-03 9.999692275141331965e-01 3.853270999999999891e+00
9.999722719590250497e-01 4.607350911422895129e-03 5.850438503626112507e-03 -1.124009999999999940e-02 -4.591777041199980938e-03 9.999858861680505084e-01 -2.672648181614601954e-03 -7.180029999999999746e-02 -5.862669759555716106e-03 2.645710165114407725e-03 9.999793144465602968e-01 3.883796900000000107e+00
9.999842113957065903e-01 1.576567100769705803e-03 5.393643989321040937e-03 -1.120260000000000006e-02 -1.567419338889409390e-03 9.999973268783549640e-01 -1.699833156676697644e-03 -7.240920000000000689e-02 -5.396309472486162349e-03 1.691352216787675618e-03 9.999840094580292327e-01 3.914291599999999871e+00
9.999937626088002407e-01 -7.477526419773860384e-04 3.451899401916328804e-03 -1.110429999999999924e-02 7.542443491563537291e-04 9.999979489190066184e-01 -1.879700306310033969e-03 -7.290270000000000084e-02 -3.450486770920905243e-03 1.882292157501636552e-03 9.999922755288049858e-01 3.944959400000000116e+00
9.999998859475033308e-01 3.035318869711115257e-04 -3.687456762097708705e-04 -1.115030000000000014e-02 -3.072602153389799467e-04 9.999484076011916356e-01 -1.015321264433654246e-02 -7.435110000000000330e-02 3.656448279430305794e-04 1.015332478721316968e-02 9.999483868178522528e-01 4.006885099999999866e+00
9.999609581778642342e-01 8.766003893727784130e-03 -1.113236606760461839e-03 -1.164620000000000065e-02 -8.776417620188031038e-03 9.999142240043763508e-01 -9.722094809341079100e-03 -7.606739999999999335e-02 1.027917196828277788e-03 9.731485470415758218e-03 9.999521196421233826e-01 4.068132900000000163e+00
9.999288843123624870e-01 1.190384204978801354e-02 -7.244738006845100140e-04 -1.217930000000000054e-02 -1.190726243375423050e-02 9.999170227639996300e-01 -4.915759159367981065e-03 -7.721809999999999785e-02 6.658972652630592778e-04 4.924036071446232302e-03 9.999876551486019949e-01 4.131284199999999629e+00
9.999523906535001672e-01 9.745495648551852699e-03 -4.916715507619936858e-04 -1.248119999999999959e-02 -9.747045900020673628e-03 9.999471959130057375e-01 -3.255838131705601768e-03 -7.853219999999999645e-02 4.599158321497284958e-04 3.260475468552853293e-03 9.999945788738788810e-01 4.193654999999999688e+00
9.999918042962417930e-01 4.047259917009980203e-03 -1.050119568901828823e-04 -1.260209999999999976e-02 -4.047516961901215064e-03 9.999884924184370139e-01 -2.575390678073030334e-03 -7.979550000000000531e-02 9.458747299451774671e-05 2.575794608610686327e-03 9.999966781621548728e-01 4.256182700000000096e+00
9.999919907235685912e-01 -3.968024769829700538e-03 5.227505527247274181e-04 -1.237390000000000018e-02 3.967959290230261768e-03 9.999921196505474619e-01 1.262373805192805183e-04 -8.095650000000000068e-02 -5.232473463204742646e-04 -1.241621165370468936e-04 9.999998553979811966e-01 4.319703099999999907e+00
9.999765362211909814e-01 -6.809897337519160709e-03 7.431724709209947509e-04 -1.249169999999999968e-02 6.810023133966822129e-03 9.999767976004069192e-01 -1.668704577028130485e-04 -8.145120000000000138e-02 -7.420188568507369523e-04 1.719275640108030093e-04 9.999997099244223309e-01 4.351456599999999675e+00
9.999935398476028636e-01 3.201181265920708622e-03 1.634839919781887500e-03 -1.298279999999999920e-02 -3.185536954426344911e-03 9.999499526204593813e-01 -9.483913150854858184e-03 -8.286359999999999559e-02 -1.665117825434069649e-03 9.478644040351548103e-03 9.999536902725963960e-01 4.414696700000000362e+00
9.997910052687519755e-01 1.996628066078848587e-02 4.392427605898054782e-03 -1.385519999999999981e-02 -1.994026278650043102e-02 9.997838266189787992e-01 -5.889478000397667216e-03 -8.436009999999999343e-02 -4.509069050673076076e-03 5.800660969793497261e-03 9.999730099500735436e-01 4.478523299999999985e+00
9.997974124105445393e-01 1.956316515009033988e-02 4.734628442627301405e-03 -1.391039999999999985e-02 -1.954760250084689246e-02 9.998034441423784280e-01 -3.311241082554830083e-03 -8.563129999999999353e-02 -4.798476179823024830e-03 3.218019631420127469e-03 9.999833093487128233e-01 4.542578200000000344e+00
9.998658980302229660e-01 1.600631746713096146e-02 3.461756397739299690e-03 -1.373289999999999927e-02 -1.599536828841307753e-02 9.998670478145883500e-01 -3.167789111961936965e-03 -8.635479999999999545e-02 -3.512000787855840828e-03 3.111992236695573788e-03 9.999889906167892528e-01 4.574986499999999623e+00
9.998987081183096093e-01 1.403181768977186487e-02 2.383609795321440725e-03 -1.363510000000000069e-02 -1.402221614562378267e-02 9.998936902526577297e-01 -3.998205508424739277e-03 -8.692619999999999514e-02 -2.439458485146795384e-03 3.964377030908582816e-03 9.999891663198436920e-01 4.607344200000000001e+00
9.998745410308963466e-01 1.572402971630543558e-02 1.912351362867934119e-03 -1.400000000000000029e-02 -1.571611795325763769e-02 9.998681529965222081e-01 -4.084147377667996480e-03 -8.846020000000000272e-02 -1.976318479803365787e-03 4.053580245161420882e-03 9.999898312745296725e-01 4.671675200000000139e+00
9.998535357817541769e-01 1.701898040121943567e-02 1.805904434722937872e-03 -1.416929999999999926e-02 -1.701333282798933588e-02 9.998504636653212652e-01 -3.097872548387043019e-03 -8.914429999999999576e-02 -1.858357018579464073e-03 3.066694367702535104e-03 9.999935709267567807e-01 4.704233200000000004e+00
9.998643948451610974e-01 1.640472065337911581e-02 1.441201305965232127e-03 -1.426200000000000037e-02 -1.639931208116024788e-02 9.998587216012173595e-01 -3.687736601752009818e-03 -8.979629999999999557e-02 -1.501493984147385342e-03 3.663601815670824990e-03 9.999921617380567174e-01 4.736696199999999912e+00
9.998816815194031538e-01 1.535813237276811155e-02 8.664478931146401934e-04 -1.429210000000000029e-02 -1.535408129662573992e-02 9.998719795128211407e-01 -4.502973756224477528e-03 -9.049029999999999574e-02 -9.354942370524449869e-04 4.489137459821301510e-03 9.999894861924295553e-01 4.769343899999999969e+00
9.998924582624508783e-01 1.465401944082562330e-02 5.758681279150963716e-04 -1.439200000000000028e-02 -1.465110873464828614e-02 9.998812902827383109e-01 -4.769733260042066832e-03 -9.122940000000000216e-02 -6.456955306926606642e-04 4.760783208080733402e-03 9.999884589436656146e-01 4.801869400000000176e+00
9.998885638161324474e-01 1.492466437270043023e-02 3.381465279727908645e-04 -1.451120000000000014e-02 -1.492281292272456053e-02 9.998764461568703243e-01 -4.939845663636866814e-03 -9.184349999999999459e-02 -4.118302872524387602e-04 4.934249088709809390e-03 9.999877417157397863e-01 4.834581400000000251e+00
9.998842579431269639e-01 1.521413096690372134e-02 -3.060137480146846699e-05 -1.490819999999999992e-02 -1.521408790178557617e-02 9.998711159398532278e-01 -5.126698597464246325e-03 -9.334180000000000255e-02 -4.740083311762466561e-05 5.126570794829753662e-03 9.999868579261662616e-01 4.899678200000000317e+00
9.998759978853368757e-01 1.571944646656668956e-02 -9.422608909553095236e-04 -1.525950000000000049e-02 -1.572426649759296399e-02 9.998620682652541447e-01 -5.347138247792544707e-03 -9.488399999999999612e-02 8.580768698405308098e-04 5.361291552702063604e-03 9.999852600198526620e-01 4.965659600000000395e+00
9.998837484818076105e-01 1.518789702708966613e-02 -1.348074873273945014e-03 -1.572149999999999936e-02 -1.519510516160198915e-02 9.998693751908854788e-01 -5.508296879812995227e-03 -9.626060000000000172e-02 1.264239335445712558e-03 5.528140671403172605e-03 9.999839205505356432e-01 5.031854199999999722e+00
9.999156280798340291e-01 1.289799456331887882e-02 -1.542225001660510854e-03 -1.601040000000000102e-02 -1.290577496706492126e-02 9.999034744527306451e-01 -5.146139315725791093e-03 -9.792109999999999703e-02 1.475701260631900229e-03 5.165608734890293936e-03 9.999855692919710215e-01 5.098671000000000397e+00
9.999236531265844885e-01 1.230880847500318009e-02 -1.086808130054290342e-03 -1.653869999999999993e-02 -1.231346226878850605e-02 9.999145733958351157e-01 -4.384581802200411375e-03 -9.939199999999999424e-02 1.032746310080091779e-03 4.397629423991415883e-03 9.999897970932044577e-01 5.165107700000000079e+00
9.999136031332298558e-01 1.312527565657178354e-02 -7.165249896283093804e-04 -1.709139999999999965e-02 -1.312886474933103002e-02 9.998999882175217957e-01 -5.257991345900889582e-03 -1.007694999999999980e-01 6.474407428720883829e-04 5.266944231601445453e-03 9.999859199603490234e-01 5.231800999999999924e+00
9.998989992181002151e-01 1.420851402653108136e-02 -3.308954510359612879e-04 -1.715749999999999914e-02 -1.420989412431991963e-02 9.998883196119189298e-01 -4.628953729373258726e-03 -1.014924999999999994e-01 2.650879425116120557e-04 4.633188190752654013e-03 9.999892315898065709e-01 5.265038500000000177e+00
9.998972163201954588e-01 1.433228249490476822e-02 3.774567663825416559e-04 -1.736000000000000043e-02 -1.433136203786389284e-02 9.998945679043977908e-01 -2.337763336438128739e-03 -1.022084999999999938e-01 -4.109224548687250770e-04 2.332113582947228057e-03 9.999971961905554929e-01 5.298616400000000226e+00
9.998871147530707937e-01 1.500209659571940038e-02 8.335757387528909199e-04 -1.739550000000000124e-02 -1.500023815579102845e-02 9.998850858306689293e-01 -2.192712627169961237e-03 -1.028329999999999939e-01 -8.663752357287550498e-04 2.179961267661415826e-03 9.999972485776260633e-01 5.331908699999999612e+00
9.998921439457132410e-01 1.463820013125964950e-02 1.193135600951864125e-03 -1.743369999999999989e-02 -1.463376152319303611e-02 9.998862674692428065e-01 -3.647622528190842296e-03 -1.036201000000000066e-01 -1.246394531191380222e-03 3.629769048168263353e-03 9.999926356115477200e-01 5.365330700000000341e+00
9.998867271024307612e-01 1.494563121064960108e-02 1.777940410820037483e-03 -1.755819999999999950e-02 -1.493703787117194558e-02 9.998771431999841086e-01 -4.752200108759216737e-03 -1.044028000000000039e-01 -1.848746609015269491e-03 4.725104650033963224e-03 9.999871276781625573e-01 5.398837099999999722e+00
9.998759605222263813e-01 1.564023744045354297e-02 1.856486617622230776e-03 -1.758629999999999916e-02 -1.563151066129678246e-02 9.998671208285424550e-01 -4.625641629731911363e-03 -1.049947999999999992e-01 -1.928586062622112719e-03 4.596048177203874117e-03 9.999875783713274568e-01 5.432418300000000144e+00
9.998768228642503919e-01 1.559243878758360784e-02 1.793028596551130872e-03 -1.767840000000000036e-02 -1.558615505539334180e-02 9.998725188407400211e-01 -3.466675303987496425e-03 -1.057001000000000052e-01 -1.846853941660908834e-03 3.438301867128376425e-03 9.999923835763894209e-01 5.466219899999999576e+00
9.998654705716490954e-01 1.631905134700760776e-02 1.652065878946591595e-03 -1.777410000000000101e-02 -1.631381287274253147e-02 9.998620024268147777e-01 -3.136178023239653140e-03 -1.063980999999999955e-01 -1.703017348059159431e-03 3.108804621400402222e-03 9.999937175131342615e-01 5.499825500000000034e+00
9.998676501023954222e-01 1.621956741835231530e-02 1.268034492889499095e-03 -1.788990000000000025e-02 -1.621572364018687706e-02 9.998640608701929722e-01 -2.984976882985560832e-03 -1.071252000000000038e-01 -1.316277151179778143e-03 2.964019724697825216e-03 9.999947409869377468e-01 5.533311399999999658e+00
9.998380300094734663e-01 1.793212653363126380e-02 1.533813794745677228e-03 -1.805899999999999866e-02 -1.792758131812666189e-02 9.998350022773234702e-01 -2.927464634528077064e-03 -1.076827000000000062e-01 -1.586056385211622550e-03 2.899492901576788094e-03 9.999945386681151627e-01 5.567065200000000047e+00
9.998194240095690244e-01 1.891469124105205069e-02 1.831346070327167889e-03 -1.819859999999999881e-02 -1.890875236493691491e-02 9.998160680989448545e-01 -3.207655712150953888e-03 -1.082711999999999980e-01 -1.891681044765894642e-03 3.172448017205453663e-03 9.999931785349353008e-01 5.600708499999999646e+00
9.998170722246467745e-01 1.906532503137761334e-02 1.528224323660261471e-03 -1.819640000000000146e-02 -1.906130027635686078e-02 9.998149199337487136e-01 -2.606282725689759282e-03 -1.090300000000000019e-01 -1.577631107090131596e-03 2.576676021465886760e-03 9.999954358999697535e-01 5.634355099999999617e+00
9.998892944253622295e-01 1.482696399408615223e-02 1.249012517698689989e-03 -1.826809999999999892e-02 -1.482541062026459383e-02 9.998893238404040762e-01 -1.243893050043986571e-03 -1.104548999999999948e-01 -1.267317439255439973e-03 1.225238220704359757e-03 9.999984463476984109e-01 5.702175600000000344e+00
9.999129244543799588e-01 1.311258503903856010e-02 1.484460401426108663e-03 -1.824560000000000071e-02 -1.311124218855960061e-02 9.999136292000013748e-01 -9.107515330920901197e-04 -1.109015000000000001e-01 -1.496274494320776064e-03 8.912091090629976854e-04 9.999984834533308664e-01 5.735837499999999700e+00
9.999325761377342303e-01 1.160030559109724059e-02 5.254414786102835390e-04 -1.797790000000000152e-02 -1.159929297518045958e-02 9.999309381057994717e-01 -1.890878455051279560e-03 -1.115036999999999973e-01 -5.473399585406958038e-04 1.884656215071052292e-03 9.999980742431060499e-01 5.769637099999999741e+00
9.999458978482893556e-01 1.038288938908595027e-02 6.300669111728770394e-04 -1.818739999999999940e-02 -1.038121268227884184e-02 9.999427114250838411e-01 -2.608503612595492425e-03 -1.121595999999999982e-01 -6.571146200180441599e-04 2.601821628328353578e-03 9.999963993558129705e-01 5.803447700000000431e+00
9.999628153484823034e-01 8.607495852794189162e-03 5.281434286472207066e-04 -1.798539999999999861e-02 -8.607144012159770319e-03 9.999627368095946878e-01 -6.648791013037993894e-04 -1.128120999999999985e-01 -5.338466924451596264e-04 6.603085714566736151e-04 9.999996395000847471e-01 5.837419999999999831e+00
9.999738068679676628e-01 7.094054148029496458e-03 1.435260857616216159e-03 -1.829889999999999989e-02 -7.095051949931682582e-03 9.999745908393936622e-01 6.913128199779577368e-04 -1.133403999999999939e-01 -1.430320178264422436e-03 -7.014779626764788356e-04 9.999987310556226472e-01 5.871075199999999938e+00
9.999769244020232373e-01 6.604518472438149559e-03 1.590911442357430174e-03 -1.832900000000000154e-02 -6.603805077229595033e-03 9.999780919189172890e-01 -4.532556710752198717e-04 -1.137052999999999953e-01 -1.593870123992909092e-03 4.427391428691107925e-04 9.999986317791036416e-01 5.904692599999999736e+00
9.999792800875157983e-01 6.116713289828373291e-03 2.006293643439446828e-03 -1.842740000000000003e-02 -6.114020560091216853e-03 9.999804039454063265e-01 -1.345539955905004003e-03 -1.143404999999999977e-01 -2.014484610129958254e-03 1.333245555849304565e-03 9.999970821497647933e-01 5.938190500000000149e+00
9.999689819207014940e-01 7.422880659106117530e-03 2.633636116909863264e-03 -1.847029999999999852e-02 -7.417797119286652884e-03 9.999706160204635541e-01 -1.934782042448750369e-03 -1.148408999999999958e-01 -2.647920386402575956e-03 1.915186250824669123e-03 9.999946602753696512e-01 5.972053999999999974e+00
9.999522639998290607e-01 8.960511036895933354e-03 3.896018939084165255e-03 -1.862859999999999863e-02 -8.954469193302104849e-03 9.999586825518975708e-01 -1.565461765559437220e-03 -1.156510000000000038e-01 -3.909885302951977837e-03 1.530500255109778097e-03 9.999911851440925759e-01 6.005835499999999882e+00
9.999260747135313432e-01 1.118798016252783335e-02 4.761744204834713473e-03 -1.872930000000000081e-02 -1.117759384757024445e-02 9.999351036343360200e-01 -2.202252385268139902e-03 -1.161697000000000007e-01 -4.786073940940858279e-03 2.148864740402019104e-03 9.999862378435812049e-01 6.039580800000000416e+00
9.999171717393464665e-01 1.175528778562677859e-02 5.240502825428745501e-03 -1.855489999999999917e-02 -1.174421341020403728e-02 9.999287464910864287e-01 -2.139016629252358213e-03 -1.169314999999999938e-01 -5.265274177269064354e-03 2.077293874666835509e-03 9.999839807406898373e-01 6.073595000000000077e+00
9.998968760718239812e-01 1.245718337195558106e-02 7.145334438989706279e-03 -1.862909999999999913e-02 -1.243614902067078851e-02 9.999182254535745606e-01 -2.980705169934604742e-03 -1.181894000000000000e-01 -7.181881323386510481e-03 2.891537344022939056e-03 9.999700293471024404e-01 6.140639799999999759e+00
9.999008593083728025e-01 1.128394416885570781e-02 8.422835530389669728e-03 -1.824850000000000083e-02 -1.125466354289561197e-02 9.999304838507803161e-01 -3.515681225675498789e-03 -1.194801000000000057e-01 -8.461920757964102452e-03 3.420536498635561723e-03 9.999583470460894352e-01 6.208573300000000295e+00
9.999064159875853397e-01 1.028177275801270447e-02 9.024655994254166327e-03 -1.791310000000000124e-02 -1.025973054117103496e-02 9.999442789234449513e-01 -2.485352589540939204e-03 -1.201982999999999940e-01 -9.049706961255824314e-03 2.392529461545532705e-03 9.999561883436148824e-01 6.242426899999999890e+00
9.999102517742952667e-01 9.380888896939495319e-03 9.564900426499703054e-03 -1.769880000000000064e-02 -9.359880466777516922e-03 9.999536891041723718e-01 -2.238813213243294204e-03 -1.209206000000000031e-01 -9.585459525406883965e-03 2.149085959061054329e-03 9.999517490335357861e-01 6.276033899999999832e+00
9.999194600130714150e-01 8.568825164842313810e-03 9.362089641855291661e-03 -1.734089999999999937e-02 -8.525585402410893257e-03 9.999528504569934473e-01 -4.648790862147462663e-03 -1.216204000000000035e-01 -9.401482899732749310e-03 4.568599153805526919e-03 9.999453685182295715e-01 6.309920299999999926e+00
9.999277583475963960e-01 7.523767193237947126e-03 9.373953977533776988e-03 -1.722699999999999926e-02 -7.459474442298255972e-03 9.999485450352406657e-01 -6.874847121943591412e-03 -1.223473000000000060e-01 -9.425196390296812499e-03 6.804425701508787054e-03 9.999324304491163939e-01 6.343552100000000138e+00
9.999342176295705764e-01 7.875823683272146006e-03 8.338573909762395792e-03 -1.691149999999999945e-02 -7.819027637401951628e-03 9.999461596117835693e-01 -6.822073324960895545e-03 -1.231504999999999961e-01 -8.391854404367668496e-03 6.756425012949385418e-03 9.999419620661492702e-01 6.377489999999999881e+00
9.999548402504903066e-01 6.130503392741288964e-03 7.261844653249483091e-03 -1.661810000000000023e-02 -6.081289038319988814e-03 9.999585244514609395e-01 -6.779918914665825080e-03 -1.238860999999999990e-01 -7.303107780167953332e-03 6.735451358938153443e-03 9.999506479380583235e-01 6.411298799999999964e+00
9.999612163330485748e-01 6.753398306437375341e-03 5.653091282174535319e-03 -1.641679999999999875e-02 -6.709169408954455439e-03 9.999470207676928180e-01 -7.806580791683548175e-03 -1.255117000000000038e-01 -5.705512735235865503e-03 7.768350476757702149e-03 9.999535488487943935e-01 6.478883299999999679e+00
9.999646959514246758e-01 6.819339280951836231e-03 4.909527731467118114e-03 -1.645649999999999891e-02 -6.783652183529667416e-03 9.999507138638843440e-01 -7.249269353595997126e-03 -1.264216999999999980e-01 -4.958720987076259065e-03 7.215708896522935248e-03 9.999616715811127099e-01 6.513194600000000278e+00
9.999752565759013612e-01 5.993133799660438008e-03 3.683555784780946640e-03 -1.621919999999999959e-02 -5.967117878330447517e-03 9.999574601529004347e-01 -7.033590035438346856e-03 -1.271413000000000126e-01 -3.725552333055420079e-03 7.011435788757969419e-03 9.999684795172264495e-01 6.547168700000000285e+00
9.999811317895050955e-01 5.522110519147133481e-03 2.691163390552962689e-03 -1.620380000000000084e-02 -5.506190463730855147e-03 9.999675084192082286e-01 -5.887611778801252714e-03 -1.278085999999999944e-01 -2.723587993336607383e-03 5.872682631905494673e-03 9.999790466140515699e-01 6.581231100000000112e+00
9.999720202269882785e-01 7.147676976647299868e-03 2.206689147422902404e-03 -1.629639999999999908e-02 -7.137788184122313695e-03 9.999645925115938638e-01 -4.457095798920396312e-03 -1.285817999999999961e-01 -2.238468895127153357e-03 4.441220210669144519e-03 9.999876323335433748e-01 6.615255399999999675e+00
9.999715006158212960e-01 7.106036768155706181e-03 2.549940703642711911e-03 -1.619750000000000009e-02 -7.095028982503308497e-03 9.999655835429371864e-01 -4.300266662729314640e-03 -1.292872999999999939e-01 -2.580410796736200881e-03 4.282052204581613536e-03 9.999875026764271091e-01 6.649486999999999703e+00
9.999672083426980329e-01 7.215628316664801124e-03 3.676540127212558039e-03 -1.636169999999999985e-02 -7.199418680891188881e-03 9.999643892016174540e-01 -4.403260075623012179e-03 -1.300933999999999979e-01 -3.708181490770646842e-03 4.376646733754700758e-03 9.999835470413498406e-01 6.683769200000000410e+00
9.999747254680846353e-01 6.011887964415756069e-03 3.795474691272424789e-03 -1.612109999999999932e-02 -5.994003415310832084e-03 9.999709623593857621e-01 -4.705992042179254868e-03 -1.307830000000000104e-01 -3.823656376561393108e-03 4.683123012170977741e-03 9.999817238383743589e-01 6.718124399999999774e+00
9.999837549531376268e-01 4.072336736044861530e-03 3.988220572072283428e-03 -1.621059999999999862e-02 -4.049195938121197269e-03 9.999750206844012501e-01 -5.793273641551801960e-03 -1.313941999999999888e-01 -4.011713110124387992e-03 5.777030443009241976e-03 9.999752657326993477e-01 6.752603500000000203e+00
9.999881056867367946e-01 2.270388868412261726e-03 4.316690797112451329e-03 -1.619589999999999919e-02 -2.236362834255284631e-03 9.999665225435540039e-01 -7.870989354940079175e-03 -1.321807000000000121e-01 -4.334416491899147940e-03 7.861242048061364840e-03 9.999597060417667604e-01 6.787018800000000240e+00
9.999899875304708585e-01 1.780497732892717460e-03 4.105443536557501841e-03 -1.613660000000000094e-02 -1.745461551841184745e-03 9.999621643442204721e-01 -8.521927246412324894e-03 -1.331525000000000070e-01 -4.120461476551144642e-03 8.514676027029126001e-03 9.999552600438555983e-01 6.821551300000000317e+00
9.999961017439106259e-01 1.982930119691772054e-03 1.965829372739797028e-03 -1.618740000000000109e-02 -1.964221814942949430e-03 9.999531968471672139e-01 -9.473433790985500910e-03 -1.340462000000000042e-01 -1.984522522928272581e-03 9.469535536176148030e-03 9.999531936881271843e-01 6.855985200000000113e+00
9.999955528935987603e-01 2.973640616361768099e-03 -2.272762867197426176e-04 -1.626179999999999987e-02 -2.975497106020741789e-03 9.999580867355886138e-01 -8.658590478431989201e-03 -1.348610000000000086e-01 2.015192245015342176e-04 8.659228232692248867e-03 9.999624878746283807e-01 6.890801899999999591e+00
9.999902455288828262e-01 4.384805172903552019e-03 -5.313479841889047917e-04 -1.645229999999999956e-02 -4.387542959469075722e-03 9.999765099805757451e-01 -5.265828885009101769e-03 -1.357717999999999980e-01 5.082458690798222645e-04 5.268108831740391483e-03 9.999859942596563966e-01 6.925669700000000262e+00
9.999977786461444751e-01 2.097600599992652595e-03 -2.068199687311268232e-04 -1.645949999999999844e-02 -2.097995044777645202e-03 9.999959448797341999e-01 -1.925783186009784754e-03 -1.365641999999999967e-01 2.027796060848504028e-04 1.926212815433438717e-03 9.999981242905513490e-01 6.960450599999999710e+00
9.999984027091519678e-01 1.786560858053276406e-03 -5.272044298412247097e-05 -1.658130000000000021e-02 -1.786636837537461560e-03 9.999973114924518569e-01 -1.478153131064538191e-03 -1.371061000000000085e-01 5.007949071864477514e-05 1.478244962309596894e-03 9.999989061413396829e-01 6.995414700000000430e+00
9.999997187101133944e-01 7.037642955097471583e-04 2.594137823182012187e-04 -1.666360000000000063e-02 -7.030342900806952006e-04 9.999958230880449106e-01 -2.803488764124720777e-03 -1.377058999999999922e-01 -2.613856940647263111e-04 2.803305598747395273e-03 9.999960365697651010e-01 7.030443199999999671e+00
9.999996626423786061e-01 -3.012685166716390557e-04 7.641677890728816374e-04 -1.678879999999999956e-02 3.031309664889657155e-04 9.999969814404663371e-01 -2.438282504682117661e-03 -1.391338000000000019e-01 -7.634309046335047708e-04 2.438513325029393383e-03 9.999967354076799708e-01 7.100297900000000162e+00
9.999992063760334560e-01 -3.841459931689374064e-04 1.199866308873736654e-03 -1.694139999999999882e-02 3.870533391592284210e-04 9.999969877679156793e-01 -2.423766657053876526e-03 -1.398670999999999942e-01 -1.198931614348260283e-03 2.424229145755962822e-03 9.999963428313290992e-01 7.135181000000000218e+00
9.999974550833357068e-01 1.242804388496225338e-03 1.882887172372957243e-03 -1.706140000000000087e-02 -1.236390487283825241e-03 9.999934428523228336e-01 -3.403761290257631238e-03 -1.406844999999999901e-01 -1.887105035472634411e-03 3.401424644180251790e-03 9.999924345438694351e-01 7.170008700000000346e+00
9.999947710235617127e-01 2.123031719670874160e-03 2.439397846141360369e-03 -1.721429999999999835e-02 -2.113354574324714102e-03 9.999899150217074206e-01 -3.962775204511568249e-03 -1.414463999999999999e-01 -2.447786342324138192e-03 3.957599170656652017e-03 9.999891728167994431e-01 7.205022800000000061e+00
9.999944865238376002e-01 -5.035455301616731253e-04 3.282280278321470738e-03 -1.723620000000000013e-02 5.072528770808801745e-04 9.999992342873980089e-01 -1.128768858707520717e-03 -1.429257999999999917e-01 -3.281709378524710116e-03 1.130427581381889717e-03 9.999939762403763366e-01 7.275208499999999745e+00
9.999933806523330082e-01 -2.012360278852562932e-03 3.031345844074695081e-03 -1.714620000000000033e-02 2.018830649727084738e-03 9.999956874305369059e-01 -2.132942365746941064e-03 -1.436995000000000078e-01 -3.027040522691265209e-03 2.139048020959809573e-03 9.999931307260255808e-01 7.310171099999999811e+00
9.999952542246656195e-01 -6.083113859758742517e-04 3.020179697312294284e-03 -1.721239999999999923e-02 6.140866735861717730e-04 9.999979841976730510e-01 -1.911674174074550273e-03 -1.444411999999999918e-01 -3.019010716060667281e-03 1.913519753802362788e-03 9.999936119878207741e-01 7.345017399999999697e+00
9.999952531370098763e-01 1.401660629866404145e-03 2.743911610517584757e-03 -1.737129999999999924e-02 -1.390330080176280063e-03 9.999905177797593359e-01 -4.126903541034554306e-03 -1.451259000000000021e-01 -2.749670110360097428e-03 4.123069008339423809e-03 9.999877197327158296e-01 7.379698799999999892e+00
9.999924305535383695e-01 3.027939681260007499e-03 2.443443658732769291e-03 -1.764620000000000077e-02 -3.010812233022749831e-03 9.999710855985641800e-01 -6.983049228417056824e-03 -1.460100000000000009e-01 -2.464517259876850778e-03 6.975639620541369650e-03 9.999726329288016746e-01 7.414171200000000184e+00
9.999873294729163531e-01 4.830212417786985957e-03 1.417724100179953940e-03 -1.770340000000000108e-02 -4.820906783794478775e-03 9.999672837561275340e-01 -6.495404157899675734e-03 -1.468363000000000029e-01 -1.449051899394580541e-03 6.488487141973267591e-03 9.999778996473879245e-01 7.448980299999999666e+00
9.999855531739897385e-01 5.318939017077284857e-03 7.760998919672382809e-04 -1.801840000000000039e-02 -5.316610693943323203e-03 9.999814506460861230e-01 -2.971870535247914287e-03 -1.475986999999999993e-01 -7.918926939593021186e-04 2.967701380166165581e-03 9.999952828161138285e-01 7.483492400000000266e+00
9.999740136429621229e-01 7.038080156165380484e-03 -1.561238771136302331e-03 -1.842330000000000009e-02 -7.040224563939973153e-03 9.999742756670043642e-01 -1.372312770246901731e-03 -1.490055999999999881e-01 1.551540162033940642e-03 1.383268580384015801e-03 9.999978396432465111e-01 7.552446400000000004e+00
9.999776828850619470e-01 4.292646808011709413e-03 -5.119269010726342634e-03 -1.877550000000000052e-02 -4.300502938019376033e-03 9.999895905799998097e-01 -1.524600316273736237e-03 -1.504289000000000043e-01 5.112671151423969773e-03 1.546581723014383387e-03 9.999857342375797487e-01 7.621268699999999896e+00
9.999722498159542283e-01 2.690282922914359089e-03 -6.947083979160729658e-03 -1.913799999999999876e-02 -2.701278247994379905e-03 9.999951130695799995e-01 -1.573827431729971082e-03 -1.519449999999999967e-01 6.942815988181503389e-03 1.592549764568981438e-03 9.999746302238879947e-01 7.690045399999999809e+00
9.999736217640947666e-01 1.819679618751202229e-03 -7.031681312762169157e-03 -2.004179999999999851e-02 -1.840692110861492621e-03 9.999938569279430700e-01 -2.982944674200566429e-03 -1.531733999999999873e-01 7.026210113009678619e-03 2.995809149700751246e-03 9.999708283239998607e-01 7.759140000000000370e+00
9.999756630972364002e-01 2.318795519377861859e-04 -6.972764524606054129e-03 -2.075029999999999930e-02 -2.557167956666254300e-04 9.999941261834170980e-01 -3.417924455630742906e-03 -1.547252000000000072e-01 6.971931021074831772e-03 3.419624326936783216e-03 9.999698487191001073e-01 7.828132199999999763e+00
9.999753105168378564e-01 3.863683449025228267e-04 -7.016343510390215740e-03 -2.109569999999999848e-02 -4.144251340159160984e-04 9.999919230391413061e-01 -3.997762910479831476e-03 -1.554952000000000001e-01 7.014742230619276306e-03 4.000571956879362713e-03 9.999673938761483027e-01 7.862287000000000248e+00
9.999747209658211844e-01 -2.762551888404318886e-08 -7.110374767009514096e-03 -2.184260000000000021e-02 -3.362731840159185077e-05 9.999887982682125198e-01 -4.733097009321955012e-03 -1.569504999999999928e-01 7.110295249252726948e-03 4.733216464037130061e-03 9.999635195162737134e-01 7.931074100000000016e+00
9.999714632240026546e-01 -2.181932195994594828e-03 -7.232697252003345012e-03 -2.250860000000000014e-02 2.149626439769709331e-03 9.999876927908466495e-01 -4.471394973462093116e-03 -1.583787000000000111e-01 7.242364518339127963e-03 4.455719777021583707e-03 9.999638467051956692e-01 7.999311900000000364e+00
9.999671627308441835e-01 -4.019945964967528221e-03 -7.036582584185541514e-03 -2.314189999999999997e-02 3.986365188263842410e-03 9.999806307719382170e-01 -4.779850786619876425e-03 -1.598468999999999862e-01 7.055661032895512233e-03 4.751643441515130718e-03 9.999638191114684771e-01 8.068055199999999871e+00
9.999748127589107582e-01 -1.996413142336389036e-03 -6.810887045493202799e-03 -2.373130000000000031e-02 1.967152762715361144e-03 9.999888195926225354e-01 -4.300116249773460256e-03 -1.613913999999999904e-01 6.819395705596054472e-03 4.286609886440681527e-03 9.999675598827653111e-01 8.136600500000000125e+00
9.999791737896054356e-01 -6.310691198286335051e-04 -6.422907349808500144e-03 -2.414929999999999854e-02 6.093225967258263358e-04 9.999940778869221836e-01 -3.387169475730628272e-03 -1.620945000000000025e-01 6.425006850684646456e-03 3.383185311241569335e-03 9.999736363245375070e-01 8.170847900000000053e+00
9.999815210946633171e-01 -2.969370962765314993e-04 -6.072009351459697890e-03 -2.451220000000000135e-02 2.734592096017562923e-04 9.999924855790823797e-01 -3.867040913836977418e-03 -1.627280000000000115e-01 6.073111991725752695e-03 3.865309008276052952e-03 9.999740880127876430e-01 8.205328899999999592e+00
9.999841801983210265e-01 -4.250153860516779798e-04 -5.608806915339731129e-03 -2.496179999999999927e-02 3.989791795612417872e-04 9.999891447581416015e-01 -4.642325009604058098e-03 -1.634510000000000129e-01 5.610719089940262826e-03 4.640013771761677258e-03 9.999734947004803587e-01 8.239800499999999417e+00
9.999841675239907746e-01 -5.170168140040291372e-04 -5.603337841422192239e-03 -2.526000000000000120e-02 4.897762167676216827e-04 9.999880615504045389e-01 -4.861777033333568830e-03 -1.642087000000000130e-01 5.605784566727977855e-03 4.858955677756084633e-03 9.999724824859497208e-01 8.274377799999999894e+00
9.999862293610249919e-01 3.523367809497611534e-04 -5.236119470795977740e-03 -2.560679999999999901e-02 -3.796582455966910990e-04 9.999863150838340653e-01 -5.217806500020933692e-03 -1.648980999999999919e-01 5.234209389794148432e-03 5.219722583423396824e-03 9.999726784008731162e-01 8.309046699999999674e+00
9.999864239590072756e-01 1.818905699404114486e-03 -4.882978571858775235e-03 -2.601470000000000171e-02 -1.843470396560362504e-03 9.999856457256504072e-01 -5.030900471195290727e-03 -1.656567999999999929e-01 4.873757746704518792e-03 5.039833797928524109e-03 9.999754229783428539e-01 8.343807200000000535e+00
9.999830279210337736e-01 3.572378525839358353e-03 -4.602388678628938426e-03 -2.636869999999999839e-02 -3.593971244443759129e-03 9.999825343990181858e-01 -4.691936445697764135e-03 -1.663764000000000076e-01 4.585546922141501419e-03 4.708397666348649452e-03 9.999784016421756627e-01 8.378688800000000825e+00
9.999810441934432470e-01 4.679008469390332284e-03 -4.002266049908713430e-03 -2.672690000000000135e-02 -4.698918372881534522e-03 9.999765605788594192e-01 -4.979805116651032926e-03 -1.672628999999999921e-01 3.978871688792528366e-03 4.998517041903627334e-03 9.999795914954794362e-01 8.413343400000000472e+00
9.999760220014443091e-01 5.846239139984040455e-03 -3.711726025072059273e-03 -2.700400000000000023e-02 -5.867641638942241826e-03 9.999660706673619837e-01 -5.781720822862491428e-03 -1.680283999999999944e-01 3.677798766114013726e-03 5.803361266946009504e-03 9.999763971185726685e-01 8.448200200000000493e+00
9.999741907731229951e-01 6.220736203109836389e-03 -3.594471968039330244e-03 -2.716189999999999924e-02 -6.243122855171575301e-03 9.999609747624058631e-01 -6.250789488877648084e-03 -1.686911000000000105e-01 3.555447180445272214e-03 6.273068890929508687e-03 9.999740033631057123e-01 8.482486700000000823e+00
9.999675517077116771e-01 7.199446000546417916e-03 -3.614347654847788367e-03 -2.736629999999999965e-02 -7.218387287531736855e-03 9.999601381923955978e-01 -5.255179465267590527e-03 -1.694132000000000138e-01 3.576369199633581616e-03 5.281098704832747417e-03 9.999796595830425794e-01 8.517383600000000499e+00
9.999593208070871597e-01 8.293938921167722661e-03 -3.545039943475420015e-03 -2.749000000000000055e-02 -8.311838726949370704e-03 9.999526299428392884e-01 -5.064702101437104295e-03 -1.701465000000000061e-01 3.502865684847431341e-03 5.093961873734035792e-03 9.999808905596260233e-01 8.552191699999999841e+00
9.999529361700857377e-01 9.019909562517093235e-03 -3.573048601476178001e-03 -2.775769999999999973e-02 -9.039012753369385020e-03 9.999447448161117302e-01 -5.366895106627628600e-03 -1.709839999999999971e-01 3.524442263525365184e-03 5.398939351866314032e-03 9.999792146642878521e-01 8.587200199999999839e+00
9.999451788798587870e-01 1.012593627032110956e-02 -2.665454853605950507e-03 -2.823229999999999837e-02 -1.014169582115463479e-02 9.999307684266097729e-01 -5.966938883622975760e-03 -1.715114000000000083e-01 2.604849477108167870e-03 5.993644001699854028e-03 9.999786452673790071e-01 8.621817599999999970e+00
