0.208254 0.0000000 0.0000000 0.0000000 0.0000000 0.0000000 0.0000000 1.0000000
0.312504 0.0000436 -0.0005941 0.0361622 0.0004763 -0.0001422 0.0008138 0.9999995
0.416625 0.0000866 -0.0012750 0.0722676 0.0004362 -0.0001998 0.0009508 0.9999994
0.520755 0.0000159 -0.0018698 0.1085984 -0.0000173 -0.0002468 0.0012092 0.9999992
0.625004 -0.0000563 -0.0024910 0.1447314 -0.0005906 -0.0002187 0.0020563 0.9999977
0.729128 -0.0002217 -0.0030227 0.1809495 -0.0007536 -0.0002300 0.0016706 0.9999983
0.833252 -0.0004424 -0.0035474 0.2173939 0.0002405 -0.0003439 0.0012767 0.9999991
0.937506 -0.0008151 -0.0042355 0.2535895 0.0012736 -0.0003126 -0.0000866 0.9999991
1.041630 -0.0009989 -0.0048952 0.2903544 0.0017609 -0.0003096 -0.0018592 0.9999967
1.145875 -0.0013560 -0.0056090 0.3269008 0.0017929 -0.0002449 -0.0031146 0.9999935
1.250003 -0.0015975 -0.0062978 0.3633827 0.0013953 -0.0001021 -0.0035415 0.9999927
1.354255 -0.0017033 -0.0070003 0.4003501 -0.0000664 0.0001237 -0.0022454 0.9999974
1.458401 -0.0015970 -0.0076507 0.4371187 -0.0009862 0.0000698 -0.0001199 0.9999995
1.562526 -0.0017559 -0.0083575 0.4735516 0.0001505 -0.0000047 0.0009538 0.9999995
1.666754 -0.0019223 -0.0089133 0.5103535 0.0012000 0.0000134 0.0015844 0.9999980
1.771007 -0.0020117 -0.0096381 0.5474112 0.0019462 0.0002784 0.0004850 0.9999980
1.875129 -0.0023454 -0.0102254 0.5846946 0.0009897 0.0006856 -0.0007816 0.9999990
1.979377 -0.0025589 -0.0109156 0.6222723 -0.0009149 0.0010075 -0.0010768 0.9999985
2.083502 -0.0026243 -0.0114125 0.6593968 -0.0018680 0.0011485 -0.0000911 0.9999976
2.187759 -0.0026597 -0.0118627 0.6966795 -0.0008519 0.0009597 0.0020417 0.9999971
2.396132 -0.0027967 -0.0130996 0.7716578 0.0015366 0.0013087 0.0022642 0.9999954
2.604383 -0.0030861 -0.0147384 0.8467048 0.0029687 0.0018236 0.0000317 0.9999939
2.708628 -0.0030381 -0.0154899 0.8845340 0.0026571 0.0017100 -0.0001140 0.9999950
2.812757 -0.0032088 -0.0162706 0.9220864 0.0021200 0.0017305 -0.0003050 0.9999962
2.916881 -0.0032486 -0.0169853 0.9601154 0.0013259 0.0015550 -0.0008676 0.9999976
3.021006 -0.0032446 -0.0178019 0.9977826 0.0010977 0.0014488 -0.0022340 0.9999958
3.125256 -0.0034554 -0.0183926 1.0359269 0.0013800 0.0016548 -0.0034532 0.9999917
3.333502 -0.0039114 -0.0198775 1.1116203 0.0011218 0.0014849 -0.0048801 0.9999864
3.541754 -0.0042965 -0.0215989 1.1875241 0.0012789 0.0010845 -0.0041879 0.9999898
3.750007 -0.0045744 -0.0229176 1.2643949 0.0008157 0.0000005 -0.0040811 0.9999914
3.958276 -0.0048354 -0.0245252 1.3407782 0.0004759 -0.0012039 -0.0039513 0.9999914
4.062383 -0.0051852 -0.0251433 1.3795344 0.0001522 -0.0016691 -0.0041238 0.9999901
4.270633 -0.0055075 -0.0265273 1.4568304 -0.0004397 -0.0023500 -0.0026059 0.9999937
4.478884 -0.0061446 -0.0280164 1.5341530 -0.0002975 -0.0025847 -0.0008285 0.9999962
4.687259 -0.0067642 -0.0291873 1.6115541 -0.0008980 -0.0021934 0.0004552 0.9999971
4.895505 -0.0070275 -0.0307482 1.6884220 -0.0004635 -0.0018471 0.0021222 0.9999959
5.103758 -0.0076479 -0.0323287 1.7650893 -0.0002096 -0.0011894 0.0010464 0.9999987
5.311998 -0.0083147 -0.0335982 1.8416272 -0.0014734 -0.0005918 -0.0023709 0.9999959
5.520244 -0.0091035 -0.0349269 1.9176012 -0.0015906 0.0001359 -0.0063526 0.9999785
5.728633 -0.0097023 -0.0363873 1.9928186 -0.0013381 0.0009272 -0.0088244 0.9999597
5.832639 -0.0098325 -0.0370514 2.0308158 -0.0014570 0.0010577 -0.0089998 0.9999579
6.040889 -0.0102754 -0.0382115 2.1054816 -0.0007725 0.0012469 -0.0080925 0.9999662
6.145012 -0.0103274 -0.0390686 2.1430099 -0.0007470 0.0009627 -0.0079144 0.9999679
6.561386 -0.0111852 -0.0414074 2.2914608 -0.0011969 -0.0001939 -0.0071247 0.9999739
6.769636 -0.0116237 -0.0427281 2.3647718 -0.0018228 -0.0011654 -0.0054255 0.9999830
6.873636 -0.0118960 -0.0433916 2.4015338 -0.0019084 -0.0015443 -0.0040926 0.9999886
7.081885 -0.0124759 -0.0445935 2.4754775 -0.0014274 -0.0019605 -0.0030414 0.9999924
7.290011 -0.0128800 -0.0459065 2.5484357 -0.0008731 -0.0021820 -0.0031396 0.9999923
7.394135 -0.0131468 -0.0466571 2.5851135 -0.0005578 -0.0021566 -0.0036468 0.9999909
7.498256 -0.0136829 -0.0472812 2.6214452 -0.0006362 -0.0018969 -0.0044574 0.9999881
7.706383 -0.0145028 -0.0486933 2.6940298 -0.0020414 -0.0016760 -0.0053638 0.9999821
7.810511 -0.0147202 -0.0493904 2.7303047 -0.0014889 -0.0017165 -0.0047393 0.9999862
7.914632 -0.0150388 -0.0499656 2.7664835 -0.0002182 -0.0016540 -0.0048003 0.9999871
8.122760 -0.0153906 -0.0512079 2.8384111 -0.0002115 -0.0017709 -0.0035083 0.9999923
8.331011 -0.0160063 -0.0525768 2.9103031 -0.0016255 -0.0009328 -0.0014819 0.9999971
8.539282 -0.0164961 -0.0536048 2.9814312 0.0004310 -0.0001366 -0.0023235 0.9999972
8.643387 -0.0166526 -0.0541935 3.0172217 0.0015489 0.0003641 -0.0031938 0.9999936
8.747509 -0.0168936 -0.0549678 3.0530331 0.0014397 0.0010311 -0.0048681 0.9999866
8.851635 -0.0170851 -0.0556780 3.0888906 0.0005087 0.0017883 -0.0056075 0.9999825
9.059886 -0.0169658 -0.0569336 3.1605949 -0.0007802 0.0026747 -0.0052956 0.9999821
9.268135 -0.0167217 -0.0580908 3.2322898 -0.0002437 0.0036956 -0.0065871 0.9999714
9.476392 -0.0163538 -0.0596217 3.3039219 0.0002498 0.0048318 -0.0078090 0.9999578
9.684640 -0.0160562 -0.0607577 3.3758724 0.0009082 0.0058680 -0.0079036 0.9999511
9.788784 -0.0157703 -0.0614600 3.4116290 0.0002928 0.0062435 -0.0078353 0.9999498
9.997010 -0.0150730 -0.0626721 3.4835978 -0.0002127 0.0067570 -0.0067449 0.9999544
10.205260 -0.0143696 -0.0640863 3.5548987 -0.0008119 0.0066476 -0.0046170 0.9999669
10.413390 -0.0139833 -0.0653224 3.6265490 -0.0005685 0.0059102 -0.0031534 0.9999774
10.621640 -0.0134380 -0.0663969 3.6983602 -0.0010437 0.0048591 -0.0016928 0.9999862
10.829890 -0.0133864 -0.0676016 3.7703495 -0.0007857 0.0037941 -0.0014678 0.9999914
10.934020 -0.0131466 -0.0682607 3.8065774 -0.0006123 0.0031072 -0.0015632 0.9999937
11.142270 -0.0128345 -0.0694975 3.8786416 0.0008891 0.0020649 0.0024062 0.9999946
11.350520 -0.0120572 -0.0707768 3.9510422 -0.0010583 0.0007040 0.0095481 0.9999536
11.454640 -0.0120185 -0.0715537 3.9865670 0.0005051 0.0002119 0.0111756 0.9999374
11.663020 -0.0123141 -0.0732557 4.0587096 0.0029969 0.0009114 0.0089020 0.9999555
11.871260 -0.0123452 -0.0750193 4.1308837 0.0010869 0.0016209 0.0106763 0.9999411
12.079640 -0.0119375 -0.0760654 4.2028718 -0.0005939 0.0019209 0.0148387 0.9998879
12.287890 -0.0118904 -0.0772699 4.2750411 -0.0009172 0.0024229 0.0146731 0.9998890
12.496260 -0.0118238 -0.0786286 4.3476939 0.0005662 0.0033338 0.0108932 0.9999350
12.704520 -0.0119515 -0.0798573 4.4202547 0.0003669 0.0040229 0.0084719 0.9999560
12.912790 -0.0116237 -0.0811844 4.4937615 0.0018875 0.0035998 0.0064664 0.9999709
13.016890 -0.0115912 -0.0819697 4.5302906 0.0032695 0.0032291 0.0045493 0.9999791
13.121140 -0.0116937 -0.0827294 4.5665932 0.0039389 0.0032213 0.0017503 0.9999855
13.329390 -0.0120129 -0.0843388 4.6403141 0.0023488 0.0037433 -0.0018857 0.9999884
13.537640 -0.0117790 -0.0856410 4.7140365 0.0008545 0.0033819 -0.0009028 0.9999935
13.745910 -0.0114455 -0.0871133 4.7887502 0.0029495 0.0013890 0.0005530 0.9999945
13.954150 -0.0119843 -0.0889333 4.8633485 0.0054577 0.0004032 -0.0029805 0.9999806
14.162520 -0.0122717 -0.0905872 4.9378042 0.0032709 0.0004271 -0.0056057 0.9999788
14.370770 -0.0126141 -0.0921452 5.0130339 0.0019131 0.0006496 -0.0058362 0.9999809
14.579010 -0.0126623 -0.0937695 5.0885944 0.0013201 0.0006858 -0.0036235 0.9999923
14.787290 -0.0125199 -0.0951649 5.1640520 0.0008265 0.0009376 -0.0007963 0.9999989
14.995520 -0.0124219 -0.0965920 5.2402816 0.0001060 0.0013852 0.0027769 0.9999952
15.203790 -0.0127886 -0.0982502 5.3170767 0.0047866 0.0016808 -0.0018974 0.9999853
15.308020 -0.0131758 -0.0990817 5.3560891 0.0048722 0.0023039 -0.0064195 0.9999649
15.412140 -0.0137718 -0.1000877 5.3948679 0.0029741 0.0030961 -0.0102633 0.9999381
15.620390 -0.0135873 -0.1015606 5.4721308 0.0017421 0.0031065 -0.0099652 0.9999440
15.828640 -0.0132333 -0.1031558 5.5499802 0.0020315 0.0020143 -0.0071491 0.9999704
15.932650 -0.0133665 -0.1040419 5.5890865 0.0022206 0.0016653 -0.0074582 0.9999683
16.140900 -0.0134826 -0.1058621 5.6673946 0.0015589 0.0016358 -0.0086793 0.9999598
16.245020 -0.0135881 -0.1066841 5.7066226 0.0018860 0.0015012 -0.0083985 0.9999619
16.349140 -0.0136657 -0.1074596 5.7459431 0.0023972 0.0012996 -0.0081017 0.9999635
16.557390 -0.0136954 -0.1092862 5.8248558 0.0025284 0.0009516 -0.0080277 0.9999641
16.661520 -0.0139717 -0.1099842 5.8645387 0.0027192 0.0009028 -0.0079100 0.9999646
16.765650 -0.0141330 -0.1109715 5.9044232 0.0026178 0.0006874 -0.0079633 0.9999646
16.869650 -0.0144232 -0.1117259 5.9441519 0.0029006 0.0005335 -0.0084196 0.9999602
17.077890 -0.0147732 -0.1134686 6.0244203 0.0029631 0.0001474 -0.0085591 0.9999590
17.182030 -0.0151144 -0.1143951 6.0645890 0.0030174 0.0003208 -0.0082023 0.9999617
17.286140 -0.0150477 -0.1152506 6.1046896 0.0031444 0.0001446 -0.0074926 0.9999670
17.390270 -0.0154288 -0.1161562 6.1448364 0.0030454 0.0003119 -0.0071913 0.9999695
17.494400 -0.0154361 -0.1171089 6.1854172 0.0026045 0.0003250 -0.0064251 0.9999759
17.598420 -0.0158159 -0.1180022 6.2254963 0.0025282 0.0004186 -0.0064662 0.9999758
17.702520 -0.0159133 -0.1187791 6.2659292 0.0027104 0.0003519 -0.0067905 0.9999732
17.910650 -0.0164639 -0.1208113 6.3469496 0.0025526 0.0009361 -0.0077901 0.9999660
18.014770 -0.0166038 -0.1216130 6.3877454 0.0015767 0.0011974 -0.0079915 0.9999661
18.223020 -0.0166100 -0.1232414 6.4687390 0.0023190 0.0016305 -0.0082894 0.9999616
18.327020 -0.0167554 -0.1244324 6.5091901 0.0027248 0.0019357 -0.0082590 0.9999603
18.535360 -0.0166284 -0.1260995 6.5902815 0.0019555 0.0019008 -0.0083034 0.9999618
18.639420 -0.0166194 -0.1269947 6.6308784 0.0018152 0.0017603 -0.0086019 0.9999598
18.743480 -0.0166133 -0.1277689 6.6713796 0.0018468 0.0015656 -0.0085720 0.9999603
18.951650 -0.0170754 -0.1294670 6.7524433 0.0017400 0.0020392 -0.0098327 0.9999481
19.055650 -0.0170802 -0.1303205 6.7928271 0.0015158 0.0020584 -0.0100338 0.9999464
19.159650 -0.0169688 -0.1310254 6.8337436 0.0014408 0.0020193 -0.0093310 0.9999534
19.263770 -0.0169543 -0.1318462 6.8745298 0.0010420 0.0019081 -0.0082766 0.9999634
19.471780 -0.0161774 -0.1332573 6.9561419 0.0012237 0.0014310 -0.0065121 0.9999770
19.575900 -0.0160895 -0.1341106 6.9968543 0.0016167 0.0013108 -0.0058919 0.9999804
19.679910 -0.0158194 -0.1348857 7.0377736 0.0007627 0.0014129 -0.0050671 0.9999859
19.784020 -0.0160990 -0.1356443 7.0781937 -0.0000189 0.0017990 -0.0040459 0.9999902
19.888070 -0.0159832 -0.1359475 7.1192064 0.0006925 0.0017527 -0.0038257 0.9999909
19.992130 -0.0160195 -0.1367978 7.1596255 0.0010383 0.0019928 -0.0036497 0.9999908
20.096150 -0.0161538 -0.1373706 7.2001576 0.0014044 0.0024521 -0.0042235 0.9999871
20.200150 -0.0161080 -0.1383415 7.2410941 0.0012777 0.0028873 -0.0050269 0.9999824
20.304270 -0.0162231 -0.1390624 7.2816248 0.0015619 0.0033840 -0.0061240 0.9999743
20.408270 -0.0159654 -0.1400064 7.3226247 0.0014762 0.0036194 -0.0063796 0.9999720
20.512310 -0.0159982 -0.1409660 7.3630242 0.0014133 0.0042192 -0.0064375 0.9999694
20.616400 -0.0159730 -0.1417253 7.4033589 0.0018703 0.0047282 -0.0068109 0.9999639
20.720420 -0.0158223 -0.1424033 7.4440818 0.0023064 0.0052286 -0.0062669 0.9999641
20.824520 -0.0153133 -0.1434864 7.4848862 0.0018960 0.0053161 -0.0058711 0.9999669
20.928690 -0.0149421 -0.1443040 7.5258279 0.0014283 0.0056547 -0.0054836 0.9999679
21.032780 -0.0144985 -0.1452195 7.5661550 0.0013416 0.0059371 -0.0049011 0.9999695
21.136780 -0.0139652 -0.1460989 7.6066484 0.0025405 0.0057622 -0.0044779 0.9999701
21.240880 -0.0137716 -0.1470420 7.6471734 0.0036201 0.0056855 -0.0041718 0.9999686
21.344920 -0.0131413 -0.1479005 7.6879163 0.0037980 0.0051045 -0.0044697 0.9999698
21.448900 -0.0127678 -0.1488232 7.7285571 0.0036209 0.0046533 -0.0033397 0.9999771
21.657020 -0.0123118 -0.1508767 7.8098536 0.0040682 0.0037491 -0.0034676 0.9999787
21.761020 -0.0121960 -0.1519484 7.8508811 0.0037997 0.0033200 -0.0034713 0.9999812
21.865030 -0.0119542 -0.1528338 7.8921261 0.0037446 0.0028394 -0.0033099 0.9999835
21.969150 -0.0118226 -0.1535901 7.9333854 0.0032995 0.0022808 -0.0031848 0.9999869
22.073170 -0.0119054 -0.1544943 7.9741449 0.0026340 0.0020965 -0.0040369 0.9999862
22.281150 -0.0117812 -0.1561441 8.0566101 0.0027188 0.0028663 -0.0041056 0.9999838
22.385270 -0.0114857 -0.1569113 8.0983200 0.0029633 0.0029645 -0.0035616 0.9999849
22.489270 -0.0113793 -0.1578512 8.1397648 0.0034452 0.0029242 -0.0025109 0.9999866
22.697420 -0.0109263 -0.1600203 8.2230425 0.0048601 0.0029133 -0.0013677 0.9999830
22.801400 -0.0109781 -0.1611665 8.2647648 0.0053650 0.0018925 -0.0013747 0.9999829
22.905400 -0.0109810 -0.1623195 8.3070459 0.0048624 0.0007879 -0.0017597 0.9999863
23.009400 -0.0110821 -0.1633887 8.3491478 0.0032335 0.0005809 -0.0025004 0.9999915
23.113490 -0.0111032 -0.1641930 8.3914127 0.0016935 0.0008497 -0.0014495 0.9999971
23.217420 -0.0112037 -0.1650036 8.4336424 0.0014391 0.0009334 -0.0013546 0.9999976
23.321400 -0.0112546 -0.1658104 8.4759951 0.0019815 0.0010597 -0.0007024 0.9999973
23.529550 -0.0113076 -0.1676146 8.5600166 0.0018553 0.0013474 -0.0001979 0.9999974
23.633550 -0.0114206 -0.1684089 8.6022587 0.0019003 0.0015253 -0.0002679 0.9999970
23.737530 -0.0115667 -0.1694159 8.6445551 0.0023547 0.0018573 -0.0008513 0.9999951
23.841660 -0.0116768 -0.1703961 8.6868067 0.0026604 0.0021645 -0.0013098 0.9999933
23.945650 -0.0115599 -0.1715031 8.7292404 0.0015551 0.0024803 -0.0005096 0.9999956
24.049650 -0.0115202 -0.1723454 8.7713718 0.0012183 0.0025629 -0.0001011 0.9999959
24.153670 -0.0113615 -0.1733317 8.8133984 0.0017454 0.0025051 0.0006858 0.9999951
24.257780 -0.0111700 -0.1743666 8.8552418 0.0015569 0.0024743 0.0000798 0.9999957
24.361780 -0.0113762 -0.1752353 8.8973751 0.0028003 0.0023703 -0.0012403 0.9999925
24.465780 -0.0115534 -0.1762867 8.9390411 0.0042290 0.0021514 -0.0020134 0.9999867
24.569780 -0.0116630 -0.1773389 8.9809637 0.0039226 0.0017442 -0.0026373 0.9999873
24.673900 -0.0118266 -0.1782929 9.0228977 0.0022529 0.0012738 -0.0030587 0.9999920
24.777900 -0.0119201 -0.1791400 9.0650597 0.0008676 0.0006092 -0.0034752 0.9999934
24.986020 -0.0121277 -0.1811376 9.1476994 0.0020721 -0.0009450 -0.0034805 0.9999914
25.194150 -0.0127381 -0.1829206 9.2309990 0.0011822 -0.0022189 -0.0018856 0.9999951
25.298280 -0.0130713 -0.1836668 9.2729673 0.0016225 -0.0025314 -0.0015017 0.9999943
25.402400 -0.0134044 -0.1845406 9.3144732 0.0021394 -0.0026074 -0.0012817 0.9999935
25.610540 -0.0142738 -0.1864470 9.3979759 0.0022437 -0.0026683 -0.0010602 0.9999933
25.714650 -0.0144931 -0.1873948 9.4392815 0.0025448 -0.0028070 -0.0005901 0.9999927
25.818650 -0.0148687 -0.1884156 9.4805403 0.0027872 -0.0027757 -0.0006072 0.9999921
25.922780 -0.0152771 -0.1892823 9.5223503 0.0028705 -0.0027265 -0.0003644 0.9999921
26.026980 -0.0157250 -0.1903554 9.5637465 0.0031564 -0.0026400 -0.0005929 0.9999914
26.235050 -0.0164766 -0.1923370 9.6460896 0.0029289 -0.0026405 0.0005741 0.9999921
26.443290 -0.0172896 -0.1941480 9.7289915 0.0031689 -0.0026165 0.0015443 0.9999903
26.547800 -0.0175638 -0.1952466 9.7702770 0.0033371 -0.0025538 0.0011604 0.9999905
26.757930 -0.0181806 -0.1972784 9.8530054 0.0022959 -0.0023207 -0.0002320 0.9999946
26.862580 -0.0186666 -0.1982308 9.8944206 0.0023990 -0.0021035 -0.0001698 0.9999949
26.963660 -0.0190560 -0.1990876 9.9359331 0.0028383 -0.0019015 -0.0001732 0.9999942
27.067820 -0.0195103 -0.1998812 9.9776001 0.0031144 -0.0017257 -0.0002807 0.9999936
27.171920 -0.0197493 -0.2008830 10.0193415 0.0032203 -0.0016001 -0.0006462 0.9999933
27.276060 -0.0201880 -0.2018594 10.0611935 0.0031312 -0.0014219 -0.0015142 0.9999929
27.380140 -0.0204896 -0.2027027 10.1030540 0.0030243 -0.0012534 -0.0023697 0.9999918
27.484700 -0.0207266 -0.2038023 10.1448746 0.0031974 -0.0010836 -0.0028983 0.9999901
27.588410 -0.0210450 -0.2047958 10.1867037 0.0035606 -0.0009417 -0.0037432 0.9999862
27.692530 -0.0211299 -0.2056945 10.2282639 0.0036372 -0.0008702 -0.0038324 0.9999856
27.796540 -0.0213327 -0.2065849 10.2704668 0.0031909 -0.0008526 -0.0044495 0.9999846
27.900670 -0.0212567 -0.2075236 10.3127270 0.0031078 -0.0009495 -0.0049224 0.9999826
28.005230 -0.0216111 -0.2083959 10.3549976 0.0035256 -0.0008771 -0.0054609 0.9999785
28.108940 -0.0220481 -0.2092485 10.3969221 0.0036203 -0.0005473 -0.0059832 0.9999754
