1.000000000000000000e+00 0.000000000000000000e+00 0.000000000000000000e+00 0.000000000000000000e+00 0.000000000000000000e+00 1.000000000000000000e+00 0.000000000000000000e+00 0.000000000000000000e+00 0.000000000000000000e+00 0.000000000000000000e+00 1.000000000000000000e+00 0.000000000000000000e+00
9.999986350173162286e-01 -1.627734793468917996e-03 -2.836246576296619424e-04 4.360000000000000269e-05 1.627463874004359988e-03 9.999982217355787295e-01 -9.528310547910669864e-04 -5.940999999999999667e-04 2.851751095302054143e-04 9.523681653091076432e-04 9.999995058348951638e-01 3.616219999999999851e-02
9.999981121185158583e-01 -1.901773289674849694e-03 -3.987703085545083381e-04 8.660000000000000434e-05 1.901424678611915225e-03 9.999978114176960586e-01 -8.727794736588696811e-04 -1.275000000000000092e-03 4.004292645036485821e-04 8.720195942488783228e-04 9.999995396190097807e-01 7.226760000000000128e-02
9.999969538500065314e-01 -2.418389711309570662e-03 -4.936414812653721305e-04 1.590000000000000023e-05 2.418406789870878888e-03 9.999970750719158197e-01 3.400311380549504985e-05 -1.869800000000000021e-03 4.935578046189603718e-04 -3.519683613696425180e-05 9.999998775809305629e-01 1.085983999999999977e-01
9.999914476014538645e-01 -4.112332109718113728e-03 -4.398278845385719476e-04 -5.629999999999999968e-05 4.112848766585190836e-03 9.999908456441289895e-01 1.180297828097174890e-03 -2.491000000000000159e-03 4.349700815400803157e-04 -1.182096679292180333e-03 9.999992067239198423e-01 1.447314000000000100e-01
9.999943123913466181e-01 -3.340847624804563210e-03 -4.625171408992019366e-04 -2.216999999999999949e-04 3.341540936796437780e-03 9.999932823654387182e-01 1.506428944104336136e-03 -3.022700000000000126e-03 4.574812843182232409e-04 -1.507965896086322765e-03 9.999987583740945762e-01 1.809495000000000131e-01
9.999965035398211688e-01 -2.553563102336908926e-03 -6.871852841079879913e-04 -4.424000000000000198e-04 2.553232270538917555e-03 9.999966243937404853e-01 -4.818776784344434112e-04 -3.547400000000000032e-03 6.884134695005315755e-04 4.801214499251057642e-04 9.999996477850821019e-01 2.173939000000000010e-01
9.999997895633446765e-01 1.724036019378640645e-04 -6.254200703229928840e-04 -8.151000000000000259e-04 -1.739961114936775910e-04 9.999967408867229679e-01 -2.547143750438252748e-03 -4.235499999999999682e-03 6.249788952509089876e-04 2.547252035086127863e-03 9.999965604483097570e-01 2.535895000000000232e-01
9.999928950467784627e-01 3.717297182029763707e-03 -6.257456538749766586e-04 -9.989000000000000483e-04 -3.719477880473627280e-03 9.999868852137985265e-01 -3.520636973923197462e-03 -4.895199999999999725e-03 6.126501934523950104e-04 3.522939407080578119e-03 9.999936067584005439e-01 2.903544000000000125e-01
9.999804785811766683e-01 6.228281501980851426e-03 -5.009651613829805726e-04 -1.356000000000000000e-03 -6.230037826864334716e-03 9.999741695522205154e-01 -3.584251249959501985e-03 -5.609000000000000270e-03 4.786284954699655510e-04 3.587302312195040331e-03 9.999934510669978849e-01 3.269007999999999914e-01
9.999748947041584568e-01 7.082664085208331510e-03 -2.140814407419031507e-04 -1.597499999999999962e-03 -7.083233925785564940e-03 9.999710218284094676e-01 -2.789856734527518083e-03 -6.297800000000000099e-03 1.943156189566643498e-04 2.791303083272786423e-03 9.999960854266067845e-01 3.633827000000000029e-01
9.999898857528994878e-01 4.490772518358783494e-03 2.476975801765611009e-04 -1.703300000000000040e-03 -4.490805373083332080e-03 9.999899075383625879e-01 1.322441610707156333e-04 -7.000300000000000099e-03 -2.471012018539857336e-04 -1.333551851445496342e-04 9.999999605786945578e-01 4.003500999999999865e-01
9.999999615038996925e-01 2.396622085359455072e-04 1.398364221012413642e-04 -1.596999999999999895e-03 -2.399375555781927077e-04 9.999980260670838783e-01 1.972382291857123927e-03 -7.650699999999999862e-03 -1.393634405773812323e-04 -1.972415767937397198e-03 9.999980450750239891e-01 4.371187000000000267e-01
9.999981804868169899e-01 -1.907600589840389386e-03 -9.112902115968118607e-06 -1.755899999999999909e-03 1.907597760440198249e-03 9.999981352304939675e-01 -3.010088355660812389e-04 -8.357500000000000345e-03 9.687089754779167679e-06 3.009909041248691594e-04 9.999999546553169916e-01 4.735516000000000170e-01
9.999949789939114320e-01 -3.168761659231774178e-03 3.060250791461236944e-05 -1.922300000000000050e-03 3.168825979234957992e-03 9.999920993528889079e-01 -2.399952856861058137e-03 -8.913300000000000736e-03 -2.299738753821154027e-05 2.400037780705261553e-03 9.999971196407373419e-01 5.103535000000000155e-01
9.999993745369427645e-01 -9.689143185319350681e-04 5.586866442911003674e-04 -2.011699999999999947e-03 9.710816066342743301e-04 9.999919541619279872e-01 -3.892121776314210087e-03 -9.638100000000000139e-03 -5.549110166702866248e-04 3.892661872259968632e-03 9.999922695987762955e-01 5.474111999999999867e-01
9.999978381082907930e-01 1.564555418857915825e-03 1.369651446960447327e-03 -2.345400000000000089e-03 -1.561841265741994392e-03 9.999968191908923387e-01 -1.980469630794649480e-03 -1.022540000000000081e-02 -1.372745644853393641e-03 1.978326171084228251e-03 9.999971008932753147e-01 5.846945999999999533e-01
9.999956508910704533e-01 2.151753221142351565e-03 2.016967282745699835e-03 -2.558899999999999803e-03 -2.155440268099586155e-03 9.999960069195463763e-01 1.827627482101805379e-03 -1.091559999999999926e-02 -2.013026625511406785e-03 -1.831966986051472438e-03 9.999962958035230054e-01 6.222723000000000004e-01
9.999973452971244736e-01 1.779087637344739427e-04 2.297334798247919422e-03 -2.624299999999999983e-03 -1.864903555904643393e-04 9.999930045536973289e-01 3.735781714209025772e-03 -1.141250000000000077e-02 -2.296654099059342296e-03 -3.736200227602002634e-03 9.999903830476613020e-01 6.593968000000000051e-01
9.999898208741958561e-01 -4.085023232478719561e-03 1.915915755956909073e-03 -2.659700000000000085e-03 4.081752958808770350e-03 9.999902114551498800e-01 1.707713871823439205e-03 -1.186270000000000033e-02 -1.922873052770427858e-03 -1.699876193983395007e-03 9.999967064846504439e-01 6.966795000000000071e-01
9.999863214053462679e-01 -4.524357270447617978e-03 2.624346298197918238e-03 -2.796700000000000054e-03 4.532401064123932864e-03 9.999850245176068464e-01 -3.067259544795041242e-03 -1.309959999999999944e-02 -2.610429619324292419e-03 3.079112178949611808e-03 9.999918523295037165e-01 7.716577999999999493e-01
9.999933469558990318e-01 -5.257217378806490281e-05 3.647366187454845893e-03 -3.086100000000000041e-03 7.422706037301544447e-05 9.999823716297776555e-01 -5.937248523406018184e-03 -1.473840000000000046e-02 -3.646989756272161869e-03 5.937479755899951854e-03 9.999757226052369274e-01 8.467048000000000352e-01
9.999941258079840800e-01 2.370861426397982881e-04 3.419377090427496140e-03 -3.038100000000000175e-03 -2.189115785907526119e-04 9.999858536471417647e-01 -5.314563323341826850e-03 -1.548989999999999916e-02 -3.420588728030765895e-03 5.313783563339722835e-03 9.999800314391260603e-01 8.845340000000000424e-01
9.999938246893893545e-01 6.173350130690078959e-04 3.459693710233379717e-03 -3.208799999999999934e-03 -6.026603728058870521e-04 9.999908251498355050e-01 -4.241039569043152276e-03 -1.627059999999999965e-02 -3.462280110279754818e-03 4.238928359005298026e-03 9.999850219392314443e-01 9.220863999999999727e-01
9.999936584912966220e-01 1.739319160545558423e-03 3.107691434138440574e-03 -3.248599999999999925e-03 -1.731072063607547997e-03 9.999949785195066942e-01 -2.654491529857595442e-03 -1.698529999999999832e-02 -3.112292836905911769e-03 2.649095058552506342e-03 9.999916479294554961e-01 9.601153999999999522e-01
9.999858204436274933e-01 4.471162400552898021e-03 2.892683610962806014e-03 -3.244599999999999828e-03 -4.464801008843301104e-03 9.999876085961156846e-01 -2.201864249487415961e-03 -1.780189999999999897e-02 -2.902492659195302516e-03 2.188917771324674130e-03 9.999933920658444775e-01 9.977825999999999640e-01
9.999706740924846349e-01 6.910910150022454672e-03 3.300041805828200694e-03 -3.455399999999999965e-03 -6.901775653724872596e-03 9.999723420186189538e-01 -2.771405893006389544e-03 -1.839259999999999853e-02 -3.319103470449188183e-03 2.748548470821744402e-03 9.999907144736175368e-01 1.035926899999999984e+00
9.999479593960672874e-01 9.763398012351428429e-03 2.958810384838198287e-03 -3.911399999999999773e-03 -9.756734969597304769e-03 9.999498523814578377e-01 -2.258062229804199891e-03 -1.987749999999999934e-02 -2.980708367829917448e-03 2.229076390131885105e-03 9.999930732740466288e-01 1.111620300000000006e+00
9.999625707048210854e-01 8.378488917050026102e-03 2.158266172768325084e-03 -4.296499999999999972e-03 -8.372941048574496919e-03 9.999616518148555233e-01 -2.566857593020645690e-03 -2.159890000000000074e-02 -2.179689795072309918e-03 2.548690481918392935e-03 9.999943765488007452e-01 1.187524100000000082e+00
9.999666892491044790e-01 8.162129634648558271e-03 -5.657914456422602098e-06 -4.574400000000000167e-03 -8.162128003248754829e-03 9.999653585167852521e-01 -1.631389853958887777e-03 -2.291759999999999978e-02 -7.657897014788888745e-06 1.631381691759873883e-03 9.999986692666806842e-01 1.264394900000000099e+00
9.999658757092269035e-01 7.901385464753912791e-03 -2.411539926352381392e-03 -4.835400000000000115e-03 -7.903677208590632192e-03 9.999683214978100088e-01 -9.422777907983865631e-04 -2.452520000000000047e-02 2.404018232339568111e-03 9.613056693905818904e-04 9.999966482882572949e-01 1.340778199999999920e+00
9.999604167580891101e-01 8.247010151970676425e-03 -3.339422186835706071e-03 -5.185200000000000052e-03 -8.248026300035552275e-03 9.999659422179468793e-01 -2.906309129542204153e-04 -2.514330000000000037e-02 3.336911617433073549e-03 3.181630508644293096e-04 9.999943818807836005e-01 1.379534400000000050e+00
9.999753735680797506e-01 5.213834242681180363e-03 -4.697679200347442373e-03 -5.507500000000000243e-03 -5.209701062295102846e-03 9.999860318968952777e-01 8.916422730677786741e-04 -2.652730000000000019e-02 4.702262457695561594e-03 -8.671468107796719785e-04 9.999885683267522030e-01 1.456830400000000081e+00
9.999852658251924264e-01 1.658531839380337570e-03 -5.168888145131109342e-03 -6.144600000000000062e-03 -1.655456045936214713e-03 9.999984501627762201e-01 5.992806734319161294e-04 -2.801640000000000033e-02 5.169874060273469026e-03 -5.907149763950897761e-04 9.999864616373651538e-01 1.534153000000000100e+00
9.999899635790471253e-01 -9.064579911202756387e-04 -4.387604709443964322e-03 -6.764199999999999727e-03 9.143366837262785788e-04 9.999979727779698679e-01 1.793997876066372307e-03 -2.918729999999999936e-02 4.385969631084225655e-03 -1.797991618688034266e-03 9.999887651851566694e-01 1.611554099999999989e+00
9.999841689763975250e-01 -4.242670631718266708e-03 -3.696152390578906748e-03 -7.027499999999999893e-03 4.246095155356750112e-03 9.999905628691627690e-01 9.191564320697689265e-04 -3.074819999999999984e-02 3.692217831504905536e-03 -9.348360956416959305e-04 9.999927467781748458e-01 1.688422000000000089e+00
9.999949807491268494e-01 -2.092298780048091906e-03 -2.379235668933678358e-03 -7.647900000000000011e-03 2.093295973054402469e-03 9.999977222296542179e-01 4.167102980723720552e-04 -3.232870000000000188e-02 2.378358367132936153e-03 -4.216886509435708880e-04 9.999970827908245541e-01 1.765089300000000083e+00
9.999880572112110899e-01 4.743524748474000491e-03 -1.176608646988645378e-03 -8.314699999999999522e-03 -4.740036915792816136e-03 9.999844158503610192e-01 2.949594285497257606e-03 -3.359820000000000167e-02 1.190581784034638012e-03 -2.943981890693525907e-03 9.999949577301091574e-01 1.841627200000000020e+00
9.999192520011458418e-01 1.270449572682900811e-02 2.920030753161691976e-04 -9.103500000000000481e-03 -1.270536037707161066e-02 9.999142289215660062e-01 3.179405271260730189e-03 -3.492689999999999684e-02 -2.515852892149036783e-04 -3.182858544950634746e-03 9.999949030451731335e-01 1.917601200000000006e+00
9.998425405172978175e-01 1.764560875935553344e-02 1.877941273681861620e-03 -9.702300000000000507e-03 -1.765057150502326658e-02 9.998406788936123890e-01 2.659728389582185614e-03 -3.638729999999999742e-02 -1.830709551431689616e-03 -2.692456326859189644e-03 9.999946995766859636e-01 1.992818600000000107e+00
9.998357697478682526e-01 1.799575936369525106e-02 2.141536273732348294e-03 -9.832499999999999227e-03 -1.800192363905021506e-02 9.998337615085280961e-01 2.894839028608006334e-03 -3.705139999999999822e-02 -2.089085441417307728e-03 -2.932915380934443192e-03 9.999935168436777655e-01 2.030815800000000060e+00
9.998659133738062588e-01 1.618252581954448058e-02 2.506218518767331337e-03 -1.027540000000000051e-02 -1.618637874038568111e-02 9.998678293804473816e-01 1.524766639657429120e-03 -3.821150000000000241e-02 -2.481212694797935332e-03 -1.565128790993921019e-03 9.999956969684573593e-01 2.105481600000000064e+00
9.998728709529820513e-01 1.582685483155548897e-02 1.937162456340456394e-03 -1.032740000000000047e-02 -1.582973137937537453e-02 9.998736085176184174e-01 1.478713769875749078e-03 -3.906860000000000194e-02 -1.913514227332739712e-03 -1.509190543725452780e-03 9.999970303991930765e-01 2.143009900000000023e+00
9.998984021086713136e-01 1.424949178967315454e-02 -3.707347596230377079e-04 -1.118519999999999931e-02 -1.424856347406304284e-02 9.998956121639611672e-01 2.396500403317192336e-03 -4.140739999999999699e-02 4.048449722447530373e-04 -2.390974486175116362e-03 9.999970596664546907e-01 2.291460799999999853e+00
9.999384115923917182e-01 1.085506284415284697e-02 -2.310980902992802299e-03 -1.162370000000000070e-02 -1.084656568066783358e-02 9.999344827074917452e-01 3.658183351840447583e-03 -4.272809999999999803e-02 2.350539303960662210e-03 -3.632891844001988595e-03 9.999906384870961285e-01 2.364771800000000201e+00
9.999617315245952209e-01 8.191001166613533571e-03 -3.072944226931254366e-03 -1.189600000000000032e-02 -8.179212597854824615e-03 9.999592172683957614e-01 3.829396983375483576e-03 -4.339160000000000239e-02 3.104185499029867533e-03 -3.804116174057789197e-03 9.999879462936149821e-01 2.401533800000000163e+00
9.999738126497783597e-01 6.088351024981930246e-03 -3.912287880834726742e-03 -1.247589999999999984e-02 -6.077157353411835952e-03 9.999774248290068668e-01 2.866703830141397857e-03 -4.459350000000000119e-02 3.929653059469403326e-03 -2.842853169700537263e-03 9.999882379371708430e-01 2.475477500000000219e+00
9.999707635751120538e-01 6.282961980606159742e-03 -4.358484112343292798e-03 -1.288000000000000082e-02 -6.275341563658133441e-03 9.999787612160473405e-01 1.759887802845714949e-03 -4.590650000000000286e-02 4.369448851596281942e-03 -1.732485373513424588e-03 9.999889531445653734e-01 2.548435700000000192e+00
9.999640998546006632e-01 7.295939083977536280e-03 -4.309092115663639734e-03 -1.314680000000000015e-02 -7.291127278352488306e-03 9.999727794195085728e-01 1.131319156453020449e-03 -4.665709999999999996e-02 4.317228855324878843e-03 -1.099860402861361922e-03 9.999900758718083260e-01 2.585113499999999842e+00
9.999530667146174778e-01 8.917106891542096389e-03 -3.788082987034104964e-03 -1.368289999999999958e-02 -8.912279660767420328e-03 9.999594536725006089e-01 1.289295250328433527e-03 -4.728120000000000239e-02 3.799426177742653340e-03 -1.255474284507864229e-03 9.999919940404727869e-01 2.621445200000000142e+00
9.999368413437701442e-01 1.073425131809599420e-02 -3.330040853182669302e-03 -1.450279999999999972e-02 -1.072056577177012485e-02 9.999341246677060369e-01 4.100706592978155263e-03 -4.869330000000000186e-02 3.373839500785713683e-03 -4.064747675870923962e-03 9.999860474193400517e-01 2.694029800000000030e+00
9.999491853277573394e-01 9.483580358091117657e-03 -3.418839853809915470e-03 -1.472019999999999926e-02 -9.473357570940046934e-03 9.999506444258017268e-01 2.994028850354229013e-03 -4.939040000000000097e-02 3.447065228202616984e-03 -2.961488817346591418e-03 9.999896736093314420e-01 2.730304700000000029e+00
9.999484428091797161e-01 9.601197704640509686e-03 -3.305862388692045253e-03 -1.503879999999999974e-02 -9.599754093478582787e-03 9.999538190185579545e-01 4.522737509118496800e-04 -4.996559999999999890e-02 3.310052090421546946e-03 -4.205149669494476282e-04 9.999944333456668444e-01 2.766483500000000095e+00
9.999691114913504819e-01 7.017294438009296677e-03 -3.540288401987088957e-03 -1.539060000000000081e-02 -7.015796256742705579e-03 9.999752941999199285e-01 4.354224010668369471e-04 -5.120790000000000064e-02 3.543256423522795229e-03 -4.105710093997847528e-04 9.999936383624464797e-01 2.838411100000000076e+00
9.999938677125382869e-01 2.966824209534838115e-03 -1.860777103303256881e-03 -1.600630000000000108e-02 -2.960759143379290519e-03 9.999903234433936694e-01 3.253755502777138601e-03 -5.257679999999999992e-02 1.870412417985831176e-03 -3.248226236990669601e-03 9.999929752671765648e-01 2.910303100000000143e+00
9.999891653764133581e-01 4.646869224884622729e-03 -2.752020911921987021e-04 -1.649609999999999965e-02 -4.647104723283897176e-03 9.999888311735344315e-01 -8.613628035464428829e-04 -5.360480000000000106e-02 2.711963772045389493e-04 8.626323639425317142e-04 9.999995911588812625e-01 2.981431199999999837e+00
9.999793341440958994e-01 6.388687462391131992e-03 7.183016346818297355e-04 -1.665260000000000004e-02 -6.386431644277871210e-03 9.999748010989879532e-01 -3.100106109863006755e-03 -5.419349999999999862e-02 -7.380891433062046177e-04 3.095454659226984720e-03 9.999949366796159200e-01 3.017221699999999895e+00
9.999504768720675063e-01 9.739038148453386945e-03 2.048155088758650023e-03 -1.689360000000000167e-02 -9.733100249978129948e-03 9.999484577343771274e-01 -2.889400312232118934e-03 -5.496779999999999722e-02 -2.076189502072010688e-03 2.869322321284417145e-03 9.999937281936162048e-01 3.053033099999999944e+00
9.999307158468716539e-01 1.121662426262632836e-02 3.570832691958672131e-03 -1.708509999999999890e-02 -1.121298542942664872e-02 9.999365943298527126e-01 -1.037438082545484239e-03 -5.567799999999999833e-02 -3.582242834086506698e-03 9.973265095806591214e-04 9.999930864141566289e-01 3.088890600000000042e+00
9.999296052015528291e-01 1.058683674754652519e-02 5.357567465520661661e-03 -1.696579999999999963e-02 -1.059518395125283625e-02 9.999426958175685609e-01 1.532043776346047421e-03 -5.693360000000000087e-02 -5.341040957146958069e-03 -1.588700341261638270e-03 9.999844745358398290e-01 3.160594899999999985e+00
9.998859052979123252e-01 1.317202320014849992e-02 7.394199847788488454e-03 -1.672169999999999906e-02 -1.317562567136153565e-02 9.999131014397665274e-01 4.386995273962709919e-04 -5.809079999999999799e-02 -7.387778742114878457e-03 -5.360726834380862482e-04 9.999725662993638187e-01 3.232289800000000213e+00
9.998313464539941853e-01 1.561975502899004727e-02 9.659290907066443721e-03 -1.635380000000000167e-02 -1.561492709438636918e-02 9.998779142368154904e-01 -5.750419744823356306e-04 -5.962169999999999970e-02 -9.667093659937033706e-03 4.241158683169253345e-04 9.999531826170163784e-01 3.303921900000000189e+00
9.998061993520362956e-01 1.581708680929871588e-02 1.172107085992259677e-02 -1.605619999999999964e-02 -1.579576953735397152e-02 9.998734165504271632e-01 -1.909067965979827780e-03 -6.075769999999999782e-02 -1.174978306008321420e-02 1.723554653336681602e-03 9.999294834924099540e-01 3.375872399999999995e+00
9.997992535756599075e-01 1.567346856602844229e-02 1.248178403366199084e-02 -1.577030000000000098e-02 -1.566615617927793330e-02 9.998770446916980248e-01 -6.834099519706399607e-04 -6.146000000000000074e-02 -1.249096073645789527e-02 4.877311817990570195e-04 9.999218659566229128e-01 3.411629000000000023e+00
9.998176985496237679e-01 1.348631046367683613e-02 1.351625306847535450e-02 -1.507299999999999959e-02 -1.349205931928807063e-02 9.999089221652219805e-01 3.342300238131991645e-04 -6.267209999999999448e-02 -1.351051450754413817e-02 -5.165311813694775742e-04 9.999085954192413750e-01 3.483597800000000078e+00
9.998689854462288196e-01 9.222900280984852595e-03 1.330225744511191570e-02 -1.436959999999999973e-02 -9.244489027445363521e-03 9.999560482573538467e-01 1.562362364515564950e-03 -6.408629999999999882e-02 -1.328726327542538617e-02 -1.685130245299139686e-03 9.999103004623494106e-01 3.554898699999999856e+00
9.999102512086294192e-01 6.299937580898639332e-03 1.182371829724150093e-02 -1.398330000000000059e-02 -6.313377375724194170e-03 9.999794657523409791e-01 1.099699856530958562e-03 -6.532240000000000268e-02 -1.181654746562786802e-02 -1.174248755392705117e-03 9.999294926872859257e-01 3.626548999999999801e+00
9.999470471488957068e-01 3.375410508397855627e-03 9.721599770825650744e-03 -1.343800000000000029e-02 -3.395696279769097777e-03 9.999920902366704611e-01 2.070920295487064904e-03 -6.639689999999999481e-02 -9.714532669144838178e-03 -2.103822234528205867e-03 9.999505996733166757e-01 3.698360200000000209e+00
9.999669007356086770e-01 2.929612801689041382e-03 7.590441492656097196e-03 -1.338639999999999969e-02 -2.941536899562178023e-03 9.999944564771572342e-01 1.560248577441239546e-03 -6.760159999999999780e-02 -7.585828490664006142e-03 -1.582524498095674598e-03 9.999699749604100685e-01 3.770349500000000020e+00
9.999758034247727689e-01 3.122575622386866701e-03 6.216275931993414140e-03 -1.314659999999999961e-02 -3.130185777591552518e-03 9.999943629882254159e-01 1.214878088941518395e-03 -6.826069999999999360e-02 -6.212447342068091148e-03 -1.234306791564357799e-03 9.999799407911972304e-01 3.806577400000000111e+00
9.999798927799875559e-01 -4.808701995611491982e-03 4.134056221449290865e-03 -1.283450000000000042e-02 4.816045605647357487e-03 9.999868394060809074e-01 -1.768253194912097976e-03 -6.949750000000000372e-02 -4.125498812147001572e-03 1.788127443554880141e-03 9.999898913788062282e-01 3.878641599999999912e+00
9.998166763378434352e-01 -1.909680432862292596e-02 1.387725182569331207e-03 -1.205720000000000056e-02 1.909382415577519018e-02 9.998154275720434470e-01 2.129945548678618440e-03 -7.077680000000000082e-02 -1.428144200136785081e-03 -2.103058098647921093e-03 9.999967687701681873e-01 3.951042199999999838e+00
9.997501221255556958e-01 -2.234958679860727868e-02 4.350630621180704176e-04 -1.201849999999999967e-02 2.235001492136813941e-02 9.997497016767548095e-01 -1.005400544229159612e-03 -7.155369999999999786e-02 -4.124838798324997717e-04 1.014872982808277466e-03 9.999993999447587267e-01 3.986566999999999972e+00
9.998398475016321285e-01 -1.779774391115456628e-02 1.876075581103685622e-03 -1.231409999999999970e-02 1.780866940914292706e-02 9.998235459833044736e-01 -5.977306353790615666e-03 -7.325570000000000692e-02 -1.769361972268492823e-03 6.009759483054987438e-03 9.999803758820304811e-01 4.058709600000000250e+00
9.997667786019550640e-01 -2.134781891509274915e-02 3.264817213548601698e-03 -1.234520000000000062e-02 2.135486593996432231e-02 9.997696705323679822e-01 -2.139061543424450231e-03 -7.501929999999999710e-02 -3.218400931460624944e-03 2.208282402414607059e-03 9.999923826631258450e-01 4.130883700000000047e+00
9.995522462698764876e-01 -2.967635355738072397e-02 3.823743765158151356e-03 -1.193750000000000019e-02 2.967179026753310675e-02 9.995589205487951379e-01 1.244674112806879156e-03 -7.606540000000000523e-02 -3.858994579392043163e-03 -1.130659482293521530e-03 9.999919148523008783e-01 4.202871799999999602e+00
9.995576593945252331e-01 -2.934738643860178645e-02 4.818345666474488365e-03 -1.189040000000000062e-02 2.933849730329409974e-02 9.995677177714250572e-01 1.905299244072194151e-03 -7.726990000000000247e-02 -4.872178334468702313e-03 -1.763093431508760229e-03 9.999865765998205980e-01 4.275041100000000149e+00
9.997404479688122292e-01 -2.178120649254764590e-02 6.679501392144994443e-03 -1.182380000000000063e-02 2.178875688202629168e-02 9.997620352466354277e-01 -1.059694786824489157e-03 -7.862860000000000682e-02 -6.654830475272714013e-03 1.204957772816733341e-03 9.999771303925460986e-01 4.347693900000000333e+00
9.998240863883842700e-01 -1.694010088715680942e-02 8.051661913271513857e-03 -1.195150000000000032e-02 1.694600489464557699e-02 9.998561846029874189e-01 -6.656044376354223460e-04 -7.985730000000000606e-02 -8.039228553992363094e-03 8.019308509472209594e-04 9.999673633230070635e-01 4.420254700000000092e+00
9.998904542369412285e-01 -1.291883264849380195e-02 7.223800166371014027e-03 -1.162370000000000070e-02 1.294601113478687296e-02 9.999092460419581885e-01 -3.728334145544825139e-03 -8.118440000000000378e-02 -7.174978853029852742e-03 3.821445119725227699e-03 9.999669575719267733e-01 4.493761499999999742e+00
9.999377535662269390e-01 -9.077294633773949628e-03 6.487812810133558247e-03 -1.159119999999999942e-02 9.119524803012948183e-03 9.999372284793539567e-01 -6.509482959165683105e-03 -8.196970000000000645e-02 -6.428317065523920723e-03 6.568243536905086014e-03 9.999577665664410864e-01 4.530290599999999834e+00
9.999731193512428895e-01 -3.475172638919029125e-03 6.456295383156653023e-03 -1.169369999999999958e-02 3.525926155459223159e-03 9.999628430317453187e-01 -7.866409639432934975e-03 -8.272939999999999461e-02 -6.428718355248571811e-03 7.888962605997279498e-03 9.999482165838939896e-01 4.566593199999999797e+00
9.999648636772048294e-01 3.788941212979512595e-03 7.477655749888532065e-03 -1.201289999999999997e-02 -3.753772156780535874e-03 9.999818545460561481e-01 -4.711663530569206240e-03 -8.433880000000000543e-02 -7.495372280563179605e-03 4.683428564086572488e-03 9.999609416828544317e-01 4.640314100000000330e+00
9.999754954086713665e-01 1.811367962384538522e-03 6.762213268384971790e-03 -1.177899999999999954e-02 -1.799808627982342089e-03 9.999969095637659677e-01 -1.715095280140532114e-03 -8.564099999999999491e-02 -6.765299038838948342e-03 1.702882562646906676e-03 9.999756651638543881e-01 4.714036499999999741e+00
9.999955297397081777e-01 -1.097800277674831166e-03 2.781247049586228932e-03 -1.144550000000000081e-02 1.114187700744758000e-03 9.999819892803241128e-01 -5.897431706540367732e-03 -8.711330000000000462e-02 -2.774722755160261012e-03 5.900504174740967347e-03 9.999787422561120520e-01 4.788750199999999957e+00
9.999819080996137366e-01 5.965285250122362784e-03 7.738509807451978079e-04 -1.198429999999999981e-02 -5.956483071851216213e-03 9.999226602634579963e-01 -1.091759135816679389e-02 -8.893330000000000679e-02 -8.389176780099599209e-04 1.091278440792453792e-02 9.999401018829056076e-01 4.863348499999999852e+00
9.999367874202278461e-01 1.121395738055937057e-02 8.175105999358263029e-04 -1.227169999999999997e-02 -1.120836937447143404e-02 9.999157546734407376e-01 -6.546450321268006654e-03 -9.058720000000000661e-02 -8.908533433850177301e-04 6.536873542483222742e-03 9.999782375955039715e-01 4.937804200000000421e+00
9.999310335749052037e-01 1.167466321598302145e-02 1.276844788947230315e-03 -1.261409999999999962e-02 -1.166969221666229461e-02 9.999245576316395656e-01 -3.833709527121001610e-03 -9.214519999999999655e-02 -1.321505728349366441e-03 3.818544744184601200e-03 9.999918361359989571e-01 5.013033899999999932e+00
9.999727998506641180e-01 7.248755261909169655e-03 1.362022751891528698e-03 -1.266229999999999960e-02 -7.245133963382021682e-03 9.999702551657785321e-01 -2.645149814370002708e-03 -9.376950000000000562e-02 -1.381156282386020520e-03 2.635209828601407876e-03 9.999955740284468542e-01 5.088594399999999851e+00
9.999969736250887697e-01 1.594148106852838519e-03 1.873881660330395599e-03 -1.251990000000000047e-02 -1.591048401241341439e-03 9.999973656081102558e-01 -1.654491409596657277e-03 -9.516489999999999672e-02 -1.876514228140159892e-03 1.651504966065580433e-03 9.999968756079683496e-01 5.164051999999999865e+00
9.999807400954936476e-01 -5.553479450491727309e-03 2.770975290683424987e-03 -1.242189999999999961e-02 5.554066775267521919e-03 9.999845551814164901e-01 -2.043058502202106446e-04 -9.659199999999999731e-02 -2.769797885131948263e-03 2.196920971061174280e-04 9.999961399700790787e-01 5.240281600000000317e+00
9.999871495683900768e-01 3.810835091192933677e-03 3.343386605530145831e-03 -1.278860000000000066e-02 -3.778653820044581592e-03 9.999469766640179946e-01 -9.579438177581929212e-03 -9.825019999999999587e-02 -3.379714987179885822e-03 9.566681577097892533e-03 9.999485267403557254e-01 5.317076700000000322e+00
9.999069641344295878e-01 1.286099873474858858e-02 4.545083829076271287e-03 -1.317579999999999966e-02 -1.281609849101036751e-02 9.998701033812890104e-01 -9.773637181672834712e-03 -9.908169999999999478e-02 -4.670192173482502762e-03 9.714477640874526199e-03 9.999419074272403174e-01 5.356089100000000158e+00
9.997701576689654868e-01 2.054374623635814648e-02 6.130768724061348186e-03 -1.377180000000000071e-02 -2.050691379122291866e-02 9.997716387978095032e-01 -6.011384391431398404e-03 -1.000877000000000017e-01 -6.252865049811941710e-03 5.884279575131876223e-03 9.999631377868638538e-01 5.394867900000000382e+00
9.997820888920256888e-01 1.994010769248279191e-02 6.177931361688256823e-03 -1.358730000000000007e-02 -1.991846035774428453e-02 9.997953197517903678e-01 -3.545918695087851326e-03 -1.015606000000000009e-01 -6.247372861812565056e-03 3.422091119095565376e-03 9.999746294905176303e-01 5.472130800000000406e+00
9.998896659398711639e-01 1.430595951649136360e-02 3.999433580578914960e-03 -1.323329999999999992e-02 -1.428959131624476728e-02 9.998895267643643781e-01 -4.091680211144366197e-03 -1.031558000000000058e-01 -4.057527161665618401e-03 4.034078488090984266e-03 9.999836312080735423e-01 5.549980200000000252e+00
9.998832040491690831e-01 1.492332412450710424e-02 3.297371292822183497e-03 -1.336649999999999991e-02 -1.490853226275227345e-02 9.998788883683271678e-01 -4.465899807311761449e-03 -1.040419000000000066e-01 -3.363618013136765623e-03 4.416219241996137412e-03 9.999845914220221177e-01 5.589086499999999624e+00
9.998439878256490942e-01 1.736300162388971710e-02 3.244408037256812927e-03 -1.348260000000000083e-02 -1.735280142979605048e-02 9.998444791704904633e-01 -3.146069743161412652e-03 -1.058621000000000006e-01 -3.298528678286972819e-03 3.089279349552370452e-03 9.999897879786868726e-01 5.667394599999999727e+00
9.998544232139980892e-01 1.680202009330150625e-02 2.970606030322642602e-03 -1.358810000000000053e-02 -1.679069504216460645e-02 9.998518164252608864e-01 -3.797071385595130431e-03 -1.066841000000000039e-01 -3.033964305018397797e-03 3.746640080201033181e-03 9.999883788068265611e-01 5.706622600000000212e+00
9.998653470039186031e-01 1.620903817213666803e-02 2.560262148228457501e-03 -1.366569999999999938e-02 -1.619657656858385086e-02 9.998572317891624150e-01 -4.815282584767857123e-03 -1.074596000000000023e-01 -2.637947723408406390e-03 4.773166710621410368e-03 9.999851289451064940e-01 5.745943099999999859e+00
9.998693009729292536e-01 1.605963656769967066e-02 1.862537306797381600e-03 -1.369539999999999993e-02 -1.605001246539692131e-02 9.998583264443103857e-01 -5.071897065548519427e-03 -1.092862000000000000e-01 -1.943726258096014617e-03 5.041340426545284394e-03 9.999854033009368814e-01 5.824855799999999917e+00
9.998732337015882043e-01 1.582435010054044147e-02 1.762518375742905784e-03 -1.397170000000000009e-02 -1.581453052528882311e-02 9.998600756997045869e-01 -5.452489894143120255e-03 -1.099842000000000042e-01 -1.848553865597001369e-03 5.423925301527543832e-03 9.999835818066862281e-01 5.864538699999999771e+00
9.998722266611352882e-01 1.592963609290374769e-02 1.333058757522877138e-03 -1.413299999999999973e-02 -1.592243818959760207e-02 9.998594659442198163e-01 -5.246362915207505341e-03 -1.109715000000000007e-01 -1.416444069419650360e-03 5.224467024231173491e-03 9.999853492079325834e-01 5.904423200000000094e+00
9.998576514256640735e-01 1.684162491938966458e-02 1.018113760722087063e-03 -1.442320000000000060e-02 -1.683543503892374546e-02 9.998413937092709425e-01 -5.809952887311294056e-03 -1.117259000000000030e-01 -1.115801328802380754e-03 5.791985460719954737e-03 9.999826037945946933e-01 5.944151899999999600e+00
9.998534401698825347e-01 1.711837062183578853e-02 2.440649597548290772e-04 -1.477320000000000022e-02 -1.711662357818334243e-02 9.998359237012609535e-01 -5.928479883509856808e-03 -1.134686000000000028e-01 -3.455108303496001580e-04 5.923433438460526217e-03 9.999823966243437390e-01 6.024420300000000061e+00
9.998652387088861060e-01 1.640590952468459762e-02 5.920762536985439174e-04 -1.511440000000000006e-02 -1.640203759656632537e-02 9.998472351266082248e-01 -6.039832146503215995e-03 -1.143950999999999996e-01 -6.910747449844227477e-04 6.029306953951844503e-03 9.999815847671156277e-01 6.064588999999999785e+00
9.998876800775854390e-01 1.498561412501069751e-02 2.420709818269354727e-04 -1.504770000000000066e-02 -1.498379540413855016e-02 9.998679473941386453e-01 -6.290759025649413083e-03 -1.152505999999999947e-01 -3.363099030347922020e-04 6.286425306018750270e-03 9.999801836799171451e-01 6.104689600000000382e+00
9.998963758544638925e-01 1.438405979306484929e-02 5.799801533298842848e-04 -1.542879999999999946e-02 -1.438026035235718224e-02 9.998780214969693603e-01 -6.095099630409499432e-03 -1.161562000000000011e-01 -6.675816857474913338e-04 6.086127765314257483e-03 9.999812565160994815e-01 6.144836399999999976e+00
9.999172249276239155e-01 1.285158360098657970e-02 6.165160066484686721e-04 -1.543609999999999947e-02 -1.284819775089020635e-02 9.999038693367438002e-01 -5.213050926483918553e-03 -1.171089000000000019e-01 -6.834527003537501201e-04 5.204698296246169746e-03 9.999862219091077975e-01 6.185417199999999838e+00
9.999160260614659013e-01 1.293420391206062149e-02 8.044840626931750371e-04 -1.581590000000000079e-02 -1.292997069389320401e-02 9.999035929226491870e-01 -5.061691242287567720e-03 -1.180022000000000015e-01 -8.698754514035543896e-04 5.050864236783982573e-03 9.999868659573287744e-01 6.225496299999999650e+00
9.999075305505887856e-01 1.358254385714119383e-02 6.669712079587300241e-04 -1.591329999999999828e-02 -1.357872869803141563e-02 9.998930856812245915e-01 -5.425433975689776707e-03 -1.187790999999999986e-01 -7.405910941052184886e-04 5.415875667714957660e-03 9.999850597961867926e-01 6.265929200000000421e+00
9.998768761272700534e-01 1.558444802186840540e-02 1.832366182172310643e-03 -1.646390000000000006e-02 -1.557489006718218265e-02 9.998655971610594939e-01 -5.119610644667128840e-03 -1.208112999999999965e-01 -1.911906212939467166e-03 5.090441396527532400e-03 9.999852159012259101e-01 6.346949600000000302e+00
9.998694043200173631e-01 1.598623429771536125e-02 2.369518455791232592e-03 -1.660379999999999842e-02 -1.597868253528186844e-02 9.998672998877257134e-01 -3.172431191618120105e-03 -1.216129999999999989e-01 -2.419919248748700433e-03 3.134155102642873381e-03 9.999921605005822611e-01 6.387745400000000018e+00
9.998572546279165252e-01 1.658572643055207865e-02 3.222428695340268708e-03 -1.660999999999999976e-02 -1.657060191182486639e-02 9.998518161661550385e-01 -4.664853858494709404e-03 -1.232414000000000009e-01 -3.299321173437399449e-03 4.610790389095238695e-03 9.999839274167271475e-01 6.468739000000000239e+00
9.998560839667356426e-01 1.652789328847353509e-02 3.826238119755331988e-03 -1.675540000000000015e-02 -1.650679570669864524e-02 9.998487287655188904e-01 -5.481357630487672557e-03 -1.244323999999999986e-01 -3.916254613984197774e-03 5.417409844272605586e-03 9.999776570605853898e-01 6.509190099999999646e+00
9.998548810134132436e-01 1.661359989937888013e-02 3.768980238272163618e-03 -1.662840000000000151e-02 -1.659873184155484169e-02 9.998544591341869126e-01 -3.942416864645560681e-03 -1.260995000000000033e-01 -3.833929434050838050e-03 3.879284452814261985e-03 9.999851259579958240e-01 6.590281499999999681e+00
9.998458173187354525e-01 1.720949920847826206e-02 3.489230176316028467e-03 -1.661939999999999945e-02 -1.719671802208369918e-02 9.998454247288306451e-01 -3.660537951327691268e-03 -1.269946999999999881e-01 -3.551686852591330514e-03 3.599970252315233023e-03 9.999872127855853332e-01 6.630878400000000283e+00
9.998481394165531499e-01 1.714910306885567004e-02 3.099414330271904865e-03 -1.661330000000000098e-02 -1.713753766787105143e-02 9.998462202826827738e-01 -3.720294224271581199e-03 -1.277688999999999908e-01 -3.162737412310848758e-03 3.666612928386715244e-03 9.999882764521262901e-01 6.671379599999999854e+00
9.997983193623826148e-01 1.967147439254953237e-02 4.043970249456681904e-03 -1.707540000000000099e-02 -1.965728156155182108e-02 9.998005808355028279e-01 -3.519920823104811473e-03 -1.294669999999999987e-01 -4.112405836623792346e-03 3.439717461408735560e-03 9.999856281277349490e-01 6.752443300000000370e+00
9.997901716970792885e-01 2.007276432750014147e-02 4.086160811473139691e-03 -1.708020000000000024e-02 -2.006028383680330193e-02 9.997940504188623789e-01 -3.072744608985629802e-03 -1.303205000000000058e-01 -4.146997746740320977e-03 2.990130314518044119e-03 9.999869306797917190e-01 6.792827100000000229e+00
9.998177097372509259e-01 1.866694873242591077e-02 4.011523498533784045e-03 -1.696879999999999916e-02 -1.865531110293601816e-02 9.998217130728579427e-01 -2.919149826287438000e-03 -1.310253999999999863e-01 -4.065299916485650041e-03 2.843781474836714306e-03 9.999876930460256386e-01 6.833743600000000029e+00
9.998557140979966729e-01 1.655657013564363830e-02 3.798811778500139381e-03 -1.695429999999999854e-02 -1.654861717508267563e-02 9.998608242610631525e-01 -2.115508822934721554e-03 -1.318461999999999967e-01 -3.833308646263276082e-03 2.052338502993415054e-03 9.999905467810641380e-01 6.874529800000000357e+00
9.999110895810170430e-01 1.302740328276777437e-02 2.845996593714967757e-03 -1.617740000000000150e-02 -1.302039882363981160e-02 9.999121902196885792e-01 -2.465981455461937165e-03 -1.332572999999999952e-01 -2.877872022287435855e-03 2.428706193316638833e-03 9.999929095942881041e-01 6.956141900000000433e+00
9.999271346243359115e-01 1.178780918430564865e-02 2.602498145920973185e-03 -1.608949999999999964e-02 -1.177933250156689739e-02 9.999253435795615319e-01 -3.248783328161363847e-03 -1.341105999999999965e-01 -2.640599890678720432e-03 3.217890913348191943e-03 9.999913361676125989e-01 6.996854299999999860e+00
9.999446564253318126e-01 1.013621180113636992e-02 2.818030650554796679e-03 -1.581940000000000082e-02 -1.013190132604783848e-02 9.999474855754199032e-01 -1.539697020359932734e-03 -1.348856999999999973e-01 -2.833489358404680733e-03 1.511059799537720462e-03 9.999948440048768150e-01 7.037773600000000407e+00
9.999607885846215627e-01 8.091652648306840029e-03 3.598117652451780172e-03 -1.609899999999999873e-02 -8.091788652706002893e-03 9.999672606721616841e-01 2.324248121680167546e-05 -1.356442999999999954e-01 -3.597811782413664911e-03 -5.235677743742673699e-05 9.999935264836199433e-01 7.078193699999999922e+00
9.999645841240000221e-01 7.653757956843859969e-03 3.500069549841924345e-03 -1.598319999999999949e-02 -7.648902977783545928e-03 9.999697689261444200e-01 -1.398398022652522351e-03 -1.359474999999999989e-01 -3.510666738973575000e-03 1.371576804759318214e-03 9.999928969728316686e-01 7.119206400000000379e+00
9.999654168750925498e-01 7.303471315196876160e-03 3.977984485939386333e-03 -1.601949999999999902e-02 -7.295194817986209654e-03 9.999712032451677501e-01 -2.091127202933007554e-03 -1.367977999999999972e-01 -3.993142420438466900e-03 2.062034713411896748e-03 9.999899013622340904e-01 7.159625499999999754e+00
9.999522985077891057e-01 8.453778295609113910e-03 4.892273655262749377e-03 -1.615379999999999941e-02 -8.440003378969414619e-03 9.999603794177012173e-01 -2.829476589387794252e-03 -1.373706000000000094e-01 -4.915999588311063817e-03 2.788050812951043973e-03 9.999840297328312921e-01 7.200157599999999825e+00
9.999327875528247755e-01 1.006100086663829635e-02 5.761652401776238067e-03 -1.610800000000000079e-02 -1.004624445437456159e-02 9.999461955203011732e-01 -2.584383260774794112e-03 -1.383415000000000061e-01 -5.787343881292936545e-03 2.526326589562020476e-03 9.999800619636186605e-01 7.241094099999999756e+00
9.999020903355128054e-01 1.225825622659585876e-02 6.748695944780836765e-03 -1.622310000000000071e-02 -1.223711434809065732e-02 9.999201141843824248e-01 -3.165166966089554348e-03 -1.390624000000000027e-01 -6.786956247371216631e-03 3.082272501677079703e-03 9.999722180246417569e-01 7.281624800000000342e+00
9.998924012927330462e-01 1.276952892325145320e-02 7.219762331987711855e-03 -1.596540000000000112e-02 -1.274815708968912026e-02 9.999142430730251219e-01 -2.998498043340034735e-03 -1.400064000000000031e-01 -7.257432594847374775e-03 2.906136744468429314e-03 9.999694415537675463e-01 7.322624700000000431e+00
9.998815138951262504e-01 1.288653148211269840e-02 8.419945198805730419e-03 -1.599820000000000061e-02 -1.286267950166036615e-02 9.999131223573174410e-01 -2.880835586749956340e-03 -1.409660000000000080e-01 -8.456337672298787356e-03 2.772191191248718923e-03 9.999604018705796626e-01 7.363024199999999908e+00
9.998625115378889650e-01 1.363899396383428525e-02 9.430581360630005405e-03 -1.597300000000000109e-02 -1.360362135553509419e-02 9.999002272425461246e-01 -3.804871393362274645e-03 -1.417252999999999985e-01 -9.481535063490496851e-03 3.676058209453293528e-03 9.999482922075924041e-01 7.403358899999999743e+00
9.998667754305873290e-01 1.255746685172151426e-02 1.042791524262676704e-02 -1.582230000000000095e-02 -1.250922988598008635e-02 9.999108129787275256e-01 -4.678168004667339341e-03 -1.424033000000000104e-01 -1.048573114757358864e-02 4.547099568747743972e-03 9.999346845308511034e-01 7.444081800000000193e+00
9.998745385470492186e-01 1.176196849477338484e-02 1.060958351931836491e-02 -1.531330000000000018e-02 -1.172165119747940916e-02 9.999238707472214438e-01 -3.854296706088623445e-03 -1.434863999999999862e-01 -1.065410993607927154e-02 3.729451303059797690e-03 9.999362885376488208e-01 7.484886200000000045e+00
9.998759089838246128e-01 1.098300241467615318e-02 1.129337379748085110e-02 -1.494209999999999983e-02 -1.095069597897170913e-02 9.999357801730156536e-01 -2.918524860021416093e-03 -1.443039999999999878e-01 -1.132470270455441380e-02 2.794492394272705179e-03 9.999319686463232770e-01 7.525827900000000348e+00
9.998814601331477148e-01 9.817830764925709192e-03 1.186068636613645325e-02 -1.449849999999999924e-02 -9.785969913740134168e-03 9.999483586601141116e-01 -2.741314610048882407e-03 -1.452195000000000014e-01 -1.188698762731541653e-02 2.624921335044687418e-03 9.999259019113030389e-01 7.566155000000000186e+00
9.998934909158685436e-01 8.984810772262872766e-03 1.150130425058557525e-02 -1.396520000000000053e-02 -8.926255290567787840e-03 9.999469885378863276e-01 -5.132453652980033254e-03 -1.460989000000000038e-01 -1.154680867450047325e-02 5.029243422126888213e-03 9.999206858146477694e-01 7.606648400000000088e+00
9.999005423524945924e-01 8.384501875143572994e-03 1.134043788805658669e-02 -1.377160000000000016e-02 -8.302173563819749066e-03 9.999389819236316201e-01 -7.287409940930982336e-03 -1.470420000000000060e-01 -1.140084721866615851e-02 7.192534868645485829e-03 9.999091399346542453e-01 7.647173399999999788e+00
9.999079317288307456e-01 8.977903274753163548e-03 1.017473923799728890e-02 -1.314129999999999986e-02 -8.900355715394724782e-03 9.999311939599383470e-01 -7.641401310728661474e-03 -1.479004999999999903e-01 -1.024264291633295541e-02 7.550138981591110986e-03 9.999190385563458960e-01 7.687916300000000369e+00
9.999343864137980598e-01 6.712944515953524899e-03 9.282200341889340622e-03 -1.276779999999999929e-02 -6.645547988042368320e-03 9.999514709799379730e-01 -7.272714554887323157e-03 -1.488231999999999888e-01 -9.330571215090056186e-03 7.210552058197304895e-03 9.999304717728209058e-01 7.728557099999999735e+00
9.999478400004615519e-01 6.965556243599110853e-03 7.469826278335248669e-03 -1.231179999999999948e-02 -6.904547890992403583e-03 9.999428509997547732e-01 -8.162227202374730886e-03 -1.508767000000000025e-01 -7.526253837882611493e-03 8.110225687331462999e-03 9.999387879977794658e-01 7.809853600000000284e+00
9.999538553484852432e-01 6.967700111445301187e-03 6.613495963367625741e-03 -1.219600000000000024e-02 -6.917240090923943568e-03 9.999470247076932550e-01 -7.622307246259919615e-03 -1.519484000000000112e-01 -6.666255562535031848e-03 7.576208378129333475e-03 9.999490797552573751e-01 7.850881099999999613e+00
9.999619647407788081e-01 6.640955342594832313e-03 5.653917570949008181e-03 -1.195419999999999990e-02 -6.598425675333118197e-03 9.999500450676548358e-01 -7.507872388517291759e-03 -1.528337999999999919e-01 -5.703494575129310420e-03 7.470279869778427909e-03 9.999558315587236956e-01 7.892126099999999589e+00
9.999693100016181502e-01 6.384567353954008311e-03 4.540523603126522117e-03 -1.182260000000000082e-02 -6.354465356513404849e-03 9.999579406987605390e-01 -6.613441125999448139e-03 -1.535901000000000072e-01 -4.582556592186865299e-03 6.584385559565494525e-03 9.999678225032455625e-01 7.933385399999999699e+00
9.999586162535223366e-01 8.084732700853898210e-03 4.171675622165045734e-03 -1.190540000000000001e-02 -8.062643977517007857e-03 9.999535309661750082e-01 -5.284853864647101260e-03 -1.544943000000000011e-01 -4.214208399288199396e-03 5.251000422263391379e-03 9.999773334641804956e-01 7.974144899999999758e+00
9.999498567490973100e-01 8.226652246884550226e-03 5.710182157222055965e-03 -1.178120000000000035e-02 -8.195480663112141365e-03 9.999515043534922265e-01 -5.461047325227622734e-03 -1.561441000000000079e-01 -5.754831375495091800e-03 5.413975803109040766e-03 9.999687849037304233e-01 8.056610100000000330e+00
9.999570534927261223e-01 7.140661455287735868e-03 5.907801970798492661e-03 -1.148569999999999973e-02 -7.105522645807358512e-03 9.999570677194453694e-01 -5.947626909822867347e-03 -1.569113000000000036e-01 -5.950018325612226044e-03 5.905393459330068873e-03 9.999648611876396087e-01 8.098319999999999297e+00
9.999702888688760671e-01 5.041881992959740266e-03 5.831020962549120397e-03 -1.137930000000000018e-02 -5.001584174583330322e-03 9.999636519535792800e-01 -6.904992933059090482e-03 -1.578511999999999971e-01 -5.865623175859198228e-03 6.875623435740696107e-03 9.999591592995830114e-01 8.139764800000000022e+00
9.999792841592004544e-01 2.763671415501817944e-03 5.813206753609329036e-03 -1.092629999999999990e-02 -2.707035696980075647e-03 9.999490176483182280e-01 -9.728004003836667260e-03 -1.600203000000000042e-01 -5.839795389253507954e-03 9.712065921858479070e-03 9.999357842208373981e-01 8.223042500000000032e+00
9.999890572879205353e-01 2.769659358278404176e-03 3.770184538615835735e-03 -1.097809999999999932e-02 -2.729046310506994845e-03 9.999386539531863738e-01 -1.073501916742924077e-02 -1.611664999999999903e-01 -3.799685598997002301e-03 1.072461268900028360e-02 9.999352704410520154e-01 8.264764800000000022e+00
9.999925653387059521e-01 3.527014093626529029e-03 1.558665742622190398e-03 -1.098099999999999944e-02 -3.511689753180481221e-03 9.999465210421849548e-01 -9.727440090201286069e-03 -1.623195000000000054e-01 -1.592891205095740880e-03 9.721894219461959044e-03 9.999514725577408614e-01 8.307045900000000316e+00
9.999868211106535121e-01 5.004513948099345057e-03 1.145619986301883112e-03 -1.108209999999999924e-02 -4.997000587837742598e-03 9.999665849566850007e-01 -6.469849703821399338e-03 -1.633886999999999978e-01 -1.177960158445299013e-03 6.464039774643075796e-03 9.999784140668521726e-01 8.349147800000000785e+00
9.999943539187045038e-01 2.901869843129930519e-03 1.694485799954202621e-03 -1.110320000000000057e-02 -2.896113974702488932e-03 9.999900620139166030e-01 -3.389453827480971935e-03 -1.641930000000000056e-01 -1.704304714024552827e-03 3.384527266343932608e-03 9.999928201345372747e-01 8.391412700000000058e+00
9.999945876464365613e-01 2.711880071654486444e-03 1.862896752450272182e-03 -1.120370000000000046e-02 -2.706507047771934769e-03 9.999921880998817736e-01 -2.880721925305551514e-03 -1.650036000000000003e-01 -1.870694372068125661e-03 2.875664390630195289e-03 9.999941155111258251e-01 8.433642400000000094e+00
9.999967673407612612e-01 1.408995597105368314e-03 2.116610364423324956e-03 -1.125460000000000002e-02 -1.400596416103758266e-03 9.999911605852412899e-01 -3.964477400810783973e-03 -1.658103999999999967e-01 -2.122177586028996862e-03 3.961500068115588434e-03 9.999899013887608712e-01 8.475995100000000448e+00
9.999962906980189858e-01 4.007985945642911999e-04 2.694058405005868295e-03 -1.130759999999999925e-02 -3.907992706521859353e-04 9.999930373956739116e-01 -3.711123294138034875e-03 -1.676146000000000025e-01 -2.695527060343707974e-03 3.710056692401278011e-03 9.999894847513177698e-01 8.560016600000000864e+00
9.999952033790453498e-01 5.415954426567291639e-04 3.049572638612293215e-03 -1.142059999999999950e-02 -5.300013324064046984e-04 9.999926341790696949e-01 -3.801405817980259803e-03 -1.684089000000000003e-01 -3.051609000073029956e-03 3.799771306515721189e-03 9.999881246397523960e-01 8.602258700000000147e+00
9.999916514493629727e-01 1.711338564650595993e-03 3.710572987126356005e-03 -1.156669999999999920e-02 -1.693845025992063782e-03 9.999874613514232458e-01 -4.712539545054741756e-03 -1.694159000000000082e-01 -3.718591212216544942e-03 4.706215066581896818e-03 9.999820116477813325e-01 8.644555099999999825e+00
9.999871987284236763e-01 2.631099113977255176e-03 4.322001472974716478e-03 -1.167679999999999933e-02 -2.608065372583315451e-03 9.999824133929788861e-01 -5.326434057197820815e-03 -1.703960999999999948e-01 -4.335939839561818963e-03 5.315093809687001375e-03 9.999764744250245752e-01 8.686806699999999992e+00
9.999871768398839178e-01 1.026909713838821065e-03 4.958993066989466139e-03 -1.155989999999999969e-02 -1.011481256180681325e-03 9.999946439438203161e-01 -3.112714143698971925e-03 -1.715030999999999917e-01 -4.962162982734573402e-03 3.107658300330321498e-03 9.999828595523131414e-01 8.729240400000000122e+00
9.999868426429567858e-01 2.084439616873867305e-04 5.125533346417831745e-03 -1.152019999999999954e-02 -1.959544356956887030e-04 9.999970110473903606e-01 -2.437108562327386374e-03 -1.723454000000000097e-01 -5.126026027005353355e-03 2.436072125425342051e-03 9.999838945751926556e-01 8.771371800000000718e+00
9.999865083045960112e-01 -1.362848486583718467e-03 5.012569479292775312e-03 -1.136150000000000007e-02 1.380338092878513959e-03 9.999929665143457713e-01 -3.487346926797610554e-03 -1.733317000000000052e-01 -5.007781497975873422e-03 3.494218917170574187e-03 9.999813561055163058e-01 8.813398400000000521e+00
9.999877429423575936e-01 -1.518948455973397819e-04 4.948827437405367395e-03 -1.116999999999999937e-02 1.673037970095017928e-04 9.999951393884690676e-01 -3.113391860313965542e-03 -1.743666000000000105e-01 -4.948330474901753255e-03 3.114181656911493238e-03 9.999829078029879303e-01 8.855241799999999941e+00
9.999856866676171130e-01 2.493856501663885804e-03 4.733618028881860645e-03 -1.137619999999999951e-02 -2.467306297261472221e-03 9.999812399516100347e-01 -5.606437770636171769e-03 -1.752353000000000105e-01 -4.747510877264054727e-03 5.594678238257386541e-03 9.999730799955969252e-01 8.897375099999999648e+00
9.999826353963855441e-01 4.044943118569102949e-03 4.285713577333931552e-03 -1.155340000000000013e-02 -4.008550034965198752e-03 9.999561235574285778e-01 -8.466551046198502600e-03 -1.762866999999999906e-01 -4.319772252860613025e-03 8.449224530585330850e-03 9.999549740725904856e-01 8.939041100000000739e+00
9.999800048298308486e-01 5.288216692191800503e-03 3.467665604980583408e-03 -1.166299999999999976e-02 -5.260849496088621305e-03 9.999553157152090144e-01 -7.854300444731204811e-03 -1.773388999999999938e-01 -3.509045897540447479e-03 7.835900529806687914e-03 9.999631419506300745e-01 8.980963700000000216e+00
9.999780435769219933e-01 6.123090219206255014e-03 2.533797592334172122e-03 -1.182659999999999961e-02 -6.111611243744220420e-03 9.999711375933537649e-01 -4.513556054734785446e-03 -1.782929000000000042e-01 -2.561361371770288879e-03 4.497971367333780494e-03 9.999866037510211081e-01 9.022897699999999688e+00
9.999751037206626725e-01 6.951411204853361059e-03 1.212361790413113557e-03 -1.192009999999999945e-02 -6.949297037175290737e-03 9.999743405104234428e-01 -1.739422729771906984e-03 -1.791399999999999937e-01 -1.224422124482102544e-03 1.730954362419638397e-03 9.999977522912020245e-01 9.065059700000000831e+00
9.999739861921164152e-01 6.957023166679169278e-03 -1.904407442559232421e-03 -1.212769999999999994e-02 -6.964855703891391185e-03 9.999671850459804778e-01 -4.137585798731468166e-03 -1.811376000000000097e-01 1.875559669260672873e-03 4.150742087408240168e-03 9.999896267542233153e-01 9.147699400000000480e+00
9.999830419921593716e-01 3.765934865393658071e-03 -4.442236227031781844e-03 -1.273810000000000046e-02 -3.776427598909648173e-03 9.999900938323590394e-01 -2.356020318228952640e-03 -1.829205999999999888e-01 4.433319602435022676e-03 2.372756148306562948e-03 9.999873577728687346e-01 9.230999000000000621e+00
9.999826738204916632e-01 2.995168800232986088e-03 -5.067644687462288973e-03 -1.307129999999999924e-02 -3.011597587947697878e-03 9.999902247806997657e-01 -3.237379034633051933e-03 -1.836667999999999912e-01 5.057898653445071398e-03 3.252584649740098734e-03 9.999819190136928215e-01 9.272967299999999469e+00
9.999831174210100926e-01 2.552226747910244474e-03 -5.220250145893969712e-03 -1.340440000000000034e-02 -2.574539833740480989e-03 9.999875604257284500e-01 -4.272088300186260672e-03 -1.845405999999999991e-01 5.209281870175393181e-03 4.285455918260774356e-03 9.999772488661777814e-01 9.314473200000000119e+00
9.999835123001299397e-01 2.108412320950229547e-03 -5.341322437455283713e-03 -1.427379999999999968e-02 -2.132359782709820038e-03 9.999876835710385103e-01 -4.481712617494671390e-03 -1.864470000000000016e-01 5.331807353335237844e-03 4.493028345514244425e-03 9.999756919678765010e-01 9.397975900000000493e+00
9.999835450676834991e-01 1.165904756636981744e-03 -5.616961809250883494e-03 -1.449310000000000008e-02 -1.194477768078893885e-03 9.999863515513129908e-01 -5.086249497954118196e-03 -1.873948000000000003e-01 5.610955063952746680e-03 5.092875140068182926e-03 9.999712894908923122e-01 9.439281499999999880e+00
9.999838535960140495e-01 1.198917494106897189e-03 -5.554740687717463557e-03 -1.486870000000000032e-02 -1.229863216974957409e-03 9.999837256493193660e-01 -5.570984919579290498e-03 -1.884155999999999886e-01 5.547971136640083428e-03 5.577726539457837640e-03 9.999690540126319194e-01 9.480540299999999476e+00
9.999848668208771718e-01 7.131414014000135235e-04 -5.455048906666203588e-03 -1.527710000000000005e-02 -7.444470741989599877e-04 9.999832548848874847e-01 -5.738967536042800625e-03 -1.892822999999999867e-01 5.450864865893074833e-03 5.742941682417277739e-03 9.999686528552013121e-01 9.522350299999999379e+00
9.999853577404108629e-01 1.169123911837212718e-03 -5.283697006944268471e-03 -1.572499999999999939e-02 -1.202455493035182402e-03 9.999793712189941619e-01 -6.309614667500162630e-03 -1.903554000000000079e-01 5.276211289333558249e-03 6.315875690973827075e-03 9.999661350809269100e-01 9.563746500000000594e+00
9.999853963390534783e-01 -1.163658356621587002e-03 -5.277594893072216908e-03 -1.647660000000000097e-02 1.132723317307176604e-03 9.999821839093915310e-01 -5.860785074573654843e-03 -1.923370000000000080e-01 5.284320818491797245e-03 5.854721430860861109e-03 9.999688986115790046e-01 9.646089599999999820e+00
9.999815381281745852e-01 -3.105153288770970063e-03 -5.223162438931239389e-03 -1.728959999999999872e-02 3.071987577157466766e-03 9.999751464174425619e-01 -6.345820651438184926e-03 -1.941479999999999873e-01 5.242737370498116480e-03 6.329658005584819225e-03 9.999662239967890276e-01 9.728991499999999348e+00
9.999842631548747640e-01 -2.337822513257072944e-03 -5.099806711899692105e-03 -1.756380000000000094e-02 2.303733369498971000e-03 9.999750344709785743e-01 -6.680063422414642300e-03 -1.952465999999999924e-01 5.115296195186127756e-03 6.668209704390938401e-03 9.999646837384676967e-01 9.770277000000000100e+00
9.999891210540480246e-01 4.533413446422138106e-04 -4.642440648802797359e-03 -1.818060000000000162e-02 -4.746537270662949302e-04 9.999893500374285038e-01 -4.590698809620101691e-03 -1.972783999999999927e-01 4.640310053412446262e-03 4.592852419412508762e-03 9.999786863874957632e-01 9.853005400000000691e+00
9.999910929114981251e-01 3.295056721498068521e-04 -4.207793207792183236e-03 -1.866659999999999847e-02 -3.496908579727565827e-04 9.999884319340214267e-01 -4.797261139521783596e-03 -1.982308000000000126e-01 4.206163807006475276e-03 4.798689836709252310e-03 9.999796401736785745e-01 9.894420600000000121e+00
9.999927085997614151e-01 3.356039018554529663e-04 -3.803960742929391944e-03 -1.905600000000000002e-02 -3.571920094603521435e-04 9.999838281113844207e-01 -5.675907818987904405e-03 -1.990876000000000035e-01 3.801994368889335257e-03 5.677225178053954546e-03 9.999766567040936360e-01 9.935933099999999740e+00
9.999938863337732853e-01 5.506473909095364319e-04 -3.453126485889951476e-03 -1.951030000000000125e-02 -5.721454721676846487e-04 9.999804434394465869e-01 -6.227791599472730887e-03 -1.998812000000000089e-01 3.449629637417353338e-03 6.229729215517285264e-03 9.999746449431935469e-01 9.977600100000000083e+00
9.999940442107918548e-01 1.282085803180465144e-03 -3.204340640135958530e-03 -1.974930000000000088e-02 -1.302697012366653721e-03 9.999784241858238332e-01 -6.438489211793840643e-03 -2.008830000000000060e-01 3.196016808265378980e-03 6.442625150487786730e-03 9.999741386944621668e-01 1.001934149999999946e+01
9.999913707968015597e-01 3.019474236180846004e-03 -2.853262566028521435e-03 -2.018800000000000108e-02 -3.037283250742216917e-03 9.999758055678817925e-01 -6.258049961494649427e-03 -2.018593999999999944e-01 2.834297512333586525e-03 6.266662126111674155e-03 9.999763475719856132e-01 1.006119349999999990e+01
9.999856270197362562e-01 4.731780138958256027e-03 -2.521112980707230534e-03 -2.048960000000000017e-02 -4.746942770454950361e-03 9.999704762608603303e-01 -6.042610442692861877e-03 -2.027027000000000134e-01 2.492446243945050516e-03 6.054491171409496358e-03 9.999785651944628206e-01 1.010305400000000020e+01
9.999808513362579143e-01 5.789613221136717322e-03 -2.185712598375955367e-03 -2.072660000000000127e-02 -5.803472031727253261e-03 9.999627529806179860e-01 -6.388455509796194323e-03 -2.038022999999999918e-01 2.148644500614280400e-03 6.401017901343874703e-03 9.999772048885098297e-01 1.014487459999999963e+01
9.999702033090370756e-01 7.479590830099029815e-03 -1.910030129981564418e-03 -2.104500000000000121e-02 -7.493002898495447657e-03 9.999466211615407607e-01 -7.114051952395212750e-03 -2.047958000000000001e-01 1.856717977043820548e-03 7.128151838487858244e-03 9.999728706568600245e-01 1.018670370000000069e+01
9.999691109205071093e-01 7.658360409190820457e-03 -1.768253571654765854e-03 -2.112990000000000007e-02 -7.671020776546418930e-03 9.999441669657633813e-01 -7.267626255626204353e-03 -2.056945000000000023e-01 1.712496743507677067e-03 7.280966075227434352e-03 9.999720270527145960e-01 1.022826389999999996e+01
9.999589500421647292e-01 8.893422659301561048e-03 -1.733569720143205393e-03 -2.133269999999999958e-02 -8.904304905672991502e-03 9.999400402083071793e-01 -6.374115025309500665e-03 -2.065848999999999880e-01 1.676778076664818453e-03 6.389289601519871492e-03 9.999781824588321877e-01 1.027046679999999945e+01
9.999497368554922661e-01 9.838727083758843847e-03 -1.929562645565228345e-03 -2.125669999999999990e-02 -9.850530508273390093e-03 9.999322231141422046e-01 -6.206144271186844058e-03 -2.075236000000000025e-01 1.868371306091403923e-03 6.224839546568270918e-03 9.999788800576150383e-01 1.031272700000000064e+01
9.999388185348478952e-01 1.091538034400218495e-02 -1.792668145042848040e-03 -2.161110000000000114e-02 -1.092774955878180430e-02 9.999154974334387713e-01 -7.041468740191239410e-03 -2.083958999999999950e-01 1.715656350504010013e-03 7.060627761347926419e-03 9.999736016810156780e-01 1.035499760000000080e+01
9.999278035613297089e-01 1.196214278162294545e-02 -1.137895024619030651e-03 -2.204810000000000103e-02 -1.197006834234017394e-02 9.999021894918679321e-01 -7.233872631480378970e-03 -2.092485000000000039e-01 1.051251109246628679e-03 7.246971052849689524e-03 9.999731877813847758e-01 1.039692209999999939e+01
