4.776128 0.0000000 0.0000000 0.0000000 0.0000000 0.0000000 0.0000000 1.0000000
4.880125 0.0020169 -0.0008978 0.0545220 0.0000585 0.0166539 -0.0005903 0.9998611
4.984148 0.0059263 -0.0022673 0.1092350 0.0003039 0.0337988 -0.0003911 0.9994286
5.088126 0.0119754 -0.0031344 0.1640939 0.0010760 0.0507224 0.0001176 0.9987122
5.295877 0.0287610 -0.0058027 0.2736759 0.0034199 0.0834754 -0.0006813 0.9965038
5.399752 0.0401832 -0.0073086 0.3280824 0.0057032 0.0995516 0.0013102 0.9950152
5.503628 0.0537672 -0.0092199 0.3811125 0.0084214 0.1151819 0.0044918 0.9932985
5.607400 0.0691245 -0.0110316 0.4353099 0.0114106 0.1304167 0.0078047 0.9913629
5.711251 0.0862289 -0.0133560 0.4883737 0.0138603 0.1448223 0.0111815 0.9892974
5.918752 0.1252377 -0.0187949 0.5935580 0.0211305 0.1720693 0.0181511 0.9846909
6.022375 0.1467376 -0.0223763 0.6447515 0.0284727 0.1849335 0.0194935 0.9821451
6.126131 0.1685043 -0.0258730 0.6956220 0.0370489 0.1979870 0.0179176 0.9793403
6.333503 0.2166583 -0.0356964 0.7950714 0.0496729 0.2240252 0.0177220 0.9731553
6.437129 0.2425151 -0.0414876 0.8437216 0.0513801 0.2364330 0.0187221 0.9701077
6.540880 0.2694291 -0.0471181 0.8920366 0.0506872 0.2484360 0.0206135 0.9671016
6.748254 0.3282276 -0.0586204 0.9864179 0.0461709 0.2685675 0.0280245 0.9617455
6.851878 0.3580049 -0.0634343 1.0322175 0.0460477 0.2760548 0.0288049 0.9596060
6.955504 0.3870422 -0.0683880 1.0769227 0.0476243 0.2822868 0.0303338 0.9576669
7.370130 0.5069719 -0.0879563 1.2494102 0.0486890 0.3046246 0.0281195 0.9508115
7.473752 0.5384303 -0.0928054 1.2918353 0.0498123 0.3087034 0.0291598 0.9494054
7.577401 0.5708472 -0.0977245 1.3351862 0.0512693 0.3106538 0.0293125 0.9486867
7.888275 0.6693705 -0.1130228 1.4717112 0.0521200 0.3053916 0.0287898 0.9503634
7.991881 0.7024549 -0.1181624 1.5193319 0.0517695 0.3015248 0.0277032 0.9516487
8.095633 0.7362312 -0.1240489 1.5683514 0.0517552 0.2974868 0.0270509 0.9529383
8.822133 0.9811754 -0.1661582 1.9355341 0.0473350 0.2920861 0.0203536 0.9550031
9.029629 1.0544434 -0.1783027 2.0441382 0.0467301 0.2923268 0.0203352 0.9549596
9.341007 1.1693152 -0.1980721 2.2143288 0.0453101 0.2920482 0.0189741 0.9551412
9.548508 1.2446545 -0.2103640 2.3263745 0.0433304 0.2901213 0.0193592 0.9558124
9.755883 1.3194253 -0.2225508 2.4387267 0.0423413 0.2872202 0.0203487 0.9567119
9.963509 1.3928877 -0.2343566 2.5497310 0.0427314 0.2854855 0.0201070 0.9572188
10.378880 1.5395060 -0.2593950 2.7711072 0.0439489 0.2932903 0.0185742 0.9548321
10.482760 1.5771598 -0.2651625 2.8259392 0.0426370 0.2963216 0.0198551 0.9539294
10.586510 1.6147434 -0.2712908 2.8806815 0.0415734 0.2993411 0.0187962 0.9530547
10.794130 1.6895516 -0.2827744 2.9865110 0.0438096 0.3050775 0.0192767 0.9511240
11.001750 1.7657102 -0.2950585 3.0909441 0.0445884 0.3097194 0.0178319 0.9496146
11.105390 1.8042643 -0.3008890 3.1429601 0.0440211 0.3115364 0.0186014 0.9490317
11.209130 1.8431590 -0.3063105 3.1950164 0.0401032 0.3126906 0.0204550 0.9487876
11.312890 1.8818895 -0.3117249 3.2466877 0.0350141 0.3137997 0.0218389 0.9485920
11.416630 1.9197985 -0.3164712 3.2978587 0.0341186 0.3147554 0.0227903 0.9482856
11.520390 1.9567089 -0.3209641 3.3480814 0.0366428 0.3156625 0.0215642 0.9479185
11.624010 1.9951504 -0.3257134 3.3983297 0.0400459 0.3162896 0.0215735 0.9475715
11.727800 2.0324440 -0.3306057 3.4479191 0.0413570 0.3166308 0.0239612 0.9473439
11.831510 2.0710258 -0.3356980 3.4979856 0.0416245 0.3164872 0.0257978 0.9473319
11.935260 2.1081378 -0.3407340 3.5481791 0.0398690 0.3163652 0.0257081 0.9474506
12.038930 2.1457822 -0.3450850 3.5985076 0.0374082 0.3159676 0.0257435 0.9476826
12.142640 2.1828368 -0.3496377 3.6487079 0.0340764 0.3155533 0.0249338 0.9479679
12.246380 2.2193909 -0.3538768 3.6992335 0.0321591 0.3154128 0.0209696 0.9481776
12.350150 2.2556696 -0.3577703 3.7496533 0.0304763 0.3146568 0.0178080 0.9485490
12.453880 2.2926731 -0.3621889 3.7990127 0.0303721 0.3133656 0.0197954 0.9489403
12.557630 2.3295090 -0.3665175 3.8486907 0.0316073 0.3116794 0.0215348 0.9494173
12.661390 2.3656392 -0.3706102 3.8984499 0.0330845 0.3087798 0.0224072 0.9502938
12.765050 2.4018016 -0.3747157 3.9481251 0.0336767 0.3041797 0.0248448 0.9516950
12.868760 2.4373577 -0.3790647 3.9979680 0.0346375 0.2995840 0.0283555 0.9530192
12.972400 2.4713185 -0.3829686 4.0488510 0.0346034 0.2943684 0.0269523 0.9546850
13.076170 2.5051825 -0.3869483 4.1002364 0.0337233 0.2883863 0.0258937 0.9565697
13.179930 2.5380168 -0.3912286 4.1517110 0.0319879 0.2820427 0.0265423 0.9585010
13.283680 2.5704024 -0.3954413 4.2035046 0.0317647 0.2759289 0.0263303 0.9602922
13.387430 2.6018999 -0.3990281 4.2558479 0.0315010 0.2696218 0.0263847 0.9620892
13.491130 2.6328244 -0.4028722 4.3076248 0.0321252 0.2629056 0.0267379 0.9639158
13.594890 2.6626387 -0.4077896 4.3600569 0.0342169 0.2564508 0.0261910 0.9655963
13.698760 2.6920626 -0.4118979 4.4125905 0.0390787 0.2502994 0.0261046 0.9670272
13.802490 2.7203927 -0.4162890 4.4652386 0.0417565 0.2434782 0.0250932 0.9686822
13.906260 2.7480507 -0.4215956 4.5191379 0.0401851 0.2375067 0.0250403 0.9702312
14.010030 2.7753170 -0.4266923 4.5728755 0.0384659 0.2310666 0.0246133 0.9718656
14.113800 2.8012757 -0.4317204 4.6262670 0.0392166 0.2258851 0.0226240 0.9731013
14.217640 2.8265467 -0.4370375 4.6799355 0.0420681 0.2223479 0.0197185 0.9738598
14.321530 2.8510413 -0.4425040 4.7332230 0.0450163 0.2199139 0.0161272 0.9743466
14.425390 2.8760982 -0.4480478 4.7872820 0.0465315 0.2181066 0.0145861 0.9747059
14.529260 2.9006824 -0.4540612 4.8409276 0.0464331 0.2161537 0.0138592 0.9751561
14.633120 2.9246399 -0.4603016 4.8939142 0.0463674 0.2136681 0.0139842 0.9757051
14.736910 2.9487436 -0.4659650 4.9485168 0.0444555 0.2106950 0.0127927 0.9764567
14.840760 2.9725580 -0.4719343 5.0023789 0.0425525 0.2078493 0.0131381 0.9771465
14.944510 2.9956996 -0.4775940 5.0564899 0.0412581 0.2048898 0.0121848 0.9778392
15.048260 3.0179396 -0.4832425 5.1105723 0.0408524 0.2020549 0.0079507 0.9784895
15.152010 3.0392823 -0.4886737 5.1642666 0.0414208 0.1990421 0.0041609 0.9791063
15.255760 3.0611858 -0.4944457 5.2177572 0.0433799 0.1955723 0.0045490 0.9797188
15.359530 3.0833716 -0.5001243 5.2712259 0.0450211 0.1917248 0.0051701 0.9804019
15.463280 3.1043429 -0.5056843 5.3247566 0.0441468 0.1883957 0.0046231 0.9810896
15.567140 3.1250923 -0.5115743 5.3789268 0.0417934 0.1847771 0.0048239 0.9818795
15.670890 3.1454017 -0.5174433 5.4332104 0.0403037 0.1812107 0.0044677 0.9826079
15.774640 3.1649802 -0.5230759 5.4872255 0.0420058 0.1778899 0.0031855 0.9831483
15.982160 3.2033546 -0.5340130 5.5939856 0.0439811 0.1710907 0.0024003 0.9842702
16.189760 3.2405794 -0.5459161 5.7019424 0.0432385 0.1634216 0.0034502 0.9856023
16.293510 3.2583423 -0.5519682 5.7572513 0.0435902 0.1597612 0.0047588 0.9861813
16.397260 3.2760739 -0.5574440 5.8084884 0.0438815 0.1560690 0.0056148 0.9867550
16.604760 3.3088424 -0.5695814 5.9175725 0.0423795 0.1499587 -0.0000513 0.9877836
16.708640 3.3255556 -0.5752193 5.9724326 0.0423693 0.1475780 0.0013615 0.9881415
16.812390 3.3419538 -0.5812044 6.0267515 0.0422774 0.1451669 0.0020751 0.9885013
16.916160 3.3579667 -0.5866904 6.0809689 0.0429865 0.1427320 0.0023348 0.9888247
17.020010 3.3742747 -0.5922779 6.1356254 0.0423885 0.1395714 0.0054890 0.9892891
17.123760 3.3900790 -0.5981289 6.1898828 0.0412856 0.1367807 0.0093166 0.9896968
17.227520 3.4053533 -0.6035815 6.2441411 0.0409482 0.1343468 0.0102076 0.9900354
17.331410 3.4201367 -0.6091844 6.2984867 0.0416668 0.1321065 0.0090821 0.9903178
17.435140 3.4341033 -0.6144527 6.3526497 0.0427149 0.1304496 0.0082758 0.9904998
17.539040 3.4485726 -0.6202612 6.4070797 0.0424669 0.1294451 0.0071110 0.9906513
17.642890 3.4625440 -0.6257054 6.4616976 0.0419136 0.1290821 0.0068595 0.9907240
17.746640 3.4773021 -0.6310117 6.5161343 0.0397434 0.1282729 0.0079359 0.9909105
17.850540 3.4916925 -0.6364529 6.5706968 0.0371170 0.1275660 0.0077650 0.9911049
17.954270 3.5053890 -0.6416673 6.6247406 0.0362031 0.1272304 0.0083625 0.9911770
18.058140 3.5192103 -0.6467515 6.6787133 0.0386553 0.1267053 0.0080353 0.9911544
18.161890 3.5326304 -0.6515753 6.7318916 0.0405983 0.1268027 0.0075143 0.9910683
18.265770 3.5461938 -0.6567058 6.7852764 0.0402247 0.1267896 0.0057190 0.9910972
18.473380 3.5732484 -0.6679028 6.8912892 0.0397800 0.1263050 0.0067904 0.9911703
18.577160 3.5867925 -0.6729566 6.9442401 0.0410290 0.1258427 0.0055344 0.9911860
18.680990 3.5989740 -0.6783912 6.9967370 0.0416405 0.1263359 0.0006949 0.9911129
18.784860 3.6114128 -0.6836219 7.0483146 0.0426652 0.1262433 -0.0027857 0.9910775
18.888520 3.6246934 -0.6891161 7.1002202 0.0444365 0.1261176 -0.0012889 0.9910187
18.992370 3.6376994 -0.6949927 7.1515136 0.0449250 0.1258721 -0.0005190 0.9910286
19.096040 3.6509256 -0.7007146 7.2030272 0.0454993 0.1248595 -0.0010422 0.9911301
19.199890 3.6646094 -0.7063426 7.2543459 0.0449351 0.1236494 0.0041495 0.9912993
19.303520 3.6775455 -0.7122744 7.3043084 0.0430574 0.1218587 0.0071612 0.9915872
19.407390 3.6903670 -0.7176675 7.3555431 0.0404736 0.1209994 0.0090056 0.9917862
19.511150 3.7027330 -0.7230945 7.4062462 0.0401450 0.1190966 0.0099892 0.9920205
19.614770 3.7149544 -0.7279884 7.4554157 0.0428365 0.1163386 0.0103298 0.9922317
19.718390 3.7253389 -0.7333817 7.5034723 0.0441955 0.1133031 0.0104844 0.9925216
19.822140 3.7360303 -0.7379724 7.5529432 0.0447522 0.1092137 0.0101344 0.9929587
19.925670 3.7467387 -0.7431763 7.6029205 0.0426185 0.1041374 0.0115747 0.9935820
20.029410 3.7565565 -0.7482852 7.6521797 0.0419066 0.0981002 0.0132344 0.9942057
20.132890 3.7658091 -0.7531452 7.7013612 0.0433414 0.0912057 0.0151571 0.9947730
20.236640 3.7734501 -0.7581118 7.7501349 0.0439054 0.0842488 0.0149725 0.9953644
20.340390 3.7813151 -0.7629550 7.7997966 0.0442093 0.0772778 0.0155759 0.9959071
20.444020 3.7879145 -0.7682042 7.8484230 0.0451108 0.0705376 0.0158257 0.9963629
20.547770 3.7935309 -0.7738534 7.8960228 0.0482613 0.0638899 0.0138426 0.9966932
20.651520 3.7976384 -0.7792795 7.9432964 0.0528183 0.0578613 0.0097846 0.9968784
20.755270 3.8017197 -0.7848134 7.9898720 0.0566450 0.0509681 0.0075462 0.9970640
20.859140 3.8052950 -0.7902558 8.0375881 0.0573509 0.0447037 0.0069092 0.9973288
20.962890 3.8083830 -0.7963691 8.0855951 0.0553241 0.0388252 0.0047528 0.9977020
21.066770 3.8108296 -0.8024379 8.1332140 0.0541448 0.0335155 0.0024498 0.9979675
21.170640 3.8129492 -0.8085235 8.1794949 0.0574641 0.0289241 0.0007410 0.9979282
21.274520 3.8143985 -0.8144586 8.2252865 0.0614958 0.0258313 -0.0008911 0.9977726
21.378530 3.8161480 -0.8205167 8.2715759 0.0628813 0.0243277 -0.0021208 0.9977222
21.482520 3.8181632 -0.8268147 8.3184242 0.0604789 0.0243254 -0.0035750 0.9978666
21.586400 3.8200533 -0.8336864 8.3650455 0.0583274 0.0253128 -0.0041114 0.9979681
21.690420 3.8223987 -0.8398106 8.4111433 0.0568322 0.0266852 -0.0031201 0.9980222
21.794280 3.8248873 -0.8455621 8.4569988 0.0571518 0.0281649 -0.0020633 0.9979660
21.898270 3.8277929 -0.8517302 8.5027161 0.0570801 0.0298724 -0.0012853 0.9979218
22.002150 3.8302937 -0.8579156 8.5481968 0.0562208 0.0324479 -0.0016740 0.9978896
22.106150 3.8334608 -0.8634862 8.5936289 0.0564206 0.0350022 -0.0020386 0.9977912
22.210070 3.8364437 -0.8692849 8.6382170 0.0554645 0.0380212 -0.0027133 0.9977328
22.313900 3.8401217 -0.8751515 8.6833477 0.0541049 0.0411005 -0.0017991 0.9976874
22.417770 3.8443096 -0.8807452 8.7280159 0.0540414 0.0435236 -0.0021474 0.9975874
22.521520 3.8479023 -0.8860497 8.7723293 0.0548900 0.0463152 -0.0030547 0.9974130
22.625400 3.8515899 -0.8918332 8.8161087 0.0560323 0.0486030 -0.0035245 0.9972391
22.729170 3.8559744 -0.8974116 8.8597479 0.0573099 0.0497674 -0.0036288 0.9971086
22.832900 3.8603711 -0.9029459 8.9029484 0.0580765 0.0505875 -0.0019992 0.9970276
22.936520 3.8649707 -0.9084013 8.9459267 0.0574333 0.0501849 -0.0004773 0.9970871
23.040140 3.8696229 -0.9141464 8.9887657 0.0556217 0.0478117 0.0010023 0.9973060
23.143770 3.8730743 -0.9199142 9.0310049 0.0555325 0.0442157 0.0014829 0.9974763
23.247420 3.8761678 -0.9253326 9.0726261 0.0560601 0.0385874 0.0026541 0.9976779
23.351020 3.8788970 -0.9305819 9.1142445 0.0562115 0.0312060 0.0040158 0.9979230
23.454650 3.8803453 -0.9357036 9.1554079 0.0551226 0.0235376 0.0034498 0.9981962
23.558270 3.8807049 -0.9409170 9.1967545 0.0527274 0.0155739 0.0008385 0.9984871
23.662020 3.8804615 -0.9458311 9.2376776 0.0495109 0.0074883 -0.0000276 0.9987455
23.765650 3.8799963 -0.9505487 9.2787447 0.0458148 -0.0011884 -0.0000900 0.9989492
23.869400 3.8783500 -0.9550257 9.3192472 0.0420683 -0.0096967 -0.0006268 0.9990675
23.973020 3.8760669 -0.9592484 9.3594313 0.0391313 -0.0182402 -0.0018113 0.9990659
24.076780 3.8731973 -0.9634559 9.3990641 0.0378569 -0.0272325 -0.0022087 0.9989096
24.180540 3.8698394 -0.9670739 9.4385242 0.0374105 -0.0363638 -0.0018930 0.9986364
24.284160 3.8653219 -0.9707558 9.4772787 0.0369045 -0.0448753 -0.0028155 0.9983068
24.387900 3.8602090 -0.9740498 9.5161228 0.0363440 -0.0529602 -0.0054616 0.9979201
24.491650 3.8548048 -0.9775298 9.5547905 0.0344929 -0.0602877 -0.0068210 0.9975616
24.595400 3.8493521 -0.9808877 9.5929899 0.0327672 -0.0666148 -0.0053974 0.9972260
24.699270 3.8435674 -0.9841160 9.6306305 0.0321087 -0.0720213 -0.0042817 0.9968770
24.803110 3.8369157 -0.9874968 9.6674156 0.0338038 -0.0770320 -0.0067674 0.9964324
25.114270 3.8172038 -0.9974638 9.7750273 0.0455335 -0.0906167 -0.0052754 0.9948304
25.218040 3.8100288 -1.0008001 9.8114691 0.0446308 -0.0938763 -0.0050041 0.9945704
25.321770 3.8018022 -1.0043334 9.8488054 0.0404406 -0.0968393 -0.0068291 0.9944547
25.529390 3.7856829 -1.0114191 9.9234819 0.0306099 -0.0998921 -0.0102022 0.9944750
25.737020 3.7708411 -1.0177141 9.9968386 0.0317357 -0.1011252 -0.0066560 0.9943451
25.944520 3.7554028 -1.0231978 10.0710373 0.0304464 -0.1029727 -0.0060928 0.9941995
26.048150 3.7470646 -1.0257910 10.1080084 0.0286680 -0.1043617 -0.0067011 0.9941036
26.151900 3.7385952 -1.0287000 10.1455364 0.0259912 -0.1058785 -0.0065909 0.9940175
26.255540 3.7301569 -1.0312836 10.1830540 0.0246946 -0.1081632 -0.0063354 0.9938062
26.359150 3.7211103 -1.0335000 10.2208157 0.0237234 -0.1113114 -0.0055922 0.9934866
26.981280 3.6583817 -1.0481219 10.4477673 0.0258896 -0.1445927 -0.0057394 0.9891359
27.085020 3.6458631 -1.0504311 10.4859562 0.0244160 -0.1504262 -0.0057394 0.9883031
27.188790 3.6329355 -1.0529993 10.5235920 0.0234039 -0.1563070 -0.0068054 0.9874077
27.396270 3.6050746 -1.0575559 10.6005421 0.0217416 -0.1672424 -0.0102111 0.9856232
27.603900 3.5753639 -1.0619295 10.6790409 0.0202367 -0.1731983 -0.0123513 0.9846016
27.707780 3.5606291 -1.0641341 10.7190733 0.0185696 -0.1743527 -0.0113433 0.9844428
27.811650 3.5460606 -1.0661873 10.7595863 0.0195640 -0.1745523 -0.0089374 0.9844130
27.915520 3.5311368 -1.0685036 10.8001928 0.0199088 -0.1738924 -0.0080723 0.9845303
28.019400 3.5159724 -1.0706302 10.8415785 0.0211321 -0.1734279 -0.0063841 0.9845991
28.123280 3.5011678 -1.0726987 10.8836756 0.0206286 -0.1734782 -0.0048654 0.9846096
28.227150 3.4862399 -1.0749699 10.9261942 0.0179448 -0.1733791 -0.0034775 0.9846855
28.434770 3.4553621 -1.0798866 11.0113688 0.0149913 -0.1717898 -0.0032786 0.9850141
28.538650 3.4400239 -1.0818062 11.0541420 0.0148133 -0.1711827 -0.0038505 0.9851204
28.642420 3.4243362 -1.0837277 11.0968704 0.0145902 -0.1700023 -0.0046774 0.9853246
28.746150 3.4089494 -1.0861104 11.1397915 0.0150043 -0.1691611 -0.0046779 0.9854631
28.849900 3.3938439 -1.0884062 11.1829100 0.0169302 -0.1686415 -0.0040156 0.9855239
28.953800 3.3786857 -1.0902913 11.2256718 0.0203655 -0.1681125 -0.0040423 0.9855492
29.057520 3.3632417 -1.0925696 11.2683153 0.0214652 -0.1674385 -0.0051398 0.9856354
29.161270 3.3479462 -1.0951657 11.3112583 0.0197947 -0.1666599 -0.0058599 0.9857983
29.264900 3.3329604 -1.0977246 11.3542442 0.0178937 -0.1660267 -0.0067560 0.9859357
29.368650 3.3182273 -1.1001427 11.3966122 0.0178597 -0.1647300 -0.0084851 0.9861405
29.472530 3.3036518 -1.1024543 11.4389334 0.0176007 -0.1621451 -0.0101365 0.9865578
29.576300 3.2895782 -1.1044976 11.4815998 0.0169325 -0.1586339 -0.0098253 0.9871433
29.680170 3.2761178 -1.1067324 11.5241203 0.0169425 -0.1540091 -0.0091777 0.9878815
29.783900 3.2633452 -1.1093547 11.5666227 0.0178064 -0.1488446 -0.0073905 0.9886727
29.887780 3.2510676 -1.1114030 11.6090803 0.0196407 -0.1432826 -0.0073210 0.9894598
29.991660 3.2383995 -1.1134897 11.6522732 0.0193514 -0.1370066 -0.0087700 0.9903423
30.095530 3.2270195 -1.1156665 11.6956911 0.0157873 -0.1313083 -0.0063091 0.9911958
30.199280 3.2162859 -1.1178945 11.7392569 0.0117976 -0.1268931 -0.0047368 0.9918349
30.303050 3.2052751 -1.1198214 11.7829037 0.0089900 -0.1232871 -0.0046011 0.9923196
30.406780 3.1939070 -1.1212107 11.8263407 0.0081149 -0.1209130 -0.0075875 0.9926009
30.510400 3.1828768 -1.1226231 11.8704138 0.0073521 -0.1194400 -0.0071972 0.9927881
30.614030 3.1725190 -1.1242501 11.9143572 0.0069132 -0.1188402 -0.0066354 0.9928672
30.717780 3.1613989 -1.1255932 11.9582634 0.0079038 -0.1182488 -0.0066699 0.9929301
30.821410 3.1500356 -1.1269897 12.0021639 0.0086434 -0.1178233 -0.0082561 0.9929627
30.925160 3.1386456 -1.1283541 12.0464563 0.0082114 -0.1178940 -0.0091394 0.9929502
31.132530 3.1170228 -1.1311910 12.1353064 0.0067085 -0.1197099 -0.0089081 0.9927463
31.340050 3.0950346 -1.1335335 12.2245436 0.0058441 -0.1224750 -0.0068404 0.9924308
31.443650 3.0830097 -1.1349461 12.2688589 0.0048597 -0.1243474 -0.0080975 0.9921938
31.651030 3.0583260 -1.1368549 12.3584452 0.0005228 -0.1295556 -0.0099436 0.9915221
31.858530 3.0328410 -1.1390486 12.4471397 0.0021386 -0.1338669 -0.0133944 0.9909065
31.962280 3.0195487 -1.1396902 12.4914703 0.0046624 -0.1361425 -0.0154375 0.9905580
32.066030 3.0058904 -1.1404496 12.5364008 0.0058552 -0.1384137 -0.0175034 0.9902025
32.169650 2.9923999 -1.1417674 12.5811176 0.0054620 -0.1406050 -0.0184215 0.9898793
32.273410 2.9786112 -1.1430546 12.6255207 0.0063860 -0.1426536 -0.0195863 0.9895583
32.377150 2.9647484 -1.1440639 12.6700726 0.0078275 -0.1447348 -0.0196053 0.9892453
32.480910 2.9507494 -1.1451447 12.7150221 0.0079668 -0.1471146 -0.0196846 0.9888915
32.584530 2.9365261 -1.1464820 12.7595749 0.0071726 -0.1495344 -0.0199035 0.9885302
32.688280 2.9223068 -1.1479974 12.8041286 0.0072280 -0.1517853 -0.0179377 0.9882243
32.791900 2.9081442 -1.1493648 12.8486004 0.0075008 -0.1541446 -0.0167355 0.9878781
32.999410 2.8776152 -1.1520376 12.9376888 0.0075642 -0.1585098 -0.0196471 0.9871329
33.103170 2.8621488 -1.1532369 12.9818144 0.0070676 -0.1609097 -0.0215394 0.9867088
33.206780 2.8468597 -1.1549370 13.0260992 0.0085951 -0.1631410 -0.0199820 0.9863629
33.310530 2.8314579 -1.1566207 13.0699291 0.0120282 -0.1653394 -0.0190237 0.9859799
33.518170 2.7983339 -1.1591278 13.1581841 0.0134546 -0.1683755 -0.0255820 0.9852991
33.621780 2.7819703 -1.1607074 13.2027569 0.0079761 -0.1695054 -0.0263001 0.9851460
33.725530 2.7659333 -1.1615587 13.2477951 0.0018572 -0.1704451 -0.0254398 0.9850370
33.829280 2.7495704 -1.1623441 13.2923841 -0.0025504 -0.1712283 -0.0269380 0.9848598
33.933050 2.7331319 -1.1631081 13.3367214 -0.0036847 -0.1723741 -0.0280869 0.9846241
34.036660 2.7163961 -1.1633099 13.3805752 -0.0012741 -0.1736871 -0.0277275 0.9844096
34.244030 2.6831291 -1.1641325 13.4686985 0.0041823 -0.1784308 -0.0264862 0.9835870
34.347780 2.6662056 -1.1648014 13.5127993 0.0054034 -0.1806930 -0.0256612 0.9831899
34.451530 2.6488018 -1.1657382 13.5566063 0.0063970 -0.1828075 -0.0251498 0.9828061
34.658910 2.6138344 -1.1673573 13.6453218 0.0030919 -0.1868353 -0.0245341 0.9820800
34.762530 2.5957332 -1.1680512 13.6896667 0.0000988 -0.1882258 -0.0242769 0.9818256
34.866280 2.5777974 -1.1685485 13.7339048 -0.0027718 -0.1895814 -0.0242680 0.9815611
34.970030 2.5596139 -1.1685704 13.7787228 -0.0053545 -0.1906299 -0.0239565 0.9813550
35.073910 2.5412431 -1.1685857 13.8233938 -0.0089277 -0.1914460 -0.0239184 0.9811711
35.177560 2.5228932 -1.1683935 13.8676796 -0.0092258 -0.1922840 -0.0242587 0.9809961
35.281280 2.5040162 -1.1686318 13.9111595 -0.0043214 -0.1931338 -0.0279331 0.9807652
35.385050 2.4854894 -1.1690146 13.9547062 0.0025604 -0.1936989 -0.0272748 0.9806785
35.488660 2.4671321 -1.1689601 13.9985905 0.0068019 -0.1943177 -0.0264357 0.9805588
35.592410 2.4485884 -1.1695259 14.0431471 0.0055251 -0.1941930 -0.0263673 0.9805933
35.696160 2.4296749 -1.1702708 14.0880432 0.0025504 -0.1943455 -0.0271962 0.9805527
35.799780 2.4111147 -1.1712981 14.1325178 0.0017487 -0.1951659 -0.0266632 0.9804062
35.903530 2.3927243 -1.1717007 14.1773777 0.0021696 -0.1959058 -0.0249214 0.9803036
36.007180 2.3741791 -1.1722714 14.2223749 0.0016272 -0.1967531 -0.0232904 0.9801751
36.214530 2.3356969 -1.1733215 14.3117867 -0.0020800 -0.1978331 -0.0246249 0.9799241
36.318290 2.3165169 -1.1736962 14.3560019 -0.0017032 -0.1984443 -0.0254441 0.9797804
36.422040 2.2973726 -1.1739811 14.4003487 0.0003535 -0.1990605 -0.0244253 0.9796827
36.525780 2.2779651 -1.1743915 14.4449291 0.0010441 -0.1997918 -0.0238983 0.9795463
36.629530 2.2590287 -1.1748406 14.4894972 -0.0001759 -0.2010271 -0.0228326 0.9793195
36.837040 2.2195125 -1.1757357 14.5792131 -0.0028197 -0.2049717 -0.0232192 0.9784884
36.940790 2.1993320 -1.1759760 14.6238337 -0.0026359 -0.2072650 -0.0220795 0.9780321
37.044540 2.1792176 -1.1762780 14.6682711 -0.0017265 -0.2097408 -0.0225897 0.9774945
37.252040 2.1376393 -1.1771917 14.7557297 0.0022460 -0.2147834 -0.0236748 0.9763721
37.355660 2.1169171 -1.1778039 14.7997150 0.0028721 -0.2189449 -0.0218694 0.9754879
37.459410 2.0956724 -1.1784739 14.8431654 0.0028857 -0.2238192 -0.0197435 0.9744264
37.666660 2.0516119 -1.1799831 14.9289913 0.0018491 -0.2367229 -0.0163805 0.9714373
37.770280 2.0281501 -1.1804873 14.9714794 0.0008315 -0.2442817 -0.0172949 0.9695497
37.874040 2.0040324 -1.1809115 15.0140629 -0.0015872 -0.2518087 -0.0174113 0.9676191
37.977790 1.9793243 -1.1814989 15.0558929 -0.0035394 -0.2589644 -0.0189255 0.9656950
38.081530 1.9537584 -1.1817565 15.0970249 -0.0032472 -0.2650941 -0.0214190 0.9639792
38.185280 1.9276866 -1.1817299 15.1373558 -0.0011558 -0.2699431 -0.0242839 0.9625693
38.289160 1.9014440 -1.1818420 15.1782618 0.0005824 -0.2732607 -0.0264802 0.9615753
38.393160 1.8751552 -1.1821170 15.2192383 0.0015178 -0.2741826 -0.0293523 0.9612284
38.497160 1.8489523 -1.1825809 15.2603083 0.0038355 -0.2722465 -0.0331945 0.9616472
38.705160 1.7987802 -1.1836371 15.3421993 0.0094022 -0.2626315 -0.0362206 0.9641703
38.809290 1.7750720 -1.1844459 15.3845882 0.0096838 -0.2565392 -0.0328840 0.9659257
38.913290 1.7516140 -1.1852674 15.4268723 0.0083865 -0.2506931 -0.0322319 0.9674935
39.017160 1.7283411 -1.1862291 15.4691229 0.0085335 -0.2450102 -0.0341341 0.9688818
39.121160 1.7061281 -1.1871531 15.5115824 0.0077438 -0.2396511 -0.0329148 0.9702700
39.225040 1.6850777 -1.1879340 15.5543327 0.0085912 -0.2351684 -0.0303829 0.9714416
39.432660 1.6427460 -1.1902888 15.6395769 0.0102469 -0.2260218 -0.0294495 0.9736230
39.640160 1.6013290 -1.1923177 15.7251635 0.0075203 -0.2194820 -0.0330107 0.9750289
39.847560 1.5603373 -1.1935936 15.8118792 0.0028901 -0.2139966 -0.0345107 0.9762203
40.055040 1.5192885 -1.1947671 15.8980227 0.0090660 -0.2109507 -0.0385321 0.9766949
40.262420 1.4792221 -1.1968108 15.9847403 0.0191101 -0.2095222 -0.0369623 0.9769182
40.469910 1.4379838 -1.2003477 16.0731277 0.0168633 -0.2078737 -0.0392049 0.9772242
40.677280 1.3976854 -1.2029321 16.1633987 0.0144184 -0.2084246 -0.0372680 0.9772218
40.884790 1.3561466 -1.2057433 16.2530975 0.0125364 -0.2111504 -0.0370103 0.9766722
40.988410 1.3350655 -1.2067826 16.2979488 0.0126308 -0.2134633 -0.0371879 0.9761614
41.092170 1.3136706 -1.2080797 16.3429585 0.0125818 -0.2154596 -0.0375008 0.9757113
41.195790 1.2918569 -1.2093245 16.3876591 0.0126360 -0.2173730 -0.0392344 0.9752179
41.299420 1.2699192 -1.2104663 16.4323540 0.0138468 -0.2196473 -0.0393674 0.9746864
41.506790 1.2260792 -1.2130991 16.5226250 0.0170314 -0.2254031 -0.0356637 0.9734637
41.610540 1.2033424 -1.2145792 16.5680199 0.0178667 -0.2292583 -0.0347030 0.9725827
41.817920 1.1554559 -1.2173476 16.6580067 0.0145487 -0.2371188 -0.0375463 0.9706458
42.025300 1.1054639 -1.2195131 16.7476616 0.0087116 -0.2446340 -0.0429409 0.9686250
42.128920 1.0798135 -1.2202892 16.7923622 0.0070607 -0.2484162 -0.0439523 0.9676300
42.232670 1.0540884 -1.2209615 16.8371277 0.0086054 -0.2528677 -0.0436380 0.9664779
42.336290 1.0281081 -1.2214906 16.8818226 0.0119831 -0.2572950 -0.0422253 0.9653355
42.647420 0.9475072 -1.2253679 17.0156059 0.0196509 -0.2703694 -0.0346441 0.9619325
42.751180 0.9197232 -1.2267969 17.0605316 0.0178333 -0.2743596 -0.0308721 0.9609661
42.854790 0.8912011 -1.2281723 17.1054020 0.0147649 -0.2788322 -0.0298959 0.9597608
42.958540 0.8621927 -1.2294769 17.1504650 0.0106209 -0.2833115 -0.0289325 0.9585326
43.062290 0.8327752 -1.2305893 17.1949730 0.0082149 -0.2876342 -0.0286963 0.9572751
43.166060 0.8024357 -1.2312758 17.2395229 0.0071524 -0.2914099 -0.0294670 0.9561176
43.269790 0.7713633 -1.2321460 17.2834358 0.0074789 -0.2952843 -0.0319408 0.9548461
43.477330 0.7083595 -1.2335634 17.3719540 0.0052473 -0.3015657 -0.0340101 0.9528242
43.581040 0.6765299 -1.2339625 17.4162312 0.0058612 -0.3042040 -0.0341312 0.9519772
43.684940 0.6445892 -1.2344609 17.4601784 0.0078208 -0.3069944 -0.0324085 0.9511272
43.788690 0.6124607 -1.2349551 17.5039177 0.0094406 -0.3101140 -0.0313521 0.9501354
43.892430 0.5797890 -1.2354863 17.5481567 0.0093735 -0.3127324 -0.0314137 0.9492754
43.996060 0.5459738 -1.2360216 17.5920830 0.0076817 -0.3150746 -0.0339348 0.9484289
44.099960 0.5121632 -1.2365493 17.6359653 0.0053187 -0.3174441 -0.0353067 0.9476045
44.203560 0.4782853 -1.2368978 17.6796246 0.0060155 -0.3201264 -0.0353362 0.9466965
44.307300 0.4439771 -1.2371897 17.7227039 0.0084403 -0.3226137 -0.0360142 0.9458077
44.411040 0.4097859 -1.2379805 17.7657013 0.0107401 -0.3253523 -0.0345967 0.9448987
44.618540 0.3413061 -1.2396418 17.8522243 0.0087452 -0.3307582 -0.0299721 0.9431989
44.722330 0.3067785 -1.2404910 17.8953686 0.0076276 -0.3336804 -0.0273445 0.9422587
44.826160 0.2719273 -1.2413235 17.9381847 0.0070331 -0.3370735 -0.0253316 0.9411112
44.929790 0.2366248 -1.2420175 17.9809303 0.0053138 -0.3397996 -0.0220735 0.9402238
45.033540 0.2011783 -1.2425534 18.0228024 0.0046495 -0.3424686 -0.0237208 0.9392183
45.137340 0.1653573 -1.2431668 18.0643673 0.0043367 -0.3444964 -0.0235256 0.9384828
45.241040 0.1295081 -1.2438474 18.1056843 0.0053877 -0.3472003 -0.0234544 0.9374822
45.344810 0.0933132 -1.2444186 18.1466637 0.0058530 -0.3496069 -0.0246207 0.9365546
45.448540 0.0574789 -1.2450107 18.1877098 0.0048954 -0.3522048 -0.0216875 0.9356588
45.552290 0.0213166 -1.2459519 18.2286243 0.0037817 -0.3552216 -0.0233294 0.9344833
45.656170 -0.0151496 -1.2465969 18.2687721 0.0048444 -0.3574229 -0.0223737 0.9336621
45.759920 -0.0515510 -1.2469274 18.3091869 0.0035257 -0.3600866 -0.0206646 0.9326833
45.863670 -0.0885129 -1.2472446 18.3490543 0.0031728 -0.3622084 -0.0231606 0.9318039
45.967420 -0.1254895 -1.2477801 18.3885345 0.0024032 -0.3638145 -0.0262871 0.9310973
46.071290 -0.1628806 -1.2477784 18.4281521 0.0022787 -0.3655728 -0.0270742 0.9303861
46.175050 -0.1998544 -1.2475145 18.4675369 -0.0006667 -0.3666703 -0.0272615 0.9299513
46.278790 -0.2371470 -1.2481909 18.5073223 -0.0004754 -0.3680196 -0.0284712 0.9293819
46.382670 -0.2740981 -1.2480208 18.5461578 0.0017492 -0.3691911 -0.0269807 0.9289601
46.486540 -0.3109422 -1.2482344 18.5845680 0.0051296 -0.3695080 -0.0245613 0.9288887
46.590420 -0.3476730 -1.2485614 18.6233997 0.0050098 -0.3692818 -0.0246582 0.9289768
46.694170 -0.3846039 -1.2489363 18.6622982 0.0041276 -0.3687220 -0.0254518 0.9291821
46.798050 -0.4214209 -1.2490375 18.7017460 0.0017463 -0.3677966 -0.0264568 0.9295282
46.901920 -0.4581647 -1.2492183 18.7413273 0.0012385 -0.3662311 -0.0265914 0.9301431
47.005800 -0.4950537 -1.2492254 18.7811012 0.0013578 -0.3638282 -0.0266961 0.9310824
47.109670 -0.5319597 -1.2494495 18.8205872 0.0045128 -0.3608366 -0.0281571 0.9321930
47.317420 -0.6045281 -1.2500234 18.9018707 0.0077823 -0.3541970 -0.0272266 0.9347420
47.525050 -0.6760951 -1.2518007 18.9846954 0.0075672 -0.3464503 -0.0276191 0.9376311
47.732670 -0.7481937 -1.2523726 19.0699558 0.0035856 -0.3382735 -0.0313907 0.9405173
47.940170 -0.8183848 -1.2528799 19.1561298 0.0032202 -0.3296850 -0.0343819 0.9434592
48.147690 -0.8870339 -1.2537621 19.2441902 0.0091671 -0.3228463 -0.0319782 0.9458666
48.251420 -0.9213536 -1.2541654 19.2892380 0.0086766 -0.3194141 -0.0308461 0.9470733
48.458800 -0.9889862 -1.2559468 19.3802662 0.0067608 -0.3133347 -0.0315077 0.9490958
48.562550 -1.0228022 -1.2564505 19.4263744 0.0060549 -0.3107519 -0.0311228 0.9499621
48.666190 -1.0567286 -1.2569854 19.4723282 0.0056167 -0.3079104 -0.0322141 0.9508532
48.769940 -1.0904034 -1.2572931 19.5191040 0.0056929 -0.3053783 -0.0337319 0.9516165
48.873550 -1.1239060 -1.2580003 19.5659370 0.0058266 -0.3030515 -0.0349582 0.9523150
48.977300 -1.1571029 -1.2581657 19.6129589 0.0063121 -0.3009586 -0.0356739 0.9529488
49.184670 -1.2245948 -1.2592466 19.7083588 0.0074304 -0.2964697 -0.0372844 0.9542853
49.288320 -1.2573946 -1.2598383 19.7566261 0.0072455 -0.2946891 -0.0361955 0.9548799
49.392050 -1.2902620 -1.2603256 19.8050327 0.0071610 -0.2929350 -0.0367988 0.9553971
49.495800 -1.3232865 -1.2608726 19.8531685 0.0067925 -0.2909752 -0.0365218 0.9560091
49.703170 -1.3885921 -1.2623242 19.9499435 0.0059833 -0.2872599 -0.0390093 0.9570393
49.806800 -1.4205062 -1.2630155 19.9986000 0.0063646 -0.2856704 -0.0394798 0.9574932
49.910550 -1.4529463 -1.2636445 20.0471230 0.0078489 -0.2836679 -0.0392388 0.9580873
50.014170 -1.4846376 -1.2641464 20.0958710 0.0077230 -0.2825481 -0.0386256 0.9584441
50.117990 -1.5161802 -1.2646067 20.1451225 0.0048282 -0.2820087 -0.0373407 0.9586728
50.221580 -1.5479138 -1.2650501 20.1946564 0.0002746 -0.2815757 -0.0365639 0.9588421
50.325300 -1.5796869 -1.2650698 20.2438126 -0.0024639 -0.2810646 -0.0365283 0.9589902
50.428990 -1.6110333 -1.2652453 20.2927990 -0.0020392 -0.2807695 -0.0356497 0.9591107
50.532690 -1.6427525 -1.2652897 20.3415413 0.0009471 -0.2804082 -0.0339214 0.9592808
50.636450 -1.6739300 -1.2654660 20.3905373 0.0042669 -0.2802910 -0.0321003 0.9593687
50.740210 -1.7053914 -1.2657508 20.4393711 0.0051447 -0.2795957 -0.0301412 0.9596308
50.843990 -1.7364992 -1.2664579 20.4884644 0.0038334 -0.2791093 -0.0292953 0.9598047
50.947600 -1.7679555 -1.2670326 20.5381527 0.0013487 -0.2785370 -0.0279227 0.9600186
51.051200 -1.7992429 -1.2675200 20.5875301 -0.0009554 -0.2780823 -0.0270869 0.9601748
51.154950 -1.8303168 -1.2678618 20.6372166 -0.0028775 -0.2779008 -0.0263082 0.9602451
51.258560 -1.8618613 -1.2679244 20.6862259 -0.0035922 -0.2775466 -0.0256904 0.9603619
51.362310 -1.8928005 -1.2679909 20.7354183 -0.0024427 -0.2778219 -0.0248955 0.9603068
51.465930 -1.9239810 -1.2680004 20.7840881 -0.0014200 -0.2778149 -0.0237360 0.9603403
51.569680 -1.9552211 -1.2679962 20.8323689 -0.0017298 -0.2776776 -0.0234361 0.9603869
51.673320 -1.9860979 -1.2679268 20.8818340 -0.0034415 -0.2776843 -0.0232359 0.9603851
51.776930 -2.0177355 -1.2679365 20.9311943 -0.0039966 -0.2772106 -0.0228604 0.9605289
51.880670 -2.0486662 -1.2679766 20.9801102 -0.0031156 -0.2769731 -0.0222442 0.9606151
51.984300 -2.0796702 -1.2677199 21.0290680 -0.0023259 -0.2766865 -0.0214553 0.9607179
52.088050 -2.1106601 -1.2679619 21.0781403 -0.0029429 -0.2764473 -0.0210612 0.9607938
52.191670 -2.1420283 -1.2680368 21.1271076 -0.0040361 -0.2762492 -0.0209285 0.9608497
52.295430 -2.1728592 -1.2679646 21.1760502 -0.0051042 -0.2764697 -0.0195669 0.9608099
52.399170 -2.2035565 -1.2679040 21.2250977 -0.0062475 -0.2767211 -0.0177404 0.9607662
52.502930 -2.2342110 -1.2677341 21.2740383 -0.0075213 -0.2769081 -0.0154157 0.9607433
52.606680 -2.2648678 -1.2676269 21.3227787 -0.0094695 -0.2771270 -0.0125164 0.9607051
52.710430 -2.2947204 -1.2673513 21.3714733 -0.0105702 -0.2778110 -0.0089778 0.9605356
52.814180 -2.3251758 -1.2671183 21.4197960 -0.0120747 -0.2783870 -0.0087701 0.9603530
52.917930 -2.3554647 -1.2666485 21.4675331 -0.0130112 -0.2789510 -0.0071095 0.9601908
53.021680 -2.3853860 -1.2663397 21.5148811 -0.0143990 -0.2797426 -0.0071017 0.9599408
53.125430 -2.4154935 -1.2656982 21.5618534 -0.0144874 -0.2803340 -0.0066621 0.9597701
53.229180 -2.4451706 -1.2649738 21.6081696 -0.0147868 -0.2811663 -0.0061681 0.9595253
53.332930 -2.4743214 -1.2645741 21.6540165 -0.0154045 -0.2821035 -0.0056527 0.9592437
53.436550 -2.5034244 -1.2640777 21.6991711 -0.0168318 -0.2828007 -0.0056755 0.9590142
53.540300 -2.5322464 -1.2633655 21.7433815 -0.0188456 -0.2832499 -0.0070510 0.9588351
53.644050 -2.5609860 -1.2623078 21.7871494 -0.0213633 -0.2833613 -0.0100724 0.9587224
53.747800 -2.5892453 -1.2612972 21.8298702 -0.0233619 -0.2831039 -0.0143211 0.9586977
53.851550 -2.6170671 -1.2597309 21.8710823 -0.0236221 -0.2826053 -0.0182455 0.9587718
53.955300 -2.6440818 -1.2580910 21.9115238 -0.0234661 -0.2821546 -0.0216001 0.9588386
54.059050 -2.6703315 -1.2563453 21.9512405 -0.0224367 -0.2817559 -0.0247005 0.9589057
54.162800 -2.6959915 -1.2550999 21.9902306 -0.0218451 -0.2811784 -0.0261018 0.9590517
54.266550 -2.7209294 -1.2535743 22.0284824 -0.0206752 -0.2807614 -0.0266311 0.9591852
54.370180 -2.7453210 -1.2521702 22.0661850 -0.0198417 -0.2803573 -0.0261791 0.9593335
54.473930 -2.7691009 -1.2508307 22.1037273 -0.0199833 -0.2801820 -0.0256848 0.9593951
54.577570 -2.7928681 -1.2495222 22.1403255 -0.0195218 -0.2796579 -0.0263304 0.9595400
54.681310 -2.8156278 -1.2483550 22.1765480 -0.0193379 -0.2789443 -0.0263078 0.9597520
54.785060 -2.8382180 -1.2470425 22.2125950 -0.0194676 -0.2771214 -0.0269689 0.9602590
54.888800 -2.8602743 -1.2457770 22.2477589 -0.0196904 -0.2743977 -0.0288555 0.9609815
54.992680 -2.8815882 -1.2446122 22.2823296 -0.0201399 -0.2709462 -0.0292854 0.9619381
55.096430 -2.9024425 -1.2436891 22.3165398 -0.0192868 -0.2676275 -0.0307673 0.9628379
55.200180 -2.9230075 -1.2427194 22.3506908 -0.0162624 -0.2641181 -0.0310802 0.9638522
55.304050 -2.9431815 -1.2417153 22.3844090 -0.0129752 -0.2600563 -0.0322489 0.9649675
55.407810 -2.9626138 -1.2407986 22.4189873 -0.0114408 -0.2552062 -0.0322021 0.9662825
55.615430 -3.0016069 -1.2387027 22.4903316 -0.0150678 -0.2432967 -0.0354502 0.9691868
55.719180 -3.0205021 -1.2374665 22.5269604 -0.0174130 -0.2376671 -0.0360878 0.9705199
55.926680 -3.0572982 -1.2349691 22.6013756 -0.0203410 -0.2263733 -0.0356253 0.9731764
56.030430 -3.0748405 -1.2336426 22.6387749 -0.0198373 -0.2213961 -0.0340392 0.9743878
56.134050 -3.0919774 -1.2325864 22.6763363 -0.0181232 -0.2173786 -0.0313321 0.9754160
56.237800 -3.1089137 -1.2311747 22.7144089 -0.0162961 -0.2138113 -0.0277345 0.9763452
56.341580 -3.1259661 -1.2299969 22.7531109 -0.0160792 -0.2108526 -0.0243146 0.9770831
56.445350 -3.1428556 -1.2287835 22.7922897 -0.0189575 -0.2081586 -0.0222057 0.9776592
56.549070 -3.1599188 -1.2271305 22.8323116 -0.0263772 -0.2055469 -0.0219823 0.9780447
56.652940 -3.1779547 -1.2249525 22.8728371 -0.0339959 -0.2029488 -0.0248278 0.9782841
56.756680 -3.1960626 -1.2226292 22.9138203 -0.0408108 -0.1998577 -0.0274768 0.9785890
56.860440 -3.2131188 -1.2199568 22.9546719 -0.0423141 -0.1969819 -0.0272036 0.9791157
56.964280 -3.2299442 -1.2167474 22.9952335 -0.0413721 -0.1942516 -0.0281262 0.9796752
57.068060 -3.2469010 -1.2134904 23.0366478 -0.0408645 -0.1909931 -0.0276033 0.9803519
57.171890 -3.2630048 -1.2102453 23.0785255 -0.0433258 -0.1880858 -0.0256634 0.9808608
57.275560 -3.2793987 -1.2069206 23.1207275 -0.0463484 -0.1846802 -0.0249321 0.9813885
57.379330 -3.2951827 -1.2034473 23.1630764 -0.0486717 -0.1813945 -0.0227905 0.9819408
57.483060 -3.3106415 -1.1999413 23.2052155 -0.0496669 -0.1786461 -0.0212900 0.9824284
57.586810 -3.3256094 -1.1963421 23.2467785 -0.0489643 -0.1756557 -0.0201645 0.9830264
57.690560 -3.3403552 -1.1926706 23.2882290 -0.0485606 -0.1726498 -0.0196368 0.9835895
57.794300 -3.3552222 -1.1891320 23.3295593 -0.0485312 -0.1690169 -0.0199883 0.9842147
57.898200 -3.3692758 -1.1858968 23.3705063 -0.0488101 -0.1648276 -0.0208784 0.9848927
58.001930 -3.3825982 -1.1825640 23.4109974 -0.0488074 -0.1600097 -0.0203592 0.9856979
58.105810 -3.3952134 -1.1792309 23.4513035 -0.0487742 -0.1547958 -0.0192389 0.9865542
58.209680 -3.4073653 -1.1760056 23.4910755 -0.0490657 -0.1492789 -0.0187986 0.9873981
58.417310 -3.4296985 -1.1698941 23.5696259 -0.0490945 -0.1388519 -0.0172715 0.9889446
58.521060 -3.4399083 -1.1670651 23.6079674 -0.0464755 -0.1334740 -0.0168041 0.9898193
58.624930 -3.4501047 -1.1643800 23.6460590 -0.0414500 -0.1273031 -0.0189426 0.9908164
58.832680 -3.4685397 -1.1591637 23.7227325 -0.0339008 -0.1116504 -0.0223770 0.9929170
58.936580 -3.4759135 -1.1573362 23.7615757 -0.0322520 -0.1020091 -0.0209070 0.9940407
59.040430 -3.4823096 -1.1554863 23.8004780 -0.0299283 -0.0916840 -0.0192946 0.9951513
59.248190 -3.4927325 -1.1525319 23.8793545 -0.0230607 -0.0709203 -0.0135192 0.9971237
59.455810 -3.5001121 -1.1505579 23.9603004 -0.0203279 -0.0512206 -0.0072164 0.9984544
59.663310 -3.5060914 -1.1477605 24.0439091 -0.0265916 -0.0343540 -0.0075648 0.9990273
59.766940 -3.5078428 -1.1462929 24.0862751 -0.0311063 -0.0278464 -0.0059708 0.9991103
59.870680 -3.5096111 -1.1446941 24.1283875 -0.0339602 -0.0228388 -0.0057467 0.9991457
59.974310 -3.5112605 -1.1429298 24.1704464 -0.0349341 -0.0187877 -0.0068756 0.9991894
60.181800 -3.5138614 -1.1385576 24.2564449 -0.0386567 -0.0108959 -0.0088328 0.9991541
60.285560 -3.5146008 -1.1364627 24.2993240 -0.0398276 -0.0075657 -0.0116821 0.9991096
60.493060 -3.5171421 -1.1333424 24.3826542 -0.0246688 -0.0012026 -0.0218803 0.9994555
60.700580 -3.5172341 -1.1301128 24.4684181 -0.0165660 0.0026205 -0.0246787 0.9995548
60.907960 -3.5187266 -1.1282860 24.5554085 -0.0249803 0.0025798 -0.0296986 0.9992434
61.115330 -3.5196862 -1.1279824 24.6387234 -0.0046481 -0.0009443 -0.0328699 0.9994484
61.322690 -3.5214193 -1.1278237 24.7223434 0.0043474 -0.0062318 -0.0357180 0.9993330
61.426430 -3.5230215 -1.1287724 24.7645454 -0.0021434 -0.0074860 -0.0381412 0.9992420
61.633820 -3.5254309 -1.1306621 24.8457832 -0.0039102 -0.0099452 -0.0363034 0.9992837
61.841310 -3.5275519 -1.1322366 24.9243565 0.0043426 -0.0130398 -0.0323521 0.9993820
62.048840 -3.5299118 -1.1347427 25.0014591 0.0072754 -0.0146755 -0.0288898 0.9994484
62.256400 -3.5325806 -1.1373633 25.0763359 0.0127667 -0.0139406 -0.0302168 0.9993646
62.463960 -3.5354505 -1.1411380 25.1495113 0.0154752 -0.0096032 -0.0355337 0.9992025
62.879830 -3.5325084 -1.1487104 25.2907848 0.0182272 0.0238957 -0.0348762 0.9989396
63.087560 -3.5270917 -1.1534083 25.3560524 0.0195027 0.0415776 -0.0314824 0.9984487
63.503190 -3.5113153 -1.1615204 25.4714851 0.0190319 0.0784817 -0.0313021 0.9962422
64.333310 -3.4726157 -1.1774907 25.6343803 0.0431906 0.1260821 -0.0178725 0.9909180
64.540710 -3.4636745 -1.1810900 25.6656303 0.0415678 0.1314335 -0.0141135 0.9903525
64.955310 -3.4510479 -1.1867695 25.7155209 0.0389464 0.1387983 -0.0202162 0.9893481
66.925440 -3.4106290 -1.2060581 25.8988380 0.0374811 0.0885888 -0.0151314 0.9952478
67.340070 -3.4047022 -1.2117611 25.9577656 0.0365914 0.0531418 -0.0118917 0.9978455
67.962080 -3.4085097 -1.2201260 26.0632458 0.0396197 -0.0176365 -0.0199463 0.9988601
68.584070 -3.4314163 -1.2308155 26.1917820 0.0376269 -0.0945914 -0.0209303 0.9945846
68.895320 -3.4522357 -1.2370856 26.2681694 0.0364724 -0.1256927 -0.0207119 0.9911822
68.999070 -3.4605238 -1.2392765 26.2957020 0.0364793 -0.1350307 -0.0209803 0.9899474
69.413950 -3.5013442 -1.2482287 26.4131680 0.0350469 -0.1719771 -0.0147291 0.9843671
69.517690 -3.5137279 -1.2508515 26.4441433 0.0350678 -0.1807131 -0.0146999 0.9828005
69.725320 -3.5413663 -1.2558233 26.5079365 0.0357414 -0.1958342 -0.0163670 0.9798488
70.036720 -3.5891070 -1.2636126 26.6107388 0.0326449 -0.2118145 -0.0185661 0.9765881
70.140570 -3.6062422 -1.2662055 26.6464176 0.0316922 -0.2152329 -0.0192678 0.9758582
70.244320 -3.6239893 -1.2686532 26.6828995 0.0316430 -0.2178755 -0.0199534 0.9752594
70.451940 -3.6606591 -1.2739511 26.7584076 0.0312892 -0.2216196 -0.0212747 0.9743989
70.555820 -3.6801221 -1.2766078 26.7974777 0.0316862 -0.2230573 -0.0215663 0.9740515
70.659570 -3.6995964 -1.2793822 26.8371582 0.0317843 -0.2246856 -0.0207172 0.9736924
70.867190 -3.7400284 -1.2850342 26.9189930 0.0329200 -0.2276474 -0.0195035 0.9729915
71.074690 -3.7826321 -1.2913766 27.0026875 0.0341598 -0.2303156 -0.0184457 0.9723413
71.282190 -3.8258960 -1.2981867 27.0892334 0.0341642 -0.2327929 -0.0159382 0.9717954
71.489570 -3.8714879 -1.3052472 27.1771908 0.0355812 -0.2346165 -0.0155695 0.9713118
71.697200 -3.9185555 -1.3123664 27.2669468 0.0386547 -0.2352087 -0.0147111 0.9710645
71.904720 -3.9669476 -1.3201109 27.3599358 0.0368026 -0.2356562 -0.0159507 0.9710084
72.008470 -3.9918795 -1.3242462 27.4073620 0.0356232 -0.2358674 -0.0164090 0.9709935
72.215950 -4.0419488 -1.3319191 27.5033417 0.0359524 -0.2366325 -0.0138025 0.9708357
72.319700 -4.0672755 -1.3359655 27.5523643 0.0359652 -0.2370595 -0.0125453 0.9707481
72.527200 -4.1192627 -1.3443277 27.6520290 0.0353539 -0.2380405 -0.0107580 0.9705520
72.734700 -4.1727495 -1.3529366 27.7538567 0.0355141 -0.2389857 -0.0106680 0.9703148
72.942200 -4.2285986 -1.3620380 27.8571777 0.0360058 -0.2395222 -0.0114360 0.9701556
73.045950 -4.2571793 -1.3664551 27.9106598 0.0354626 -0.2392143 -0.0114801 0.9702511
73.149700 -4.2854309 -1.3708963 27.9637146 0.0356287 -0.2386933 -0.0139067 0.9703416
73.253450 -4.3140030 -1.3755862 28.0175171 0.0367413 -0.2375895 -0.0148613 0.9705568
73.357220 -4.3422203 -1.3801076 28.0716019 0.0385830 -0.2354588 -0.0159215 0.9709876
73.461070 -4.3708315 -1.3849466 28.1254864 0.0401908 -0.2315438 -0.0179368 0.9718284
73.668820 -4.4263725 -1.3956921 28.2353954 0.0434150 -0.2199398 -0.0226513 0.9742836
73.772700 -4.4528861 -1.4011879 28.2915020 0.0439264 -0.2123084 -0.0239002 0.9759223
73.876700 -4.4783454 -1.4067887 28.3483276 0.0431742 -0.2041710 -0.0245680 0.9776741
73.980600 -4.5030565 -1.4121920 28.4047928 0.0417466 -0.1954160 -0.0261104 0.9794835
74.084450 -4.5268230 -1.4179127 28.4622612 0.0416895 -0.1865020 -0.0268053 0.9812036
74.188450 -4.5489573 -1.4233302 28.5203724 0.0432421 -0.1774165 -0.0266323 0.9828246
74.292330 -4.5702186 -1.4292518 28.5787563 0.0453638 -0.1678734 -0.0271314 0.9843904
74.396200 -4.5903893 -1.4350318 28.6380444 0.0463009 -0.1577265 -0.0268382 0.9860316
74.500110 -4.6096306 -1.4410268 28.6978321 0.0454186 -0.1466392 -0.0273431 0.9877684
74.603820 -4.6271782 -1.4472052 28.7584782 0.0448570 -0.1349798 -0.0263755 0.9894810
74.707830 -4.6432557 -1.4535961 28.8187866 0.0468707 -0.1224696 -0.0266079 0.9910077
74.811700 -4.6579671 -1.4599739 28.8796291 0.0505401 -0.1093754 -0.0272807 0.9923399
74.915450 -4.6712236 -1.4668056 28.9411621 0.0532186 -0.0955187 -0.0273529 0.9936276
75.019330 -4.6826220 -1.4743990 29.0028534 0.0558807 -0.0808570 -0.0301031 0.9947026
75.123330 -4.6915131 -1.4821944 29.0645561 0.0577901 -0.0654582 -0.0278626 0.9957907
75.227100 -4.6994343 -1.4900162 29.1270809 0.0594005 -0.0500702 -0.0298936 0.9965295
75.330950 -4.7047229 -1.4989139 29.1893272 0.0611224 -0.0355715 -0.0280969 0.9971004
75.434820 -4.7081337 -1.5074176 29.2517071 0.0641839 -0.0216626 -0.0266430 0.9973471
75.538570 -4.7098589 -1.5163771 29.3142223 0.0662992 -0.0085931 -0.0241791 0.9974698
75.642200 -4.7095833 -1.5255164 29.3764706 0.0671080 0.0032460 -0.0225320 0.9974860
75.745950 -4.7084217 -1.5350720 29.4393120 0.0673371 0.0146350 -0.0217085 0.9973867
75.953320 -4.7026253 -1.5543586 29.5642624 0.0701652 0.0368961 -0.0219701 0.9966107
76.056950 -4.6971269 -1.5642455 29.6273785 0.0706423 0.0473571 -0.0207198 0.9961615
76.160580 -4.6895862 -1.5743070 29.6908817 0.0691483 0.0559025 -0.0183901 0.9958691
76.367700 -4.6725717 -1.5942973 29.8182335 0.0702609 0.0666164 -0.0123213 0.9952255
76.471330 -4.6634293 -1.6043669 29.8817997 0.0718991 0.0694502 -0.0108273 0.9949321
76.678580 -4.6457653 -1.6247822 30.0100250 0.0721345 0.0736183 -0.0118378 0.9946039
76.885860 -4.6264367 -1.6459231 30.1392422 0.0748723 0.0770473 -0.0112678 0.9941483
76.989560 -4.6157055 -1.6567267 30.2044678 0.0761813 0.0785249 -0.0100608 0.9939462
77.196950 -4.5954752 -1.6788405 30.3379154 0.0741675 0.0818728 -0.0099443 0.9938295
77.300580 -4.5848012 -1.6896487 30.4052868 0.0721850 0.0829631 -0.0102602 0.9938819
77.507830 -4.5631528 -1.7114052 30.5412140 0.0749681 0.0840930 -0.0119787 0.9935616
77.611580 -4.5516472 -1.7230512 30.6093616 0.0764599 0.0838061 -0.0118012 0.9934743
77.715200 -4.5399342 -1.7348788 30.6786690 0.0762748 0.0835427 -0.0108946 0.9935210
77.922710 -4.5166736 -1.7582968 30.8188591 0.0764356 0.0835845 -0.0127723 0.9934828
78.026330 -4.5054893 -1.7703899 30.8892517 0.0767904 0.0839783 -0.0136604 0.9934104
78.130080 -4.4936919 -1.7822219 30.9607086 0.0756276 0.0851447 -0.0138575 0.9933976
78.233830 -4.4814281 -1.7941867 31.0325584 0.0757581 0.0864033 -0.0141081 0.9932755
78.337450 -4.4692254 -1.8062158 31.1042156 0.0758664 0.0875524 -0.0136612 0.9931728
78.441200 -4.4567623 -1.8183146 31.1766491 0.0765518 0.0888955 -0.0133748 0.9930048
78.544830 -4.4439607 -1.8306116 31.2493763 0.0758348 0.0903801 -0.0140004 0.9929172
78.648580 -4.4306569 -1.8428138 31.3224926 0.0759512 0.0921244 -0.0134791 0.9927552
78.752330 -4.4171562 -1.8548583 31.3957729 0.0753586 0.0938484 -0.0145465 0.9926237
78.855950 -4.4035645 -1.8673767 31.4695396 0.0747005 0.0958037 -0.0144728 0.9924878
78.959710 -4.3892813 -1.8798318 31.5439568 0.0745271 0.0974078 -0.0151323 0.9923348
79.063330 -4.3750772 -1.8922768 31.6184711 0.0749955 0.0990208 -0.0151977 0.9921389
79.167080 -4.3605113 -1.9047841 31.6935177 0.0750725 0.1004954 -0.0152294 0.9919843
79.270830 -4.3453932 -1.9172827 31.7693768 0.0752443 0.1019489 -0.0150039 0.9918264
79.374460 -4.3301640 -1.9301449 31.8453102 0.0759271 0.1033244 -0.0148413 0.9916344
79.478210 -4.3148403 -1.9430068 31.9216118 0.0761207 0.1049252 -0.0150579 0.9914482
79.581950 -4.2983403 -1.9560330 31.9983521 0.0760389 0.1063856 -0.0152787 0.9912955
79.685700 -4.2820420 -1.9693658 32.0754395 0.0756254 0.1082808 -0.0154318 0.9911195
79.789450 -4.2647576 -1.9826416 32.1521797 0.0755959 0.1100627 -0.0150006 0.9909321
79.893210 -4.2474942 -1.9955800 32.2300644 0.0755508 0.1120969 -0.0151900 0.9907046
79.996970 -4.2298007 -2.0088902 32.3079567 0.0759507 0.1138093 -0.0144807 0.9904894
80.100580 -4.2117705 -2.0224836 32.3863754 0.0761626 0.1151431 -0.0142577 0.9903222
80.204330 -4.1930523 -2.0359662 32.4650307 0.0765012 0.1160091 -0.0139298 0.9901997
80.307980 -4.1750660 -2.0493965 32.5444450 0.0766474 0.1173666 -0.0138037 0.9900302
80.411710 -4.1558371 -2.0630121 32.6240158 0.0766503 0.1179279 -0.0137484 0.9899640
80.515330 -4.1366205 -2.0766840 32.7038231 0.0766403 0.1184585 -0.0134387 0.9899057
80.619080 -4.1173973 -2.0906503 32.7844391 0.0772274 0.1191702 -0.0128539 0.9897824
80.722740 -4.0980635 -2.1044614 32.8649864 0.0773425 0.1197087 -0.0123136 0.9897153
80.826440 -4.0782785 -2.1184881 32.9464684 0.0765646 0.1201881 -0.0114191 0.9897284
80.930080 -4.0583758 -2.1324508 33.0277176 0.0768602 0.1205505 -0.0116374 0.9896589
81.033840 -4.0381136 -2.1466599 33.1099167 0.0765981 0.1209632 -0.0119271 0.9896254
81.137500 -4.0180135 -2.1608191 33.1923637 0.0755515 0.1215407 -0.0122399 0.9896312
81.241210 -3.9983277 -2.1750333 33.2749252 0.0744897 0.1223949 -0.0117480 0.9896124
81.344940 -3.9774067 -2.1890683 33.3576698 0.0747831 0.1225099 -0.0112212 0.9895822
81.448590 -3.9570808 -2.2033703 33.4403572 0.0755931 0.1226600 -0.0113083 0.9895011
81.552330 -3.9358187 -2.2179453 33.5232239 0.0757962 0.1224555 -0.0111843 0.9895123
81.656060 -3.9152272 -2.2319667 33.6063042 0.0757680 0.1225809 -0.0116071 0.9894940
81.759710 -3.8946564 -2.2463202 33.6893272 0.0756871 0.1225054 -0.0109688 0.9895169
81.863460 -3.8741801 -2.2607648 33.7715530 0.0760662 0.1221602 -0.0112435 0.9895273
81.967080 -3.8535452 -2.2750871 33.8544693 0.0771722 0.1218872 -0.0112858 0.9894749
82.070830 -3.8326790 -2.2893753 33.9370918 0.0779186 0.1212762 -0.0099595 0.9895057
82.174460 -3.8124669 -2.3041947 34.0202599 0.0777358 0.1204945 -0.0092657 0.9896224
82.278210 -3.7918680 -2.3187659 34.1030540 0.0769942 0.1192393 -0.0075294 0.9898471
82.381960 -3.7719450 -2.3330233 34.1860809 0.0766288 0.1183931 -0.0073028 0.9899787
82.485710 -3.7518871 -2.3474157 34.2693024 0.0764326 0.1177858 -0.0076289 0.9900638
82.589430 -3.7321432 -2.3621297 34.3520966 0.0761328 0.1174208 -0.0068841 0.9901357
82.693080 -3.7124910 -2.3763554 34.4347115 0.0764833 0.1169323 -0.0071887 0.9901643
82.796920 -3.6925850 -2.3906162 34.5176659 0.0767219 0.1163947 -0.0064044 0.9902146
82.900600 -3.6730559 -2.4051654 34.6003418 0.0764325 0.1160252 -0.0070167 0.9902762
83.004230 -3.6536357 -2.4196367 34.6829224 0.0765837 0.1155738 -0.0078724 0.9903109
83.107850 -3.6345828 -2.4342756 34.7661552 0.0759619 0.1153416 -0.0088583 0.9903775
83.211580 -3.6154461 -2.4486942 34.8485718 0.0753229 0.1151537 -0.0073993 0.9904602
83.315210 -3.5960622 -2.4628863 34.9313812 0.0746885 0.1146968 -0.0067416 0.9905659
83.418960 -3.5764272 -2.4770186 35.0149651 0.0747860 0.1142489 -0.0032434 0.9906279
83.522590 -3.5567811 -2.4912863 35.0973053 0.0759007 0.1134932 -0.0022768 0.9906327
83.626210 -3.5375090 -2.5057724 35.1802673 0.0771874 0.1131584 -0.0027896 0.9905703
83.729960 -3.5184989 -2.5202875 35.2623863 0.0772050 0.1127406 -0.0040282 0.9906123
83.833580 -3.5002794 -2.5344906 35.3460350 0.0763388 0.1125250 -0.0054885 0.9906969
83.937350 -3.4817524 -2.5484970 35.4289360 0.0762175 0.1118925 -0.0058520 0.9907758
84.040960 -3.4625461 -2.5629218 35.5118942 0.0761957 0.1112520 -0.0066516 0.9908445
84.144710 -3.4442048 -2.5768499 35.5944710 0.0763114 0.1107803 -0.0082708 0.9908763
84.248350 -3.4260364 -2.5912373 35.6770477 0.0758153 0.1104950 -0.0083424 0.9909456
84.352100 -3.4076347 -2.6055591 35.7598114 0.0750377 0.1103911 -0.0090846 0.9910099
84.455710 -3.3893399 -2.6193640 35.8420677 0.0757353 0.1105314 -0.0080477 0.9909502
84.559380 -3.3707039 -2.6334887 35.9242630 0.0761589 0.1104623 -0.0075138 0.9909296
84.662980 -3.3523402 -2.6473196 36.0060616 0.0760313 0.1101406 -0.0063467 0.9909834
84.766730 -3.3341160 -2.6614337 36.0883904 0.0752894 0.1096255 -0.0055670 0.9911018
84.870340 -3.3160086 -2.6750388 36.1695709 0.0762847 0.1087245 -0.0054602 0.9911255
84.973960 -3.2987671 -2.6893580 36.2500038 0.0779616 0.1080214 -0.0066836 0.9910644
85.077720 -3.2817690 -2.7036431 36.3303757 0.0772448 0.1077728 -0.0083915 0.9911346
85.181330 -3.2650974 -2.7181308 36.4104538 0.0761910 0.1071724 -0.0101062 0.9912653
85.285090 -3.2479897 -2.7320433 36.4900131 0.0750634 0.1066430 -0.0102661 0.9914067
85.388710 -3.2312326 -2.7451787 36.5691109 0.0740672 0.1065174 -0.0096777 0.9915011
85.492460 -3.2139821 -2.7590108 36.6477814 0.0734704 0.1062947 -0.0084339 0.9915808
85.596110 -3.1970346 -2.7724407 36.7260094 0.0736686 0.1062765 -0.0085408 0.9915671
85.699750 -3.1806247 -2.7854812 36.8036194 0.0743776 0.1065662 -0.0086554 0.9914821
85.803450 -3.1647880 -2.7991059 36.8803635 0.0737858 0.1071561 -0.0089049 0.9914605
85.907110 -3.1485054 -2.8122241 36.9568291 0.0735817 0.1075402 -0.0094368 0.9914292
86.010840 -3.1323409 -2.8252687 37.0323257 0.0734623 0.1078968 -0.0101428 0.9913923
86.114460 -3.1166348 -2.8380516 37.1062584 0.0728389 0.1083680 -0.0100422 0.9913879
86.218210 -3.1005864 -2.8506844 37.1796570 0.0713760 0.1087275 -0.0103167 0.9914522
86.321830 -3.0851173 -2.8629472 37.2514076 0.0698381 0.1092377 -0.0105368 0.9915033
86.425590 -3.0698166 -2.8751254 37.3218651 0.0704048 0.1095437 -0.0104011 0.9914309
86.529210 -3.0545418 -2.8869669 37.3905792 0.0729987 0.1096262 -0.0094328 0.9912438
86.632980 -3.0397253 -2.8986607 37.4577026 0.0735148 0.1096683 -0.0095550 0.9911999
86.736730 -3.0252073 -2.9105530 37.5229797 0.0722219 0.1093603 -0.0088882 0.9913351
86.840340 -3.0114834 -2.9216394 37.5870132 0.0711245 0.1086840 -0.0086603 0.9914908
86.944090 -2.9979508 -2.9325125 37.6494789 0.0708748 0.1078803 -0.0089679 0.9915937
87.047710 -2.9852619 -2.9426823 37.7096634 0.0702637 0.1068566 -0.0094943 0.9917431
87.151360 -2.9729328 -2.9526308 37.7676620 0.0689286 0.1055780 -0.0086433 0.9919816
87.254960 -2.9610956 -2.9618776 37.8236237 0.0670648 0.1045205 -0.0087242 0.9922206
87.358710 -2.9502714 -2.9711032 37.8774872 0.0662593 0.1040631 -0.0097234 0.9923135
87.462460 -2.9393110 -2.9797108 37.9293785 0.0669596 0.1036175 -0.0094499 0.9923157
87.773590 -2.9104557 -3.0037746 38.0693932 0.0680113 0.1029849 -0.0108282 0.9922960
87.877340 -2.9020565 -3.0108509 38.1114578 0.0679173 0.1046577 -0.0124917 0.9921079
88.085210 -2.8849165 -3.0241604 38.1897049 0.0679903 0.1178824 -0.0161916 0.9905649
88.710100 -2.8119035 -3.0595398 38.3810768 0.0717056 0.2264927 -0.0131451 0.9712809
88.918590 -2.7772818 -3.0698578 38.4352303 0.0701045 0.2792354 -0.0109492 0.9575976
89.231340 -2.7167652 -3.0843441 38.5016212 0.0730278 0.3679924 -0.0085244 0.9269174
89.543710 -2.6454430 -3.0974534 38.5513611 0.0799925 0.4562998 -0.0001459 0.8862233
89.751840 -2.5931404 -3.1055577 38.5774841 0.0789059 0.5133073 0.0019069 0.8545676
89.855840 -2.5657027 -3.1096106 38.5877342 0.0782700 0.5407403 0.0039238 0.8375311
90.375470 -2.4170718 -3.1278861 38.6121674 0.0880212 0.6700626 0.0076388 0.7370279
90.686970 -2.3182592 -3.1384265 38.6024857 0.0857129 0.7400607 0.0110804 0.6669638
90.790840 -2.2850118 -3.1415050 38.5946617 0.0870749 0.7621722 0.0107600 0.6414014
91.205840 -2.1496456 -3.1530101 38.5390625 0.0897338 0.8397936 0.0104448 0.5353368
91.412970 -2.0819914 -3.1589367 38.4970245 0.0895015 0.8689297 0.0118658 0.4866310
91.516590 -2.0481732 -3.1614027 38.4724731 0.0900852 0.8807302 0.0118181 0.4648219
91.827240 -1.9475775 -3.1681604 38.3879013 0.0914326 0.9053367 0.0131096 0.4145282
92.034130 -1.8799713 -3.1726623 38.3239403 0.0852829 0.9154246 0.0163560 0.3930104
92.137720 -1.8463194 -3.1746671 38.2903328 0.0822005 0.9195454 0.0165644 0.3839335
92.344860 -1.7788152 -3.1777496 38.2193527 0.0768688 0.9272929 0.0184515 0.3658942
92.448600 -1.7449651 -3.1791723 38.1826591 0.0714158 0.9314796 0.0185637 0.3562315
92.552220 -1.7113099 -3.1807044 38.1450806 0.0658520 0.9356402 0.0190153 0.3462361
92.655970 -1.6789241 -3.1813705 38.1052284 0.0627032 0.9394813 0.0211715 0.3361472
92.759720 -1.6462694 -3.1820302 38.0647964 0.0566424 0.9436976 0.0230473 0.3251083
92.863470 -1.6153148 -3.1824546 38.0237541 0.0504571 0.9478797 0.0250189 0.3136116
92.967220 -1.5846013 -3.1819677 37.9813881 0.0460911 0.9519905 0.0251715 0.3015893
93.070970 -1.5552646 -3.1813343 37.9376221 0.0446792 0.9559545 0.0263853 0.2888921
93.174720 -1.5272366 -3.1804848 37.8929214 0.0435951 0.9597754 0.0279306 0.2759538
93.278470 -1.5004103 -3.1793280 37.8472672 0.0423831 0.9633543 0.0307661 0.2630696
93.382090 -1.4747667 -3.1780379 37.8005791 0.0420549 0.9664840 0.0339142 0.2509781
93.485840 -1.4501041 -3.1761436 37.7528000 0.0428008 0.9690431 0.0363615 0.2404191
93.589470 -1.4257859 -3.1740904 37.7047157 0.0426971 0.9710158 0.0386095 0.2319797
93.693120 -1.4015181 -3.1716237 37.6559753 0.0413751 0.9723310 0.0402819 0.2263581
93.796720 -1.3772652 -3.1689787 37.6065025 0.0398942 0.9730394 0.0428528 0.2230836
93.900350 -1.3521347 -3.1659374 37.5564804 0.0371144 0.9734228 0.0449951 0.2214635
94.003970 -1.3265202 -3.1627846 37.5060501 0.0328337 0.9736032 0.0458695 0.2211666
94.107640 -1.3006413 -3.1593344 37.4557114 0.0295778 0.9737172 0.0442306 0.2214580
94.211350 -1.2753659 -3.1563983 37.4040604 0.0291372 0.9735143 0.0411788 0.2229913
94.314990 -1.2496837 -3.1533871 37.3518600 0.0300984 0.9731265 0.0372274 0.2252399
94.418590 -1.2230583 -3.1508930 37.2997437 0.0302476 0.9725726 0.0343391 0.2280538
94.522220 -1.1961281 -3.1485941 37.2467995 0.0318789 0.9719036 0.0339936 0.2307196
94.625970 -1.1681640 -3.1461027 37.1932716 0.0308403 0.9711844 0.0345851 0.2337812
94.729720 -1.1396624 -3.1440456 37.1397438 0.0293762 0.9707549 0.0336277 0.2358840
94.833490 -1.1106011 -3.1417532 37.0858231 0.0282730 0.9706892 0.0304122 0.2367240
94.937220 -1.0812562 -3.1393859 37.0308533 0.0284023 0.9708105 0.0276582 0.2365490
95.040970 -1.0516915 -3.1377623 36.9748383 0.0274447 0.9707118 0.0275658 0.2370771
95.144720 -1.0218936 -3.1361747 36.9188042 0.0275833 0.9705607 0.0279821 0.2376300
95.248350 -0.9918451 -3.1342900 36.8625717 0.0283948 0.9703214 0.0295218 0.2383244
95.352090 -0.9620832 -3.1321955 36.8055267 0.0296543 0.9700276 0.0312626 0.2391435
95.455870 -0.9313035 -3.1303556 36.7491302 0.0288794 0.9696874 0.0331266 0.2403642
95.559540 -0.9007053 -3.1280425 36.6921654 0.0295497 0.9692521 0.0333917 0.2419963
95.663110 -0.8698733 -3.1260695 36.6359253 0.0308834 0.9687907 0.0336745 0.2436327
95.766850 -0.8389691 -3.1239157 36.5794411 0.0313990 0.9682251 0.0341507 0.2457396
95.870470 -0.8082103 -3.1218851 36.5227699 0.0331553 0.9675533 0.0354398 0.2479627
95.974250 -0.7769494 -3.1199274 36.4670181 0.0336832 0.9669548 0.0349206 0.2502887
96.077860 -0.7453305 -3.1179631 36.4117622 0.0337024 0.9665071 0.0337274 0.2521716
96.181600 -0.7135299 -3.1159308 36.3560867 0.0342435 0.9660746 0.0333558 0.2538002
96.285350 -0.6815423 -3.1138289 36.3007431 0.0337199 0.9657996 0.0346464 0.2547425
96.389100 -0.6497938 -3.1118894 36.2453346 0.0339447 0.9655430 0.0354243 0.2555769
96.492870 -0.6184988 -3.1100078 36.1911240 0.0337072 0.9653298 0.0342584 0.2565709
96.596600 -0.5874852 -3.1083014 36.1373940 0.0344513 0.9652132 0.0330827 0.2570643
96.700350 -0.5561913 -3.1062794 36.0839729 0.0336147 0.9651647 0.0342482 0.2572049
96.803990 -0.5252428 -3.1044233 36.0309982 0.0329702 0.9651867 0.0357059 0.2570072
96.907730 -0.4946485 -3.1027124 35.9787369 0.0320663 0.9651273 0.0358800 0.2573200
97.011470 -0.4644851 -3.1007671 35.9266930 0.0327745 0.9651139 0.0346637 0.2574478
97.115100 -0.4347425 -3.0987964 35.8750381 0.0342072 0.9649491 0.0343435 0.2579218
97.218890 -0.4049016 -3.0971329 35.8240585 0.0337721 0.9647543 0.0344855 0.2586878
97.322500 -0.3751702 -3.0956998 35.7739983 0.0345206 0.9644629 0.0346372 0.2596535
97.426220 -0.3458542 -3.0938218 35.7239151 0.0346757 0.9640793 0.0333165 0.2612256
97.529990 -0.3164214 -3.0923684 35.6750717 0.0339461 0.9637223 0.0343840 0.2624969
97.633720 -0.2873224 -3.0908885 35.6266937 0.0343451 0.9632953 0.0360135 0.2637906
97.737470 -0.2586878 -3.0895498 35.5795212 0.0339504 0.9629114 0.0360596 0.2652332
97.841240 -0.2305896 -3.0878513 35.5332031 0.0333830 0.9626138 0.0340899 0.2666424
98.152470 -0.1492166 -3.0839958 35.4004936 0.0327469 0.9619447 0.0340502 0.2691295
98.256230 -0.1231282 -3.0829301 35.3588219 0.0310286 0.9619169 0.0332683 0.2695299
98.359970 -0.0980393 -3.0817053 35.3186188 0.0300948 0.9617611 0.0328283 0.2702447
98.463720 -0.0738724 -3.0803037 35.2794266 0.0313396 0.9614664 0.0343797 0.2709580
98.671230 -0.0280793 -3.0779474 35.2050438 0.0306693 0.9607215 0.0372325 0.2732899
98.878600 0.0155123 -3.0753860 35.1373520 0.0300681 0.9602201 0.0373119 0.2751020
99.086100 0.0543480 -3.0736632 35.0765457 0.0307898 0.9597393 0.0363333 0.2768255
99.500850 0.1196737 -3.0705028 34.9748611 0.0318232 0.9594004 0.0343198 0.2781374
99.708350 0.1461838 -3.0696037 34.9338226 0.0313813 0.9591641 0.0354732 0.2788568
99.915730 0.1681316 -3.0682864 34.8981285 0.0347404 0.9589638 0.0357115 0.2791170
100.330500 0.2037115 -3.0671458 34.8427162 0.0345435 0.9586370 0.0357802 0.2802528
101.471000 0.2831112 -3.0638802 34.7223473 0.0363718 0.9587563 0.0324386 0.2800199
101.782100 0.3022702 -3.0625954 34.6897850 0.0369038 0.9585299 0.0324858 0.2807190
101.989600 0.3150745 -3.0617893 34.6702118 0.0368880 0.9585004 0.0323852 0.2808333
102.404500 0.3371475 -3.0612180 34.6376648 0.0361159 0.9586376 0.0322500 0.2804810
103.545200 0.3897747 -3.0591757 34.5579414 0.0351572 0.9586684 0.0316879 0.2805615
103.752600 0.3992293 -3.0584161 34.5426140 0.0352779 0.9585543 0.0302033 0.2810994
104.374600 0.4458519 -3.0570080 34.4730568 0.0388611 0.9562967 0.0237579 0.2888286
104.582000 0.4694134 -3.0553293 34.4391174 0.0414801 0.9543864 0.0218391 0.2948713
104.685700 0.4834537 -3.0554769 34.4207077 0.0406728 0.9531614 0.0214405 0.2989471
104.893000 0.5130175 -3.0549102 34.3800583 0.0444554 0.9500686 0.0218991 0.3080809
105.100500 0.5477189 -3.0546374 34.3352852 0.0451119 0.9467874 0.0244473 0.3177433
105.204100 0.5667951 -3.0543010 34.3117142 0.0449492 0.9450819 0.0228351 0.3229213
105.411500 0.6081284 -3.0537217 34.2610588 0.0459627 0.9417536 0.0249807 0.3322100
105.515300 0.6302572 -3.0533643 34.2342033 0.0472687 0.9400634 0.0270060 0.3366261
105.618900 0.6535573 -3.0528288 34.2072220 0.0466810 0.9385486 0.0278680 0.3408384
105.826500 0.7038723 -3.0518117 34.1507149 0.0420916 0.9364523 0.0299576 0.3469695
105.930200 0.7300936 -3.0512004 34.1214676 0.0400232 0.9356470 0.0292856 0.3494355
106.034100 0.7574045 -3.0505333 34.0912323 0.0384368 0.9353968 0.0291525 0.3502936
106.137900 0.7857489 -3.0498002 34.0601234 0.0353521 0.9351326 0.0292842 0.3513114
106.345500 0.8440595 -3.0478423 33.9945908 0.0363934 0.9342894 0.0295493 0.3534200
106.449200 0.8749937 -3.0471056 33.9604568 0.0374752 0.9341178 0.0295812 0.3537578
106.553000 0.9060326 -3.0464263 33.9265785 0.0349615 0.9338191 0.0248234 0.3551666
106.864200 1.0042309 -3.0444129 33.8177681 0.0386324 0.9329553 0.0205225 0.3573246
106.968000 1.0393012 -3.0441504 33.7800102 0.0368926 0.9329232 0.0214584 0.3575372
107.071800 1.0746217 -3.0441060 33.7416115 0.0346854 0.9327099 0.0218372 0.3582907
107.175500 1.1109138 -3.0436943 33.7023277 0.0341704 0.9323037 0.0224466 0.3593581
107.279100 1.1476663 -3.0430467 33.6623764 0.0341598 0.9318744 0.0226283 0.3604597
107.382900 1.1851037 -3.0425537 33.6215134 0.0349806 0.9312885 0.0240032 0.3618038
107.486500 1.2230847 -3.0420260 33.5804939 0.0356047 0.9305028 0.0246718 0.3637145
107.693900 1.3013268 -3.0410492 33.4976311 0.0372842 0.9284261 0.0263884 0.3686984
107.797600 1.3409283 -3.0408587 33.4557915 0.0386439 0.9272562 0.0280415 0.3713708
107.901200 1.3807650 -3.0404248 33.4146004 0.0399871 0.9263521 0.0282606 0.3734622
108.108700 1.4605687 -3.0400336 33.3331070 0.0414770 0.9251107 0.0261006 0.3765217
108.212500 1.5009073 -3.0402634 33.2930336 0.0398016 0.9249983 0.0241302 0.3771097
108.316200 1.5411259 -3.0406134 33.2528305 0.0394239 0.9252540 0.0230331 0.3765902
108.420000 1.5810604 -3.0408552 33.2124138 0.0377839 0.9254694 0.0220374 0.3762886
108.523700 1.6212342 -3.0410745 33.1721039 0.0364530 0.9259472 0.0212119 0.3752904
108.627500 1.6610062 -3.0410693 33.1311340 0.0361115 0.9262027 0.0219873 0.3746479
108.731200 1.7005031 -3.0409360 33.0899353 0.0375647 0.9265496 0.0226505 0.3736064
108.835100 1.7404236 -3.0410728 33.0485458 0.0381818 0.9270110 0.0232208 0.3723623
108.938900 1.7803319 -3.0410614 33.0072479 0.0378888 0.9275628 0.0221071 0.3710835
109.042600 1.8200332 -3.0411279 32.9655571 0.0387253 0.9280202 0.0213622 0.3698953
109.146400 1.8598809 -3.0412529 32.9232559 0.0389371 0.9284840 0.0216056 0.3686929
109.250100 1.8997718 -3.0413864 32.8811417 0.0391621 0.9290484 0.0214923 0.3672512
109.353900 1.9397863 -3.0417895 32.8386421 0.0384428 0.9295350 0.0215568 0.3660904
109.457600 1.9795123 -3.0416646 32.7960777 0.0391782 0.9300046 0.0210458 0.3648474
109.561200 2.0192907 -3.0418003 32.7535172 0.0397300 0.9305065 0.0205056 0.3635362
109.665000 2.0590351 -3.0422814 32.7102699 0.0402421 0.9309568 0.0196826 0.3623708
109.872400 2.1389818 -3.0426235 32.6231346 0.0399309 0.9312790 0.0197060 0.3615752
110.079700 2.2193856 -3.0441589 32.5363922 0.0390646 0.9313194 0.0202846 0.3615339
110.183500 2.2598097 -3.0445862 32.4933434 0.0384837 0.9313682 0.0193775 0.3615201
110.287200 2.3004026 -3.0448806 32.4493103 0.0383476 0.9311829 0.0186490 0.3620498
110.494600 2.3818464 -3.0455823 32.3614769 0.0394349 0.9305865 0.0192962 0.3634301
110.702000 2.4635324 -3.0476413 32.2743034 0.0397423 0.9300608 0.0164930 0.3648773
110.805600 2.5049014 -3.0479789 32.2307510 0.0398991 0.9297240 0.0159116 0.3657432
110.909200 2.5463889 -3.0491972 32.1869125 0.0385105 0.9292529 0.0169494 0.3670406
111.012900 2.5881143 -3.0497930 32.1434708 0.0373879 0.9288059 0.0188815 0.3681916
111.220200 2.6702507 -3.0510798 32.0571289 0.0385478 0.9279119 0.0198662 0.3702688
111.324000 2.7110460 -3.0518544 32.0145454 0.0385406 0.9274701 0.0191239 0.3714136
111.427600 2.7518058 -3.0523894 31.9720135 0.0394289 0.9270188 0.0190317 0.3724504
111.531400 2.7925997 -3.0532300 31.9299221 0.0405036 0.9265488 0.0188130 0.3735143
111.635000 2.8334863 -3.0538955 31.8880081 0.0411523 0.9262571 0.0177130 0.3742197
111.842400 2.9148932 -3.0562522 31.8050823 0.0402627 0.9254950 0.0168665 0.3762360
111.946100 2.9560275 -3.0571172 31.7639427 0.0386587 0.9252138 0.0186318 0.3770117
112.049700 2.9967036 -3.0580595 31.7229404 0.0379283 0.9250501 0.0206219 0.3773837
112.153500 3.0369503 -3.0586638 31.6826324 0.0362172 0.9251202 0.0194459 0.3774425
112.257100 3.0768254 -3.0593612 31.6424522 0.0357262 0.9253941 0.0172433 0.3769245
112.360900 3.1164498 -3.0602267 31.6025124 0.0360527 0.9257713 0.0162735 0.3760092
112.464600 3.1549938 -3.0609210 31.5623703 0.0384908 0.9261370 0.0163257 0.3748628
112.568200 3.1936328 -3.0617967 31.5217590 0.0411543 0.9264631 0.0180020 0.3736956
112.672000 3.2320874 -3.0626302 31.4813137 0.0427233 0.9267354 0.0180493 0.3728411
112.775600 3.2703993 -3.0638111 31.4417133 0.0433459 0.9271366 0.0183428 0.3717559
112.879400 3.3076284 -3.0645571 31.4023590 0.0444060 0.9274221 0.0187771 0.3708959
112.983000 3.3446035 -3.0657780 31.3636875 0.0436952 0.9279311 0.0179916 0.3697443
113.086700 3.3809929 -3.0670598 31.3256912 0.0432388 0.9284684 0.0155276 0.3685589
113.190500 3.4163597 -3.0683527 31.2888508 0.0429682 0.9290369 0.0103512 0.3673379
113.294100 3.4506645 -3.0701821 31.2526226 0.0434176 0.9294741 0.0072888 0.3662509
113.812600 3.6058035 -3.0790510 31.0849895 0.0465911 0.9302359 0.0104585 0.3638420
113.916400 3.6328685 -3.0808370 31.0552139 0.0502031 0.9301808 0.0087115 0.3635482
114.020100 3.6589339 -3.0821836 31.0265617 0.0512023 0.9300504 0.0074533 0.3637707
114.331400 3.7327487 -3.0871654 30.9475021 0.0496338 0.9299898 0.0087822 0.3641130
114.538700 3.7774470 -3.0902548 30.9000225 0.0489386 0.9302193 0.0045641 0.3636981
114.746300 3.8203802 -3.0931406 30.8547783 0.0469325 0.9303715 0.0034519 0.3635854
115.161100 3.8997402 -3.0986564 30.7698383 0.0436668 0.9308202 0.0048806 0.3628265
115.264900 3.9181125 -3.0998151 30.7494125 0.0440334 0.9308564 0.0049029 0.3626890
115.368600 3.9357750 -3.1007159 30.7295570 0.0460273 0.9309466 0.0055337 0.3622006
115.990900 4.0342259 -3.1071727 30.6217861 0.0509702 0.9307025 0.0061360 0.3621563
116.094600 4.0494013 -3.1083844 30.6059303 0.0505645 0.9307244 0.0049229 0.3621755
116.302000 4.0771203 -3.1109180 30.5753555 0.0535947 0.9302634 0.0025373 0.3629480
116.924200 4.1506987 -3.1162660 30.4987068 0.0536227 0.9273558 -0.0008437 0.3703176
117.235400 4.1788173 -3.1191206 30.4697952 0.0547188 0.9259781 -0.0005405 0.3735909
117.857700 4.2215819 -3.1233315 30.4256020 0.0564995 0.9260532 -0.0042102 0.3731162
117.961500 4.2273054 -3.1239069 30.4195442 0.0565731 0.9258955 -0.0048345 0.3734884
119.309600 4.2765193 -3.1286528 30.3700924 0.0568582 0.9249580 -0.0079982 0.3757071
120.657600 4.2932138 -3.1304781 30.3528748 0.0575016 0.9244686 -0.0100637 0.3767626
122.109400 4.3163419 -3.1329067 30.3302689 0.0569746 0.9245234 -0.0103639 0.3767001
122.835200 4.3419414 -3.1356218 30.3036137 0.0572438 0.9244039 -0.0101788 0.3769576
124.183200 4.4010630 -3.1424336 30.2419529 0.0599113 0.9241220 -0.0077271 0.3772923
124.494400 4.4106927 -3.1434779 30.2317410 0.0592187 0.9238018 -0.0067865 0.3782027
