2.702273 0.0000000 0.0000000 0.0000000 0.0000000 0.0000000 0.0000000 1.0000000
2.909375 0.0022525 -0.0001736 0.0401031 0.0021968 0.0242746 0.0022554 0.9997004
3.012876 0.0040373 -0.0003646 0.0613143 0.0021931 0.0318219 0.0030069 0.9994866
3.220123 0.0077757 -0.0007970 0.1061125 0.0004941 0.0436193 0.0032695 0.9990427
3.427371 0.0125745 -0.0012330 0.1534752 -0.0015649 0.0543662 0.0028299 0.9985158
3.634758 0.0188925 -0.0016221 0.2039417 -0.0033883 0.0649218 0.0027365 0.9978809
3.738395 0.0225741 -0.0015396 0.2299705 -0.0037625 0.0701993 0.0028709 0.9975218
3.945774 0.0307894 -0.0014520 0.2834127 -0.0074029 0.0814982 0.0020741 0.9966438
4.257002 0.0463137 -0.0014388 0.3642898 -0.0107499 0.1013355 0.0023346 0.9947915
4.360751 0.0523261 -0.0013028 0.3913397 -0.0102254 0.1085298 0.0020516 0.9940385
4.464541 0.0590708 -0.0011407 0.4186476 -0.0095290 0.1167939 0.0022765 0.9931079
4.568398 0.0660899 -0.0010278 0.4457631 -0.0088606 0.1271083 0.0013659 0.9918483
4.880125 0.0923085 -0.0011936 0.5269799 -0.0086185 0.1716393 -0.0024131 0.9851192
4.984148 0.1031933 -0.0014239 0.5536277 -0.0083282 0.1884789 -0.0023979 0.9820390
5.088126 0.1151186 -0.0013683 0.5799575 -0.0073810 0.2050325 -0.0020746 0.9787251
5.192023 0.1275436 -0.0016389 0.6060361 -0.0065131 0.2211537 -0.0025884 0.9752138
5.295877 0.1409474 -0.0019168 0.6317062 -0.0051468 0.2370446 -0.0035568 0.9714786
5.399752 0.1553572 -0.0023474 0.6569268 -0.0026292 0.2527249 -0.0020935 0.9675323
5.503628 0.1705737 -0.0029282 0.6814268 0.0005117 0.2680763 0.0002196 0.9633975
5.711251 0.2039987 -0.0043403 0.7296112 0.0070258 0.2967211 0.0059975 0.9549195
5.815003 0.2219623 -0.0052230 0.7530779 0.0101543 0.3101340 0.0097817 0.9505883
5.918752 0.2404483 -0.0063894 0.7756394 0.0154884 0.3228370 0.0117592 0.9462548
6.022375 0.2589946 -0.0078320 0.7975663 0.0230310 0.3352194 0.0119256 0.9417830
6.229773 0.2975014 -0.0112163 0.8408799 0.0386624 0.3602024 0.0062851 0.9320515
6.437129 0.3383984 -0.0164640 0.8815336 0.0457539 0.3842323 0.0072818 0.9220732
6.644505 0.3807842 -0.0216816 0.9202123 0.0430790 0.4058792 0.0122221 0.9128290
6.748254 0.4028933 -0.0241415 0.9385989 0.0421820 0.4149122 0.0167286 0.9087292
6.955504 0.4467097 -0.0286975 0.9742453 0.0439721 0.4278729 0.0186062 0.9025769
7.162754 0.4886142 -0.0334447 1.0074817 0.0450089 0.4385833 0.0153373 0.8974317
7.577401 0.5782506 -0.0425837 1.0726833 0.0474827 0.4545925 0.0172352 0.8892660
7.784655 0.6260416 -0.0472380 1.1070833 0.0486777 0.4526553 0.0172902 0.8901880
7.888275 0.6500013 -0.0496928 1.1251786 0.0481880 0.4495962 0.0165567 0.8917775
8.095633 0.6990402 -0.0548621 1.1626300 0.0474574 0.4421408 0.0149120 0.8955652
8.718382 0.8526722 -0.0710194 1.2848973 0.0424727 0.4370579 0.0085551 0.8983893
8.925883 0.9084247 -0.0763782 1.3286712 0.0418707 0.4371473 0.0090060 0.8983696
9.133505 0.9634019 -0.0818298 1.3717110 0.0410204 0.4374791 0.0078133 0.8982585
9.341007 1.0201952 -0.0881098 1.4166324 0.0402108 0.4370265 0.0074160 0.8985187
9.548508 1.0756605 -0.0939987 1.4606376 0.0383592 0.4352282 0.0082452 0.8994648
9.755883 1.1310165 -0.0996907 1.5050058 0.0375009 0.4327231 0.0090568 0.9007010
9.963509 1.1854267 -0.1052908 1.5487101 0.0378308 0.4311025 0.0088211 0.9014664
10.378880 1.2945774 -0.1165809 1.6362022 0.0391713 0.4384246 0.0072044 0.8978851
10.482760 1.3223057 -0.1192712 1.6575556 0.0380370 0.4412340 0.0085639 0.8965447
10.586510 1.3499527 -0.1222403 1.6787790 0.0368572 0.4440402 0.0077796 0.8952147
10.794130 1.4042878 -0.1274986 1.7195425 0.0393035 0.4493433 0.0079739 0.8924586
11.001750 1.4592739 -0.1333175 1.7594913 0.0398132 0.4536303 0.0063758 0.8902774
11.105390 1.4868778 -0.1359735 1.7792773 0.0394965 0.4553186 0.0072111 0.8894228
11.209130 1.5144539 -0.1384674 1.7989490 0.0359153 0.4564961 0.0095139 0.8889493
11.312890 1.5420697 -0.1411223 1.8184264 0.0309710 0.4574998 0.0116378 0.8885940
11.416630 1.5692952 -0.1434424 1.8378792 0.0302082 0.4583686 0.0128617 0.8881555
11.520390 1.5959903 -0.1453877 1.8571398 0.0325822 0.4592020 0.0110746 0.8876650
11.624010 1.6229348 -0.1476367 1.8761415 0.0359027 0.4599232 0.0104831 0.8871706
11.727800 1.6498218 -0.1499365 1.8948957 0.0376308 0.4601192 0.0127586 0.8869675
11.831510 1.6771028 -0.1524381 1.9138607 0.0380952 0.4600858 0.0145516 0.8869375
11.935260 1.7039866 -0.1547194 1.9328923 0.0363431 0.4598159 0.0146123 0.8871499
12.038930 1.7308711 -0.1567322 1.9520180 0.0339090 0.4594419 0.0150168 0.8874333
12.142640 1.7575355 -0.1588213 1.9711401 0.0305102 0.4590514 0.0147670 0.8877628
12.246380 1.7839764 -0.1606051 1.9906036 0.0280628 0.4589600 0.0108756 0.8879470
12.350150 1.8102454 -0.1624787 2.0100393 0.0258179 0.4582555 0.0081502 0.8884081
12.453880 1.8366995 -0.1645243 2.0287700 0.0259874 0.4570403 0.0100475 0.8890095
12.557630 1.8631085 -0.1664542 2.0478020 0.0275636 0.4555604 0.0115732 0.8897028
12.661390 1.8892542 -0.1683702 2.0668023 0.0290834 0.4527225 0.0121235 0.8910946
12.765050 1.9152380 -0.1702812 2.0859046 0.0300490 0.4485239 0.0145521 0.8931470
12.868760 1.9410964 -0.1722955 2.1051631 0.0314426 0.4442189 0.0178473 0.8951885
12.972400 1.9662253 -0.1740856 2.1250734 0.0311631 0.4392563 0.0165850 0.8976679
13.076170 1.9913032 -0.1759008 2.1453259 0.0301098 0.4336035 0.0158712 0.9004607
13.179930 2.0162189 -0.1778703 2.1656816 0.0283887 0.4275195 0.0168093 0.9034039
13.283680 2.0406168 -0.1797488 2.1864481 0.0281730 0.4218536 0.0167898 0.9060706
13.387430 2.0646706 -0.1814246 2.2073257 0.0278172 0.4157574 0.0170550 0.9088901
13.491130 2.0883956 -0.1831400 2.2282100 0.0284412 0.4094342 0.0175008 0.9117283
13.594890 2.1113780 -0.1853366 2.2494724 0.0305314 0.4034028 0.0167925 0.9143588
13.698760 2.1344440 -0.1870520 2.2709188 0.0353710 0.3975256 0.0158805 0.9167715
13.802490 2.1568732 -0.1889298 2.2925799 0.0379395 0.3911144 0.0142991 0.9194486
13.906260 2.1792078 -0.1913562 2.3148954 0.0363210 0.3853763 0.0145182 0.9219301
14.010030 2.2013607 -0.1937051 2.3373199 0.0346206 0.3793178 0.0144836 0.9245051
14.113800 2.2227883 -0.1960765 2.3596089 0.0349379 0.3743136 0.0127486 0.9265561
14.217640 2.2436194 -0.1985683 2.3821480 0.0373539 0.3711019 0.0097031 0.9277898
14.321530 2.2642944 -0.2010632 2.4046402 0.0396087 0.3687126 0.0054924 0.9286829
14.425390 2.2854948 -0.2036367 2.4275031 0.0407515 0.3669167 0.0037475 0.9293532
14.529260 2.3063076 -0.2064226 2.4504437 0.0406733 0.3651421 0.0031356 0.9300576
14.633120 2.3272700 -0.2093510 2.4736438 0.0406147 0.3627537 0.0028993 0.9309950
14.736910 2.3479931 -0.2120166 2.4965947 0.0385200 0.3597269 0.0023552 0.9322592
14.840760 2.3684366 -0.2147597 2.5198171 0.0366671 0.3571913 0.0028621 0.9333069
14.944510 2.3890915 -0.2173760 2.5431547 0.0353146 0.3541545 0.0024331 0.9345168
15.048260 2.4089479 -0.2200477 2.5665638 0.0342219 0.3513452 -0.0013466 0.9356194
15.152010 2.4282749 -0.2224960 2.5900736 0.0342286 0.3484998 -0.0052709 0.9366688
15.255760 2.4479096 -0.2251755 2.6132207 0.0362724 0.3450516 -0.0050671 0.9378689
15.359530 2.4675188 -0.2278944 2.6364713 0.0378408 0.3414120 -0.0046452 0.9391402
15.463280 2.4865937 -0.2303398 2.6600847 0.0369774 0.3384011 -0.0050332 0.9402617
15.567140 2.5056989 -0.2330917 2.6838417 0.0346326 0.3349665 -0.0045721 0.9415823
15.670890 2.5246654 -0.2357581 2.7076979 0.0331587 0.3314185 -0.0047199 0.9428892
15.774640 2.5431590 -0.2382816 2.7315941 0.0347170 0.3283191 -0.0061264 0.9439088
15.878390 2.5615196 -0.2408690 2.7554998 0.0360582 0.3251249 -0.0064698 0.9449612
15.982160 2.5795732 -0.2430925 2.7785895 0.0367282 0.3214940 -0.0070072 0.9461731
16.086050 2.5969880 -0.2460440 2.8022282 0.0359617 0.3183990 -0.0079289 0.9472412
16.293510 2.6329362 -0.2520324 2.8508742 0.0361212 0.3108090 -0.0049300 0.9497730
16.501030 2.6669641 -0.2572904 2.8984489 0.0356583 0.3041035 -0.0071600 0.9519445
16.604760 2.6838758 -0.2600866 2.9228196 0.0344871 0.3012249 -0.0088119 0.9528885
16.708640 2.7008481 -0.2626533 2.9474735 0.0346421 0.2990366 -0.0073702 0.9535841
16.812390 2.7178929 -0.2652358 2.9719179 0.0347786 0.2965738 -0.0068386 0.9543520
16.916160 2.7344747 -0.2679058 2.9961727 0.0353735 0.2941942 -0.0064474 0.9550691
17.020010 2.7514265 -0.2703663 3.0206838 0.0353447 0.2910797 -0.0032319 0.9560403
17.123760 2.7680819 -0.2731062 3.0453551 0.0348653 0.2884675 0.0008686 0.9568543
17.227520 2.7844729 -0.2755234 3.0699537 0.0346693 0.2860358 0.0016221 0.9575902
17.331410 2.8005905 -0.2780316 3.0947375 0.0353006 0.2838398 0.0004017 0.9582216
17.539040 2.8319597 -0.2830853 3.1444194 0.0357258 0.2813672 -0.0018543 0.9589331
17.642890 2.8476784 -0.2855563 3.1693013 0.0351276 0.2809548 -0.0019658 0.9590759
17.746640 2.8636429 -0.2880439 3.1940601 0.0329645 0.2802282 -0.0004671 0.9593672
17.850540 2.8794112 -0.2904513 3.2190371 0.0304408 0.2797215 -0.0002787 0.9595984
17.954270 2.8949246 -0.2928122 3.2437296 0.0295726 0.2793495 0.0002425 0.9597340
18.058140 2.9104648 -0.2950321 3.2684793 0.0318868 0.2788607 -0.0005850 0.9598019
18.265770 2.9411170 -0.2994077 3.3174579 0.0329272 0.2789744 -0.0033203 0.9597281
18.369580 2.9560919 -0.3019291 3.3415167 0.0323828 0.2786804 -0.0040168 0.9598294
18.473380 2.9711592 -0.3043585 3.3652620 0.0328473 0.2783482 -0.0018305 0.9599167
18.577160 2.9859509 -0.3065364 3.3890104 0.0340326 0.2780583 -0.0033797 0.9599552
18.680990 3.0004156 -0.3089905 3.4130924 0.0339214 0.2784299 -0.0080872 0.9598233
18.784860 3.0150330 -0.3113685 3.4370203 0.0344483 0.2781872 -0.0113773 0.9598415
18.888520 3.0297809 -0.3138951 3.4605048 0.0362368 0.2781495 -0.0106084 0.9597954
18.992370 3.0443904 -0.3166121 3.4837418 0.0368717 0.2778441 -0.0094839 0.9598715
19.096040 3.0591655 -0.3192687 3.5070195 0.0373116 0.2768279 -0.0097591 0.9601453
19.199890 3.0739486 -0.3217367 3.5299592 0.0376136 0.2755941 -0.0048541 0.9605256
19.303520 3.0881684 -0.3244247 3.5523925 0.0361697 0.2738362 -0.0017036 0.9610945
19.407390 3.1023529 -0.3269329 3.5753407 0.0338596 0.2730871 0.0008189 0.9613929
19.511150 3.1164160 -0.3293155 3.5982256 0.0336573 0.2712545 0.0017030 0.9619175
19.614770 3.1304367 -0.3315563 3.6209495 0.0363760 0.2685617 0.0016055 0.9625741
19.718390 3.1437762 -0.3340912 3.6435997 0.0378739 0.2654393 0.0022652 0.9633807
19.822140 3.1569557 -0.3361306 3.6664426 0.0381970 0.2614576 0.0015232 0.9644577
19.925670 3.1700776 -0.3384289 3.6896369 0.0363658 0.2567224 0.0030321 0.9657960
20.029410 3.1830142 -0.3406758 3.7127013 0.0360154 0.2507236 0.0048117 0.9673766
20.132890 3.1954679 -0.3428972 3.7357643 0.0376793 0.2440671 0.0065585 0.9690039
20.236640 3.2069116 -0.3450445 3.7587535 0.0382199 0.2373988 0.0056603 0.9706436
20.340390 3.2186704 -0.3473124 3.7821896 0.0384015 0.2306774 0.0064193 0.9722510
20.444020 3.2298536 -0.3497197 3.8054814 0.0393876 0.2240795 0.0068270 0.9737507
20.547770 3.2400961 -0.3522877 3.8282042 0.0422424 0.2174908 0.0044050 0.9751379
20.651520 3.2498837 -0.3546524 3.8517385 0.0461601 0.2117400 -0.0006633 0.9762351
20.755270 3.2593160 -0.3571640 3.8742468 0.0496362 0.2049204 -0.0036083 0.9775126
20.859140 3.2685058 -0.3598089 3.8970997 0.0500312 0.1988217 -0.0040932 0.9787492
20.962890 3.2779808 -0.3626142 3.9207301 0.0478009 0.1928867 -0.0057366 0.9800392
21.066770 3.2867398 -0.3654746 3.9438221 0.0461691 0.1876733 -0.0077076 0.9811156
21.170640 3.2950909 -0.3682990 3.9663637 0.0492258 0.1831390 -0.0098011 0.9818049
21.274520 3.3033388 -0.3709971 3.9892781 0.0529430 0.1800084 -0.0120240 0.9821657
21.378530 3.3119915 -0.3737797 4.0123644 0.0542508 0.1782900 -0.0134361 0.9823895
21.482520 3.3202977 -0.3766111 4.0352616 0.0516903 0.1783830 -0.0147160 0.9824923
21.586400 3.3286340 -0.3799098 4.0580268 0.0493074 0.1792227 -0.0148926 0.9824592
21.690420 3.3370938 -0.3827384 4.0805807 0.0480049 0.1806896 -0.0138137 0.9822708
21.794280 3.3455403 -0.3853956 4.1028299 0.0484316 0.1822243 -0.0127638 0.9819806
21.898270 3.3542821 -0.3882544 4.1249595 0.0485771 0.1838476 -0.0118894 0.9816817
22.002150 3.3627789 -0.3911640 4.1470122 0.0475229 0.1862435 -0.0121255 0.9812787
22.106150 3.3714371 -0.3936197 4.1690135 0.0477544 0.1889414 -0.0129148 0.9807415
22.210070 3.3802273 -0.3962281 4.1906295 0.0468341 0.1917393 -0.0134738 0.9802352
22.313900 3.3891807 -0.3989885 4.2122355 0.0455622 0.1946895 -0.0121017 0.9797314
22.417770 3.3982978 -0.4015643 4.2335606 0.0454400 0.1970022 -0.0124493 0.9792703
22.521520 3.4070771 -0.4039713 4.2547259 0.0461126 0.1997516 -0.0133306 0.9786701
22.625400 3.4158783 -0.4065887 4.2757602 0.0472578 0.2018764 -0.0140154 0.9781698
22.729170 3.4248407 -0.4091683 4.2965379 0.0484405 0.2030638 -0.0143015 0.9778620
22.832900 3.4340076 -0.4117257 4.3173156 0.0494266 0.2037334 -0.0127723 0.9776945
22.936520 3.4429843 -0.4142590 4.3378243 0.0489402 0.2034082 -0.0111748 0.9778063
23.040140 3.4520328 -0.4169202 4.3583241 0.0473552 0.2011989 -0.0095410 0.9783586
23.143770 3.4604082 -0.4195595 4.3786387 0.0474112 0.1976530 -0.0090345 0.9790832
23.247420 3.4685118 -0.4220091 4.3987465 0.0481765 0.1920947 -0.0078697 0.9801615
23.351020 3.4764843 -0.4245388 4.4188213 0.0483791 0.1848313 -0.0062701 0.9815587
23.454650 3.4836731 -0.4268005 4.4388752 0.0472916 0.1773368 -0.0067659 0.9829900
23.558270 3.4902918 -0.4291836 4.4592037 0.0444577 0.1696287 -0.0088738 0.9844648
23.662020 3.4966896 -0.4314497 4.4795389 0.0411002 0.1616391 -0.0091191 0.9859515
23.765650 3.5028887 -0.4335286 4.4999189 0.0374876 0.1531720 -0.0087473 0.9874495
23.869400 3.5085151 -0.4355538 4.5201960 0.0336266 0.1446670 -0.0086196 0.9888713
23.973020 3.5136704 -0.4374552 4.5403752 0.0304511 0.1362891 -0.0092062 0.9901582
24.076780 3.5185006 -0.4392824 4.5604014 0.0291805 0.1274185 -0.0093821 0.9913753
24.180540 3.5230858 -0.4408507 4.5803776 0.0287427 0.1183450 -0.0088864 0.9925167
24.284160 3.5269809 -0.4424269 4.6001987 0.0281580 0.1098315 -0.0096526 0.9935044
24.387900 3.5305929 -0.4438514 4.6201892 0.0270896 0.1018064 -0.0121842 0.9943607
24.491650 3.5340087 -0.4453573 4.6400886 0.0249169 0.0945028 -0.0132390 0.9951247
24.595400 3.5373733 -0.4467855 4.6597953 0.0234447 0.0882427 -0.0113065 0.9957589
24.803110 3.5431149 -0.4496242 4.6984897 0.0242338 0.0776763 -0.0129134 0.9966004
24.906780 3.5451691 -0.4510314 4.7177343 0.0273373 0.0733608 -0.0153146 0.9968131
25.010540 3.5474792 -0.4523747 4.7365894 0.0323311 0.0686353 -0.0155665 0.9969963
25.425520 3.5560539 -0.4583198 4.8139749 0.0248459 0.0560087 -0.0159472 0.9979937
25.529390 3.5582476 -0.4599133 4.8337822 0.0206206 0.0548951 -0.0158230 0.9981537
25.737020 3.5627806 -0.4624184 4.8729792 0.0224391 0.0535688 -0.0122100 0.9982374
25.944520 3.5667570 -0.4647328 4.9123421 0.0211039 0.0518528 -0.0117790 0.9983622
26.151900 3.5702798 -0.4667388 4.9521756 0.0168959 0.0490747 -0.0119527 0.9985806
26.255540 3.5719047 -0.4677802 4.9722695 0.0156131 0.0469277 -0.0113725 0.9987115
26.359150 3.5734830 -0.4686469 4.9924150 0.0147996 0.0437457 -0.0105809 0.9988770
26.670290 3.5771954 -0.4716553 5.0535712 0.0134448 0.0286509 -0.0095554 0.9994534
26.877670 3.5779006 -0.4733499 5.0943952 0.0166262 0.0166052 -0.0113535 0.9996594
27.085020 3.5780883 -0.4752787 5.1361828 0.0153506 0.0043515 -0.0105155 0.9998174
27.396270 3.5760682 -0.4780349 5.1999617 0.0120016 -0.0126179 -0.0143098 0.9997460
27.500020 3.5751259 -0.4789109 5.2214932 0.0117219 -0.0165381 -0.0162456 0.9996625
27.603900 3.5740325 -0.4796918 5.2437119 0.0101218 -0.0188023 -0.0162319 0.9996402
27.811650 3.5723896 -0.4812412 5.2885194 0.0099138 -0.0202383 -0.0126670 0.9996658
27.915520 3.5713696 -0.4820573 5.3112416 0.0104196 -0.0194954 -0.0119588 0.9996841
28.019400 3.5705495 -0.4828085 5.3340783 0.0118564 -0.0191428 -0.0103138 0.9996933
28.123280 3.5696776 -0.4835448 5.3573160 0.0115061 -0.0188998 -0.0090981 0.9997138
28.227150 3.5690472 -0.4842377 5.3807001 0.0092304 -0.0186859 -0.0072479 0.9997565
28.330900 3.5681953 -0.4851210 5.4042912 0.0076490 -0.0180837 -0.0069984 0.9997827
28.434770 3.5672531 -0.4859923 5.4278297 0.0064728 -0.0170573 -0.0065931 0.9998118
28.538650 3.5665228 -0.4866662 5.4515767 0.0060944 -0.0164789 -0.0069731 0.9998213
28.642420 3.5656500 -0.4873110 5.4752774 0.0057623 -0.0153767 -0.0077614 0.9998351
28.746150 3.5649095 -0.4882097 5.4988518 0.0061586 -0.0145434 -0.0079954 0.9998433
28.849900 3.5642042 -0.4890283 5.5225406 0.0081438 -0.0139915 -0.0075939 0.9998401
28.953800 3.5635123 -0.4896089 5.5460949 0.0115252 -0.0135393 -0.0080570 0.9998094
29.057520 3.5627043 -0.4904328 5.5696588 0.0124490 -0.0128608 -0.0092888 0.9997966
29.161270 3.5620039 -0.4914153 5.5933981 0.0107519 -0.0120540 -0.0098673 0.9998208
29.264900 3.5614085 -0.4924186 5.6171427 0.0086660 -0.0115237 -0.0105925 0.9998400
29.368650 3.5608258 -0.4933054 5.6406207 0.0083178 -0.0102445 -0.0123484 0.9998367
29.472530 3.5602505 -0.4941579 5.6640601 0.0077953 -0.0074366 -0.0140105 0.9998438
29.576300 3.5600781 -0.4948251 5.6875272 0.0072517 -0.0039139 -0.0137200 0.9998719
29.680170 3.5602593 -0.4957793 5.7107081 0.0071928 0.0006619 -0.0132603 0.9998860
29.783900 3.5606000 -0.4966821 5.7338896 0.0084148 0.0059873 -0.0117103 0.9998781
29.887780 3.5611584 -0.4974713 5.7571092 0.0101413 0.0117470 -0.0119476 0.9998082
29.991660 3.5618808 -0.4981388 5.7805338 0.0097831 0.0179567 -0.0132883 0.9997026
30.095530 3.5632770 -0.4989200 5.8039274 0.0066172 0.0235913 -0.0102897 0.9996468
30.199280 3.5649729 -0.4997242 5.8273764 0.0029688 0.0279672 -0.0080511 0.9995720
30.406780 3.5676851 -0.5007282 5.8745298 -0.0011763 0.0340843 -0.0104065 0.9993641
30.510400 3.5692091 -0.5011309 5.8982720 -0.0018965 0.0356376 -0.0099113 0.9993138
30.614030 3.5710778 -0.5015568 5.9217715 -0.0021821 0.0362188 -0.0093154 0.9992981
30.717780 3.5724640 -0.5018928 5.9453602 -0.0012144 0.0369837 -0.0095673 0.9992693
30.821410 3.5737016 -0.5021895 5.9690285 -0.0006845 0.0375395 -0.0115550 0.9992281
30.925160 3.5751731 -0.5025482 5.9926791 -0.0012854 0.0373587 -0.0121576 0.9992271
31.132530 3.5785956 -0.5031664 6.0404158 -0.0026462 0.0356104 -0.0118130 0.9992924
31.236300 3.5802710 -0.5035564 6.0643878 -0.0026175 0.0346119 -0.0102344 0.9993450
31.340050 3.5818336 -0.5038126 6.0886250 -0.0033063 0.0329684 -0.0095634 0.9994051
31.547410 3.5839651 -0.5043008 6.1370687 -0.0068854 0.0285272 -0.0115604 0.9995025
31.754790 3.5859482 -0.5045655 6.1860256 -0.0094252 0.0235849 -0.0125345 0.9995988
31.858530 3.5865958 -0.5048158 6.2102733 -0.0081137 0.0212691 -0.0154794 0.9996210
31.962280 3.5870049 -0.5046792 6.2346416 -0.0058922 0.0190679 -0.0180500 0.9996379
32.066030 3.5873349 -0.5046283 6.2592816 -0.0049324 0.0168665 -0.0204524 0.9996364
32.169650 3.5878019 -0.5049611 6.2838502 -0.0055113 0.0145045 -0.0211929 0.9996550
32.377150 3.5881398 -0.5053790 6.3331461 -0.0033471 0.0105400 -0.0229317 0.9996759
32.480910 3.5883913 -0.5056304 6.3576875 -0.0033567 0.0080619 -0.0230483 0.9996962
32.584530 3.5884237 -0.5058857 6.3823900 -0.0040701 0.0056371 -0.0230838 0.9997094
32.688280 3.5885029 -0.5063012 6.4071107 -0.0037420 0.0033067 -0.0213150 0.9997603
32.791900 3.5885987 -0.5065754 6.4316816 -0.0031874 0.0009091 -0.0199410 0.9997957
32.895660 3.5884352 -0.5068176 6.4562888 -0.0023093 -0.0014565 -0.0203400 0.9997894
32.999410 3.5878620 -0.5071049 6.4810791 -0.0035434 -0.0037042 -0.0228584 0.9997256
33.103170 3.5872045 -0.5074155 6.5056086 -0.0043699 -0.0061433 -0.0244353 0.9996730
33.310530 3.5859015 -0.5083171 6.5547037 0.0009478 -0.0104270 -0.0228323 0.9996845
33.518170 3.5836868 -0.5088729 6.6039209 0.0012886 -0.0136690 -0.0293051 0.9994762
33.621780 3.5827599 -0.5093473 6.6289845 -0.0042617 -0.0148853 -0.0291038 0.9994565
33.725530 3.5820465 -0.5093589 6.6541204 -0.0101385 -0.0158601 -0.0272879 0.9994504
33.829280 3.5809922 -0.5093566 6.6791544 -0.0147293 -0.0166001 -0.0281128 0.9993584
33.933050 3.5798931 -0.5093294 6.7040157 -0.0160323 -0.0177346 -0.0289685 0.9992944
34.036660 3.5785568 -0.5090030 6.7285480 -0.0134366 -0.0191043 -0.0288688 0.9993103
34.244030 3.5761724 -0.5086490 6.7781267 -0.0079112 -0.0240307 -0.0284410 0.9992753
34.347780 3.5746791 -0.5086858 6.8028374 -0.0066680 -0.0261957 -0.0278984 0.9992452
34.451530 3.5729742 -0.5088106 6.8275108 -0.0056473 -0.0283671 -0.0277938 0.9991952
34.555160 3.5714979 -0.5086942 6.8527403 -0.0061798 -0.0305772 -0.0276519 0.9991307
34.658910 3.5698059 -0.5087265 6.8776226 -0.0087247 -0.0324668 -0.0266283 0.9990799
34.762530 3.5679777 -0.5087339 6.9027486 -0.0116773 -0.0339676 -0.0258582 0.9990201
34.866280 3.5661581 -0.5086162 6.9277811 -0.0146118 -0.0353317 -0.0255803 0.9989414
34.970030 3.5640683 -0.5081629 6.9531560 -0.0170666 -0.0362066 -0.0250033 0.9988857
35.073910 3.5620930 -0.5077931 6.9785795 -0.0206400 -0.0370884 -0.0242297 0.9988050
35.177560 3.5600662 -0.5072884 7.0036607 -0.0210102 -0.0379825 -0.0244556 0.9987581
35.281280 3.5575433 -0.5069641 7.0285039 -0.0166786 -0.0388046 -0.0289074 0.9986894
35.385050 3.5551984 -0.5066770 7.0533051 -0.0096900 -0.0393406 -0.0293467 0.9987478
35.488660 3.5531011 -0.5062999 7.0782156 -0.0054573 -0.0399615 -0.0290991 0.9987625
35.592410 3.5510752 -0.5062122 7.1034460 -0.0067609 -0.0399452 -0.0287831 0.9987643
35.903530 3.5449023 -0.5061563 7.1790533 -0.0099278 -0.0416584 -0.0268184 0.9987226
36.007180 3.5427766 -0.5059930 7.2041955 -0.0101878 -0.0424292 -0.0248586 0.9987382
36.110910 3.5405476 -0.5057372 7.2296448 -0.0125373 -0.0432433 -0.0250301 0.9986723
36.214530 3.5379779 -0.5055699 7.2550006 -0.0139527 -0.0435582 -0.0258095 0.9986200
36.318290 3.5355275 -0.5053204 7.2801332 -0.0136474 -0.0442395 -0.0265922 0.9985737
36.422040 3.5330524 -0.5051417 7.3052464 -0.0116018 -0.0447532 -0.0259875 0.9985926
36.629530 3.5283029 -0.5046389 7.3558769 -0.0117430 -0.0468486 -0.0242740 0.9985380
36.733280 3.5255380 -0.5045340 7.3814149 -0.0132849 -0.0485267 -0.0245857 0.9984308
36.837040 3.5229669 -0.5044299 7.4066882 -0.0145178 -0.0507973 -0.0243376 0.9983069
36.940790 3.5200472 -0.5040940 7.4320154 -0.0141995 -0.0531334 -0.0232850 0.9982149
37.044540 3.5171103 -0.5037656 7.4569736 -0.0133800 -0.0555108 -0.0238427 0.9980837
37.252040 3.5103014 -0.5034429 7.5071130 -0.0096371 -0.0605700 -0.0255425 0.9977906
37.355660 3.5070813 -0.5032939 7.5323129 -0.0086347 -0.0648120 -0.0239934 0.9975716
37.459410 3.5034406 -0.5032396 7.5573144 -0.0083124 -0.0697473 -0.0219102 0.9972894
37.563030 3.4996529 -0.5033436 7.5823746 -0.0090412 -0.0756443 -0.0191708 0.9969096
37.770280 3.4906013 -0.5029787 7.6321673 -0.0099380 -0.0908330 -0.0188563 0.9956380
37.874040 3.4854493 -0.5028692 7.6571622 -0.0125146 -0.0985982 -0.0185223 0.9948762
37.977790 3.4798388 -0.5026814 7.6819615 -0.0145788 -0.1059189 -0.0196244 0.9940742
38.081530 3.4737792 -0.5024131 7.7065635 -0.0147111 -0.1122854 -0.0221766 0.9933196
38.185280 3.4673030 -0.5019940 7.7308159 -0.0130949 -0.1173173 -0.0252410 0.9926873
38.289160 3.4608581 -0.5016078 7.7553048 -0.0117030 -0.1208550 -0.0276127 0.9922170
38.393160 3.4542663 -0.5013747 7.7797079 -0.0113118 -0.1216834 -0.0305719 0.9920335
38.497160 3.4478903 -0.5011467 7.8044209 -0.0094992 -0.1198556 -0.0347151 0.9921387
38.601160 3.4416215 -0.5009326 7.8288693 -0.0069252 -0.1154721 -0.0383681 0.9925452
38.705160 3.4360175 -0.5008621 7.8534122 -0.0044237 -0.1100339 -0.0388092 0.9931600
38.809290 3.4310999 -0.5009028 7.8784227 -0.0036865 -0.1036947 -0.0351769 0.9939801
38.913290 3.4262848 -0.5009284 7.9032583 -0.0048616 -0.0977264 -0.0345040 0.9946032
39.017160 3.4214633 -0.5010284 7.9281111 -0.0050337 -0.0919109 -0.0364748 0.9950863
39.328910 3.4095562 -0.5012944 8.0012732 -0.0036910 -0.0763384 -0.0319521 0.9965630
39.432660 3.4059820 -0.5014646 8.0255823 -0.0026018 -0.0722405 -0.0326838 0.9968482
39.536410 3.4022155 -0.5015678 8.0499668 -0.0034375 -0.0683989 -0.0342340 0.9970646
39.951290 3.3892090 -0.5012619 8.1488667 -0.0092621 -0.0582172 -0.0390244 0.9974979
40.158660 3.3829114 -0.5015310 8.1980171 0.0010410 -0.0561827 -0.0421573 0.9975296
40.262420 3.3800876 -0.5017012 8.2227669 0.0049857 -0.0555729 -0.0414996 0.9975793
40.469910 3.3739429 -0.5025585 8.2732859 0.0024791 -0.0539989 -0.0432570 0.9976005
40.781040 3.3652060 -0.5037079 8.3496637 -0.0013936 -0.0552979 -0.0407484 0.9976371
40.884790 3.3620527 -0.5038852 8.3750887 -0.0015286 -0.0572179 -0.0402409 0.9975492
40.988410 3.3587799 -0.5040795 8.4005833 -0.0016014 -0.0595482 -0.0404376 0.9974048
41.092170 3.3554358 -0.5042121 8.4262810 -0.0015501 -0.0616489 -0.0408683 0.9972596
41.195790 3.3517282 -0.5044415 8.4520836 -0.0017752 -0.0635915 -0.0426468 0.9970628
41.403160 3.3444285 -0.5048051 8.5033379 0.0009470 -0.0685403 -0.0409300 0.9968079
41.610540 3.3367102 -0.5055260 8.5550737 0.0038811 -0.0756804 -0.0388138 0.9963689
41.817920 3.3271959 -0.5061056 8.6071920 0.0001462 -0.0837715 -0.0408963 0.9956454
41.921540 3.3221169 -0.5062442 8.6336679 -0.0031032 -0.0876445 -0.0429216 0.9952219
42.025300 3.3167615 -0.5061833 8.6599789 -0.0062759 -0.0915409 -0.0453106 0.9947501
42.128920 3.3112078 -0.5061042 8.6863136 -0.0080387 -0.0954615 -0.0460508 0.9943349
42.232670 3.3056161 -0.5060203 8.7125006 -0.0064855 -0.1000616 -0.0459393 0.9938990
42.336290 3.2998180 -0.5058258 8.7388306 -0.0028986 -0.1045683 -0.0449754 0.9934960
42.647420 3.2813334 -0.5065625 8.8179188 0.0057532 -0.1180165 -0.0384281 0.9922511
42.751180 3.2748170 -0.5068721 8.8446388 0.0045457 -0.1221384 -0.0344857 0.9919034
42.854790 3.2679329 -0.5071712 8.8714523 0.0015915 -0.1268326 -0.0329232 0.9913763
42.958540 3.2606833 -0.5072453 8.8983135 -0.0021902 -0.1313476 -0.0313995 0.9908366
43.062290 3.2533197 -0.5073714 8.9250860 -0.0045755 -0.1358706 -0.0307679 0.9902381
43.269790 3.2370763 -0.5071758 8.9786654 -0.0056365 -0.1439348 -0.0337127 0.9889967
43.373560 3.2282617 -0.5069393 9.0052824 -0.0064370 -0.1473483 -0.0364131 0.9883932
43.477330 3.2198198 -0.5069616 9.0321188 -0.0081056 -0.1502737 -0.0355315 0.9879725
43.581040 3.2111189 -0.5066284 9.0590439 -0.0073959 -0.1529805 -0.0357388 0.9875551
43.684940 3.2023346 -0.5064827 9.0856771 -0.0053310 -0.1557590 -0.0342454 0.9871869
43.788690 3.1934409 -0.5064049 9.1124840 -0.0037359 -0.1591109 -0.0333774 0.9866893
43.892430 3.1843193 -0.5061656 9.1394720 -0.0037644 -0.1617712 -0.0333966 0.9862558
43.996060 3.1747036 -0.5060557 9.1665964 -0.0058856 -0.1642955 -0.0356131 0.9857505
44.099960 3.1649544 -0.5057144 9.1936245 -0.0082327 -0.1666970 -0.0367012 0.9852905
44.203560 3.1552556 -0.5055385 9.2205372 -0.0077526 -0.1695950 -0.0367299 0.9847986
44.307300 3.1452482 -0.5052377 9.2471533 -0.0054760 -0.1722368 -0.0377044 0.9843185
44.411040 3.1351590 -0.5051357 9.2738075 -0.0029073 -0.1749902 -0.0365716 0.9838864
44.514790 3.1252031 -0.5051599 9.3006382 -0.0033225 -0.1778341 -0.0338900 0.9834712
44.618540 3.1151137 -0.5051046 9.3273096 -0.0042428 -0.1806104 -0.0317968 0.9830315
44.722330 3.1049287 -0.5050404 9.3541555 -0.0049222 -0.1835505 -0.0289857 0.9825705
44.826160 3.0945120 -0.5049459 9.3806973 -0.0051268 -0.1869447 -0.0269016 0.9819887
44.929790 3.0839283 -0.5048301 9.4073973 -0.0063232 -0.1898100 -0.0232714 0.9815246
45.033540 3.0730491 -0.5046761 9.4336596 -0.0072711 -0.1925101 -0.0248311 0.9809538
45.137340 3.0620358 -0.5045729 9.4599018 -0.0076097 -0.1946525 -0.0245465 0.9805355
45.241040 3.0509770 -0.5044340 9.4860325 -0.0066061 -0.1975560 -0.0245329 0.9799623
45.344810 3.0396976 -0.5043491 9.5118809 -0.0064009 -0.2000785 -0.0258691 0.9794174
45.448540 3.0285606 -0.5041395 9.5380182 -0.0068354 -0.2027645 -0.0227995 0.9789382
45.552290 3.0171521 -0.5041253 9.5640020 -0.0081336 -0.2059150 -0.0242606 0.9782353
45.656170 3.0054522 -0.5039999 9.5897217 -0.0069041 -0.2081875 -0.0234508 0.9777834
45.759920 2.9939501 -0.5037376 9.6154728 -0.0079716 -0.2109435 -0.0214407 0.9772305
45.863670 2.9820850 -0.5035073 9.6410427 -0.0088203 -0.2132040 -0.0239256 0.9766749
45.967420 2.9700100 -0.5032803 9.6664658 -0.0100199 -0.2149121 -0.0267286 0.9762161
46.071290 2.9579792 -0.5028490 9.6919012 -0.0102825 -0.2168447 -0.0274604 0.9757656
46.175050 2.9460027 -0.5022743 9.7172794 -0.0133116 -0.2180073 -0.0270537 0.9754813
46.278790 2.9337919 -0.5020556 9.7426357 -0.0131584 -0.2192824 -0.0282985 0.9751622
46.382670 2.9218805 -0.5015143 9.7674561 -0.0106859 -0.2204614 -0.0272667 0.9749560
46.486540 2.9099557 -0.5011258 9.7921076 -0.0068807 -0.2209200 -0.0255695 0.9749324
46.590420 2.8980730 -0.5008299 9.8170099 -0.0070361 -0.2206173 -0.0256450 0.9749979
46.694170 2.8860495 -0.5005851 9.8419294 -0.0081152 -0.2199795 -0.0261202 0.9751210
46.798050 2.8741548 -0.5001627 9.8672438 -0.0105104 -0.2190892 -0.0269018 0.9752772
46.901920 2.8622928 -0.4997868 9.8925562 -0.0110422 -0.2173409 -0.0270261 0.9756591
47.109670 2.8387129 -0.4990180 9.9428482 -0.0080555 -0.2117250 -0.0292318 0.9768589
47.317420 2.8157754 -0.4985482 9.9944382 -0.0047829 -0.2046360 -0.0288754 0.9784005
47.525050 2.7937362 -0.4984962 10.0466909 -0.0050792 -0.1966995 -0.0291703 0.9800166
47.628800 2.7826533 -0.4983199 10.0732727 -0.0066039 -0.1927516 -0.0311284 0.9807315
47.836440 2.7611389 -0.4977054 10.1270885 -0.0126150 -0.1836027 -0.0346984 0.9823070
47.940170 2.7509310 -0.4970679 10.1537266 -0.0104793 -0.1793218 -0.0349447 0.9831138
48.147690 2.7313583 -0.4963616 10.2076759 -0.0042427 -0.1722856 -0.0332128 0.9844778
48.355050 2.7121964 -0.4961944 10.2628107 -0.0060384 -0.1653786 -0.0320226 0.9856917
48.458800 2.7028072 -0.4959423 10.2905750 -0.0065598 -0.1623262 -0.0320102 0.9861960
48.562550 2.6934390 -0.4957519 10.3186808 -0.0071617 -0.1596190 -0.0317500 0.9866420
48.666190 2.6840861 -0.4954948 10.3466873 -0.0077303 -0.1567111 -0.0326675 0.9870738
48.769940 2.6749823 -0.4952994 10.3750076 -0.0080687 -0.1542148 -0.0342811 0.9874095
48.873550 2.6657858 -0.4950612 10.4031963 -0.0080065 -0.1515757 -0.0354572 0.9877771
48.977300 2.6568394 -0.4946906 10.4317627 -0.0076377 -0.1494860 -0.0362808 0.9880685
49.080930 2.6479576 -0.4945138 10.4603758 -0.0071646 -0.1472120 -0.0369809 0.9883874
49.184670 2.6390960 -0.4941970 10.4890852 -0.0067634 -0.1449894 -0.0381275 0.9886752
49.288320 2.6305683 -0.4939528 10.5179672 -0.0067088 -0.1430535 -0.0371472 0.9889948
49.392050 2.6221416 -0.4938352 10.5469608 -0.0071061 -0.1412816 -0.0376109 0.9892292
49.495800 2.6136353 -0.4935077 10.5759363 -0.0072642 -0.1393643 -0.0372622 0.9895132
49.703170 2.5969989 -0.4933727 10.6338530 -0.0085090 -0.1355879 -0.0397517 0.9899310
49.806800 2.5887840 -0.4931096 10.6630411 -0.0080427 -0.1337824 -0.0403467 0.9901564
49.910550 2.5806789 -0.4929275 10.6921425 -0.0065426 -0.1319206 -0.0402700 0.9904203
50.014170 2.5728350 -0.4927609 10.7212210 -0.0066216 -0.1307847 -0.0397310 0.9905922
50.117990 2.5649757 -0.4924935 10.7504539 -0.0091982 -0.1300144 -0.0380583 0.9907387
50.221580 2.5571704 -0.4922117 10.7799044 -0.0136220 -0.1295058 -0.0365222 0.9908122
50.325300 2.5491209 -0.4917524 10.8093252 -0.0163586 -0.1288501 -0.0362109 0.9908677
50.428990 2.5414631 -0.4912486 10.8384085 -0.0156801 -0.1284998 -0.0352797 0.9909577
50.532690 2.5335500 -0.4907072 10.8674660 -0.0123222 -0.1281107 -0.0339490 0.9911020
50.636450 2.5259874 -0.4904255 10.8964949 -0.0089520 -0.1279125 -0.0327934 0.9912027
50.740210 2.5183067 -0.4900382 10.9256487 -0.0076529 -0.1272863 -0.0310945 0.9913490
50.843990 2.5107098 -0.4899416 10.9547405 -0.0088457 -0.1265771 -0.0299305 0.9914656
50.947600 2.5030742 -0.4897517 10.9845285 -0.0110978 -0.1261208 -0.0282264 0.9915512
51.051200 2.4953840 -0.4895971 11.0136061 -0.0134433 -0.1255357 -0.0266774 0.9916393
51.154950 2.4880805 -0.4891081 11.0431738 -0.0150113 -0.1254475 -0.0255506 0.9916576
51.258560 2.4804566 -0.4886532 11.0722141 -0.0155079 -0.1251953 -0.0250476 0.9916946
51.362310 2.4730432 -0.4882939 11.1012783 -0.0143714 -0.1253936 -0.0245521 0.9916991
51.465930 2.4653032 -0.4877169 11.1302195 -0.0130430 -0.1252844 -0.0237667 0.9917504
51.569680 2.4576383 -0.4872858 11.1591368 -0.0133123 -0.1252332 -0.0232403 0.9917657
51.673320 2.4502079 -0.4867638 11.1883259 -0.0149940 -0.1251197 -0.0226877 0.9917689
51.776930 2.4425242 -0.4864237 11.2176600 -0.0156670 -0.1247740 -0.0222532 0.9918119
51.880670 2.4350827 -0.4860190 11.2466030 -0.0147422 -0.1244388 -0.0217803 0.9918786
51.984300 2.4276950 -0.4854311 11.2755470 -0.0138877 -0.1242617 -0.0213318 0.9919229
52.088050 2.4202585 -0.4850209 11.3045864 -0.0143799 -0.1239804 -0.0207095 0.9919643
52.191670 2.4127254 -0.4845659 11.3335457 -0.0154033 -0.1238712 -0.0204083 0.9919688
52.295430 2.4054079 -0.4841081 11.3623753 -0.0163382 -0.1240901 -0.0190043 0.9919544
52.399170 2.3980455 -0.4835897 11.3913279 -0.0171880 -0.1242498 -0.0170099 0.9919563
52.502930 2.3907924 -0.4830648 11.4202442 -0.0181553 -0.1244592 -0.0145041 0.9919526
52.606680 2.3835135 -0.4824655 11.4490652 -0.0195344 -0.1247217 -0.0112436 0.9919357
52.710430 2.3765459 -0.4818701 11.4777813 -0.0201127 -0.1253530 -0.0076253 0.9918790
52.814180 2.3691916 -0.4812723 11.5064173 -0.0215958 -0.1259356 -0.0071249 0.9917777
52.917930 2.3619106 -0.4805788 11.5346813 -0.0223007 -0.1265266 -0.0055290 0.9916971
53.021680 2.3548071 -0.4798582 11.5626144 -0.0235854 -0.1273000 -0.0050158 0.9915711
53.125430 2.3475266 -0.4790644 11.5903149 -0.0236599 -0.1279799 -0.0045213 0.9914842
53.229180 2.3405011 -0.4782541 11.6174917 -0.0239111 -0.1289726 -0.0039225 0.9913521
53.332930 2.3334711 -0.4775459 11.6443949 -0.0243723 -0.1298699 -0.0032863 0.9912260
53.436550 2.3263986 -0.4768085 11.6709938 -0.0257424 -0.1306508 -0.0031061 0.9910893
53.540300 2.3194103 -0.4760121 11.6970949 -0.0279971 -0.1312826 -0.0042995 0.9909402
53.644050 2.3121467 -0.4750166 11.7230158 -0.0309897 -0.1312257 -0.0068928 0.9908441
53.747800 2.3051548 -0.4739974 11.7483559 -0.0335096 -0.1311321 -0.0107016 0.9907406
53.851550 2.2978215 -0.4727918 11.7724915 -0.0343782 -0.1304360 -0.0148830 0.9907488
53.955300 2.2908664 -0.4715166 11.7964315 -0.0346917 -0.1298556 -0.0181679 0.9907593
54.059050 2.2843599 -0.4702339 11.8202143 -0.0341977 -0.1296107 -0.0213975 0.9907441
54.162800 2.2779613 -0.4691849 11.8431606 -0.0338024 -0.1290082 -0.0228117 0.9908047
54.266550 2.2718139 -0.4680171 11.8657570 -0.0327243 -0.1286388 -0.0234996 0.9908728
54.370180 2.2658889 -0.4668897 11.8880749 -0.0318256 -0.1283102 -0.0232106 0.9909515
54.473930 2.2601418 -0.4658224 11.9102182 -0.0318157 -0.1280674 -0.0226851 0.9909954
54.577570 2.2543955 -0.4647954 11.9318962 -0.0315034 -0.1277619 -0.0232394 0.9910319
54.681310 2.2488320 -0.4638647 11.9532070 -0.0313568 -0.1268702 -0.0234014 0.9911473
54.785060 2.2434123 -0.4628406 11.9743567 -0.0315683 -0.1249582 -0.0238844 0.9913720
54.888800 2.2380836 -0.4618867 11.9949894 -0.0321461 -0.1220602 -0.0259662 0.9916621
54.992680 2.2331173 -0.4609350 12.0154200 -0.0326348 -0.1184614 -0.0262906 0.9920739
55.096430 2.2282913 -0.4600675 12.0355330 -0.0319438 -0.1151322 -0.0278836 0.9924448
55.200180 2.2236187 -0.4592785 12.0554113 -0.0290903 -0.1114979 -0.0285951 0.9929271
55.304050 2.2189870 -0.4584172 12.0750990 -0.0260068 -0.1072035 -0.0302730 0.9934357
55.407810 2.2150178 -0.4576032 12.0950527 -0.0244756 -0.1023892 -0.0305978 0.9939724
55.511680 2.2109675 -0.4566090 12.1152010 -0.0250589 -0.0961552 -0.0316647 0.9945469
55.719180 2.2038262 -0.4549090 12.1564045 -0.0310650 -0.0843228 -0.0336902 0.9953842
55.822930 2.2006660 -0.4540325 12.1771708 -0.0331502 -0.0785461 -0.0336332 0.9957913
55.926680 2.1976936 -0.4530700 12.1981115 -0.0339450 -0.0728788 -0.0331155 0.9962127
56.030430 2.1949322 -0.4520003 12.2191563 -0.0331613 -0.0676570 -0.0316535 0.9966549
56.134050 2.1926155 -0.4510975 12.2402000 -0.0310768 -0.0636023 -0.0291886 0.9970642
56.237800 2.1903486 -0.4500019 12.2614584 -0.0285860 -0.0599268 -0.0258905 0.9974574
56.445350 2.1860390 -0.4481562 12.3045607 -0.0304339 -0.0539925 -0.0200187 0.9978766
56.549070 2.1838546 -0.4470084 12.3269472 -0.0379245 -0.0512298 -0.0189762 0.9977861
56.652940 2.1814902 -0.4455148 12.3496180 -0.0458530 -0.0486696 -0.0206320 0.9975485
56.756680 2.1790802 -0.4439104 12.3725052 -0.0529386 -0.0456008 -0.0221537 0.9973100
56.860440 2.1770985 -0.4421335 12.3952150 -0.0543211 -0.0425557 -0.0217897 0.9973783
56.964280 2.1753807 -0.4401046 12.4176645 -0.0535570 -0.0399620 -0.0227665 0.9975051
57.068060 2.1734638 -0.4380287 12.4407043 -0.0529575 -0.0364056 -0.0224938 0.9976794
57.171890 2.1722260 -0.4359492 12.4637661 -0.0550640 -0.0334454 -0.0200969 0.9977201
57.275560 2.1709085 -0.4338133 12.4870367 -0.0578864 -0.0300491 -0.0188778 0.9976923
57.379330 2.1698937 -0.4316481 12.5103149 -0.0598924 -0.0267373 -0.0163315 0.9977130
57.483060 2.1689911 -0.4294735 12.5333757 -0.0606238 -0.0239228 -0.0147885 0.9977643
57.586810 2.1682911 -0.4272515 12.5561380 -0.0597638 -0.0209557 -0.0138143 0.9978970
57.690560 2.1675971 -0.4249984 12.5788498 -0.0593646 -0.0178907 -0.0134132 0.9979859
57.794300 2.1667991 -0.4228028 12.6015539 -0.0594356 -0.0142043 -0.0138637 0.9980348
57.898200 2.1664033 -0.4207985 12.6238613 -0.0599177 -0.0099510 -0.0147811 0.9980443
58.001930 2.1662903 -0.4186803 12.6458864 -0.0597708 -0.0051496 -0.0142669 0.9980969
58.105810 2.1664934 -0.4165667 12.6677313 -0.0595165 0.0001092 -0.0132451 0.9981394
58.209680 2.1667800 -0.4145304 12.6893215 -0.0597453 0.0057984 -0.0128958 0.9981135
58.313440 2.1673512 -0.4124778 12.7108231 -0.0605496 0.0110033 -0.0131666 0.9980177
58.417310 2.1682162 -0.4106831 12.7319422 -0.0596157 0.0163998 -0.0116254 0.9980190
58.521060 2.1693163 -0.4088418 12.7526188 -0.0568734 0.0217649 -0.0115909 0.9980768
58.624930 2.1703815 -0.4070930 12.7731123 -0.0521947 0.0279009 -0.0144072 0.9981431
58.728680 2.1716034 -0.4053403 12.7935810 -0.0485050 0.0351509 -0.0184299 0.9980341
58.936580 2.1759508 -0.4024453 12.8344307 -0.0434289 0.0534577 -0.0182661 0.9974580
59.144310 2.1824393 -0.4000165 12.8747568 -0.0371580 0.0743315 -0.0148495 0.9964305
59.248190 2.1864576 -0.3990499 12.8953247 -0.0331514 0.0846335 -0.0122840 0.9957848
59.352060 2.1911452 -0.3982174 12.9158688 -0.0300913 0.0946369 -0.0084537 0.9950210
59.559560 2.2010486 -0.3962083 12.9577541 -0.0312636 0.1133476 -0.0059708 0.9930454
59.766940 2.2124465 -0.3941720 13.0000334 -0.0396695 0.1272830 -0.0033725 0.9910671
59.870680 2.2181237 -0.3929198 13.0212069 -0.0424403 0.1323197 -0.0031987 0.9902929
60.078080 2.2300613 -0.3903132 13.0639410 -0.0452170 0.1401898 -0.0059024 0.9890740
60.285560 2.2427630 -0.3873393 13.1065235 -0.0491613 0.1475176 -0.0086855 0.9877987
60.493060 2.2548029 -0.3851047 13.1480417 -0.0358544 0.1536886 -0.0208870 0.9872477
60.596810 2.2616715 -0.3838271 13.1688128 -0.0279068 0.1554289 -0.0216771 0.9872149
60.804180 2.2748935 -0.3818772 13.2121420 -0.0343223 0.1579574 -0.0278155 0.9864572
60.907960 2.2816541 -0.3811170 13.2338314 -0.0373078 0.1572303 -0.0282753 0.9864519
61.115330 2.2944806 -0.3803000 13.2755737 -0.0177185 0.1537700 -0.0345696 0.9873428
61.218940 2.3007152 -0.3798186 13.2962618 -0.0083171 0.1506470 -0.0370765 0.9878571
61.426430 2.3130937 -0.3798489 13.3387651 -0.0161285 0.1471557 -0.0401928 0.9881648
61.633820 2.3249652 -0.3801408 13.3798351 -0.0175156 0.1447696 -0.0379819 0.9885810
61.841310 2.3364725 -0.3802648 13.4194021 -0.0087404 0.1417296 -0.0353797 0.9892343
62.048840 2.3475828 -0.3808801 13.4582720 -0.0052572 0.1402215 -0.0323977 0.9895760
62.256400 2.3582163 -0.3817418 13.4961433 -0.0000916 0.1408904 -0.0345544 0.9894220
62.463960 2.3685203 -0.3830400 13.5331650 0.0018090 0.1451103 -0.0402343 0.9885954
62.879830 2.3925552 -0.3859581 13.6034431 0.0047756 0.1782760 -0.0401504 0.9831494
63.087560 2.4058208 -0.3879374 13.6350899 0.0066085 0.1955961 -0.0371637 0.9799578
63.503190 2.4321032 -0.3914312 13.6902351 0.0061836 0.2317762 -0.0371069 0.9720415
64.540710 2.4870913 -0.4002136 13.7795658 0.0314161 0.2832230 -0.0242280 0.9582331
64.955310 2.5013704 -0.4028201 13.8023844 0.0279504 0.2902450 -0.0298493 0.9560782
65.162710 2.5071805 -0.4039949 13.8102655 0.0305401 0.2914385 -0.0258398 0.9557527
67.029070 2.5542879 -0.4123051 13.8938189 0.0272099 0.2339571 -0.0222673 0.9716110
67.443690 2.5663075 -0.4148108 13.9235964 0.0266958 0.1962078 -0.0206972 0.9799803
67.651080 2.5713782 -0.4160052 13.9408426 0.0281328 0.1741229 -0.0257357 0.9839855
68.584070 2.5876689 -0.4223584 14.0365658 0.0258618 0.0604260 -0.0285784 0.9974282
68.895320 2.5895014 -0.4249244 14.0780115 0.0247195 0.0291787 -0.0277622 0.9988828
69.102840 2.5897694 -0.4266456 14.1085463 0.0246077 0.0106925 -0.0269117 0.9992777
69.310320 2.5892110 -0.4285350 14.1410685 0.0242372 -0.0082541 -0.0232544 0.9994016
69.517690 2.5870876 -0.4304935 14.1753778 0.0242330 -0.0264334 -0.0213271 0.9991292
69.932840 2.5790586 -0.4345259 14.2504139 0.0226540 -0.0539183 -0.0239747 0.9980004
70.036720 2.5763788 -0.4356066 14.2705393 0.0211721 -0.0582175 -0.0244380 0.9977801
70.140570 2.5735860 -0.4366369 14.2910547 0.0201186 -0.0616977 -0.0249086 0.9975812
70.555820 2.5612268 -0.4405640 14.3781872 0.0198229 -0.0698655 -0.0271302 0.9969904
70.659570 2.5579433 -0.4416590 14.4011192 0.0199781 -0.0715351 -0.0263290 0.9968904
70.763330 2.5545161 -0.4426801 14.4244652 0.0206586 -0.0731363 -0.0256290 0.9967785
70.970820 2.5469649 -0.4450977 14.4723501 0.0218851 -0.0759367 -0.0250170 0.9965585
71.074690 2.5431590 -0.4463968 14.4968262 0.0226292 -0.0773703 -0.0242570 0.9964504
71.178440 2.5391963 -0.4476923 14.5215540 0.0228868 -0.0786348 -0.0229448 0.9963766
71.385950 2.5310647 -0.4504044 14.5721617 0.0233265 -0.0807543 -0.0209629 0.9962405
71.593330 2.5223200 -0.4535369 14.6236219 0.0259623 -0.0822805 -0.0210545 0.9960485
71.800950 2.5129368 -0.4564791 14.6767931 0.0268985 -0.0824877 -0.0222489 0.9959806
71.904720 2.5082409 -0.4580604 14.7039404 0.0254813 -0.0825495 -0.0224382 0.9960085
72.008470 2.5033939 -0.4596933 14.7312899 0.0242652 -0.0827438 -0.0226157 0.9960186
72.215950 2.4939513 -0.4628110 14.7868109 0.0249947 -0.0834908 -0.0198843 0.9959966
72.423450 2.4844685 -0.4660029 14.8438435 0.0249779 -0.0845397 -0.0180612 0.9959432
72.630950 2.4743969 -0.4694140 14.9022217 0.0247911 -0.0855941 -0.0169688 0.9958771
72.734700 2.4693494 -0.4711313 14.9318590 0.0251540 -0.0860957 -0.0170925 0.9958226
72.838470 2.4636648 -0.4730083 14.9613056 0.0255807 -0.0863027 -0.0176249 0.9957845
73.149700 2.4468076 -0.4784469 15.0529995 0.0246261 -0.0856672 -0.0208232 0.9958017
73.253450 2.4411452 -0.4803228 15.0836811 0.0255145 -0.0844452 -0.0218715 0.9958613
73.357220 2.4356625 -0.4821498 15.1148558 0.0271149 -0.0822363 -0.0233266 0.9959708
73.461070 2.4301927 -0.4841456 15.1458702 0.0283964 -0.0783645 -0.0256558 0.9961900
73.564950 2.4249704 -0.4862879 15.1770496 0.0297165 -0.0731949 -0.0285783 0.9964651
73.668820 2.4201205 -0.4885465 15.2088289 0.0308686 -0.0664716 -0.0309025 0.9968318
73.772700 2.4159253 -0.4908332 15.2405853 0.0312140 -0.0586836 -0.0323266 0.9972647
73.876700 2.4123199 -0.4931138 15.2730103 0.0304600 -0.0503520 -0.0330196 0.9977207
73.980600 2.4090779 -0.4953780 15.3047209 0.0288254 -0.0413870 -0.0344777 0.9981320
74.084450 2.4065928 -0.4977594 15.3369780 0.0286973 -0.0324226 -0.0349256 0.9984515
74.188450 2.4048169 -0.5000252 15.3692360 0.0302824 -0.0231268 -0.0351325 0.9986560
74.292330 2.4036446 -0.5025734 15.4013290 0.0322802 -0.0135333 -0.0361282 0.9987340
74.396200 2.4030397 -0.5050409 15.4336710 0.0332485 -0.0031938 -0.0359841 0.9987940
74.500110 2.4030116 -0.5075932 15.4662838 0.0323254 0.0080418 -0.0363628 0.9987833
74.603820 2.4039614 -0.5102354 15.4988070 0.0319386 0.0198564 -0.0354324 0.9986642
74.707830 2.4055734 -0.5129553 15.5311337 0.0340155 0.0325065 -0.0361582 0.9982378
74.811700 2.4080389 -0.5157796 15.5635433 0.0375129 0.0455425 -0.0374478 0.9975552
74.915450 2.4113288 -0.5188665 15.5958729 0.0401121 0.0593817 -0.0381724 0.9966984
75.019330 2.4154568 -0.5222479 15.6281834 0.0423861 0.0740911 -0.0414236 0.9954888
75.123330 2.4208415 -0.5258656 15.6600389 0.0445544 0.0894450 -0.0396963 0.9942026
75.227100 2.4269423 -0.5293733 15.6921577 0.0459661 0.1046378 -0.0421021 0.9925550
75.330950 2.4340949 -0.5336946 15.7235851 0.0477448 0.1191989 -0.0409041 0.9908779
75.538570 2.4514935 -0.5417055 15.7861614 0.0536656 0.1458313 -0.0379615 0.9871232
75.642200 2.4613976 -0.5458882 15.8167267 0.0548393 0.1575425 -0.0364371 0.9853148
75.745950 2.4718454 -0.5504128 15.8473825 0.0551516 0.1687399 -0.0357603 0.9834665
75.849580 2.4828331 -0.5549474 15.8777208 0.0562470 0.1796809 -0.0366095 0.9814330
75.953320 2.4946783 -0.5594732 15.9081917 0.0580827 0.1904767 -0.0365364 0.9792906
76.056950 2.5074606 -0.5640828 15.9384832 0.0588599 0.2006781 -0.0353522 0.9772482
76.264200 2.5348861 -0.5735317 15.9986153 0.0576259 0.2156793 -0.0304897 0.9742854
76.471330 2.5637197 -0.5831665 16.0587330 0.0616184 0.2227591 -0.0263009 0.9725687
76.678580 2.5927043 -0.5927612 16.1194153 0.0617433 0.2268416 -0.0274781 0.9715841
76.782200 2.6075592 -0.5976970 16.1498318 0.0627559 0.2284619 -0.0277989 0.9711303
76.885860 2.6226583 -0.6027132 16.1802788 0.0647038 0.2300789 -0.0274079 0.9706317
76.989560 2.6382227 -0.6079075 16.2109032 0.0661639 0.2315686 -0.0264446 0.9702057
77.093250 2.6538424 -0.6132044 16.2420540 0.0659503 0.2331443 -0.0261036 0.9698520
77.300580 2.6855998 -0.6234958 16.3051701 0.0622344 0.2358449 -0.0259395 0.9694489
77.404200 2.7019105 -0.6288642 16.3372822 0.0626248 0.2364754 -0.0273931 0.9692302
77.507830 2.7182169 -0.6340919 16.3691883 0.0647588 0.2366152 -0.0278233 0.9690436
77.611580 2.7347293 -0.6395814 16.4012585 0.0663418 0.2363903 -0.0278544 0.9689904
77.715200 2.7516868 -0.6451461 16.4337139 0.0663299 0.2360792 -0.0270908 0.9690887
77.922710 2.7851226 -0.6565423 16.4991016 0.0660578 0.2360959 -0.0287596 0.9690552
78.026330 2.8017960 -0.6623442 16.5322285 0.0663469 0.2365818 -0.0296767 0.9688893
78.130080 2.8189235 -0.6680596 16.5656757 0.0651186 0.2377234 -0.0296119 0.9686952
78.233830 2.8363390 -0.6738555 16.5992031 0.0650920 0.2389561 -0.0299552 0.9683830
78.441200 2.8715296 -0.6853842 16.6668015 0.0661541 0.2412434 -0.0291955 0.9677669
78.544830 2.8894143 -0.6912601 16.7006626 0.0653723 0.2426562 -0.0297925 0.9674486
78.648580 2.9075909 -0.6971093 16.7347813 0.0655679 0.2443660 -0.0292770 0.9670206
78.752330 2.9257491 -0.7028635 16.7688770 0.0648309 0.2460301 -0.0303109 0.9666165
78.855950 2.9441833 -0.7089711 16.8032570 0.0640581 0.2479338 -0.0301571 0.9661863
78.959710 2.9629891 -0.7149444 16.8378677 0.0637751 0.2495448 -0.0308304 0.9657689
79.063330 2.9817877 -0.7209135 16.8725777 0.0642088 0.2511293 -0.0310427 0.9653226
79.167080 3.0009596 -0.7268252 16.9074192 0.0643888 0.2524943 -0.0311230 0.9649519
79.270830 3.0204272 -0.7329077 16.9425468 0.0644670 0.2539522 -0.0308139 0.9645739
79.374460 3.0400670 -0.7390309 16.9776917 0.0652453 0.2551703 -0.0307926 0.9642007
79.478210 3.0598769 -0.7452403 17.0130596 0.0654639 0.2566803 -0.0309464 0.9637800
79.581950 3.0801940 -0.7514654 17.0487843 0.0653704 0.2581961 -0.0311591 0.9633746
79.685700 3.1004395 -0.7579345 17.0844727 0.0649119 0.2601313 -0.0313114 0.9628800
79.789450 3.1213465 -0.7643631 17.1198540 0.0649527 0.2617261 -0.0308972 0.9624583
79.893210 3.1423020 -0.7705638 17.1559238 0.0649444 0.2637610 -0.0311114 0.9618962
79.996970 3.1635320 -0.7769673 17.1917782 0.0654633 0.2653128 -0.0305117 0.9614534
80.100580 3.1848702 -0.7835625 17.2279758 0.0657299 0.2666551 -0.0302777 0.9610712
80.204330 3.2064881 -0.7899527 17.2640915 0.0661775 0.2675709 -0.0300647 0.9607926
80.307980 3.2280717 -0.7964534 17.3007011 0.0663916 0.2688022 -0.0299432 0.9604379
80.411710 3.2502646 -0.8031276 17.3372746 0.0663490 0.2693893 -0.0299123 0.9602773
80.515330 3.2724779 -0.8098642 17.3738823 0.0663318 0.2699224 -0.0294811 0.9601421
80.619080 3.2948654 -0.8165793 17.4107170 0.0670524 0.2704498 -0.0289914 0.9599586
80.722740 3.3170021 -0.8233872 17.4478455 0.0671740 0.2712681 -0.0284963 0.9597340
80.826440 3.3398447 -0.8302389 17.4850807 0.0664505 0.2716491 -0.0274656 0.9597066
80.930080 3.3625770 -0.8369396 17.5223904 0.0667673 0.2720973 -0.0277331 0.9595499
81.033840 3.3857884 -0.8437362 17.5599976 0.0665577 0.2724468 -0.0279858 0.9594580
81.137500 3.4088833 -0.8505353 17.5976715 0.0655318 0.2729751 -0.0282113 0.9593718
81.241210 3.4316313 -0.8574421 17.6354885 0.0644948 0.2739456 -0.0275026 0.9591860
81.344940 3.4552212 -0.8642041 17.6732330 0.0648700 0.2740483 -0.0270483 0.9591443
81.448590 3.4783635 -0.8711152 17.7109890 0.0656898 0.2742632 -0.0272012 0.9590228
81.552330 3.5019968 -0.8780782 17.7486763 0.0660001 0.2740552 -0.0270892 0.9590641
81.656060 3.5255108 -0.8849149 17.7866879 0.0658648 0.2741146 -0.0275449 0.9590434
81.759710 3.5486956 -0.8918595 17.8247967 0.0659070 0.2742567 -0.0269562 0.9590166
81.863460 3.5720067 -0.8988519 17.8625565 0.0662881 0.2739691 -0.0272433 0.9590644
81.967080 3.5956597 -0.9057683 17.9006844 0.0674582 0.2736354 -0.0274142 0.9590732
82.070830 3.6189954 -0.9128350 17.9385300 0.0683147 0.2731620 -0.0261713 0.9591823
82.174460 3.6423652 -0.9200465 17.9766712 0.0682257 0.2724263 -0.0255111 0.9594156
82.278210 3.6658332 -0.9270996 18.0146694 0.0677574 0.2712759 -0.0238012 0.9598187
82.381960 3.6890719 -0.9341370 18.0528069 0.0672993 0.2703464 -0.0235627 0.9601189
82.485710 3.7121806 -0.9412581 18.0910225 0.0669535 0.2698805 -0.0238019 0.9602683
82.589430 3.7352812 -0.9481650 18.1290874 0.0669714 0.2694358 -0.0230020 0.9604114
82.693080 3.7579331 -0.9552019 18.1671066 0.0671081 0.2691966 -0.0232995 0.9604618
82.796920 3.7810445 -0.9621668 18.2050953 0.0673637 0.2686656 -0.0226528 0.9606080
82.900600 3.8036468 -0.9691333 18.2428894 0.0670428 0.2684427 -0.0232213 0.9606792
83.004230 3.8264205 -0.9762209 18.2807789 0.0669682 0.2679418 -0.0239685 0.9608059
83.107850 3.8491192 -0.9832004 18.3188286 0.0662949 0.2676906 -0.0249454 0.9608977
83.211580 3.8717506 -0.9901006 18.3567066 0.0659840 0.2675127 -0.0233571 0.9610086
83.315210 3.8943920 -0.9970139 18.3946342 0.0654258 0.2671653 -0.0222885 0.9611688
83.418960 3.9173133 -1.0037709 18.4327106 0.0660139 0.2667163 -0.0188623 0.9613265
83.522590 3.9400377 -1.0107807 18.4706783 0.0671969 0.2661502 -0.0180657 0.9614168
83.626210 3.9629447 -1.0176642 18.5084305 0.0685122 0.2656423 -0.0188475 0.9614494
83.729960 3.9853363 -1.0247372 18.5463295 0.0682529 0.2653717 -0.0201917 0.9615153
83.833580 4.0076966 -1.0316130 18.5846195 0.0671450 0.2650249 -0.0215057 0.9616604
83.937350 4.0301828 -1.0384467 18.6227341 0.0668438 0.2643805 -0.0218038 0.9618521
84.040960 4.0527582 -1.0453163 18.6607857 0.0667839 0.2638072 -0.0226392 0.9619943
84.144710 4.0749092 -1.0520704 18.6989117 0.0666457 0.2634547 -0.0241951 0.9620627
84.248350 4.0969687 -1.0590352 18.7369652 0.0660727 0.2632397 -0.0242187 0.9621605
84.352100 4.1192479 -1.0659379 18.7750912 0.0651555 0.2632010 -0.0248635 0.9622172
84.455710 4.1414671 -1.0725665 18.8130455 0.0660003 0.2633533 -0.0239692 0.9621406
84.559380 4.1638136 -1.0794368 18.8507748 0.0663963 0.2632291 -0.0235144 0.9621585
84.662980 4.1860600 -1.0862060 18.8882961 0.0662801 0.2628425 -0.0224851 0.9622968
84.766730 4.2081580 -1.0929606 18.9261208 0.0657640 0.2623945 -0.0212742 0.9624820
84.870340 4.2301035 -1.0995491 18.9636059 0.0667133 0.2614901 -0.0214434 0.9626591
84.973960 4.2515588 -1.1063458 19.0008869 0.0682867 0.2607352 -0.0229369 0.9627191
85.077720 4.2728400 -1.1132483 19.0381775 0.0673080 0.2604509 -0.0245057 0.9628263
85.181330 4.2938156 -1.1202719 19.0753803 0.0659504 0.2599551 -0.0260810 0.9630128
85.285090 4.3151188 -1.1269190 19.1122570 0.0648298 0.2593925 -0.0260717 0.9632408
85.388710 4.3359780 -1.1333241 19.1489925 0.0638671 0.2594369 -0.0251729 0.9633171
85.492460 4.3570795 -1.1399482 19.1853848 0.0635302 0.2592782 -0.0238691 0.9634153
85.596110 4.3781714 -1.1463802 19.2216606 0.0637978 0.2591392 -0.0239659 0.9634326
85.699750 4.3987417 -1.1527206 19.2577820 0.0643851 0.2595220 -0.0241482 0.9632859
85.803450 4.4190540 -1.1592699 19.2935162 0.0638192 0.2600633 -0.0243367 0.9631729
85.907110 4.4394941 -1.1656473 19.3291912 0.0635033 0.2604014 -0.0247389 0.9630921
86.010840 4.4596210 -1.1719555 19.3641815 0.0632907 0.2607019 -0.0253324 0.9630094
86.114460 4.4796114 -1.1781063 19.3987942 0.0627599 0.2610892 -0.0252165 0.9629422
86.218210 4.4994011 -1.1841880 19.4327774 0.0612810 0.2614520 -0.0252533 0.9629381
86.321830 4.5185204 -1.1901580 19.4660645 0.0596934 0.2620607 -0.0251353 0.9628754
86.425590 4.5374370 -1.1960129 19.4987755 0.0603051 0.2622901 -0.0251865 0.9627735
86.529210 4.5560174 -1.2016261 19.5306416 0.0630647 0.2624095 -0.0247597 0.9625752
86.632980 4.5740919 -1.2074056 19.5616226 0.0634045 0.2624572 -0.0248258 0.9625382
86.736730 4.5916810 -1.2130548 19.5918102 0.0623371 0.2621871 -0.0239620 0.9627034
86.840340 4.6089687 -1.2183970 19.6213703 0.0612928 0.2613769 -0.0233874 0.9630048
86.944090 4.6256900 -1.2236695 19.6503067 0.0609569 0.2606004 -0.0237988 0.9632265
87.047710 4.6415195 -1.2286049 19.6782703 0.0602693 0.2596921 -0.0242214 0.9635045
87.254960 4.6717224 -1.2378852 19.7315407 0.0571819 0.2576316 -0.0230121 0.9642752
87.358710 4.6860318 -1.2422541 19.7564220 0.0562623 0.2569020 -0.0238132 0.9645045
87.462460 4.6998806 -1.2463605 19.7808228 0.0570784 0.2565757 -0.0236502 0.9645474
87.669860 4.7251825 -1.2542695 19.8252411 0.0583729 0.2557972 -0.0238209 0.9646724
87.877340 4.7478247 -1.2614554 19.8657551 0.0575582 0.2574555 -0.0268342 0.9642010
87.981210 4.7585402 -1.2647343 19.8845177 0.0574799 0.2619170 -0.0285001 0.9629555
88.501590 4.8119631 -1.2795012 19.9609299 0.0618772 0.3295470 -0.0302900 0.9416223
88.814340 4.8486404 -1.2876604 19.9974747 0.0616037 0.3990652 -0.0280364 0.9144211
89.022840 4.8751512 -1.2929271 20.0167198 0.0615991 0.4514462 -0.0259916 0.8897901
89.231340 4.9031048 -1.2977595 20.0315990 0.0647687 0.5076346 -0.0255911 0.8587533
89.855840 4.9924402 -1.3110280 20.0502396 0.0731706 0.6642399 -0.0150871 0.7437767
90.063710 5.0233188 -1.3154517 20.0483589 0.0783932 0.7106236 -0.0100042 0.6991198
90.167590 5.0391388 -1.3175299 20.0462151 0.0810345 0.7332584 -0.0114741 0.6750066
90.583090 5.1031275 -1.3254071 20.0257721 0.0827214 0.8158049 -0.0101739 0.5722902
91.205840 5.1931190 -1.3363591 19.9587193 0.0883412 0.9126470 -0.0118709 0.3989115
91.309470 5.2069478 -1.3382168 19.9433403 0.0883312 0.9241341 -0.0112498 0.3715472
91.412970 5.2201486 -1.3399819 19.9266491 0.0887846 0.9338378 -0.0106064 0.3463404
91.723710 5.2577953 -1.3445852 19.8706417 0.0911852 0.9542916 -0.0113723 0.2844000
92.034130 5.2934813 -1.3494515 19.8070278 0.0862426 0.9652259 -0.0056587 0.2467166
92.137720 5.3050470 -1.3511969 19.7849808 0.0832458 0.9679623 -0.0047054 0.2368483
92.344860 5.3273520 -1.3535107 19.7385330 0.0784683 0.9728355 -0.0021633 0.2177824
92.448600 5.3383670 -1.3546743 19.7145824 0.0732663 0.9754533 -0.0012112 0.2076573
92.552220 5.3491554 -1.3560054 19.6902142 0.0678946 0.9780179 0.0001932 0.1971578
92.759720 5.3687158 -1.3575315 19.6396828 0.0597582 0.9827470 0.0055567 0.1749467
92.863470 5.3776121 -1.3580934 19.6141415 0.0540934 0.9851278 0.0083159 0.1628741
92.967220 5.3861585 -1.3584158 19.5880432 0.0498166 0.9873490 0.0092868 0.1502461
93.070970 5.3936958 -1.3585235 19.5614853 0.0488229 0.9892886 0.0107064 0.1371486
93.174720 5.4005151 -1.3584898 19.5346012 0.0482136 0.9910657 0.0123911 0.1237367
93.278470 5.4065557 -1.3583915 19.5074787 0.0475031 0.9926293 0.0154430 0.1104179
93.382090 5.4118342 -1.3581369 19.4799957 0.0478484 0.9938623 0.0184602 0.0980173
93.485840 5.4165158 -1.3576320 19.4521236 0.0489069 0.9947767 0.0208566 0.0871351
93.589470 5.4209228 -1.3570191 19.4240894 0.0490644 0.9954407 0.0231279 0.0784583
93.693120 5.4250665 -1.3561809 19.3956738 0.0481919 0.9958623 0.0249042 0.0729085
93.796720 5.4292121 -1.3552563 19.3669033 0.0471990 0.9960787 0.0275978 0.0695550
93.900350 5.4335170 -1.3542322 19.3377647 0.0452243 0.9961960 0.0301886 0.0680945
94.003970 5.4380980 -1.3530884 19.3082905 0.0409398 0.9963523 0.0316924 0.0678350
94.107640 5.4429035 -1.3518277 19.2788353 0.0375289 0.9965016 0.0306158 0.0681084
94.211350 5.4472108 -1.3507822 19.2488708 0.0367088 0.9965124 0.0276754 0.0696394
94.314990 5.4518490 -1.3498039 19.2189331 0.0370293 0.9964600 0.0236655 0.0716681
94.418590 5.4567242 -1.3490607 19.1885757 0.0368627 0.9963182 0.0208541 0.0745412
94.522220 5.4615936 -1.3483547 19.1575871 0.0382285 0.9960592 0.0203249 0.0774055
94.625970 5.4669209 -1.3474574 19.1261597 0.0371806 0.9958352 0.0208852 0.0805831
94.729720 5.4725766 -1.3467733 19.0947952 0.0352639 0.9957516 0.0198982 0.0827006
94.833490 5.4784155 -1.3461645 19.0630703 0.0337878 0.9957910 0.0169788 0.0834896
94.937220 5.4842029 -1.3455650 19.0309944 0.0336239 0.9958476 0.0143569 0.0833715
95.040970 5.4899874 -1.3452358 18.9983063 0.0325414 0.9958463 0.0142885 0.0838270
95.144720 5.4960375 -1.3450340 18.9657116 0.0326446 0.9958019 0.0147689 0.0842304
95.248350 5.5019922 -1.3446072 18.9327049 0.0336601 0.9956942 0.0161499 0.0848484
95.352090 5.5078254 -1.3440543 18.8992882 0.0350216 0.9955592 0.0175914 0.0855920
95.455870 5.5138979 -1.3436259 18.8655128 0.0345293 0.9954048 0.0194864 0.0871622
95.559540 5.5201015 -1.3430834 18.8322468 0.0353531 0.9952371 0.0197501 0.0886744
95.663110 5.5264406 -1.3426056 18.7990875 0.0365705 0.9950403 0.0197842 0.0903659
95.766850 5.5328975 -1.3420764 18.7658310 0.0371570 0.9948266 0.0201549 0.0923759
95.870470 5.5392365 -1.3415375 18.7323799 0.0390083 0.9945203 0.0210942 0.0946719
95.974250 5.5459199 -1.3411205 18.6992016 0.0395082 0.9942829 0.0205340 0.0970513
96.077860 5.5527530 -1.3406435 18.6662483 0.0392376 0.9941149 0.0193569 0.0991019
96.181600 5.5596037 -1.3401148 18.6331329 0.0397334 0.9939328 0.0188580 0.1008124
96.285350 5.5666957 -1.3396888 18.6001587 0.0394886 0.9938188 0.0203245 0.1017436
96.389100 5.5736718 -1.3392295 18.5671482 0.0398207 0.9937096 0.0210178 0.1025369
96.492870 5.5805750 -1.3388494 18.5348244 0.0394323 0.9936388 0.0199314 0.1035848
96.596600 5.5874839 -1.3384768 18.5028248 0.0398675 0.9936027 0.0186018 0.1040105
96.700350 5.5945015 -1.3379922 18.4707775 0.0392423 0.9935767 0.0198944 0.1042572
96.803990 5.6014524 -1.3376386 18.4390602 0.0388142 0.9935866 0.0214988 0.1040042
96.907730 5.6083202 -1.3372993 18.4078217 0.0380431 0.9935757 0.0218485 0.1043200
97.011470 5.6149755 -1.3368179 18.3767509 0.0385220 0.9935625 0.0205494 0.1045339
97.115100 5.6215873 -1.3363043 18.3460579 0.0398053 0.9934771 0.0199930 0.1049718
97.218890 5.6283650 -1.3358983 18.3157310 0.0394767 0.9934109 0.0200851 0.1057024
97.322500 5.6350532 -1.3356112 18.2855396 0.0402111 0.9932582 0.0200562 0.1068598
97.426220 5.6417346 -1.3352751 18.2558708 0.0401624 0.9931250 0.0189011 0.1083161
97.529990 5.6485534 -1.3349781 18.2265358 0.0396503 0.9929754 0.0199852 0.1096742
97.633720 5.6552162 -1.3347449 18.1975021 0.0403175 0.9927540 0.0215890 0.1111208
97.737470 5.6618843 -1.3345419 18.1691265 0.0399132 0.9925928 0.0216892 0.1126774
97.841240 5.6684752 -1.3341126 18.1414356 0.0390769 0.9925103 0.0197989 0.1140361
98.048750 5.6815138 -1.3336473 18.0874939 0.0386053 0.9922892 0.0194086 0.1161684
98.152470 5.6877046 -1.3335286 18.0617828 0.0383600 0.9922360 0.0198187 0.1166339
98.359970 5.7003684 -1.3330187 18.0119896 0.0357425 0.9922385 0.0188675 0.1175980
98.567470 5.7117157 -1.3325331 17.9653816 0.0383609 0.9918478 0.0219097 0.1195259
98.774870 5.7228732 -1.3321774 17.9223881 0.0358823 0.9916587 0.0234027 0.1215636
98.982350 5.7329884 -1.3315783 17.8834038 0.0357644 0.9914106 0.0233838 0.1236088
99.293480 5.7461514 -1.3311141 17.8322868 0.0391644 0.9911001 0.0220644 0.1252993
99.397230 5.7499337 -1.3309404 17.8176022 0.0394504 0.9910552 0.0208351 0.1257743
99.811980 5.7629604 -1.3309642 17.7680950 0.0403640 0.9908248 0.0218283 0.1271239
100.330500 5.7746596 -1.3308079 17.7243328 0.0403100 0.9907507 0.0213231 0.1278026
100.434100 5.7764292 -1.3306390 17.7173958 0.0407306 0.9906843 0.0196436 0.1284515
100.952600 5.7852979 -1.3304573 17.6838226 0.0425834 0.9906545 0.0178716 0.1283390
101.885900 5.8008013 -1.3300004 17.6264286 0.0416978 0.9906803 0.0174620 0.1284868
101.989600 5.8023524 -1.3299136 17.6205578 0.0421133 0.9906433 0.0176589 0.1286103
102.404500 5.8078403 -1.3300716 17.6006794 0.0414581 0.9906731 0.0178066 0.1285726
104.063700 5.8286066 -1.3296989 17.5258255 0.0424656 0.9904432 0.0114545 0.1307203
104.374600 5.8358235 -1.3295628 17.5007992 0.0429425 0.9895893 0.0088944 0.1370758
104.582000 5.8422890 -1.3291949 17.4801140 0.0452034 0.9886423 0.0067580 0.1431693
104.789400 5.8501639 -1.3293954 17.4564495 0.0458146 0.9872686 0.0059901 0.1522037
104.996700 5.8594356 -1.3295981 17.4297810 0.0487617 0.9855846 0.0072659 0.1618410
105.100500 5.8646617 -1.3298723 17.4152679 0.0490048 0.9846828 0.0086584 0.1671029
105.411500 5.8829441 -1.3301575 17.3685551 0.0497092 0.9819986 0.0088427 0.1820153
105.618900 5.8968830 -1.3302726 17.3343124 0.0506554 0.9801917 0.0115042 0.1911175
105.722600 5.9048772 -1.3304248 17.3164368 0.0476745 0.9796353 0.0127423 0.1946265
105.826500 5.9128914 -1.3304309 17.2979603 0.0464685 0.9790940 0.0142742 0.1975143
106.034100 5.9303141 -1.3306623 17.2594070 0.0423392 0.9786222 0.0142538 0.2007557
106.241700 5.9485550 -1.3303342 17.2185516 0.0404985 0.9781982 0.0147129 0.2031542
106.345500 5.9577899 -1.3303556 17.1972027 0.0403362 0.9779816 0.0148834 0.2042142
106.449200 5.9676442 -1.3303264 17.1752529 0.0416622 0.9778515 0.0146857 0.2045851
106.553000 5.9779434 -1.3303616 17.1531563 0.0382614 0.9777708 0.0104025 0.2058935
106.656800 5.9883542 -1.3303430 17.1306782 0.0367324 0.9777095 0.0071358 0.2066012
106.760500 5.9988823 -1.3305498 17.1070995 0.0385361 0.9774786 0.0047424 0.2074319
106.864200 6.0093617 -1.3306240 17.0829773 0.0412948 0.9771996 0.0056275 0.2081924
107.071800 6.0322700 -1.3313897 17.0336056 0.0374137 0.9771144 0.0075536 0.2092617
107.279100 6.0560136 -1.3318863 16.9821110 0.0373685 0.9766086 0.0084664 0.2115832
107.486500 6.0806918 -1.3322897 16.9287205 0.0387065 0.9757912 0.0102733 0.2150068
107.590200 6.0936089 -1.3325169 16.9016705 0.0389489 0.9752269 0.0105693 0.2174943
107.797600 6.1197333 -1.3329839 16.8468018 0.0421164 0.9737880 0.0130076 0.2231458
107.901200 6.1331353 -1.3333234 16.8195724 0.0434878 0.9732341 0.0129948 0.2252893
108.108700 6.1602287 -1.3340434 16.7653694 0.0446994 0.9724634 0.0106449 0.2284810
108.212500 6.1739869 -1.3347130 16.7386303 0.0426844 0.9724213 0.0089762 0.2291162
108.316200 6.1877437 -1.3354328 16.7118073 0.0421375 0.9725960 0.0079897 0.2285115
108.420000 6.2013407 -1.3359994 16.6848755 0.0403699 0.9727509 0.0072014 0.2281976
108.523700 6.2150950 -1.3366398 16.6581020 0.0389466 0.9730853 0.0065755 0.2270349
108.627500 6.2284417 -1.3371303 16.6310081 0.0387239 0.9732444 0.0073613 0.2263660
108.731200 6.2416267 -1.3376136 16.6038475 0.0403244 0.9734246 0.0078779 0.2252918
108.835100 6.2548885 -1.3381903 16.5764885 0.0412187 0.9736652 0.0083559 0.2240698
108.938900 6.2681870 -1.3386483 16.5492420 0.0406609 0.9739978 0.0072474 0.2227608
109.042600 6.2815790 -1.3392557 16.5218391 0.0413200 0.9742911 0.0063844 0.2213791
109.146400 6.2947416 -1.3398551 16.4940968 0.0415948 0.9745510 0.0066079 0.2201738
109.250100 6.3080525 -1.3404582 16.4664059 0.0417841 0.9748889 0.0065042 0.2186399
109.353900 6.3212490 -1.3411648 16.4385319 0.0410981 0.9752061 0.0066457 0.2173472
109.457600 6.3342466 -1.3416371 16.4106655 0.0417837 0.9754508 0.0060674 0.2161322
109.561200 6.3473129 -1.3422899 16.3826599 0.0422090 0.9757197 0.0055113 0.2148466
109.665000 6.3604565 -1.3430005 16.3544636 0.0424864 0.9760029 0.0045596 0.2135240
109.768700 6.3735900 -1.3436822 16.3261929 0.0421144 0.9761505 0.0047365 0.2129184
109.872400 6.3867755 -1.3442529 16.2977066 0.0420777 0.9762414 0.0045618 0.2125121
109.976100 6.3999729 -1.3450752 16.2690735 0.0413639 0.9762674 0.0055562 0.2125091
110.183500 6.4265294 -1.3465004 16.2118015 0.0407609 0.9762653 0.0042819 0.2126646
110.287200 6.4399772 -1.3473035 16.1833611 0.0404017 0.9761926 0.0036729 0.2130780
110.390900 6.4533482 -1.3481444 16.1546249 0.0413078 0.9759948 0.0042082 0.2137991
110.598200 6.4802423 -1.3500185 16.0975056 0.0408632 0.9757331 0.0030072 0.2150954
110.805600 6.5072451 -1.3517613 16.0400772 0.0411797 0.9752792 0.0007416 0.2171042
110.909200 6.5210462 -1.3527954 16.0113125 0.0400524 0.9750319 0.0018133 0.2184157
111.116600 6.5487061 -1.3545792 15.9540644 0.0392077 0.9745003 0.0045687 0.2208871
111.220200 6.5624442 -1.3554530 15.9257097 0.0404196 0.9742486 0.0047028 0.2217743
111.324000 6.5763183 -1.3563409 15.8974981 0.0403764 0.9740188 0.0039151 0.2228047
111.427600 6.5898962 -1.3571777 15.8694353 0.0411402 0.9737338 0.0036962 0.2239114
111.531400 6.6036468 -1.3582000 15.8415585 0.0421527 0.9734304 0.0033468 0.2250449
111.635000 6.6175351 -1.3591059 15.8138189 0.0424435 0.9732780 0.0021147 0.2256632
111.738700 6.6312008 -1.3602211 15.7862358 0.0423491 0.9730418 0.0010315 0.2267050
111.842400 6.6449180 -1.3613151 15.7587729 0.0414981 0.9727926 0.0015110 0.2279259
111.946100 6.6587920 -1.3622899 15.7312918 0.0402140 0.9726261 0.0035290 0.2288422
112.049700 6.6726260 -1.3632376 15.7040987 0.0399517 0.9725492 0.0055158 0.2291757
112.153500 6.6864595 -1.3640864 15.6772213 0.0381336 0.9726399 0.0045942 0.2291207
112.257100 6.6999898 -1.3650049 15.6506033 0.0372934 0.9728288 0.0025571 0.2284881
112.360900 6.7133756 -1.3659655 15.6240540 0.0375100 0.9730239 0.0015695 0.2276293
112.464600 6.7263198 -1.3668826 15.5973673 0.0399101 0.9732054 0.0012934 0.2264435
112.568200 6.7391973 -1.3678004 15.5705814 0.0429098 0.9733545 0.0024867 0.2252413
112.672000 6.7519341 -1.3687493 15.5441408 0.0445200 0.9734867 0.0023038 0.2243576
112.775600 6.7647638 -1.3698540 15.5180960 0.0451901 0.9737213 0.0024676 0.2232007
112.879400 6.7771182 -1.3707483 15.4922066 0.0462705 0.9738865 0.0027252 0.2222534
113.086700 6.8013916 -1.3730036 15.4419146 0.0445758 0.9745418 -0.0003817 0.2197293
113.190500 6.8131757 -1.3742492 15.4176950 0.0436144 0.9748673 -0.0053355 0.2184104
113.294100 6.8247275 -1.3756452 15.3939190 0.0433713 0.9751451 -0.0084114 0.2171179
113.501500 6.8462863 -1.3783971 15.3479624 0.0428843 0.9755035 -0.0075596 0.2156310
113.709000 6.8662772 -1.3810308 15.3046112 0.0458150 0.9755500 -0.0054319 0.2148807
113.916400 6.8844566 -1.3837125 15.2646751 0.0502957 0.9754090 -0.0081106 0.2144336
114.123900 6.9014363 -1.3861506 15.2282457 0.0501508 0.9754016 -0.0090100 0.2144654
114.538700 6.9316325 -1.3905736 15.1631985 0.0482886 0.9754137 -0.0121269 0.2146838
114.642500 6.9389062 -1.3915334 15.1481819 0.0462129 0.9755060 -0.0134890 0.2146403
114.746300 6.9458394 -1.3924303 15.1334038 0.0461432 0.9755300 -0.0130754 0.2145717
115.368600 6.9837794 -1.3981254 15.0517273 0.0455443 0.9759635 -0.0107890 0.2128484
115.472400 6.9894800 -1.3989556 15.0390816 0.0467693 0.9759435 -0.0104769 0.2126903
115.679700 7.0004163 -1.4007661 15.0149527 0.0480454 0.9759278 -0.0102402 0.2124891
115.990900 7.0155749 -1.4029423 14.9814014 0.0505645 0.9756665 -0.0109238 0.2130697
116.302000 7.0294847 -1.4054939 14.9511528 0.0525680 0.9753010 -0.0148968 0.2140154
116.820500 7.0502453 -1.4086126 14.9081030 0.0529006 0.9738308 -0.0180486 0.2202936
117.235400 7.0634389 -1.4111507 14.8816776 0.0530108 0.9727047 -0.0181256 0.2251818
117.546700 7.0715070 -1.4128357 14.8657827 0.0526773 0.9725842 -0.0207810 0.2255510
118.687200 7.0905070 -1.4163561 14.8273573 0.0532784 0.9722522 -0.0247167 0.2264424
120.657600 7.1023178 -1.4186825 14.8039618 0.0541641 0.9716849 -0.0280374 0.2282730
121.590900 7.1060567 -1.4194108 14.7967262 0.0540418 0.9716727 -0.0283884 0.2283108
122.420500 7.1133728 -1.4208964 14.7820387 0.0540596 0.9716463 -0.0283823 0.2284195
123.042600 7.1217613 -1.4227369 14.7650700 0.0531420 0.9716110 -0.0279064 0.2288433
123.975900 7.1360688 -1.4259754 14.7355127 0.0566145 0.9715336 -0.0263628 0.2285219
124.390600 7.1411767 -1.4269536 14.7253628 0.0563636 0.9713836 -0.0253928 0.2293300
