4.776128 0.0000000 0.0000000 0.0000000 0.0000000 0.0000000 0.0000000 1.0000000
4.880125 0.0021043 -0.0007600 0.0517218 0.0001130 0.0166311 -0.0005931 0.9998615
4.984148 0.0056903 -0.0020989 0.1036556 0.0003569 0.0338068 -0.0004114 0.9994282
5.088126 0.0114409 -0.0029873 0.1553688 0.0010706 0.0507332 0.0000304 0.9987116
5.295877 0.0272751 -0.0054858 0.2590702 0.0034681 0.0834835 -0.0007454 0.9965029
5.399752 0.0380663 -0.0071014 0.3104456 0.0056356 0.0995745 0.0011832 0.9950135
5.503628 0.0507794 -0.0088136 0.3606907 0.0083642 0.1152844 0.0041044 0.9932888
5.607400 0.0654935 -0.0105984 0.4117256 0.0113477 0.1303403 0.0076963 0.9913745
5.711251 0.0816937 -0.0128971 0.4620224 0.0137183 0.1448014 0.0109718 0.9893048
5.815003 0.0994445 -0.0151558 0.5120680 0.0162162 0.1587182 0.0152838 0.9870724
5.918752 0.1184166 -0.0180423 0.5614165 0.0210061 0.1720784 0.0179470 0.9846957
6.022375 0.1384571 -0.0214020 0.6099809 0.0283892 0.1851262 0.0193774 0.9821135
6.126131 0.1593987 -0.0245445 0.6580210 0.0370410 0.1980148 0.0177689 0.9793378
6.333503 0.2047019 -0.0340234 0.7513285 0.0496164 0.2240525 0.0176029 0.9731541
6.437129 0.2285478 -0.0395788 0.7967239 0.0513336 0.2365162 0.0188324 0.9700878
6.540880 0.2539371 -0.0447671 0.8420121 0.0506405 0.2484538 0.0206004 0.9670997
6.748254 0.3087927 -0.0552467 0.9307775 0.0461643 0.2687182 0.0276462 0.9617147
6.851878 0.3365545 -0.0598660 0.9736612 0.0459958 0.2761852 0.0287240 0.9595734
6.955504 0.3638134 -0.0643805 1.0157714 0.0476129 0.2824781 0.0299738 0.9576224
7.473752 0.5081007 -0.0884192 1.2211869 0.0497216 0.3090221 0.0286907 0.9493208
7.577401 0.5389735 -0.0927815 1.2621461 0.0512165 0.3109403 0.0288184 0.9486108
7.784655 0.6014955 -0.1021083 1.3473246 0.0524296 0.3089668 0.0289931 0.9491839
7.888275 0.6328239 -0.1076503 1.3914633 0.0519864 0.3056280 0.0284225 0.9503058
8.303130 0.7608288 -0.1286677 1.5777959 0.0506324 0.2916685 0.0233762 0.9548923
8.407006 0.7935020 -0.1342585 1.6273239 0.0496372 0.2908723 0.0216145 0.9552289
8.510755 0.8260050 -0.1397827 1.6770083 0.0486383 0.2912679 0.0200020 0.9551949
8.614628 0.8596185 -0.1456961 1.7274464 0.0480862 0.2918966 0.0199508 0.9550320
9.444755 1.1439942 -0.1929996 2.1518075 0.0448739 0.2916000 0.0181501 0.9553148
9.652155 1.2142761 -0.2053305 2.2576685 0.0426450 0.2890810 0.0193452 0.9561586
9.859630 1.2835473 -0.2167045 2.3627326 0.0425772 0.2867340 0.0194783 0.9568654
10.067270 1.3537252 -0.2277740 2.4696484 0.0438775 0.2866451 0.0189096 0.9568447
10.482760 1.4949698 -0.2506563 2.6789458 0.0431634 0.2968057 0.0188525 0.9537756
10.586510 1.5307498 -0.2566617 2.7306006 0.0420993 0.2997562 0.0178327 0.9529197
10.690390 1.5659615 -0.2620577 2.7808948 0.0436037 0.3026456 0.0183098 0.9519292
11.001750 1.6746683 -0.2798142 2.9307296 0.0450965 0.3101965 0.0171359 0.9494476
11.105390 1.7110683 -0.2850304 2.9801443 0.0446840 0.3120842 0.0177242 0.9488375
11.209130 1.7479740 -0.2902116 3.0296078 0.0408427 0.3132766 0.0196712 0.9485793
11.312890 1.7849894 -0.2955208 3.0789232 0.0357111 0.3143351 0.0210546 0.9484065
11.416630 1.8215570 -0.3002713 3.1276522 0.0347623 0.3151772 0.0220358 0.9481399
11.520390 1.8570457 -0.3044429 3.1755991 0.0373342 0.3160385 0.0206995 0.9477855
11.624010 1.8929886 -0.3092095 3.2232420 0.0406734 0.3168669 0.0206688 0.9473721
11.727800 1.9288634 -0.3139817 3.2705238 0.0420042 0.3171947 0.0231562 0.9471467
11.831510 1.9655763 -0.3190088 3.3180513 0.0422062 0.3169806 0.0249303 0.9471644
11.935260 2.0013988 -0.3238705 3.3657002 0.0404917 0.3167094 0.0248634 0.9473317
12.038930 2.0373070 -0.3280515 3.4135025 0.0380873 0.3162591 0.0248868 0.9475812
12.142640 2.0725577 -0.3325409 3.4613848 0.0347170 0.3159432 0.0242102 0.9478335
12.246380 2.1073704 -0.3365339 3.5092185 0.0328728 0.3156926 0.0201338 0.9480782
12.350150 2.1418610 -0.3404723 3.5572305 0.0311118 0.3150156 0.0169991 0.9484241
12.453880 2.1771932 -0.3449068 3.6041617 0.0309323 0.3136483 0.0191064 0.9488429
12.557630 2.2121968 -0.3488921 3.6514339 0.0322897 0.3120129 0.0206573 0.9493043
12.661390 2.2466328 -0.3528957 3.6985857 0.0337355 0.3090275 0.0214906 0.9502116
12.765050 2.2808661 -0.3569321 3.7458739 0.0343433 0.3044987 0.0239456 0.9515921
12.868760 2.3148220 -0.3611847 3.7934237 0.0352599 0.2999021 0.0273873 0.9529247
12.972400 2.3472936 -0.3649265 3.8418522 0.0352422 0.2946148 0.0259544 0.9546133
13.076170 2.3795166 -0.3688663 3.8907528 0.0343460 0.2885956 0.0251475 0.9565043
13.179930 2.4109585 -0.3731317 3.9395013 0.0324972 0.2822105 0.0257868 0.9584551
13.283680 2.4417825 -0.3772303 3.9887018 0.0322680 0.2760550 0.0255901 0.9602591
13.387430 2.4716518 -0.3807633 4.0380917 0.0319997 0.2695410 0.0257296 0.9621131
13.491130 2.5006409 -0.3847511 4.0873799 0.0325383 0.2630995 0.0262672 0.9638620
13.594890 2.5289440 -0.3893468 4.1369162 0.0347054 0.2566011 0.0256580 0.9655533
13.698760 2.5571687 -0.3931669 4.1867881 0.0396262 0.2502452 0.0255015 0.9670351
13.802490 2.5837417 -0.3974382 4.2367568 0.0424522 0.2436302 0.0246373 0.9686254
13.906260 2.6099930 -0.4024762 4.2877650 0.0407763 0.2375954 0.0242265 0.9702055
14.010030 2.6358123 -0.4075636 4.3386812 0.0390844 0.2312012 0.0242916 0.9718170
14.113800 2.6602931 -0.4124531 4.3889480 0.0398482 0.2260092 0.0225278 0.9730490
14.217640 2.6837149 -0.4174351 4.4393086 0.0427149 0.2226655 0.0193885 0.9737657
14.321530 2.7070971 -0.4226346 4.4895091 0.0456938 0.2200427 0.0159387 0.9742891
14.425390 2.7305493 -0.4279123 4.5403471 0.0471356 0.2182281 0.0141323 0.9746563
14.529260 2.7534261 -0.4336692 4.5907445 0.0471390 0.2164405 0.0134333 0.9750646
14.633120 2.7760952 -0.4395805 4.6405344 0.0470975 0.2138288 0.0134114 0.9756430
14.736910 2.7990968 -0.4450131 4.6917887 0.0452065 0.2106910 0.0125327 0.9764264
14.840760 2.8212054 -0.4507237 4.7423654 0.0432537 0.2080356 0.0124664 0.9770849
14.944510 2.8431840 -0.4560969 4.7932630 0.0419550 0.2050578 0.0115924 0.9777815
15.048260 2.8642125 -0.4616797 4.8441634 0.0414322 0.2021354 0.0075247 0.9784518
15.152010 2.8843813 -0.4668987 4.8947268 0.0420158 0.1991126 0.0037604 0.9790683
15.255760 2.9050741 -0.4722731 4.9449153 0.0441070 0.1955987 0.0040198 0.9796834
15.359530 2.9259672 -0.4778533 4.9953833 0.0456523 0.1917347 0.0046581 0.9803734
15.463280 2.9457238 -0.4830036 5.0460529 0.0448448 0.1885238 0.0041382 0.9810355
15.567140 2.9654553 -0.4888261 5.0971518 0.0423481 0.1848529 0.0043853 0.9818436
15.774640 3.0036595 -0.4993829 5.1975603 0.0428037 0.1777369 0.0034901 0.9831405
15.878390 3.0217948 -0.5048009 5.2490201 0.0441896 0.1746244 0.0032260 0.9836378
15.982160 3.0397601 -0.5102498 5.3009300 0.0446238 0.1711304 0.0019315 0.9842354
16.086050 3.0570321 -0.5158771 5.3511930 0.0442501 0.1676145 0.0017833 0.9848574
16.189760 3.0750942 -0.5214583 5.4024410 0.0439490 0.1633738 0.0041747 0.9855760
16.293510 3.0919962 -0.5270211 5.4538131 0.0444644 0.1594964 0.0054353 0.9861817
16.501030 3.1240251 -0.5383618 5.5542073 0.0442084 0.1525945 0.0026486 0.9872960
16.708640 3.1549883 -0.5492241 5.6567488 0.0433532 0.1474607 0.0020373 0.9881153
16.812390 3.1702926 -0.5548677 5.7077303 0.0433162 0.1450136 0.0027643 0.9884772
16.916160 3.1852911 -0.5603675 5.7583032 0.0438683 0.1425034 0.0031642 0.9888166
17.020010 3.2007403 -0.5656236 5.8095765 0.0433188 0.1393240 0.0062886 0.9892789
17.123760 3.2156057 -0.5710363 5.8607755 0.0423405 0.1365668 0.0100305 0.9896748
17.227520 3.2298760 -0.5763389 5.9117255 0.0419254 0.1341550 0.0108874 0.9900132
17.331410 3.2437508 -0.5815235 5.9628372 0.0428217 0.1319223 0.0097511 0.9902867
17.435140 3.2570610 -0.5865635 6.0138435 0.0439140 0.1301993 0.0089389 0.9904745
17.642890 3.2835619 -0.5976102 6.1163244 0.0429482 0.1288841 0.0076290 0.9906998
17.746640 3.2973449 -0.6026771 6.1675930 0.0407277 0.1281034 0.0085605 0.9908872
17.850540 3.3105206 -0.6078776 6.2190118 0.0381550 0.1276186 0.0084174 0.9910534
17.954270 3.3234599 -0.6128670 6.2696166 0.0372530 0.1271614 0.0089356 0.9911419
18.058140 3.3366981 -0.6177932 6.3202419 0.0396344 0.1264680 0.0086350 0.9911410
18.161890 3.3495665 -0.6225395 6.3700833 0.0416112 0.1264094 0.0084606 0.9910689
18.265770 3.3621700 -0.6274573 6.4205613 0.0411506 0.1265382 0.0065608 0.9910861
18.369580 3.3749239 -0.6328939 6.4707761 0.0406361 0.1262564 0.0056212 0.9911491
18.473380 3.3875561 -0.6380005 6.5206094 0.0409244 0.1260517 0.0078028 0.9911485
18.577160 3.4001245 -0.6429288 6.5699654 0.0421173 0.1256569 0.0066759 0.9911568
18.680990 3.4118814 -0.6481183 6.6195726 0.0427621 0.1259679 0.0019005 0.9911104
18.784860 3.4236441 -0.6533375 6.6686220 0.0436675 0.1258864 -0.0013720 0.9910822
18.888520 3.4361155 -0.6584817 6.7173853 0.0454967 0.1257644 -0.0001556 0.9910163
19.096040 3.4608464 -0.6697074 6.8129654 0.0464278 0.1243533 0.0013932 0.9911503
19.199890 3.4737141 -0.6748346 6.8608551 0.0459336 0.1230729 0.0057055 0.9913176
19.303520 3.4857030 -0.6801948 6.9079733 0.0441654 0.1213448 0.0086142 0.9915900
19.407390 3.4976697 -0.6856694 6.9558234 0.0414104 0.1204365 0.0108139 0.9917980
19.511150 3.5095184 -0.6907569 7.0035515 0.0411064 0.1184405 0.0115837 0.9920423
19.614770 3.5204582 -0.6954849 7.0496635 0.0438344 0.1158631 0.0116710 0.9922289
19.718390 3.5310049 -0.7007157 7.0959430 0.0452452 0.1126209 0.0124274 0.9925296
19.822140 3.5409389 -0.7051257 7.1424317 0.0457764 0.1086374 0.0119886 0.9929546
19.925670 3.5507905 -0.7100726 7.1891775 0.0436845 0.1035944 0.0134299 0.9935691
20.029410 3.5602925 -0.7150479 7.2352276 0.0428921 0.0972966 0.0152552 0.9942137
20.132890 3.5690870 -0.7197519 7.2815380 0.0443773 0.0903384 0.0174020 0.9947698
20.236640 3.5762081 -0.7243462 7.3272133 0.0451148 0.0834459 0.0169744 0.9953458
20.340390 3.5831809 -0.7290563 7.3733182 0.0452567 0.0765265 0.0173140 0.9958894
20.444020 3.5895016 -0.7340851 7.4188185 0.0462125 0.0697651 0.0175931 0.9963372
20.547770 3.5944219 -0.7393303 7.4634929 0.0494736 0.0630893 0.0156580 0.9966578
20.651520 3.5983686 -0.7444337 7.5079741 0.0540383 0.0571864 0.0115060 0.9968336
20.755270 3.6023684 -0.7498220 7.5520449 0.0579372 0.0501583 0.0093420 0.9970157
20.859140 3.6055725 -0.7553731 7.5964456 0.0584101 0.0439034 0.0089199 0.9972869
20.962890 3.6082771 -0.7610109 7.6414576 0.0565056 0.0381944 0.0066136 0.9976496
21.066770 3.6104248 -0.7668739 7.6856551 0.0552954 0.0329260 0.0045689 0.9979165
21.170640 3.6125319 -0.7727631 7.7291651 0.0585946 0.0281923 0.0028643 0.9978796
21.274520 3.6139576 -0.7783573 7.7724428 0.0626580 0.0251499 0.0011973 0.9977174
21.378530 3.6157434 -0.7840260 7.8159137 0.0641214 0.0234383 -0.0003481 0.9976668
21.482520 3.6173415 -0.7899767 7.8596382 0.0617117 0.0235799 -0.0018528 0.9978137
21.586400 3.6189289 -0.7966530 7.9032984 0.0594092 0.0246152 -0.0023362 0.9979274
21.690420 3.6212919 -0.8024775 7.9466467 0.0580318 0.0258844 -0.0012896 0.9979783
21.794280 3.6236382 -0.8079629 7.9895029 0.0583231 0.0273514 -0.0002399 0.9979230
21.898270 3.6262877 -0.8138752 8.0323439 0.0582403 0.0290461 0.0005516 0.9978798
22.002150 3.6287241 -0.8198230 8.0749769 0.0572730 0.0315282 0.0000758 0.9978606
22.106150 3.6315861 -0.8250362 8.1175108 0.0575312 0.0341876 -0.0002804 0.9977582
22.210070 3.6345346 -0.8304473 8.1590004 0.0566145 0.0371353 -0.0011578 0.9977046
22.313900 3.6381731 -0.8361986 8.2012424 0.0551682 0.0399652 0.0001690 0.9976769
22.417770 3.6419601 -0.8415208 8.2429628 0.0551083 0.0424393 -0.0001824 0.9975780
22.521520 3.6452718 -0.8465298 8.2843161 0.0559168 0.0452496 -0.0011538 0.9974089
22.625400 3.6487639 -0.8520228 8.3252344 0.0570637 0.0474407 -0.0015083 0.9972416
22.729170 3.6527922 -0.8573071 8.3661118 0.0583098 0.0486160 -0.0015947 0.9971128
22.832900 3.6568551 -0.8625296 8.4065886 0.0591062 0.0493922 -0.0001015 0.9970290
22.936520 3.6609950 -0.8677756 8.4468288 0.0583845 0.0490106 0.0015549 0.9970891
23.040140 3.6651447 -0.8733423 8.4871101 0.0564609 0.0467417 0.0029384 0.9973058
23.143770 3.6682112 -0.8787017 8.5266409 0.0565014 0.0432177 0.0033625 0.9974610
23.247420 3.6713052 -0.8838580 8.5659208 0.0570591 0.0373421 0.0046574 0.9976614
23.351020 3.6736951 -0.8889489 8.6047602 0.0571431 0.0300157 0.0059931 0.9978967
23.454650 3.6750278 -0.8937774 8.6435099 0.0560981 0.0222966 0.0053758 0.9981618
23.558270 3.6752048 -0.8986583 8.6822166 0.0538112 0.0144867 0.0027473 0.9984423
23.662020 3.6749339 -0.9034488 8.7206259 0.0504899 0.0063781 0.0020527 0.9987021
23.765650 3.6744554 -0.9079357 8.7590504 0.0468132 -0.0023578 0.0018155 0.9988992
23.869400 3.6728630 -0.9122436 8.7970419 0.0430867 -0.0109445 0.0013405 0.9990105
23.973020 3.6705406 -0.9163644 8.8346796 0.0400805 -0.0194394 0.0001483 0.9990073
24.076780 3.6677136 -0.9202988 8.8719482 0.0389118 -0.0283302 -0.0001796 0.9988409
24.180540 3.6645272 -0.9238079 8.9088564 0.0384313 -0.0374649 0.0000810 0.9985586
24.284160 3.6602917 -0.9273162 8.9450893 0.0380197 -0.0460368 -0.0007256 0.9982157
24.387900 3.6555407 -0.9305567 8.9814348 0.0374084 -0.0541764 -0.0034154 0.9978245
24.491650 3.6504238 -0.9339328 9.0174303 0.0354707 -0.0615437 -0.0046255 0.9974632
24.595400 3.6453509 -0.9371336 9.0530062 0.0337664 -0.0678851 -0.0031403 0.9971166
24.803110 3.6339610 -0.9435804 9.1224260 0.0348384 -0.0783949 -0.0046338 0.9963027
25.010540 3.6205537 -0.9501179 9.1900148 0.0431557 -0.0874381 -0.0063675 0.9952143
25.114270 3.6148436 -0.9531485 9.2237158 0.0465787 -0.0918910 -0.0032620 0.9946737
25.218040 3.6080058 -0.9563006 9.2579660 0.0457383 -0.0952053 -0.0027935 0.9944024
25.321770 3.6003103 -0.9597862 9.2929134 0.0415556 -0.0981894 -0.0046080 0.9942891
25.529390 3.5847948 -0.9666426 9.3629332 0.0317560 -0.1011282 -0.0081297 0.9943332
25.737020 3.5709226 -0.9727448 9.4320965 0.0328876 -0.1024790 -0.0044499 0.9941814
25.944520 3.5564680 -0.9780810 9.5022774 0.0315935 -0.1045263 -0.0038132 0.9940129
26.048150 3.5483937 -0.9808422 9.5370722 0.0296453 -0.1058386 -0.0042625 0.9939322
26.151900 3.5403197 -0.9834887 9.5727577 0.0271749 -0.1073732 -0.0041612 0.9938386
26.462800 3.5147629 -0.9909371 9.6793852 0.0232432 -0.1168433 -0.0027958 0.9928744
26.566610 3.5056760 -0.9935361 9.7147522 0.0224392 -0.1218677 -0.0019191 0.9922908
26.670290 3.4959111 -0.9959881 9.7507553 0.0233270 -0.1277059 -0.0027026 0.9915341
26.877670 3.4747999 -1.0005159 9.8213415 0.0267351 -0.1397648 -0.0040441 0.9898155
27.396270 3.4130638 -1.0125370 10.0012484 0.0227537 -0.1686681 -0.0080402 0.9853774
27.500020 3.3994589 -1.0148655 10.0376396 0.0227703 -0.1725235 -0.0099669 0.9846917
27.603900 3.3852217 -1.0170717 10.0751839 0.0211646 -0.1747752 -0.0102420 0.9843276
27.811650 3.3571758 -1.0213654 10.1511450 0.0205101 -0.1760975 -0.0067957 0.9841356
27.915520 3.3428092 -1.0235385 10.1895695 0.0209154 -0.1754288 -0.0060238 0.9842515
28.019400 3.3286381 -1.0255499 10.2282782 0.0221990 -0.1751223 -0.0041131 0.9842878
28.123280 3.3143897 -1.0275788 10.2673655 0.0217294 -0.1750042 -0.0026827 0.9843242
28.227150 3.3003666 -1.0298747 10.3072863 0.0190025 -0.1748993 -0.0013219 0.9844021
28.434770 3.2709870 -1.0344831 10.3870811 0.0162871 -0.1733312 -0.0012901 0.9847281
28.538650 3.2563710 -1.0363479 10.4272652 0.0161596 -0.1725614 -0.0017119 0.9848647
28.642420 3.2415903 -1.0384188 10.4677019 0.0158514 -0.1714860 -0.0025384 0.9850557
28.746150 3.2270379 -1.0408418 10.5080624 0.0162695 -0.1706785 -0.0026534 0.9851888
28.849900 3.2125220 -1.0430431 10.5485401 0.0182052 -0.1700249 -0.0019514 0.9852697
28.953800 3.1982226 -1.0449929 10.5887089 0.0215911 -0.1696238 -0.0016309 0.9852710
29.057520 3.1837111 -1.0474087 10.6288242 0.0225891 -0.1690321 -0.0026229 0.9853482
29.161270 3.1690786 -1.0498816 10.6691227 0.0210658 -0.1681905 -0.0036212 0.9855227
29.264900 3.1548877 -1.0525094 10.7095261 0.0191294 -0.1676284 -0.0046429 0.9856537
29.368650 3.1405492 -1.0548773 10.7499342 0.0191325 -0.1663225 -0.0064273 0.9858648
29.472530 3.1263185 -1.0572181 10.7903137 0.0188451 -0.1636408 -0.0080663 0.9863070
29.576300 3.1132429 -1.0592257 10.8305969 0.0182348 -0.1602617 -0.0076814 0.9868762
29.680170 3.1000550 -1.0613530 10.8710699 0.0183109 -0.1555001 -0.0068076 0.9876427
29.783900 3.0878985 -1.0640140 10.9113560 0.0191575 -0.1503989 -0.0051207 0.9884265
29.887780 3.0759051 -1.0662302 10.9515076 0.0208609 -0.1446887 -0.0051961 0.9892436
29.991660 3.0640843 -1.0682693 10.9924040 0.0206448 -0.1386050 -0.0065221 0.9901111
30.095530 3.0532148 -1.0703977 11.0333281 0.0170755 -0.1328917 -0.0040087 0.9909754
30.199280 3.0430758 -1.0726430 11.0745811 0.0131147 -0.1286497 -0.0023024 0.9916007
30.303050 3.0323794 -1.0745206 11.1161165 0.0103257 -0.1249382 -0.0022745 0.9921082
30.406780 3.0215294 -1.0761776 11.1572886 0.0093064 -0.1225664 -0.0052195 0.9924030
30.510400 3.0109382 -1.0776398 11.1990700 0.0085842 -0.1211134 -0.0048132 0.9925899
30.614030 3.0010388 -1.0793288 11.2406759 0.0081061 -0.1205794 -0.0043299 0.9926611
30.717780 2.9903059 -1.0807593 11.2821741 0.0090692 -0.1199174 -0.0043488 0.9927329
30.821410 2.9791062 -1.0822109 11.3237848 0.0098154 -0.1193360 -0.0061595 0.9927863
30.925160 2.9682035 -1.0835747 11.3655834 0.0094670 -0.1194567 -0.0068951 0.9927703
31.132530 2.9473233 -1.0864791 11.4510078 0.0080465 -0.1213454 -0.0068693 0.9925539
31.236300 2.9367394 -1.0878688 11.4935665 0.0079031 -0.1223270 -0.0052208 0.9924446
31.340050 2.9258850 -1.0891886 11.5361691 0.0071362 -0.1239531 -0.0047446 0.9922510
31.443650 2.9142964 -1.0906049 11.5784826 0.0061987 -0.1259200 -0.0059266 0.9920033
31.651030 2.8908916 -1.0928265 11.6644478 0.0018040 -0.1312718 -0.0076677 0.9913151
31.754790 2.8788300 -1.0937841 11.7071934 0.0016180 -0.1334752 -0.0085094 0.9910143
31.962280 2.8534756 -1.0958703 11.7916508 0.0059244 -0.1379811 -0.0129836 0.9903321
32.066030 2.8400486 -1.0967517 11.8339300 0.0071398 -0.1400145 -0.0153422 0.9900048
32.169650 2.8273113 -1.0980197 11.8760166 0.0068416 -0.1423680 -0.0160733 0.9896596
32.377150 2.8006504 -1.1006539 11.9603977 0.0091703 -0.1463571 -0.0172048 0.9890397
32.480910 2.7873127 -1.1018757 12.0024471 0.0092904 -0.1487738 -0.0173961 0.9886746
32.584530 2.7735851 -1.1033881 12.0450306 0.0083882 -0.1511700 -0.0175982 0.9883155
32.688280 2.7601192 -1.1049045 12.0875034 0.0085439 -0.1535733 -0.0157212 0.9879752
32.791900 2.7465794 -1.1062624 12.1298361 0.0088974 -0.1560218 -0.0142706 0.9876105
32.895660 2.7324488 -1.1075281 12.1719666 0.0098817 -0.1582702 -0.0145930 0.9872385
32.999410 2.7175584 -1.1090329 12.2141762 0.0090041 -0.1604703 -0.0174307 0.9868457
33.206780 2.6879826 -1.1121176 12.2975960 0.0100074 -0.1649852 -0.0174532 0.9860908
33.414280 2.6575882 -1.1150987 12.3805399 0.0162481 -0.1687946 -0.0195372 0.9853237
33.518170 2.6416605 -1.1166458 12.4223757 0.0147948 -0.1701754 -0.0227592 0.9850398
33.621780 2.6261983 -1.1183012 12.4645491 0.0093252 -0.1713820 -0.0236662 0.9848762
33.725530 2.6108074 -1.1193362 12.5070343 0.0031741 -0.1723348 -0.0227044 0.9847716
33.829280 2.5952036 -1.1202312 12.5493393 -0.0012256 -0.1731643 -0.0243708 0.9845906
33.933050 2.5795507 -1.1211178 12.5912180 -0.0024027 -0.1743064 -0.0253088 0.9843633
34.140410 2.5477822 -1.1220417 12.6744595 0.0030118 -0.1779572 -0.0236739 0.9837488
34.244030 2.5317485 -1.1226658 12.7161531 0.0054134 -0.1805222 -0.0236196 0.9832724
34.347780 2.5155139 -1.1235964 12.7577419 0.0065999 -0.1827066 -0.0228739 0.9828792
34.451530 2.4987767 -1.1246381 12.7993069 0.0076254 -0.1848391 -0.0224296 0.9824832
34.555160 2.4820921 -1.1254601 12.8415213 0.0069712 -0.1870188 -0.0221326 0.9820822
34.762530 2.4480066 -1.1274071 12.9252729 0.0012247 -0.1903550 -0.0214927 0.9814792
34.866280 2.4306500 -1.1279948 12.9672155 -0.0016438 -0.1916519 -0.0215691 0.9812245
34.970030 2.4129612 -1.1282358 13.0094042 -0.0042435 -0.1925313 -0.0214089 0.9810481
35.073910 2.3955181 -1.1284742 13.0517921 -0.0078811 -0.1934703 -0.0212671 0.9808440
35.177560 2.3779497 -1.1284547 13.0935154 -0.0081803 -0.1943167 -0.0215992 0.9806669
35.281280 2.3596222 -1.1286436 13.1346388 -0.0031771 -0.1949885 -0.0252958 0.9804741
35.385050 2.3419662 -1.1291547 13.1759844 0.0037125 -0.1956599 -0.0246464 0.9803550
35.488660 2.3243043 -1.1291612 13.2173738 0.0080274 -0.1961690 -0.0238091 0.9802482
35.592410 2.3064988 -1.1299740 13.2594872 0.0066137 -0.1960443 -0.0237780 0.9802844
35.799780 2.2708185 -1.1320394 13.3432865 0.0028184 -0.1969207 -0.0242182 0.9801162
36.007180 2.2360017 -1.1332052 13.4272833 0.0025615 -0.1985703 -0.0205569 0.9798677
36.110910 2.2178805 -1.1335757 13.4694223 0.0003705 -0.1992926 -0.0211325 0.9797121
36.214530 2.1995370 -1.1340941 13.5115032 -0.0008929 -0.1996982 -0.0220855 0.9796081
36.318290 2.1811385 -1.1344147 13.5531273 -0.0003855 -0.2002673 -0.0228531 0.9794747
36.422040 2.1629646 -1.1349889 13.5948381 0.0015822 -0.2008811 -0.0218909 0.9793697
36.629530 2.1265743 -1.1358583 13.6788750 0.0011781 -0.2029626 -0.0201992 0.9789774
36.733280 2.1075718 -1.1366117 13.7211561 -0.0002990 -0.2046607 -0.0207854 0.9786122
36.837040 2.0888853 -1.1373186 13.7632389 -0.0015918 -0.2068581 -0.0207791 0.9781490
36.940790 2.0695448 -1.1376021 13.8052692 -0.0014010 -0.2091643 -0.0195769 0.9776835
37.044540 2.0504408 -1.1379308 13.8467693 -0.0004138 -0.2115159 -0.0201525 0.9771667
37.252040 2.0110843 -1.1394067 13.9290361 0.0033611 -0.2166296 -0.0211890 0.9760181
37.355660 1.9912994 -1.1400158 13.9704771 0.0041106 -0.2207284 -0.0195135 0.9751314
37.459410 1.9710342 -1.1408548 14.0111179 0.0041048 -0.2255134 -0.0175413 0.9740735
37.666660 1.9294519 -1.1425232 14.0921650 0.0030918 -0.2385885 -0.0139781 0.9710152
37.770280 1.9071878 -1.1431578 14.1320248 0.0020818 -0.2461191 -0.0148508 0.9691236
37.874040 1.8845335 -1.1438065 14.1719275 -0.0004078 -0.2537723 -0.0150199 0.9671473
38.081530 1.8370016 -1.1447891 14.2496023 -0.0018612 -0.2669514 -0.0191413 0.9635181
38.185280 1.8123766 -1.1449276 14.2874737 0.0003013 -0.2718697 -0.0220591 0.9620812
38.289160 1.7875605 -1.1452115 14.3255720 0.0020373 -0.2751209 -0.0242565 0.9611014
38.393160 1.7626350 -1.1457187 14.3639450 0.0028483 -0.2760291 -0.0270077 0.9607655
38.497160 1.7378523 -1.1462942 14.4024963 0.0052054 -0.2740744 -0.0307826 0.9612016
38.601160 1.7136157 -1.1469129 14.4406528 0.0082033 -0.2698414 -0.0337510 0.9622781
38.705160 1.6903795 -1.1476517 14.4795504 0.0107839 -0.2645670 -0.0338188 0.9637138
38.913290 1.6461594 -1.1495293 14.5585327 0.0096472 -0.2526611 -0.0297634 0.9670488
39.017160 1.6242322 -1.1506068 14.5982561 0.0098038 -0.2470239 -0.0316921 0.9684414
39.225040 1.5831662 -1.1527271 14.6776371 0.0097833 -0.2371302 -0.0281692 0.9710201
39.328910 1.5627587 -1.1537639 14.7172546 0.0103439 -0.2319346 -0.0268159 0.9723067
39.536410 1.5226353 -1.1560941 14.7972565 0.0108613 -0.2241707 -0.0289514 0.9740592
39.743820 1.4833574 -1.1580310 14.8789997 0.0060907 -0.2181904 -0.0330422 0.9753277
40.158660 1.4064652 -1.1605566 15.0419912 0.0169444 -0.2122312 -0.0362664 0.9763993
40.366160 1.3685690 -1.1638885 15.1244059 0.0202044 -0.2108998 -0.0360134 0.9766351
40.677280 1.3107988 -1.1688795 15.2495995 0.0155989 -0.2105411 -0.0350080 0.9768335
40.781040 1.2914904 -1.1705456 15.2921743 0.0140184 -0.2115837 -0.0351564 0.9766268
40.988410 1.2517363 -1.1728992 15.3762274 0.0138843 -0.2157450 -0.0349939 0.9757237
41.092170 1.2314299 -1.1743277 15.4180164 0.0138274 -0.2176875 -0.0353661 0.9752796
41.195790 1.2105631 -1.1756572 15.4598665 0.0139292 -0.2195107 -0.0372735 0.9747983
41.299420 1.1899847 -1.1768472 15.5017633 0.0151323 -0.2218838 -0.0373010 0.9742419
41.506790 1.1484115 -1.1797309 15.5862780 0.0181358 -0.2276133 -0.0335326 0.9730051
41.714170 1.1044456 -1.1827655 15.6707344 0.0183156 -0.2356127 -0.0333829 0.9711008
41.817920 1.0813943 -1.1843264 15.7130966 0.0156604 -0.2393268 -0.0353694 0.9701682
41.921540 1.0578545 -1.1854606 15.7554350 0.0127951 -0.2430754 -0.0379933 0.9691786
42.025300 1.0340198 -1.1864054 15.7975311 0.0100525 -0.2469473 -0.0408278 0.9681162
42.128920 1.0097370 -1.1872097 15.8395929 0.0084595 -0.2507770 -0.0419821 0.9670971
42.440040 0.9353436 -1.1899060 15.9653034 0.0173534 -0.2642609 -0.0387349 0.9635168
42.543790 0.9100453 -1.1914624 16.0073700 0.0196337 -0.2685389 -0.0357729 0.9624041
42.647420 0.8842359 -1.1930349 16.0492077 0.0209912 -0.2728160 -0.0324062 0.9612911
42.751180 0.8577282 -1.1946361 16.0914841 0.0191551 -0.2767602 -0.0286433 0.9603210
42.854790 0.8305975 -1.1961427 16.1333790 0.0160536 -0.2812126 -0.0277936 0.9591086
42.958540 0.8028358 -1.1976184 16.1754436 0.0118387 -0.2855579 -0.0267949 0.9579136
43.062290 0.7748328 -1.1985946 16.2172718 0.0096332 -0.2898002 -0.0266309 0.9566681
43.166060 0.7462175 -1.1994740 16.2590675 0.0085380 -0.2936916 -0.0273400 0.9554710
43.269790 0.7169791 -1.2006128 16.3002167 0.0088402 -0.2976712 -0.0297362 0.9541643
43.477330 0.6573259 -1.2020611 16.3830585 0.0067861 -0.3039907 -0.0316718 0.9521242
43.581040 0.6269887 -1.2026939 16.4245644 0.0074451 -0.3065306 -0.0319599 0.9512950
43.788690 0.5662526 -1.2042977 16.5064487 0.0108854 -0.3122955 -0.0293183 0.9494701
43.892430 0.5356205 -1.2048801 16.5480671 0.0108423 -0.3150755 -0.0293373 0.9485511
43.996060 0.5038796 -1.2055840 16.5890560 0.0092584 -0.3174616 -0.0318821 0.9476898
44.099960 0.4718229 -1.2062919 16.6301270 0.0069163 -0.3198118 -0.0333484 0.9468688
44.203560 0.4397914 -1.2069021 16.6709785 0.0075539 -0.3225052 -0.0333279 0.9459506
44.307300 0.4074815 -1.2074170 16.7111664 0.0099263 -0.3249929 -0.0339657 0.9450542
44.411040 0.3752561 -1.2083960 16.7514973 0.0122448 -0.3277676 -0.0324780 0.9441206
44.514790 0.3430860 -1.2096230 16.7920227 0.0113172 -0.3305714 -0.0298812 0.9432399
44.618540 0.3106319 -1.2103885 16.8322906 0.0102360 -0.3332300 -0.0279514 0.9423755
44.722330 0.2780743 -1.2114000 16.8726196 0.0090682 -0.3361495 -0.0252575 0.9414262
44.826160 0.2451794 -1.2122617 16.9124737 0.0086095 -0.3394700 -0.0233345 0.9402879
44.929790 0.2117853 -1.2130892 16.9521103 0.0068484 -0.3421022 -0.0200733 0.9394234
45.033540 0.1783159 -1.2140073 16.9913139 0.0060337 -0.3447914 -0.0217965 0.9384068
45.137340 0.1444424 -1.2147032 17.0301800 0.0058343 -0.3467734 -0.0216026 0.9376820
45.241040 0.1107946 -1.2155538 17.0687466 0.0068030 -0.3495715 -0.0214745 0.9366388
45.344810 0.0767195 -1.2162615 17.1068306 0.0073384 -0.3519183 -0.0228021 0.9357242
45.448540 0.0429556 -1.2170948 17.1451416 0.0062743 -0.3544573 -0.0197812 0.9348419
45.552290 0.0088650 -1.2180221 17.1832924 0.0052381 -0.3574727 -0.0213635 0.9336645
45.656170 -0.0253456 -1.2187772 17.2208347 0.0063969 -0.3598513 -0.0203392 0.9327660
45.759920 -0.0595213 -1.2194263 17.2584133 0.0050288 -0.3624344 -0.0187293 0.9318075
45.863670 -0.0943765 -1.2199345 17.2955399 0.0046925 -0.3645571 -0.0212260 0.9309272
45.967420 -0.1295612 -1.2206602 17.3323326 0.0038434 -0.3661025 -0.0242118 0.9302516
46.071290 -0.1644488 -1.2208568 17.3690205 0.0037170 -0.3679472 -0.0249813 0.9295036
46.175050 -0.1991977 -1.2208980 17.4057636 0.0007025 -0.3690901 -0.0252036 0.9290515
46.278790 -0.2341127 -1.2216166 17.4425030 0.0010187 -0.3704141 -0.0263153 0.9284933
46.382670 -0.2688332 -1.2216704 17.4784222 0.0032599 -0.3714650 -0.0248989 0.9281073
46.486540 -0.3034004 -1.2219814 17.5142860 0.0067653 -0.3718845 -0.0225478 0.9279805
46.590420 -0.3379861 -1.2224830 17.5503387 0.0065671 -0.3715671 -0.0226625 0.9281062
46.694170 -0.3727792 -1.2230166 17.5865002 0.0056617 -0.3709753 -0.0233228 0.9283326
46.798050 -0.4077119 -1.2233198 17.6231384 0.0033712 -0.3700235 -0.0244331 0.9286949
46.901920 -0.4423275 -1.2236950 17.6598511 0.0028025 -0.3684119 -0.0245217 0.9293349
47.109670 -0.5116403 -1.2245967 17.7336445 0.0059031 -0.3630228 -0.0259570 0.9313999
47.213560 -0.5454265 -1.2248318 17.7712631 0.0080533 -0.3598616 -0.0255142 0.9326220
47.421170 -0.6136890 -1.2264664 17.8473320 0.0089561 -0.3522598 -0.0255320 0.9355111
47.525050 -0.6475434 -1.2273601 17.8864784 0.0091250 -0.3485759 -0.0253303 0.9368938
47.732670 -0.7149855 -1.2284911 17.9656792 0.0050857 -0.3404010 -0.0291842 0.9398136
47.940170 -0.7814922 -1.2291036 18.0467892 0.0046686 -0.3320485 -0.0317008 0.9427179
48.043920 -0.8139833 -1.2294343 18.0874310 0.0082776 -0.3285183 -0.0308670 0.9439568
48.251420 -0.8776824 -1.2310957 18.1698837 0.0099423 -0.3216929 -0.0280152 0.9463773
48.355050 -0.9097230 -1.2322202 18.2120247 0.0087482 -0.3185558 -0.0286935 0.9474293
48.458800 -0.9411089 -1.2330196 18.2543144 0.0081323 -0.3156334 -0.0287894 0.9484095
48.666190 -1.0047375 -1.2346275 18.3398991 0.0069992 -0.3102300 -0.0297400 0.9501705
48.769940 -1.0363904 -1.2352141 18.3833618 0.0068659 -0.3077224 -0.0310845 0.9509435
48.873550 -1.0678533 -1.2358878 18.4266434 0.0071288 -0.3052305 -0.0323674 0.9517016
48.977300 -1.0990654 -1.2363610 18.4703579 0.0075237 -0.3031825 -0.0330225 0.9523305
49.080930 -1.1305608 -1.2370003 18.5145741 0.0081869 -0.3009458 -0.0334913 0.9530178
49.288320 -1.1924901 -1.2383139 18.6033669 0.0086151 -0.2969125 -0.0336637 0.9542723
49.392050 -1.2233124 -1.2390252 18.6484470 0.0083699 -0.2952720 -0.0340211 0.9547706
49.495800 -1.2542622 -1.2396406 18.6931725 0.0080789 -0.2932941 -0.0337828 0.9553910
49.703170 -1.3153577 -1.2417089 18.7831726 0.0072127 -0.2896637 -0.0363796 0.9564096
49.806800 -1.3455261 -1.2423729 18.8282299 0.0077641 -0.2878864 -0.0369979 0.9569181
49.910550 -1.3761734 -1.2430695 18.8733158 0.0092298 -0.2858364 -0.0365933 0.9575350
50.014170 -1.4059080 -1.2438827 18.9185753 0.0091158 -0.2846966 -0.0361880 0.9578910
50.117990 -1.4355456 -1.2446488 18.9642048 0.0060897 -0.2840704 -0.0348399 0.9581509
50.221580 -1.4654534 -1.2451694 19.0100403 0.0015998 -0.2835617 -0.0340638 0.9583474
50.325300 -1.4955952 -1.2453676 19.0557175 -0.0011128 -0.2829171 -0.0341113 0.9585370
50.428990 -1.5248065 -1.2456443 19.1011505 -0.0006127 -0.2826905 -0.0331536 0.9586379
50.532690 -1.5542076 -1.2459798 19.1462173 0.0022717 -0.2823625 -0.0314377 0.9587898
50.636450 -1.5833797 -1.2465183 19.1914291 0.0054765 -0.2821615 -0.0297374 0.9588903
50.740210 -1.6126919 -1.2468997 19.2365704 0.0064995 -0.2815041 -0.0278310 0.9591343
50.843990 -1.6418012 -1.2477039 19.2818317 0.0052459 -0.2808746 -0.0269625 0.9593513
50.947600 -1.6710192 -1.2484053 19.3274212 0.0028065 -0.2803240 -0.0257099 0.9595569
51.051200 -1.6997119 -1.2491410 19.3728123 0.0003768 -0.2801073 -0.0248889 0.9596459
51.154950 -1.7289242 -1.2495180 19.4185085 -0.0014612 -0.2797176 -0.0240598 0.9597797
51.258560 -1.7579964 -1.2498966 19.4634495 -0.0021558 -0.2793968 -0.0233539 0.9598892
51.362310 -1.7863339 -1.2503685 19.5078297 -0.0011257 -0.2795549 -0.0228138 0.9598579
51.465930 -1.8148683 -1.2502913 19.5521908 0.0001233 -0.2796538 -0.0216030 0.9598578
51.569680 -1.8436221 -1.2505144 19.5965214 -0.0002104 -0.2796170 -0.0212473 0.9598765
51.673320 -1.8720454 -1.2509218 19.6416416 -0.0021416 -0.2796521 -0.0208195 0.9598733
51.776930 -1.9013083 -1.2513427 19.6865253 -0.0028549 -0.2791299 -0.0205330 0.9600295
51.880670 -1.9298860 -1.2515239 19.7312374 -0.0019195 -0.2788191 -0.0200208 0.9601330
51.984300 -1.9584372 -1.2516195 19.7758770 -0.0011841 -0.2784832 -0.0194201 0.9602440
52.088050 -1.9868083 -1.2520168 19.8205357 -0.0018266 -0.2783171 -0.0189497 0.9603006
52.191670 -2.0153351 -1.2522138 19.8651733 -0.0028530 -0.2783069 -0.0187266 0.9603054
52.295430 -2.0436642 -1.2522662 19.9097900 -0.0039253 -0.2784832 -0.0173161 0.9602770
52.399170 -2.0716538 -1.2524241 19.9543972 -0.0051121 -0.2788276 -0.0154678 0.9602030
52.502930 -2.0996845 -1.2525165 19.9990025 -0.0064401 -0.2791132 -0.0130447 0.9601480
52.606680 -2.1277258 -1.2525381 20.0433598 -0.0083108 -0.2793969 -0.0100912 0.9600867
52.710430 -2.1554947 -1.2525074 20.0877686 -0.0094812 -0.2798747 -0.0066422 0.9599667
52.814180 -2.1833096 -1.2524233 20.1317406 -0.0109896 -0.2806027 -0.0061790 0.9597412
52.917930 -2.2111139 -1.2521783 20.1754646 -0.0119217 -0.2812173 -0.0046432 0.9595588
53.021680 -2.2384605 -1.2520792 20.2185612 -0.0132884 -0.2819750 -0.0046101 0.9593186
53.125430 -2.2661049 -1.2516448 20.2613659 -0.0134282 -0.2826291 -0.0040000 0.9591269
53.229180 -2.2933083 -1.2512765 20.3034744 -0.0137985 -0.2834845 -0.0035326 0.9588711
53.332930 -2.3198833 -1.2509912 20.3450165 -0.0144029 -0.2844352 -0.0027986 0.9585830
53.436550 -2.3466239 -1.2507195 20.3859119 -0.0158362 -0.2850846 -0.0029261 0.9583670
53.540300 -2.3727677 -1.2502236 20.4260426 -0.0177966 -0.2856924 -0.0042837 0.9581465
53.644050 -2.3991861 -1.2494049 20.4657249 -0.0202892 -0.2857310 -0.0073990 0.9580665
53.747800 -2.4250662 -1.2485231 20.5045052 -0.0222546 -0.2854878 -0.0114966 0.9580550
53.851550 -2.4505842 -1.2472745 20.5418072 -0.0224488 -0.2849039 -0.0154768 0.9581682
53.955300 -2.4752560 -1.2459488 20.5785179 -0.0222825 -0.2845276 -0.0187720 0.9582250
54.059050 -2.4992676 -1.2446576 20.6146812 -0.0213698 -0.2842243 -0.0219096 0.9582692
54.162800 -2.5226302 -1.2436112 20.6499844 -0.0206686 -0.2837474 -0.0232834 0.9583935
54.266550 -2.5454888 -1.2424202 20.6846523 -0.0195788 -0.2833250 -0.0238387 0.9585277
54.370180 -2.5679505 -1.2412349 20.7189751 -0.0186990 -0.2829197 -0.0233322 0.9586774
54.473930 -2.5896719 -1.2401229 20.7530899 -0.0188196 -0.2828587 -0.0227618 0.9587068
54.577570 -2.6114836 -1.2391143 20.7863007 -0.0183972 -0.2823932 -0.0233368 0.9588384
54.681310 -2.6324673 -1.2383296 20.8192062 -0.0182880 -0.2816512 -0.0233821 0.9590576
54.785060 -2.6533411 -1.2372689 20.8519173 -0.0184272 -0.2798185 -0.0240040 0.9595759
54.888800 -2.6737504 -1.2362709 20.8839607 -0.0186751 -0.2770137 -0.0259689 0.9603334
54.992680 -2.6934562 -1.2353984 20.9155617 -0.0192073 -0.2734814 -0.0263555 0.9613243
55.096430 -2.7126899 -1.2345887 20.9467144 -0.0183068 -0.2702705 -0.0275824 0.9622151
55.200180 -2.7315738 -1.2338187 20.9778156 -0.0152608 -0.2667265 -0.0280250 0.9632438
55.304050 -2.7503192 -1.2330775 21.0086422 -0.0120942 -0.2625817 -0.0291349 0.9643940
55.407810 -2.7685332 -1.2323630 21.0401020 -0.0105915 -0.2576287 -0.0291445 0.9657463
55.511680 -2.7863836 -1.2313192 21.0720425 -0.0109848 -0.2517124 -0.0301065 0.9672713
55.615430 -2.8042448 -1.2306252 21.1046219 -0.0141529 -0.2456770 -0.0324008 0.9687067
55.822930 -2.8385737 -1.2286922 21.1713982 -0.0187299 -0.2345247 -0.0330251 0.9713685
55.926680 -2.8556001 -1.2277981 21.2058258 -0.0196545 -0.2289797 -0.0327980 0.9726800
56.134050 -2.8874331 -1.2257069 21.2741280 -0.0174518 -0.2199975 -0.0282754 0.9749344
56.237800 -2.9032207 -1.2246294 21.3089981 -0.0156826 -0.2164176 -0.0247339 0.9758615
56.341580 -2.9189637 -1.2235789 21.3443909 -0.0155044 -0.2134836 -0.0213030 0.9765913
56.549070 -2.9505007 -1.2211249 21.4167747 -0.0258435 -0.2081747 -0.0188238 0.9775690
56.652940 -2.9671328 -1.2191904 21.4538860 -0.0334152 -0.2056818 -0.0217310 0.9778068
56.756680 -2.9839184 -1.2170818 21.4911633 -0.0401485 -0.2025690 -0.0242502 0.9781440
56.860440 -2.9998379 -1.2147034 21.5283756 -0.0416523 -0.1996250 -0.0240117 0.9786922
56.964280 -3.0154123 -1.2119056 21.5654678 -0.0407688 -0.1969399 -0.0248404 0.9792526
57.068060 -3.0312686 -1.2090623 21.6033459 -0.0402832 -0.1935553 -0.0244360 0.9799574
57.171890 -3.0463517 -1.2061785 21.6417427 -0.0427988 -0.1906216 -0.0225123 0.9804717
57.275560 -3.0614901 -1.2032244 21.6803341 -0.0458290 -0.1872702 -0.0218192 0.9809962
57.379330 -3.0761962 -1.2001474 21.7190437 -0.0482325 -0.1839811 -0.0196605 0.9815488
57.483060 -3.0904973 -1.1970136 21.7575588 -0.0492236 -0.1812388 -0.0180857 0.9820399
57.586810 -3.1043949 -1.1938683 21.7955627 -0.0485861 -0.1782583 -0.0170687 0.9826353
57.690560 -3.1180463 -1.1906039 21.8334751 -0.0482358 -0.1753106 -0.0165276 0.9831919
57.794300 -3.1317213 -1.1875148 21.8712120 -0.0482915 -0.1718178 -0.0169982 0.9837976
57.898200 -3.1450117 -1.1845872 21.9087505 -0.0485698 -0.1674959 -0.0178949 0.9845130
58.001930 -3.1572971 -1.1816115 21.9457874 -0.0486101 -0.1628020 -0.0173159 0.9853085
58.105810 -3.1690724 -1.1785705 21.9826717 -0.0485519 -0.1575978 -0.0161806 0.9861764
58.209680 -3.1804662 -1.1756303 22.0192051 -0.0488210 -0.1521065 -0.0158595 0.9870302
58.313440 -3.1914651 -1.1726106 22.0557060 -0.0495942 -0.1469358 -0.0160869 0.9877710
58.417310 -3.2015972 -1.1701181 22.0915680 -0.0489158 -0.1416572 -0.0144371 0.9886010
58.521060 -3.2112703 -1.1675533 22.1268082 -0.0462781 -0.1362681 -0.0140038 0.9894914
58.624930 -3.2208419 -1.1650770 22.1618252 -0.0412000 -0.1300983 -0.0160457 0.9905148
58.728680 -3.2301028 -1.1626222 22.1970482 -0.0369490 -0.1229574 -0.0193703 0.9915347
58.832680 -3.2383819 -1.1605268 22.2324886 -0.0338298 -0.1144372 -0.0200283 0.9926523
58.936580 -3.2454798 -1.1587845 22.2681599 -0.0321610 -0.1047215 -0.0181940 0.9938149
59.144310 -3.2570388 -1.1554993 22.3401051 -0.0265783 -0.0839197 -0.0135876 0.9960253
59.352060 -3.2652450 -1.1534934 22.4138641 -0.0207431 -0.0636496 -0.0062953 0.9977369
59.559560 -3.2720680 -1.1511450 22.4902401 -0.0224043 -0.0447997 -0.0037469 0.9987377
59.766940 -3.2766159 -1.1485438 22.5683880 -0.0311826 -0.0306395 -0.0028953 0.9990398
59.870680 -3.2787404 -1.1469648 22.6075211 -0.0340482 -0.0255490 -0.0029119 0.9990893
59.974310 -3.2805810 -1.1452013 22.6466141 -0.0349472 -0.0214825 -0.0041235 0.9991497
60.181800 -3.2832296 -1.1411481 22.7263508 -0.0387145 -0.0136475 -0.0060750 0.9991387
60.285560 -3.2843714 -1.1392442 22.7660007 -0.0399177 -0.0101531 -0.0091103 0.9991099
60.493060 -3.2869136 -1.1364180 22.8436699 -0.0248661 -0.0038625 -0.0192211 0.9994985
60.700580 -3.2874298 -1.1334372 22.9232655 -0.0167644 -0.0000489 -0.0218497 0.9996207
60.907960 -3.2893116 -1.1316730 23.0043526 -0.0251393 -0.0001203 -0.0269837 0.9993197
61.115330 -3.2907183 -1.1313595 23.0818729 -0.0047573 -0.0035011 -0.0302717 0.9995242
61.322690 -3.2926393 -1.1312264 23.1597862 0.0042678 -0.0088382 -0.0327820 0.9994143
61.530190 -3.2957153 -1.1331851 23.2375660 -0.0061262 -0.0112065 -0.0360151 0.9992697
61.737600 -3.2981024 -1.1344712 23.3113937 0.0010129 -0.0142534 -0.0314824 0.9994022
61.945060 -3.3006639 -1.1364866 23.3838997 0.0050140 -0.0168614 -0.0283974 0.9994419
62.152610 -3.3029726 -1.1387218 23.4547291 0.0103048 -0.0170379 -0.0262581 0.9994569
62.256400 -3.3046770 -1.1399647 23.4891682 0.0126482 -0.0166165 -0.0271873 0.9994122
62.463960 -3.3077922 -1.1431438 23.5577660 0.0155109 -0.0122829 -0.0323298 0.9992814
62.671810 -3.3085930 -1.1465862 23.6248436 0.0174353 0.0027596 -0.0354562 0.9992153
63.295440 -3.2942290 -1.1582755 23.8065262 0.0192860 0.0566732 -0.0283194 0.9978047
63.503190 -3.2863226 -1.1619325 23.8578701 0.0187505 0.0757365 -0.0282523 0.9965512
63.918440 -3.2681587 -1.1696332 23.9420967 0.0365446 0.1056857 -0.0196915 0.9935327
64.748080 -3.2362828 -1.1826328 24.0649853 0.0388467 0.1330749 -0.0171549 0.9901958
66.407070 -3.2030807 -1.1967638 24.1971016 0.0421657 0.1108383 -0.0119806 0.9928713
66.821690 -3.1956942 -1.2013578 24.2438641 0.0378996 0.0914492 -0.0139612 0.9949903
67.029070 -3.1913424 -1.2037759 24.2704105 0.0373209 0.0775171 -0.0103915 0.9962381
68.273070 -3.2002861 -1.2202915 24.4653263 0.0384959 -0.0596941 -0.0172072 0.9973257
68.895320 -3.2340319 -1.2312348 24.5996361 0.0372386 -0.1288406 -0.0179249 0.9908038
68.999070 -3.2419310 -1.2333146 24.6249847 0.0372275 -0.1381219 -0.0181967 0.9895480
69.310320 -3.2694941 -1.2398683 24.7054958 0.0360947 -0.1658818 -0.0138182 0.9853880
69.621440 -3.3044436 -1.2468081 24.7912769 0.0364167 -0.1918688 -0.0126163 0.9806636
69.725320 -3.3176455 -1.2491964 24.8208847 0.0366284 -0.1990252 -0.0136003 0.9792152
70.140570 -3.3780081 -1.2592084 24.9480400 0.0325713 -0.2185069 -0.0165479 0.9751513
70.244320 -3.3945622 -1.2615844 24.9815006 0.0325067 -0.2211524 -0.0172169 0.9745453
70.451940 -3.4289169 -1.2664871 25.0510445 0.0323162 -0.2248976 -0.0185172 0.9736703
70.555820 -3.4468968 -1.2691295 25.0866108 0.0326840 -0.2263109 -0.0188114 0.9733248
70.659570 -3.4650395 -1.2717744 25.1231728 0.0327967 -0.2279231 -0.0180842 0.9729586
70.970820 -3.5225828 -1.2803898 25.2363205 0.0344215 -0.2322704 -0.0166295 0.9718997
71.074690 -3.5427594 -1.2833823 25.2752609 0.0351314 -0.2335647 -0.0157495 0.9715787
71.178440 -3.5626738 -1.2862730 25.3144779 0.0352945 -0.2349025 -0.0143431 0.9712721
71.489570 -3.6254523 -1.2967057 25.4350643 0.0365429 -0.2379388 -0.0126604 0.9705099
71.697200 -3.6695404 -1.3037068 25.5177326 0.0395104 -0.2384526 -0.0116952 0.9702796
71.904720 -3.7152846 -1.3111688 25.6034298 0.0376733 -0.2386557 -0.0130061 0.9702861
72.112200 -3.7619472 -1.3185982 25.6912155 0.0367605 -0.2391466 -0.0121775 0.9702110
72.319700 -3.8086469 -1.3266237 25.7809887 0.0368273 -0.2403419 -0.0095466 0.9699425
72.527200 -3.8574929 -1.3346378 25.8725586 0.0361895 -0.2413055 -0.0079996 0.9697412
72.630950 -3.8827405 -1.3387339 25.9187222 0.0360264 -0.2415651 -0.0079797 0.9696828
72.734700 -3.9078431 -1.3429258 25.9660339 0.0364131 -0.2420262 -0.0080413 0.9695529
72.838470 -3.9339180 -1.3472071 26.0132942 0.0369415 -0.2422585 -0.0081875 0.9694736
72.942200 -3.9597130 -1.3514308 26.0612831 0.0367952 -0.2427675 -0.0084898 0.9693493
73.045950 -3.9862192 -1.3555343 26.1103668 0.0363248 -0.2424853 -0.0087372 0.9694354
73.253450 -4.0397143 -1.3643374 26.2085629 0.0376287 -0.2407036 -0.0122071 0.9697922
73.357220 -4.0665402 -1.3686469 26.2585945 0.0394798 -0.2384761 -0.0133769 0.9702533
73.461070 -4.0932579 -1.3733137 26.3085022 0.0411432 -0.2346327 -0.0154996 0.9710894
73.564950 -4.1197729 -1.3783795 26.3591938 0.0428378 -0.2295596 -0.0180149 0.9721845
73.668820 -4.1454287 -1.3835393 26.4104481 0.0443419 -0.2231040 -0.0200923 0.9735783
73.772700 -4.1705317 -1.3887538 26.4623280 0.0448253 -0.2154203 -0.0213723 0.9752579
73.876700 -4.1946926 -1.3941540 26.5149536 0.0440439 -0.2072117 -0.0221910 0.9770522
73.980600 -4.2179322 -1.3992040 26.5677910 0.0426800 -0.1985897 -0.0236178 0.9788681
74.084450 -4.2403154 -1.4048343 26.6211720 0.0425222 -0.1897098 -0.0242023 0.9806204
74.188450 -4.2614436 -1.4099511 26.6753540 0.0440890 -0.1805679 -0.0241603 0.9822768
74.292330 -4.2815733 -1.4157090 26.7293453 0.0461772 -0.1710019 -0.0246857 0.9838784
74.396200 -4.3007646 -1.4211465 26.7846813 0.0471076 -0.1607956 -0.0243961 0.9855610
74.500110 -4.3188968 -1.4269912 26.8400955 0.0460813 -0.1498265 -0.0247866 0.9873268
74.603820 -4.3356948 -1.4328191 26.8961506 0.0454844 -0.1380837 -0.0238897 0.9890871
74.707830 -4.3508735 -1.4387578 26.9520798 0.0475392 -0.1256115 -0.0241239 0.9906461
74.811700 -4.3649092 -1.4449221 27.0086498 0.0511091 -0.1125112 -0.0248589 0.9920238
74.915450 -4.3774095 -1.4516177 27.0656185 0.0536229 -0.0986935 -0.0250130 0.9933572
75.019330 -4.3882203 -1.4583504 27.1229191 0.0564370 -0.0840615 -0.0274952 0.9944810
75.123330 -4.3966222 -1.4659909 27.1802216 0.0581630 -0.0687492 -0.0254921 0.9956108
75.227100 -4.4041381 -1.4733440 27.2382336 0.0597478 -0.0534835 -0.0274485 0.9964017
75.330950 -4.4097414 -1.4815990 27.2963104 0.0614867 -0.0388016 -0.0256852 0.9970226
75.434820 -4.4129872 -1.4895583 27.3544788 0.0644730 -0.0250208 -0.0240880 0.9973149
75.538570 -4.4149733 -1.4979584 27.4126205 0.0665569 -0.0119167 -0.0217370 0.9974747
75.642200 -4.4149609 -1.5063933 27.4705601 0.0673972 -0.0001914 -0.0199686 0.9975263
75.745950 -4.4141083 -1.5154688 27.5294952 0.0675089 0.0111796 -0.0192361 0.9974706
75.849580 -4.4124813 -1.5245802 27.5875549 0.0686015 0.0223620 -0.0199336 0.9971943
75.953320 -4.4094162 -1.5335041 27.6464176 0.0703417 0.0334304 -0.0195468 0.9967710
76.056950 -4.4044452 -1.5426210 27.7053852 0.0709105 0.0437992 -0.0181778 0.9963548
76.264200 -4.3910494 -1.5613358 27.8243103 0.0687258 0.0589648 -0.0133295 0.9958023
76.367700 -4.3829970 -1.5708679 27.8836193 0.0703191 0.0631297 -0.0096971 0.9954777
76.574950 -4.3673325 -1.5897100 28.0040684 0.0722449 0.0685772 -0.0086669 0.9949888
76.678580 -4.3592486 -1.5994871 28.0639629 0.0721479 0.0703567 -0.0094605 0.9948643
76.885860 -4.3415256 -1.6188326 28.1846867 0.0751171 0.0736709 -0.0087004 0.9944115
77.093250 -4.3222632 -1.6397468 28.3082027 0.0759190 0.0766931 -0.0074236 0.9941325
77.196950 -4.3131771 -1.6500863 28.3707561 0.0740609 0.0783276 -0.0075688 0.9941441
77.300580 -4.3032751 -1.6600893 28.4338684 0.0721970 0.0793653 -0.0078593 0.9941967
77.507830 -4.2832766 -1.6805465 28.5611115 0.0750034 0.0802629 -0.0092453 0.9939049
77.611580 -4.2729025 -1.6913556 28.6248684 0.0764982 0.0800151 -0.0091214 0.9938121
77.715200 -4.2624445 -1.7023313 28.6892738 0.0762874 0.0797024 -0.0082423 0.9938611
77.818950 -4.2518744 -1.7133328 28.7545242 0.0763566 0.0795445 -0.0086517 0.9938650
77.922710 -4.2419081 -1.7241374 28.8200035 0.0764461 0.0797452 -0.0100638 0.9938287
78.026330 -4.2317080 -1.7352941 28.8854523 0.0768870 0.0801059 -0.0109496 0.9937563
78.130080 -4.2210746 -1.7463872 28.9518185 0.0756300 0.0812177 -0.0111937 0.9937598
78.233830 -4.2102456 -1.7575649 29.0186310 0.0756625 0.0825350 -0.0114434 0.9936459
78.337450 -4.1994042 -1.7687140 29.0855293 0.0758205 0.0837010 -0.0109454 0.9935420
78.441200 -4.1881161 -1.7798886 29.1530762 0.0765656 0.0849413 -0.0106708 0.9933825
78.544830 -4.1764627 -1.7913922 29.2208214 0.0757784 0.0863301 -0.0112952 0.9933162
78.648580 -4.1646118 -1.8028475 29.2892933 0.0757962 0.0881112 -0.0107380 0.9931647
78.752330 -4.1526833 -1.8140042 29.3579006 0.0752616 0.0899198 -0.0117654 0.9930316
78.855950 -4.1404448 -1.8254513 29.4267693 0.0746949 0.0918306 -0.0117158 0.9929001
78.959710 -4.1274934 -1.8370755 29.4961700 0.0744362 0.0933807 -0.0123962 0.9927667
79.063330 -4.1148376 -1.8485950 29.5657349 0.0749282 0.0950450 -0.0124419 0.9925711
79.167080 -4.1016598 -1.8601378 29.6355896 0.0750373 0.0964683 -0.0124490 0.9924254
79.270830 -4.0880489 -1.8717471 29.7061882 0.0751510 0.0978678 -0.0121543 0.9922835
79.374460 -4.0741882 -1.8836807 29.7769356 0.0758001 0.0991300 -0.0120568 0.9921100
79.478210 -4.0602264 -1.8956282 29.8482742 0.0760362 0.1006731 -0.0121040 0.9919359
79.581950 -4.0456109 -1.9076492 29.9199467 0.0759777 0.1022089 -0.0122802 0.9917812
79.685700 -4.0310278 -1.9199229 29.9919529 0.0755713 0.1041487 -0.0125145 0.9916075
79.789450 -4.0155773 -1.9320146 30.0634537 0.0756259 0.1058974 -0.0120233 0.9914241
79.893210 -4.0000067 -1.9440981 30.1360016 0.0755481 0.1079346 -0.0121333 0.9912090
79.996970 -3.9837787 -1.9563559 30.2085686 0.0759922 0.1094728 -0.0114341 0.9910147
80.100580 -3.9676566 -1.9688796 30.2817249 0.0762360 0.1107695 -0.0111614 0.9908550
80.204330 -3.9512842 -1.9813054 30.3551540 0.0765814 0.1118477 -0.0108777 0.9907104
80.307980 -3.9350448 -1.9938680 30.4289322 0.0766414 0.1130910 -0.0107495 0.9905660
80.411710 -3.9179249 -2.0067456 30.5029774 0.0764476 0.1137090 -0.0107914 0.9905097
80.515330 -3.9005840 -2.0192919 30.5776901 0.0765973 0.1142785 -0.0103370 0.9904375
80.619080 -3.8832464 -2.0321693 30.6526031 0.0772013 0.1148768 -0.0097655 0.9903272
80.722740 -3.8661504 -2.0451148 30.7276115 0.0772335 0.1155267 -0.0092078 0.9902544
80.826440 -3.8482032 -2.0581558 30.8034821 0.0764071 0.1159314 -0.0083388 0.9902789
80.930080 -3.8305945 -2.0710759 30.8794289 0.0767278 0.1165104 -0.0084753 0.9901850
81.033840 -3.8121035 -2.0840333 30.9564266 0.0765873 0.1168294 -0.0089645 0.9901540
81.137500 -3.7941051 -2.0969837 31.0331478 0.0756164 0.1174377 -0.0093053 0.9901535
81.241210 -3.7763338 -2.1102445 31.1101017 0.0744574 0.1182885 -0.0087615 0.9901450
81.344940 -3.7575305 -2.1231518 31.1872063 0.0747675 0.1185191 -0.0083601 0.9900976
81.448590 -3.7391055 -2.1364086 31.2641659 0.0756482 0.1186835 -0.0083133 0.9900113
81.552330 -3.7199957 -2.1497262 31.3410358 0.0759335 0.1184928 -0.0081171 0.9900140
81.656060 -3.7012475 -2.1628416 31.4183140 0.0758365 0.1184947 -0.0085740 0.9900174
81.759710 -3.6828294 -2.1761217 31.4955978 0.0757467 0.1184850 -0.0079641 0.9900305
81.863460 -3.6643322 -2.1895642 31.5721664 0.0760458 0.1181230 -0.0082515 0.9900485
81.967080 -3.6459429 -2.2028077 31.6498070 0.0772281 0.1179737 -0.0081613 0.9899755
82.070830 -3.6272199 -2.2162299 31.7267361 0.0778474 0.1173676 -0.0068696 0.9900088
82.174460 -3.6091185 -2.2296829 31.8040066 0.0777985 0.1166012 -0.0063019 0.9901070
82.278210 -3.5906522 -2.2431834 31.8807392 0.0769948 0.1154353 -0.0045008 0.9903162
82.381960 -3.5726957 -2.2563572 31.9574986 0.0765296 0.1144960 -0.0044737 0.9904615
82.485710 -3.5547736 -2.2696116 32.0342979 0.0763266 0.1139766 -0.0046335 0.9905363
82.589430 -3.5372736 -2.2826269 32.1101418 0.0761782 0.1135047 -0.0037715 0.9906055
82.693080 -3.5196993 -2.2957458 32.1864243 0.0765259 0.1130188 -0.0040798 0.9906331
82.796920 -3.5022018 -2.3087640 32.2624588 0.0767681 0.1126272 -0.0033664 0.9906616
82.900600 -3.4853837 -2.3218272 32.3379593 0.0765656 0.1125382 -0.0039338 0.9906853
83.004230 -3.4680626 -2.3351851 32.4135170 0.0766068 0.1120080 -0.0047656 0.9907386
83.107850 -3.4509654 -2.3485174 32.4890785 0.0760047 0.1116363 -0.0056923 0.9908220
83.211580 -3.4339800 -2.3614864 32.5648422 0.0754388 0.1114957 -0.0043624 0.9908878
83.315210 -3.4168022 -2.3746567 32.6406174 0.0746578 0.1110753 -0.0035924 0.9909973
83.418960 -3.3995719 -2.3873389 32.7166290 0.0747237 0.1106490 -0.0000064 0.9910465
83.522590 -3.3822386 -2.4005976 32.7919960 0.0756935 0.1099714 0.0009364 0.9910479
83.626210 -3.3647237 -2.4135525 32.8678665 0.0771364 0.1094780 0.0004320 0.9909916
83.729960 -3.3479068 -2.4268234 32.9431458 0.0771183 0.1091445 -0.0008512 0.9910295
83.833580 -3.3317938 -2.4398794 33.0194206 0.0761733 0.1089694 -0.0023961 0.9911193
83.937350 -3.3151898 -2.4525630 33.0953102 0.0761002 0.1083203 -0.0027874 0.9911951
84.040960 -3.2984879 -2.4655476 33.1709862 0.0761156 0.1077535 -0.0035728 0.9912531
84.144710 -3.2823846 -2.4784317 33.2466278 0.0761686 0.1074045 -0.0051247 0.9912801
84.248350 -3.2662807 -2.4914148 33.3222580 0.0756857 0.1070922 -0.0052393 0.9913504
84.352100 -3.2501214 -2.5045328 33.3979759 0.0748419 0.1071207 -0.0060326 0.9914068
84.455710 -3.2337797 -2.5169637 33.4734573 0.0755915 0.1072176 -0.0050419 0.9913450
84.559380 -3.2171643 -2.5297573 33.5484962 0.0760528 0.1070550 -0.0042663 0.9913309
84.662980 -3.2009397 -2.5422840 33.6229858 0.0758567 0.1067885 -0.0032561 0.9913785
84.766730 -3.1847239 -2.5551789 33.6981316 0.0751038 0.1062635 -0.0024200 0.9914947
84.870340 -3.1687245 -2.5678542 33.7724152 0.0759541 0.1054343 -0.0023627 0.9915185
84.973960 -3.1531935 -2.5806062 33.8461876 0.0777782 0.1046238 -0.0035633 0.9914594
85.077720 -3.1380908 -2.5936136 33.9198494 0.0770840 0.1042882 -0.0052461 0.9915415
85.181330 -3.1234519 -2.6068597 33.9933357 0.0759773 0.1037713 -0.0070092 0.9916703
85.285090 -3.1084700 -2.6195140 34.0664330 0.0748913 0.1034040 -0.0071444 0.9917902
85.388710 -3.0935154 -2.6317294 34.1393929 0.0738458 0.1032883 -0.0064210 0.9918857
85.492460 -3.0780902 -2.6442614 34.2116089 0.0732735 0.1030161 -0.0052157 0.9919634
85.596110 -3.0629907 -2.6564391 34.2833939 0.0735007 0.1029579 -0.0052129 0.9919527
85.699750 -3.0482695 -2.6684992 34.3547592 0.0741325 0.1032455 -0.0052413 0.9918756
85.803450 -3.0339622 -2.6809487 34.4255295 0.0735776 0.1038352 -0.0054636 0.9918542
85.907110 -3.0192821 -2.6929224 34.4958229 0.0733894 0.1041007 -0.0059872 0.9918373
86.010840 -3.0048957 -2.7048607 34.5653229 0.0732521 0.1044492 -0.0066193 0.9918067
86.114460 -2.9906244 -2.7166219 34.6337700 0.0726334 0.1049235 -0.0066069 0.9918023
86.218210 -2.9762073 -2.7280712 34.7011566 0.0711996 0.1052273 -0.0069838 0.9918715
86.321830 -2.9626057 -2.7392912 34.7672272 0.0696484 0.1058800 -0.0070658 0.9919116
86.425590 -2.9487493 -2.7504046 34.8320274 0.0702293 0.1060178 -0.0069365 0.9918568
86.529210 -2.9352632 -2.7610071 34.8952942 0.0728924 0.1061990 -0.0060642 0.9916510
86.632980 -2.9222507 -2.7718704 34.9568939 0.0732667 0.1063342 -0.0061573 0.9916083
86.840340 -2.8968871 -2.7929020 35.0757141 0.0708867 0.1052622 -0.0050702 0.9919018
86.944090 -2.8850462 -2.8026695 35.1326370 0.0706738 0.1044703 -0.0055236 0.9919983
87.047710 -2.8738003 -2.8120685 35.1880722 0.0699885 0.1034853 -0.0062306 0.9921460
87.151360 -2.8628111 -2.8208499 35.2414856 0.0687891 0.1022073 -0.0054928 0.9923667
87.254960 -2.8522377 -2.8293190 35.2930412 0.0668697 0.1011722 -0.0054455 0.9926041
87.358710 -2.8420498 -2.8378806 35.3428307 0.0659839 0.1005126 -0.0063313 0.9927252
87.566210 -2.8234053 -2.8532312 35.4358292 0.0678105 0.0998210 -0.0059975 0.9926739
87.669860 -2.8149235 -2.8603935 35.4787750 0.0681404 0.0995651 -0.0062451 0.9926755
87.773590 -2.8070395 -2.8674824 35.5199013 0.0679371 0.0996825 -0.0075642 0.9926685
88.085210 -2.7836378 -2.8861735 35.6302299 0.0678797 0.1142933 -0.0128713 0.9910417
88.918590 -2.6871665 -2.9276881 35.8564262 0.0693908 0.2759112 -0.0078390 0.9586431
89.022840 -2.6697383 -2.9321463 35.8790169 0.0698093 0.3046442 -0.0067184 0.9498808
89.127090 -2.6513395 -2.9365413 35.8994598 0.0711724 0.3345096 -0.0054920 0.9396849
90.271490 -2.3853259 -2.9773624 36.0192490 0.0842869 0.6422695 0.0107728 0.7617543
90.375470 -2.3563471 -2.9804487 36.0206795 0.0852139 0.6671236 0.0109586 0.7399762
90.479340 -2.3260469 -2.9834483 36.0203171 0.0837399 0.6910904 0.0121060 0.7177988
90.894590 -2.2044356 -2.9943657 35.9970512 0.0845877 0.7812405 0.0126028 0.6183440
91.205840 -2.1112487 -3.0013530 35.9567032 0.0863164 0.8379385 0.0129486 0.5387401
91.309470 -2.0802312 -3.0038307 35.9388962 0.0859259 0.8535880 0.0135125 0.5136357
91.620220 -1.9877067 -3.0102086 35.8727264 0.0878799 0.8891168 0.0138227 0.4489515
91.930590 -1.8950669 -3.0155969 35.7911911 0.0854605 0.9092171 0.0173427 0.4070871
92.034130 -1.8638972 -3.0173485 35.7619133 0.0815188 0.9139451 0.0182896 0.3971454
92.137720 -1.8324561 -3.0190873 35.7320824 0.0785219 0.9182504 0.0185633 0.3876929
92.344860 -1.7702568 -3.0213072 35.6678658 0.0730996 0.9260451 0.0202943 0.3697096
92.448600 -1.7388730 -3.0221953 35.6347580 0.0677091 0.9302883 0.0202278 0.3599585
92.552220 -1.7081963 -3.0234871 35.6005096 0.0620656 0.9343923 0.0207111 0.3501856
92.655970 -1.6782027 -3.0239313 35.5647392 0.0588725 0.9383464 0.0228663 0.3398781
92.759720 -1.6483579 -3.0241985 35.5281334 0.0529333 0.9425266 0.0246849 0.3289868
92.863470 -1.6199175 -3.0243313 35.4910202 0.0466869 0.9467107 0.0265597 0.3175749
92.967220 -1.5916449 -3.0237648 35.4529037 0.0422191 0.9508971 0.0266943 0.3054499
93.070970 -1.5646825 -3.0229774 35.4134636 0.0408816 0.9549179 0.0279083 0.2927143
93.174720 -1.5389951 -3.0219164 35.3731499 0.0398448 0.9587768 0.0293694 0.2798157
93.278470 -1.5143563 -3.0207374 35.3318787 0.0384625 0.9624033 0.0322381 0.2669479
93.382090 -1.4907478 -3.0192778 35.2898140 0.0383698 0.9655868 0.0352926 0.2548025
93.485840 -1.4680884 -3.0174389 35.2469177 0.0389458 0.9681902 0.0377747 0.2442623
93.589470 -1.4458013 -3.0153339 35.2035065 0.0388741 0.9701752 0.0399687 0.2359054
93.693120 -1.4234877 -3.0129564 35.1593056 0.0375993 0.9714806 0.0416949 0.2303764
93.796720 -1.4013033 -3.0103266 35.1147385 0.0361915 0.9721761 0.0442106 0.2271767
93.900350 -1.3785607 -3.0074375 35.0698166 0.0335308 0.9725235 0.0463560 0.2256652
94.003970 -1.3551668 -3.0043716 35.0243530 0.0292987 0.9726645 0.0471573 0.2254805
94.107640 -1.3313514 -3.0010080 34.9786568 0.0260393 0.9727558 0.0454815 0.2258308
94.211350 -1.3080121 -2.9980803 34.9322128 0.0254387 0.9725681 0.0423882 0.2273048
94.314990 -1.2842280 -2.9953024 34.8861351 0.0263672 0.9722480 0.0384975 0.2292522
94.418590 -1.2598990 -2.9928753 34.8392258 0.0265800 0.9716567 0.0356883 0.2321706
94.522220 -1.2351586 -2.9905770 34.7915726 0.0281411 0.9709659 0.0354074 0.2349035
94.625970 -1.2094361 -2.9879951 34.7433128 0.0270399 0.9702390 0.0358592 0.2379478
94.729720 -1.1832216 -2.9857819 34.6952171 0.0253727 0.9698159 0.0347587 0.2400106
94.833490 -1.1565024 -2.9835517 34.6467972 0.0244448 0.9697596 0.0316210 0.2407671
94.937220 -1.1297016 -2.9811485 34.5975761 0.0245511 0.9698787 0.0288135 0.2406292
95.040970 -1.1026080 -2.9794011 34.5472527 0.0233978 0.9697804 0.0285275 0.2411735
95.144720 -1.0750970 -2.9778936 34.4972076 0.0235885 0.9696695 0.0290823 0.2415346
95.248350 -1.0477446 -2.9759893 34.4463272 0.0245163 0.9693940 0.0306762 0.2423494
95.352090 -1.0203408 -2.9738371 34.3952942 0.0256781 0.9691305 0.0323501 0.2430641
95.455870 -0.9920779 -2.9720011 34.3441925 0.0249826 0.9687671 0.0343056 0.2443138
95.559540 -0.9640621 -2.9697299 34.2930679 0.0258430 0.9683152 0.0346530 0.2459611
95.663110 -0.9358906 -2.9677000 34.2422295 0.0271083 0.9678261 0.0349450 0.2477028
95.766850 -0.9075501 -2.9655099 34.1916504 0.0276067 0.9672804 0.0353617 0.2497118
95.870470 -0.8792770 -2.9633856 34.1407700 0.0293286 0.9666146 0.0366144 0.2519036
95.974250 -0.8505033 -2.9613724 34.0905647 0.0299164 0.9660282 0.0361391 0.2541426
96.077860 -0.8216574 -2.9593081 34.0406036 0.0297846 0.9655331 0.0348669 0.2562089
96.181600 -0.7926399 -2.9572082 33.9902611 0.0303640 0.9650714 0.0344885 0.2579257
96.285350 -0.7630409 -2.9551611 33.9404526 0.0298480 0.9648231 0.0358760 0.2587244
96.389100 -0.7339414 -2.9531615 33.8904381 0.0300630 0.9645477 0.0366358 0.2596186
96.492870 -0.7051040 -2.9512181 33.8414917 0.0298665 0.9643432 0.0354776 0.2605600
96.596600 -0.6764939 -2.9494145 33.7929955 0.0306621 0.9642387 0.0343096 0.2610103
96.700350 -0.6477292 -2.9473450 33.7445793 0.0298109 0.9641652 0.0354386 0.2612297
96.803990 -0.6192237 -2.9454629 33.6965523 0.0292424 0.9641701 0.0369401 0.2610677
96.907730 -0.5910749 -2.9436948 33.6492767 0.0283293 0.9641039 0.0371191 0.2613873
97.011470 -0.5633433 -2.9416904 33.6021843 0.0290890 0.9640791 0.0358951 0.2615662
97.115100 -0.5359226 -2.9396918 33.5554352 0.0304579 0.9639200 0.0355756 0.2620400
97.218890 -0.5081899 -2.9378512 33.5092278 0.0301287 0.9637298 0.0356758 0.2627631
97.426220 -0.4539322 -2.9344776 33.4189453 0.0310233 0.9630616 0.0345684 0.2652452
97.529990 -0.4266843 -2.9327855 33.3747253 0.0302416 0.9627122 0.0355274 0.2664742
97.633720 -0.4000193 -2.9312882 33.3308105 0.0308099 0.9622387 0.0372394 0.2678820
97.737470 -0.3735965 -2.9299219 33.2881546 0.0304176 0.9618406 0.0373279 0.2693401
97.841240 -0.3476858 -2.9281018 33.2462997 0.0297837 0.9615566 0.0353063 0.2706943
98.152470 -0.2728584 -2.9240899 33.1264877 0.0291994 0.9608722 0.0352204 0.2731875
98.256230 -0.2487524 -2.9227338 33.0887642 0.0276931 0.9608364 0.0343748 0.2735781
98.359970 -0.2255447 -2.9215057 33.0522652 0.0266253 0.9606889 0.0339151 0.2742586
98.567470 -0.1814551 -2.9188664 32.9820061 0.0287938 0.9599901 0.0373332 0.2760363
98.878600 -0.1202970 -2.9153416 32.8879280 0.0262803 0.9591973 0.0385578 0.2788604
98.982350 -0.1022199 -2.9140337 32.8595924 0.0260922 0.9588803 0.0383494 0.2799948
99.189730 -0.0686391 -2.9124284 32.8073235 0.0285132 0.9584672 0.0373964 0.2812991
99.708350 -0.0006614 -2.9088085 32.7040787 0.0278888 0.9580694 0.0365228 0.2828273
99.915730 0.0195330 -2.9073880 32.6719398 0.0313451 0.9578753 0.0367714 0.2830907
100.123100 0.0375863 -2.9067619 32.6450310 0.0303822 0.9575967 0.0358281 0.2842565
101.056200 0.0988795 -2.9040751 32.5518417 0.0334981 0.9576221 0.0334685 0.2841084
101.160000 0.1052632 -2.9035933 32.5418701 0.0329516 0.9576073 0.0326518 0.2843175
101.678400 0.1365903 -2.9022832 32.4935875 0.0339331 0.9574461 0.0341047 0.2845740
102.300700 0.1698072 -2.9006944 32.4436493 0.0328728 0.9574695 0.0345219 0.2845694
102.508300 0.1786369 -2.9002941 32.4310379 0.0326855 0.9574576 0.0331976 0.2847886
103.856400 0.2361996 -2.8976514 32.3442764 0.0328154 0.9572979 0.0305349 0.2856071
104.063700 0.2486181 -2.8963106 32.3261452 0.0344108 0.9570081 0.0271585 0.2867295
104.685700 0.3081169 -2.8937109 32.2424202 0.0371696 0.9519746 0.0225219 0.3030766
104.789400 0.3212461 -2.8936291 32.2246399 0.0388744 0.9504699 0.0226648 0.3075420
104.996700 0.3506024 -2.8926339 32.1860275 0.0416855 0.9472182 0.0242511 0.3169416
105.204100 0.3845352 -2.8920860 32.1445694 0.0414357 0.9438519 0.0240050 0.3268797
105.411500 0.4221542 -2.8914742 32.0991631 0.0424659 0.9404700 0.0263160 0.3361850
105.618900 0.4637328 -2.8901875 32.0507011 0.0431439 0.9372362 0.0291114 0.3447890
105.826500 0.5095490 -2.8890181 32.0000267 0.0385191 0.9350941 0.0312113 0.3509147
105.930200 0.5335482 -2.8882613 31.9737873 0.0364501 0.9342757 0.0305014 0.3533695
106.137900 0.5841936 -2.8864548 31.9189739 0.0321509 0.9337254 0.0304978 0.3552368
106.241700 0.6102035 -2.8852997 31.8900585 0.0330095 0.9332198 0.0305637 0.3564787
106.345500 0.6374159 -2.8847568 31.8603325 0.0324556 0.9329417 0.0308305 0.3572336
106.553000 0.6933121 -2.8830628 31.7996426 0.0313364 0.9323980 0.0261501 0.3591216
106.760500 0.7519494 -2.8814690 31.7367306 0.0326357 0.9319437 0.0205540 0.3605459
106.968000 0.8136424 -2.8803711 31.6701164 0.0332427 0.9315340 0.0229340 0.3614047
107.071800 0.8455773 -2.8801024 31.6361275 0.0309161 0.9313011 0.0232594 0.3621897
107.279100 0.9115696 -2.8786197 31.5655651 0.0305232 0.9304086 0.0240822 0.3644561
107.382900 0.9456407 -2.8779011 31.5291080 0.0310696 0.9298495 0.0254024 0.3657448
107.486500 0.9801296 -2.8772366 31.4924889 0.0316350 0.9290472 0.0261167 0.3676799
107.590200 1.0156015 -2.8764305 31.4558067 0.0318145 0.9281181 0.0264479 0.3699800
107.693900 1.0514429 -2.8756952 31.4184418 0.0333419 0.9269865 0.0278421 0.3725710
107.797600 1.0874692 -2.8751359 31.3810482 0.0348448 0.9257881 0.0295437 0.3752724
107.901200 1.1238166 -2.8744657 31.3440895 0.0361095 0.9248977 0.0297167 0.3773291
108.108700 1.1965537 -2.8734069 31.2712307 0.0376374 0.9236531 0.0275423 0.3803810
108.212500 1.2330605 -2.8734343 31.2353210 0.0358830 0.9234972 0.0255515 0.3810675
108.316200 1.2696698 -2.8734837 31.1992340 0.0355080 0.9237462 0.0244814 0.3805690
108.420000 1.3061298 -2.8733723 31.1630287 0.0339056 0.9239600 0.0234648 0.3802600
108.523700 1.3425158 -2.8733568 31.1271343 0.0326240 0.9244297 0.0226426 0.3792791
108.627500 1.3785669 -2.8730094 31.0905437 0.0323234 0.9246799 0.0233938 0.3786488
108.731200 1.4144056 -2.8726516 31.0537434 0.0337654 0.9250307 0.0240650 0.3776228
108.835100 1.4506898 -2.8727396 31.0167217 0.0342330 0.9254942 0.0246875 0.3764029
108.938900 1.4871658 -2.8723364 30.9797192 0.0340404 0.9260581 0.0235452 0.3751043
109.146400 1.5596814 -2.8722620 30.9047890 0.0347413 0.9270378 0.0230831 0.3726408
109.353900 1.6320291 -2.8718600 30.8290958 0.0344380 0.9280462 0.0229479 0.3701590
109.561200 1.7045909 -2.8718643 30.7530785 0.0354853 0.9290516 0.0220908 0.3675812
109.665000 1.7410730 -2.8718307 30.7143536 0.0359319 0.9295546 0.0211972 0.3663164
109.768700 1.7775091 -2.8718202 30.6757183 0.0356079 0.9297880 0.0212898 0.3657500
109.872400 1.8140284 -2.8715842 30.6369495 0.0355881 0.9299158 0.0210671 0.3654397
109.976100 1.8509206 -2.8717818 30.5979671 0.0345808 0.9299623 0.0219159 0.3653684
110.287200 1.9618371 -2.8720090 30.4804630 0.0337840 0.9297902 0.0198656 0.3659975
110.494600 2.0361049 -2.8722622 30.4015255 0.0351237 0.9291499 0.0206202 0.3674527
110.598200 2.0740561 -2.8727326 30.3621559 0.0346657 0.9289917 0.0192546 0.3679701
110.702000 2.1117690 -2.8731382 30.3226852 0.0354474 0.9286612 0.0175973 0.3688120
110.805600 2.1495898 -2.8733940 30.2835121 0.0354077 0.9283402 0.0171231 0.3696452
111.012900 2.2253225 -2.8743503 30.2051697 0.0330222 0.9273723 0.0199898 0.3721432
111.116600 2.2630908 -2.8747466 30.1662273 0.0328109 0.9269127 0.0206680 0.3732683
111.220200 2.3006611 -2.8749549 30.1275654 0.0340522 0.9265136 0.0209818 0.3741294
111.324000 2.3381414 -2.8754733 30.0892525 0.0341113 0.9260865 0.0203067 0.3752172
111.427600 2.3754785 -2.8756435 30.0510445 0.0349159 0.9256544 0.0201691 0.3762153
111.531400 2.4126737 -2.8761339 30.0132027 0.0359995 0.9251616 0.0199576 0.3773351
111.635000 2.4501617 -2.8765018 29.9755363 0.0365223 0.9248838 0.0188085 0.3780240
111.738700 2.4873083 -2.8771510 29.9381866 0.0365964 0.9245200 0.0176343 0.3789625
111.842400 2.5245566 -2.8777604 29.9009151 0.0357696 0.9240724 0.0179072 0.3801184
111.946100 2.5620997 -2.8783169 29.8638058 0.0341152 0.9237505 0.0197333 0.3809616
112.049700 2.5994675 -2.8789675 29.8269310 0.0334871 0.9236139 0.0217650 0.3812377
112.153500 2.6363652 -2.8792863 29.7904453 0.0317882 0.9236379 0.0206144 0.3813891
112.257100 2.6730516 -2.8796372 29.7541618 0.0313785 0.9239405 0.0184155 0.3808021
112.360900 2.7093639 -2.8800595 29.7181454 0.0317015 0.9243054 0.0173991 0.3799367
112.464600 2.7447753 -2.8805051 29.6817379 0.0341497 0.9246699 0.0175491 0.3788289
112.568200 2.7801714 -2.8811040 29.6450691 0.0369090 0.9249914 0.0193030 0.3776984
112.672000 2.8153899 -2.8816421 29.6088829 0.0384410 0.9253042 0.0193823 0.3767741
112.775600 2.8503993 -2.8823001 29.5733833 0.0390505 0.9257181 0.0194885 0.3756876
112.879400 2.8845792 -2.8826857 29.5378323 0.0400618 0.9259891 0.0198296 0.3748948
112.983000 2.9186208 -2.8835428 29.5029526 0.0393379 0.9265208 0.0190068 0.3736984
113.086700 2.9517965 -2.8846464 29.4687500 0.0389026 0.9270481 0.0167152 0.3725438
113.190500 2.9842222 -2.8855591 29.4356155 0.0388785 0.9276119 0.0115401 0.3713375
113.294100 3.0155380 -2.8869517 29.4029388 0.0391441 0.9280160 0.0084772 0.3703811
113.397800 3.0464032 -2.8883486 29.3716030 0.0374611 0.9284468 0.0068528 0.3695082
113.501500 3.0759468 -2.8896925 29.3399982 0.0384051 0.9286641 0.0092005 0.3688135
113.709000 3.1320541 -2.8922064 29.2798309 0.0412092 0.9287897 0.0117231 0.3681222
114.123900 3.2308161 -2.8979290 29.1743774 0.0461099 0.9287419 0.0089165 0.3677404
114.538700 3.3156416 -2.9029152 29.0847912 0.0446235 0.9287561 0.0055282 0.3679542
114.642500 3.3355217 -2.9039104 29.0644207 0.0427764 0.9288631 0.0038065 0.3679253
114.746300 3.3548558 -2.9047515 29.0441570 0.0426973 0.9288825 0.0041981 0.3678813
115.057400 3.4096062 -2.9085383 28.9859829 0.0400747 0.9290651 0.0058849 0.3676921
115.576100 3.4919565 -2.9133139 28.8973560 0.0440078 0.9294568 0.0072936 0.3662241
115.783500 3.5220146 -2.9150331 28.8652363 0.0450766 0.9294853 0.0073220 0.3660214
116.094600 3.5639141 -2.9177399 28.8206425 0.0462439 0.9291998 0.0059951 0.3666242
116.405600 3.6012540 -2.9205658 28.7795963 0.0516238 0.9282575 0.0033027 0.3683232
116.820500 3.6465249 -2.9234171 28.7340488 0.0502160 0.9262674 0.0005170 0.3735062
117.442900 3.6968935 -2.9283550 28.6834412 0.0512351 0.9240074 -0.0005799 0.3789261
117.546700 3.7037699 -2.9289894 28.6767941 0.0506086 0.9241256 -0.0020244 0.3787170
117.961500 3.7265887 -2.9307458 28.6534348 0.0523259 0.9243155 -0.0037490 0.3780065
118.791000 3.7586055 -2.9336030 28.6215992 0.0522886 0.9236135 -0.0057404 0.3796986
121.798200 3.8016055 -2.9378455 28.5804520 0.0528472 0.9230915 -0.0090069 0.3808256
122.628000 3.8244596 -2.9399164 28.5567589 0.0531952 0.9227952 -0.0093008 0.3814875
122.835200 3.8320374 -2.9407494 28.5491390 0.0530484 0.9227983 -0.0090177 0.3815074
124.079600 3.8828015 -2.9463551 28.4969788 0.0556180 0.9226401 -0.0066338 0.3815728
124.287000 3.8896830 -2.9468896 28.4901485 0.0552934 0.9224607 -0.0063359 0.3820585
124.390600 3.8926983 -2.9472146 28.4873199 0.0549589 0.9224311 -0.0059558 0.3821845
