2.702273 0.0000000 0.0000000 0.0000000 0.0000000 0.0000000 0.0000000 1.0000000
2.909375 0.0034883 -0.0001151 0.0584276 0.0022382 0.0242886 0.0020388 0.9997004
3.012876 0.0058917 0.0000348 0.0893758 0.0024527 0.0319036 0.0029326 0.9994836
3.116499 0.0089305 -0.0004113 0.1208697 0.0018752 0.0377620 0.0034887 0.9992789
3.634758 0.0280482 -0.0024166 0.2967621 -0.0033833 0.0648251 0.0027157 0.9978872
3.738395 0.0334323 -0.0022540 0.3348675 -0.0038035 0.0701286 0.0029252 0.9975264
3.842137 0.0390840 -0.0023186 0.3737252 -0.0053959 0.0755540 0.0027373 0.9971234
4.257002 0.0679144 -0.0024498 0.5297447 -0.0108511 0.1012243 0.0022897 0.9948018
4.360751 0.0764480 -0.0021907 0.5691061 -0.0103961 0.1085099 0.0019037 0.9940392
4.464541 0.0861555 -0.0019714 0.6082004 -0.0096736 0.1167306 0.0022393 0.9931140
4.568398 0.0965548 -0.0017367 0.6476750 -0.0089594 0.1269697 0.0012888 0.9918653
4.880125 0.1343185 -0.0020827 0.7648011 -0.0087460 0.1714331 -0.0023014 0.9851543
4.984148 0.1499990 -0.0021853 0.8034911 -0.0083413 0.1882803 -0.0022448 0.9820774
5.088126 0.1672063 -0.0021353 0.8416645 -0.0074633 0.2048951 -0.0020623 0.9787533
5.192023 0.1853020 -0.0024835 0.8795208 -0.0065542 0.2209606 -0.0025330 0.9752574
5.295877 0.2046742 -0.0029346 0.9167469 -0.0052052 0.2369354 -0.0034481 0.9715053
5.399752 0.2256140 -0.0035079 0.9534845 -0.0026688 0.2526377 -0.0019952 0.9675552
5.503628 0.2477699 -0.0042885 0.9886647 0.0006657 0.2678319 0.0006402 0.9634652
5.711251 0.2958058 -0.0063423 1.0581262 0.0069328 0.2965646 0.0060054 0.9549688
5.815003 0.3217133 -0.0075246 1.0919335 0.0101083 0.3099166 0.0097233 0.9506603
5.918752 0.3483631 -0.0093617 1.1247331 0.0153717 0.3226546 0.0118023 0.9463184
6.022375 0.3754958 -0.0114066 1.1567442 0.0228358 0.3351193 0.0117616 0.9418255
6.229773 0.4311515 -0.0163933 1.2189612 0.0384413 0.3600450 0.0062643 0.9321216
6.437129 0.4901929 -0.0239201 1.2776519 0.0456577 0.3839970 0.0073946 0.9221752
6.540880 0.5208014 -0.0275908 1.3060874 0.0452539 0.3953787 0.0091546 0.9173571
6.644505 0.5525171 -0.0313759 1.3337185 0.0429067 0.4056381 0.0120719 0.9129463
6.851878 0.6151713 -0.0383052 1.3860899 0.0420151 0.4217879 0.0176088 0.9055493
7.370130 0.7728417 -0.0554290 1.5085137 0.0446044 0.4486927 0.0165998 0.8924180
7.577401 0.8392829 -0.0619278 1.5559201 0.0473365 0.4542978 0.0171209 0.8894265
7.681003 0.8734313 -0.0649175 1.5809565 0.0485112 0.4543144 0.0160111 0.8893754
7.991881 0.9778384 -0.0754809 1.6586963 0.0475395 0.4457358 0.0154394 0.8937680
8.303130 1.0852696 -0.0870159 1.7437084 0.0458306 0.4366067 0.0117136 0.8984080
8.407006 1.1229430 -0.0906782 1.7736748 0.0446993 0.4357477 0.0099777 0.8989029
8.510755 1.1599522 -0.0946483 1.8037391 0.0434170 0.4361751 0.0085641 0.8987730
9.029629 1.3560101 -0.1148829 1.9578762 0.0417191 0.4370649 0.0086229 0.8984205
9.133505 1.3977865 -0.1191771 1.9904033 0.0409113 0.4371558 0.0078075 0.8984209
9.237279 1.4377891 -0.1232752 2.0220733 0.0405320 0.4371339 0.0075500 0.8984510
9.548508 1.5588437 -0.1361501 2.1186521 0.0382755 0.4352464 0.0077339 0.8994641
9.755883 1.6385127 -0.1442540 2.1824327 0.0374504 0.4327362 0.0083793 0.9007034
9.963509 1.7185869 -0.1521561 2.2463007 0.0379573 0.4309478 0.0081473 0.9015414
10.067270 1.7581038 -0.1565317 2.2782426 0.0386211 0.4313691 0.0077237 0.9013154
10.171130 1.7972708 -0.1606128 2.3099368 0.0396263 0.4329863 0.0064880 0.9005057
10.378880 1.8772701 -0.1687867 2.3725624 0.0391939 0.4379829 0.0065480 0.8981046
10.586510 1.9577711 -0.1769471 2.4347444 0.0369506 0.4435985 0.0066550 0.8954388
10.794130 2.0362177 -0.1850738 2.4934030 0.0392797 0.4488789 0.0072995 0.8926990
11.001750 2.1158469 -0.1934280 2.5514107 0.0399083 0.4531493 0.0056681 0.8905228
11.105390 2.1555429 -0.1971394 2.5799220 0.0395883 0.4548369 0.0061823 0.8896729
11.209130 2.1954699 -0.2009519 2.6083226 0.0360021 0.4559768 0.0087445 0.8892202
11.312890 2.2355728 -0.2046419 2.6366258 0.0312090 0.4569318 0.0108162 0.8888882
11.416630 2.2747128 -0.2078882 2.6648462 0.0304621 0.4578873 0.0118749 0.8884088
11.520390 2.3130577 -0.2110128 2.6926017 0.0327809 0.4586840 0.0103977 0.8879337
11.624010 2.3519816 -0.2142266 2.7199533 0.0361317 0.4593720 0.0097072 0.8874557
11.727800 2.3908083 -0.2176308 2.7469971 0.0378042 0.4595190 0.0119687 0.8872823
11.831510 2.4299357 -0.2211833 2.7742953 0.0383115 0.4594599 0.0137666 0.8872651
11.935260 2.4684715 -0.2245300 2.8018935 0.0365353 0.4593351 0.0138208 0.8874038
12.038930 2.5073223 -0.2275045 2.8293507 0.0342002 0.4588933 0.0143103 0.8877176
12.142640 2.5456824 -0.2306016 2.8570902 0.0308066 0.4585954 0.0141424 0.8879984
12.246380 2.5836108 -0.2333367 2.8849807 0.0283587 0.4583711 0.0104087 0.8882473
12.350150 2.6214225 -0.2359794 2.9129903 0.0261850 0.4577192 0.0075799 0.8886788
12.453880 2.6595037 -0.2390401 2.9400191 0.0263086 0.4564786 0.0095957 0.8892936
12.557630 2.6976092 -0.2419661 2.9672546 0.0278057 0.4548723 0.0110887 0.8900534
12.661390 2.7349739 -0.2446857 2.9946043 0.0294115 0.4520657 0.0117359 0.8914224
12.765050 2.7723753 -0.2475649 3.0220952 0.0302708 0.4478153 0.0141482 0.8935015
12.868760 2.8094540 -0.2504551 3.0497518 0.0317167 0.4435162 0.0174390 0.8955352
12.972400 2.8455286 -0.2531441 3.0784483 0.0313840 0.4385527 0.0162392 0.8980105
13.076170 2.8815639 -0.2557396 3.1076617 0.0303765 0.4329530 0.0154511 0.9007720
13.179930 2.9169686 -0.2586343 3.1367207 0.0286350 0.4269024 0.0164277 0.9036949
13.283680 2.9522069 -0.2614478 3.1663957 0.0283660 0.4209751 0.0164349 0.9064796
13.387430 2.9865565 -0.2636474 3.1966603 0.0281780 0.4149914 0.0164730 0.9092396
13.491130 3.0202081 -0.2660666 3.2267487 0.0288516 0.4089026 0.0167380 0.9119683
13.594890 3.0532830 -0.2693219 3.2572472 0.0308575 0.4027286 0.0159968 0.9146593
13.698760 3.0864623 -0.2719556 3.2880764 0.0356486 0.3967444 0.0152814 0.9171093
13.802490 3.1185050 -0.2750028 3.3191106 0.0380774 0.3903576 0.0140618 0.9197681
13.906260 3.1504045 -0.2783439 3.3512497 0.0365111 0.3846910 0.0140281 0.9222164
14.010030 3.1821499 -0.2817951 3.3833258 0.0348125 0.3785570 0.0143040 0.9248124
14.113800 3.2124178 -0.2851839 3.4152281 0.0351512 0.3736925 0.0124306 0.9268030
14.217640 3.2426872 -0.2886917 3.4477699 0.0374702 0.3703367 0.0089303 0.9280986
14.321530 3.2726166 -0.2922613 3.4802194 0.0399602 0.3677955 0.0050633 0.9290339
14.425390 3.3024354 -0.2959941 3.5129838 0.0410878 0.3661705 0.0032818 0.9296345
14.529260 3.3317165 -0.3000552 3.5451682 0.0409149 0.3643664 0.0028319 0.9303522
14.633120 3.3609679 -0.3041806 3.5772343 0.0409619 0.3618107 0.0029678 0.9313465
14.736910 3.3906348 -0.3079033 3.6105886 0.0389791 0.3588957 0.0022975 0.9325606
14.840760 3.4196129 -0.3119103 3.6434541 0.0370592 0.3563346 0.0028983 0.9336187
14.944510 3.4484274 -0.3157547 3.6766841 0.0355232 0.3535224 0.0020949 0.9347489
15.048260 3.4769304 -0.3194480 3.7103167 0.0345012 0.3506304 -0.0018943 0.9358763
15.152010 3.5040922 -0.3229555 3.7438424 0.0345224 0.3479148 -0.0058268 0.9368722
15.255760 3.5319302 -0.3267619 3.7767110 0.0365012 0.3444859 -0.0057789 0.9380638
15.359530 3.5598233 -0.3305223 3.8098793 0.0381972 0.3408476 -0.0054689 0.9393263
15.463280 3.5869198 -0.3340870 3.8433146 0.0373213 0.3376496 -0.0059785 0.9405127
15.567140 3.6139383 -0.3380717 3.8770049 0.0349209 0.3342658 -0.0052436 0.9418171
15.670890 3.6407506 -0.3419462 3.9109278 0.0334306 0.3307838 -0.0054778 0.9430983
15.774640 3.6670277 -0.3456457 3.9449017 0.0348753 0.3276102 -0.0068522 0.9441442
15.878390 3.6931350 -0.3493667 3.9788847 0.0362630 0.3244485 -0.0069858 0.9451822
16.086050 3.7437756 -0.3569849 4.0465393 0.0360797 0.3176476 -0.0083801 0.9474851
16.189760 3.7696173 -0.3608944 4.0813742 0.0361079 0.3138632 -0.0065264 0.9487590
16.293510 3.7947819 -0.3648070 4.1159830 0.0367629 0.3101759 -0.0049941 0.9499550
16.397260 3.8177981 -0.3686783 4.1454802 0.0368329 0.3063706 -0.0044234 0.9511892
16.604760 3.8660994 -0.3766657 4.2157388 0.0347647 0.3002963 -0.0090448 0.9531693
16.708640 3.8901761 -0.3801554 4.2511077 0.0350005 0.2982724 -0.0078245 0.9538068
16.812390 3.9142411 -0.3840106 4.2859631 0.0350723 0.2958821 -0.0071051 0.9545540
16.916160 3.9380131 -0.3878154 4.3208461 0.0357184 0.2934950 -0.0068012 0.9552689
17.020010 3.9620779 -0.3915006 4.3559079 0.0355819 0.2904604 -0.0035147 0.9562188
17.123760 3.9856975 -0.3953086 4.3911467 0.0351531 0.2878430 0.0004356 0.9570321
17.227520 4.0090127 -0.3988786 4.4264078 0.0349400 0.2854851 0.0012848 0.9577452
17.331410 4.0319357 -0.4023775 4.4617400 0.0356000 0.2832850 -0.0000713 0.9583748
17.435140 4.0542855 -0.4059342 4.4971471 0.0364119 0.2816318 -0.0009702 0.9588310
17.539040 4.0768576 -0.4096529 4.5326762 0.0360488 0.2806782 -0.0020977 0.9591224
17.642890 4.0992804 -0.4132087 4.5683374 0.0354691 0.2802534 -0.0022534 0.9592679
17.746640 4.1220603 -0.4167292 4.6038280 0.0333777 0.2796109 -0.0008148 0.9595327
17.850540 4.1444969 -0.4202468 4.6395144 0.0308533 0.2790875 -0.0005653 0.9597697
17.954270 4.1665573 -0.4235385 4.6745648 0.0301222 0.2786334 0.0000826 0.9599251
18.161890 4.2104106 -0.4300601 4.7443032 0.0343131 0.2780185 -0.0010935 0.9599620
18.265770 4.2319531 -0.4333192 4.7791739 0.0337135 0.2781536 -0.0027549 0.9599408
18.369580 4.2536092 -0.4370650 4.8140192 0.0329398 0.2779016 -0.0035513 0.9600380
18.473380 4.2751293 -0.4406230 4.8481512 0.0334563 0.2776274 -0.0013853 0.9601051
18.577160 4.2963743 -0.4438763 4.8820853 0.0345622 0.2771371 -0.0027283 0.9602047
18.680990 4.3167310 -0.4473659 4.9164505 0.0343897 0.2776455 -0.0077042 0.9600370
18.888520 4.3586111 -0.4544367 4.9847684 0.0368058 0.2774485 -0.0100882 0.9599822
18.992370 4.3796635 -0.4583701 5.0181236 0.0372231 0.2769993 -0.0091352 0.9601054
19.096040 4.4007592 -0.4621481 5.0513620 0.0378479 0.2759412 -0.0094284 0.9603828
19.199890 4.4219408 -0.4657940 5.0840755 0.0381325 0.2746969 -0.0042590 0.9607650
19.303520 4.4426465 -0.4697930 5.1166158 0.0368423 0.2727925 -0.0004457 0.9613671
19.407390 4.4615827 -0.4734730 5.1482654 0.0344543 0.2722357 0.0019454 0.9616116
19.511150 4.4813995 -0.4767730 5.1810718 0.0341632 0.2705535 0.0023260 0.9620958
19.614770 4.5014391 -0.4799652 5.2137156 0.0368648 0.2679388 0.0021209 0.9627280
19.718390 4.5203090 -0.4835171 5.2457914 0.0383930 0.2647339 0.0026734 0.9635532
19.822140 4.5389328 -0.4864430 5.2783470 0.0387659 0.2608452 0.0019902 0.9646000
19.925670 4.5577402 -0.4897765 5.3113732 0.0370631 0.2559946 0.0039549 0.9659593
20.029410 4.5763617 -0.4930765 5.3445239 0.0366474 0.2499434 0.0057064 0.9675499
20.132890 4.5942721 -0.4963406 5.3776665 0.0382953 0.2432381 0.0075510 0.9691809
20.236640 4.6107030 -0.4996052 5.4107294 0.0387899 0.2365853 0.0073405 0.9708083
20.340390 4.6273131 -0.5028018 5.4442601 0.0390194 0.2299362 0.0077189 0.9723926
20.444020 4.6434445 -0.5062237 5.4777622 0.0400424 0.2231690 0.0078866 0.9739251
20.547770 4.6581502 -0.5101252 5.5103722 0.0427353 0.2165866 0.0057727 0.9753105
20.651520 4.6718640 -0.5135000 5.5437922 0.0467312 0.2108832 0.0004759 0.9763935
20.755270 4.6855216 -0.5172440 5.5761309 0.0502082 0.2040032 -0.0018965 0.9776800
20.859140 4.6990829 -0.5209514 5.6093550 0.0507687 0.1976998 -0.0024414 0.9789440
20.962890 4.7121849 -0.5250151 5.6427526 0.0484561 0.1919933 -0.0040344 0.9801909
21.066770 4.7249155 -0.5290236 5.6762009 0.0470056 0.1867133 -0.0059342 0.9812713
21.170640 4.7367659 -0.5331033 5.7083135 0.0500260 0.1820916 -0.0082564 0.9819735
21.274520 4.7482982 -0.5370000 5.7409706 0.0537662 0.1790490 -0.0104091 0.9823148
21.378530 4.7608171 -0.5410782 5.7740211 0.0549639 0.1771823 -0.0119136 0.9825698
21.482520 4.7725406 -0.5452739 5.8068461 0.0524239 0.1774239 -0.0129870 0.9826514
21.586400 4.7843776 -0.5499644 5.8393679 0.0501461 0.1783916 -0.0131214 0.9825933
21.690420 4.7964897 -0.5541184 5.8715334 0.0488011 0.1797701 -0.0119006 0.9824253
21.794280 4.8086205 -0.5579388 5.9034505 0.0492550 0.1811898 -0.0109371 0.9821530
21.898270 4.8210816 -0.5621011 5.9352999 0.0492590 0.1829354 -0.0101906 0.9818372
22.002150 4.8332229 -0.5662096 5.9669752 0.0483620 0.1853669 -0.0104284 0.9814232
22.106150 4.8457494 -0.5698832 5.9985156 0.0485308 0.1879474 -0.0109318 0.9809185
22.210070 4.8580937 -0.5737207 6.0296001 0.0475019 0.1908855 -0.0114989 0.9803948
22.313900 4.8710599 -0.5776173 6.0609498 0.0463460 0.1938174 -0.0104355 0.9798867
22.417770 4.8841257 -0.5814537 6.0917854 0.0461384 0.1962126 -0.0106066 0.9794179
22.521520 4.8967829 -0.5849088 6.1225290 0.0468961 0.1989453 -0.0117686 0.9788172
22.625400 4.9093599 -0.5887611 6.1530557 0.0479504 0.2011980 -0.0124158 0.9782975
22.729170 4.9224167 -0.5925674 6.1831450 0.0491093 0.2023120 -0.0126731 0.9780069
22.832900 4.9355330 -0.5962903 6.2130523 0.0500969 0.2029349 -0.0111136 0.9778467
22.936520 4.9484453 -0.5999512 6.2427602 0.0496487 0.2026199 -0.0095302 0.9779516
23.040140 4.9614305 -0.6038833 6.2723532 0.0479451 0.2004151 -0.0078537 0.9785057
23.143770 4.9734578 -0.6077223 6.3017502 0.0480375 0.1968899 -0.0073069 0.9792208
23.247420 4.9851661 -0.6112579 6.3308969 0.0488645 0.1913334 -0.0061167 0.9802889
23.351020 4.9965763 -0.6148742 6.3600259 0.0490834 0.1840853 -0.0047731 0.9816723
23.454650 5.0068731 -0.6182086 6.3890796 0.0480012 0.1765860 -0.0051436 0.9831006
23.558270 5.0164800 -0.6216711 6.4185667 0.0452484 0.1688784 -0.0073111 0.9845706
23.662020 5.0256796 -0.6249885 6.4479170 0.0418192 0.1608988 -0.0075074 0.9860560
23.765650 5.0346584 -0.6280388 6.4773703 0.0382193 0.1523663 -0.0070627 0.9875596
23.869400 5.0427599 -0.6309816 6.5067573 0.0344529 0.1438838 -0.0069584 0.9889702
23.973020 5.0502324 -0.6337401 6.5360980 0.0313143 0.1354990 -0.0075962 0.9902534
24.076780 5.0571775 -0.6364477 6.5651898 0.0300436 0.1266346 -0.0078691 0.9914631
24.180540 5.0637870 -0.6388271 6.5943327 0.0295673 0.1175939 -0.0072915 0.9925947
24.284160 5.0693755 -0.6411707 6.6231518 0.0289921 0.1091050 -0.0081024 0.9935743
24.387900 5.0746508 -0.6432983 6.6522079 0.0279184 0.1009679 -0.0106499 0.9944409
24.491650 5.0795512 -0.6454670 6.6812048 0.0258461 0.0937221 -0.0116025 0.9951952
24.595400 5.0845170 -0.6475928 6.7097349 0.0243673 0.0873277 -0.0097849 0.9958335
24.803110 5.0927839 -0.6518484 6.7660484 0.0251724 0.0768327 -0.0112026 0.9966632
24.906780 5.0960808 -0.6539699 6.7936492 0.0281941 0.0722467 -0.0135483 0.9968961
25.114270 5.1032462 -0.6581144 6.8482451 0.0370815 0.0631059 -0.0114031 0.9972525
25.218040 5.1065326 -0.6603245 6.8764277 0.0361127 0.0597404 -0.0109215 0.9975007
25.321770 5.1092839 -0.6625234 6.9049988 0.0318274 0.0567351 -0.0120326 0.9978093
25.529390 5.1146607 -0.6670666 6.9629021 0.0215332 0.0538914 -0.0140861 0.9982152
25.633210 5.1178265 -0.6691878 6.9910517 0.0216295 0.0532917 -0.0123608 0.9982682
25.737020 5.1209989 -0.6709015 7.0192647 0.0233175 0.0524710 -0.0106253 0.9982936
25.840800 5.1239390 -0.6725951 7.0477161 0.0236699 0.0516554 -0.0089370 0.9983444
26.048150 5.1292391 -0.6760262 7.1051717 0.0201686 0.0493768 -0.0097136 0.9985293
26.255540 5.1343660 -0.6793272 7.1635466 0.0163684 0.0455371 -0.0089370 0.9987885
26.359150 5.1367097 -0.6807207 7.1928158 0.0154373 0.0422934 -0.0080111 0.9989538
26.566610 5.1405058 -0.6836210 7.2518463 0.0134333 0.0331693 -0.0062986 0.9993396
26.670290 5.1420941 -0.6851918 7.2820082 0.0141423 0.0271851 -0.0070618 0.9995054
26.877670 5.1431756 -0.6875979 7.3411860 0.0173727 0.0150908 -0.0087096 0.9996973
27.292530 5.1417770 -0.6933965 7.4637356 0.0142554 -0.0093926 -0.0095724 0.9998084
27.396270 5.1402645 -0.6948270 7.4950237 0.0126786 -0.0143782 -0.0117625 0.9997470
27.500020 5.1386251 -0.6959731 7.5265722 0.0125572 -0.0182641 -0.0136732 0.9996608
27.707780 5.1354885 -0.6984699 7.5910478 0.0093815 -0.0217446 -0.0123008 0.9996439
27.811650 5.1344595 -0.6996536 7.6234169 0.0106499 -0.0219932 -0.0101179 0.9996502
28.019400 5.1315179 -0.7019771 7.6895223 0.0126179 -0.0209102 -0.0077945 0.9996713
28.123280 5.1304402 -0.7029698 7.7232833 0.0124485 -0.0209272 -0.0061930 0.9996843
28.227150 5.1291561 -0.7041079 7.7570744 0.0101197 -0.0205553 -0.0044873 0.9997274
28.330900 5.1278548 -0.7054875 7.7910924 0.0084696 -0.0199943 -0.0043577 0.9997547
28.434770 5.1264358 -0.7069002 7.8251147 0.0071249 -0.0189935 -0.0039550 0.9997864
28.538650 5.1251507 -0.7077571 7.8593965 0.0070121 -0.0183582 -0.0044562 0.9997969
28.642420 5.1235852 -0.7087776 7.8938484 0.0066075 -0.0171423 -0.0053325 0.9998170
28.746150 5.1223741 -0.7101306 7.9280777 0.0069731 -0.0163578 -0.0053623 0.9998275
28.849900 5.1214385 -0.7113745 7.9626098 0.0089812 -0.0159227 -0.0049159 0.9998208
28.953800 5.1202440 -0.7123165 7.9968004 0.0123993 -0.0153642 -0.0054415 0.9997903
29.057520 5.1188650 -0.7136010 8.0310040 0.0132730 -0.0146774 -0.0065885 0.9997824
29.161270 5.1175785 -0.7149760 8.0653610 0.0116434 -0.0138260 -0.0073120 0.9998099
29.264900 5.1166282 -0.7165362 8.0997524 0.0094586 -0.0133313 -0.0079886 0.9998345
29.368650 5.1155143 -0.7177305 8.1338387 0.0092801 -0.0119407 -0.0097076 0.9998385
29.472530 5.1146226 -0.7190434 8.1677675 0.0087215 -0.0092458 -0.0111965 0.9998565
29.576300 5.1146111 -0.7200553 8.2014580 0.0082104 -0.0059101 -0.0107057 0.9998915
29.680170 5.1146164 -0.7213964 8.2350740 0.0081959 -0.0011643 -0.0100850 0.9999149
29.783900 5.1151786 -0.7229129 8.2686939 0.0093116 0.0040613 -0.0085667 0.9999117
29.887780 5.1161003 -0.7240468 8.3022556 0.0110674 0.0096083 -0.0086786 0.9998549
29.991660 5.1169777 -0.7251770 8.3363428 0.0105502 0.0158328 -0.0103388 0.9997655
30.199280 5.1211443 -0.7274296 8.4042015 0.0037586 0.0259166 -0.0050642 0.9996442
30.303050 5.1230979 -0.7283649 8.4382057 0.0009875 0.0296739 -0.0046962 0.9995481
30.406780 5.1248312 -0.7289628 8.4723024 -0.0004181 0.0320181 -0.0075424 0.9994587
30.614030 5.1293387 -0.7302764 8.5409269 -0.0014541 0.0342235 -0.0063988 0.9993927
30.717780 5.1313572 -0.7307603 8.5752544 -0.0004759 0.0348291 -0.0066290 0.9993712
30.821410 5.1332088 -0.7313704 8.6095524 -0.0000435 0.0351894 -0.0084657 0.9993448
30.925160 5.1350865 -0.7318466 8.6441870 -0.0005425 0.0351605 -0.0091579 0.9993396
31.028780 5.1371031 -0.7323704 8.6787415 -0.0012753 0.0343629 -0.0097342 0.9993612
31.132530 5.1393900 -0.7329903 8.7135258 -0.0019952 0.0335833 -0.0089698 0.9993937
31.340050 5.1439700 -0.7338856 8.7840080 -0.0026311 0.0308659 -0.0067421 0.9994974
31.443650 5.1456194 -0.7343609 8.8189411 -0.0036991 0.0288039 -0.0076334 0.9995491
31.547410 5.1470094 -0.7346366 8.8544474 -0.0061943 0.0262647 -0.0085197 0.9995995
31.651030 5.1485920 -0.7348340 8.8899794 -0.0082982 0.0234378 -0.0088450 0.9996517
31.754790 5.1497483 -0.7349990 8.9255781 -0.0086006 0.0212832 -0.0096753 0.9996897
31.858530 5.1505151 -0.7353432 8.9608479 -0.0071290 0.0189960 -0.0125456 0.9997154
32.066030 5.1511459 -0.7355615 9.0314331 -0.0041646 0.0145743 -0.0173549 0.9997345
32.273410 5.1518393 -0.7365481 9.1032591 -0.0040027 0.0102489 -0.0194739 0.9997498
32.377150 5.1520400 -0.7367194 9.1388607 -0.0025295 0.0081903 -0.0197895 0.9997674
32.480910 5.1521702 -0.7370127 9.1751242 -0.0023870 0.0058331 -0.0197470 0.9997851
32.584530 5.1521749 -0.7375888 9.2108526 -0.0032310 0.0032859 -0.0196725 0.9997959
32.688280 5.1520443 -0.7382191 9.2467833 -0.0028941 0.0010253 -0.0179428 0.9998343
32.791900 5.1521211 -0.7387489 9.2824879 -0.0024151 -0.0013863 -0.0165040 0.9998599
32.895660 5.1515841 -0.7391325 9.3184671 -0.0014775 -0.0035920 -0.0170258 0.9998475
32.999410 5.1507058 -0.7396596 9.3545694 -0.0027262 -0.0059901 -0.0195292 0.9997876
33.103170 5.1495419 -0.7401542 9.3905296 -0.0035185 -0.0083490 -0.0211633 0.9997350
33.206780 5.1486850 -0.7409306 9.4263287 -0.0018286 -0.0105964 -0.0199091 0.9997439
33.310530 5.1474142 -0.7416704 9.4615583 0.0017718 -0.0127455 -0.0195458 0.9997262
33.414280 5.1455488 -0.7421132 9.4970608 0.0040064 -0.0143412 -0.0227934 0.9996293
33.518170 5.1435995 -0.7426469 9.5328741 0.0021594 -0.0157828 -0.0257699 0.9995410
33.621780 5.1420045 -0.7432295 9.5689278 -0.0033449 -0.0169535 -0.0258982 0.9995152
33.725530 5.1408181 -0.7434322 9.6052551 -0.0092791 -0.0179061 -0.0236216 0.9995175
33.933050 5.1375494 -0.7436920 9.6776342 -0.0151886 -0.0199525 -0.0255220 0.9993597
34.036660 5.1355619 -0.7435371 9.7133150 -0.0128816 -0.0213903 -0.0254196 0.9993650
34.140410 5.1338406 -0.7431163 9.7491827 -0.0095357 -0.0238138 -0.0247417 0.9993647
34.244030 5.1317458 -0.7429905 9.7849035 -0.0072337 -0.0262669 -0.0248481 0.9993199
34.347780 5.1294174 -0.7431222 9.8203964 -0.0059785 -0.0284496 -0.0242911 0.9992822
34.451530 5.1266527 -0.7433034 9.8560038 -0.0049187 -0.0304831 -0.0241824 0.9992306
34.555160 5.1244459 -0.7431631 9.8924866 -0.0053814 -0.0327972 -0.0240564 0.9991580
34.762530 5.1189418 -0.7434501 9.9646730 -0.0109294 -0.0361552 -0.0222088 0.9990396
34.866280 5.1160302 -0.7433237 10.0008802 -0.0138644 -0.0374252 -0.0220201 0.9989606
34.970030 5.1130843 -0.7428442 10.0373697 -0.0163464 -0.0385019 -0.0212877 0.9988980
35.073910 5.1100850 -0.7423738 10.0739746 -0.0199254 -0.0393700 -0.0205717 0.9988142
35.177560 5.1070466 -0.7416711 10.1100607 -0.0202239 -0.0403558 -0.0208192 0.9987637
35.385050 5.0998187 -0.7409768 10.1813993 -0.0090058 -0.0416623 -0.0255686 0.9987639
35.592410 5.0934253 -0.7403848 10.2537537 -0.0059513 -0.0420868 -0.0251576 0.9987795
35.696160 5.0897813 -0.7405358 10.2905617 -0.0091570 -0.0421021 -0.0255020 0.9987458
35.799780 5.0866485 -0.7407746 10.3268633 -0.0098505 -0.0429523 -0.0249804 0.9987162
36.007180 5.0807567 -0.7403453 10.3998308 -0.0094921 -0.0446148 -0.0212029 0.9987341
36.110910 5.0773411 -0.7400531 10.4367332 -0.0118362 -0.0453543 -0.0213593 0.9986724
36.214530 5.0736628 -0.7399057 10.4733963 -0.0132762 -0.0458057 -0.0221337 0.9986169
36.318290 5.0700560 -0.7395072 10.5098286 -0.0128459 -0.0465513 -0.0229546 0.9985695
36.422040 5.0663786 -0.7393147 10.5462570 -0.0107580 -0.0471636 -0.0221892 0.9985827
36.525780 5.0626006 -0.7390520 10.5828295 -0.0099010 -0.0479783 -0.0217245 0.9985630
36.629530 5.0588598 -0.7387541 10.6193218 -0.0108908 -0.0489616 -0.0204454 0.9985320
36.733280 5.0548749 -0.7385617 10.6562338 -0.0124200 -0.0508532 -0.0205731 0.9984170
36.940790 5.0465479 -0.7381203 10.7295504 -0.0132632 -0.0553832 -0.0195165 0.9981863
37.044540 5.0420923 -0.7377685 10.7662640 -0.0123975 -0.0577940 -0.0202076 0.9980470
37.148290 5.0369706 -0.7377383 10.8025751 -0.0108187 -0.0600108 -0.0223895 0.9978880
37.252040 5.0320368 -0.7375950 10.8392229 -0.0088154 -0.0630061 -0.0218247 0.9977356
37.355660 5.0270586 -0.7374932 10.8757944 -0.0078221 -0.0671782 -0.0201377 0.9975071
37.459410 5.0215998 -0.7374535 10.9121971 -0.0074512 -0.0721166 -0.0180561 0.9972049
37.563030 5.0159960 -0.7376156 10.9488249 -0.0081070 -0.0780945 -0.0154056 0.9967939
37.770280 5.0023685 -0.7373503 11.0212870 -0.0090476 -0.0932193 -0.0149830 0.9954917
37.874040 4.9947186 -0.7372813 11.0576420 -0.0115340 -0.1010533 -0.0146563 0.9947062
38.081530 4.9771485 -0.7367858 11.1289253 -0.0136044 -0.1144526 -0.0184324 0.9931645
38.185280 4.9676523 -0.7362433 11.1643753 -0.0119158 -0.1196785 -0.0214854 0.9925086
38.289160 4.9580073 -0.7358291 11.2000866 -0.0105739 -0.1231399 -0.0239313 0.9920444
38.393160 4.9483209 -0.7355777 11.2358847 -0.0101121 -0.1240691 -0.0269132 0.9918570
38.601160 4.9294314 -0.7352405 11.3074312 -0.0058335 -0.1177745 -0.0345071 0.9924235
38.705160 4.9211049 -0.7351062 11.3434448 -0.0032603 -0.1123056 -0.0353535 0.9930393
38.913290 4.9064174 -0.7353519 11.4154825 -0.0037676 -0.0998859 -0.0312322 0.9945015
39.017160 4.8992524 -0.7356285 11.4513741 -0.0039782 -0.0940687 -0.0333867 0.9949978
39.121160 4.8930807 -0.7358382 11.4867725 -0.0044952 -0.0886720 -0.0318875 0.9955402
39.225040 4.8875175 -0.7361081 11.5225906 -0.0034982 -0.0839421 -0.0298175 0.9960183
39.432660 4.8765697 -0.7367113 11.5941639 -0.0016244 -0.0746586 -0.0291798 0.9967808
39.640160 4.8657036 -0.7368759 11.6652060 -0.0047148 -0.0677137 -0.0327163 0.9971571
39.743820 4.8606234 -0.7370760 11.7016821 -0.0078070 -0.0645669 -0.0339878 0.9973038
39.951290 4.8513689 -0.7367343 11.7741098 -0.0082208 -0.0605933 -0.0354205 0.9975000
40.158660 4.8422031 -0.7372166 11.8455524 0.0021234 -0.0586839 -0.0387990 0.9975201
40.366160 4.8331852 -0.7383590 11.9180555 0.0055221 -0.0572405 -0.0391446 0.9975774
40.573540 4.8239665 -0.7399793 11.9916229 0.0020597 -0.0564100 -0.0388219 0.9976505
40.781040 4.8152637 -0.7411740 12.0662632 -0.0005094 -0.0578398 -0.0372539 0.9976304
40.988410 4.8055716 -0.7419045 12.1411304 -0.0007108 -0.0620901 -0.0370933 0.9973808
41.092170 4.8002548 -0.7422434 12.1785583 -0.0006346 -0.0640590 -0.0375201 0.9972403
41.195790 4.7947125 -0.7426472 12.2161751 -0.0008715 -0.0660511 -0.0393604 0.9970393
41.299420 4.7891908 -0.7428187 12.2537632 0.0003969 -0.0684182 -0.0395141 0.9968739
41.403160 4.7836146 -0.7431782 12.2914724 0.0019985 -0.0709966 -0.0375879 0.9967661
41.610540 4.7720585 -0.7444872 12.3673506 0.0048939 -0.0782044 -0.0353831 0.9962972
41.714170 4.7652841 -0.7448297 12.4054527 0.0041297 -0.0825966 -0.0359472 0.9959260
41.817920 4.7577567 -0.7452146 12.4436140 0.0013140 -0.0862145 -0.0376402 0.9955645
41.921540 4.7501779 -0.7455515 12.4820299 -0.0019828 -0.0901511 -0.0396674 0.9951358
42.025300 4.7420869 -0.7455480 12.5202885 -0.0051155 -0.0939420 -0.0420995 0.9946740
42.336290 4.7173042 -0.7457057 12.6354361 -0.0018871 -0.1071959 -0.0417127 0.9933607
42.543790 4.6991520 -0.7463633 12.7122192 0.0050783 -0.1162895 -0.0384073 0.9924595
42.647420 4.6896844 -0.7468945 12.7508450 0.0069752 -0.1206457 -0.0353336 0.9920421
42.751180 4.6797795 -0.7476149 12.7894030 0.0056097 -0.1246268 -0.0311481 0.9916988
42.854790 4.6695075 -0.7480028 12.8283720 0.0027542 -0.1293064 -0.0297498 0.9911545
42.958540 4.6587534 -0.7484483 12.8673048 -0.0011920 -0.1338067 -0.0282164 0.9906049
43.062290 4.6477208 -0.7486792 12.9061718 -0.0034819 -0.1382695 -0.0276275 0.9900031
43.166060 4.6359611 -0.7485988 12.9450788 -0.0045698 -0.1421971 -0.0281545 0.9894273
43.269790 4.6238661 -0.7487381 12.9838276 -0.0046256 -0.1464091 -0.0305885 0.9887403
43.477330 4.5987167 -0.7484779 13.0615911 -0.0069745 -0.1529498 -0.0322497 0.9876830
43.581040 4.5858903 -0.7482249 13.1006565 -0.0063307 -0.1556676 -0.0324426 0.9872563
43.684940 4.5728974 -0.7480818 13.1391668 -0.0041776 -0.1584209 -0.0310610 0.9868742
43.788690 4.5599651 -0.7479806 13.1779375 -0.0024841 -0.1618323 -0.0302032 0.9863529
43.892430 4.5465531 -0.7478259 13.2168379 -0.0025359 -0.1645065 -0.0302158 0.9859098
44.099960 4.5176349 -0.7476171 13.2950277 -0.0070454 -0.1692386 -0.0336366 0.9849758
44.203560 4.5035114 -0.7473020 13.3341541 -0.0064171 -0.1722108 -0.0335247 0.9844686
44.307300 4.4885545 -0.7471323 13.3728943 -0.0042934 -0.1747528 -0.0344307 0.9840008
44.411040 4.4736280 -0.7472042 13.4114714 -0.0017803 -0.1774696 -0.0335188 0.9835537
44.514790 4.4590693 -0.7473475 13.4503632 -0.0021294 -0.1803889 -0.0308065 0.9831105
44.618540 4.4441719 -0.7473840 13.4890184 -0.0030435 -0.1830970 -0.0285892 0.9826744
44.722330 4.4291878 -0.7475510 13.5279198 -0.0038658 -0.1861128 -0.0258568 0.9821805
44.826160 4.4139528 -0.7476199 13.5664282 -0.0040869 -0.1896098 -0.0237883 0.9815628
44.929790 4.3982530 -0.7475792 13.6051102 -0.0053084 -0.1923995 -0.0202250 0.9810939
45.033540 4.3822536 -0.7475373 13.6432428 -0.0063346 -0.1951888 -0.0217168 0.9805048
45.137340 4.3659616 -0.7474214 13.6812630 -0.0065608 -0.1972790 -0.0214695 0.9800903
45.241040 4.3496590 -0.7474313 13.7190609 -0.0055999 -0.2001141 -0.0215246 0.9795201
45.344810 4.3330417 -0.7473116 13.7565575 -0.0052096 -0.2025870 -0.0230531 0.9789790
45.448540 4.3168464 -0.7472851 13.7941236 -0.0058793 -0.2054182 -0.0197083 0.9784582
45.552290 4.3000679 -0.7473716 13.8315697 -0.0071218 -0.2085121 -0.0210822 0.9777666
45.656170 4.2830424 -0.7472766 13.8687582 -0.0058710 -0.2109210 -0.0203116 0.9772744
45.759920 4.2659621 -0.7469608 13.9059820 -0.0068728 -0.2135214 -0.0183321 0.9767422
45.863670 4.2484918 -0.7466776 13.9429855 -0.0075712 -0.2157869 -0.0208003 0.9761896
45.967420 4.2307715 -0.7465811 13.9798651 -0.0088792 -0.2175356 -0.0236241 0.9757261
46.071290 4.2130818 -0.7460028 14.0166969 -0.0090498 -0.2193779 -0.0243021 0.9752952
46.175050 4.1955514 -0.7452871 14.0536385 -0.0120233 -0.2206710 -0.0239453 0.9749802
46.278790 4.1776576 -0.7451969 14.0903492 -0.0118842 -0.2219385 -0.0251769 0.9746631
46.382670 4.1599855 -0.7445648 14.1266356 -0.0094332 -0.2231260 -0.0240742 0.9744467
46.486540 4.1423664 -0.7442307 14.1627016 -0.0057070 -0.2235559 -0.0223799 0.9744174
46.590420 4.1248026 -0.7439638 14.1988735 -0.0058946 -0.2232402 -0.0223397 0.9744896
46.798050 4.0893879 -0.7433167 14.2721930 -0.0093524 -0.2216549 -0.0235306 0.9747964
46.901920 4.0718775 -0.7430030 14.3090172 -0.0100032 -0.2200498 -0.0233542 0.9751577
47.005800 4.0545125 -0.7426612 14.3459597 -0.0099632 -0.2175255 -0.0236588 0.9757170
47.109670 4.0370612 -0.7422665 14.3829384 -0.0070869 -0.2145859 -0.0254777 0.9763470
47.213560 4.0198088 -0.7418578 14.4199800 -0.0049028 -0.2109077 -0.0257467 0.9771546
47.317420 4.0030026 -0.7417082 14.4576902 -0.0037119 -0.2073758 -0.0251937 0.9779298
47.421170 3.9864750 -0.7417255 14.4955816 -0.0041214 -0.2032394 -0.0255853 0.9787861
47.628800 3.9542086 -0.7416599 14.5718699 -0.0054839 -0.1953437 -0.0274429 0.9803355
47.732670 3.9382098 -0.7413980 14.6108503 -0.0085838 -0.1907859 -0.0289469 0.9811673
47.836440 3.9224432 -0.7411265 14.6500187 -0.0114968 -0.1861764 -0.0311764 0.9819543
47.940170 3.9072564 -0.7405154 14.6888542 -0.0093524 -0.1818860 -0.0318266 0.9827600
48.043920 3.8923969 -0.7400504 14.7280378 -0.0057629 -0.1782198 -0.0314098 0.9834724
48.147690 3.8780012 -0.7398567 14.7675362 -0.0030381 -0.1747611 -0.0303611 0.9841380
48.251420 3.8638339 -0.7398475 14.8071432 -0.0034957 -0.1711624 -0.0294116 0.9847975
48.458800 3.8360462 -0.7397107 14.8876305 -0.0054666 -0.1648084 -0.0294490 0.9858707
48.666190 3.8084426 -0.7392901 14.9688826 -0.0067362 -0.1592415 -0.0298595 0.9867650
48.769940 3.7950151 -0.7389249 15.0101166 -0.0069476 -0.1567355 -0.0312531 0.9871215
48.873550 3.7815766 -0.7386948 15.0510216 -0.0068194 -0.1542282 -0.0326613 0.9874717
48.977300 3.7681625 -0.7383015 15.0922899 -0.0065064 -0.1519521 -0.0335130 0.9877981
49.080930 3.7550309 -0.7382261 15.1338501 -0.0060705 -0.1496944 -0.0342601 0.9881199
49.184670 3.7418265 -0.7380183 15.1752996 -0.0058203 -0.1473188 -0.0352837 0.9884424
49.392050 3.7167366 -0.7373638 15.2588949 -0.0058567 -0.1435425 -0.0349749 0.9890086
49.495800 3.7043266 -0.7368860 15.3008118 -0.0060002 -0.1416708 -0.0344029 0.9892976
49.599420 3.6918509 -0.7371739 15.3427629 -0.0067993 -0.1398668 -0.0360802 0.9894894
49.806800 3.6678648 -0.7368501 15.4268379 -0.0069073 -0.1362053 -0.0376634 0.9899403
49.910550 3.6559038 -0.7368369 15.4687052 -0.0055355 -0.1342449 -0.0375221 0.9902221
50.014170 3.6444404 -0.7366548 15.5108271 -0.0055789 -0.1332031 -0.0369117 0.9903855
50.117990 3.6329091 -0.7363523 15.5529852 -0.0081703 -0.1324221 -0.0353114 0.9905306
50.221580 3.6213815 -0.7361046 15.5954781 -0.0126239 -0.1319286 -0.0338540 0.9906005
50.325300 3.6097336 -0.7355305 15.6379080 -0.0153327 -0.1314138 -0.0333531 0.9906477
50.428990 3.5984807 -0.7350300 15.6799335 -0.0146703 -0.1311300 -0.0325334 0.9907226
50.532690 3.5871098 -0.7343439 15.7218590 -0.0113750 -0.1309585 -0.0311596 0.9908327
50.636450 3.5758245 -0.7339975 15.7637091 -0.0079235 -0.1306271 -0.0300145 0.9909455
50.740210 3.5645525 -0.7337158 15.8056526 -0.0068197 -0.1299816 -0.0282701 0.9910898
50.843990 3.5533628 -0.7335504 15.8476372 -0.0079342 -0.1293784 -0.0271199 0.9911926
50.947600 3.5421333 -0.7333961 15.8897562 -0.0102015 -0.1287993 -0.0255727 0.9912884
51.051200 3.5313723 -0.7331191 15.9319582 -0.0124012 -0.1286187 -0.0241626 0.9913222
51.154950 3.5203872 -0.7326516 15.9745483 -0.0141214 -0.1283418 -0.0229819 0.9913631
51.258560 3.5090687 -0.7320112 16.0165100 -0.0145846 -0.1280467 -0.0223299 0.9914095
51.362310 3.4979939 -0.7315258 16.0585136 -0.0134394 -0.1281588 -0.0218926 0.9914209
51.465930 3.4867697 -0.7309490 16.1001549 -0.0122037 -0.1282179 -0.0209174 0.9914503
51.569680 3.4754286 -0.7304221 16.1415272 -0.0125149 -0.1280885 -0.0205945 0.9914699
51.673320 3.4646432 -0.7296541 16.1836376 -0.0140558 -0.1281161 -0.0201777 0.9914542
51.776930 3.4532351 -0.7292286 16.2259464 -0.0147248 -0.1276794 -0.0195935 0.9915126
51.880670 3.4422235 -0.7287171 16.2677574 -0.0137849 -0.1274043 -0.0192329 0.9915686
51.984300 3.4311097 -0.7279283 16.3096619 -0.0128754 -0.1270143 -0.0186093 0.9916427
52.088050 3.4201140 -0.7274984 16.3514919 -0.0134156 -0.1268193 -0.0180507 0.9916708
52.191670 3.4090478 -0.7270186 16.3933563 -0.0144879 -0.1268024 -0.0178377 0.9916618
52.295430 3.3981969 -0.7263891 16.4350986 -0.0153559 -0.1270669 -0.0164271 0.9916392
52.399170 3.3874378 -0.7257603 16.4768715 -0.0162517 -0.1273678 -0.0143560 0.9916185
52.502930 3.3767226 -0.7250217 16.5185623 -0.0171460 -0.1276251 -0.0117183 0.9916050
52.606680 3.3659406 -0.7243079 16.5600109 -0.0185722 -0.1278428 -0.0085867 0.9915833
52.710430 3.3554566 -0.7234764 16.6013756 -0.0191086 -0.1283608 -0.0049913 0.9915308
52.814180 3.3448043 -0.7226810 16.6424751 -0.0205189 -0.1290844 -0.0044305 0.9914114
52.917930 3.3339744 -0.7217488 16.6831837 -0.0212239 -0.1295667 -0.0026765 0.9913399
53.021680 3.3230846 -0.7209570 16.7237625 -0.0226018 -0.1302400 -0.0024713 0.9912218
53.125430 3.3124242 -0.7198989 16.7636108 -0.0226458 -0.1309613 -0.0019853 0.9911268
53.229180 3.3017371 -0.7187962 16.8030357 -0.0229132 -0.1317863 -0.0013394 0.9910124
53.332930 3.2913618 -0.7179047 16.8419991 -0.0233879 -0.1327925 -0.0007778 0.9908676
53.436550 3.2809110 -0.7169672 16.8804626 -0.0247896 -0.1336326 -0.0006685 0.9907206
53.540300 3.2705033 -0.7158781 16.9182415 -0.0269605 -0.1342443 -0.0016284 0.9905801
53.644050 3.2598150 -0.7146437 16.9555874 -0.0300362 -0.1342115 -0.0044090 0.9904876
53.747800 3.2493439 -0.7132723 16.9921608 -0.0325676 -0.1339860 -0.0081607 0.9904143
53.851550 3.2388847 -0.7116441 17.0275345 -0.0333774 -0.1335142 -0.0119099 0.9904131
53.955300 3.2288144 -0.7099414 17.0623627 -0.0337271 -0.1331611 -0.0151368 0.9904047
54.059050 3.2190864 -0.7082573 17.0963917 -0.0333238 -0.1328233 -0.0185263 0.9904061
54.162800 3.2095346 -0.7067862 17.1296368 -0.0328753 -0.1321399 -0.0198730 0.9904864
54.266550 3.2004273 -0.7051665 17.1625214 -0.0318070 -0.1318141 -0.0206804 0.9905481
54.370180 3.1915495 -0.7035741 17.1947975 -0.0308535 -0.1313973 -0.0203949 0.9906396
54.473930 3.1831481 -0.7021492 17.2267265 -0.0309270 -0.1312631 -0.0199639 0.9906639
54.577570 3.1744516 -0.7007395 17.2582111 -0.0305955 -0.1307696 -0.0204885 0.9907287
54.681310 3.1662793 -0.6994193 17.2890644 -0.0303859 -0.1299651 -0.0205534 0.9908397
54.785060 3.1581879 -0.6979890 17.3198185 -0.0306119 -0.1280075 -0.0211723 0.9910746
54.888800 3.1502979 -0.6966755 17.3498459 -0.0312152 -0.1251560 -0.0231456 0.9913757
54.992680 3.1428668 -0.6953966 17.3793221 -0.0317587 -0.1215596 -0.0235127 0.9917973
55.096430 3.1356313 -0.6942382 17.4083824 -0.0310951 -0.1182002 -0.0250849 0.9921858
55.200180 3.1286907 -0.6930460 17.4373913 -0.0281678 -0.1145544 -0.0258453 0.9926811
55.304050 3.1219018 -0.6919386 17.4658298 -0.0251454 -0.1103508 -0.0273161 0.9931990
55.407810 3.1158407 -0.6908436 17.4949112 -0.0236648 -0.1053790 -0.0276101 0.9937670
55.615430 3.1041470 -0.6882706 17.5536232 -0.0276393 -0.0930949 -0.0302497 0.9948137
55.822930 3.0941899 -0.6857563 17.6138973 -0.0323202 -0.0816167 -0.0304944 0.9956728
55.926680 3.0895748 -0.6842764 17.6445103 -0.0330369 -0.0758190 -0.0298997 0.9961255
56.030430 3.0855069 -0.6828483 17.6751099 -0.0323472 -0.0706699 -0.0284780 0.9965683
56.134050 3.0817761 -0.6815892 17.7057400 -0.0302611 -0.0665517 -0.0261120 0.9969821
56.237800 3.0782018 -0.6800154 17.7366199 -0.0278180 -0.0628109 -0.0228110 0.9973769
56.445350 3.0717282 -0.6773342 17.7994156 -0.0296277 -0.0569905 -0.0167627 0.9977942
56.549070 3.0684156 -0.6755190 17.8318825 -0.0369199 -0.0542332 -0.0153987 0.9977267
56.652940 3.0648766 -0.6734893 17.8647633 -0.0449165 -0.0518199 -0.0171764 0.9974980
56.756680 3.0609999 -0.6712221 17.8980427 -0.0520321 -0.0485981 -0.0187860 0.9972853
56.860440 3.0578864 -0.6686690 17.9311028 -0.0534326 -0.0456110 -0.0184793 0.9973581
56.964280 3.0550680 -0.6657484 17.9638214 -0.0526871 -0.0428782 -0.0194795 0.9974999
57.171890 3.0501587 -0.6598771 18.0303841 -0.0542232 -0.0364717 -0.0168694 0.9977199
57.275560 3.0480962 -0.6569611 18.0641232 -0.0571540 -0.0331959 -0.0155871 0.9976916
57.379330 3.0464008 -0.6539173 18.0978146 -0.0592166 -0.0298658 -0.0132220 0.9977107
57.483060 3.0448735 -0.6508178 18.1310806 -0.0599798 -0.0270374 -0.0117005 0.9977648
57.586810 3.0435607 -0.6476800 18.1640034 -0.0591547 -0.0239649 -0.0107401 0.9979033
57.794300 3.0412869 -0.6413541 18.2293205 -0.0587838 -0.0174412 -0.0107043 0.9980609
57.898200 3.0404363 -0.6384716 18.2615719 -0.0592586 -0.0131541 -0.0115549 0.9980891
58.001930 3.0400507 -0.6354808 18.2934055 -0.0591339 -0.0082587 -0.0110095 0.9981552
58.105810 3.0402119 -0.6325073 18.3247528 -0.0588964 -0.0030442 -0.0099106 0.9982103
58.209680 3.0403700 -0.6295648 18.3559380 -0.0591098 0.0026575 -0.0095843 0.9982020
58.313440 3.0410452 -0.6266376 18.3869400 -0.0599396 0.0078103 -0.0097389 0.9981239
58.417310 3.0420759 -0.6240628 18.4174538 -0.0590225 0.0132099 -0.0082303 0.9981353
58.521060 3.0434227 -0.6214454 18.4472466 -0.0563138 0.0186125 -0.0082443 0.9982055
58.624930 3.0447044 -0.6189376 18.4768333 -0.0516329 0.0248952 -0.0110983 0.9982941
58.728680 3.0463369 -0.6163962 18.5064316 -0.0479108 0.0320593 -0.0150617 0.9982234
58.832680 3.0488222 -0.6141534 18.5360394 -0.0448325 0.0406106 -0.0162249 0.9980369
58.936580 3.0523171 -0.6122435 18.5655499 -0.0429166 0.0503035 -0.0148761 0.9977006
59.040430 3.0564337 -0.6103801 18.5948944 -0.0404093 0.0607466 -0.0135668 0.9972426
59.144310 3.0611889 -0.6088541 18.6242313 -0.0368672 0.0713052 -0.0114942 0.9967067
59.248190 3.0668793 -0.6073241 18.6538887 -0.0328296 0.0815631 -0.0089031 0.9960876
59.352060 3.0732887 -0.6061252 18.6834526 -0.0298466 0.0915990 -0.0053010 0.9953344
59.559560 3.0871832 -0.6033480 18.7441273 -0.0311086 0.1102969 -0.0025867 0.9934084
59.663310 3.0946627 -0.6018111 18.7748985 -0.0354144 0.1179605 -0.0028680 0.9923825
59.766940 3.1030228 -0.6001617 18.8057823 -0.0395202 0.1244183 -0.0005374 0.9914424
59.870680 3.1113365 -0.5985032 18.8365459 -0.0423781 0.1293173 0.0001193 0.9906973
59.974310 3.1197555 -0.5967976 18.8674355 -0.0435704 0.1332914 -0.0007938 0.9901184
60.181800 3.1372762 -0.5923307 18.9296932 -0.0475188 0.1412155 -0.0025099 0.9888346
60.389310 3.1547627 -0.5885616 18.9911804 -0.0448930 0.1478033 -0.0133921 0.9879066
60.493060 3.1635375 -0.5868431 19.0212517 -0.0357342 0.1507274 -0.0180647 0.9877641
60.596810 3.1732099 -0.5849019 19.0516148 -0.0277224 0.1525863 -0.0185671 0.9877267
60.700580 3.1827211 -0.5833682 19.0828800 -0.0281574 0.1544715 -0.0217675 0.9873560
60.804180 3.1919396 -0.5820093 19.1147442 -0.0342099 0.1551058 -0.0250886 0.9869866
61.011600 3.2107527 -0.5803393 19.1766453 -0.0296578 0.1528343 -0.0286945 0.9873899
61.218940 3.2282996 -0.5792419 19.2363548 -0.0083108 0.1479872 -0.0343638 0.9883571
61.426430 3.2457309 -0.5791356 19.2977123 -0.0160911 0.1444444 -0.0376339 0.9886661
61.633820 3.2625401 -0.5794886 19.3573132 -0.0174700 0.1421480 -0.0354830 0.9890550
61.841310 3.2788088 -0.5796595 19.4146004 -0.0086634 0.1390801 -0.0329821 0.9896938
62.048840 3.2945330 -0.5806342 19.4704342 -0.0052893 0.1376186 -0.0300385 0.9900156
62.256400 3.3096073 -0.5817789 19.5248165 -0.0000885 0.1382608 -0.0320927 0.9898757
62.463960 3.3241453 -0.5835810 19.5783100 0.0018584 0.1424815 -0.0378210 0.9890729
62.671810 3.3397427 -0.5856014 19.6302128 0.0032785 0.1574821 -0.0411905 0.9866570
63.503190 3.4136126 -0.5951971 19.8032665 0.0059541 0.2293260 -0.0348114 0.9727088
63.918440 3.4482844 -0.6005792 19.8634663 0.0249516 0.2585845 -0.0293312 0.9652207
64.748080 3.5029340 -0.6097150 19.9499149 0.0276989 0.2852193 -0.0274796 0.9576678
65.784810 3.5420938 -0.6163159 20.0075512 0.0321756 0.2797041 -0.0144852 0.9594376
66.925440 3.5832360 -0.6237577 20.0868263 0.0267475 0.2391550 -0.0218309 0.9703674
67.340070 3.6008563 -0.6272832 20.1277847 0.0263415 0.2045240 -0.0181949 0.9783379
67.754690 3.6151500 -0.6302949 20.1766472 0.0290948 0.1602421 -0.0262371 0.9862999
68.584070 3.6347978 -0.6388770 20.3020267 0.0259357 0.0579913 -0.0261623 0.9976372
68.895320 3.6371667 -0.6424623 20.3615513 0.0249893 0.0268109 -0.0255424 0.9990017
68.999070 3.6374345 -0.6437857 20.3831615 0.0249047 0.0174141 -0.0256923 0.9992079
69.413950 3.6349978 -0.6491252 20.4768391 0.0244518 -0.0199906 -0.0190430 0.9993197
69.621440 3.6306763 -0.6520923 20.5276909 0.0248645 -0.0369719 -0.0195521 0.9988156
69.725320 3.6278605 -0.6536183 20.5541592 0.0248641 -0.0442770 -0.0205077 0.9984993
70.140570 3.6128640 -0.6595667 20.6683445 0.0204966 -0.0642285 -0.0226985 0.9974664
70.244320 3.6083524 -0.6609492 20.6984730 0.0203175 -0.0669164 -0.0232151 0.9972816
70.451940 3.5991132 -0.6638060 20.7610645 0.0198566 -0.0707875 -0.0243897 0.9969955
70.555820 3.5941453 -0.6653125 20.7930584 0.0202175 -0.0722821 -0.0247027 0.9968733
70.659570 3.5892472 -0.6668422 20.8259621 0.0204252 -0.0739176 -0.0240181 0.9967659
70.970820 3.5730815 -0.6719983 20.9280663 0.0222601 -0.0783741 -0.0227026 0.9964169
71.074690 3.5672436 -0.6738908 20.9633293 0.0229992 -0.0796905 -0.0220073 0.9963112
71.178440 3.5616124 -0.6756996 20.9987793 0.0233328 -0.0810582 -0.0206433 0.9962224
71.385950 3.5494428 -0.6797782 21.0713692 0.0237068 -0.0831617 -0.0185732 0.9960809
71.593330 3.5364237 -0.6843081 21.1452103 0.0264071 -0.0846037 -0.0187339 0.9958885
71.697200 3.5296857 -0.6864185 21.1828995 0.0279151 -0.0847160 -0.0187242 0.9958380
71.800950 3.5226600 -0.6885610 21.2215824 0.0273813 -0.0848771 -0.0199887 0.9958146
71.904720 3.5158131 -0.6908890 21.2606354 0.0259409 -0.0849250 -0.0199800 0.9958492
72.008470 3.5086954 -0.6932939 21.3000908 0.0247065 -0.0851801 -0.0203107 0.9958521
72.215950 3.4945428 -0.6978533 21.3802357 0.0254543 -0.0858407 -0.0176599 0.9958271
72.423450 3.4804125 -0.7026139 21.4623394 0.0254054 -0.0868654 -0.0157640 0.9957713
72.527200 3.4729528 -0.7052492 21.5039062 0.0252394 -0.0873122 -0.0149185 0.9957495
72.734700 3.4577379 -0.7100866 21.5890980 0.0256196 -0.0882542 -0.0150863 0.9956542
72.838470 3.4493906 -0.7127442 21.6318626 0.0261795 -0.0884774 -0.0155688 0.9956124
73.045950 3.4323788 -0.7181702 21.7205887 0.0252292 -0.0884201 -0.0158201 0.9956380
73.149700 3.4237292 -0.7208393 21.7648029 0.0251464 -0.0877172 -0.0184538 0.9956570
73.253450 3.4155760 -0.7235908 21.8095455 0.0260329 -0.0866306 -0.0195248 0.9957089
73.357220 3.4072847 -0.7262450 21.8545227 0.0276579 -0.0843262 -0.0210312 0.9958322
73.461070 3.3991280 -0.7291722 21.8996048 0.0289551 -0.0803428 -0.0234429 0.9960708
73.668820 3.3841457 -0.7358018 21.9911041 0.0314369 -0.0684760 -0.0288112 0.9967410
73.772700 3.3776014 -0.7391278 22.0370979 0.0317042 -0.0605520 -0.0302793 0.9972018
73.876700 3.3722105 -0.7425676 22.0835705 0.0309114 -0.0521211 -0.0309594 0.9976820
73.980600 3.3674867 -0.7458971 22.1299057 0.0292521 -0.0432972 -0.0323001 0.9981114
74.084450 3.3636734 -0.7492842 22.1764793 0.0291689 -0.0343093 -0.0328019 0.9984468
74.188450 3.3607874 -0.7527102 22.2230549 0.0306621 -0.0249172 -0.0330360 0.9986729
74.292330 3.3588452 -0.7563877 22.2695198 0.0326889 -0.0152669 -0.0339651 0.9987716
74.396200 3.3579106 -0.7599396 22.3163929 0.0336904 -0.0049805 -0.0338676 0.9988459
74.500110 3.3577566 -0.7637162 22.3630924 0.0326338 0.0061930 -0.0343135 0.9988590
74.603820 3.3590641 -0.7675245 22.4102879 0.0323100 0.0179495 -0.0332911 0.9987620
74.707830 3.3612106 -0.7714715 22.4569645 0.0343382 0.0305701 -0.0339422 0.9983658
74.811700 3.3645017 -0.7755421 22.5036755 0.0378465 0.0436810 -0.0353161 0.9977036
74.915450 3.3691108 -0.7799136 22.5505199 0.0404893 0.0575393 -0.0358550 0.9968773
75.019330 3.3748527 -0.7848280 22.5972328 0.0426687 0.0722472 -0.0391589 0.9957039
75.123330 3.3824627 -0.7901171 22.6434689 0.0447831 0.0876516 -0.0374930 0.9944375
75.227100 3.3910968 -0.7951481 22.6897926 0.0461616 0.1028244 -0.0397448 0.9928326
75.330950 3.4012313 -0.8011901 22.7354298 0.0480955 0.1173947 -0.0385381 0.9911711
75.434820 3.4131083 -0.8066512 22.7810459 0.0515043 0.1310839 -0.0374297 0.9893247
75.538570 3.4260488 -0.8127623 22.8258038 0.0539029 0.1440199 -0.0355339 0.9874665
75.642200 3.4402401 -0.8188055 22.8701820 0.0550319 0.1557111 -0.0340134 0.9856818
75.745950 3.4554768 -0.8252879 22.9148521 0.0553560 0.1668919 -0.0333794 0.9838540
75.849580 3.4712014 -0.8318494 22.9587955 0.0564271 0.1778107 -0.0342418 0.9818487
75.953320 3.4881454 -0.8383230 23.0031471 0.0581867 0.1887150 -0.0343090 0.9797060
76.056950 3.5063562 -0.8449689 23.0470676 0.0588606 0.1989780 -0.0333786 0.9776651
76.160580 3.5257578 -0.8518210 23.0908146 0.0577174 0.2076028 -0.0308755 0.9760208
76.264200 3.5459254 -0.8584447 23.1344624 0.0577396 0.2139875 -0.0280606 0.9747247
76.367700 3.5669007 -0.8654330 23.1778183 0.0598119 0.2180019 -0.0249739 0.9737936
76.471330 3.5876293 -0.8723055 23.2212009 0.0617052 0.2208997 -0.0237958 0.9730517
76.678580 3.6291139 -0.8860415 23.3088703 0.0618478 0.2249637 -0.0249465 0.9720822
76.885860 3.6720641 -0.9004148 23.3966446 0.0646895 0.2282447 -0.0248754 0.9711338
76.989560 3.6943433 -0.9077717 23.4408836 0.0661625 0.2296789 -0.0239361 0.9707199
77.093250 3.7167544 -0.9154428 23.4858875 0.0659447 0.2313358 -0.0236422 0.9703484
77.196950 3.7393548 -0.9228301 23.5311947 0.0642308 0.2328249 -0.0235653 0.9701091
77.404200 3.7855966 -0.9376851 23.6225872 0.0625819 0.2345122 -0.0251793 0.9697698
77.611580 3.8327048 -0.9534491 23.7148991 0.0661595 0.2343288 -0.0254693 0.9695691
77.715200 3.8569202 -0.9614640 23.7619648 0.0661267 0.2340431 -0.0247193 0.9696597
77.818950 3.8809268 -0.9694949 23.8089943 0.0661330 0.2338956 -0.0251822 0.9696830
77.922710 3.9047010 -0.9774526 23.8566208 0.0660362 0.2341431 -0.0264520 0.9695960
78.026330 3.9285922 -0.9858182 23.9042358 0.0662044 0.2345527 -0.0274740 0.9694571
78.130080 3.9530966 -0.9939224 23.9522896 0.0650150 0.2356159 -0.0274026 0.9692819
78.233830 3.9776835 -1.0020169 24.0008812 0.0650413 0.2370736 -0.0277890 0.9689136
78.337450 4.0025373 -1.0103199 24.0489597 0.0652420 0.2380737 -0.0272625 0.9686698
78.441200 4.0277801 -1.0184928 24.0974922 0.0659756 0.2392517 -0.0271141 0.9683340
78.544830 4.0533738 -1.0268161 24.1464520 0.0652746 0.2406958 -0.0276295 0.9680090
78.648580 4.0790362 -1.0352879 24.1955318 0.0653290 0.2425037 -0.0271077 0.9675688
78.752330 4.1051974 -1.0434289 24.2449074 0.0647186 0.2442223 -0.0280172 0.9671515
78.855950 4.1314535 -1.0519428 24.2941380 0.0640169 0.2460914 -0.0279426 0.9667265
78.959710 4.1583681 -1.0603937 24.3437729 0.0637996 0.2475884 -0.0285617 0.9663404
79.063330 4.1850557 -1.0688919 24.3936195 0.0641840 0.2492306 -0.0287918 0.9658859
79.167080 4.2123308 -1.0773915 24.4436092 0.0642954 0.2506135 -0.0288026 0.9655203
79.270830 4.2402086 -1.0859935 24.4941444 0.0644707 0.2520141 -0.0284915 0.9651532
79.374460 4.2682371 -1.0948251 24.5445099 0.0651177 0.2531428 -0.0284349 0.9648160
79.478210 4.2961287 -1.1035544 24.5951099 0.0653364 0.2546952 -0.0286754 0.9643854
79.581950 4.3249435 -1.1124097 24.6459370 0.0652566 0.2561072 -0.0287744 0.9640138
79.685700 4.3536401 -1.1214978 24.6970959 0.0647701 0.2580773 -0.0290395 0.9635132
79.789450 4.3829660 -1.1305482 24.7474785 0.0648178 0.2597491 -0.0285843 0.9630742
79.893210 4.4126778 -1.1393567 24.7987480 0.0647387 0.2616687 -0.0287500 0.9625548
79.996970 4.4427085 -1.1482940 24.8497581 0.0653111 0.2631922 -0.0281493 0.9621184
80.100580 4.4728107 -1.1575059 24.9014587 0.0655899 0.2645276 -0.0279657 0.9617385
80.204330 4.5032668 -1.1666194 24.9530220 0.0659761 0.2654857 -0.0277438 0.9614545
80.307980 4.5337381 -1.1758344 25.0050545 0.0661547 0.2666813 -0.0275900 0.9611157
80.411710 4.5651536 -1.1853515 25.0571556 0.0659801 0.2671983 -0.0274948 0.9609869
80.515330 4.5964670 -1.1946282 25.1094398 0.0660881 0.2677404 -0.0271494 0.9608384
80.619080 4.6282005 -1.2040170 25.1622734 0.0667939 0.2683713 -0.0267866 0.9606237
80.722740 4.6596227 -1.2136877 25.2147350 0.0668111 0.2688628 -0.0261616 0.9605023
80.826440 4.6914282 -1.2232133 25.2679863 0.0661921 0.2694663 -0.0251900 0.9604020
80.930080 4.7236080 -1.2326748 25.3212261 0.0664989 0.2698956 -0.0254079 0.9602545
81.033840 4.7564349 -1.2422233 25.3751202 0.0662533 0.2702460 -0.0257482 0.9601638
81.137500 4.7891040 -1.2519044 25.4289837 0.0651087 0.2707659 -0.0258802 0.9600921
81.241210 4.8213820 -1.2615440 25.4830036 0.0641732 0.2716759 -0.0251737 0.9599168
81.344940 4.8544879 -1.2709546 25.5368366 0.0645735 0.2718902 -0.0248333 0.9598382
81.448590 4.8872104 -1.2807602 25.5905743 0.0653404 0.2720325 -0.0248943 0.9597443
81.552330 4.9206452 -1.2905937 25.6445293 0.0656456 0.2718621 -0.0248424 0.9597732
81.656060 4.9539347 -1.3002080 25.6986332 0.0654958 0.2718336 -0.0252913 0.9597797
81.759710 4.9869080 -1.3099934 25.7530098 0.0654968 0.2718300 -0.0247164 0.9597957
81.863460 5.0197453 -1.3198072 25.8070107 0.0658328 0.2716636 -0.0250941 0.9598100
81.967080 5.0528512 -1.3296269 25.8610973 0.0669257 0.2713712 -0.0252611 0.9598128
82.070830 5.0857043 -1.3394520 25.9149284 0.0678383 0.2708826 -0.0239704 0.9599198
82.174460 5.1186228 -1.3494384 25.9691334 0.0678066 0.2700836 -0.0233346 0.9601628
82.278210 5.1514463 -1.3593853 26.0231800 0.0672609 0.2690313 -0.0215751 0.9605377
82.381960 5.1844101 -1.3691984 26.0774975 0.0668554 0.2680161 -0.0212793 0.9608563
82.485710 5.2166438 -1.3789812 26.1316738 0.0665868 0.2676111 -0.0215443 0.9609820
82.589430 5.2488933 -1.3890632 26.1854668 0.0663529 0.2671962 -0.0204429 0.9611377
82.693080 5.2808313 -1.3986436 26.2393703 0.0666517 0.2668244 -0.0209389 0.9612096
82.796920 5.3133626 -1.4081031 26.2933407 0.0670923 0.2662824 -0.0203120 0.9613427
82.900600 5.3452320 -1.4178950 26.3470592 0.0667268 0.2660736 -0.0207881 0.9614157
83.004230 5.3770266 -1.4277178 26.4008484 0.0666674 0.2657063 -0.0217264 0.9615007
83.107850 5.4089737 -1.4376590 26.4547367 0.0659129 0.2652292 -0.0225187 0.9616662
83.211580 5.4407973 -1.4472605 26.5087490 0.0655959 0.2651153 -0.0212332 0.9617485
83.315210 5.4726691 -1.4569716 26.5626774 0.0649657 0.2647137 -0.0202107 0.9619240
83.418960 5.5047207 -1.4660963 26.6162815 0.0657544 0.2643119 -0.0168487 0.9620456
83.522590 5.5366688 -1.4761335 26.6695175 0.0667393 0.2635861 -0.0160222 0.9621910
83.626210 5.5685515 -1.4855907 26.7232227 0.0681346 0.2631749 -0.0167985 0.9621925
83.729960 5.6000843 -1.4954342 26.7767391 0.0679209 0.2627846 -0.0179715 0.9622931
83.833580 5.6311684 -1.5051290 26.8314552 0.0667126 0.2627061 -0.0192807 0.9623737
83.937350 5.6627879 -1.5145482 26.8855209 0.0665825 0.2620318 -0.0196117 0.9625599
84.040960 5.6944690 -1.5239674 26.9395733 0.0665759 0.2614615 -0.0205487 0.9626958
84.144710 5.7255807 -1.5335028 26.9936695 0.0663946 0.2611179 -0.0220227 0.9627690
84.248350 5.7566223 -1.5433155 27.0476437 0.0658126 0.2608332 -0.0220153 0.9628863
84.352100 5.7877235 -1.5530018 27.1017284 0.0648968 0.2608886 -0.0226065 0.9629198
84.455710 5.8190660 -1.5622784 27.1554470 0.0657747 0.2609167 -0.0217324 0.9628727
84.559380 5.8504190 -1.5717411 27.2090816 0.0663102 0.2608482 -0.0211163 0.9628683
84.662980 5.8815651 -1.5811177 27.2624817 0.0663604 0.2605835 -0.0198170 0.9629641
84.766730 5.9126163 -1.5907948 27.3162441 0.0656260 0.2601157 -0.0189645 0.9631580
84.870340 5.9434152 -1.5998025 27.3693542 0.0667697 0.2592447 -0.0190359 0.9633128
84.973960 5.9734602 -1.6093558 27.4219875 0.0682543 0.2584693 -0.0206475 0.9633840
85.077720 6.0034461 -1.6190988 27.4748135 0.0672650 0.2581664 -0.0221777 0.9635007
85.181330 6.0328178 -1.6288886 27.5275803 0.0659407 0.2576994 -0.0237142 0.9636807
85.285090 6.0625563 -1.6381218 27.5796795 0.0649082 0.2571273 -0.0237280 0.9639032
85.388710 6.0919476 -1.6470723 27.6316414 0.0639182 0.2571055 -0.0228901 0.9639955
85.492460 6.1214070 -1.6564206 27.6832523 0.0635303 0.2569401 -0.0215501 0.9640961
85.596110 6.1507978 -1.6655202 27.7345924 0.0636812 0.2569185 -0.0217266 0.9640879
85.699750 6.1796474 -1.6744846 27.7856712 0.0642336 0.2571917 -0.0219002 0.9639745
85.803450 6.2079949 -1.6835999 27.8361683 0.0636762 0.2577689 -0.0220828 0.9638531
85.907110 6.2363906 -1.6924151 27.8864098 0.0633762 0.2582023 -0.0226718 0.9637432
86.010840 6.2645049 -1.7010260 27.9355946 0.0632857 0.2585116 -0.0231903 0.9636539
86.114460 6.2922621 -1.7095748 27.9841099 0.0627001 0.2588835 -0.0230733 0.9635952
86.218210 6.3200145 -1.7180939 28.0319519 0.0611806 0.2591907 -0.0230629 0.9636105
86.425590 6.3730717 -1.7343156 28.1249332 0.0603496 0.2600208 -0.0230110 0.9634405
86.529210 6.3991575 -1.7424364 28.1700554 0.0629928 0.2601129 -0.0226214 0.9632556
86.632980 6.4243932 -1.7503638 28.2137909 0.0633856 0.2601718 -0.0227401 0.9632112
86.736730 6.4492755 -1.7582790 28.2566204 0.0624294 0.2598539 -0.0217412 0.9633825
86.840340 6.4731951 -1.7657899 28.2985001 0.0612990 0.2591879 -0.0214274 0.9636415
86.944090 6.4965515 -1.7731510 28.3392391 0.0609894 0.2583508 -0.0216702 0.9638805
87.151360 6.5404181 -1.7867160 28.4170322 0.0591092 0.2562470 -0.0212690 0.9645679
87.254960 6.5613475 -1.7930697 28.4540043 0.0571892 0.2552499 -0.0210233 0.9649533
87.358710 6.5813422 -1.7993574 28.4896889 0.0561851 0.2546695 -0.0218945 0.9651462
87.462460 6.6005111 -1.8050786 28.5235901 0.0570452 0.2542817 -0.0215710 0.9652053
87.566210 6.6185379 -1.8106567 28.5557289 0.0580607 0.2538929 -0.0216519 0.9652454
87.773590 6.6518459 -1.8214271 28.6159782 0.0578620 0.2536925 -0.0230478 0.9652776
87.877340 6.6674075 -1.8262626 28.6437988 0.0574431 0.2552322 -0.0247766 0.9648538
88.397460 6.7411413 -1.8474746 28.7596054 0.0597265 0.3092555 -0.0302628 0.9486189
88.605840 6.7737703 -1.8552716 28.7971992 0.0619033 0.3491223 -0.0276573 0.9346212
88.814340 6.8090916 -1.8627409 28.8304272 0.0613175 0.3971689 -0.0260660 0.9153238
89.647840 6.9675670 -1.8889185 28.9019566 0.0731320 0.6132302 -0.0156580 0.7863556
89.751840 6.9892416 -1.8917264 28.9047699 0.0725577 0.6385875 -0.0151291 0.7659716
89.855840 7.0108390 -1.8946197 28.9061069 0.0724443 0.6632065 -0.0133287 0.7448029
90.375470 7.1206274 -1.9088171 28.8901272 0.0831518 0.7755882 -0.0119208 0.6256251
90.583090 7.1658473 -1.9142809 28.8724575 0.0815292 0.8151790 -0.0084981 0.5733795
90.686970 7.1879277 -1.9168705 28.8613186 0.0821250 0.8340439 -0.0086818 0.5454822
91.309470 7.3104138 -1.9317278 28.7585926 0.0870098 0.9238039 -0.0096604 0.3727229
91.412970 7.3289714 -1.9339817 28.7355042 0.0874953 0.9335793 -0.0091331 0.3474058
91.723710 7.3814340 -1.9401599 28.6578770 0.0897848 0.9541221 -0.0099170 0.2854670
91.930590 7.4149165 -1.9446077 28.6000366 0.0882752 0.9620147 -0.0058635 0.2582652
92.034130 7.4315948 -1.9467709 28.5700665 0.0846951 0.9651814 -0.0042187 0.2474547
92.344860 7.4787364 -1.9516309 28.4748745 0.0770216 0.9727393 -0.0010749 0.2187342
92.448600 7.4941216 -1.9531357 28.4418182 0.0718779 0.9753656 -0.0001528 0.2085558
92.552220 7.5089335 -1.9550049 28.4081268 0.0663725 0.9779214 0.0013147 0.1981483
92.759720 7.5360622 -1.9569416 28.3380661 0.0581221 0.9826387 0.0066685 0.1760638
92.863470 7.5485759 -1.9577523 28.3026905 0.0524226 0.9850389 0.0095297 0.1638881
92.967220 7.5604148 -1.9580685 28.2665329 0.0480904 0.9872492 0.0104334 0.1513853
93.070970 7.5710759 -1.9580802 28.2298050 0.0471525 0.9892253 0.0118054 0.1380964
93.174720 7.5805936 -1.9579687 28.1926594 0.0464277 0.9910262 0.0134035 0.1246271
93.278470 7.5889688 -1.9578044 28.1551666 0.0456345 0.9925911 0.0165555 0.1113839
93.382090 7.5962386 -1.9572811 28.1172523 0.0460973 0.9938201 0.0195252 0.0990727
93.485840 7.6027222 -1.9565384 28.0787907 0.0473553 0.9947256 0.0219617 0.0882954
93.589470 7.6089292 -1.9556308 28.0401402 0.0475120 0.9954004 0.0241555 0.0796062
93.693120 7.6149416 -1.9544071 28.0007076 0.0465236 0.9958445 0.0259768 0.0738537
93.796720 7.6207542 -1.9530476 27.9610939 0.0456674 0.9960542 0.0287645 0.0704495
93.900350 7.6267858 -1.9514451 27.9209805 0.0434399 0.9961802 0.0312691 0.0689937
94.003970 7.6333065 -1.9497803 27.8803062 0.0392180 0.9963320 0.0328071 0.0686159
94.107640 7.6399913 -1.9478796 27.8394032 0.0357279 0.9964767 0.0316711 0.0689550
94.211350 7.6460838 -1.9462819 27.7979870 0.0347638 0.9964964 0.0286805 0.0704538
94.314990 7.6524730 -1.9447989 27.7566109 0.0351479 0.9964360 0.0246858 0.0725983
94.418590 7.6593413 -1.9435843 27.7145214 0.0348411 0.9963013 0.0217887 0.0754657
94.522220 7.6662345 -1.9425838 27.6716900 0.0363288 0.9960403 0.0213087 0.0782928
94.625970 7.6736846 -1.9412197 27.6281948 0.0352747 0.9958156 0.0217893 0.0814385
94.729720 7.6815591 -1.9402541 27.5847454 0.0334912 0.9957190 0.0209434 0.0835669
94.833490 7.6896524 -1.9392985 27.5408936 0.0320668 0.9957498 0.0179853 0.0844434
94.937220 7.6979194 -1.9382553 27.4964142 0.0317203 0.9958305 0.0152533 0.0841592
95.040970 7.7059169 -1.9375914 27.4508667 0.0306524 0.9958102 0.0150692 0.0848260
95.144720 7.7141385 -1.9371537 27.4052639 0.0308127 0.9957502 0.0155031 0.0853922
95.248350 7.7224107 -1.9365467 27.3596783 0.0319627 0.9956278 0.0169344 0.0861212
95.352090 7.7306647 -1.9356945 27.3137665 0.0332244 0.9955038 0.0184092 0.0867727
95.455870 7.7391787 -1.9349673 27.2671223 0.0327539 0.9953454 0.0202070 0.0883534
95.559540 7.7477956 -1.9341455 27.2210064 0.0335522 0.9951648 0.0204683 0.0900132
95.663110 7.7566934 -1.9334016 27.1752338 0.0347946 0.9949701 0.0205075 0.0916698
95.766850 7.7657523 -1.9326447 27.1294098 0.0354594 0.9947535 0.0209537 0.0936428
95.870470 7.7745113 -1.9317789 27.0831528 0.0372473 0.9944423 0.0217849 0.0960341
95.974250 7.7838707 -1.9310937 27.0373802 0.0377486 0.9942006 0.0212730 0.0984264
96.077860 7.7935324 -1.9303507 26.9919243 0.0374121 0.9940426 0.0199754 0.1004025
96.181600 7.8032265 -1.9296287 26.9464340 0.0379244 0.9938670 0.0195604 0.1020171
96.285350 7.8131256 -1.9288441 26.9007072 0.0376205 0.9937516 0.0209400 0.1029751
96.389100 7.8228817 -1.9281294 26.8551350 0.0377903 0.9936414 0.0215996 0.1038373
96.492870 7.8325710 -1.9275118 26.8104782 0.0374738 0.9935675 0.0205380 0.1048686
96.596600 7.8422551 -1.9269742 26.7664719 0.0379006 0.9935353 0.0192158 0.1052705
96.700350 7.8520470 -1.9262334 26.7222805 0.0372251 0.9935089 0.0205017 0.1055179
96.803990 7.8617558 -1.9256923 26.6785736 0.0369091 0.9935135 0.0221334 0.1052555
96.907730 7.8713899 -1.9250983 26.6354294 0.0360690 0.9935082 0.0224236 0.1055355
97.011470 7.8807392 -1.9244043 26.5924721 0.0365883 0.9934962 0.0211289 0.1057366
97.115100 7.8900123 -1.9235820 26.5498867 0.0379337 0.9934129 0.0205375 0.1061603
97.218890 7.8994613 -1.9230241 26.5077190 0.0375179 0.9933372 0.0207185 0.1069788
97.426220 7.9181557 -1.9219433 26.4250011 0.0382237 0.9930496 0.0194613 0.1096029
97.529990 7.9278684 -1.9214904 26.3844910 0.0377065 0.9929133 0.0205333 0.1108142
97.633720 7.9372516 -1.9211032 26.3441944 0.0384007 0.9926895 0.0221711 0.1122554
97.737470 7.9465871 -1.9206966 26.3048077 0.0378903 0.9925288 0.0222036 0.1138326
97.945070 7.9650860 -1.9196270 26.2287369 0.0364277 0.9923331 0.0199393 0.1164062
98.048750 7.9741683 -1.9194137 26.1917992 0.0365939 0.9922321 0.0199965 0.1172028
98.256230 7.9916887 -1.9190619 26.1210480 0.0345544 0.9921985 0.0199577 0.1181090
98.463720 8.0085068 -1.9180868 26.0542412 0.0350726 0.9919847 0.0209365 0.1195742
98.567470 8.0163651 -1.9177908 26.0224686 0.0362436 0.9917693 0.0226169 0.1207006
98.671230 8.0242424 -1.9175248 25.9920025 0.0347563 0.9916649 0.0239477 0.1217339
98.878600 8.0392647 -1.9166956 25.9352589 0.0341105 0.9914477 0.0242259 0.1236160
99.293480 8.0641203 -1.9159168 25.8386650 0.0371652 0.9909965 0.0230116 0.1265511
99.708350 8.0844879 -1.9153395 25.7648811 0.0350222 0.9909599 0.0222572 0.1275795
99.915730 8.0916920 -1.9148613 25.7352848 0.0384038 0.9907891 0.0219514 0.1279855
100.123100 8.0987892 -1.9147804 25.7101746 0.0373738 0.9906952 0.0211647 0.1291445
100.952600 8.1193552 -1.9142414 25.6331272 0.0405236 0.9905990 0.0186015 0.1293265
101.160000 8.1241865 -1.9139450 25.6146278 0.0395211 0.9906459 0.0175024 0.1294307
101.367400 8.1289768 -1.9138728 25.5965729 0.0391107 0.9906248 0.0180120 0.1296474
102.404500 8.1508493 -1.9133697 25.5172653 0.0391268 0.9906303 0.0185089 0.1295303
102.508300 8.1523371 -1.9132165 25.5106964 0.0394396 0.9905856 0.0179581 0.1298543
102.611900 8.1536655 -1.9130844 25.5045090 0.0405101 0.9905249 0.0179296 0.1299914
103.649000 8.1707706 -1.9125006 25.4439602 0.0380414 0.9906198 0.0173399 0.1300948
104.271000 8.1856775 -1.9121207 25.3916435 0.0395177 0.9899291 0.0096907 0.1355903
104.582000 8.1983671 -1.9115651 25.3503590 0.0428020 0.9885607 0.0073160 0.1444376
104.893000 8.2153711 -1.9119004 25.2996540 0.0455032 0.9863196 0.0067486 0.1582959
105.100500 8.2294912 -1.9122012 25.2609138 0.0465066 0.9845876 0.0090877 0.1683504
105.204100 8.2375278 -1.9123731 25.2404442 0.0459540 0.9836975 0.0076067 0.1736941
105.411500 8.2549839 -1.9127184 25.1963329 0.0473017 0.9818665 0.0096934 0.1833215
105.618900 8.2744370 -1.9128343 25.1490364 0.0484321 0.9800531 0.0124459 0.1923420
105.826500 8.2966614 -1.9128264 25.0986691 0.0439337 0.9789428 0.0151186 0.1987773
105.930200 8.3083506 -1.9128318 25.0725460 0.0417846 0.9785177 0.0147832 0.2013421
106.034100 8.3206472 -1.9127465 25.0455437 0.0402841 0.9784134 0.0149430 0.2021412
106.241700 8.3463354 -1.9123137 24.9886589 0.0383537 0.9780154 0.0154810 0.2043898
106.449200 8.3729906 -1.9121103 24.9288921 0.0394528 0.9776835 0.0154283 0.2057679
106.656800 8.4014893 -1.9119422 24.8674335 0.0349542 0.9774756 0.0078507 0.2079854
106.760500 8.4160147 -1.9120476 24.8352165 0.0369205 0.9772633 0.0053525 0.2087217
106.864200 8.4305792 -1.9121044 24.8020592 0.0396499 0.9769810 0.0062899 0.2095144
106.968000 8.4464693 -1.9125885 24.7684078 0.0379619 0.9769969 0.0075537 0.2097114
107.175500 8.4786978 -1.9134324 24.6990814 0.0354000 0.9766759 0.0089910 0.2115895
107.279100 8.4952917 -1.9136096 24.6634712 0.0356918 0.9764216 0.0091835 0.2127030
107.382900 8.5119743 -1.9138784 24.6271782 0.0366332 0.9760327 0.0104315 0.2142648
107.486500 8.5293093 -1.9140953 24.5902176 0.0372818 0.9755721 0.0110479 0.2162108
107.590200 8.5473156 -1.9143333 24.5531063 0.0372066 0.9750282 0.0113697 0.2186466
107.797600 8.5831928 -1.9148837 24.4779453 0.0406747 0.9735591 0.0138772 0.2243561
107.901200 8.6018496 -1.9151008 24.4404392 0.0418934 0.9730243 0.0138196 0.2264458
108.005000 8.6206017 -1.9153697 24.4031773 0.0416605 0.9725870 0.0126837 0.2284250
108.212500 8.6579227 -1.9165982 24.3297215 0.0409406 0.9721911 0.0096942 0.2303788
108.316200 8.6767645 -1.9174054 24.2929955 0.0403999 0.9723561 0.0086164 0.2298200
108.420000 8.6955223 -1.9181918 24.2562180 0.0386104 0.9725190 0.0079131 0.2294633
108.523700 8.7143927 -1.9189039 24.2195263 0.0372859 0.9728304 0.0072485 0.2283817
108.627500 8.7327347 -1.9195753 24.1826458 0.0370509 0.9729958 0.0080995 0.2276856
108.731200 8.7510376 -1.9201616 24.1455021 0.0385922 0.9732010 0.0085902 0.2265320
108.835100 8.7693558 -1.9208648 24.1081123 0.0394001 0.9734633 0.0090424 0.2252446
108.938900 8.7876453 -1.9214296 24.0709229 0.0388653 0.9737952 0.0079342 0.2239409
109.042600 8.8058758 -1.9221727 24.0335541 0.0393831 0.9740779 0.0070884 0.2226453
109.146400 8.8238916 -1.9228812 23.9958992 0.0397883 0.9743420 0.0072874 0.2214079
109.250100 8.8422050 -1.9236512 23.9581432 0.0399975 0.9746874 0.0071769 0.2198480
109.353900 8.8603554 -1.9245137 23.9201431 0.0393935 0.9749981 0.0073255 0.2185707
109.457600 8.8784122 -1.9250053 23.8821182 0.0400719 0.9752700 0.0066711 0.2172516
109.561200 8.8963127 -1.9257360 23.8439770 0.0405371 0.9755335 0.0060621 0.2159964
109.665000 8.9142714 -1.9267623 23.8054085 0.0407227 0.9758183 0.0052191 0.2146929
109.768700 8.9323196 -1.9275557 23.7668247 0.0404421 0.9759643 0.0053606 0.2140779
109.872400 8.9503927 -1.9283290 23.7281647 0.0402071 0.9760612 0.0051809 0.2136846
110.183500 9.0056677 -1.9312315 23.6105995 0.0384890 0.9761567 0.0049547 0.2135702
110.287200 9.0241623 -1.9320763 23.5712242 0.0378945 0.9760835 0.0041690 0.2140273
110.390900 9.0427761 -1.9329982 23.5316486 0.0389264 0.9758872 0.0046227 0.2147268
110.494600 9.0613823 -1.9339441 23.4921913 0.0392885 0.9757357 0.0046307 0.2153481
110.598200 9.0798979 -1.9352348 23.4530544 0.0386286 0.9756198 0.0033556 0.2160151
110.702000 9.0983763 -1.9361156 23.4138985 0.0393699 0.9753925 0.0014526 0.2169272
110.909200 9.1362686 -1.9387670 23.3351498 0.0379656 0.9749616 0.0021698 0.2190974
111.012900 9.1553621 -1.9398937 23.2959385 0.0371837 0.9747050 0.0042719 0.2203388
111.116600 9.1740866 -1.9410596 23.2570858 0.0371677 0.9744232 0.0049660 0.2215700
111.220200 9.1928558 -1.9420151 23.2184696 0.0384126 0.9741756 0.0049928 0.2224442
111.427600 9.2302427 -1.9444264 23.1418324 0.0391043 0.9736230 0.0040944 0.2247497
111.531400 9.2490969 -1.9457111 23.1038074 0.0402075 0.9733216 0.0037377 0.2258640
111.635000 9.2679815 -1.9469304 23.0659657 0.0404712 0.9731454 0.0025737 0.2265911
111.738700 9.2867956 -1.9483151 23.0283031 0.0403515 0.9729136 0.0013934 0.2276159
111.842400 9.3055830 -1.9496994 22.9909344 0.0396127 0.9726588 0.0018268 0.2288285
111.946100 9.3246422 -1.9509906 22.9536037 0.0381944 0.9725001 0.0038570 0.2297170
112.049700 9.3435736 -1.9522765 22.9166069 0.0378935 0.9724141 0.0058658 0.2300880
112.257100 9.3810244 -1.9545377 22.8436031 0.0351849 0.9726913 0.0029593 0.2294013
112.360900 9.3995991 -1.9557732 22.8073654 0.0353624 0.9729348 0.0019008 0.2283498
112.464600 9.4173260 -1.9569401 22.7709656 0.0376315 0.9731253 0.0016026 0.2271748
112.568200 9.4349127 -1.9582326 22.7344437 0.0406398 0.9732727 0.0029097 0.2260094
112.672000 9.4524250 -1.9594123 22.6983528 0.0422196 0.9734291 0.0026690 0.2250468
112.775600 9.4698057 -1.9609330 22.6627464 0.0431445 0.9736153 0.0029353 0.2240604
112.879400 9.4866018 -1.9619961 22.6274204 0.0442460 0.9737558 0.0030951 0.2232318
112.983000 9.5035048 -1.9634451 22.5925102 0.0435160 0.9740637 0.0024487 0.2220366
113.190500 9.5358934 -1.9665611 22.5256691 0.0419919 0.9746749 -0.0048137 0.2195960
113.294100 9.5516281 -1.9682472 22.4932556 0.0419188 0.9749358 -0.0080085 0.2183552
113.397800 9.5669928 -1.9702418 22.4619465 0.0399664 0.9752183 -0.0092252 0.2174096
113.501500 9.5815773 -1.9720730 22.4305038 0.0412523 0.9753399 -0.0070724 0.2167030
113.605200 9.5955601 -1.9738410 22.4001980 0.0428394 0.9753587 -0.0050943 0.2163660
113.812600 9.6220875 -1.9774086 22.3429775 0.0451419 0.9753855 -0.0054222 0.2157683
114.020100 9.6456623 -1.9806334 22.2912903 0.0493059 0.9751558 -0.0090114 0.2157750
114.331400 9.6785030 -1.9855672 22.2206707 0.0478886 0.9751151 -0.0074331 0.2163378
114.435000 9.6885643 -1.9871327 22.1989765 0.0478570 0.9751102 -0.0086348 0.2163219
114.538700 9.6988392 -1.9883600 22.1780834 0.0465386 0.9752432 -0.0115978 0.2158713
115.161100 9.7542534 -1.9965243 22.0616455 0.0413533 0.9757172 -0.0104243 0.2148420
115.264900 9.7623262 -1.9975560 22.0435410 0.0417713 0.9757189 -0.0105114 0.2147492
115.368600 9.7701597 -1.9985785 22.0261288 0.0437578 0.9757593 -0.0101606 0.2141862
115.990900 9.8140793 -2.0049357 21.9300957 0.0487648 0.9755006 -0.0102827 0.2142774
116.094600 9.8209000 -2.0061381 21.9160080 0.0481758 0.9755147 -0.0113395 0.2142932
116.613300 9.8506451 -2.0109634 21.8515301 0.0533808 0.9740679 -0.0155827 0.2193160
117.339100 9.8838100 -2.0168161 21.7860546 0.0519453 0.9723315 -0.0176682 0.2270703
118.065100 9.9047422 -2.0205567 21.7436428 0.0522919 0.9723010 -0.0224145 0.2267023
118.168900 9.9070330 -2.0209830 21.7390442 0.0525664 0.9722597 -0.0223151 0.2268257
123.872100 9.9774494 -2.0349686 21.5992985 0.0550783 0.9713567 -0.0257309 0.2297184
124.079600 9.9813223 -2.0357778 21.5915852 0.0550059 0.9713934 -0.0256772 0.2295863
124.287000 9.9847221 -2.0364292 21.5848370 0.0548729 0.9712797 -0.0251819 0.2301534
124.494400 9.9874916 -2.0369203 21.5790272 0.0543921 0.9711475 -0.0245831 0.2308889
