4.257002 0.0000000 0.0000000 0.0000000 0.0000000 0.0000000 0.0000000 1.0000000
4.360751 0.0004498 -0.0004385 0.0399884 0.0006337 0.0073573 -0.0003758 0.9999726
4.464541 0.0012213 -0.0011466 0.0761123 0.0012041 0.0158430 -0.0002054 0.9998738
4.568398 0.0030275 -0.0019886 0.1134114 0.0019118 0.0262665 -0.0009032 0.9996527
4.776128 0.0103172 -0.0035732 0.1881129 0.0027102 0.0543696 -0.0033450 0.9985116
4.984148 0.0228360 -0.0054882 0.2636625 0.0031979 0.0881364 -0.0035008 0.9960971
5.088126 0.0314154 -0.0063685 0.3013641 0.0040158 0.1048862 -0.0029168 0.9944718
5.192023 0.0407117 -0.0074937 0.3386439 0.0049872 0.1212626 -0.0031874 0.9926028
5.295877 0.0513683 -0.0087190 0.3759336 0.0064787 0.1374840 -0.0036078 0.9904763
5.399752 0.0633341 -0.0100617 0.4126211 0.0088488 0.1534408 -0.0017443 0.9881167
5.503628 0.0767215 -0.0117357 0.4483897 0.0117809 0.1689634 0.0013739 0.9855509
5.607400 0.0916394 -0.0132707 0.4846831 0.0150086 0.1839007 0.0047257 0.9828189
5.711251 0.1073131 -0.0152858 0.5202868 0.0175653 0.1983231 0.0077902 0.9799483
5.918752 0.1427139 -0.0196859 0.5905728 0.0253724 0.2250088 0.0148872 0.9739125
6.022375 0.1613182 -0.0224336 0.6243430 0.0327960 0.2377716 0.0157744 0.9706391
6.126131 0.1802637 -0.0250878 0.6581171 0.0413482 0.2506134 0.0137536 0.9671060
6.333503 0.2215282 -0.0327667 0.7237877 0.0539325 0.2762572 0.0129140 0.9594824
6.437129 0.2431349 -0.0371594 0.7555118 0.0557619 0.2884785 0.0140529 0.9557580
6.540880 0.2651967 -0.0414106 0.7867958 0.0552190 0.3002864 0.0161739 0.9521120
6.644505 0.2888700 -0.0457267 0.8178151 0.0525216 0.3108273 0.0188940 0.9488261
6.851878 0.3365947 -0.0536504 0.8770626 0.0510119 0.3275122 0.0245766 0.9431487
7.059005 0.3827701 -0.0609137 0.9332227 0.0538018 0.3390605 0.0256719 0.9388739
7.370130 0.4570765 -0.0724554 1.0175142 0.0535983 0.3557142 0.0231786 0.9327686
7.473752 0.4825642 -0.0764180 1.0449179 0.0547784 0.3596592 0.0244632 0.9311531
7.888275 0.5869757 -0.0915050 1.1600435 0.0570749 0.3565494 0.0237956 0.9322278
7.991881 0.6137918 -0.0955570 1.1907382 0.0565925 0.3527928 0.0227681 0.9337109
8.095633 0.6407592 -0.0998106 1.2222875 0.0565551 0.3488983 0.0219484 0.9351950
8.199389 0.6682474 -0.1038109 1.2547007 0.0561625 0.3454896 0.0203467 0.9365195
8.718382 0.8108714 -0.1268591 1.4250201 0.0522277 0.3434078 0.0151288 0.9376110
8.822133 0.8409190 -0.1314245 1.4607894 0.0519989 0.3435071 0.0154533 0.9375821
8.925883 0.8717059 -0.1357673 1.4971126 0.0515807 0.3435425 0.0155045 0.9375914
9.133505 0.9327092 -0.1446415 1.5692019 0.0508794 0.3438384 0.0142687 0.9375409
9.548508 1.0561841 -0.1644865 1.7154472 0.0482071 0.3414964 0.0143561 0.9385362
9.652155 1.0859543 -0.1692766 1.7515650 0.0473606 0.3402910 0.0147268 0.9390113
9.755883 1.1163139 -0.1738971 1.7879162 0.0472129 0.3389153 0.0149659 0.9395123
10.378880 1.2955600 -0.2024384 2.0038488 0.0488022 0.3450048 0.0133602 0.9372361
10.482760 1.3263042 -0.2068657 2.0394208 0.0476009 0.3479017 0.0146924 0.9362066
10.586510 1.3567429 -0.2117109 2.0748758 0.0464295 0.3509096 0.0136389 0.9351581
10.794130 1.4176048 -0.2204118 2.1431570 0.0488823 0.3563339 0.0142508 0.9329703
11.001750 1.4788332 -0.2299698 2.2102354 0.0495186 0.3608308 0.0127254 0.9312288
11.105390 1.5095320 -0.2343752 2.2437322 0.0490719 0.3627405 0.0134405 0.9305002
11.209130 1.5405344 -0.2385034 2.2770431 0.0453572 0.3638768 0.0154737 0.9302134
11.312890 1.5713805 -0.2428348 2.3101749 0.0402842 0.3650067 0.0171480 0.9299749
11.416630 1.6020708 -0.2466429 2.3430827 0.0394532 0.3658617 0.0182199 0.9296541
11.520390 1.6319673 -0.2502258 2.3755112 0.0419215 0.3667005 0.0169224 0.9292400
11.624010 1.6625010 -0.2539715 2.4077804 0.0453242 0.3674031 0.0165932 0.9288085
11.727800 1.6928567 -0.2578568 2.4395766 0.0467766 0.3675446 0.0190498 0.9286335
11.831510 1.7233745 -0.2619772 2.4716871 0.0470456 0.3674986 0.0208343 0.9285997
11.935260 1.7534517 -0.2659314 2.5041213 0.0452418 0.3673721 0.0207274 0.9287418
12.038930 1.7839127 -0.2693433 2.5364127 0.0428754 0.3668248 0.0208753 0.9290670
12.142640 1.8137269 -0.2729446 2.5688360 0.0395248 0.3665400 0.0202711 0.9293413
12.246380 1.8432207 -0.2763613 2.6013846 0.0373755 0.3663761 0.0163967 0.9295713
12.350150 1.8724089 -0.2795435 2.6339383 0.0355234 0.3657363 0.0133196 0.9299450
12.453880 1.9021958 -0.2830693 2.6656916 0.0355143 0.3644100 0.0152643 0.9304360
12.557630 1.9317925 -0.2865671 2.6976473 0.0368652 0.3627254 0.0169679 0.9310120
12.661390 1.9608761 -0.2898669 2.7296579 0.0383578 0.3598617 0.0177121 0.9320486
12.765050 1.9899918 -0.2932446 2.7616718 0.0390662 0.3553157 0.0201621 0.9337120
12.868760 2.0187631 -0.2967198 2.7939477 0.0401872 0.3508061 0.0235725 0.9352884
12.972400 2.0464056 -0.2998521 2.8268909 0.0400483 0.3456340 0.0220232 0.9372557
13.076170 2.0738652 -0.3030707 2.8601856 0.0391108 0.3397620 0.0210703 0.9394616
13.179930 2.1009662 -0.3066133 2.8936884 0.0372858 0.3334431 0.0218675 0.9417788
13.283680 2.1274405 -0.3098880 2.9273531 0.0370710 0.3274950 0.0215644 0.9438791
13.387430 2.1533718 -0.3129176 2.9612458 0.0367677 0.3211667 0.0218428 0.9460565
13.491130 2.1784942 -0.3161085 2.9949052 0.0373421 0.3147438 0.0222217 0.9481815
13.594890 2.2030451 -0.3198624 3.0290008 0.0394908 0.3084403 0.0216315 0.9501774
13.698760 2.2275572 -0.3229718 3.0632005 0.0444107 0.3022695 0.0211307 0.9519529
13.802490 2.2513404 -0.3263865 3.0975239 0.0470722 0.2954901 0.0198411 0.9539791
13.906260 2.2742393 -0.3304289 3.1326110 0.0454917 0.2897103 0.0198088 0.9558274
14.010030 2.2971616 -0.3344572 3.1676619 0.0437173 0.2833613 0.0197150 0.9578134
14.113800 2.3189955 -0.3384446 3.2024136 0.0442829 0.2782686 0.0180540 0.9593121
14.217640 2.3401937 -0.3423802 3.2373395 0.0470091 0.2749005 0.0147967 0.9602088
14.321530 2.3611054 -0.3464396 3.2720101 0.0498906 0.2723843 0.0109672 0.9608316
14.425390 2.3825719 -0.3508694 3.3077078 0.0510774 0.2705458 0.0092906 0.9613063
14.529260 2.4033716 -0.3553826 3.3426008 0.0509431 0.2687041 0.0084419 0.9618376
14.633120 2.4242055 -0.3600324 3.3775389 0.0509281 0.2660242 0.0084821 0.9625828
14.736910 2.4447117 -0.3641293 3.4130363 0.0489940 0.2631515 0.0071114 0.9634834
14.840760 2.4650991 -0.3687738 3.4481516 0.0471131 0.2603390 0.0082272 0.9643320
14.944510 2.4851565 -0.3730611 3.4835544 0.0457561 0.2573984 0.0071181 0.9651952
15.048260 2.5046339 -0.3773259 3.5190768 0.0451276 0.2545374 0.0031298 0.9660044
15.152010 2.5231781 -0.3814387 3.5543594 0.0454777 0.2516400 -0.0008400 0.9667515
15.255760 2.5423481 -0.3857844 3.5893629 0.0474507 0.2481092 -0.0004192 0.9675692
15.359530 2.5614109 -0.3900505 3.6243801 0.0490790 0.2443817 0.0000429 0.9684363
15.463280 2.5797648 -0.3941689 3.6598101 0.0482360 0.2411880 -0.0004454 0.9692788
15.567140 2.5980070 -0.3985834 3.6952481 0.0458373 0.2376550 -0.0002413 0.9702675
15.670890 2.6161919 -0.4029633 3.7310617 0.0443950 0.2339885 -0.0006652 0.9712250
15.774640 2.6338513 -0.4071635 3.7668083 0.0460655 0.2307062 -0.0018927 0.9719306
15.878390 2.6512721 -0.4114985 3.8023796 0.0473776 0.2274608 -0.0018111 0.9726323
16.086050 2.6849756 -0.4200844 3.8732781 0.0474484 0.2204426 -0.0030960 0.9742403
16.189760 2.7019985 -0.4246017 3.9093525 0.0471454 0.2164481 -0.0011592 0.9751545
16.293510 2.7186973 -0.4289707 3.9451506 0.0477252 0.2124646 0.0004665 0.9760025
16.397260 2.7343445 -0.4334293 3.9785573 0.0478075 0.2088984 0.0007194 0.9767678
16.501030 2.7491174 -0.4376792 4.0128903 0.0473403 0.2054351 -0.0017973 0.9775234
16.708640 2.7798498 -0.4463014 4.0852418 0.0463828 0.2003131 -0.0026519 0.9786298
16.812390 2.7949488 -0.4503424 4.1211476 0.0466099 0.1979039 -0.0019875 0.9791106
17.020010 2.8249235 -0.4589941 4.1929121 0.0466749 0.1923780 0.0015307 0.9802091
17.123760 2.8395181 -0.4633334 4.2287974 0.0457726 0.1897734 0.0053878 0.9807456
17.227520 2.8541234 -0.4674807 4.2646894 0.0454190 0.1871903 0.0062787 0.9812530
17.331410 2.8679690 -0.4714753 4.3007593 0.0462401 0.1851890 0.0049594 0.9816019
17.435140 2.8816893 -0.4754304 4.3365588 0.0472638 0.1833000 0.0041067 0.9819116
17.539040 2.8954847 -0.4797617 4.3726177 0.0469255 0.1823405 0.0029974 0.9821104
17.642890 2.9090619 -0.4838060 4.4087572 0.0464061 0.1819155 0.0026420 0.9822150
17.746640 2.9230769 -0.4877897 4.4447656 0.0442603 0.1811424 0.0038950 0.9824527
17.850540 2.9367177 -0.4918821 4.4809346 0.0416328 0.1805927 0.0039252 0.9826686
17.954270 2.9499602 -0.4957880 4.5168099 0.0406838 0.1802800 0.0043254 0.9827641
18.058140 2.9634063 -0.4996479 4.5526357 0.0430929 0.1797532 0.0039450 0.9827595
18.161890 2.9766040 -0.5031998 4.5879679 0.0450775 0.1797784 0.0032573 0.9826683
18.265770 2.9896922 -0.5071067 4.6233716 0.0444648 0.1798218 0.0015124 0.9826926
18.369580 3.0028293 -0.5113779 4.6585307 0.0438328 0.1795242 0.0006513 0.9827763
18.473380 3.0160000 -0.5153419 4.6936588 0.0442520 0.1792549 0.0027999 0.9828029
18.577160 3.0289438 -0.5190619 4.7283387 0.0454468 0.1788662 0.0014697 0.9828221
18.680990 3.0411880 -0.5231012 4.7632809 0.0458207 0.1793076 -0.0033448 0.9827197
18.784860 3.0534437 -0.5270907 4.7976899 0.0466559 0.1792198 -0.0066520 0.9826796
18.888520 3.0664084 -0.5311604 4.8320880 0.0485469 0.1790763 -0.0052652 0.9826226
18.992370 3.0790658 -0.5355027 4.8658619 0.0490278 0.1787239 -0.0042528 0.9826678
19.096040 3.0919471 -0.5398289 4.8997388 0.0495040 0.1776704 -0.0044689 0.9828340
19.199890 3.1048672 -0.5437937 4.9333529 0.0492827 0.1764259 0.0002149 0.9830794
19.407390 3.1295807 -0.5521623 4.9996262 0.0450929 0.1737952 0.0054709 0.9837337
19.511150 3.1411800 -0.5560747 5.0326834 0.0447724 0.1721602 0.0059543 0.9840329
19.614770 3.1532350 -0.5599836 5.0658560 0.0473306 0.1693972 0.0059998 0.9843924
19.718390 3.1645744 -0.5638758 5.0987902 0.0488996 0.1661196 0.0063209 0.9848722
19.822140 3.1751873 -0.5674096 5.1316166 0.0493942 0.1622405 0.0059279 0.9854964
19.925670 3.1860507 -0.5712227 5.1650929 0.0474682 0.1573077 0.0076561 0.9863784
20.029410 3.1966205 -0.5750948 5.1977482 0.0468414 0.1509546 0.0094550 0.9873850
20.236640 3.2152183 -0.5823711 5.2620239 0.0487562 0.1371598 0.0104517 0.9892931
20.340390 3.2240524 -0.5861532 5.2956495 0.0489017 0.1303790 0.0112841 0.9901932
20.444020 3.2319787 -0.5898284 5.3274188 0.0499889 0.1236379 0.0110504 0.9910059
20.547770 3.2390916 -0.5941396 5.3594184 0.0529059 0.1170243 0.0093949 0.9916744
20.651520 3.2453241 -0.5979807 5.3911357 0.0572479 0.1110759 0.0047522 0.9921503
20.755270 3.2514975 -0.6019564 5.4224539 0.0610317 0.1042449 0.0024940 0.9926741
20.859140 3.2574196 -0.6061453 5.4537811 0.0614578 0.0977905 0.0019069 0.9933057
20.962890 3.2630029 -0.6101288 5.4860125 0.0595750 0.0921544 -0.0007383 0.9939607
21.066770 3.2681010 -0.6146597 5.5175357 0.0581156 0.0867540 -0.0026378 0.9945297
21.170640 3.2728446 -0.6190045 5.5480938 0.0613942 0.0820304 -0.0043627 0.9947274
21.274520 3.2769904 -0.6231908 5.5784216 0.0652703 0.0790568 -0.0065404 0.9947095
21.378530 3.2817001 -0.6275365 5.6095166 0.0665657 0.0773825 -0.0078640 0.9947457
21.482520 3.2863183 -0.6320472 5.6405940 0.0641146 0.0773724 -0.0090500 0.9948974
21.586400 3.2908208 -0.6369661 5.6715455 0.0618688 0.0783463 -0.0095010 0.9949592
21.690420 3.2957063 -0.6413735 5.7023058 0.0604618 0.0797551 -0.0084103 0.9949436
21.794280 3.3006356 -0.6455098 5.7327843 0.0608113 0.0812328 -0.0074093 0.9948107
21.898270 3.3058500 -0.6499669 5.7632518 0.0607699 0.0829500 -0.0066238 0.9946771
22.002150 3.3108377 -0.6543928 5.7934618 0.0598725 0.0854040 -0.0069774 0.9945214
22.106150 3.3162134 -0.6582881 5.8236814 0.0601429 0.0880288 -0.0074410 0.9942728
22.210070 3.3215466 -0.6624001 5.8533878 0.0591908 0.0909729 -0.0079843 0.9940607
22.313900 3.3273256 -0.6666708 5.8831763 0.0577896 0.0938403 -0.0068707 0.9938849
22.417770 3.3332477 -0.6706638 5.9128122 0.0577791 0.0963317 -0.0072208 0.9936446
22.521520 3.3387532 -0.6745377 5.9422526 0.0585234 0.0992048 -0.0082099 0.9933106
22.625400 3.3444922 -0.6787182 5.9713988 0.0595938 0.1013081 -0.0085987 0.9930314
22.729170 3.3504195 -0.6826846 6.0003109 0.0609302 0.1025591 -0.0088234 0.9928198
22.832900 3.3565841 -0.6867347 6.0291295 0.0616706 0.1032278 -0.0072131 0.9927179
22.936520 3.3626330 -0.6906123 6.0576720 0.0611616 0.1028154 -0.0057301 0.9928018
23.040140 3.3686550 -0.6948096 6.0861535 0.0592893 0.1006392 -0.0042422 0.9931458
23.143770 3.3739533 -0.6988802 6.1142564 0.0593490 0.0970873 -0.0037975 0.9934976
23.247420 3.3790910 -0.7027492 6.1421013 0.0599591 0.0913481 -0.0025490 0.9940090
23.351020 3.3838482 -0.7066632 6.1697764 0.0599565 0.0840084 -0.0011714 0.9946589
23.454650 3.3877184 -0.7102883 6.1972876 0.0588925 0.0763831 -0.0017601 0.9953362
23.558270 3.3908710 -0.7139623 6.2250371 0.0564207 0.0685614 -0.0044071 0.9960405
23.662020 3.3936551 -0.7175660 6.2526093 0.0530501 0.0604729 -0.0049310 0.9967469
23.765650 3.3961625 -0.7209603 6.2801843 0.0493304 0.0519848 -0.0048838 0.9974168
23.869400 3.3980041 -0.7241918 6.3075161 0.0455603 0.0434179 -0.0053192 0.9980034
23.973020 3.3993235 -0.7272737 6.3346462 0.0424793 0.0348446 -0.0062770 0.9984698
24.076780 3.4002361 -0.7302990 6.3615117 0.0411874 0.0258542 -0.0066976 0.9987944
24.180540 3.4008460 -0.7329857 6.3881397 0.0406188 0.0167329 -0.0062010 0.9990153
24.284160 3.4005570 -0.7355736 6.4144802 0.0401966 0.0081926 -0.0070919 0.9991331
24.387900 3.3999314 -0.7380177 6.4408655 0.0394334 0.0000649 -0.0097334 0.9991748
24.491650 3.3990281 -0.7405689 6.4672103 0.0373859 -0.0072239 -0.0111190 0.9992129
24.595400 3.3981483 -0.7430493 6.4932513 0.0356786 -0.0135474 -0.0094685 0.9992266
24.699270 3.3971293 -0.7454304 6.5189157 0.0351039 -0.0191945 -0.0085064 0.9991631
24.803110 3.3953624 -0.7478945 6.5442042 0.0365892 -0.0241856 -0.0108416 0.9989789
25.114270 3.3895273 -0.7552224 6.6190138 0.0482604 -0.0378569 -0.0099428 0.9980676
25.218040 3.3871622 -0.7576412 6.6445689 0.0473960 -0.0410998 -0.0095034 0.9979850
25.321770 3.3844109 -0.7602171 6.6701436 0.0431875 -0.0440392 -0.0112110 0.9980329
25.425520 3.3814752 -0.7629265 6.6960568 0.0372739 -0.0460646 -0.0138882 0.9981462
25.633210 3.3765893 -0.7678807 6.7479496 0.0330558 -0.0476326 -0.0123650 0.9982412
25.737020 3.3744512 -0.7700666 6.7734513 0.0344659 -0.0486176 -0.0102996 0.9981695
25.840800 3.3719039 -0.7721447 6.7990403 0.0345985 -0.0494058 -0.0086728 0.9981416
26.048150 3.3660796 -0.7762179 6.8508768 0.0313321 -0.0516615 -0.0100166 0.9981228
26.151900 3.3630548 -0.7783839 6.8769875 0.0286580 -0.0531961 -0.0098753 0.9981239
26.255540 3.3599203 -0.7802300 6.9033337 0.0274514 -0.0554487 -0.0095294 0.9980386
26.462800 3.3534009 -0.7837939 6.9558468 0.0249055 -0.0628944 -0.0082557 0.9976752
26.566610 3.3495953 -0.7857963 6.9820638 0.0241503 -0.0679517 -0.0073208 0.9973694
26.773900 3.3404567 -0.7893393 7.0346985 0.0267633 -0.0797880 -0.0090483 0.9964114
27.085020 3.3248711 -0.7947805 7.1145706 0.0268080 -0.0982617 -0.0089570 0.9947591
27.292530 3.3123522 -0.7984307 7.1683021 0.0250669 -0.1101971 -0.0109706 0.9935330
27.396270 3.3053944 -0.8001726 7.1954870 0.0238300 -0.1151084 -0.0132897 0.9929782
27.603900 3.2911377 -0.8035344 7.2510648 0.0221289 -0.1212735 -0.0154844 0.9922516
27.811650 3.2768564 -0.8067643 7.3079953 0.0215660 -0.1226304 -0.0119132 0.9921466
27.915520 3.2695932 -0.8085178 7.3367038 0.0219717 -0.1220010 -0.0112441 0.9922230
28.019400 3.2625568 -0.8101338 7.3656707 0.0232172 -0.1217314 -0.0095111 0.9922459
28.123280 3.2555017 -0.8116611 7.3952627 0.0227864 -0.1217480 -0.0080473 0.9922668
28.227150 3.2482872 -0.8133215 7.4250717 0.0201784 -0.1215311 -0.0065921 0.9923606
28.330900 3.2408872 -0.8150159 7.4546885 0.0186477 -0.1208283 -0.0064395 0.9924774
28.434770 3.2334585 -0.8168360 7.4843812 0.0173582 -0.1198381 -0.0062274 0.9926221
28.538650 3.2260544 -0.8182013 7.5143147 0.0172499 -0.1191005 -0.0066399 0.9927101
28.642420 3.2185643 -0.8196465 7.5441747 0.0169982 -0.1179538 -0.0074111 0.9928460
28.746150 3.2112391 -0.8214152 7.5741148 0.0174333 -0.1171465 -0.0075346 0.9929330
28.849900 3.2041509 -0.8230969 7.6041021 0.0194008 -0.1166021 -0.0068448 0.9929656
28.953800 3.1971195 -0.8245729 7.6339450 0.0227269 -0.1162750 -0.0070947 0.9929317
29.057520 3.1897497 -0.8262765 7.6637936 0.0237590 -0.1155571 -0.0080202 0.9929843
29.161270 3.1824491 -0.8281392 7.6937761 0.0222164 -0.1147031 -0.0088441 0.9931120
29.264900 3.1752527 -0.8301387 7.7238488 0.0201138 -0.1140753 -0.0098208 0.9932199
29.368650 3.1682518 -0.8318075 7.7534947 0.0201036 -0.1127186 -0.0114365 0.9933577
29.472530 3.1613202 -0.8336056 7.7830768 0.0196731 -0.1100024 -0.0132665 0.9936481
29.576300 3.1551960 -0.8350415 7.8125763 0.0191581 -0.1066564 -0.0128000 0.9940289
29.680170 3.1489453 -0.8367497 7.8422060 0.0191525 -0.1019262 -0.0121462 0.9945334
29.783900 3.1432874 -0.8386701 7.8718219 0.0201554 -0.0966689 -0.0104985 0.9950571
29.887780 3.1378350 -0.8403205 7.9014769 0.0218547 -0.0909673 -0.0106033 0.9955576
29.991660 3.1324763 -0.8418243 7.9315319 0.0216403 -0.0847429 -0.0118750 0.9960970
30.095530 3.1279364 -0.8434408 7.9615722 0.0182369 -0.0790167 -0.0091657 0.9966643
30.199280 3.1239803 -0.8451950 7.9917908 0.0142778 -0.0747821 -0.0073130 0.9970708
30.303050 3.1196325 -0.8465708 8.0221186 0.0115410 -0.0710983 -0.0071064 0.9973772
30.406780 3.1149790 -0.8476971 8.0523100 0.0104693 -0.0686937 -0.0099926 0.9975328
30.510400 3.1106412 -0.8488662 8.0828037 0.0096921 -0.0671973 -0.0095891 0.9976466
30.614030 3.1067078 -0.8501009 8.1132355 0.0093150 -0.0665597 -0.0090829 0.9976976
30.717780 3.1024091 -0.8511927 8.1436310 0.0102937 -0.0660185 -0.0091659 0.9977232
30.925160 3.0934227 -0.8533270 8.2048120 0.0104839 -0.0657848 -0.0118054 0.9977089
31.028780 3.0891092 -0.8544052 8.2356672 0.0098240 -0.0666272 -0.0124519 0.9976519
31.132530 3.0847802 -0.8555494 8.2667723 0.0090489 -0.0673744 -0.0118681 0.9976161
31.236300 3.0803576 -0.8566645 8.2980938 0.0089652 -0.0682969 -0.0100280 0.9975744
31.340050 3.0759108 -0.8576398 8.3295097 0.0082784 -0.0699369 -0.0097143 0.9974698
31.443650 3.0708661 -0.8586981 8.3606167 0.0072988 -0.0718627 -0.0107453 0.9973300
31.651030 3.0607455 -0.8604571 8.4235849 0.0027773 -0.0771877 -0.0124828 0.9969346
31.754790 3.0554535 -0.8612375 8.4550037 0.0025640 -0.0794322 -0.0135470 0.9967449
31.858530 3.0496635 -0.8622216 8.4861126 0.0042495 -0.0815288 -0.0161215 0.9965315
31.962280 3.0437050 -0.8627742 8.5174179 0.0065920 -0.0836942 -0.0184489 0.9962988
32.169650 3.0317211 -0.8645434 8.5798960 0.0071673 -0.0882759 -0.0214341 0.9958397
32.273410 3.0255203 -0.8655961 8.6112394 0.0080749 -0.0903155 -0.0224949 0.9956264
32.377150 3.0191679 -0.8664668 8.6426697 0.0094725 -0.0923549 -0.0225866 0.9954249
32.480910 3.0127647 -0.8672866 8.6743298 0.0096728 -0.0947179 -0.0227689 0.9951967
32.584530 3.0063550 -0.8684051 8.7060175 0.0088589 -0.0972540 -0.0229224 0.9949561
32.688280 2.9998372 -0.8695890 8.7376118 0.0089930 -0.0995387 -0.0211518 0.9947682
32.791900 2.9933817 -0.8706840 8.7691507 0.0093299 -0.1019917 -0.0196637 0.9945471
32.895660 2.9864790 -0.8716832 8.8005934 0.0102994 -0.1042210 -0.0201823 0.9942960
32.999410 2.9790585 -0.8727097 8.8319626 0.0093835 -0.1064052 -0.0228451 0.9940161
33.103170 2.9716291 -0.8737172 8.8632030 0.0087623 -0.1087620 -0.0245240 0.9937266
33.310530 2.9569333 -0.8764002 8.9254179 0.0137960 -0.1131108 -0.0223500 0.9932352
33.414280 2.9488750 -0.8773968 8.9565296 0.0164084 -0.1147115 -0.0252517 0.9929423
33.518170 2.9406922 -0.8785172 8.9877586 0.0147756 -0.1160925 -0.0285437 0.9927182
33.621780 2.9327266 -0.8796924 9.0192566 0.0092595 -0.1172237 -0.0291370 0.9926348
33.725530 2.9250846 -0.8805405 9.0509996 0.0031669 -0.1181645 -0.0275443 0.9926069
33.933050 2.9090934 -0.8819373 9.1140995 -0.0025839 -0.1200762 -0.0300078 0.9923077
34.036660 2.9009638 -0.8822084 9.1452742 -0.0001048 -0.1215565 -0.0298631 0.9921352
34.140410 2.8929148 -0.8824756 9.1764174 0.0030815 -0.1238477 -0.0289403 0.9918743
34.244030 2.8846762 -0.8829460 9.2076397 0.0054134 -0.1263842 -0.0289529 0.9915440
34.347780 2.8763642 -0.8836617 9.2387800 0.0066461 -0.1287142 -0.0283268 0.9912548
34.451530 2.8675215 -0.8844610 9.2696180 0.0076885 -0.1307247 -0.0280638 0.9909916
34.658910 2.8501041 -0.8857557 9.3326941 0.0044556 -0.1348922 -0.0273834 0.9904718
34.762530 2.8410408 -0.8864374 9.3642950 0.0014454 -0.1363561 -0.0268143 0.9902959
34.866280 2.8319371 -0.8869216 9.3957920 -0.0014398 -0.1376489 -0.0268229 0.9901168
34.970030 2.8226085 -0.8871669 9.4274759 -0.0040708 -0.1386041 -0.0264277 0.9899868
35.073910 2.8134034 -0.8873640 9.4594440 -0.0076961 -0.1394930 -0.0261986 0.9898465
35.177560 2.8040419 -0.8873368 9.4907436 -0.0079857 -0.1403102 -0.0265403 0.9897196
35.281280 2.7941053 -0.8875170 9.5215969 -0.0031641 -0.1410167 -0.0305097 0.9895319
35.488660 2.7754633 -0.8880222 9.5837069 0.0080121 -0.1423439 -0.0294917 0.9893454
35.592410 2.7659762 -0.8887021 9.6152973 0.0065817 -0.1421570 -0.0293291 0.9893876
35.696160 2.7563574 -0.8893653 9.6473064 0.0035536 -0.1423394 -0.0301284 0.9893529
35.799780 2.7467577 -0.8902261 9.6790018 0.0027443 -0.1431087 -0.0294205 0.9892658
36.007180 2.7282872 -0.8910711 9.7425127 0.0027845 -0.1447229 -0.0258334 0.9891310
36.110910 2.7184892 -0.8914356 9.7744665 0.0004786 -0.1453811 -0.0262975 0.9890261
36.214530 2.7084646 -0.8918956 9.8062611 -0.0008593 -0.1457169 -0.0271062 0.9889545
36.318290 2.6985979 -0.8922492 9.8379116 -0.0004746 -0.1463879 -0.0280154 0.9888304
36.422040 2.6887214 -0.8927190 9.8695440 0.0015032 -0.1470073 -0.0270780 0.9887636
36.525780 2.6787212 -0.8931276 9.9013910 0.0022805 -0.1478700 -0.0266237 0.9886457
36.629530 2.6689162 -0.8935138 9.9330616 0.0011164 -0.1489785 -0.0254584 0.9885120
36.733280 2.6586959 -0.8938833 9.9650593 -0.0002869 -0.1508121 -0.0257088 0.9882281
36.837040 2.6484921 -0.8943637 9.9968252 -0.0015329 -0.1529885 -0.0255667 0.9878960
36.940790 2.6378856 -0.8946440 10.0287008 -0.0012708 -0.1553037 -0.0245789 0.9875602
37.044540 2.6274536 -0.8948393 10.0602980 -0.0003309 -0.1577718 -0.0251454 0.9871553
37.252040 2.6052709 -0.8958392 10.1229124 0.0034409 -0.1628058 -0.0264137 0.9862985
37.355660 2.5941896 -0.8963406 10.1544533 0.0042736 -0.1669380 -0.0246988 0.9856488
37.459410 2.5826914 -0.8969085 10.1856613 0.0043602 -0.1717665 -0.0227201 0.9848660
37.666660 2.5590229 -0.8982645 10.2476311 0.0034113 -0.1850016 -0.0191872 0.9825450
37.770280 2.5461311 -0.8987405 10.2784281 0.0022798 -0.1926939 -0.0199537 0.9810534
37.874040 2.5327640 -0.8992025 10.3091898 -0.0002017 -0.2003309 -0.0200267 0.9795235
38.081530 2.5044336 -0.8999394 10.3691683 -0.0020556 -0.2136352 -0.0239469 0.9766178
38.185280 2.4896016 -0.9000239 10.3985558 -0.0000865 -0.2186113 -0.0269906 0.9754387
38.289160 2.4746881 -0.9001988 10.4284554 0.0015294 -0.2220709 -0.0292807 0.9745895
38.393160 2.4596739 -0.9005161 10.4582491 0.0022761 -0.2229435 -0.0321878 0.9742972
38.497160 2.4448016 -0.9009572 10.4881592 0.0043678 -0.2209986 -0.0360955 0.9745961
38.705160 2.4163785 -0.9018897 10.5476961 0.0097592 -0.2112785 -0.0392544 0.9765886
38.809290 2.4033394 -0.9025723 10.5781307 0.0101729 -0.2050458 -0.0359655 0.9780384
38.913290 2.3904653 -0.9032329 10.6085320 0.0089488 -0.1991318 -0.0353980 0.9792923
39.017160 2.3777502 -0.9040522 10.6388702 0.0089776 -0.1933818 -0.0372846 0.9803738
39.121160 2.3657167 -0.9046545 10.6692791 0.0084358 -0.1880240 -0.0358648 0.9814731
39.225040 2.3543680 -0.9055210 10.6997576 0.0092350 -0.1834425 -0.0334229 0.9824187
39.328910 2.3429096 -0.9063638 10.7302589 0.0098460 -0.1782691 -0.0319828 0.9834126
39.536410 2.3202574 -0.9080713 10.7915277 0.0102497 -0.1704134 -0.0341358 0.9847279
39.640160 2.3092983 -0.9087706 10.8225594 0.0081828 -0.1674604 -0.0358470 0.9851929
39.847560 2.2874503 -0.9095163 10.8850927 0.0037019 -0.1619115 -0.0375119 0.9860851
40.055040 2.2659564 -0.9110800 10.9473610 0.0093860 -0.1591344 -0.0412796 0.9863489
40.262420 2.2447572 -0.9127427 11.0094824 0.0195262 -0.1576827 -0.0402621 0.9864755
40.366160 2.2339270 -0.9138896 11.0411100 0.0191924 -0.1568575 -0.0413010 0.9865707
40.469910 2.2230587 -0.9154826 11.0733109 0.0170944 -0.1561335 -0.0421101 0.9866898
40.573540 2.2125027 -0.9166486 11.1056623 0.0157395 -0.1562029 -0.0414299 0.9867302
40.781040 2.1909325 -0.9187598 11.1701050 0.0132229 -0.1574285 -0.0402639 0.9866206
40.884790 2.1799040 -0.9199349 11.2023687 0.0128114 -0.1593745 -0.0397825 0.9863331
40.988410 2.1686890 -0.9207572 11.2345867 0.0128807 -0.1616089 -0.0400739 0.9859568
41.092170 2.1574106 -0.9215897 11.2671862 0.0130513 -0.1636995 -0.0404923 0.9855925
41.403160 2.1223443 -0.9246877 11.3640213 0.0154415 -0.1705692 -0.0403404 0.9843985
41.506790 2.1105537 -0.9258365 11.3965683 0.0172536 -0.1737997 -0.0388012 0.9838651
41.610540 2.0981562 -0.9270290 11.4290400 0.0181109 -0.1775780 -0.0379679 0.9832072
41.817920 2.0717499 -0.9291035 11.4942198 0.0146287 -0.1855613 -0.0405353 0.9816872
41.921540 2.0579095 -0.9299949 11.5270538 0.0115940 -0.1893089 -0.0429725 0.9809083
42.025300 2.0439093 -0.9306907 11.5597305 0.0086370 -0.1932169 -0.0456105 0.9800573
42.232670 2.0150337 -0.9318861 11.6251793 0.0085186 -0.2015274 -0.0463617 0.9783480
42.336290 2.0004647 -0.9324417 11.6576786 0.0119090 -0.2060698 -0.0451843 0.9774210
42.440040 1.9855683 -0.9332547 11.6902990 0.0159375 -0.2108208 -0.0441253 0.9763982
42.647420 1.9550744 -0.9355841 11.7552423 0.0198016 -0.2194480 -0.0379272 0.9746856
42.751180 1.9392910 -0.9365761 11.7879801 0.0182842 -0.2234729 -0.0341620 0.9739397
42.854790 1.9231166 -0.9375950 11.8207502 0.0153069 -0.2281156 -0.0329631 0.9729555
43.062290 1.8893430 -0.9394401 11.8860588 0.0087893 -0.2368154 -0.0316206 0.9710002
43.166060 1.8718970 -0.9400114 11.9186554 0.0077156 -0.2406882 -0.0323171 0.9700336
43.269790 1.8540549 -0.9407595 11.9508400 0.0078639 -0.2447571 -0.0347884 0.9689282
43.373560 1.8355941 -0.9411582 11.9829960 0.0072994 -0.2482140 -0.0374310 0.9679543
43.477330 1.8174189 -0.9418731 12.0155106 0.0055261 -0.2511222 -0.0365801 0.9672481
43.581040 1.7990162 -0.9422370 12.0480261 0.0061866 -0.2538332 -0.0367380 0.9665303
43.684940 1.7803106 -0.9426590 12.0799513 0.0082146 -0.2564752 -0.0353402 0.9658696
43.788690 1.7615383 -0.9431986 12.1122046 0.0097327 -0.2596947 -0.0342549 0.9650339
43.892430 1.7424664 -0.9436074 12.1447668 0.0096547 -0.2623998 -0.0341715 0.9643057
43.996060 1.7226603 -0.9441794 12.1771412 0.0077682 -0.2648305 -0.0367094 0.9635647
44.099960 1.7026644 -0.9446281 12.2095194 0.0053737 -0.2671711 -0.0380418 0.9628829
44.203560 1.6829197 -0.9450802 12.2416229 0.0059324 -0.2700022 -0.0381318 0.9620861
44.307300 1.6626447 -0.9453468 12.2734699 0.0082817 -0.2725259 -0.0388657 0.9613274
44.411040 1.6424150 -0.9459485 12.3052435 0.0106995 -0.2753220 -0.0375301 0.9605596
44.514790 1.6222035 -0.9466928 12.3371992 0.0100062 -0.2780594 -0.0349415 0.9598760
44.618540 1.6018603 -0.9472749 12.3689852 0.0089199 -0.2807397 -0.0329912 0.9591753
44.722330 1.5813773 -0.9478945 12.4009714 0.0079410 -0.2836851 -0.0303229 0.9584051
44.826160 1.5608015 -0.9485281 12.4324226 0.0074750 -0.2871399 -0.0283113 0.9574410
44.929790 1.5398695 -0.9490758 12.4641352 0.0059264 -0.2899734 -0.0250012 0.9566897
45.033540 1.5186306 -0.9495583 12.4951515 0.0050985 -0.2926143 -0.0266864 0.9558445
45.137340 1.4972801 -0.9500591 12.5261736 0.0047869 -0.2947892 -0.0264476 0.9551842
45.241040 1.4757209 -0.9505762 12.5569983 0.0057638 -0.2974670 -0.0263397 0.9543513
45.344810 1.4540020 -0.9510217 12.5874929 0.0062133 -0.2999008 -0.0277704 0.9535459
45.448540 1.4324553 -0.9514995 12.6180868 0.0053202 -0.3025114 -0.0246977 0.9528109
45.552290 1.4107139 -0.9521168 12.6485453 0.0041827 -0.3055301 -0.0262875 0.9518103
45.656170 1.3887922 -0.9527089 12.6785803 0.0052423 -0.3078471 -0.0253191 0.9510844
45.759920 1.3669454 -0.9528945 12.7086678 0.0040746 -0.3105318 -0.0234509 0.9502649
45.863670 1.3446416 -0.9532548 12.7384262 0.0034780 -0.3126751 -0.0259794 0.9494984
45.967420 1.3221318 -0.9537036 12.7680311 0.0024659 -0.3142862 -0.0290585 0.9488803
46.071290 1.2998011 -0.9536995 12.7975416 0.0022818 -0.3161559 -0.0296418 0.9482413
46.175050 1.2774174 -0.9535767 12.8272076 -0.0007434 -0.3173801 -0.0295936 0.9478362
46.278790 1.2548363 -0.9540085 12.8569288 -0.0004967 -0.3187173 -0.0306793 0.9473531
46.382670 1.2324907 -0.9539135 12.8860216 0.0017786 -0.3198912 -0.0293119 0.9469991
46.486540 1.2101033 -0.9540674 12.9148865 0.0053608 -0.3202322 -0.0271868 0.9469337
46.590420 1.1879127 -0.9543703 12.9440041 0.0051904 -0.3199917 -0.0272537 0.9470140
46.694170 1.1654893 -0.9546522 12.9730816 0.0042424 -0.3193147 -0.0278345 0.9472303
46.798050 1.1429631 -0.9547497 13.0027218 0.0019219 -0.3183160 -0.0289010 0.9475421
46.901920 1.1208260 -0.9549943 13.0323439 0.0013568 -0.3168004 -0.0290683 0.9480457
47.005800 1.0986923 -0.9551133 13.0622168 0.0014058 -0.3144342 -0.0291680 0.9488300
47.109670 1.0763849 -0.9552430 13.0916023 0.0044748 -0.3113347 -0.0306634 0.9497949
47.317420 1.0325435 -0.9558029 13.1525450 0.0079457 -0.3045487 -0.0301178 0.9519873
47.421170 1.0107636 -0.9562731 13.1832876 0.0077336 -0.3004651 -0.0305485 0.9532721
47.628800 0.9675567 -0.9574972 13.2458687 0.0065604 -0.2926593 -0.0326260 0.9556375
47.732670 0.9460666 -0.9577703 13.2778921 0.0035621 -0.2882434 -0.0341831 0.9569402
47.940170 0.9040543 -0.9581838 13.3422117 0.0031778 -0.2794989 -0.0371472 0.9594219
48.043920 0.8836160 -0.9583014 13.3745937 0.0067070 -0.2759978 -0.0362710 0.9604502
48.147690 0.8634445 -0.9587506 13.4072924 0.0093159 -0.2726086 -0.0350020 0.9614430
48.251420 0.8433226 -0.9591104 13.4404678 0.0088770 -0.2690850 -0.0338274 0.9624813
48.458800 0.8037469 -0.9604270 13.5074692 0.0069841 -0.2629147 -0.0342467 0.9641858
48.562550 0.7840042 -0.9608641 13.5412979 0.0063720 -0.2602440 -0.0339141 0.9649261
48.666190 0.7640519 -0.9613208 13.5752773 0.0059194 -0.2573779 -0.0349404 0.9656608
48.769940 0.7444110 -0.9617943 13.6097078 0.0057575 -0.2548100 -0.0365705 0.9662822
48.873550 0.7248688 -0.9622321 13.6440668 0.0059599 -0.2523726 -0.0376671 0.9668784
48.977300 0.7054642 -0.9625433 13.6787491 0.0062933 -0.2502959 -0.0384438 0.9673854
49.184670 0.6664085 -0.9635301 13.7487926 0.0073173 -0.2458133 -0.0400774 0.9684607
49.288320 0.6472934 -0.9640462 13.7842274 0.0072367 -0.2438937 -0.0390408 0.9689888
49.495800 0.6095060 -0.9647767 13.8549900 0.0068839 -0.2402335 -0.0391977 0.9698990
49.599420 0.5905517 -0.9654396 13.8904848 0.0064483 -0.2385035 -0.0408535 0.9702605
49.703170 0.5718981 -0.9660001 13.9259119 0.0059201 -0.2365259 -0.0415668 0.9707176
49.806800 0.5532697 -0.9664171 13.9616461 0.0064408 -0.2348080 -0.0421638 0.9711055
49.910550 0.5348709 -0.9672390 13.9970484 0.0077007 -0.2329606 -0.0421235 0.9715430
50.014170 0.5166802 -0.9675921 14.0326786 0.0077643 -0.2317750 -0.0414180 0.9718562
50.117990 0.4985012 -0.9682099 14.0685301 0.0048444 -0.2310766 -0.0401857 0.9720932
50.221580 0.4804083 -0.9684191 14.1045771 0.0003968 -0.2306122 -0.0388698 0.9722690
50.325300 0.4619291 -0.9685445 14.1405964 -0.0023203 -0.2299846 -0.0387606 0.9724193
50.428990 0.4442443 -0.9686003 14.1761866 -0.0016158 -0.2297482 -0.0377227 0.9725174
50.532690 0.4263051 -0.9688770 14.2117977 0.0013409 -0.2295957 -0.0362682 0.9726092
50.636450 0.4086187 -0.9691697 14.2474642 0.0047046 -0.2294702 -0.0346622 0.9726869
50.740210 0.3906365 -0.9694300 14.2831144 0.0057470 -0.2287547 -0.0326638 0.9729190
50.843990 0.3728850 -0.9699880 14.3190041 0.0044792 -0.2282438 -0.0317068 0.9730773
50.947600 0.3551424 -0.9705958 14.3553543 0.0019315 -0.2279366 -0.0301319 0.9732077
51.051200 0.3373219 -0.9710618 14.3906479 -0.0003867 -0.2272786 -0.0291662 0.9733928
51.154950 0.3196291 -0.9711336 14.4269056 -0.0019841 -0.2272258 -0.0285024 0.9734229
51.258560 0.3021404 -0.9714342 14.4620399 -0.0026907 -0.2270456 -0.0279861 0.9734782
51.362310 0.2842555 -0.9717399 14.4976454 -0.0016230 -0.2270141 -0.0275250 0.9735011
51.465930 0.2664825 -0.9717087 14.5330048 -0.0003455 -0.2270372 -0.0265788 0.9735233
51.569680 0.2487483 -0.9717683 14.5686893 -0.0005572 -0.2270317 -0.0260909 0.9735377
51.673320 0.2311331 -0.9721379 14.6043844 -0.0025668 -0.2269482 -0.0255374 0.9735686
51.776930 0.2132409 -0.9723591 14.6402493 -0.0031613 -0.2265926 -0.0252942 0.9736560
51.880670 0.1956276 -0.9724911 14.6759768 -0.0022324 -0.2263515 -0.0247247 0.9737293
51.984300 0.1779057 -0.9724841 14.7116413 -0.0014467 -0.2259867 -0.0240866 0.9738315
52.088050 0.1602645 -0.9727489 14.7472057 -0.0019904 -0.2256760 -0.0236461 0.9739134
52.191670 0.1425922 -0.9729249 14.7829399 -0.0030666 -0.2257038 -0.0234866 0.9739080
52.295430 0.1250144 -0.9729810 14.8185883 -0.0040505 -0.2258777 -0.0220746 0.9738971
52.399170 0.1076127 -0.9731263 14.8542795 -0.0051531 -0.2261762 -0.0202523 0.9738622
52.502930 0.0902425 -0.9731891 14.8898621 -0.0063973 -0.2263992 -0.0178801 0.9738495
52.606680 0.0728998 -0.9731084 14.9254131 -0.0080499 -0.2267284 -0.0147783 0.9738126
52.710430 0.0559202 -0.9730451 14.9608660 -0.0089816 -0.2273930 -0.0112555 0.9736966
52.814180 0.0386407 -0.9729823 14.9960079 -0.0104479 -0.2280155 -0.0108650 0.9735408
52.917930 0.0212918 -0.9727501 15.0310144 -0.0113973 -0.2285787 -0.0091344 0.9734159
53.021680 0.0042867 -0.9726016 15.0655422 -0.0127052 -0.2293542 -0.0090018 0.9732184
53.125430 -0.0128641 -0.9722830 15.0996962 -0.0128656 -0.2300006 -0.0083288 0.9730698
53.229180 -0.0298561 -0.9720290 15.1334162 -0.0132587 -0.2308007 -0.0078907 0.9728787
53.332930 -0.0463807 -0.9717600 15.1666527 -0.0137685 -0.2317697 -0.0071785 0.9726468
53.436550 -0.0628959 -0.9715152 15.1994104 -0.0151717 -0.2325599 -0.0072251 0.9724369
53.540300 -0.0792974 -0.9711161 15.2316675 -0.0172273 -0.2330457 -0.0085430 0.9722757
53.644050 -0.0957755 -0.9705653 15.2635326 -0.0199799 -0.2330981 -0.0115304 0.9721796
53.747800 -0.1118889 -0.9698899 15.2947721 -0.0221920 -0.2328690 -0.0154655 0.9721318
53.955300 -0.1434623 -0.9679170 15.3540735 -0.0226014 -0.2318423 -0.0228744 0.9722217
54.059050 -0.1585494 -0.9667237 15.3831768 -0.0217102 -0.2315173 -0.0263073 0.9722326
54.162800 -0.1733632 -0.9658443 15.4115601 -0.0210564 -0.2308472 -0.0277875 0.9723652
54.266550 -0.1876936 -0.9648839 15.4393616 -0.0199144 -0.2304629 -0.0284146 0.9724623
54.370180 -0.2017234 -0.9639704 15.4669847 -0.0190156 -0.2300512 -0.0280742 0.9725876
54.473930 -0.2153410 -0.9631326 15.4943380 -0.0190864 -0.2298356 -0.0275384 0.9726525
54.577570 -0.2290413 -0.9623269 15.5210505 -0.0187000 -0.2293374 -0.0282247 0.9727579
54.681310 -0.2420693 -0.9616368 15.5474548 -0.0185076 -0.2285542 -0.0282754 0.9729444
54.785060 -0.2549468 -0.9608215 15.5736752 -0.0186621 -0.2267408 -0.0289151 0.9733469
54.888800 -0.2676959 -0.9600474 15.5993538 -0.0189695 -0.2238180 -0.0306778 0.9739633
54.992680 -0.2798472 -0.9592782 15.6247005 -0.0193893 -0.2202592 -0.0310816 0.9747532
55.096430 -0.2917272 -0.9587179 15.6498013 -0.0186244 -0.2169566 -0.0325279 0.9754614
55.200180 -0.3033656 -0.9582290 15.6745853 -0.0156947 -0.2133674 -0.0331372 0.9762837
55.304050 -0.3147618 -0.9575484 15.6991072 -0.0124468 -0.2092367 -0.0343338 0.9771828
55.407810 -0.3257911 -0.9569612 15.7241354 -0.0108527 -0.2042427 -0.0345209 0.9782512
55.511680 -0.3366052 -0.9561961 15.7494907 -0.0113285 -0.1981062 -0.0353945 0.9794758
55.615430 -0.3471773 -0.9555820 15.7754307 -0.0144562 -0.1921747 -0.0374403 0.9805397
55.719180 -0.3574539 -0.9549462 15.8016815 -0.0170091 -0.1864434 -0.0379853 0.9815838
55.822930 -0.3673901 -0.9542884 15.8280220 -0.0190476 -0.1806884 -0.0380959 0.9826177
55.926680 -0.3770693 -0.9535819 15.8547325 -0.0198610 -0.1751323 -0.0376860 0.9836229
56.030430 -0.3864436 -0.9526830 15.8814516 -0.0191600 -0.1699488 -0.0360387 0.9846073
56.237800 -0.4039172 -0.9512247 15.9351082 -0.0152715 -0.1624880 -0.0297549 0.9861435
56.341580 -0.4127055 -0.9505434 15.9626503 -0.0149526 -0.1594802 -0.0262004 0.9867401
56.445350 -0.4214145 -0.9497604 15.9902534 -0.0176071 -0.1566743 -0.0236728 0.9872096
56.549070 -0.4303370 -0.9488931 16.0187225 -0.0252501 -0.1539060 -0.0231818 0.9874908
56.652940 -0.4393206 -0.9474170 16.0473003 -0.0328298 -0.1514950 -0.0254513 0.9875848
56.860440 -0.4571483 -0.9441907 16.1049995 -0.0411409 -0.1454879 -0.0272878 0.9881275
56.964280 -0.4657015 -0.9421474 16.1336899 -0.0403361 -0.1426734 -0.0281534 0.9885467
57.068060 -0.4742803 -0.9400381 16.1630840 -0.0397307 -0.1393799 -0.0276346 0.9890556
57.171890 -0.4821680 -0.9380534 16.1925793 -0.0421803 -0.1364440 -0.0256961 0.9894158
57.379330 -0.4976889 -0.9336247 16.2524605 -0.0473228 -0.1299764 -0.0221943 0.9901384
57.483060 -0.5053422 -0.9314183 16.2822685 -0.0482859 -0.1271037 -0.0208962 0.9904931
57.586810 -0.5125328 -0.9291031 16.3116760 -0.0475257 -0.1241280 -0.0197246 0.9909311
57.690560 -0.5196159 -0.9267455 16.3410206 -0.0471189 -0.1211143 -0.0192725 0.9913323
57.794300 -0.5267573 -0.9244463 16.3702259 -0.0471065 -0.1174964 -0.0196550 0.9917607
57.898200 -0.5334678 -0.9223354 16.3992004 -0.0473650 -0.1132090 -0.0205137 0.9922295
58.001930 -0.5397139 -0.9202043 16.4279404 -0.0473762 -0.1083623 -0.0199507 0.9927815
58.105810 -0.5454823 -0.9180756 16.4563103 -0.0472556 -0.1030521 -0.0190002 0.9933711
58.209680 -0.5509835 -0.9159657 16.4844131 -0.0475407 -0.0974864 -0.0186095 0.9939265
58.313440 -0.5561138 -0.9137770 16.5125465 -0.0482418 -0.0922782 -0.0187897 0.9943864
58.417310 -0.5608048 -0.9119948 16.5401020 -0.0474112 -0.0868532 -0.0171904 0.9949438
58.521060 -0.5650849 -0.9101688 16.5672798 -0.0447818 -0.0814967 -0.0168177 0.9955250
58.624930 -0.5693244 -0.9084021 16.5941486 -0.0397833 -0.0752754 -0.0190952 0.9961858
58.728680 -0.5732605 -0.9066650 16.6211109 -0.0356451 -0.0681524 -0.0225825 0.9967822
58.936580 -0.5787556 -0.9039569 16.6750813 -0.0305892 -0.0498031 -0.0217944 0.9980526
59.040430 -0.5805287 -0.9028946 16.7022095 -0.0282249 -0.0393701 -0.0203475 0.9986187
59.144310 -0.5815940 -0.9020959 16.7292175 -0.0249239 -0.0288552 -0.0177443 0.9991153
59.248190 -0.5818660 -0.9011815 16.7568607 -0.0210547 -0.0186622 -0.0147529 0.9994953
59.352060 -0.5814760 -0.9007092 16.7845249 -0.0184509 -0.0086438 -0.0106148 0.9997361
59.559560 -0.5801049 -0.8994008 16.8413391 -0.0199292 0.0100640 -0.0078665 0.9997198
59.663310 -0.5790343 -0.8986096 16.8702812 -0.0241455 0.0178701 -0.0083368 0.9995140
59.766940 -0.5771046 -0.8977414 16.8993530 -0.0285349 0.0242889 -0.0063681 0.9992774
59.870680 -0.5753425 -0.8968655 16.9283638 -0.0313809 0.0292904 -0.0060288 0.9990600
60.078080 -0.5716658 -0.8945680 16.9869442 -0.0338070 0.0374132 -0.0090147 0.9986871
60.181800 -0.5692828 -0.8931151 17.0163631 -0.0361463 0.0414440 -0.0091444 0.9984449
60.389310 -0.5649068 -0.8908914 17.0745029 -0.0323740 0.0482686 -0.0193108 0.9981228
60.493060 -0.5624058 -0.8900396 17.1029186 -0.0229292 0.0510456 -0.0229822 0.9981685
60.700580 -0.5565190 -0.8881429 17.1613388 -0.0149923 0.0549703 -0.0258699 0.9980402
60.804180 -0.5540425 -0.8875327 17.1914768 -0.0206734 0.0556218 -0.0296650 0.9977970
60.907960 -0.5510610 -0.8872325 17.2213936 -0.0236208 0.0548135 -0.0304935 0.9977513
61.115330 -0.5458335 -0.8873461 17.2785206 -0.0034541 0.0513684 -0.0346326 0.9980731
61.322690 -0.5410269 -0.8875376 17.3361378 0.0054348 0.0459924 -0.0377169 0.9982147
61.426430 -0.5390712 -0.8884509 17.3652477 -0.0012729 0.0447558 -0.0398160 0.9982034
61.633820 -0.5347843 -0.8901039 17.4212971 -0.0029059 0.0423009 -0.0378452 0.9983836
61.841310 -0.5306340 -0.8913952 17.4751797 0.0055934 0.0392029 -0.0343248 0.9986259
62.048840 -0.5267236 -0.8934596 17.5282097 0.0086486 0.0375678 -0.0312018 0.9987694
62.256400 -0.5232729 -0.8956270 17.5797367 0.0140133 0.0382925 -0.0326716 0.9986340
62.463960 -0.5199270 -0.8981084 17.6303558 0.0167536 0.0425961 -0.0378353 0.9982351
62.567930 -0.5177926 -0.8996947 17.6550083 0.0174022 0.0491197 -0.0399261 0.9978428
63.399310 -0.4854402 -0.9120483 17.8307381 0.0201023 0.1209991 -0.0349178 0.9918346
63.607060 -0.4753711 -0.9153132 17.8653526 0.0235233 0.1387214 -0.0316027 0.9895476
64.644440 -0.4301844 -0.9290722 17.9879017 0.0429767 0.1851868 -0.0204202 0.9815508
65.681060 -0.4046133 -0.9367872 18.0505524 0.0438150 0.1834733 -0.0113310 0.9819824
66.095940 -0.3977576 -0.9394558 18.0720634 0.0465006 0.1744417 -0.0155124 0.9834465
66.821690 -0.3826857 -0.9450642 18.1254902 0.0406749 0.1457686 -0.0205330 0.9882689
68.273070 -0.3688727 -0.9604157 18.2862091 0.0401402 -0.0047325 -0.0244081 0.9988847
68.376700 -0.3704166 -0.9616280 18.3014698 0.0399306 -0.0177356 -0.0256382 0.9987160
68.791570 -0.3794132 -0.9673389 18.3691082 0.0387179 -0.0645285 -0.0250905 0.9968488
69.102840 -0.3906377 -0.9720552 18.4263649 0.0382453 -0.0925513 -0.0245578 0.9946700
69.310320 -0.4002130 -0.9754846 18.4676704 0.0374106 -0.1113625 -0.0211976 0.9928492
69.517690 -0.4121058 -0.9790205 18.5111294 0.0372016 -0.1295774 -0.0193907 0.9906815
69.725320 -0.4263310 -0.9826431 18.5562496 0.0377663 -0.1447864 -0.0212218 0.9885142
70.140570 -0.4603535 -0.9902181 18.6545753 0.0335229 -0.1644061 -0.0239012 0.9855331
70.348200 -0.4795585 -0.9939256 18.7072735 0.0331100 -0.1691663 -0.0251798 0.9847093
70.451940 -0.4894541 -0.9958768 18.7346439 0.0330122 -0.1709271 -0.0258864 0.9843902
70.659570 -0.5103682 -0.9998323 18.7907982 0.0335102 -0.1739257 -0.0254687 0.9838589
70.763330 -0.5211530 -1.0018600 18.8198185 0.0340865 -0.1754928 -0.0247038 0.9835802
70.867190 -0.5321918 -1.0040394 18.8491268 0.0346782 -0.1769258 -0.0241770 0.9833159
71.282190 -0.5783839 -1.0136684 18.9704323 0.0360884 -0.1821671 -0.0207380 0.9823862
71.385950 -0.5905683 -1.0160681 19.0018368 0.0362695 -0.1832711 -0.0198398 0.9821928
71.489570 -0.6029177 -1.0186839 19.0332680 0.0375637 -0.1840973 -0.0203395 0.9819794
71.697200 -0.6283394 -1.0240879 19.0972710 0.0404031 -0.1848031 -0.0194547 0.9817520
71.800950 -0.6414839 -1.0267395 19.1304035 0.0400594 -0.1850311 -0.0206659 0.9816983
71.904720 -0.6547003 -1.0297121 19.1634617 0.0384715 -0.1851017 -0.0208466 0.9817447
72.112200 -0.6816635 -1.0354178 19.2316265 0.0374480 -0.1857593 -0.0197862 0.9816821
72.215950 -0.6953956 -1.0383008 19.2660942 0.0376940 -0.1862254 -0.0184689 0.9816100
72.423450 -0.7231898 -1.0441647 19.3363037 0.0374551 -0.1870929 -0.0167762 0.9814845
72.527200 -0.7373298 -1.0471131 19.3721123 0.0373905 -0.1876862 -0.0158913 0.9813884
72.734700 -0.7666773 -1.0531548 19.4449825 0.0377015 -0.1885436 -0.0157117 0.9812151
72.838470 -0.7818082 -1.0564342 19.4813728 0.0381971 -0.1887851 -0.0160994 0.9811432
72.942200 -0.7969084 -1.0595214 19.5187054 0.0380983 -0.1892352 -0.0166046 0.9810519
73.045950 -0.8125051 -1.0626266 19.5570183 0.0375883 -0.1889682 -0.0165765 0.9811235
73.149700 -0.8282298 -1.0658752 19.5946026 0.0376804 -0.1882183 -0.0190656 0.9812189
73.253450 -0.8437317 -1.0691602 19.6325264 0.0387567 -0.1870065 -0.0201355 0.9813873
73.357220 -0.8592337 -1.0724329 19.6710434 0.0405037 -0.1847522 -0.0213684 0.9817176
73.461070 -0.8745973 -1.0759823 19.7098064 0.0420280 -0.1810651 -0.0234635 0.9822925
73.564950 -0.8899488 -1.0797343 19.7487888 0.0436115 -0.1759133 -0.0260702 0.9830935
73.668820 -0.9048576 -1.0836549 19.7884750 0.0450186 -0.1692601 -0.0283429 0.9841347
73.772700 -0.9190459 -1.0876893 19.8285007 0.0454521 -0.1615464 -0.0296855 0.9853708
73.876700 -0.9324884 -1.0916642 19.8692093 0.0447231 -0.1532795 -0.0304265 0.9867013
73.980600 -0.9453746 -1.0956495 19.9093189 0.0431977 -0.1443409 -0.0319678 0.9880677
74.084450 -0.9575679 -1.0997016 19.9502926 0.0431527 -0.1353609 -0.0324120 0.9893254
74.188450 -0.9687406 -1.1036394 19.9913139 0.0447556 -0.1260788 -0.0325697 0.9904748
74.396200 -0.9885582 -1.1122031 20.0743580 0.0478014 -0.1063358 -0.0326682 0.9926432
74.500110 -0.9973366 -1.1165410 20.1162338 0.0469132 -0.0952116 -0.0331347 0.9937988
74.603820 -1.0052046 -1.1210412 20.1585922 0.0463614 -0.0833018 -0.0321037 0.9949275
74.707830 -1.0116155 -1.1253824 20.2005424 0.0486344 -0.0708953 -0.0322673 0.9957747
74.915450 -1.0221143 -1.1351296 20.2855282 0.0548196 -0.0437630 -0.0334593 0.9969755
75.019330 -1.0256165 -1.1405401 20.3280754 0.0573567 -0.0289651 -0.0362212 0.9972759
75.123330 -1.0273594 -1.1460478 20.3708515 0.0595247 -0.0135522 -0.0339359 0.9975578
75.227100 -1.0281612 -1.1517413 20.4137230 0.0610521 0.0017315 -0.0360488 0.9974819
75.434820 -1.0252748 -1.1642451 20.4992237 0.0660875 0.0302427 -0.0328525 0.9968142
75.538570 -1.0218976 -1.1707165 20.5417519 0.0683353 0.0432438 -0.0305935 0.9962552
75.642200 -1.0174218 -1.1771867 20.5841599 0.0693172 0.0551340 -0.0289158 0.9956502
75.745950 -1.0120201 -1.1840485 20.6267452 0.0696023 0.0663721 -0.0280157 0.9949700
75.849580 -1.0059977 -1.1909586 20.6689396 0.0706937 0.0774613 -0.0288382 0.9940677
75.953320 -0.9990191 -1.1978179 20.7114506 0.0725028 0.0885177 -0.0284927 0.9930237
76.056950 -0.9909562 -1.2049383 20.7537766 0.0730221 0.0989884 -0.0274057 0.9920272
76.160580 -0.9815753 -1.2120966 20.7962952 0.0717173 0.1075671 -0.0248940 0.9912952
76.264200 -0.9716868 -1.2191862 20.8390312 0.0713923 0.1140579 -0.0220025 0.9906613
76.367700 -0.9609986 -1.2263819 20.8813629 0.0732444 0.1181594 -0.0186712 0.9901136
76.471330 -0.9505693 -1.2335688 20.9238529 0.0750640 0.1211435 -0.0171580 0.9896440
76.574950 -0.9400291 -1.2409761 20.9668999 0.0751808 0.1234704 -0.0177298 0.9893374
76.678580 -0.9292134 -1.2482940 21.0094318 0.0751396 0.1251097 -0.0183974 0.9891224
76.782200 -0.9184703 -1.2556303 21.0524464 0.0762574 0.1269215 -0.0185447 0.9888032
76.885860 -0.9072888 -1.2632742 21.0955582 0.0780836 0.1286356 -0.0179843 0.9884495
77.093250 -0.8840598 -1.2790858 21.1832008 0.0790609 0.1318059 -0.0167138 0.9879763
77.196950 -0.8721372 -1.2869560 21.2276592 0.0772388 0.1332915 -0.0166750 0.9879218
77.300580 -0.8599901 -1.2946190 21.2726383 0.0753359 0.1344062 -0.0168468 0.9879148
77.404200 -0.8476424 -1.3024156 21.3176575 0.0759042 0.1349975 -0.0182072 0.9877666
77.507830 -0.8353959 -1.3101530 21.3628387 0.0781142 0.1352277 -0.0183844 0.9875594
77.715200 -0.8100309 -1.3269969 21.4539680 0.0794271 0.1346166 -0.0174715 0.9875548
77.818950 -0.7971044 -1.3354089 21.5003014 0.0794754 0.1344179 -0.0179129 0.9875700
77.922710 -0.7846658 -1.3437908 21.5469189 0.0794728 0.1346366 -0.0191806 0.9875166
78.026330 -0.7722116 -1.3523374 21.5935726 0.0798074 0.1350860 -0.0202099 0.9874077
78.233830 -0.7462485 -1.3693990 21.6883926 0.0786627 0.1376072 -0.0203905 0.9871477
78.337450 -0.7330382 -1.3779907 21.7360134 0.0788538 0.1387331 -0.0199047 0.9869848
78.441200 -0.7194875 -1.3866218 21.7838707 0.0795194 0.1399645 -0.0197069 0.9867615
78.544830 -0.7058223 -1.3952751 21.8320770 0.0789080 0.1415247 -0.0203262 0.9865754
78.752330 -0.6773327 -1.4129143 21.9296379 0.0781886 0.1450241 -0.0207720 0.9861152
78.855950 -0.6627915 -1.4219393 21.9785824 0.0775131 0.1469062 -0.0207006 0.9858913
78.959710 -0.6481002 -1.4307513 22.0278816 0.0773070 0.1485968 -0.0213855 0.9856395
79.063330 -0.6332812 -1.4395691 22.0774555 0.0778637 0.1502560 -0.0215094 0.9853414
79.167080 -0.6179975 -1.4484074 22.1271973 0.0780602 0.1517227 -0.0215895 0.9850994
79.270830 -0.6024977 -1.4574648 22.1771374 0.0781324 0.1531196 -0.0211216 0.9848876
79.374460 -0.5868129 -1.4665661 22.2272453 0.0788606 0.1544092 -0.0211534 0.9846275
79.478210 -0.5708048 -1.4758291 22.2779350 0.0790926 0.1559211 -0.0212068 0.9843695
79.581950 -0.5541633 -1.4851459 22.3287201 0.0790121 0.1572876 -0.0212967 0.9841565
79.685700 -0.5379632 -1.4946196 22.3796597 0.0786037 0.1593450 -0.0215624 0.9838524
79.789450 -0.5208108 -1.5040535 22.4303036 0.0786236 0.1610250 -0.0211303 0.9835867
79.893210 -0.5037614 -1.5133705 22.4816017 0.0785250 0.1630637 -0.0212705 0.9832556
79.996970 -0.4862313 -1.5229630 22.5329800 0.0789294 0.1646842 -0.0205680 0.9829681
80.100580 -0.4686964 -1.5326207 22.5848370 0.0791992 0.1660630 -0.0203383 0.9827191
80.204330 -0.4507837 -1.5420480 22.6367550 0.0796449 0.1670522 -0.0201232 0.9825199
80.307980 -0.4328468 -1.5517548 22.6888447 0.0797792 0.1681586 -0.0199054 0.9823247
80.411710 -0.4144287 -1.5615268 22.7412148 0.0796936 0.1687976 -0.0199519 0.9822211
80.515330 -0.3960175 -1.5713228 22.7939415 0.0797478 0.1694576 -0.0195027 0.9821121
80.619080 -0.3774342 -1.5812061 22.8469658 0.0804378 0.1701289 -0.0189270 0.9819510
80.722740 -0.3588925 -1.5912054 22.9000492 0.0805090 0.1707456 -0.0184514 0.9818471
80.826440 -0.3399905 -1.6012528 22.9536209 0.0797574 0.1713265 -0.0176371 0.9818223
80.930080 -0.3208808 -1.6112934 23.0074120 0.0800423 0.1718074 -0.0178405 0.9817113
81.033840 -0.3012556 -1.6213689 23.0617905 0.0798257 0.1721511 -0.0181722 0.9816627
81.137500 -0.2819357 -1.6315033 23.1160412 0.0787728 0.1727901 -0.0185179 0.9816290
81.241210 -0.2628229 -1.6416574 23.1703873 0.0777405 0.1736517 -0.0179183 0.9815704
81.344940 -0.2428251 -1.6516401 23.2248974 0.0781219 0.1738428 -0.0174927 0.9815140
81.448590 -0.2232193 -1.6618420 23.2791595 0.0789315 0.1739670 -0.0175461 0.9814262
81.552330 -0.2030869 -1.6722009 23.3335838 0.0791714 0.1737976 -0.0173744 0.9814399
81.656060 -0.1831262 -1.6822969 23.3883553 0.0791313 0.1738534 -0.0178941 0.9814240
81.759710 -0.1633482 -1.6926169 23.4430790 0.0790612 0.1737934 -0.0172182 0.9814523
81.863460 -0.1438223 -1.7029073 23.4972992 0.0794452 0.1735761 -0.0175680 0.9814536
81.967080 -0.1239423 -1.7132728 23.5521240 0.0804853 0.1732615 -0.0177094 0.9814219
82.070830 -0.1041883 -1.7235640 23.6061516 0.0812458 0.1726615 -0.0163214 0.9814890
82.174460 -0.0847663 -1.7340950 23.6608295 0.0811181 0.1719110 -0.0156775 0.9816418
82.278210 -0.0651597 -1.7444721 23.7155323 0.0805043 0.1708682 -0.0140454 0.9818991
82.381960 -0.0457134 -1.7547519 23.7702198 0.0800414 0.1699520 -0.0139420 0.9820974
82.485710 -0.0263152 -1.7652240 23.8247547 0.0797294 0.1693318 -0.0140402 0.9822285
82.589430 -0.0071502 -1.7754160 23.8789101 0.0796115 0.1689127 -0.0132936 0.9823206
82.693080 0.0114546 -1.7855610 23.9329281 0.0799010 0.1686339 -0.0136151 0.9823406
82.796920 0.0307062 -1.7956645 23.9871750 0.0802191 0.1680724 -0.0129118 0.9824204
82.900600 0.0494428 -1.8059379 24.0410423 0.0798513 0.1678014 -0.0134112 0.9824900
83.004230 0.0681328 -1.8161324 24.0949001 0.0800129 0.1674122 -0.0142909 0.9825308
83.107850 0.0868515 -1.8264638 24.1490078 0.0793297 0.1671028 -0.0152223 0.9826249
83.211580 0.1054915 -1.8366451 24.2029381 0.0787947 0.1669303 -0.0137356 0.9827192
83.315210 0.1241499 -1.8467351 24.2569294 0.0780970 0.1665598 -0.0128871 0.9828492
83.418960 0.1431826 -1.8566337 24.3110790 0.0783880 0.1660840 -0.0092573 0.9829475
83.522590 0.1619398 -1.8669026 24.3648834 0.0794460 0.1654100 -0.0083426 0.9829844
83.626210 0.1814238 -1.8773582 24.4190311 0.0806436 0.1647460 -0.0090586 0.9829921
83.729960 0.1998336 -1.8875494 24.4727974 0.0806195 0.1644002 -0.0102688 0.9830400
83.833580 0.2179318 -1.8975574 24.5273800 0.0797498 0.1641532 -0.0117019 0.9831362
83.937350 0.2363555 -1.9075766 24.5816593 0.0795059 0.1635162 -0.0121340 0.9832569
84.040960 0.2547345 -1.9176424 24.6359539 0.0795405 0.1630196 -0.0129539 0.9833260
84.144710 0.2728691 -1.9275872 24.6901150 0.0795494 0.1626031 -0.0144947 0.9833727
84.248350 0.2908964 -1.9378071 24.7442989 0.0790138 0.1623062 -0.0145804 0.9834638
84.352100 0.3088018 -1.9479462 24.7985973 0.0781677 0.1624267 -0.0152713 0.9835010
84.455710 0.3268438 -1.9577167 24.8526516 0.0789738 0.1625861 -0.0142298 0.9834259
84.559380 0.3451241 -1.9677879 24.9064713 0.0793862 0.1625000 -0.0137309 0.9834140
84.662980 0.3633948 -1.9776556 24.9596310 0.0792073 0.1620328 -0.0126006 0.9835206
84.766730 0.3813158 -1.9875940 25.0136833 0.0785228 0.1616108 -0.0118155 0.9836547
84.870340 0.3992253 -1.9974443 25.0670681 0.0794989 0.1607148 -0.0117215 0.9837242
84.973960 0.4166297 -2.0074463 25.1197987 0.0811867 0.1599099 -0.0130452 0.9837009
85.077720 0.4338403 -2.0175641 25.1725864 0.0804026 0.1595781 -0.0146513 0.9837965
85.181330 0.4505929 -2.0277429 25.2252541 0.0792735 0.1590936 -0.0163454 0.9839399
85.285090 0.4675968 -2.0374694 25.2775154 0.0781913 0.1586854 -0.0165268 0.9840894
85.388710 0.4844789 -2.0471358 25.3296947 0.0771025 0.1585695 -0.0156265 0.9842087
85.492460 0.5015074 -2.0569112 25.3812962 0.0765624 0.1583211 -0.0144972 0.9843081
85.596110 0.5185387 -2.0663979 25.4328175 0.0768297 0.1582319 -0.0146049 0.9843000
85.699750 0.5350924 -2.0758305 25.4839668 0.0774224 0.1585709 -0.0147454 0.9841970
85.803450 0.5514351 -2.0855017 25.5344353 0.0767776 0.1590443 -0.0149585 0.9841679
85.907110 0.5677665 -2.0947664 25.5847282 0.0765568 0.1595118 -0.0154731 0.9841014
86.010840 0.5841087 -2.1039007 25.6343079 0.0765041 0.1597608 -0.0159376 0.9840577
86.114460 0.6000092 -2.1130331 25.6830826 0.0758650 0.1601926 -0.0159044 0.9840375
86.218210 0.6159258 -2.1220169 25.7313881 0.0743460 0.1606441 -0.0161492 0.9840759
86.321830 0.6312953 -2.1306732 25.7786999 0.0728488 0.1612558 -0.0162493 0.9840862
86.425590 0.6466712 -2.1392736 25.8251839 0.0734819 0.1614800 -0.0162259 0.9840027
86.529210 0.6617767 -2.1475937 25.8705139 0.0762007 0.1616047 -0.0154205 0.9837884
86.632980 0.6765395 -2.1559577 25.9146862 0.0765956 0.1616939 -0.0155251 0.9837414
86.736730 0.6910270 -2.1642606 25.9575367 0.0754674 0.1612784 -0.0147061 0.9839094
86.944090 0.7184674 -2.1798956 26.0406761 0.0740584 0.1597359 -0.0148925 0.9842652
87.047710 0.7312911 -2.1872075 26.0803394 0.0733409 0.1587283 -0.0153168 0.9844754
87.151360 0.7437249 -2.1942151 26.1188354 0.0721970 0.1575239 -0.0144708 0.9847662
87.254960 0.7555097 -2.2009840 26.1557083 0.0701662 0.1566326 -0.0144899 0.9850548
87.462460 0.7779429 -2.2135558 26.2254372 0.0700795 0.1556568 -0.0151400 0.9852059
87.566210 0.7885745 -2.2193744 26.2578373 0.0712178 0.1551587 -0.0150466 0.9852042
87.773590 0.8075517 -2.2305892 26.3179226 0.0711862 0.1549119 -0.0164797 0.9852225
87.877340 0.8162777 -2.2356398 26.3456669 0.0709618 0.1565384 -0.0181984 0.9849513
88.293330 0.8519824 -2.2537942 26.4424057 0.0720666 0.1954314 -0.0237089 0.9777786
88.814340 0.9095495 -2.2737799 26.5392551 0.0746124 0.3027325 -0.0176205 0.9499871
89.127090 0.9530069 -2.2848241 26.5833321 0.0756029 0.3862802 -0.0136718 0.9191762
89.335590 0.9855413 -2.2911525 26.6071339 0.0789472 0.4460406 -0.0130910 0.8914279
89.647840 1.0387470 -2.3005738 26.6318417 0.0839644 0.5302614 -0.0036033 0.8436586
89.751840 1.0577407 -2.3033085 26.6383629 0.0832493 0.5575611 -0.0027956 0.8259463
89.855840 1.0769563 -2.3061903 26.6432648 0.0827479 0.5840735 -0.0006612 0.8074716
90.479340 1.2011064 -2.3220153 26.6459026 0.0910069 0.7304016 0.0047744 0.6769109
90.583090 1.2231772 -2.3245254 26.6414585 0.0900038 0.7525446 0.0070673 0.6523235
90.686970 1.2451780 -2.3267910 26.6354771 0.0904232 0.7741290 0.0072288 0.6264948
91.205840 1.3541704 -2.3370032 26.5807705 0.0939694 0.8668136 0.0069924 0.4896479
91.309470 1.3755386 -2.3391311 26.5652218 0.0935404 0.8810881 0.0078392 0.4635433
91.516590 1.4175191 -2.3427577 26.5288391 0.0942566 0.9039705 0.0087162 0.4169857
91.723710 1.4585453 -2.3457017 26.4869900 0.0954051 0.9200488 0.0085094 0.3799153
91.930590 1.4997455 -2.3490534 26.4409695 0.0931817 0.9306738 0.0125900 0.3535603
92.137720 1.5407336 -2.3519194 26.3914719 0.0863086 0.9384871 0.0144199 0.3340433
92.344860 1.5811878 -2.3539057 26.3387375 0.0808856 0.9452956 0.0165925 0.3155922
92.448600 1.6013141 -2.3546903 26.3114567 0.0755935 0.9489194 0.0170324 0.3058553
92.552220 1.6213642 -2.3557601 26.2836895 0.0698838 0.9525869 0.0178600 0.2955936
92.759720 1.6590135 -2.3563118 26.2251148 0.0610741 0.9594526 0.0223966 0.2742610
92.863470 1.6769167 -2.3564093 26.1952629 0.0549340 0.9630246 0.0246081 0.2626028
92.967220 1.6945531 -2.3560619 26.1646690 0.0505043 0.9665239 0.0250916 0.2503022
93.070970 1.7110868 -2.3555648 26.1332531 0.0491113 0.9698149 0.0265032 0.2373705
93.174720 1.7267742 -2.3548095 26.1012211 0.0481070 0.9729607 0.0280614 0.2241559
93.278470 1.7414315 -2.3539503 26.0685368 0.0469530 0.9758189 0.0311048 0.2111998
93.382090 1.7552885 -2.3528919 26.0352573 0.0467704 0.9782796 0.0342131 0.1990253
93.485840 1.7684925 -2.3514552 26.0013351 0.0477988 0.9802439 0.0367714 0.1883747
93.589470 1.7814456 -2.3498743 25.9669895 0.0475070 0.9817679 0.0389645 0.1798794
93.693120 1.7943194 -2.3479934 25.9321861 0.0462272 0.9827745 0.0406716 0.1742503
93.796720 1.8071289 -2.3459823 25.8968201 0.0450145 0.9832852 0.0433186 0.1710188
93.900350 1.8203932 -2.3437829 25.8609810 0.0428020 0.9835305 0.0456662 0.1695591
94.003970 1.8341076 -2.3414655 25.8248653 0.0384276 0.9837068 0.0467180 0.1692974
94.107640 1.8480893 -2.3389494 25.7886314 0.0352287 0.9838372 0.0452489 0.1696345
94.211350 1.8615752 -2.3368037 25.7516136 0.0347091 0.9837167 0.0423053 0.1711932
94.314990 1.8754263 -2.3345633 25.7145596 0.0353368 0.9835048 0.0382409 0.1732260
94.418590 1.8897570 -2.3326712 25.6771641 0.0353168 0.9830998 0.0353639 0.1761159
94.522220 1.9042246 -2.3308213 25.6391487 0.0366304 0.9825686 0.0348088 0.1789008
94.625970 1.9193625 -2.3289635 25.6007233 0.0357442 0.9820062 0.0354360 0.1820179
94.729720 1.9348595 -2.3273821 25.5624733 0.0341150 0.9817072 0.0345143 0.1841082
94.833490 1.9506813 -2.3256013 25.5238476 0.0328376 0.9817016 0.0312630 0.1849497
94.937220 1.9667072 -2.3238316 25.4845619 0.0327969 0.9818464 0.0284825 0.1846368
95.040970 1.9828318 -2.3225083 25.4446011 0.0316251 0.9818138 0.0283005 0.1850418
95.144720 1.9990637 -2.3213577 25.4044666 0.0318565 0.9816903 0.0288445 0.1855730
95.248350 2.0153270 -2.3200035 25.3641739 0.0329045 0.9814816 0.0304322 0.1862391
95.352090 2.0314803 -2.3182721 25.3232899 0.0340743 0.9812440 0.0318991 0.1870335
95.455870 2.0481715 -2.3168678 25.2823143 0.0335118 0.9809237 0.0338028 0.1884757
95.559540 2.0647016 -2.3152916 25.2415829 0.0344990 0.9805538 0.0342610 0.1901323
95.663110 2.0814381 -2.3137004 25.2010880 0.0357048 0.9801560 0.0343911 0.1919286
95.766850 2.0984042 -2.3120742 25.1608047 0.0362524 0.9797419 0.0347519 0.1938655
95.870470 2.1152611 -2.3105154 25.1201744 0.0380834 0.9791877 0.0359054 0.1960914
95.974250 2.1325588 -2.3091094 25.0798645 0.0386848 0.9787046 0.0355269 0.1984405
96.077860 2.1500177 -2.3075697 25.0399189 0.0384707 0.9783450 0.0342225 0.2004743
96.181600 2.1675828 -2.3060710 24.9998569 0.0389403 0.9780024 0.0338221 0.2021162
96.285350 2.1852968 -2.3044658 24.9601212 0.0385031 0.9777907 0.0350930 0.2030058
96.389100 2.2029119 -2.3030233 24.9202003 0.0386464 0.9775932 0.0358608 0.2037938
96.492870 2.2202237 -2.3016362 24.8810940 0.0383703 0.9774262 0.0347651 0.2048343
96.596600 2.2374218 -2.3002810 24.8424282 0.0390265 0.9773557 0.0334748 0.2052613
96.700350 2.2547872 -2.2988043 24.8038101 0.0382394 0.9772984 0.0346608 0.2054851
96.803990 2.2719970 -2.2974484 24.7654476 0.0377875 0.9773062 0.0362339 0.2052603
96.907730 2.2889919 -2.2961040 24.7277985 0.0369285 0.9772743 0.0364060 0.2055379
97.011470 2.3057082 -2.2946117 24.6902237 0.0375471 0.9772713 0.0351248 0.2056632
97.115100 2.3221221 -2.2931828 24.6529636 0.0389256 0.9771191 0.0347742 0.2061889
97.218890 2.3387473 -2.2917662 24.6162224 0.0384529 0.9769809 0.0347940 0.2069275
97.322500 2.3552237 -2.2906828 24.5799007 0.0393015 0.9767159 0.0349097 0.2079972
97.426220 2.3715699 -2.2893269 24.5439339 0.0393463 0.9764476 0.0336570 0.2094498
97.529990 2.3880954 -2.2881486 24.5087223 0.0386515 0.9761775 0.0346763 0.2106685
97.633720 2.4041848 -2.2870648 24.4734859 0.0393238 0.9757641 0.0364017 0.2121627
97.737470 2.4201787 -2.2859924 24.4391499 0.0388788 0.9754405 0.0363487 0.2137359
97.841240 2.4359195 -2.2846594 24.4056854 0.0382226 0.9752437 0.0343679 0.2150756
97.945070 2.4514699 -2.2835305 24.3730297 0.0376143 0.9750133 0.0338486 0.2163063
98.256230 2.4962554 -2.2810283 24.2796078 0.0357927 0.9747268 0.0337316 0.2179190
98.359970 2.5105565 -2.2799563 24.2501984 0.0348895 0.9746141 0.0332371 0.2186443
98.463720 2.5241835 -2.2791147 24.2216816 0.0361423 0.9743621 0.0348271 0.2193156
98.774870 2.5630426 -2.2765779 24.1425285 0.0344257 0.9736081 0.0378108 0.2224243
98.982350 2.5863652 -2.2745731 24.0957565 0.0344909 0.9731664 0.0376686 0.2243626
99.189730 2.6070988 -2.2735488 24.0538235 0.0366234 0.9728462 0.0366003 0.2255870
99.293480 2.6165252 -2.2728691 24.0346985 0.0379842 0.9727042 0.0368489 0.2259336
99.397230 2.6254854 -2.2722194 24.0169334 0.0383478 0.9726530 0.0355886 0.2262943
100.226700 2.6771171 -2.2693753 23.9138050 0.0390294 0.9721010 0.0357720 0.2285097
100.848900 2.7016850 -2.2678993 23.8640270 0.0419064 0.9719627 0.0328256 0.2290300
100.952600 2.7057130 -2.2676866 23.8560562 0.0418331 0.9720002 0.0328034 0.2288875
101.367400 2.7217863 -2.2665977 23.8247013 0.0406167 0.9720718 0.0319669 0.2289208
102.611900 2.7618275 -2.2644825 23.7455254 0.0421996 0.9719527 0.0321226 0.2291182
102.715600 2.7644963 -2.2643502 23.7399788 0.0435711 0.9719507 0.0324027 0.2288306
102.819400 2.7670727 -2.2642388 23.7347126 0.0437320 0.9719360 0.0326179 0.2288316
103.649000 2.7886579 -2.2632666 23.6935673 0.0402879 0.9719645 0.0315976 0.2294850
103.752600 2.7915947 -2.2627423 23.6876125 0.0401470 0.9719769 0.0304793 0.2296088
103.856400 2.7947941 -2.2623243 23.6817436 0.0407373 0.9719289 0.0289200 0.2299095
104.685700 2.8398066 -2.2603374 23.5989571 0.0450573 0.9675463 0.0213462 0.2477265
104.789400 2.8479965 -2.2602446 23.5846977 0.0467145 0.9662984 0.0212745 0.2522549
104.996700 2.8665550 -2.2597044 23.5534611 0.0496176 0.9635695 0.0227814 0.2618261
105.204100 2.8882661 -2.2592447 23.5194244 0.0494923 0.9607468 0.0223609 0.2720592
105.307700 2.9001360 -2.2590244 23.5014629 0.0496929 0.9593936 0.0218240 0.2768000
105.411500 2.9125454 -2.2587547 23.4823666 0.0507737 0.9579147 0.0244046 0.2814710
105.618900 2.9392905 -2.2580578 23.4428005 0.0516546 0.9551675 0.0272218 0.2902513
105.722600 2.9540975 -2.2577648 23.4223595 0.0482914 0.9542663 0.0279936 0.2937009
105.826500 2.9691594 -2.2572691 23.4010887 0.0469910 0.9534289 0.0294260 0.2964782
105.930200 2.9847536 -2.2568028 23.3794212 0.0446825 0.9527891 0.0287207 0.2989509
106.034100 3.0009942 -2.2564015 23.3570881 0.0432861 0.9525811 0.0288859 0.2998019
106.345500 3.0524414 -2.2545605 23.2857494 0.0408183 0.9516587 0.0293420 0.3030159
106.449200 3.0704169 -2.2538769 23.2607765 0.0421927 0.9514627 0.0292216 0.3034545
106.553000 3.0891197 -2.2533627 23.2356644 0.0394792 0.9512776 0.0246455 0.3048033
106.760500 3.1279273 -2.2523301 23.1830788 0.0403474 0.9509410 0.0189083 0.3061468
106.864200 3.1475735 -2.2518764 23.1553497 0.0430100 0.9505536 0.0201436 0.3069077
106.968000 3.1683111 -2.2516716 23.1276169 0.0412104 0.9505410 0.0211801 0.3071236
107.071800 3.1894612 -2.2516351 23.0992508 0.0389354 0.9504091 0.0216180 0.3077976
107.279100 3.2328062 -2.2508881 23.0406132 0.0387054 0.9496450 0.0225055 0.3101126
107.382900 3.2550755 -2.2504425 23.0104198 0.0391535 0.9491636 0.0237655 0.3114334
107.486500 3.2777205 -2.2500505 22.9798450 0.0397560 0.9484556 0.0244404 0.3134552
107.590200 3.3009756 -2.2495582 22.9492569 0.0399013 0.9476305 0.0247199 0.3159007
107.797600 3.3481779 -2.2488146 22.8873348 0.0429417 0.9456177 0.0274480 0.3212629
107.901200 3.3720360 -2.2485294 22.8564262 0.0441910 0.9448062 0.0276010 0.3234604
108.108700 3.4202244 -2.2479851 22.7957268 0.0455488 0.9437799 0.0252478 0.3264467
108.212500 3.4444268 -2.2481639 22.7657547 0.0438049 0.9436895 0.0233830 0.3270850
108.316200 3.4685752 -2.2483761 22.7357159 0.0432707 0.9439213 0.0222757 0.3265638
108.420000 3.4926033 -2.2484398 22.7055073 0.0416462 0.9441127 0.0213679 0.3262825
108.523700 3.5167594 -2.2485714 22.6755066 0.0402685 0.9445456 0.0205724 0.3252520
108.627500 3.5404541 -2.2485065 22.6450920 0.0400187 0.9447547 0.0214024 0.3246213
108.731200 3.5640976 -2.2484155 22.6145496 0.0415385 0.9450547 0.0220166 0.3235142
108.835100 3.5879431 -2.2484925 22.5837803 0.0422978 0.9454430 0.0226060 0.3222382
108.938900 3.6118290 -2.2484019 22.5530167 0.0419379 0.9459186 0.0214707 0.3209645
109.042600 3.6356375 -2.2485001 22.5221691 0.0425985 0.9463434 0.0206788 0.3196748
109.146400 3.6591647 -2.2485409 22.4910183 0.0428482 0.9467071 0.0209454 0.3185452
109.250100 3.6828523 -2.2485285 22.4599285 0.0431702 0.9471835 0.0208283 0.3170897
109.353900 3.7067497 -2.2488425 22.4284344 0.0424230 0.9476314 0.0209689 0.3158407
109.457600 3.7302904 -2.2487469 22.3970680 0.0430990 0.9480223 0.0204178 0.3146097
109.561200 3.7539928 -2.2487953 22.3655663 0.0436549 0.9484481 0.0198538 0.3132830
109.665000 3.7776344 -2.2490344 22.3336487 0.0439056 0.9488543 0.0189710 0.3120704
109.768700 3.8013670 -2.2491376 22.3016567 0.0435984 0.9490461 0.0190712 0.3115237
109.872400 3.8250654 -2.2492442 22.2696419 0.0435692 0.9491599 0.0189807 0.3111863
110.183500 3.8966465 -2.2500510 22.1733189 0.0420985 0.9491658 0.0186055 0.3113935
110.287200 3.9209285 -2.2502201 22.1408291 0.0417892 0.9490355 0.0178083 0.3118785
110.390900 3.9451571 -2.2503946 22.1085396 0.0427169 0.9487783 0.0183625 0.3125025
110.494600 3.9694626 -2.2507427 22.0759525 0.0431043 0.9485290 0.0185304 0.3131954
110.702000 4.0181642 -2.2519681 22.0110683 0.0431977 0.9480681 0.0155949 0.3147343
110.909200 4.0673103 -2.2530196 21.9463615 0.0418285 0.9473639 0.0160677 0.3170077
111.012900 4.0923543 -2.2534127 21.9140053 0.0408310 0.9469725 0.0181092 0.3181949
111.116600 4.1167188 -2.2537975 21.8820839 0.0407129 0.9465487 0.0187500 0.3194315
111.220200 4.1412854 -2.2540882 21.8502769 0.0419864 0.9462193 0.0189393 0.3202303
111.427600 4.1900258 -2.2550819 21.7872429 0.0428703 0.9454427 0.0182110 0.3224418
111.531400 4.2144752 -2.2556796 21.7559948 0.0439530 0.9450346 0.0179473 0.3235052
111.635000 4.2389107 -2.2560410 21.7249947 0.0445149 0.9447853 0.0167206 0.3242214
111.738700 4.2630968 -2.2567384 21.6942081 0.0445748 0.9444600 0.0155614 0.3252172
111.842400 4.2874351 -2.2574127 21.6635456 0.0437088 0.9440995 0.0158943 0.3263635
111.946100 4.3119497 -2.2579913 21.6329517 0.0420737 0.9438486 0.0178064 0.3272042
112.049700 4.3361959 -2.2586668 21.6026478 0.0416064 0.9436921 0.0198817 0.3275954
112.153500 4.3603458 -2.2590249 21.5726547 0.0398871 0.9437612 0.0188067 0.3276739
112.257100 4.3842688 -2.2594810 21.5429096 0.0392661 0.9440526 0.0166354 0.3270261
112.360900 4.4079790 -2.2600203 21.5131779 0.0395946 0.9443637 0.0157077 0.3261330
112.464600 4.4310403 -2.2605066 21.4834328 0.0420680 0.9446731 0.0156808 0.3249265
112.568200 4.4539981 -2.2610142 21.4533329 0.0448036 0.9448970 0.0171775 0.3238322
112.672000 4.4769578 -2.2615874 21.4236259 0.0464751 0.9451760 0.0171934 0.3227798
112.775600 4.4994745 -2.2623906 21.3943939 0.0470267 0.9454542 0.0174310 0.3218710
112.879400 4.5218058 -2.2628567 21.3652020 0.0480173 0.9457355 0.0177504 0.3208795
112.983000 4.5440679 -2.2636399 21.3365383 0.0472326 0.9462253 0.0169911 0.3195904
113.086700 4.5657268 -2.2645772 21.3084126 0.0466844 0.9467137 0.0146853 0.3183365
113.190500 4.5866375 -2.2653260 21.2810993 0.0462060 0.9471791 0.0094226 0.3172190
113.294100 4.6070013 -2.2664812 21.2544460 0.0464396 0.9475760 0.0064097 0.3160726
113.501500 4.6460471 -2.2687244 21.2024765 0.0457091 0.9480826 0.0070863 0.3146425
113.605200 4.6645627 -2.2698026 21.1773605 0.0475056 0.9480764 0.0093586 0.3143356
113.812600 4.6996965 -2.2720881 21.1300716 0.0497275 0.9481958 0.0091169 0.3136379
113.916400 4.7154822 -2.2733529 21.1080742 0.0532702 0.9480734 0.0072870 0.3134740
114.123900 4.7462606 -2.2756090 21.0669498 0.0531932 0.9480665 0.0064300 0.3135269
114.538700 4.8013902 -2.2798095 20.9937534 0.0515407 0.9481528 0.0032696 0.3135908
114.642500 4.8142781 -2.2807181 20.9768677 0.0495621 0.9482565 0.0017126 0.3136084
114.746300 4.8267841 -2.2813451 20.9601212 0.0496098 0.9482622 0.0020263 0.3135818
114.850000 4.8388696 -2.2823210 20.9437580 0.0492495 0.9482507 0.0030982 0.3136645
115.472400 4.9057283 -2.2873571 20.8536301 0.0498768 0.9487876 0.0047691 0.3119163
115.679700 4.9257803 -2.2890410 20.8265324 0.0511820 0.9488220 0.0051661 0.3115934
115.783500 4.9352460 -2.2896163 20.8134422 0.0521342 0.9487817 0.0049848 0.3115614
116.198300 4.9709597 -2.2925384 20.7653828 0.0539544 0.9483982 0.0021211 0.3124506
116.405600 4.9865298 -2.2940433 20.7435608 0.0585261 0.9476976 0.0005634 0.3137571
117.028000 5.0288734 -2.2978206 20.6899490 0.0562789 0.9451890 -0.0022632 0.3216292
117.131600 5.0344200 -2.2983809 20.6828251 0.0567491 0.9447946 -0.0021678 0.3227042
117.442900 5.0492916 -2.3002138 20.6636829 0.0580837 0.9440812 -0.0033290 0.3245395
117.961500 5.0687413 -2.3020790 20.6389427 0.0590081 0.9443591 -0.0066214 0.3235123
122.109400 5.1228013 -2.3082080 20.5722713 0.0588895 0.9432447 -0.0122944 0.3266043
122.420500 5.1284490 -2.3088427 20.5647850 0.0595982 0.9431651 -0.0122023 0.3267090
122.524300 5.1305656 -2.3090131 20.5617733 0.0597001 0.9431137 -0.0123414 0.3268335
124.494400 5.1781669 -2.3150625 20.4986935 0.0615059 0.9423215 -0.0089231 0.3288883
