0.000000 -0.0000023 -0.0000004 0.0000188 -0.0000002 -0.0000302 0.0000003 1.0000000
0.519499 -0.0054984 -0.0006619 0.0429545 0.0015785 -0.0206814 -0.0010069 0.9997844
0.623377 -0.0072120 -0.0006726 0.0533762 0.0020569 -0.0274472 -0.0009085 0.9996207
0.934622 -0.0148700 -0.0010360 0.0913690 0.0021038 -0.0549315 0.0003628 0.9984878
1.245873 -0.0290137 -0.0023896 0.1345229 0.0040519 -0.0909781 -0.0037012 0.9958377
1.349627 -0.0350638 -0.0030404 0.1496868 0.0046078 -0.1045652 -0.0051902 0.9944938
1.868002 -0.0744352 -0.0043197 0.2289149 0.0045687 -0.1864702 -0.0101978 0.9823971
2.282875 -0.1191280 -0.0047396 0.2927221 0.0046601 -0.2634894 -0.0078443 0.9646192
2.490144 -0.1494891 -0.0057579 0.3225508 0.0024881 -0.3099531 -0.0113152 0.9506813
2.800890 -0.2039699 -0.0063459 0.3659871 0.0008656 -0.3870867 -0.0101691 0.9219868
3.008248 -0.2475517 -0.0063829 0.3920071 -0.0015288 -0.4393147 -0.0068924 0.8983055
3.112001 -0.2717592 -0.0064585 0.4040937 -0.0032154 -0.4656282 -0.0064713 0.8849509
3.319374 -0.3260722 -0.0060013 0.4255504 -0.0053270 -0.5181623 -0.0064057 0.8552417
3.423126 -0.3562291 -0.0059045 0.4344852 -0.0067096 -0.5436594 -0.0067498 0.8392520
3.630648 -0.4234555 -0.0054982 0.4494285 -0.0096116 -0.5921691 -0.0076908 0.8057197
3.838251 -0.4987468 -0.0052572 0.4597159 -0.0128849 -0.6347345 -0.0063496 0.7725968
3.942122 -0.5380980 -0.0047029 0.4618068 -0.0121900 -0.6532062 -0.0074119 0.7570457
4.046284 -0.5805016 -0.0036527 0.4620734 -0.0110488 -0.6690817 -0.0084892 0.7430582
4.150266 -0.6237609 -0.0028046 0.4622094 -0.0101114 -0.6831445 -0.0084071 0.7301648
4.358512 -0.7167798 -0.0013684 0.4589657 -0.0083150 -0.7068124 -0.0062392 0.7073247
4.566885 -0.8172652 0.0001236 0.4516825 -0.0065553 -0.7234421 -0.0049838 0.6903360
4.775500 -0.9244868 0.0019082 0.4419004 -0.0067795 -0.7334323 -0.0044316 0.6797143
4.879959 -0.9806776 0.0023366 0.4361226 -0.0068586 -0.7367025 -0.0050961 0.6761630
4.984250 -1.0381496 0.0023565 0.4298520 -0.0067408 -0.7389882 -0.0062423 0.6736557
5.088502 -1.0975904 0.0029356 0.4234468 -0.0071149 -0.7404293 -0.0066051 0.6720641
5.297154 -1.2207985 0.0047331 0.4116424 -0.0095938 -0.7405822 -0.0060521 0.6718701
5.505749 -1.3502873 0.0058219 0.3990232 -0.0092305 -0.7394702 -0.0082418 0.6730756
5.714253 -1.4852935 0.0076530 0.3859699 -0.0077153 -0.7383588 -0.0079342 0.6743172
5.922523 -1.6284103 0.0097499 0.3733898 -0.0095568 -0.7370844 -0.0106180 0.6756497
6.130876 -1.7760757 0.0118446 0.3602079 -0.0092594 -0.7357518 -0.0119738 0.6770821
6.339025 -1.9295546 0.0147235 0.3470145 -0.0068941 -0.7346781 -0.0119213 0.6782761
6.547271 -2.0871656 0.0173827 0.3346619 -0.0101321 -0.7336816 -0.0116430 0.6793181
6.755380 -2.2474141 0.0198421 0.3221106 -0.0095009 -0.7330352 -0.0102045 0.6800478
6.963378 -2.4093180 0.0219501 0.3103957 -0.0071972 -0.7330347 -0.0041740 0.6801404
7.171256 -2.5753579 0.0231774 0.2973554 -0.0101606 -0.7331805 -0.0069861 0.6799223
7.379272 -2.7434671 0.0248067 0.2833891 -0.0131675 -0.7332342 -0.0130584 0.6797233
7.587271 -2.9096353 0.0270806 0.2693405 -0.0115936 -0.7333978 -0.0125812 0.6795844
7.795131 -3.0764558 0.0305150 0.2548160 -0.0105110 -0.7334507 -0.0124463 0.6795474
8.003004 -3.2411401 0.0327466 0.2422922 -0.0102874 -0.7334476 -0.0133523 0.6795370
8.211004 -3.4061334 0.0348350 0.2284377 -0.0064262 -0.7332264 -0.0107816 0.6798688
8.418880 -3.5708923 0.0365308 0.2159412 -0.0079635 -0.7328606 -0.0113710 0.6802371
8.626899 -3.7360914 0.0389763 0.2027408 -0.0118069 -0.7323411 -0.0149035 0.6806725
8.834756 -3.9001861 0.0424489 0.1905923 -0.0130202 -0.7322922 -0.0157407 0.6806841
9.042758 -4.0628147 0.0455422 0.1777849 -0.0096465 -0.7321050 -0.0130689 0.6809981
9.250652 -4.2255516 0.0474913 0.1637436 -0.0056063 -0.7321689 -0.0142249 0.6809515
9.458529 -4.3867874 0.0491841 0.1520234 -0.0055452 -0.7328900 -0.0100304 0.6802506
9.666385 -4.5486817 0.0504136 0.1392981 -0.0077975 -0.7337403 -0.0090372 0.6793252
9.874249 -4.7102923 0.0511424 0.1260141 -0.0128706 -0.7348354 -0.0111031 0.6780324
10.082130 -4.8689289 0.0530072 0.1116233 -0.0100539 -0.7357162 -0.0105232 0.6771336
10.393880 -5.1038165 0.0549256 0.0885916 -0.0052310 -0.7367134 -0.0129676 0.6760605
10.601750 -5.2583833 0.0559627 0.0747343 -0.0048727 -0.7373789 -0.0141493 0.6753136
10.809650 -5.4107804 0.0582280 0.0599999 -0.0057224 -0.7377158 -0.0141673 0.6749384
11.017510 -5.5590267 0.0604450 0.0462994 -0.0084591 -0.7378207 -0.0163112 0.6747466
11.225380 -5.7061830 0.0625605 0.0328180 -0.0093553 -0.7381697 -0.0169931 0.6743361
11.537150 -5.9196634 0.0655604 0.0125288 -0.0065065 -0.7382321 -0.0137417 0.6743754
11.849140 -6.1214175 0.0667965 -0.0048081 -0.0046744 -0.7357945 -0.0140748 0.6770425
12.265510 -6.3692565 0.0693073 -0.0203838 -0.0063064 -0.7241952 -0.0162840 0.6893739
12.682390 -6.5882502 0.0725297 -0.0184348 -0.0059525 -0.6957499 -0.0186897 0.7180162
13.099880 -6.7721038 0.0746807 0.0084603 -0.0074366 -0.6425131 -0.0162073 0.7660672
13.517630 -6.9316988 0.0756481 0.0709298 -0.0113943 -0.5622450 -0.0064644 0.8268669
13.830760 -7.0394206 0.0780205 0.1397719 -0.0127618 -0.4907946 -0.0024334 0.8711784
14.039380 -7.1019163 0.0786740 0.1970944 -0.0180615 -0.4439623 0.0056876 0.8958454
14.247880 -7.1595254 0.0796192 0.2578512 -0.0130530 -0.3944921 0.0077173 0.9187742
14.352150 -7.1863399 0.0804548 0.2907996 -0.0070009 -0.3681354 0.0086429 0.9297057
14.456380 -7.2123232 0.0807328 0.3261973 -0.0022453 -0.3407767 0.0079738 0.9401078
14.560630 -7.2375154 0.0805990 0.3649929 -0.0005257 -0.3126105 0.0077058 0.9498500
14.664880 -7.2611027 0.0806437 0.4073500 0.0004247 -0.2844761 0.0080737 0.9586490
14.769010 -7.2833362 0.0803362 0.4515748 0.0019999 -0.2565151 0.0069634 0.9665130
14.873160 -7.3047662 0.0791928 0.4990582 0.0013533 -0.2300416 0.0061102 0.9731607
14.977150 -7.3246241 0.0784443 0.5486115 0.0015835 -0.2061018 0.0029169 0.9785249
15.081160 -7.3436108 0.0781066 0.6003222 0.0028958 -0.1839627 0.0004812 0.9829289
15.185010 -7.3618035 0.0776002 0.6547551 0.0025305 -0.1647621 -0.0020323 0.9863280
15.288760 -7.3778901 0.0765474 0.7116398 0.0014308 -0.1491067 -0.0022307 0.9888176
15.392480 -7.3933105 0.0757899 0.7703695 0.0005298 -0.1365034 -0.0017451 0.9906379
15.496190 -7.4085245 0.0754121 0.8321481 -0.0005386 -0.1256030 -0.0018393 0.9920787
15.599910 -7.4227901 0.0750946 0.8952373 -0.0017740 -0.1164144 -0.0026444 0.9931956
15.703610 -7.4376497 0.0748032 0.9593157 -0.0022171 -0.1084459 -0.0052629 0.9940860
15.911010 -7.4645400 0.0742674 1.0942307 -0.0026925 -0.0951347 -0.0064006 0.9954402
16.118550 -7.4878073 0.0739274 1.2339989 -0.0028803 -0.0809617 -0.0068307 0.9966896
16.326140 -7.5088701 0.0720605 1.3802923 -0.0019621 -0.0672697 -0.0077055 0.9977031
16.533760 -7.5267315 0.0706415 1.5335807 0.0037097 -0.0570178 -0.0077534 0.9983361
16.741260 -7.5444551 0.0689951 1.6913729 0.0007482 -0.0494411 -0.0086345 0.9987394
16.948890 -7.5601702 0.0663178 1.8513618 -0.0052146 -0.0449959 -0.0107403 0.9989159
17.156420 -7.5744300 0.0650778 2.0088582 -0.0043474 -0.0416747 -0.0100943 0.9990708
17.364000 -7.5876842 0.0636698 2.1660819 -0.0068148 -0.0388753 -0.0085068 0.9991846
17.571660 -7.5999923 0.0625894 2.3232441 -0.0058879 -0.0360715 -0.0070995 0.9993066
17.779390 -7.6117301 0.0607964 2.4756672 0.0015777 -0.0344390 -0.0090942 0.9993642
17.987010 -7.6235347 0.0579451 2.6293175 0.0027211 -0.0326896 -0.0101272 0.9994105
18.194760 -7.6356006 0.0548852 2.7832854 -0.0016515 -0.0303412 -0.0134985 0.9994471
18.402390 -7.6454120 0.0529692 2.9327450 -0.0026060 -0.0284489 -0.0108126 0.9995334
18.713910 -7.6585674 0.0500101 3.1590974 -0.0012125 -0.0271223 -0.0086787 0.9995937
18.921640 -7.6679296 0.0481542 3.3123975 -0.0017539 -0.0263374 -0.0097427 0.9996041
19.129390 -7.6768394 0.0463783 3.4654570 -0.0012416 -0.0272916 -0.0092122 0.9995843
19.337010 -7.6874409 0.0452512 3.6200244 -0.0012596 -0.0297836 -0.0088381 0.9995165
19.544760 -7.6999683 0.0428621 3.7773941 0.0013519 -0.0324078 -0.0113073 0.9994099
19.752390 -7.7119489 0.0405223 3.9356499 0.0038356 -0.0346602 -0.0112730 0.9993282
19.960140 -7.7248497 0.0375041 4.0981107 0.0027672 -0.0368554 -0.0107356 0.9992591
20.167930 -7.7381663 0.0351686 4.2620001 0.0000338 -0.0383787 -0.0100137 0.9992131
20.375760 -7.7509165 0.0330891 4.4295778 -0.0034225 -0.0388883 -0.0094955 0.9991926
20.583640 -7.7651649 0.0320592 4.5973058 -0.0026961 -0.0369862 -0.0109352 0.9992523
20.791530 -7.7771187 0.0304585 4.7659016 -0.0008355 -0.0354485 -0.0078565 0.9993403
20.999260 -7.7889671 0.0281718 4.9358525 -0.0021272 -0.0341007 -0.0060672 0.9993977
21.207140 -7.8016629 0.0259227 5.1026487 -0.0035428 -0.0331997 -0.0043132 0.9994332
21.519010 -7.8205714 0.0219592 5.3498616 0.0037177 -0.0318243 -0.0072537 0.9994602
21.830760 -7.8379259 0.0157940 5.5912781 0.0040510 -0.0308424 -0.0078875 0.9994850
22.038660 -7.8492527 0.0116855 5.7533340 -0.0045737 -0.0318419 -0.0069592 0.9994583
22.246540 -7.8596945 0.0097921 5.9105887 -0.0017238 -0.0340864 -0.0035829 0.9994110
22.454390 -7.8719630 0.0069787 6.0655079 0.0001979 -0.0367754 -0.0040581 0.9993153
22.558370 -7.8787994 0.0056508 6.1426511 0.0019658 -0.0384825 -0.0048426 0.9992456
22.766140 -7.8926826 0.0020172 6.2946973 0.0056827 -0.0421868 -0.0065823 0.9990719
22.870160 -7.9010091 -0.0000704 6.3703847 0.0057544 -0.0435623 -0.0089040 0.9989945
23.078010 -7.9170084 -0.0037464 6.5194855 0.0020088 -0.0474557 -0.0121342 0.9987976
23.181990 -7.9251227 -0.0054463 6.5939631 -0.0007837 -0.0496204 -0.0121034 0.9986945
23.389770 -7.9420743 -0.0072976 6.7414799 -0.0029405 -0.0553891 -0.0113901 0.9983956
23.493760 -7.9513431 -0.0082284 6.8143048 -0.0048392 -0.0583321 -0.0102627 0.9982327
23.597640 -7.9611254 -0.0091393 6.8869286 -0.0046473 -0.0615165 -0.0107058 0.9980378
23.701510 -7.9717669 -0.0096964 6.9585295 -0.0039722 -0.0646428 -0.0129989 0.9978159
23.909390 -7.9930620 -0.0116226 7.0989971 -0.0007045 -0.0707184 -0.0137272 0.9974016
24.013390 -8.0042057 -0.0123772 7.1686516 0.0000340 -0.0734043 -0.0143352 0.9971992
24.221270 -8.0277796 -0.0139124 7.3081403 -0.0044206 -0.0788931 -0.0151900 0.9967576
24.429140 -8.0523853 -0.0150987 7.4453330 -0.0036331 -0.0856515 -0.0133737 0.9962288
24.636890 -8.0785828 -0.0164422 7.5798678 0.0008254 -0.0945383 -0.0116202 0.9954531
24.844640 -8.1074648 -0.0181592 7.7133732 -0.0036990 -0.1059654 -0.0109594 0.9943025
25.052390 -8.1403332 -0.0188799 7.8452134 -0.0089735 -0.1177503 -0.0119245 0.9929311
25.364010 -8.1941395 -0.0197429 8.0368652 0.0006526 -0.1361427 -0.0129416 0.9906045
25.571790 -8.2343760 -0.0206753 8.1655302 -0.0054718 -0.1483543 -0.0124342 0.9888410
25.883390 -8.3001347 -0.0211627 8.3554516 -0.0050478 -0.1670894 -0.0102095 0.9858760
26.195270 -8.3715048 -0.0229343 8.5437813 0.0020777 -0.1795966 -0.0074222 0.9837102
26.403140 -8.4215508 -0.0250376 8.6683741 0.0014134 -0.1880341 -0.0100920 0.9821096
26.611020 -8.4730473 -0.0254148 8.7927351 -0.0058781 -0.1960030 -0.0099316 0.9805354
26.818890 -8.5292892 -0.0263742 8.9148455 -0.0060945 -0.2020760 -0.0187194 0.9791719
27.026890 -8.5834522 -0.0262819 9.0364218 0.0008758 -0.2076767 -0.0142749 0.9780930
27.234770 -8.6403675 -0.0272201 9.1593809 -0.0007550 -0.2123170 -0.0175026 0.9770438
27.546520 -8.7276554 -0.0292711 9.3419151 0.0011420 -0.2205750 -0.0165129 0.9752296
27.650520 -8.7574873 -0.0295924 9.4016876 0.0045195 -0.2230781 -0.0159074 0.9746603
27.858410 -8.8185835 -0.0315181 9.5218592 0.0034679 -0.2277322 -0.0177898 0.9735551
28.066150 -8.8795233 -0.0335867 9.6406479 0.0023131 -0.2325391 -0.0187643 0.9724033
28.274040 -8.9411573 -0.0354445 9.7586765 0.0026253 -0.2372951 -0.0168976 0.9712871
28.481890 -9.0038729 -0.0373069 9.8739357 0.0021722 -0.2417235 -0.0172914 0.9701887
28.689660 -9.0667696 -0.0399943 9.9878902 0.0040378 -0.2465033 -0.0166750 0.9689901
28.897520 -9.1290588 -0.0425242 10.0994053 0.0073924 -0.2510587 -0.0151624 0.9678249
29.105390 -9.1930637 -0.0439840 10.2106018 0.0014167 -0.2546833 -0.0162388 0.9668871
29.313270 -9.2558298 -0.0453865 10.3186855 -0.0061584 -0.2574874 -0.0151400 0.9661434
29.521140 -9.3157320 -0.0458066 10.4213324 -0.0044737 -0.2608683 -0.0129673 0.9652770
29.729040 -9.3737221 -0.0461724 10.5184450 -0.0025984 -0.2638610 -0.0115712 0.9644878
29.936770 -9.4295158 -0.0472606 10.6096869 -0.0031534 -0.2662005 -0.0107606 0.9638525
30.144650 -9.4820242 -0.0483711 10.6948261 -0.0045192 -0.2684123 -0.0096404 0.9632453
30.352400 -9.5304556 -0.0485300 10.7723961 -0.0042086 -0.2705470 -0.0081864 0.9626628
30.560270 -9.5757809 -0.0495700 10.8415527 -0.0002510 -0.2726346 -0.0080903 0.9620836
30.767900 -9.6165724 -0.0503375 10.9065409 -0.0004462 -0.2769497 -0.0039307 0.9608763
30.975650 -9.6560001 -0.0508736 10.9634266 -0.0013692 -0.2827546 -0.0060816 0.9591721
31.183270 -9.6926517 -0.0513050 11.0151148 -0.0058822 -0.2889511 -0.0105287 0.9572679
31.598390 -9.7554379 -0.0520951 11.0996418 -0.0109684 -0.3092590 -0.0064417 0.9508927
31.805770 -9.7843428 -0.0524898 11.1329374 -0.0110580 -0.3264188 -0.0074567 0.9451311
32.013150 -9.8113003 -0.0536123 11.1605415 -0.0075240 -0.3472404 -0.0068219 0.9377211
32.220650 -9.8379126 -0.0531013 11.1845694 -0.0022895 -0.3679943 -0.0070207 0.9297987
32.428170 -9.8658476 -0.0526995 11.2062168 0.0005521 -0.3892570 -0.0112957 0.9210597
32.635530 -9.8940639 -0.0521567 11.2288685 -0.0017506 -0.4130676 -0.0090859 0.9106534
32.946650 -9.9404287 -0.0518970 11.2562723 -0.0046009 -0.4528289 -0.0138387 0.8914782
33.154020 -9.9721785 -0.0517340 11.2713699 -0.0052535 -0.4796694 -0.0171976 0.8772650
33.361650 -10.0054054 -0.0523688 11.2839804 -0.0061586 -0.5065309 -0.0215433 0.8619306
33.569020 -10.0404081 -0.0524092 11.2962093 -0.0051545 -0.5358533 -0.0204236 0.8440483
33.776420 -10.0811949 -0.0515988 11.3069429 -0.0028537 -0.5687969 -0.0185251 0.8222644
33.983650 -10.1300087 -0.0504671 11.3151674 -0.0025829 -0.6044191 -0.0177372 0.7964649
34.191020 -10.1840878 -0.0489924 11.3184252 -0.0016679 -0.6421178 -0.0162349 0.7664322
34.398420 -10.2444715 -0.0471753 11.3179073 -0.0030605 -0.6805606 -0.0163188 0.7325036
34.605900 -10.3093948 -0.0459370 11.3126764 -0.0076339 -0.7188914 -0.0156451 0.6949044
34.813400 -10.3784418 -0.0433907 11.2998953 -0.0106043 -0.7552301 -0.0148929 0.6552048
35.021020 -10.4542608 -0.0399284 11.2787580 -0.0127778 -0.7881274 -0.0141138 0.6152176
35.228670 -10.5339689 -0.0375475 11.2493973 -0.0165916 -0.8180515 -0.0115835 0.5747889
35.436400 -10.6164560 -0.0357233 11.2096357 -0.0203404 -0.8441781 -0.0096628 0.5355896
35.644400 -10.7023277 -0.0330870 11.1584063 -0.0218861 -0.8654987 -0.0089257 0.5003532
35.957050 -10.8403854 -0.0279445 11.0630608 0.0198449 0.8852937 0.0089023 -0.4645235
36.165670 -10.9399872 -0.0250284 10.9883595 0.0198401 0.8923223 0.0095127 -0.4508622
36.374170 -11.0444260 -0.0217019 10.9079418 0.0212561 0.8972626 0.0096309 -0.4408799
36.582670 -11.1535540 -0.0179951 10.8206072 0.0207604 0.9005709 0.0104450 -0.4340876
36.686900 -11.2094765 -0.0158627 10.7748432 0.0209407 0.9017615 0.0104801 -0.4315991
36.791110 -11.2672482 -0.0142626 10.7274828 0.0215060 0.9026734 0.0105643 -0.4296587
36.895150 -11.3261099 -0.0120040 10.6789446 0.0219135 0.9032953 0.0105646 -0.4283291
36.999490 -11.3866081 -0.0097593 10.6294641 0.0222225 0.9035531 0.0104463 -0.4277719
37.207650 -11.5105143 -0.0056634 10.5273333 0.0224660 0.9039739 0.0096778 -0.4268875
37.311780 -11.5745602 -0.0030821 10.4741945 0.0223991 0.9041687 0.0090297 -0.4264922
37.520030 -11.7059155 0.0013657 10.3652973 0.0225386 0.9045200 0.0108268 -0.4256974
37.728150 -11.8402061 0.0050553 10.2536049 0.0229058 0.9049318 0.0120366 -0.4247692
37.936280 -11.9788475 0.0107031 10.1376038 0.0230933 0.9052656 0.0099207 -0.4241019
38.144280 -12.1220188 0.0151315 10.0196571 0.0248730 0.9057567 0.0086631 -0.4229789
38.352280 -12.2680635 0.0196114 9.8970785 0.0232536 0.9064403 0.0055792 -0.4216565
38.560150 -12.4165182 0.0225797 9.7716475 0.0206577 0.9067143 0.0045564 -0.4212145
38.768150 -12.5689011 0.0259774 9.6433468 0.0203598 0.9067109 0.0070222 -0.4212024
38.976020 -12.7212830 0.0291262 9.5155945 0.0225232 0.9068448 0.0085560 -0.4207754
39.183930 -12.8721724 0.0327739 9.3882389 0.0231308 0.9069024 0.0089854 -0.4206094
39.391750 -13.0219746 0.0360633 9.2637844 0.0227850 0.9070926 0.0099327 -0.4201965
39.599580 -13.1740980 0.0405747 9.1371498 0.0235356 0.9073737 0.0110490 -0.4195198
39.911280 -13.4014435 0.0466423 8.9464931 0.0238752 0.9081717 0.0098367 -0.4178007
40.119140 -13.5505877 0.0506462 8.8192425 0.0237925 0.9087065 0.0097539 -0.4166428
40.326930 -13.6996059 0.0545122 8.6922054 0.0229516 0.9091195 0.0091339 -0.4158022
40.534990 -13.8481665 0.0584923 8.5640354 0.0211023 0.9092801 0.0101387 -0.4155258
40.742540 -13.9961987 0.0617331 8.4378290 0.0198608 0.9089315 0.0100155 -0.4163517
40.950400 -14.1449757 0.0648824 8.3115921 0.0190933 0.9083640 0.0098090 -0.4176291
41.158230 -14.2945366 0.0685430 8.1846142 0.0226438 0.9077330 0.0119804 -0.4187654
41.262460 -14.3689146 0.0707634 8.1230030 0.0250478 0.9075335 0.0145859 -0.4189782
41.469820 -14.5172539 0.0760146 7.9981842 0.0245625 0.9074783 0.0134126 -0.4191658
41.677410 -14.6661501 0.0816801 7.8735805 0.0235464 0.9077081 0.0110059 -0.4187964
41.781210 -14.7400017 0.0843334 7.8115954 0.0237978 0.9077389 0.0126394 -0.4186692
41.988800 -14.8858719 0.0882651 7.6903315 0.0245791 0.9081241 0.0122758 -0.4177988
42.196450 -15.0309906 0.0939563 7.5669179 0.0246412 0.9085465 0.0118056 -0.4168893
42.404080 -15.1736889 0.0986422 7.4452496 0.0265618 0.9088095 0.0148484 -0.4161002
42.611550 -15.3157473 0.1043806 7.3249950 0.0275088 0.9093549 0.0137354 -0.4148834
42.819190 -15.4554863 0.1090479 7.2050710 0.0261810 0.9096483 0.0130492 -0.4143480
43.026850 -15.5944891 0.1141440 7.0859132 0.0242311 0.9095160 0.0132172 -0.4147515
43.234430 -15.7317839 0.1179944 6.9691586 0.0228358 0.9093559 0.0143473 -0.4151441
43.442050 -15.8698616 0.1225756 6.8542256 0.0227967 0.9093607 0.0137168 -0.4151570
43.649770 -16.0065136 0.1267072 6.7401228 0.0227494 0.9092512 0.0130680 -0.4154202
43.857500 -16.1432533 0.1308827 6.6282754 0.0246990 0.9092720 0.0130555 -0.4152638
44.065190 -16.2786922 0.1348243 6.5199342 0.0237580 0.9095274 0.0100346 -0.4148431
44.272790 -16.4103928 0.1389430 6.4098969 0.0225747 0.9093907 0.0098972 -0.4152120
44.480540 -16.5364532 0.1414821 6.3025665 0.0224164 0.9094479 0.0106022 -0.4150778
44.688220 -16.6583767 0.1442082 6.1999350 0.0224833 0.9096264 0.0102400 -0.4146919
44.895870 -16.7774506 0.1465202 6.0986891 0.0216154 0.9098141 0.0106673 -0.4143156
45.103550 -16.8916645 0.1491433 5.9989095 0.0218850 0.9098961 0.0109317 -0.4141142
45.311220 -17.0040989 0.1519308 5.9013667 0.0229473 0.9099757 0.0128562 -0.4138265
45.518940 -17.1123009 0.1546846 5.8085451 0.0248851 0.9101914 0.0135846 -0.4132164
45.726540 -17.2188530 0.1578428 5.7172980 0.0264589 0.9104758 0.0132837 -0.4125012
45.934310 -17.3202877 0.1616925 5.6303258 0.0272559 0.9111159 0.0129988 -0.4110425
46.245920 -17.4614620 0.1647976 5.5040517 0.0302726 0.9140432 0.0100683 -0.4043601
46.557220 -17.5916214 0.1694127 5.3808432 0.0337197 0.9212139 0.0085546 -0.3874982
46.868310 -17.7084789 0.1730703 5.2582288 0.0384672 0.9323598 0.0064635 -0.3594215
47.282920 -17.8319111 0.1772095 5.0890646 0.0356622 0.9525314 0.0093700 -0.3021992
47.593870 -17.8990459 0.1790059 4.9607735 0.0329743 0.9695560 0.0114820 -0.2423674
47.904910 -17.9412766 0.1791419 4.8318543 0.0191051 0.9845132 0.0112572 -0.1739024
48.216060 -17.9670773 0.1793727 4.7010059 0.0145161 0.9948595 0.0091062 -0.0998049
48.423630 -17.9732628 0.1794933 4.6111536 0.0111408 0.9986563 0.0120399 -0.0491572
48.631190 -17.9684486 0.1808853 4.5226078 0.0050634 0.9998553 0.0160949 0.0021447
48.734910 -17.9644489 0.1813242 4.4790025 0.0070696 0.9994429 0.0158166 0.0285250
48.838780 -17.9592724 0.1809594 4.4362445 0.0114972 0.9983068 0.0154227 0.0548950
48.942530 -17.9507790 0.1816654 4.3939734 0.0133272 0.9965501 0.0139308 0.0807231
49.046410 -17.9385490 0.1813976 4.3531184 0.0140675 0.9942174 0.0131870 0.1056407
49.150280 -17.9251747 0.1819834 4.3127565 0.0137056 0.9912355 0.0117763 0.1308652
49.254030 -17.9100723 0.1827645 4.2731390 0.0144742 0.9875286 0.0108642 0.1563963
49.357910 -17.8939247 0.1836340 4.2331872 0.0170997 0.9830822 0.0108926 0.1820392
49.565780 -17.8527756 0.1831448 4.1572537 0.0165437 0.9736864 0.0112540 0.2270121
49.669780 -17.8283787 0.1836423 4.1189156 0.0145333 0.9687476 0.0128984 0.2472864
49.773780 -17.8045444 0.1835120 4.0793724 0.0155014 0.9637371 0.0152586 0.2659655
49.878030 -17.7796993 0.1836673 4.0413733 0.0175287 0.9589987 0.0169659 0.2823586
50.086410 -17.7265644 0.1835529 3.9691253 0.0169952 0.9507793 0.0179207 0.3088830
50.190690 -17.6969776 0.1839818 3.9319582 0.0161254 0.9474394 0.0173457 0.3190576
50.295050 -17.6666489 0.1842881 3.8945515 0.0160117 0.9446515 0.0170809 0.3272390
50.503680 -17.6052761 0.1844201 3.8188241 0.0146624 0.9404872 0.0158782 0.3391412
50.712390 -17.5413609 0.1847090 3.7405853 0.0143526 0.9375218 0.0138279 0.3473553
50.920920 -17.4726810 0.1843904 3.6587832 0.0168459 0.9357370 0.0145421 0.3519959
51.129530 -17.3979187 0.1842745 3.5742874 0.0142575 0.9346817 0.0121263 0.3549926
51.338030 -17.3208923 0.1850146 3.4852993 0.0137905 0.9340079 0.0126764 0.3567609
51.546400 -17.2381706 0.1858780 3.3894863 0.0162367 0.9340718 0.0129055 0.3564823
51.754650 -17.1515350 0.1863164 3.2913318 0.0152617 0.9340741 0.0067195 0.3566896
51.962780 -17.0611897 0.1862992 3.1892667 0.0171590 0.9343045 0.0049105 0.3560290
52.171030 -16.9649296 0.1843818 3.0811574 0.0124882 0.9344140 0.0060924 0.3559175
52.379030 -16.8704205 0.1828098 2.9699421 0.0103107 0.9340474 0.0069130 0.3569332
52.587160 -16.7675209 0.1834514 2.8510084 0.0095877 0.9339405 0.0103686 0.3571494
52.795150 -16.6600037 0.1829944 2.7301373 0.0065524 0.9337278 0.0090108 0.3578105
53.107160 -16.4925671 0.1841379 2.5400896 0.0084255 0.9334056 0.0113733 0.3585439
53.315160 -16.3807468 0.1837948 2.4098871 0.0102240 0.9330816 0.0131834 0.3592777
53.627040 -16.2036781 0.1842391 2.2088039 0.0154553 0.9328907 0.0096753 0.3596978
53.835050 -16.0818996 0.1835141 2.0710359 0.0143857 0.9330227 0.0101036 0.3593877
54.042910 -15.9580746 0.1832163 1.9317673 0.0132542 0.9330959 0.0129243 0.3591509
54.250800 -15.8375406 0.1830543 1.7921380 0.0187275 0.9329870 0.0163830 0.3590488
54.458660 -15.7170753 0.1831668 1.6524758 0.0204733 0.9326506 0.0221358 0.3595187
54.666410 -15.5959892 0.1847996 1.5144778 0.0220980 0.9325750 0.0247328 0.3594494
54.874290 -15.4812021 0.1861595 1.3801847 0.0240393 0.9327099 0.0166845 0.3594383
55.082040 -15.3650360 0.1858677 1.2451338 0.0246186 0.9327353 0.0167205 0.3593315
55.290780 -15.2472057 0.1847739 1.1112223 0.0236102 0.9329176 0.0185139 0.3588378
55.393730 -15.1886625 0.1851620 1.0444446 0.0222911 0.9334795 0.0180866 0.3574799
55.601700 -15.0727787 0.1848744 0.9081421 0.0197408 0.9361250 0.0176401 0.3506697
55.705670 -15.0183907 0.1846392 0.8416438 0.0202753 0.9380327 0.0174166 0.3455145
55.913810 -14.9143028 0.1846731 0.7069926 0.0220410 0.9432315 0.0202431 0.3307850
56.122050 -14.8138361 0.1855174 0.5680588 0.0235625 0.9503697 0.0230776 0.3093697
56.330510 -14.7231102 0.1881262 0.4221768 0.0267546 0.9589811 0.0247162 0.2811202
56.538940 -14.6423368 0.1914254 0.2709422 0.0292907 0.9675506 0.0247915 0.2497463
56.643030 -14.6050367 0.1934247 0.1932479 0.0316086 0.9715644 0.0205942 0.2337508
56.851430 -14.5407724 0.1945136 0.0372655 0.0315296 0.9788333 0.0124430 0.2018328
57.059650 -14.4866409 0.1938683 -0.1240568 0.0286332 0.9845157 0.0117697 0.1725414
57.371290 -14.4213982 0.1952756 -0.3727669 0.0305689 0.9895335 0.0107345 0.1406189
57.579070 -14.3848181 0.1948834 -0.5406555 0.0286043 0.9919571 0.0146910 0.1224216
57.890570 -14.3374548 0.1966355 -0.8047002 0.0295238 0.9945691 0.0109313 0.0992032
58.098070 -14.3103476 0.1990204 -0.9836878 0.0347785 0.9950524 0.0178038 0.0913467
58.305440 -14.2819548 0.2023771 -1.1653978 0.0353596 0.9951068 0.0225493 0.0894639
58.512810 -14.2503853 0.2063133 -1.3481588 0.0311256 0.9953908 0.0186908 0.0887644
58.720450 -14.2154503 0.2098731 -1.5339291 0.0246944 0.9956331 0.0171010 0.0883888
58.824030 -14.1992702 0.2115948 -1.6286877 0.0234507 0.9956038 0.0180179 0.0888734
59.031700 -14.1694145 0.2153528 -1.8210638 0.0224504 0.9954690 0.0190675 0.0904099
59.239170 -14.1376362 0.2193227 -2.0175567 0.0208961 0.9953657 0.0173416 0.0922486
59.446780 -14.1056833 0.2225433 -2.2162447 0.0181797 0.9953569 0.0157045 0.0932070
59.654550 -14.0716791 0.2248695 -2.4154341 0.0163988 0.9955102 0.0160966 0.0918224
59.758420 -14.0543890 0.2262202 -2.5149577 0.0160516 0.9955892 0.0163744 0.0909743
59.862460 -14.0381088 0.2278578 -2.6170413 0.0155895 0.9956458 0.0163347 0.0904416
59.965990 -14.0231514 0.2298458 -2.7189286 0.0154806 0.9956306 0.0170303 0.0904987
60.069690 -14.0058327 0.2311079 -2.8163273 0.0153346 0.9956566 0.0181498 0.0900186
60.173450 -13.9893503 0.2319369 -2.9135759 0.0147223 0.9956763 0.0191727 0.0896899
60.277190 -13.9732256 0.2331261 -3.0096395 0.0140703 0.9957196 0.0184834 0.0894590
60.381050 -13.9560623 0.2345561 -3.1074336 0.0141409 0.9957957 0.0172595 0.0888425
60.588540 -13.9238291 0.2370550 -3.3064575 0.0132663 0.9959386 0.0167947 0.0874543
60.797000 -13.8924818 0.2404004 -3.5067174 0.0115907 0.9962420 0.0178513 0.0839578
60.900200 -13.8819904 0.2432183 -3.6188836 0.0108089 0.9964165 0.0174022 0.0820638
61.003920 -13.8722725 0.2447850 -3.7218187 0.0093896 0.9965315 0.0166740 0.0809861
61.211580 -13.8578043 0.2466310 -3.9233279 0.0083492 0.9966345 0.0173331 0.0796835
61.419200 -13.8599720 0.2495728 -4.1231298 0.0094218 0.9962553 0.0186927 0.0838882
61.522950 -13.8476362 0.2516333 -4.2275763 0.0099975 0.9963228 0.0187735 0.0829976
61.730990 -13.8276749 0.2554864 -4.4195504 0.0105473 0.9964280 0.0178312 0.0818660
61.938390 -13.8019981 0.2590016 -4.6062174 0.0096914 0.9966162 0.0181177 0.0795855
62.042070 -13.7908163 0.2597083 -4.6928210 0.0094476 0.9966213 0.0174318 0.0797044
62.249910 -13.7790642 0.2626589 -4.8876028 0.0080416 0.9964644 0.0134099 0.0825476
62.353660 -13.7676277 0.2632765 -4.9740996 0.0087979 0.9963964 0.0129354 0.0833630
62.457420 -13.7545910 0.2637737 -5.0627394 0.0095108 0.9963641 0.0135972 0.0835656
62.561290 -13.7402182 0.2646171 -5.1485586 0.0103044 0.9963366 0.0141821 0.0837017
62.665290 -13.7253857 0.2651435 -5.2322912 0.0112224 0.9963202 0.0148040 0.0836711
62.769050 -13.7117329 0.2659356 -5.3165398 0.0116460 0.9962621 0.0152611 0.0842218
62.872800 -13.6981754 0.2668674 -5.4010992 0.0118096 0.9962156 0.0155637 0.0846919
62.976670 -13.6834307 0.2671826 -5.4846220 0.0112331 0.9962071 0.0158743 0.0848136
63.080660 -13.6690750 0.2681852 -5.5676050 0.0111882 0.9961932 0.0152109 0.0851029
63.184460 -13.6561880 0.2690554 -5.6513128 0.0124964 0.9961012 0.0147036 0.0860814
63.392070 -13.6294460 0.2705730 -5.8185496 0.0122827 0.9958371 0.0138054 0.0892582
63.495820 -13.6162853 0.2709212 -5.9023027 0.0122676 0.9957192 0.0130138 0.0906829
63.599720 -13.6038523 0.2717239 -5.9840231 0.0124341 0.9955828 0.0126682 0.0921945
63.807440 -13.5745192 0.2720592 -6.1435032 0.0110389 0.9955332 0.0139064 0.0927278
63.911420 -13.5621414 0.2724838 -6.2235594 0.0107304 0.9955044 0.0148999 0.0929179
64.119460 -13.5352678 0.2739772 -6.3795772 0.0097889 0.9955932 0.0153746 0.0919892
64.223410 -13.5225601 0.2746619 -6.4565873 0.0091914 0.9956738 0.0152013 0.0912039
64.431450 -13.4995775 0.2757030 -6.6044512 0.0090755 0.9960470 0.0153553 0.0870183
64.639590 -13.4788818 0.2756949 -6.7439423 0.0100967 0.9966442 0.0158943 0.0796604
64.847590 -13.4627895 0.2767745 -6.8776231 0.0129080 0.9971509 0.0169690 0.0723569
65.055500 -13.4476671 0.2778299 -7.0005765 0.0145838 0.9976197 0.0176791 0.0650356
65.263460 -13.4342384 0.2785561 -7.1143694 0.0156173 0.9980183 0.0175062 0.0583885
65.471470 -13.4226809 0.2795524 -7.2184715 0.0167055 0.9983329 0.0171049 0.0525337
65.679310 -13.4143963 0.2806562 -7.3138189 0.0182890 0.9985279 0.0175286 0.0479614
65.887300 -13.4080648 0.2810923 -7.3993912 0.0190626 0.9986575 0.0189680 0.0442736
66.095340 -13.4019833 0.2814666 -7.4742222 0.0198397 0.9987479 0.0198004 0.0414363
66.199080 -13.3995667 0.2823952 -7.5105815 0.0207900 0.9987797 0.0200655 0.0400545
66.303070 -13.3976688 0.2827912 -7.5430899 0.0214715 0.9987870 0.0203300 0.0393735
66.407050 -13.3941946 0.2826809 -7.5710044 0.0212348 0.9988029 0.0211056 0.0386836
66.614800 -13.3887978 0.2848878 -7.6206546 0.0203883 0.9988077 0.0207794 0.0391888
67.342520 -13.3751526 0.2854706 -7.7393446 0.0179151 0.9985656 0.0176225 0.0472796
67.758210 -13.3684635 0.2862964 -7.7885046 0.0170388 0.9982538 0.0165254 0.0540926
70.254450 -13.3544302 0.2872242 -7.8574514 0.0133927 0.9963169 0.0149522 0.0833658
75.871360 -13.3125572 0.2812904 -7.8730807 0.0130464 0.9917012 0.0160308 0.1268914
76.495070 -13.2892733 0.2823919 -7.9170737 0.0125156 0.9831765 0.0150560 0.1816056
76.909690 -13.2513294 0.2855961 -7.9544630 0.0105728 0.9739724 0.0169350 0.2257859
77.117090 -13.2310019 0.2861648 -7.9804678 0.0110523 0.9668960 0.0196975 0.2541692
77.324460 -13.2151871 0.2872895 -8.0156002 0.0124739 0.9559056 0.0202941 0.2927064
77.739080 -13.1484976 0.2878145 -8.0756140 0.0131063 0.9243202 0.0165921 0.3810318
77.946530 -13.0895195 0.2882214 -8.0985270 0.0152173 0.9053651 0.0140842 0.4241275
78.153970 -13.0148821 0.2921571 -8.1038809 0.0161931 0.8872858 0.0122900 0.4607717
78.361560 -12.9309568 0.2957997 -8.1032200 0.0145291 0.8687469 0.0120914 0.4948954
78.569310 -12.8688927 0.2996765 -8.1068020 0.0133782 0.8431572 0.0137698 0.5373242
78.776930 -12.8188467 0.3022710 -8.0042696 0.0069238 0.8328247 0.0092140 0.5534168
78.984860 -12.7485628 0.2902163 -8.0619507 0.0057000 0.7946903 0.0160066 0.6067773
79.192960 -12.6670723 0.2831947 -7.9861026 0.0033510 0.7816669 0.0157642 0.6234878
79.401310 -12.5475779 0.2862719 -7.9786639 0.0018492 0.7646611 0.0098510 0.6443546
79.610070 -12.1651459 0.2892643 -8.6036377 0.0402257 0.5760619 0.0561184 0.8144847
79.818800 -12.1243458 0.2933221 -8.2848186 0.0225599 0.6718771 0.0252964 0.7398866
79.923050 -12.0435953 0.2932366 -8.2789793 0.0249016 0.6663879 0.0246104 0.7447828
80.027420 -11.9647274 0.2929879 -8.2678032 0.0261563 0.6617287 0.0231517 0.7489291
80.131680 -11.8844204 0.2920285 -8.2581568 0.0257175 0.6569001 0.0217216 0.7532257
80.235930 -11.8004160 0.2906415 -8.2457266 0.0240843 0.6536365 0.0199223 0.7561629
80.340300 -11.7161608 0.2889659 -8.2335081 0.0226526 0.6517297 0.0181055 0.7578967
80.444550 -11.6293917 0.2877404 -8.2207212 0.0221482 0.6508168 0.0170818 0.7587194
80.548940 -11.5388708 0.2866206 -8.2078476 0.0215552 0.6505982 0.0170323 0.7589251
80.653190 -11.4459724 0.2849294 -8.1951246 0.0213384 0.6498627 0.0178263 0.7595429
80.757320 -11.3519392 0.2837242 -8.1804237 0.0214517 0.6489558 0.0180399 0.7603097
80.861430 -11.2559080 0.2817802 -8.1656675 0.0215305 0.6473578 0.0184215 0.7616594
81.069680 -11.0627813 0.2783585 -8.1323938 0.0213769 0.6450543 0.0176135 0.7636345
81.173790 -10.9631643 0.2762649 -8.1195908 0.0210133 0.6425765 0.0176551 0.7657299
81.277810 -10.8622398 0.2742528 -8.1015520 0.0203833 0.6413329 0.0187677 0.7667623
81.381810 -10.7588835 0.2729492 -8.0825157 0.0194338 0.6400538 0.0204949 0.7678108
81.589930 -10.5509434 0.2700307 -8.0511923 0.0186679 0.6374299 0.0212550 0.7699889
81.798060 -10.3294373 0.2676947 -8.0165977 0.0186259 0.6384927 0.0196050 0.7691526
82.006180 -10.1182890 0.2646496 -7.9893870 0.0176298 0.6392474 0.0218059 0.7684897
82.214180 -9.9046383 0.2610251 -7.9542751 0.0171192 0.6406265 0.0230061 0.7673169
82.318180 -9.7936687 0.2596954 -7.9423513 0.0174096 0.6403773 0.0234679 0.7675045
82.526180 -9.5799198 0.2556999 -7.9115210 0.0186664 0.6416153 0.0222794 0.7664757
82.630180 -9.4705124 0.2542982 -7.8985481 0.0186341 0.6412078 0.0220279 0.7668247
82.838070 -9.2532749 0.2504664 -7.8673506 0.0166343 0.6423158 0.0233579 0.7659035
83.046050 -9.0409460 0.2466463 -7.8461490 0.0176944 0.6409855 0.0221569 0.7670290
83.149930 -8.9351635 0.2454993 -7.8275962 0.0185824 0.6418562 0.0215722 0.7662963
83.357930 -8.7236004 0.2416101 -7.7985244 0.0154921 0.6421349 0.0228391 0.7660947
83.461930 -8.6206160 0.2401030 -7.7824812 0.0140663 0.6424522 0.0230231 0.7658506
83.565930 -8.5166616 0.2386986 -7.7651958 0.0139601 0.6429922 0.0217421 0.7654368
83.669810 -8.4090023 0.2377513 -7.7509389 0.0140618 0.6434021 0.0207671 0.7651175
83.773690 -8.3043432 0.2364698 -7.7329812 0.0141385 0.6440721 0.0203670 0.7645629
83.877560 -8.1995592 0.2353744 -7.7165284 0.0134990 0.6445459 0.0201154 0.7641818
83.981560 -8.0913038 0.2344349 -7.7019353 0.0136848 0.6443969 0.0210072 0.7642801
84.189660 -7.8879175 0.2312293 -7.6712117 0.0152949 0.6449631 0.0211019 0.7637691
84.397140 -7.6829510 0.2268577 -7.6451044 0.0171203 0.6440412 0.0230401 0.7644521
84.604690 -7.4677324 0.2253086 -7.6160107 0.0170497 0.6425372 0.0237317 0.7656971
84.812320 -7.2542205 0.2233406 -7.5859194 0.0161741 0.6411631 0.0218198 0.7669238
85.020090 -7.0508099 0.2207946 -7.5596571 0.0162593 0.6397307 0.0199190 0.7681689
85.227440 -6.8589735 0.2160676 -7.5355735 0.0147431 0.6386211 0.0203919 0.7691098
85.331180 -6.7589273 0.2142515 -7.5136285 0.0145156 0.6406446 0.0208276 0.7674177
85.538870 -6.5524406 0.2114630 -7.4887466 0.0134463 0.6393426 0.0209282 0.7685195
85.642600 -6.4519458 0.2094367 -7.4779806 0.0127333 0.6394019 0.0208869 0.7684835
85.746450 -6.3514762 0.2076475 -7.4623942 0.0125309 0.6398584 0.0203994 0.7681198
85.954220 -6.1424603 0.2070206 -7.4346485 0.0130520 0.6412321 0.0202512 0.7669687
86.058060 -6.0415940 0.2058111 -7.4182754 0.0143725 0.6428897 0.0214564 0.7655232
86.161940 -5.9406557 0.2049845 -7.4038634 0.0158476 0.6443807 0.0219351 0.7642258
86.266420 -5.8422103 0.2038592 -7.3905473 0.0172299 0.6449913 0.0224823 0.7636647
86.369740 -5.7468238 0.2019882 -7.3749585 0.0174303 0.6462560 0.0234596 0.7625608
86.473600 -5.6490517 0.2010346 -7.3604798 0.0167879 0.6475759 0.0241038 0.7614346
86.681310 -5.4576778 0.1976053 -7.3310962 0.0154330 0.6507884 0.0240930 0.7587199
86.785510 -5.3569350 0.1970698 -7.3207498 0.0156550 0.6515321 0.0229070 0.7581135
86.992950 -5.1527038 0.1946768 -7.3001952 0.0173595 0.6537209 0.0206713 0.7562541
87.096690 -5.0561695 0.1926158 -7.2867641 0.0184158 0.6551202 0.0206519 0.7550178
87.200570 -4.9594154 0.1911100 -7.2765284 0.0185054 0.6557947 0.0202431 0.7544408
87.304430 -4.8657570 0.1891448 -7.2650237 0.0179287 0.6560800 0.0210704 0.7541841
87.408330 -4.7727170 0.1868527 -7.2501178 0.0165420 0.6574511 0.0217507 0.7530016
87.616060 -4.5601721 0.1864315 -7.2289433 0.0139246 0.6600161 0.0198938 0.7508589
87.823570 -4.3441157 0.1843895 -7.2188931 0.0110206 0.6599144 0.0159040 0.7510915
88.135050 -4.0271611 0.1806212 -7.2114668 0.0107237 0.6575330 0.0122822 0.7532492
88.238710 -3.9202094 0.1775229 -7.2047558 0.0110729 0.6578125 0.0129027 0.7529898
88.446330 -3.7340477 0.1756432 -7.1863713 0.0095788 0.6572559 0.0184322 0.7533811
88.550190 -3.6423955 0.1744684 -7.1753540 0.0103079 0.6570645 0.0198908 0.7535014
88.757820 -3.4560764 0.1727833 -7.1527500 0.0146784 0.6581767 0.0186822 0.7524885
88.861690 -3.3576906 0.1724915 -7.1442862 0.0148790 0.6576093 0.0174814 0.7530093
89.069450 -3.1789925 0.1670669 -7.1241474 0.0152086 0.6574128 0.0182462 0.7531562
89.277420 -3.0035608 0.1638039 -7.1008658 0.0186994 0.6582158 0.0181340 0.7523785
89.485130 -2.8288202 0.1593741 -7.0806231 0.0193118 0.6585683 0.0201682 0.7520027
89.692870 -2.6427782 0.1568184 -7.0605941 0.0180955 0.6599482 0.0223575 0.7507603
89.900710 -2.4636073 0.1547761 -7.0443521 0.0181015 0.6601270 0.0198258 0.7506741
90.108700 -2.2910488 0.1507186 -7.0217552 0.0165143 0.6620187 0.0205174 0.7490245
90.316520 -2.1173062 0.1480779 -7.0058665 0.0163916 0.6622066 0.0207701 0.7488540
90.524330 -1.9440490 0.1449024 -6.9874711 0.0164430 0.6632813 0.0209660 0.7478957
90.732220 -1.7763706 0.1425035 -6.9689169 0.0147955 0.6638855 0.0207732 0.7473993
90.836200 -1.6965899 0.1409582 -6.9578419 0.0143481 0.6649415 0.0206994 0.7464706
91.044070 -1.5430474 0.1387978 -6.9407110 0.0124935 0.6652912 0.0208619 0.7461879
91.148110 -1.4700910 0.1371771 -6.9322009 0.0125390 0.6653346 0.0213119 0.7461357
91.355930 -1.3237038 0.1366892 -6.9165726 0.0137474 0.6632016 0.0203951 0.7480366
91.563820 -1.1877460 0.1352021 -6.8980455 0.0125909 0.6606761 0.0184053 0.7503398
91.771700 -1.0556489 0.1325641 -6.8821239 0.0141168 0.6560735 0.0177104 0.7543570
91.979540 -0.9334174 0.1297783 -6.8630528 0.0168488 0.6486271 0.0177286 0.7607133
92.187280 -0.8218253 0.1275671 -6.8417196 0.0172645 0.6393894 0.0169990 0.7685013
92.394820 -0.7155605 0.1240483 -6.8189559 0.0166663 0.6281410 0.0183367 0.7777049
92.607140 -0.6190987 0.1216174 -6.7929878 0.0158355 0.6144329 0.0160302 0.7886473
92.812670 -0.5305290 0.1187261 -6.7668447 0.0153768 0.5972642 0.0147950 0.8017607
93.017610 -0.4421925 0.1168811 -6.7339516 0.0146171 0.5789201 0.0137848 0.8151367
93.225060 -0.3611526 0.1140649 -6.7003279 0.0151569 0.5550406 0.0117908 0.8316016
93.432440 -0.2864036 0.1110571 -6.6580515 0.0179754 0.5250706 0.0104444 0.8508047
93.639690 -0.2111464 0.1072772 -6.6114764 0.0183965 0.4850528 0.0136090 0.8741854
93.847210 -0.1480911 0.1021900 -6.5496011 0.0154759 0.4425987 0.0094088 0.8965369
94.054400 -0.0865841 0.0980538 -6.4876842 0.0174712 0.3955758 0.0077948 0.9182341
94.261830 -0.0397692 0.0965030 -6.4155021 0.0177092 0.3526206 0.0056742 0.9355816
94.469450 0.0010362 0.0968245 -6.3395476 0.0136887 0.3096977 -0.0035974 0.9507297
94.677090 0.0450434 0.0989937 -6.2672682 0.0095426 0.2615504 -0.0043679 0.9651328
94.884790 0.0805083 0.0942520 -6.1964569 0.0006451 0.2117944 -0.0096724 0.9772662
95.092440 0.1108109 0.0927011 -6.1235485 0.0002088 0.1627416 -0.0097883 0.9866201
95.300440 0.1355261 0.0898547 -6.0528417 0.0006167 0.1198015 -0.0080641 0.9927649
95.508570 0.1572117 0.0874256 -5.9773188 -0.0001397 0.0823975 -0.0123077 0.9965236
95.717080 0.1713852 0.0852923 -5.8954372 -0.0010875 0.0576974 -0.0126551 0.9982533
95.925440 0.1846436 0.0847926 -5.8033266 -0.0008778 0.0367767 -0.0121365 0.9992494
96.029700 0.1885843 0.0838599 -5.7597094 -0.0001659 0.0299576 -0.0119609 0.9994796
96.133950 0.1924875 0.0834381 -5.7111559 0.0003924 0.0227259 -0.0124051 0.9996647
96.342320 0.2020961 0.0808520 -5.6207027 0.0002756 0.0091332 -0.0125818 0.9998791
96.550570 0.2092896 0.0796128 -5.5199623 -0.0000178 -0.0048566 -0.0111076 0.9999265
96.758950 0.2121184 0.0785767 -5.4028616 0.0009282 -0.0155953 -0.0114940 0.9998119
96.967200 0.2195867 0.0798129 -5.2666221 0.0032481 -0.0232659 -0.0124802 0.9996461
97.175570 0.2283360 0.0764451 -5.1400146 0.0032325 -0.0281393 -0.0125104 0.9995205
97.383810 0.2269289 0.0740856 -5.0137882 0.0015026 -0.0298596 -0.0111997 0.9994902
97.696240 0.2185108 0.0714726 -4.8192577 -0.0022303 -0.0321459 -0.0092044 0.9994383
97.904320 0.2130132 0.0704024 -4.6810460 -0.0033435 -0.0344399 -0.0068549 0.9993777
98.112320 0.2147855 0.0679151 -4.5548506 -0.0037720 -0.0376200 -0.0055572 0.9992695
98.320320 0.2085759 0.0672837 -4.4191971 -0.0031514 -0.0393635 -0.0064796 0.9991990
98.528320 0.2052845 0.0656262 -4.2866788 -0.0033371 -0.0401769 -0.0068706 0.9991634
98.736320 0.2058082 0.0640608 -4.1487646 -0.0033559 -0.0423859 -0.0071648 0.9990700
98.944340 0.1958919 0.0625469 -4.0183058 -0.0042341 -0.0405330 -0.0067744 0.9991463
99.152220 0.1909168 0.0608431 -3.8873723 -0.0053372 -0.0401097 -0.0060448 0.9991627
99.360070 0.1830069 0.0602932 -3.7508550 -0.0050434 -0.0376439 -0.0065941 0.9992567
99.567940 0.1966037 0.0573759 -3.6265311 -0.0050317 -0.0388374 -0.0059441 0.9992152
99.775950 0.1920628 0.0556168 -3.4970126 -0.0048466 -0.0363914 -0.0065677 0.9993043
99.983820 0.1891742 0.0555617 -3.3616099 -0.0058780 -0.0337248 -0.0042700 0.9994047
100.191800 0.1864552 0.0549005 -3.2372081 -0.0068055 -0.0308160 -0.0059793 0.9994840
100.399700 0.1998762 0.0514298 -3.1270814 -0.0048645 -0.0332137 -0.0046914 0.9994254
100.503700 0.2012883 0.0497282 -3.0707483 -0.0035445 -0.0327775 -0.0064683 0.9994355
100.711600 0.2061553 0.0490519 -2.9518290 -0.0022268 -0.0337536 -0.0082263 0.9993939
100.919600 0.2072081 0.0478884 -2.8370850 -0.0012950 -0.0345428 -0.0081191 0.9993694
101.127400 0.2039805 0.0465330 -2.7229037 -0.0002616 -0.0348712 -0.0093266 0.9993483
101.335400 0.1986490 0.0445754 -2.6115215 -0.0006040 -0.0356241 -0.0094860 0.9993200
101.543300 0.1878137 0.0424804 -2.5058339 -0.0011878 -0.0357100 -0.0085832 0.9993246
101.751200 0.1782143 0.0409307 -2.4006200 -0.0002087 -0.0369210 -0.0080586 0.9992857
101.959100 0.1633825 0.0394068 -2.2979531 0.0004416 -0.0365469 -0.0086307 0.9992946
102.166900 0.1543294 0.0373602 -2.1955969 0.0004258 -0.0382782 -0.0075818 0.9992383
102.374800 0.1454370 0.0351503 -2.0931127 -0.0003837 -0.0400364 -0.0064473 0.9991773
102.582700 0.1360200 0.0333531 -1.9927642 -0.0013015 -0.0415614 -0.0069438 0.9991110
102.790600 0.1271140 0.0318563 -1.8938593 -0.0022020 -0.0431573 -0.0070018 0.9990413
102.998500 0.1181670 0.0305126 -1.7978991 -0.0021441 -0.0434958 -0.0071499 0.9990257
103.206500 0.1098951 0.0289589 -1.7061994 -0.0021699 -0.0423467 -0.0081677 0.9990672
103.414300 0.1017809 0.0274193 -1.6187378 -0.0020645 -0.0407779 -0.0080280 0.9991338
103.622300 0.0948647 0.0259571 -1.5341077 -0.0014049 -0.0393336 -0.0079686 0.9991934
103.830300 0.0884183 0.0245860 -1.4543108 -0.0013510 -0.0382001 -0.0082527 0.9992351
104.038400 0.0828621 0.0230414 -1.3784763 -0.0016888 -0.0372127 -0.0081943 0.9992723
104.251000 0.0775436 0.0216799 -1.3076394 -0.0022505 -0.0361871 -0.0075456 0.9993140
104.455200 0.0722163 0.0205704 -1.2431735 -0.0032736 -0.0351608 -0.0087890 0.9993377
104.662200 0.0681720 0.0194487 -1.1861519 -0.0029873 -0.0343391 -0.0083810 0.9993706
104.870200 0.0645435 0.0186598 -1.1354264 -0.0023682 -0.0337349 -0.0077692 0.9993978
105.078600 0.0611304 0.0177668 -1.0889090 -0.0015860 -0.0332214 -0.0078375 0.9994161
105.286000 0.0578665 0.0168447 -1.0444289 0.0000893 -0.0327478 -0.0072959 0.9994370
105.494000 0.0548678 0.0160626 -1.0003067 0.0000123 -0.0324613 -0.0073404 0.9994460
105.701800 0.0517872 0.0151594 -0.9568467 -0.0005006 -0.0322903 -0.0067410 0.9994557
105.909700 0.0486535 0.0143976 -0.9141896 -0.0006485 -0.0323179 -0.0069929 0.9994529
106.117600 0.0456623 0.0135861 -0.8720796 -0.0007251 -0.0329981 -0.0060118 0.9994371
106.325500 0.0419619 0.0129469 -0.8305439 -0.0007681 -0.0367118 -0.0053311 0.9993114
106.533200 0.0372010 0.0125738 -0.7892441 -0.0004769 -0.0435213 -0.0056325 0.9990365
106.845000 0.0290429 0.0114464 -0.7294512 -0.0002721 -0.0523765 -0.0079376 0.9985958
107.156800 0.0217300 0.0101466 -0.6705504 -0.0001311 -0.0593645 -0.0077815 0.9982060
107.468800 0.0139224 0.0092751 -0.6119670 0.0004007 -0.0603667 -0.0100354 0.9981257
107.780900 0.0063907 0.0085332 -0.5543386 0.0001122 -0.0572426 -0.0094195 0.9983159
107.989000 0.0031880 0.0081604 -0.5164516 0.0004896 -0.0550070 -0.0089015 0.9984462
108.301100 -0.0027984 0.0070162 -0.4607893 0.0004731 -0.0497087 -0.0089404 0.9987236
108.509100 -0.0053609 0.0066120 -0.4231452 0.0009954 -0.0458090 -0.0086771 0.9989120
108.925000 -0.0119688 0.0052003 -0.3387815 0.0027178 -0.0364465 -0.0081090 0.9992990
109.132800 -0.0136757 0.0043743 -0.2912432 0.0021165 -0.0316136 -0.0067825 0.9994749
109.444700 -0.0167690 0.0032369 -0.2131699 0.0004878 -0.0241298 -0.0050401 0.9996960
109.756500 -0.0195509 0.0022814 -0.1281241 -0.0008752 -0.0177554 -0.0045805 0.9998315
110.068200 -0.0212746 0.0007420 -0.0374480 0.0011480 -0.0138466 -0.0019495 0.9999016
111.314000 -0.0362566 -0.0085516 0.3546318 0.0089553 -0.0455983 -0.0022268 0.9989172
111.728700 -0.0639683 -0.0116965 0.4747842 -0.0000719 -0.0965890 -0.0088837 0.9952847
112.144200 -0.0979334 -0.0135224 0.5880399 -0.0063242 -0.1297068 -0.0148295 0.9914213
112.456700 -0.1204418 -0.0137878 0.6735270 -0.0073461 -0.1241701 -0.0165038 0.9920965
112.873300 -0.1375796 -0.0138498 0.7613855 -0.0106736 -0.1050405 -0.0135350 0.9943185
113.185700 -0.1410720 -0.0142862 0.7936530 -0.0091602 -0.0939266 -0.0109621 0.9954766
113.913600 -0.1418485 -0.0150971 0.7986783 -0.0032460 -0.0914448 -0.0116252 0.9957370
