1.000000e+00 1.197625e-11 1.704638e-10 5.551115e-17 1.197625e-11 1.000000e+00 3.562503e-10 0.000000e+00 1.704638e-10 3.562503e-10 1.000000e+00 2.220446e-16
9.991403e-01 2.230707e-03 -4.139680e-02 -4.273697e-02 -2.379114e-03 9.999909e-01 -3.536042e-03 -7.303015e-03 4.138854e-02 3.631490e-03 9.991365e-01 5.011396e-01
9.984892e-01 2.145631e-03 -5.490591e-02 -6.000009e-02 -2.394373e-03 9.999871e-01 -4.464951e-03 -8.065471e-03 5.489562e-02 4.589671e-03 9.984816e-01 6.279359e-01
9.959798e-01 9.912399e-04 -8.957233e-02 -1.090497e-01 -1.397593e-03 9.999890e-01 -4.473982e-03 -1.033982e-02 8.956691e-02 4.581182e-03 9.959703e-01 9.191805e-01
9.713483e-01 1.158386e-02 -2.373782e-01 -4.366243e-01 -1.400444e-02 9.998657e-01 -8.513365e-03 -4.313507e-02 2.372477e-01 1.159379e-02 9.713800e-01 1.979231e+00
9.538090e-01 1.577198e-02 -2.999995e-01 -6.200940e-01 -1.861376e-02 9.998048e-01 -6.616866e-03 -4.902232e-02 2.998367e-01 1.189534e-02 9.539164e-01 2.368741e+00
8.999654e-01 2.432815e-02 -4.352819e-01 -1.103633e+00 -2.866013e-02 9.995834e-01 -3.388838e-03 -4.676236e-02 4.350182e-01 1.552507e-02 9.002878e-01 3.142085e+00
8.357453e-01 1.684757e-02 -5.488588e-01 -1.564446e+00 -2.109935e-02 9.997763e-01 -1.439127e-03 -4.491985e-02 5.487118e-01 1.278331e-02 8.359139e-01 3.706267e+00
6.574738e-01 1.958832e-02 -7.532227e-01 -2.663146e+00 -2.008945e-02 9.997623e-01 8.464136e-03 -5.287039e-02 7.532096e-01 9.566887e-03 6.577111e-01 4.540774e+00
6.131629e-01 1.930946e-02 -7.897204e-01 -2.929115e+00 -1.750863e-02 9.997878e-01 1.085159e-02 -5.283789e-02 7.897624e-01 7.173130e-03 6.133709e-01 4.687680e+00
5.654772e-01 2.029055e-02 -8.245143e-01 -3.215512e+00 -1.550389e-02 9.997822e-01 1.397070e-02 -5.138930e-02 8.246182e-01 4.883068e-03 5.656686e-01 4.824434e+00
5.147145e-01 2.089948e-02 -8.571069e-01 -3.517839e+00 -1.382236e-02 9.997752e-01 1.607760e-02 -4.877551e-02 8.572503e-01 3.571869e-03 5.148876e-01 4.948178e+00
4.081172e-01 2.482780e-02 -9.125918e-01 -4.177130e+00 -1.202969e-02 9.996896e-01 2.181762e-02 -3.878842e-02 9.128503e-01 2.074055e-03 4.082892e-01 5.153468e+00
3.528221e-01 2.685154e-02 -9.353051e-01 -4.534335e+00 -1.174859e-02 9.996365e-01 2.426655e-02 -3.325067e-02 9.356167e-01 2.426748e-03 3.530093e-01 5.233794e+00
2.439423e-01 3.226578e-02 -9.692528e-01 -5.299329e+00 -5.239211e-03 9.994756e-01 3.195328e-02 -2.697748e-02 9.697756e-01 -2.716632e-03 2.439834e-01 5.360943e+00
1.928119e-01 3.260781e-02 -9.806938e-01 -5.701357e+00 -2.205280e-03 9.994595e-01 3.279820e-02 -2.303083e-02 9.812333e-01 -4.161174e-03 1.927796e-01 5.401694e+00
1.020609e-01 3.392393e-02 -9.941995e-01 -6.558994e+00 -6.144850e-03 9.994208e-01 3.347129e-02 -5.757046e-03 9.947592e-01 2.693100e-03 1.022102e-01 5.427674e+00
6.378191e-02 3.251618e-02 -9.974340e-01 -7.009091e+00 -7.384401e-03 9.994570e-01 3.210994e-02 6.191584e-03 9.979366e-01 5.317422e-03 6.398739e-02 5.424017e+00
2.904726e-02 2.991174e-02 -9.991304e-01 -7.473426e+00 -6.521623e-03 9.995365e-01 2.973431e-02 1.625113e-02 9.995568e-01 5.652255e-03 2.922887e-02 5.410697e+00
-2.964894e-02 2.550783e-02 -9.992348e-01 -8.444612e+00 -6.326376e-03 9.996495e-01 2.570614e-02 3.066422e-02 9.995404e-01 7.083698e-03 -2.947717e-02 5.353644e+00
-6.733280e-02 2.173972e-02 -9.974937e-01 -9.480377e+00 -6.474859e-03 9.997320e-01 2.222558e-02 5.248992e-02 9.977096e-01 7.955144e-03 -6.717399e-02 5.263869e+00
-9.045247e-02 2.383599e-02 -9.956155e-01 -1.057921e+01 -6.387145e-03 9.996791e-01 2.451356e-02 6.596199e-02 9.958803e-01 8.576455e-03 -9.027120e-02 5.153075e+00
-1.018114e-01 2.626013e-02 -9.944570e-01 -1.173941e+01 -8.587813e-03 9.995911e-01 2.727492e-02 7.855473e-02 9.947667e-01 1.131711e-02 -1.015442e-01 5.025880e+00
-1.028278e-01 2.847192e-02 -9.942916e-01 -1.296427e+01 -3.919262e-03 9.995709e-01 2.902843e-02 1.026715e-01 9.946915e-01 6.881821e-03 -1.026721e-01 4.901812e+00
-9.950488e-02 3.165295e-02 -9.945335e-01 -1.425164e+01 -7.042716e-03 9.994464e-01 3.251396e-02 1.178242e-01 9.950122e-01 1.023952e-02 -9.922688e-02 4.767225e+00
-9.663340e-02 2.858456e-02 -9.949095e-01 -1.559372e+01 -9.168533e-03 9.995195e-01 2.960754e-02 1.450798e-01 9.952778e-01 1.198294e-02 -9.632490e-02 4.629999e+00
-9.324592e-02 3.432541e-02 -9.950512e-01 -1.700478e+01 -9.606841e-03 9.993280e-01 3.537320e-02 1.770188e-01 9.955968e-01 1.285771e-02 -9.285350e-02 4.494630e+00
-9.143352e-02 3.749733e-02 -9.951049e-01 -1.773322e+01 -1.072094e-02 9.991958e-01 3.863657e-02 1.905594e-01 9.957535e-01 1.420114e-02 -9.095798e-02 4.426532e+00
-8.776869e-02 3.343541e-02 -9.955796e-01 -1.922427e+01 -1.418124e-02 9.992933e-01 3.481034e-02 2.305555e-01 9.960400e-01 1.717381e-02 -8.723251e-02 4.290984e+00
-8.451284e-02 3.487323e-02 -9.958119e-01 -2.077310e+01 -1.290088e-02 9.992653e-01 3.608905e-02 2.703516e-01 9.963389e-01 1.589684e-02 -8.400085e-02 4.161929e+00
-8.195788e-02 3.938854e-02 -9.958571e-01 -2.236419e+01 -9.754524e-03 9.991391e-01 4.032114e-02 3.062236e-01 9.965881e-01 1.301875e-02 -8.150311e-02 4.035961e+00
-8.074505e-02 2.784209e-02 -9.963458e-01 -2.396950e+01 -8.508473e-03 9.995541e-01 2.862128e-02 3.342058e-01 9.966985e-01 1.078841e-02 -8.047215e-02 3.908970e+00
-8.098689e-02 3.123790e-02 -9.962255e-01 -2.646136e+01 -4.490308e-03 9.994872e-01 3.170522e-02 3.717697e-01 9.967051e-01 7.041069e-03 -8.080509e-02 3.716343e+00
-8.165962e-02 4.388270e-02 -9.956937e-01 -2.815287e+01 -7.595689e-03 9.989738e-01 4.465022e-02 4.028815e-01 9.966314e-01 1.120910e-02 -8.124250e-02 3.569541e+00
-8.290210e-02 3.805547e-02 -9.958308e-01 -3.067424e+01 -9.508351e-03 9.991949e-01 3.897560e-02 4.566603e-01 9.965124e-01 1.269987e-02 -8.247351e-02 3.346046e+00
-8.269813e-02 4.194649e-02 -9.956915e-01 -3.235442e+01 -1.214292e-02 9.989972e-01 4.309431e-02 4.917256e-01 9.965007e-01 1.565442e-02 -8.210584e-02 3.198821e+00
-8.231200e-02 3.566380e-02 -9.959683e-01 -3.402626e+01 -1.376549e-02 9.992235e-01 3.691803e-02 5.241899e-01 9.965116e-01 1.674879e-02 -8.175715e-02 3.051261e+00
-8.151395e-02 3.157687e-02 -9.961718e-01 -3.569639e+01 -1.501861e-02 9.993456e-01 3.290641e-02 5.500320e-01 9.965591e-01 1.764345e-02 -8.098637e-02 2.910621e+00
-8.028235e-02 3.893236e-02 -9.960115e-01 -3.737375e+01 -1.355742e-02 9.991018e-01 4.014595e-02 5.707777e-01 9.966800e-01 1.672636e-02 -7.968242e-02 2.775070e+00
-7.980664e-02 4.835639e-02 -9.956367e-01 -3.904918e+01 -1.285875e-02 9.986896e-01 4.953538e-02 6.055646e-01 9.967275e-01 1.675590e-02 -7.908026e-02 2.638855e+00
-7.935204e-02 4.425698e-02 -9.958637e-01 -4.071171e+01 -1.242385e-02 9.988924e-01 4.538155e-02 6.464858e-01 9.967693e-01 1.597358e-02 -7.871431e-02 2.504806e+00
-7.862370e-02 3.683575e-02 -9.962236e-01 -4.236520e+01 -1.711449e-02 9.991199e-01 3.829356e-02 6.807227e-01 9.967575e-01 2.006064e-02 -7.792408e-02 2.363072e+00
-7.976546e-02 3.312770e-02 -9.962630e-01 -4.401519e+01 -1.910751e-02 9.992131e-01 3.475564e-02 7.092788e-01 9.966305e-01 2.180841e-02 -7.906970e-02 2.223683e+00
-8.168221e-02 2.762876e-02 -9.962754e-01 -4.566121e+01 -1.115209e-02 9.995277e-01 2.863330e-02 7.331961e-01 9.965961e-01 1.344938e-02 -8.133552e-02 2.096619e+00
-8.506616e-02 3.760111e-02 -9.956655e-01 -4.730744e+01 -8.393766e-03 9.992251e-01 3.845268e-02 7.534145e-01 9.963400e-01 1.162841e-02 -8.468463e-02 1.959122e+00
-8.855103e-02 4.048818e-02 -9.952484e-01 -4.893314e+01 -5.319431e-03 9.991400e-01 4.111980e-02 7.767209e-01 9.960575e-01 8.935358e-03 -8.825951e-02 1.820295e+00
-9.088125e-02 3.306855e-02 -9.953125e-01 -5.053252e+01 -1.334325e-02 9.993184e-01 3.442002e-02 7.989932e-01 9.957724e-01 1.640884e-02 -9.037806e-02 1.659366e+00
-9.301301e-02 3.268320e-02 -9.951283e-01 -5.212276e+01 -1.993854e-02 9.991995e-01 3.468054e-02 8.219496e-01 9.954653e-01 2.306714e-02 -9.228690e-02 1.493752e+00
-9.489148e-02 3.383215e-02 -9.949125e-01 -5.370196e+01 -2.126901e-02 9.991253e-01 3.600398e-02 8.419538e-01 9.952604e-01 2.457727e-02 -9.408890e-02 1.337479e+00
-9.600787e-02 3.526470e-02 -9.947557e-01 -5.526303e+01 -2.088946e-02 9.990807e-01 3.743416e-02 8.601357e-01 9.951614e-01 2.437388e-02 -9.518295e-02 1.184702e+00
-9.679243e-02 4.476912e-02 -9.942972e-01 -5.757460e+01 -2.017706e-02 9.986943e-01 4.693131e-02 8.957003e-01 9.951001e-01 2.460459e-02 -9.576274e-02 9.565390e-01
-9.803627e-02 3.931108e-02 -9.944061e-01 -5.981040e+01 -1.882451e-02 9.989675e-01 4.134728e-02 9.337799e-01 9.950048e-01 2.277274e-02 -9.719504e-02 7.359683e-01
-9.446826e-02 3.336158e-02 -9.949687e-01 -6.194033e+01 -2.166315e-02 9.991328e-01 3.555804e-02 9.565112e-01 9.952922e-01 2.491326e-02 -9.366362e-02 5.237598e-01
-6.908210e-02 3.878501e-02 -9.968567e-01 -6.457047e+01 -2.201573e-02 9.989413e-01 4.039181e-02 9.742130e-01 9.973681e-01 2.473688e-02 -6.815508e-02 3.201877e-01
-2.429915e-02 4.346382e-02 -9.987594e-01 -6.637563e+01 -2.907338e-02 9.986011e-01 4.416428e-02 9.966522e-01 9.992819e-01 3.011046e-02 -2.300152e-02 2.555668e-01
8.536048e-02 4.448258e-02 -9.953566e-01 -6.848214e+01 -2.750150e-02 9.987274e-01 4.227474e-02 1.016477e+00 9.959705e-01 2.376521e-02 8.647519e-02 4.164808e-01
3.052822e-01 3.940288e-02 -9.514463e-01 -7.068171e+01 -1.572097e-02 9.992159e-01 3.633695e-02 1.023888e+00 9.521322e-01 3.864635e-03 3.056623e-01 1.080744e+00
4.079745e-01 2.889902e-02 -9.125358e-01 -7.145144e+01 -4.496180e-03 9.995504e-01 2.964455e-02 1.032362e+00 9.129823e-01 -7.991289e-03 4.079211e-01 1.513560e+00
5.069013e-01 2.653927e-02 -8.615955e-01 -7.217075e+01 -3.181020e-03 9.995767e-01 2.891796e-02 1.045549e+00 8.619983e-01 -1.191779e-02 5.067711e-01 2.013647e+00
5.956629e-01 1.585576e-02 -8.030780e-01 -7.281071e+01 1.549808e-02 9.993921e-01 3.122705e-02 1.052187e+00 8.030850e-01 -3.104695e-02 5.950551e-01 2.601772e+00
6.793713e-01 6.183858e-03 -7.337686e-01 -7.338524e+01 1.438602e-02 9.996600e-01 2.174420e-02 1.051991e+00 7.336537e-01 -2.532839e-02 6.790514e-01 3.220823e+00
7.198790e-01 -1.153949e-03 -6.940987e-01 -7.365932e+01 1.134516e-02 9.998846e-01 1.010422e-02 1.056081e+00 6.940069e-01 -1.514848e-02 7.198090e-01 3.554385e+00
7.593590e-01 -4.902043e-03 -6.506534e-01 -7.391333e+01 7.111606e-03 9.999744e-01 7.659137e-04 1.058753e+00 6.506330e-01 -5.208790e-03 7.593745e-01 3.911270e+00
7.967185e-01 -6.044423e-03 -6.043204e-01 -7.416588e+01 5.806608e-03 9.999804e-01 -2.346559e-03 1.057855e+00 6.043228e-01 -1.639502e-03 7.967379e-01 4.300551e+00
8.310408e-01 -8.059018e-03 -5.561530e-01 -7.440171e+01 6.588534e-03 9.999675e-01 -4.645155e-03 1.057076e+00 5.561724e-01 1.960829e-04 8.310669e-01 4.718510e+00
8.620977e-01 -7.374496e-03 -5.066885e-01 -7.461515e+01 4.114510e-03 9.999630e-01 -7.553191e-03 1.053457e+00 5.067255e-01 4.426815e-03 8.620961e-01 5.155827e+00
8.886387e-01 -5.432656e-03 -4.585759e-01 -7.482560e+01 3.165614e-03 9.999786e-01 -5.712150e-03 1.044844e+00 4.585971e-01 3.624365e-03 8.886369e-01 5.623155e+00
9.103879e-01 1.247129e-04 -4.137557e-01 -7.501816e+01 -2.268793e-03 9.999864e-01 -4.690620e-03 1.038119e+00 4.137495e-01 5.209011e-03 9.103759e-01 6.110247e+00
9.282975e-01 4.418182e-03 -3.718121e-01 -7.520557e+01 -7.412496e-03 9.999506e-01 -6.624412e-03 1.035836e+00 3.717645e-01 8.905481e-03 9.282844e-01 6.618096e+00
9.422181e-01 8.825716e-03 -3.348837e-01 -7.537989e+01 -1.143552e-02 9.999176e-01 -5.822212e-03 1.030282e+00 3.348048e-01 9.315364e-03 9.422415e-01 7.151976e+00
9.526123e-01 1.032154e-02 -3.040119e-01 -7.553930e+01 -1.194835e-02 9.999225e-01 -3.491331e-03 1.020134e+00 3.039523e-01 6.958325e-03 9.526619e-01 7.706095e+00
9.661414e-01 8.961543e-03 -2.578573e-01 -7.583698e+01 -9.326138e-03 9.999565e-01 -1.908557e-04 1.004688e+00 2.578444e-01 2.589208e-03 9.661830e-01 8.874404e+00
9.708685e-01 1.164663e-02 -2.393295e-01 -7.598069e+01 -1.133083e-02 9.999321e-01 2.695421e-03 9.966334e-01 2.393447e-01 9.490508e-05 9.709347e-01 9.486418e+00
9.775062e-01 2.013451e-02 -2.099436e-01 -7.625804e+01 -1.939283e-02 9.997963e-01 5.591008e-03 9.812746e-01 2.100134e-01 -1.393842e-03 9.776975e-01 1.075522e+01
9.802980e-01 1.842505e-02 -1.966633e-01 -7.637903e+01 -1.774418e-02 9.998289e-01 5.223750e-03 9.768095e-01 1.967259e-01 -1.631200e-03 9.804572e-01 1.141499e+01
9.829611e-01 1.830401e-02 -1.828999e-01 -7.649294e+01 -1.770182e-02 9.998312e-01 4.924682e-03 9.734490e-01 1.829592e-01 -1.603108e-03 9.831192e-01 1.209150e+01
9.879063e-01 1.985395e-02 -1.537755e-01 -7.670271e+01 -1.919323e-02 9.997991e-01 5.780145e-03 9.650851e-01 1.538594e-01 -2.758791e-03 9.880889e-01 1.349407e+01
9.913422e-01 2.118524e-02 -1.295831e-01 -7.688462e+01 -2.151281e-02 9.997679e-01 -1.128479e-03 9.437305e-01 1.295291e-01 3.906406e-03 9.915679e-01 1.494545e+01
9.935925e-01 1.788793e-02 -1.115977e-01 -7.704091e+01 -1.906292e-02 9.997734e-01 -9.470564e-03 9.267552e-01 1.114030e-01 1.153726e-02 9.937084e-01 1.644684e+01
9.947552e-01 2.430267e-02 -9.935508e-02 -7.719881e+01 -2.389875e-02 9.997006e-01 5.253839e-03 8.975356e-01 9.945301e-02 -2.851820e-03 9.950382e-01 1.799359e+01
9.955248e-01 2.343596e-02 -9.154850e-02 -7.733723e+01 -2.275392e-02 9.997050e-01 8.486912e-03 8.765600e-01 9.172041e-02 -6.365842e-03 9.957645e-01 1.953401e+01
9.961043e-01 2.209172e-02 -8.537129e-02 -7.746374e+01 -2.137124e-02 9.997279e-01 9.344273e-03 8.595219e-01 8.555450e-02 -7.483377e-03 9.963054e-01 2.107246e+01
9.966536e-01 1.782813e-02 -7.977275e-02 -7.757340e+01 -1.673759e-02 9.997574e-01 1.431852e-02 8.408161e-01 8.000867e-02 -1.293540e-02 9.967102e-01 2.261434e+01
9.969879e-01 1.955555e-02 -7.505097e-02 -7.767675e+01 -1.932613e-02 9.998061e-01 3.782018e-03 8.191268e-01 7.511038e-02 -2.320180e-03 9.971725e-01 2.413827e+01
9.971687e-01 2.063475e-02 -7.231107e-02 -7.778961e+01 -2.132267e-02 9.997343e-01 -8.754247e-03 7.903154e-01 7.211122e-02 1.027133e-02 9.973437e-01 2.565478e+01
9.973626e-01 2.544213e-02 -6.797409e-02 -7.790878e+01 -2.571467e-02 9.996644e-01 -3.137224e-03 7.508496e-01 6.787147e-02 4.876881e-03 9.976822e-01 2.718067e+01
9.976148e-01 2.726027e-02 -6.341609e-02 -7.802007e+01 -2.705552e-02 9.996256e-01 4.085521e-03 7.137060e-01 6.350372e-02 -2.360019e-03 9.979788e-01 2.869200e+01
9.978606e-01 2.223991e-02 -6.147886e-02 -7.810970e+01 -2.201720e-02 9.997483e-01 4.297682e-03 6.798769e-01 6.155897e-02 -2.934894e-03 9.980991e-01 3.019277e+01
9.980139e-01 2.011648e-02 -5.969513e-02 -7.819810e+01 -2.011991e-02 9.997974e-01 5.437240e-04 6.476766e-01 5.969397e-02 6.584171e-04 9.982165e-01 3.170130e+01
9.980745e-01 2.157565e-02 -5.815252e-02 -7.829498e+01 -2.151672e-02 9.997671e-01 1.639538e-03 6.149092e-01 5.817435e-02 -3.851293e-04 9.983064e-01 3.323079e+01
9.979711e-01 2.159270e-02 -5.989508e-02 -7.839928e+01 -2.159192e-02 9.997666e-01 6.603379e-04 5.789981e-01 5.989536e-02 6.342523e-04 9.982045e-01 3.477685e+01
9.976774e-01 2.011746e-02 -6.507739e-02 -7.850718e+01 -2.011485e-02 9.997974e-01 6.953249e-04 5.473641e-01 6.507820e-02 6.153131e-04 9.978800e-01 3.634754e+01
9.971704e-01 2.553434e-02 -7.070529e-02 -7.863617e+01 -2.581427e-02 9.996621e-01 -3.047894e-03 5.110168e-01 7.060358e-02 4.864475e-03 9.974926e-01 3.793752e+01
9.968668e-01 2.420540e-02 -7.530350e-02 -7.876270e+01 -2.494465e-02 9.996493e-01 -8.891721e-03 4.825696e-01 7.506187e-02 1.074228e-02 9.971210e-01 3.954602e+01
9.965245e-01 2.452513e-02 -7.960794e-02 -7.889593e+01 -2.510311e-02 9.996652e-01 -6.267558e-03 4.461482e-01 7.942758e-02 8.244181e-03 9.968066e-01 4.119468e+01
9.963375e-01 2.221964e-02 -8.257034e-02 -7.902897e+01 -2.241261e-02 9.997478e-01 -1.410729e-03 4.207820e-01 8.251817e-02 3.256179e-03 9.965843e-01 4.287429e+01
9.963146e-01 2.183582e-02 -8.294879e-02 -7.917130e+01 -2.140884e-02 9.997526e-01 6.033575e-03 3.888969e-01 8.306002e-02 -4.235500e-03 9.965356e-01 4.457894e+01
9.965520e-01 2.539001e-02 -7.899005e-02 -7.931863e+01 -2.509685e-02 9.996739e-01 4.702072e-03 3.639286e-01 7.908368e-02 -2.703457e-03 9.968643e-01 4.629920e+01
9.969335e-01 1.893559e-02 -7.592862e-02 -7.944527e+01 -1.895157e-02 9.998202e-01 5.102881e-04 3.344377e-01 7.592464e-02 9.302438e-04 9.971131e-01 4.803166e+01
9.972126e-01 1.581570e-02 -7.291775e-02 -7.957376e+01 -1.565802e-02 9.998736e-01 2.733572e-03 3.027919e-01 7.295177e-02 -1.584204e-03 9.973342e-01 4.977895e+01
9.973788e-01 1.166362e-02 -7.141078e-02 -7.969742e+01 -1.127732e-02 9.999195e-01 5.810410e-03 2.720427e-01 7.147281e-02 -4.989856e-03 9.974301e-01 5.152945e+01
9.974783e-01 1.766750e-02 -6.873771e-02 -7.990039e+01 -1.824544e-02 9.998032e-01 -7.789141e-03 2.201002e-01 6.858657e-02 9.023648e-03 9.976044e-01 5.411350e+01
9.975764e-01 1.936231e-02 -6.683203e-02 -8.009273e+01 -2.008845e-02 9.997460e-01 -1.021019e-02 1.408072e-01 6.661737e-02 1.152800e-02 9.977120e-01 5.667063e+01
9.974598e-01 2.043472e-02 -6.823714e-02 -8.022244e+01 -1.982576e-02 9.997574e-01 9.589694e-03 9.233457e-02 6.841656e-02 -8.212479e-03 9.976230e-01 5.837775e+01
9.972626e-01 1.027044e-02 -7.322438e-02 -8.033871e+01 -1.012140e-02 9.999459e-01 2.406207e-03 5.914325e-02 7.324513e-02 -1.658486e-03 9.973126e-01 6.004264e+01
9.968586e-01 1.117945e-02 -7.840894e-02 -8.047401e+01 -1.129988e-02 9.999355e-01 -1.092300e-03 1.826730e-02 7.839168e-02 1.974881e-03 9.969207e-01 6.169567e+01
9.962044e-01 1.356199e-02 -8.598214e-02 -8.062089e+01 -1.429631e-02 9.998663e-01 -7.930284e-03 -2.632294e-02 8.586311e-02 9.129410e-03 9.962651e-01 6.332787e+01
9.955324e-01 2.018083e-02 -9.223929e-02 -8.077810e+01 -2.133438e-02 9.997058e-01 -1.153712e-02 -8.379998e-02 9.197933e-02 1.345344e-02 9.956700e-01 6.494508e+01
9.946717e-01 2.644463e-02 -9.964404e-02 -8.094518e+01 -2.706427e-02 9.996218e-01 -4.871640e-03 -1.360470e-01 9.947753e-02 7.542475e-03 9.950112e-01 6.655929e+01
9.937512e-01 2.685355e-02 -1.083396e-01 -8.112341e+01 -2.642608e-02 9.996363e-01 5.379751e-03 -1.755819e-01 1.084446e-01 -2.483143e-03 9.940994e-01 6.815999e+01
9.923841e-01 2.388637e-02 -1.208442e-01 -8.131685e+01 -2.290157e-02 9.996923e-01 9.531912e-03 -2.042169e-01 1.210347e-01 -6.691793e-03 9.926257e-01 6.973955e+01
9.906752e-01 2.878540e-02 -1.331689e-01 -8.154226e+01 -2.781246e-02 9.995712e-01 9.160900e-03 -2.305564e-01 1.333755e-01 -5.371720e-03 9.910510e-01 7.129191e+01
9.889858e-01 2.968952e-02 -1.450022e-01 -8.178344e+01 -2.963715e-02 9.995575e-01 2.521779e-03 -2.550723e-01 1.450129e-01 1.803450e-03 9.894281e-01 7.282193e+01
9.864030e-01 3.427245e-02 -1.607315e-01 -8.218657e+01 -3.300776e-02 9.993996e-01 1.053264e-02 -2.975894e-01 1.609960e-01 -5.084039e-03 9.869420e-01 7.510124e+01
9.827805e-01 2.892232e-02 -1.824992e-01 -8.261416e+01 -2.899126e-02 9.995770e-01 2.290686e-03 -3.380953e-01 1.824882e-01 3.039639e-03 9.832033e-01 7.733161e+01
9.766120e-01 2.610930e-02 -2.134180e-01 -8.310119e+01 -2.486657e-02 9.996546e-01 8.505821e-03 -3.866320e-01 2.135664e-01 -2.999910e-03 9.769240e-01 7.954411e+01
9.712876e-01 2.949127e-02 -2.360734e-01 -8.346726e+01 -2.505677e-02 9.994491e-01 2.176316e-02 -4.083909e-01 2.365852e-01 -1.522305e-02 9.714915e-01 8.101060e+01
9.618068e-01 2.926476e-02 -2.721603e-01 -8.405742e+01 -2.967254e-02 9.995562e-01 2.618079e-03 -4.274942e-01 2.721162e-01 5.557600e-03 9.622484e-01 8.314038e+01
9.548139e-01 2.935585e-02 -2.957510e-01 -8.449278e+01 -2.609382e-02 9.995474e-01 1.497147e-02 -4.369496e-01 2.960566e-01 -6.577694e-03 9.551477e-01 8.458416e+01
9.430702e-01 2.468379e-02 -3.316766e-01 -8.521230e+01 -2.123288e-02 9.996762e-01 1.402483e-02 -4.477484e-01 3.319154e-01 -6.183949e-03 9.432889e-01 8.671556e+01
9.343112e-01 1.670852e-02 -3.560666e-01 -8.599632e+01 -1.806969e-02 9.998366e-01 -4.968568e-04 -4.725988e-01 3.560002e-01 6.898232e-03 9.344604e-01 8.882079e+01
9.281430e-01 2.311602e-02 -3.715053e-01 -8.656905e+01 -2.398840e-02 9.997096e-01 2.273564e-03 -4.896331e-01 3.714500e-01 6.801627e-03 9.284281e-01 9.021553e+01
9.220800e-01 2.377708e-02 -3.862682e-01 -8.715878e+01 -1.933902e-02 9.996948e-01 1.537198e-02 -4.804139e-01 3.865158e-01 -6.704146e-03 9.222584e-01 9.162194e+01
9.166730e-01 4.222960e-02 -3.974007e-01 -8.780250e+01 -3.629672e-02 9.990890e-01 2.244315e-02 -4.756232e-01 3.979864e-01 -6.148685e-03 9.173707e-01 9.300351e+01
9.121701e-01 3.050276e-02 -4.086750e-01 -8.842784e+01 -3.076794e-02 9.995090e-01 5.926946e-03 -4.619748e-01 4.086552e-01 7.167704e-03 9.126607e-01 9.437577e+01
9.082629e-01 3.717963e-02 -4.167447e-01 -8.908452e+01 -3.633541e-02 9.992900e-01 9.960858e-03 -4.666220e-01 4.168192e-01 6.095514e-03 9.089690e-01 9.576606e+01
9.012369e-01 3.463436e-02 -4.319404e-01 -9.008495e+01 -3.478352e-02 9.993663e-01 7.557112e-03 -4.847031e-01 4.319284e-01 8.213660e-03 9.018705e-01 9.784976e+01
8.990019e-01 3.151276e-02 -4.368096e-01 -9.042665e+01 -3.495250e-02 9.993889e-01 1.628784e-04 -4.875902e-01 4.365478e-01 1.512116e-02 8.995540e-01 9.853474e+01
8.924765e-01 3.705554e-02 -4.495694e-01 -9.148703e+01 -3.875384e-02 9.992340e-01 5.428021e-03 -5.172294e-01 4.494262e-01 1.257816e-02 8.932289e-01 1.005948e+02
8.878868e-01 3.673343e-02 -4.585932e-01 -9.219617e+01 -3.816812e-02 9.992524e-01 6.142706e-03 -5.349382e-01 4.584760e-01 1.204961e-02 8.886251e-01 1.019541e+02
8.836111e-01 3.434905e-02 -4.669600e-01 -9.291478e+01 -3.563710e-02 9.993463e-01 6.076049e-03 -5.511717e-01 4.668634e-01 1.127223e-02 8.842576e-01 1.032961e+02
8.790575e-01 3.637209e-02 -4.753262e-01 -9.365046e+01 -3.747987e-02 9.992718e-01 7.150149e-03 -5.659964e-01 4.752401e-01 1.152977e-02 8.797806e-01 1.046187e+02
8.743880e-01 3.013636e-02 -4.842906e-01 -9.438211e+01 -3.517202e-02 9.993804e-01 -1.313869e-03 -5.883920e-01 4.839510e-01 1.818231e-02 8.749062e-01 1.059103e+02
8.702813e-01 2.978177e-02 -4.916539e-01 -9.512335e+01 -3.479658e-02 9.993938e-01 -1.055815e-03 -6.050065e-01 4.913244e-01 1.802673e-02 8.707901e-01 1.071878e+02
8.669419e-01 3.641112e-02 -4.970774e-01 -9.586451e+01 -3.197040e-02 9.993366e-01 1.744294e-02 -6.210034e-01 4.973828e-01 7.697512e-04 8.675309e-01 1.084529e+02
8.638730e-01 3.277621e-02 -5.026421e-01 -9.657402e+01 -2.481486e-02 9.994383e-01 2.252282e-02 -6.245992e-01 5.030980e-01 -6.983865e-03 8.642012e-01 1.096683e+02
8.604880e-01 2.901689e-02 -5.086437e-01 -9.726338e+01 -2.420205e-02 9.995777e-01 1.608015e-02 -6.273272e-01 5.088956e-01 -1.526556e-03 8.608269e-01 1.108135e+02
8.576929e-01 2.552506e-02 -5.135284e-01 -9.792433e+01 -2.122491e-02 9.996733e-01 1.423928e-02 -6.283274e-01 5.137241e-01 -1.313337e-03 8.579545e-01 1.119025e+02
8.551887e-01 2.632932e-02 -5.176476e-01 -9.855027e+01 -2.027669e-02 9.996439e-01 1.734686e-02 -6.360649e-01 5.179200e-01 -4.338655e-03 8.554181e-01 1.129252e+02
8.525658e-01 2.300783e-02 -5.221132e-01 -9.912485e+01 -1.598964e-02 9.997111e-01 1.794433e-02 -6.384109e-01 5.223752e-01 -6.950316e-03 8.526874e-01 1.138657e+02
8.502349e-01 2.237476e-02 -5.259277e-01 -9.966423e+01 -1.755837e-02 9.997457e-01 1.414706e-02 -6.481915e-01 5.261106e-01 -2.793885e-03 8.504116e-01 1.147173e+02
8.440195e-01 1.231158e-02 -5.361711e-01 -1.003993e+02 -9.473063e-03 9.999227e-01 8.048149e-03 -6.585884e-01 5.362288e-01 -1.713609e-03 8.440709e-01 1.158608e+02
8.370973e-01 1.671075e-02 -5.467988e-01 -1.008652e+02 -1.245354e-02 9.998564e-01 1.149150e-02 -6.647242e-01 5.469123e-01 -2.809920e-03 8.371852e-01 1.165286e+02
8.297184e-01 2.829663e-02 -5.574645e-01 -1.013056e+02 -1.887682e-02 9.995654e-01 2.264161e-02 -6.713923e-01 5.578630e-01 -8.262992e-03 8.298920e-01 1.171266e+02
8.200253e-01 2.797336e-02 -5.716433e-01 -1.016929e+02 -1.429213e-02 9.994942e-01 2.840812e-02 -6.721459e-01 5.721489e-01 -1.512537e-02 8.200103e-01 1.176574e+02
8.051579e-01 2.419731e-02 -5.925666e-01 -1.020513e+02 -7.576002e-03 9.995054e-01 3.052057e-02 -6.736387e-01 5.930121e-01 -2.008458e-02 8.049430e-01 1.181220e+02
7.836390e-01 2.664974e-02 -6.206446e-01 -1.024053e+02 -9.010756e-03 9.994619e-01 3.153855e-02 -6.766433e-01 6.211511e-01 -1.912236e-02 7.834575e-01 1.185086e+02
7.261313e-01 1.990391e-02 -6.872679e-01 -1.030684e+02 -1.290432e-02 9.997993e-01 1.532109e-02 -6.855969e-01 6.874350e-01 -2.256399e-03 7.262424e-01 1.191160e+02
6.762025e-01 2.487456e-02 -7.362958e-01 -1.035947e+02 -2.049498e-02 9.996781e-01 1.495024e-02 -6.769315e-01 7.364307e-01 4.980977e-03 6.764947e-01 1.194976e+02
6.354473e-01 2.548306e-02 -7.717236e-01 -1.039548e+02 -1.698091e-02 9.996747e-01 1.902792e-02 -6.680274e-01 7.719575e-01 1.013332e-03 6.356734e-01 1.197348e+02
5.883415e-01 3.447575e-02 -8.078772e-01 -1.043385e+02 -2.259228e-02 9.994015e-01 2.619600e-02 -6.580382e-01 8.082969e-01 2.839598e-03 5.887683e-01 1.199342e+02
5.382124e-01 4.087249e-02 -8.418176e-01 -1.047330e+02 -2.695693e-02 9.991472e-01 3.127647e-02 -6.537004e-01 8.423781e-01 5.859440e-03 5.388552e-01 1.201137e+02
4.850922e-01 4.926544e-02 -8.730741e-01 -1.051362e+02 -3.346351e-02 9.987262e-01 3.776290e-02 -6.502394e-01 8.738225e-01 1.089764e-02 4.861229e-01 1.202566e+02
4.247164e-01 4.648377e-02 -9.041323e-01 -1.055582e+02 -3.170487e-02 9.988321e-01 3.645917e-02 -6.512936e-01 9.047711e-01 1.318059e-02 4.256942e-01 1.203886e+02
3.530581e-01 4.016684e-02 -9.347388e-01 -1.060565e+02 -3.016432e-02 9.990473e-01 3.153697e-02 -6.404796e-01 9.351151e-01 1.706138e-02 3.539333e-01 1.205003e+02
2.697084e-01 3.786323e-02 -9.621973e-01 -1.066408e+02 -2.804717e-02 9.991116e-01 3.145409e-02 -6.251645e-01 9.625335e-01 1.850348e-02 2.705307e-01 1.205994e+02
1.749796e-01 3.323298e-02 -9.840110e-01 -1.072795e+02 -2.476393e-02 9.992625e-01 2.934449e-02 -6.047007e-01 9.842606e-01 1.923329e-02 1.756735e-01 1.206402e+02
7.422523e-02 3.427442e-02 -9.966523e-01 -1.079733e+02 -2.214724e-02 9.992193e-01 3.271330e-02 -5.851771e-01 9.969956e-01 1.964494e-02 7.492637e-02 1.206163e+02
-3.218362e-02 3.879313e-02 -9.987288e-01 -1.087113e+02 -1.358154e-02 9.991372e-01 3.924666e-02 -5.724405e-01 9.993897e-01 1.482738e-02 -3.162899e-02 1.205308e+02
-1.383601e-01 4.236407e-02 -9.894755e-01 -1.095039e+02 -4.720745e-03 9.990451e-01 4.343391e-02 -5.571731e-01 9.903708e-01 1.068058e-02 -1.380280e-01 1.203764e+02
-2.393286e-01 4.521660e-02 -9.698852e-01 -1.103105e+02 2.445837e-03 9.989399e-01 4.596763e-02 -5.385017e-01 9.709356e-01 8.629191e-03 -2.391855e-01 1.201212e+02
-3.346155e-01 4.809612e-02 -9.411266e-01 -1.111598e+02 1.399587e-02 9.988402e-01 4.606938e-02 -5.145431e-01 9.422508e-01 2.243642e-03 -3.349006e-01 1.197761e+02
-3.791908e-01 4.985243e-02 -9.239746e-01 -1.116037e+02 1.948819e-02 9.987564e-01 4.588947e-02 -5.003029e-01 9.251133e-01 -6.057272e-04 -3.796907e-01 1.195688e+02
-4.607358e-01 5.216322e-02 -8.860031e-01 -1.124967e+02 2.716715e-02 9.986324e-01 4.466691e-02 -4.701443e-01 8.871215e-01 -3.490531e-03 -4.615228e-01 1.190622e+02
-5.244114e-01 5.234440e-02 -8.498546e-01 -1.134215e+02 2.906760e-02 9.986273e-01 4.357121e-02 -4.332770e-01 8.509688e-01 -1.853991e-03 -5.252131e-01 1.184470e+02
-5.663021e-01 4.898964e-02 -8.227405e-01 -1.143790e+02 2.667038e-02 9.987984e-01 4.111539e-02 -4.005528e-01 8.237661e-01 1.340940e-03 -5.669282e-01 1.177492e+02
-5.804739e-01 4.834624e-02 -8.128423e-01 -1.148756e+02 2.559142e-02 9.988259e-01 4.113263e-02 -3.846543e-01 8.138766e-01 3.074637e-03 -5.810297e-01 1.173755e+02
-5.918390e-01 4.920885e-02 -8.045527e-01 -1.153845e+02 2.658306e-02 9.987834e-01 4.153377e-02 -3.685473e-01 8.056178e-01 3.193840e-03 -5.924271e-01 1.169889e+02
-6.016909e-01 5.030468e-02 -7.971433e-01 -1.159072e+02 2.782236e-02 9.987291e-01 4.202544e-02 -3.511796e-01 7.982444e-01 3.107915e-03 -6.023258e-01 1.165875e+02
-6.096544e-01 5.169924e-02 -7.909796e-01 -1.164394e+02 2.914620e-02 9.986580e-01 4.280865e-02 -3.334200e-01 7.921314e-01 3.044435e-03 -6.103431e-01 1.161705e+02
-6.217490e-01 5.159735e-02 -7.815151e-01 -1.175268e+02 2.820515e-02 9.986554e-01 4.349432e-02 -2.939813e-01 7.827086e-01 4.999804e-03 -6.223683e-01 1.152919e+02
-6.296183e-01 5.276167e-02 -7.751110e-01 -1.186599e+02 2.959963e-02 9.985960e-01 4.393067e-02 -2.513318e-01 7.763406e-01 4.716556e-03 -6.302960e-01 1.143662e+02
-6.320345e-01 5.391669e-02 -7.730623e-01 -1.192396e+02 3.084404e-02 9.985364e-01 4.442500e-02 -2.283537e-01 7.743262e-01 4.233769e-03 -6.327725e-01 1.138874e+02
-6.339116e-01 5.397883e-02 -7.715195e-01 -1.204389e+02 3.158847e-02 9.985361e-01 4.390755e-02 -1.816124e-01 7.727602e-01 3.462383e-03 -6.346887e-01 1.128933e+02
-6.353366e-01 5.305633e-02 -7.704106e-01 -1.216870e+02 3.262167e-02 9.985904e-01 4.186835e-02 -1.322116e-01 7.715461e-01 1.468411e-03 -6.361718e-01 1.118577e+02
-6.371377e-01 5.467189e-02 -7.688085e-01 -1.229704e+02 3.153192e-02 9.984949e-01 4.487391e-02 -7.535629e-02 7.701048e-01 4.348851e-03 -6.379026e-01 1.107728e+02
-6.395288e-01 5.599430e-02 -7.667252e-01 -1.242849e+02 3.066053e-02 9.984081e-01 4.734015e-02 -1.867648e-02 7.681555e-01 6.767193e-03 -6.402276e-01 1.096502e+02
-6.413875e-01 5.432909e-02 -7.652911e-01 -1.256369e+02 3.253119e-02 9.985183e-01 4.362198e-02 4.221843e-02 7.665271e-01 3.082760e-03 -6.422045e-01 1.085006e+02
-6.431044e-01 5.686590e-02 -7.636642e-01 -1.270372e+02 3.729233e-02 9.983814e-01 4.293905e-02 9.929117e-02 7.648699e-01 -8.645199e-04 -6.441842e-01 1.073179e+02
-6.454794e-01 5.165757e-02 -7.620288e-01 -1.284619e+02 3.704776e-02 9.986533e-01 3.631682e-02 1.484347e-01 7.628787e-01 -4.789697e-03 -6.465239e-01 1.061014e+02
-6.463785e-01 4.518995e-02 -7.616775e-01 -1.299193e+02 3.281356e-02 9.989674e-01 3.142186e-02 1.835941e-01 7.623111e-01 -4.682937e-03 -6.471939e-01 1.048515e+02
-6.463919e-01 4.990347e-02 -7.613719e-01 -1.321648e+02 3.161416e-02 9.987536e-01 3.862258e-02 2.318873e-01 7.623504e-01 8.951891e-04 -6.471639e-01 1.029386e+02
-6.465598e-01 5.357037e-02 -7.609801e-01 -1.336799e+02 3.375429e-02 9.985633e-01 4.161642e-02 2.702986e-01 7.621162e-01 1.221165e-03 -6.474391e-01 1.016681e+02
-6.467821e-01 5.330896e-02 -7.608094e-01 -1.351892e+02 3.266538e-02 9.985751e-01 4.219930e-02 3.106498e-01 7.619750e-01 2.441633e-03 -6.476019e-01 1.003904e+02
-6.469056e-01 5.488490e-02 -7.605924e-01 -1.367105e+02 3.211773e-02 9.984825e-01 4.473420e-02 3.478641e-01 7.618935e-01 4.510303e-03 -6.476867e-01 9.910851e+01
-6.479718e-01 5.568539e-02 -7.596260e-01 -1.389901e+02 3.346596e-02 9.984422e-01 4.464521e-02 4.148069e-01 7.609288e-01 3.507227e-03 -6.488260e-01 9.718269e+01
-6.493896e-01 5.616798e-02 -7.583788e-01 -1.405111e+02 3.459986e-02 9.984181e-01 4.431870e-02 4.529559e-01 7.596684e-01 2.540305e-03 -6.503057e-01 9.590422e+01
-6.507781e-01 5.470254e-02 -7.572949e-01 -1.420208e+02 3.337598e-02 9.984982e-01 4.344417e-02 4.912744e-01 7.585341e-01 2.997059e-03 -6.516265e-01 9.462044e+01
-6.512026e-01 5.277174e-02 -7.570669e-01 -1.435294e+02 3.182284e-02 9.986007e-01 4.223510e-02 5.274135e-01 7.582364e-01 3.411590e-03 -6.519708e-01 9.333700e+01
-6.503822e-01 5.036423e-02 -7.579356e-01 -1.450409e+02 2.708532e-02 9.987026e-01 4.312121e-02 5.612957e-01 7.591241e-01 7.516344e-03 -6.509026e-01 9.204892e+01
-6.480610e-01 4.603184e-02 -7.601960e-01 -1.465475e+02 2.412882e-02 9.989116e-01 3.991709e-02 5.937592e-01 7.612061e-01 7.526081e-03 -6.484664e-01 9.077404e+01
-6.455338e-01 4.889900e-02 -7.621646e-01 -1.480704e+02 2.617218e-02 9.987784e-01 4.191254e-02 6.250373e-01 7.632831e-01 7.108459e-03 -6.460251e-01 8.950321e+01
-6.432656e-01 6.160484e-02 -7.631607e-01 -1.496005e+02 3.171803e-02 9.980462e-01 5.383057e-02 6.716835e-01 7.649859e-01 1.042140e-02 -6.439628e-01 8.823696e+01
-6.425511e-01 6.032541e-02 -7.638645e-01 -1.511134e+02 3.231318e-02 9.981425e-01 5.164595e-02 7.256258e-01 7.655612e-01 8.502276e-03 -6.433069e-01 8.697809e+01
-6.426114e-01 5.645154e-02 -7.641098e-01 -1.518671e+02 3.212413e-02 9.983902e-01 4.674373e-02 7.539528e-01 7.655186e-01 5.491693e-03 -6.433904e-01 8.634989e+01
-6.425603e-01 5.837811e-02 -7.640080e-01 -1.533790e+02 3.171360e-02 9.982652e-01 4.960544e-02 8.039512e-01 7.655786e-01 7.645046e-03 -6.432970e-01 8.508539e+01
-6.426567e-01 6.049709e-02 -7.637621e-01 -1.541322e+02 3.258913e-02 9.981339e-01 5.163989e-02 8.288243e-01 7.654609e-01 8.296381e-03 -6.434290e-01 8.445676e+01
-6.438258e-01 5.874944e-02 -7.629134e-01 -1.556292e+02 3.429074e-02 9.982617e-01 4.793476e-02 8.796994e-01 7.644034e-01 4.700774e-03 -6.447212e-01 8.320615e+01
-6.448800e-01 6.257715e-02 -7.617177e-01 -1.571190e+02 3.425531e-02 9.980074e-01 5.298802e-02 9.324518e-01 7.635159e-01 8.078038e-03 -6.457386e-01 8.195146e+01
-6.459200e-01 6.677058e-02 -7.604795e-01 -1.586032e+02 3.611815e-02 9.977250e-01 5.692364e-02 9.920658e-01 7.625503e-01 9.301002e-03 -6.468621e-01 8.070349e+01
-6.469687e-01 6.525242e-02 -7.597194e-01 -1.600585e+02 3.777343e-02 9.978511e-01 5.353817e-02 1.049905e+00 7.615804e-01 5.940314e-03 -6.480433e-01 7.946455e+01
-6.462966e-01 6.110321e-02 -7.606360e-01 -1.615000e+02 3.319896e-02 9.980966e-01 5.197039e-02 1.102704e+00 7.623638e-01 8.335959e-03 -6.470950e-01 7.822487e+01
-6.452629e-01 5.885567e-02 -7.616901e-01 -1.629402e+02 3.008946e-02 9.982123e-01 5.164155e-02 1.154301e+00 7.633678e-01 1.040353e-02 -6.458803e-01 7.699411e+01
-6.441184e-01 5.888661e-02 -7.626558e-01 -1.643767e+02 2.918479e-02 9.981983e-01 5.242480e-02 1.205952e+00 7.643689e-01 1.150983e-02 -6.446765e-01 7.577428e+01
-6.431937e-01 5.586034e-02 -7.636632e-01 -1.658081e+02 2.755609e-02 9.983780e-01 4.982020e-02 1.257020e+00 7.652076e-01 1.100046e-02 -6.436897e-01 7.456637e+01
-6.420327e-01 5.939250e-02 -7.643733e-01 -1.672418e+02 3.146816e-02 9.981961e-01 5.112921e-02 1.306576e+00 7.660312e-01 8.773208e-03 -6.427436e-01 7.337210e+01
-6.414898e-01 5.863152e-02 -7.648877e-01 -1.686684e+02 3.248127e-02 9.982567e-01 4.927902e-02 1.351053e+00 7.664437e-01 6.767464e-03 -6.422759e-01 7.219108e+01
-6.403780e-01 5.577115e-02 -7.660324e-01 -1.700844e+02 3.508055e-02 9.984431e-01 4.336570e-02 1.396727e+00 7.672584e-01 8.976054e-04 -6.413375e-01 7.103558e+01
-6.396969e-01 5.491240e-02 -7.666633e-01 -1.714722e+02 3.087900e-02 9.984755e-01 4.575085e-02 1.416166e+00 7.680068e-01 5.592882e-03 -6.404173e-01 6.990570e+01
-6.400269e-01 5.437972e-02 -7.664257e-01 -1.728299e+02 3.095182e-02 9.985074e-01 4.499923e-02 1.436887e+00 7.677289e-01 5.078452e-03 -6.407547e-01 6.880749e+01
-6.400838e-01 5.417777e-02 -7.663925e-01 -1.741451e+02 3.096746e-02 9.985193e-01 4.472355e-02 1.460081e+00 7.676808e-01 4.893591e-03 -6.408138e-01 6.773915e+01
-6.402351e-01 5.366964e-02 -7.663019e-01 -1.754193e+02 2.983323e-02 9.985410e-01 4.500977e-02 1.482743e+00 7.675995e-01 5.955573e-03 -6.409021e-01 6.669815e+01
-6.407315e-01 5.812858e-02 -7.655613e-01 -1.772745e+02 3.088011e-02 9.982740e-01 4.995343e-02 1.525125e+00 7.671438e-01 8.366123e-03 -6.414207e-01 6.518539e+01
-6.408903e-01 6.204167e-02 -7.651212e-01 -1.784448e+02 3.338313e-02 9.980382e-01 5.296553e-02 1.550332e+00 7.669062e-01 8.402956e-03 -6.417042e-01 6.419739e+01
-6.421016e-01 6.463336e-02 -7.638900e-01 -1.801003e+02 3.614028e-02 9.978838e-01 5.405341e-02 1.586480e+00 7.657672e-01 7.100584e-03 -6.430787e-01 6.276519e+01
-6.530127e-01 6.800060e-02 -7.542880e-01 -1.821422e+02 4.562165e-02 9.976842e-01 5.044708e-02 1.635244e+00 7.559716e-01 -1.469276e-03 -6.546028e-01 6.098005e+01
-6.909268e-01 7.521748e-02 -7.190011e-01 -1.839747e+02 5.658612e-02 9.971480e-01 4.993889e-02 1.685440e+00 7.207068e-01 -6.181362e-03 -6.932125e-01 5.923570e+01
-7.577802e-01 8.157959e-02 -6.473901e-01 -1.855495e+02 6.626024e-02 9.966456e-01 4.803173e-02 1.749510e+00 6.491370e-01 -6.498730e-03 -7.606438e-01 5.745834e+01
-8.431125e-01 7.749341e-02 -5.321242e-01 -1.867152e+02 6.098436e-02 9.969567e-01 4.856183e-02 1.826654e+00 5.342680e-01 8.491831e-03 -8.452725e-01 5.559683e+01
-9.283201e-01 4.509830e-02 -3.690366e-01 -1.874227e+02 3.357747e-02 9.987291e-01 3.758534e-02 1.883289e+00 3.702626e-01 2.249990e-02 -9.286546e-01 5.369416e+01
-9.831529e-01 3.240420e-02 -1.798899e-01 -1.877485e+02 2.738709e-02 9.991654e-01 3.030454e-02 1.901338e+00 1.807218e-01 2.486734e-02 -9.832198e-01 5.177232e+01
-9.995040e-01 1.006074e-02 -2.984320e-02 -1.877165e+02 8.815319e-03 9.990965e-01 4.157437e-02 1.903912e+00 3.023451e-02 4.129067e-02 -9.986896e-01 5.033042e+01
-9.970705e-01 2.051987e-02 7.368440e-02 -1.876045e+02 2.335961e-02 9.990090e-01 3.788635e-02 1.913879e+00 -7.283396e-02 3.949659e-02 -9.965617e-01 4.940375e+01
-9.843986e-01 2.362611e-02 1.743596e-01 -1.873856e+02 2.975169e-02 9.990255e-01 3.260177e-02 1.916040e+00 -1.734194e-01 3.728062e-02 -9.841422e-01 4.850872e+01
-9.620042e-01 2.331542e-02 2.720374e-01 -1.870919e+02 3.162970e-02 9.991557e-01 2.621754e-02 1.921924e+00 -2.711965e-01 3.382584e-02 -9.619295e-01 4.766758e+01
-9.466844e-01 2.747540e-02 3.209888e-01 -1.869050e+02 3.735473e-02 9.989978e-01 2.465901e-02 1.925132e+00 -3.199896e-01 3.533474e-02 -9.467619e-01 4.724980e+01
-9.303521e-01 3.021656e-02 3.654203e-01 -1.867142e+02 4.116827e-02 9.989052e-01 2.221412e-02 1.922721e+00 -3.643491e-01 3.571067e-02 -9.305775e-01 4.684089e+01
-9.132370e-01 2.475193e-02 4.066762e-01 -1.864782e+02 3.739334e-02 9.990320e-01 2.316585e-02 1.917552e+00 -4.057092e-01 3.636289e-02 -9.132786e-01 4.643056e+01
-8.953418e-01 1.994046e-02 4.449332e-01 -1.862433e+02 3.564541e-02 9.990008e-01 2.695748e-02 1.910636e+00 -4.439511e-01 3.999598e-02 -8.951580e-01 4.602498e+01
-8.776813e-01 1.983338e-02 4.788341e-01 -1.859999e+02 3.901401e-02 9.987839e-01 3.014110e-02 1.906858e+00 -4.776541e-01 4.513551e-02 -8.773878e-01 4.562057e+01
-8.608718e-01 2.164481e-02 5.083614e-01 -1.857437e+02 4.407236e-02 9.985119e-01 3.211896e-02 1.904895e+00 -5.069097e-01 5.005498e-02 -8.605447e-01 4.521752e+01
-8.451571e-01 2.084750e-02 5.341113e-01 -1.854762e+02 4.497868e-02 9.984688e-01 3.220013e-02 1.903482e+00 -5.326223e-01 5.123778e-02 -8.448007e-01 4.482494e+01
-8.309578e-01 1.849718e-02 5.560279e-01 -1.851904e+02 4.411559e-02 9.984907e-01 3.271225e-02 1.903992e+00 -5.545836e-01 5.171199e-02 -8.305196e-01 4.443350e+01
-8.187995e-01 1.697153e-02 5.738286e-01 -1.848981e+02 4.276455e-02 9.985889e-01 3.148676e-02 1.906175e+00 -5.724845e-01 5.032086e-02 -8.183699e-01 4.404415e+01
-8.087019e-01 1.617290e-02 5.879963e-01 -1.845971e+02 4.220964e-02 9.986405e-01 3.058539e-02 1.908337e+00 -5.867023e-01 4.955357e-02 -8.082852e-01 4.365148e+01
-8.004594e-01 1.505932e-02 5.991977e-01 -1.842874e+02 4.110786e-02 9.987097e-01 2.981533e-02 1.908808e+00 -5.979757e-01 4.849769e-02 -8.000457e-01 4.325715e+01
-7.938748e-01 1.369429e-02 6.079270e-01 -1.839689e+02 3.910696e-02 9.988265e-01 2.856890e-02 1.909156e+00 -6.068224e-01 4.645430e-02 -7.934788e-01 4.285899e+01
-7.885180e-01 1.277601e-02 6.148789e-01 -1.836434e+02 3.674891e-02 9.989765e-01 2.636980e-02 1.911087e+00 -6.139128e-01 4.338919e-02 -7.881805e-01 4.245635e+01
-7.802917e-01 1.576827e-02 6.252169e-01 -1.829728e+02 3.925412e-02 9.989458e-01 2.379656e-02 1.921291e+00 -6.241826e-01 4.311059e-02 -7.800882e-01 4.162858e+01
-7.752609e-01 1.747523e-02 6.313994e-01 -1.822608e+02 4.062155e-02 9.989273e-01 2.222968e-02 1.933488e+00 -6.303337e-01 4.288221e-02 -7.751391e-01 4.077740e+01
-7.727979e-01 1.245903e-02 6.345299e-01 -1.815012e+02 3.297646e-02 9.992450e-01 2.054200e-02 1.944762e+00 -6.337949e-01 3.679936e-02 -7.726253e-01 3.989489e+01
-7.720920e-01 1.771611e-02 6.352638e-01 -1.807267e+02 4.063309e-02 9.989422e-01 2.152664e-02 1.954282e+00 -6.342105e-01 4.243327e-02 -7.719952e-01 3.895179e+01
-7.731938e-01 1.750785e-02 6.339280e-01 -1.799121e+02 3.693870e-02 9.991650e-01 1.745866e-02 1.948467e+00 -6.330931e-01 3.691540e-02 -7.731950e-01 3.796509e+01
-7.738922e-01 2.344744e-02 6.328832e-01 -1.790635e+02 3.477357e-02 9.993801e-01 5.495602e-03 1.950476e+00 -6.323620e-01 2.626060e-02 -7.742278e-01 3.693739e+01
-7.745069e-01 2.281632e-02 6.321538e-01 -1.781621e+02 3.591383e-02 9.993234e-01 7.932587e-03 1.942150e+00 -6.315451e-01 2.884690e-02 -7.748023e-01 3.584918e+01
-7.746446e-01 1.254996e-02 6.322722e-01 -1.771997e+02 2.594053e-02 9.995921e-01 1.194081e-02 1.929672e+00 -6.318646e-01 2.565136e-02 -7.746543e-01 3.472689e+01
-7.744470e-01 9.052690e-03 6.325740e-01 -1.762079e+02 2.502673e-02 9.995533e-01 1.633520e-02 1.922565e+00 -6.321436e-01 2.848200e-02 -7.743276e-01 3.353889e+01
-7.747823e-01 3.640077e-03 6.322177e-01 -1.751718e+02 2.325803e-02 9.994706e-01 2.274810e-02 1.922179e+00 -6.318002e-01 3.232895e-02 -7.744568e-01 3.229666e+01
-7.734498e-01 7.172730e-03 6.338170e-01 -1.735590e+02 2.343539e-02 9.995759e-01 1.728639e-02 1.933011e+00 -6.334242e-01 2.822390e-02 -7.732898e-01 3.036327e+01
-7.736503e-01 5.890196e-03 6.335855e-01 -1.724382e+02 2.872992e-02 9.992544e-01 2.579146e-02 1.945840e+00 -6.329612e-01 3.815642e-02 -7.732427e-01 2.902358e+01
-7.726454e-01 1.798946e-02 6.345829e-01 -1.707093e+02 3.748792e-02 9.991470e-01 1.731964e-02 1.958687e+00 -6.337301e-01 3.717112e-02 -7.726607e-01 2.696332e+01
-7.735452e-01 1.995500e-02 6.334269e-01 -1.695314e+02 3.716411e-02 9.992124e-01 1.390661e-02 1.943279e+00 -6.326506e-01 3.429813e-02 -7.736775e-01 2.554622e+01
-7.746740e-01 1.466747e-02 6.321906e-01 -1.683371e+02 3.523400e-02 9.991791e-01 1.999306e-02 1.929608e+00 -6.313784e-01 3.776271e-02 -7.745549e-01 2.409784e+01
-7.756371e-01 1.696891e-02 6.309510e-01 -1.671591e+02 4.159490e-02 9.988397e-01 2.427022e-02 1.914344e+00 -6.298071e-01 4.506921e-02 -7.754430e-01 2.263920e+01
-7.762817e-01 2.295506e-02 6.299681e-01 -1.660001e+02 5.250428e-02 9.982189e-01 2.832511e-02 1.908068e+00 -6.281959e-01 5.506428e-02 -7.761043e-01 2.117959e+01
-7.770396e-01 2.297537e-02 6.290322e-01 -1.642567e+02 6.115890e-02 9.973611e-01 3.912063e-02 1.934077e+00 -6.264735e-01 6.886919e-02 -7.763943e-01 1.899252e+01
-7.775165e-01 2.635662e-02 6.283099e-01 -1.636778e+02 5.916654e-02 9.977553e-01 3.136269e-02 1.940348e+00 -6.260730e-01 6.155992e-02 -7.773307e-01 1.828024e+01
-7.788291e-01 3.489893e-02 6.262645e-01 -1.625251e+02 5.950586e-02 9.980586e-01 1.838473e-02 1.942748e+00 -6.244071e-01 5.158496e-02 -7.793938e-01 1.685680e+01
-7.802128e-01 3.195104e-02 6.246976e-01 -1.613773e+02 6.014093e-02 9.978995e-01 2.407369e-02 1.936519e+00 -6.226164e-01 5.635249e-02 -7.804956e-01 1.542915e+01
-7.829338e-01 2.870224e-02 6.214426e-01 -1.602415e+02 5.728490e-02 9.980172e-01 2.607633e-02 1.936584e+00 -6.194620e-01 5.601531e-02 -7.830256e-01 1.401383e+01
-7.927358e-01 2.421727e-02 6.090841e-01 -1.591338e+02 5.137167e-02 9.983100e-01 2.716834e-02 1.935031e+00 -6.073969e-01 5.282697e-02 -7.926401e-01 1.259096e+01
-8.082955e-01 2.646177e-02 5.881820e-01 -1.580880e+02 5.309014e-02 9.981957e-01 2.804997e-02 1.945549e+00 -5.863785e-01 5.389932e-02 -8.082420e-01 1.115361e+01
-8.300177e-01 2.862510e-02 5.570020e-01 -1.571079e+02 5.828585e-02 9.976655e-01 3.558336e-02 1.958096e+00 -5.546831e-01 6.200014e-02 -8.297485e-01 9.685989e+00
-8.577965e-01 3.512916e-02 5.127875e-01 -1.562137e+02 6.374148e-02 9.972308e-01 3.831085e-02 1.981362e+00 -5.100217e-01 6.554874e-02 -8.576603e-01 8.187478e+00
-8.733223e-01 3.845868e-02 4.856223e-01 -1.558113e+02 6.627396e-02 9.969902e-01 4.022794e-02 2.002674e+00 -4.826136e-01 6.731606e-02 -8.732426e-01 7.419730e+00
-8.887523e-01 4.151905e-02 4.565036e-01 -1.554337e+02 6.840631e-02 9.967509e-01 4.252342e-02 2.020771e+00 -4.532549e-01 6.902050e-02 -8.887048e-01 6.640524e+00
-9.030378e-01 4.503010e-02 4.271944e-01 -1.550736e+02 6.971431e-02 9.966693e-01 4.230981e-02 2.039549e+00 -4.238664e-01 6.798891e-02 -9.031693e-01 5.854252e+00
-9.163015e-01 5.148583e-02 3.971660e-01 -1.547551e+02 7.142559e-02 9.968116e-01 3.556618e-02 2.055959e+00 -3.940686e-01 6.095715e-02 -9.170574e-01 5.066725e+00
-9.405924e-01 5.709213e-02 3.347036e-01 -1.541799e+02 6.800481e-02 9.974646e-01 2.096601e-02 2.076776e+00 -3.326580e-01 4.248191e-02 -9.420902e-01 3.475256e+00
-9.597480e-01 5.161216e-02 2.760797e-01 -1.536909e+02 6.018704e-02 9.979296e-01 2.267125e-02 2.081084e+00 -2.743380e-01 3.837510e-02 -9.608673e-01 1.836084e+00
-9.716011e-01 5.787948e-02 2.294370e-01 -1.532952e+02 6.420401e-02 9.977325e-01 2.019039e-02 2.088962e+00 -2.277481e-01 3.434778e-02 -9.731141e-01 1.642828e-01
-9.758920e-01 5.763828e-02 2.105055e-01 -1.531167e+02 6.358256e-02 9.977433e-01 2.157423e-02 2.094656e+00 -2.087870e-01 3.443859e-02 -9.773546e-01 -6.849197e-01
-9.800320e-01 5.326072e-02 1.915741e-01 -1.529463e+02 5.974494e-02 9.978145e-01 2.822730e-02 2.099191e+00 -1.896520e-01 3.910924e-02 -9.810722e-01 -1.551019e+00
-9.834470e-01 5.305041e-02 1.732560e-01 -1.527936e+02 5.943047e-02 9.977244e-01 3.184311e-02 2.108057e+00 -1.711725e-01 4.161270e-02 -9.843619e-01 -2.422346e+00
-9.863759e-01 5.356656e-02 1.555416e-01 -1.526592e+02 5.920798e-02 9.977370e-01 3.186262e-02 2.120983e+00 -1.534829e-01 4.063782e-02 -9.873153e-01 -3.301845e+00
-9.905866e-01 5.639369e-02 1.247318e-01 -1.524224e+02 6.000550e-02 9.978751e-01 2.538861e-02 2.145234e+00 -1.230350e-01 3.263420e-02 -9.918656e-01 -5.081774e+00
-9.918984e-01 6.697717e-02 1.079427e-01 -1.522301e+02 7.148133e-02 9.967021e-01 3.840841e-02 2.184519e+00 -1.050142e-01 4.581312e-02 -9.934149e-01 -6.932667e+00
-9.922338e-01 6.914451e-02 1.033984e-01 -1.520349e+02 7.444703e-02 9.960531e-01 4.832976e-02 2.236569e+00 -9.964857e-02 5.565211e-02 -9.934652e-01 -8.818435e+00
-9.929599e-01 6.169034e-02 1.011183e-01 -1.518222e+02 6.614837e-02 9.969530e-01 4.134057e-02 2.290503e+00 -9.825984e-02 4.773833e-02 -9.940151e-01 -1.072343e+01
-9.937560e-01 4.837927e-02 1.005408e-01 -1.515906e+02 5.253161e-02 9.978547e-01 3.906966e-02 2.340253e+00 -9.843498e-02 4.410727e-02 -9.941655e-01 -1.268601e+01
-9.938138e-01 4.345373e-02 1.022055e-01 -1.513681e+02 4.807903e-02 9.979074e-01 4.323433e-02 2.390739e+00 -1.001129e-01 4.788081e-02 -9.938233e-01 -1.468941e+01
-9.936346e-01 4.124027e-02 1.048309e-01 -1.511385e+02 4.593021e-02 9.980306e-01 4.272379e-02 2.446252e+00 -1.028625e-01 4.726673e-02 -9.935719e-01 -1.672996e+01
-9.935948e-01 3.781976e-02 1.064850e-01 -1.508986e+02 4.216448e-02 9.983551e-01 3.884906e-02 2.495354e+00 -1.048406e-01 4.309010e-02 -9.935551e-01 -1.879445e+01
-9.939518e-01 3.214620e-02 1.050071e-01 -1.506584e+02 3.633639e-02 9.986078e-01 3.823702e-02 2.531082e+00 -1.036318e-01 4.182133e-02 -9.937361e-01 -2.088457e+01
-9.943256e-01 3.018545e-02 1.020068e-01 -1.504287e+02 3.436810e-02 9.986284e-01 3.949758e-02 2.562912e+00 -1.006746e-01 4.277923e-02 -9.939993e-01 -2.298777e+01
-9.946208e-01 2.935157e-02 9.933793e-02 -1.502100e+02 3.359382e-02 9.985816e-01 4.130505e-02 2.602248e+00 -9.798467e-02 4.441999e-02 -9.941961e-01 -2.509394e+01
-9.948240e-01 2.779561e-02 9.773792e-02 -1.499955e+02 3.239060e-02 9.984279e-01 4.574505e-02 2.652068e+00 -9.631276e-02 4.867405e-02 -9.941603e-01 -2.719872e+01
-9.951318e-01 2.629112e-02 9.498175e-02 -1.496882e+02 3.030102e-02 9.986985e-01 4.102457e-02 2.727489e+00 -9.377956e-02 4.370289e-02 -9.946333e-01 -3.032621e+01
-9.956885e-01 2.377655e-02 8.966130e-02 -1.493925e+02 2.776184e-02 9.986691e-01 4.346617e-02 2.798290e+00 -8.850850e-02 4.576792e-02 -9.950234e-01 -3.344880e+01
-9.962306e-01 2.225481e-02 8.384080e-02 -1.492116e+02 2.593192e-02 9.987373e-01 4.302746e-02 2.847794e+00 -8.277736e-02 4.503942e-02 -9.955498e-01 -3.550025e+01
-9.967644e-01 2.042812e-02 7.773907e-02 -1.490389e+02 2.387675e-02 9.987596e-01 4.369370e-02 2.893300e+00 -7.675007e-02 4.540847e-02 -9.960158e-01 -3.754989e+01
-9.971667e-01 2.070158e-02 7.231856e-02 -1.488814e+02 2.413645e-02 9.986056e-01 4.694985e-02 2.936848e+00 -7.124578e-02 4.856233e-02 -9.962759e-01 -3.958889e+01
-9.975737e-01 2.245378e-02 6.589798e-02 -1.486636e+02 2.548657e-02 9.986369e-01 4.554837e-02 3.002899e+00 -6.478543e-02 4.711737e-02 -9.967862e-01 -4.262144e+01
-9.978591e-01 1.962235e-02 6.238685e-02 -1.484441e+02 2.247240e-02 9.987199e-01 4.531479e-02 3.079101e+00 -6.141781e-02 4.661975e-02 -9.970228e-01 -4.562217e+01
-9.979373e-01 1.858956e-02 6.144541e-02 -1.482960e+02 2.093551e-02 9.990675e-01 3.775867e-02 3.122209e+00 -6.068620e-02 3.896717e-02 -9.973960e-01 -4.760259e+01
-9.978574e-01 1.981816e-02 6.235323e-02 -1.481556e+02 2.217510e-02 9.990566e-01 3.733755e-02 3.159721e+00 -6.155445e-02 3.864023e-02 -9.973555e-01 -4.957611e+01
-9.975829e-01 2.424173e-02 6.512109e-02 -1.479424e+02 2.694003e-02 9.988007e-01 4.088141e-02 3.205788e+00 -6.405196e-02 4.253695e-02 -9.970396e-01 -5.251178e+01
-9.974655e-01 2.382302e-02 6.704453e-02 -1.477977e+02 2.667715e-02 9.987613e-01 4.200210e-02 3.231897e+00 -6.596087e-02 4.368419e-02 -9.968655e-01 -5.444853e+01
-9.972420e-01 2.580906e-02 6.958616e-02 -1.476532e+02 2.861209e-02 9.988063e-01 3.959001e-02 3.257265e+00 -6.848132e-02 4.147182e-02 -9.967901e-01 -5.637284e+01
-9.968209e-01 2.594470e-02 7.533233e-02 -1.475001e+02 2.885909e-02 9.988662e-01 3.785954e-02 3.282400e+00 -7.426467e-02 3.991319e-02 -9.964395e-01 -5.828110e+01
-9.964765e-01 2.612529e-02 7.970044e-02 -1.473415e+02 2.905738e-02 9.989345e-01 3.585337e-02 3.301002e+00 -7.867884e-02 3.804292e-02 -9.961739e-01 -6.017164e+01
-9.964213e-01 2.352959e-02 8.118456e-02 -1.471781e+02 2.671470e-02 9.989063e-01 3.837213e-02 3.317449e+00 -8.019290e-02 4.040362e-02 -9.959602e-01 -6.203744e+01
-9.965687e-01 2.231246e-02 7.970528e-02 -1.470218e+02 2.568404e-02 9.988071e-01 4.152874e-02 3.332509e+00 -7.868360e-02 4.343340e-02 -9.959530e-01 -6.386909e+01
-9.968922e-01 1.971381e-02 7.627073e-02 -1.468736e+02 2.293946e-02 9.988689e-01 4.164960e-02 3.350949e+00 -7.536339e-02 4.326977e-02 -9.962169e-01 -6.564189e+01
-9.971829e-01 1.880361e-02 7.261393e-02 -1.468046e+02 2.189975e-02 9.988742e-01 4.208011e-02 3.362788e+00 -7.174093e-02 4.355178e-02 -9.964720e-01 -6.650732e+01
-9.979968e-01 1.981616e-02 6.008024e-02 -1.466842e+02 2.240054e-02 9.988388e-01 4.265149e-02 3.387862e+00 -5.916530e-02 4.391188e-02 -9.972819e-01 -6.818896e+01
-9.983931e-01 2.184434e-02 5.228873e-02 -1.466370e+02 2.411091e-02 9.987791e-01 4.311620e-02 3.400870e+00 -5.128305e-02 4.430764e-02 -9.977008e-01 -6.899922e+01
-9.989345e-01 2.785976e-02 3.679402e-02 -1.465750e+02 2.951079e-02 9.985456e-01 4.511833e-02 3.416011e+00 -3.548352e-02 4.615607e-02 -9.983038e-01 -7.055095e+01
-9.993627e-01 3.234425e-02 1.510226e-02 -1.465152e+02 3.301715e-02 9.983648e-01 4.666396e-02 3.430945e+00 -1.356825e-02 4.713285e-02 -9.987965e-01 -7.268937e+01
-9.993885e-01 3.484809e-02 2.858852e-03 -1.464990e+02 3.494300e-02 9.983221e-01 4.617195e-02 3.443175e+00 -1.245051e-03 4.624360e-02 -9.989294e-01 -7.398191e+01
-9.992387e-01 3.831936e-02 -7.320006e-03 -1.464997e+02 3.795118e-02 9.982596e-01 4.513711e-02 3.454673e+00 9.036892e-03 4.482494e-02 -9.989540e-01 -7.516771e+01
-9.990433e-01 4.078349e-02 -1.578653e-02 -1.465201e+02 3.997070e-02 9.980100e-01 4.876889e-02 3.460680e+00 1.774408e-02 4.809122e-02 -9.986853e-01 -7.624921e+01
-9.988519e-01 4.226995e-02 -2.254314e-02 -1.465458e+02 4.108996e-02 9.978803e-01 5.046266e-02 3.469095e+00 2.462841e-02 4.947842e-02 -9.984715e-01 -7.720836e+01
-9.985766e-01 4.610485e-02 -2.681540e-02 -1.465828e+02 4.467050e-02 9.976562e-01 5.183186e-02 3.481100e+00 2.914225e-02 5.056022e-02 -9.982958e-01 -7.804556e+01
-9.984884e-01 4.731180e-02 -2.797438e-02 -1.465982e+02 4.579623e-02 9.975682e-01 5.253960e-02 3.487735e+00 3.039209e-02 5.117905e-02 -9.982269e-01 -7.841532e+01
-9.985497e-01 4.608055e-02 -2.783965e-02 -1.466267e+02 4.452491e-02 9.975408e-01 5.412796e-02 3.492333e+00 3.026544e-02 5.280989e-02 -9.981458e-01 -7.906060e+01
-9.987640e-01 4.286871e-02 -2.515526e-02 -1.466444e+02 4.149353e-02 9.977397e-01 5.285521e-02 3.496768e+00 2.736423e-02 5.174609e-02 -9.982853e-01 -7.957193e+01
-9.992808e-01 3.782868e-02 2.642267e-03 -1.466236e+02 3.790890e-02 9.982876e-01 4.455103e-02 3.574643e+00 -9.524356e-04 4.461914e-02 -9.990036e-01 -8.133490e+01
-9.977099e-01 2.887633e-02 6.116505e-02 -1.464896e+02 3.142593e-02 9.986590e-01 4.114007e-02 3.650913e+00 -5.989506e-02 4.296801e-02 -9.972795e-01 -8.214651e+01
-9.915269e-01 2.729858e-02 1.270009e-01 -1.465780e+02 3.252756e-02 9.986986e-01 3.928230e-02 3.988369e+00 -1.257633e-01 4.308048e-02 -9.911245e-01 -8.247354e+01
-9.830237e-01 2.546553e-02 1.817028e-01 -1.465075e+02 3.238001e-02 9.988560e-01 3.518885e-02 4.013233e+00 -1.805989e-01 4.047501e-02 -9.827237e-01 -8.269805e+01
-9.615570e-01 2.296584e-02 2.736436e-01 -1.462958e+02 3.347443e-02 9.988680e-01 3.379476e-02 4.037831e+00 -2.725577e-01 4.165564e-02 -9.612373e-01 -8.325839e+01
-9.298548e-01 1.858511e-02 3.674571e-01 -1.459804e+02 3.545557e-02 9.986016e-01 3.921380e-02 4.058185e+00 -3.662145e-01 4.949153e-02 -9.292134e-01 -8.392098e+01
-8.740945e-01 1.648442e-02 4.854762e-01 -1.454913e+02 4.243470e-02 9.981945e-01 4.250933e-02 4.083620e+00 -4.838989e-01 5.775820e-02 -8.732158e-01 -8.468260e+01
-8.294945e-01 1.247535e-02 5.583755e-01 -1.451255e+02 3.959840e-02 9.985482e-01 3.651558e-02 4.095105e+00 -5.571093e-01 5.240024e-02 -8.287843e-01 -8.509753e+01
-6.979024e-01 1.988884e-02 7.159167e-01 -1.440775e+02 4.889709e-02 9.986050e-01 1.992452e-02 4.128858e+00 -7.145218e-01 4.891160e-02 -6.979014e-01 -8.606536e+01
-6.190174e-01 1.862469e-02 7.851564e-01 -1.433707e+02 5.081624e-02 9.985737e-01 1.637636e-02 4.137690e+00 -7.837316e-01 5.003594e-02 -6.190810e-01 -8.659141e+01
-5.320418e-01 1.330251e-02 8.466136e-01 -1.425033e+02 5.297816e-02 9.984404e-01 1.760523e-02 4.143550e+00 -8.450591e-01 5.421874e-02 -5.319168e-01 -8.708803e+01
-4.371602e-01 5.514487e-03 8.993667e-01 -1.415092e+02 5.987799e-02 9.979410e-01 2.298633e-02 4.153370e+00 -8.973882e-01 6.390097e-02 -4.365903e-01 -8.754335e+01
-3.872060e-01 1.907217e-03 9.219912e-01 -1.409762e+02 6.390701e-02 9.976483e-01 2.477512e-02 4.156256e+00 -9.197758e-01 6.851476e-02 -3.864173e-01 -8.775140e+01
-3.368763e-01 -2.338949e-03 9.415460e-01 -1.403921e+02 6.595906e-02 9.974815e-01 2.607743e-02 4.158657e+00 -9.392358e-01 7.088834e-02 -3.358736e-01 -8.792431e+01
-2.873528e-01 -6.653956e-03 9.578017e-01 -1.397985e+02 6.790639e-02 9.973181e-01 2.730126e-02 4.160018e+00 -9.554147e-01 7.288594e-02 -2.861303e-01 -8.808758e+01
-2.384137e-01 -9.494257e-03 9.711173e-01 -1.391586e+02 7.017403e-02 9.971699e-01 2.697700e-02 4.162171e+00 -9.686251e-01 7.457888e-02 -2.370727e-01 -8.821988e+01
-1.929309e-01 -9.220047e-03 9.811690e-01 -1.385086e+02 7.352143e-02 9.970090e-01 2.382568e-02 4.166045e+00 -9.784541e-01 7.673365e-02 -1.916760e-01 -8.833879e+01
-1.530139e-01 -8.309384e-03 9.881891e-01 -1.378281e+02 7.410231e-02 9.970529e-01 1.985812e-02 4.168871e+00 -9.854419e-01 7.626565e-02 -1.519472e-01 -8.843333e+01
-1.188077e-01 -7.939816e-03 9.928855e-01 -1.371128e+02 7.249783e-02 9.972296e-01 1.664957e-02 4.171257e+00 -9.902671e-01 7.396013e-02 -1.179030e-01 -8.850147e+01
-9.120067e-02 -6.144616e-03 9.958136e-01 -1.363792e+02 7.119598e-02 9.973818e-01 1.267471e-02 4.171706e+00 -9.932843e-01 7.205385e-02 -9.052442e-02 -8.856031e+01
-6.915588e-02 -4.069726e-03 9.975975e-01 -1.356148e+02 7.112578e-02 9.974267e-01 8.999637e-03 4.169899e+00 -9.950672e-01 7.157726e-02 -6.868847e-02 -8.860753e+01
-3.674328e-02 -2.512713e-03 9.993216e-01 -1.340129e+02 7.296331e-02 9.973211e-01 5.190411e-03 4.164762e+00 -9.966576e-01 7.310450e-02 -3.646152e-02 -8.867609e+01
-7.918415e-03 2.670978e-03 9.999651e-01 -1.323277e+02 7.596310e-02 9.971085e-01 -2.061824e-03 4.147637e+00 -9.970792e-01 7.594410e-02 -8.098417e-03 -8.870556e+01
1.902447e-02 6.694823e-03 9.997966e-01 -1.305520e+02 7.285462e-02 9.973099e-01 -8.064479e-03 4.122623e+00 -9.971611e-01 7.299320e-02 1.848554e-02 -8.868049e+01
3.409665e-02 5.938369e-03 9.994009e-01 -1.286888e+02 6.336480e-02 9.979576e-01 -8.091620e-03 4.084791e+00 -9.974078e-01 6.360272e-02 3.365073e-02 -8.861212e+01
3.858550e-02 4.491696e-03 9.992452e-01 -1.257210e+02 6.041560e-02 9.981500e-01 -6.819704e-03 4.031067e+00 -9.974273e-01 6.063312e-02 3.824275e-02 -8.850489e+01
4.564102e-02 3.841588e-03 9.989505e-01 -1.236288e+02 6.173200e-02 9.980705e-01 -6.658679e-03 3.996890e+00 -9.970487e-01 6.197111e-02 4.531581e-02 -8.841970e+01
5.520429e-02 4.054178e-03 9.984668e-01 -1.214602e+02 6.135183e-02 9.980884e-01 -7.444730e-03 3.960347e+00 -9.965884e-01 6.166874e-02 5.485003e-02 -8.829428e+01
6.068676e-02 3.943446e-03 9.981491e-01 -1.203502e+02 6.060529e-02 9.981326e-01 -7.628144e-03 3.940654e+00 -9.963153e-01 6.095602e-02 6.033444e-02 -8.821078e+01
6.593027e-02 1.450684e-03 9.978232e-01 -1.192271e+02 6.141832e-02 9.980969e-01 -5.509245e-03 3.920264e+00 -9.959323e-01 6.164783e-02 6.571570e-02 -8.813057e+01
7.113607e-02 -2.510371e-03 9.974634e-01 -1.180866e+02 6.250784e-02 9.980426e-01 -1.946043e-03 3.901849e+00 -9.955062e-01 6.248771e-02 7.115375e-02 -8.804055e+01
7.562722e-02 -5.281743e-03 9.971222e-01 -1.169301e+02 6.278153e-02 9.980271e-01 5.248388e-04 3.883303e+00 -9.951578e-01 6.256115e-02 7.580961e-02 -8.794868e+01
7.801523e-02 -2.818479e-03 9.969482e-01 -1.145794e+02 6.163476e-02 9.980967e-01 -2.001446e-03 3.849717e+00 -9.950451e-01 6.160279e-02 7.804046e-02 -8.774507e+01
7.708250e-02 -2.260084e-03 9.970221e-01 -1.133837e+02 6.112407e-02 9.981271e-01 -2.463082e-03 3.830963e+00 -9.951493e-01 6.113190e-02 7.707628e-02 -8.763924e+01
7.596687e-02 -7.156760e-03 9.970846e-01 -1.109751e+02 6.344881e-02 9.979824e-01 2.329102e-03 3.791845e+00 -9.950896e-01 6.308688e-02 7.626768e-02 -8.743868e+01
7.539885e-02 -8.677029e-03 9.971157e-01 -1.097745e+02 6.473763e-02 9.978951e-01 3.788548e-03 3.771694e+00 -9.950498e-01 6.426524e-02 7.580187e-02 -8.734289e+01
7.451742e-02 -9.545856e-03 9.971740e-01 -1.073857e+02 6.500839e-02 9.978737e-01 4.694566e-03 3.726738e+00 -9.950986e-01 6.447484e-02 7.497953e-02 -8.714676e+01
7.402081e-02 -8.290886e-03 9.972222e-01 -1.061976e+02 6.423642e-02 9.979284e-01 3.528679e-03 3.701746e+00 -9.951857e-01 6.379677e-02 7.440005e-02 -8.704988e+01
7.360360e-02 -5.929265e-03 9.972699e-01 -1.050099e+02 6.418565e-02 9.979372e-01 1.196003e-03 3.677172e+00 -9.952200e-01 6.392238e-02 7.383235e-02 -8.695296e+01
7.324650e-02 -5.564938e-03 9.972983e-01 -1.038211e+02 6.408166e-02 9.979443e-01 8.620676e-04 3.653224e+00 -9.952530e-01 6.384537e-02 7.345254e-02 -8.685966e+01
7.268849e-02 -7.825939e-03 9.973240e-01 -1.026322e+02 6.316002e-02 9.979982e-01 3.227903e-03 3.628733e+00 -9.953528e-01 6.275635e-02 7.303727e-02 -8.676401e+01
7.210190e-02 -1.014486e-02 9.973457e-01 -1.014446e+02 6.338252e-02 9.979737e-01 5.569082e-03 3.607239e+00 -9.953814e-01 6.281273e-02 7.259881e-02 -8.667222e+01
7.158703e-02 -6.554927e-03 9.974128e-01 -9.908436e+01 6.363902e-02 9.979710e-01 1.991048e-03 3.569432e+00 -9.954021e-01 6.333183e-02 7.185893e-02 -8.648067e+01
7.146302e-02 -5.188194e-03 9.974297e-01 -9.791011e+01 6.366112e-02 9.979714e-01 6.298700e-04 3.547496e+00 -9.954096e-01 6.345247e-02 7.164834e-02 -8.638626e+01
7.080506e-02 -1.010356e-02 9.974390e-01 -9.556279e+01 6.147224e-02 9.980922e-01 5.746456e-03 3.506517e+00 -9.955942e-01 6.090791e-02 7.129106e-02 -8.620143e+01
7.029405e-02 -1.267811e-02 9.974457e-01 -9.439230e+01 5.974232e-02 9.981778e-01 8.477128e-03 3.490095e+00 -9.957357e-01 5.899381e-02 7.092338e-02 -8.611023e+01
6.984349e-02 -1.000221e-02 9.975078e-01 -9.207077e+01 5.620714e-02 9.984006e-01 6.075654e-03 3.457332e+00 -9.959732e-01 5.564271e-02 7.029398e-02 -8.593007e+01
6.972732e-02 -9.477076e-03 9.975211e-01 -9.091482e+01 5.581404e-02 9.984255e-01 5.584234e-03 3.439932e+00 -9.960035e-01 5.528630e-02 7.014649e-02 -8.584440e+01
6.947928e-02 -9.917131e-03 9.975341e-01 -8.976083e+01 5.471968e-02 9.984830e-01 6.115282e-03 3.420499e+00 -9.960815e-01 5.415985e-02 6.991654e-02 -8.575750e+01
6.939717e-02 -1.158794e-02 9.975218e-01 -8.860756e+01 5.559550e-02 9.984234e-01 7.730654e-03 3.402298e+00 -9.960388e-01 5.492123e-02 6.993200e-02 -8.567406e+01
6.921387e-02 -9.534740e-03 9.975563e-01 -8.631428e+01 5.869692e-02 9.982608e-01 5.468880e-03 3.365660e+00 -9.958736e-01 5.817495e-02 6.965316e-02 -8.551130e+01
7.129749e-02 -8.581005e-03 9.974182e-01 -8.404212e+01 6.363860e-02 9.979648e-01 4.036690e-03 3.327124e+00 -9.954230e-01 6.318648e-02 7.169847e-02 -8.535257e+01
7.722417e-02 -1.098194e-02 9.969533e-01 -8.177442e+01 6.505979e-02 9.978636e-01 5.952423e-03 3.285675e+00 -9.948888e-01 6.440188e-02 7.777367e-02 -8.517822e+01
8.292557e-02 -1.068743e-02 9.964984e-01 -7.952584e+01 6.106381e-02 9.981180e-01 5.623255e-03 3.245394e+00 -9.946832e-01 6.038367e-02 8.342212e-02 -8.498283e+01
8.593229e-02 -8.576979e-03 9.962640e-01 -7.840969e+01 5.984237e-02 9.982019e-01 3.431985e-03 3.221768e+00 -9.945022e-01 5.932387e-02 8.629104e-02 -8.488244e+01
9.058709e-02 -9.885770e-03 9.958395e-01 -7.617485e+01 5.947088e-02 9.982199e-01 4.499599e-03 3.162484e+00 -9.941113e-01 5.881583e-02 9.101375e-02 -8.468498e+01
9.236203e-02 -1.076129e-02 9.956673e-01 -7.506363e+01 5.973295e-02 9.982006e-01 5.247604e-03 3.133853e+00 -9.939322e-01 5.898945e-02 9.283864e-02 -8.458436e+01
9.389702e-02 -1.131765e-02 9.955176e-01 -7.395599e+01 5.971938e-02 9.981988e-01 5.715416e-03 3.108503e+00 -9.937892e-01 5.891502e-02 9.440378e-02 -8.448155e+01
9.526626e-02 -1.261654e-02 9.953719e-01 -7.284964e+01 5.955635e-02 9.982007e-01 6.952305e-03 3.082721e+00 -9.936687e-01 5.861839e-02 9.584624e-02 -8.437548e+01
9.620759e-02 -1.294739e-02 9.952771e-01 -7.174856e+01 5.786544e-02 9.982970e-01 7.393167e-03 3.059320e+00 -9.936779e-01 5.688085e-02 9.679295e-02 -8.426751e+01
9.616050e-02 -1.280861e-02 9.952834e-01 -7.065049e+01 5.710102e-02 9.983415e-01 7.331081e-03 3.035851e+00 -9.937267e-01 5.612672e-02 9.673240e-02 -8.415970e+01
9.552777e-02 -1.193672e-02 9.953552e-01 -6.955640e+01 5.533757e-02 9.984454e-01 6.662841e-03 3.014567e+00 -9.938875e-01 5.444404e-02 9.603981e-02 -8.405165e+01
9.252757e-02 -1.205839e-02 9.956371e-01 -6.736871e+01 5.583407e-02 9.984162e-01 6.903217e-03 2.973202e+00 -9.941435e-01 5.495172e-02 9.305429e-02 -8.384452e+01
9.028291e-02 -1.191802e-02 9.958448e-01 -6.626978e+01 5.867016e-02 9.982554e-01 6.627850e-03 2.959134e+00 -9.941865e-01 5.782798e-02 9.082464e-02 -8.374424e+01
8.812779e-02 -1.062564e-02 9.960525e-01 -6.517361e+01 6.183342e-02 9.980730e-01 5.176358e-03 2.945193e+00 -9.941882e-01 6.113314e-02 8.861500e-02 -8.364855e+01
8.581500e-02 -9.502178e-03 9.962658e-01 -6.407225e+01 6.435267e-02 9.979193e-01 3.974825e-03 2.930056e+00 -9.942307e-01 6.377125e-02 8.624793e-02 -8.355385e+01
8.354217e-02 -1.006938e-02 9.964534e-01 -6.298846e+01 6.658893e-02 9.977703e-01 4.499902e-03 2.914583e+00 -9.942770e-01 6.597681e-02 8.402640e-02 -8.346386e+01
7.880757e-02 -1.388381e-02 9.967931e-01 -6.080165e+01 6.547942e-02 9.978158e-01 8.721182e-03 2.873362e+00 -9.947371e-01 6.458212e-02 7.954454e-02 -8.327983e+01
7.435884e-02 -1.202971e-02 9.971590e-01 -5.865323e+01 6.303223e-02 9.979845e-01 7.339312e-03 2.826080e+00 -9.952375e-01 6.230740e-02 7.496723e-02 -8.310582e+01
7.246616e-02 -9.444283e-03 9.973261e-01 -5.758891e+01 6.225283e-02 9.980482e-01 4.927802e-03 2.801637e+00 -9.954262e-01 6.172926e-02 7.291265e-02 -8.302288e+01
6.924973e-02 -4.467706e-03 9.975893e-01 -5.543924e+01 6.244701e-02 9.980482e-01 1.348710e-04 2.756445e+00 -9.956430e-01 6.228711e-02 6.939357e-02 -8.284557e+01
6.825069e-02 -4.025432e-03 9.976601e-01 -5.436293e+01 6.248004e-02 9.980462e-01 -2.473199e-04 2.731590e+00 -9.957099e-01 6.235070e-02 6.836884e-02 -8.275948e+01
6.785149e-02 -8.540820e-03 9.976589e-01 -5.221491e+01 6.278121e-02 9.980181e-01 4.274100e-03 2.684340e+00 -9.957182e-01 6.234421e-02 6.825322e-02 -8.259449e+01
6.820584e-02 -1.035896e-02 9.976175e-01 -5.115105e+01 6.042163e-02 9.981535e-01 6.233579e-03 2.663165e+00 -9.958400e-01 5.985249e-02 6.870580e-02 -8.250983e+01
6.876555e-02 -1.096865e-02 9.975725e-01 -5.010238e+01 5.695581e-02 9.983518e-01 7.051085e-03 2.644628e+00 -9.960057e-01 5.633267e-02 6.927694e-02 -8.242382e+01
6.927931e-02 -1.057782e-02 9.975412e-01 -4.905334e+01 5.236978e-02 9.986035e-01 6.951999e-03 2.626537e+00 -9.962218e-01 5.175937e-02 6.973653e-02 -8.233696e+01
6.970160e-02 -9.908823e-03 9.975187e-01 -4.800472e+01 4.896768e-02 9.987792e-01 6.499728e-03 2.609242e+00 -9.963654e-01 4.839312e-02 7.010172e-02 -8.225022e+01
7.043006e-02 -7.850499e-03 9.974858e-01 -4.591385e+01 4.393367e-02 9.990231e-01 4.760547e-03 2.573083e+00 -9.965488e-01 4.348792e-02 7.070616e-02 -8.207717e+01
7.131189e-02 -5.279172e-03 9.974401e-01 -4.485398e+01 4.251751e-02 9.990932e-01 2.248134e-03 2.560563e+00 -9.965475e-01 4.224834e-02 7.147168e-02 -8.199356e+01
7.186217e-02 -5.136628e-03 9.974013e-01 -4.379500e+01 4.313464e-02 9.990672e-01 2.037381e-03 2.547118e+00 -9.964815e-01 4.287612e-02 7.201670e-02 -8.191307e+01
7.262775e-02 -9.126237e-03 9.973173e-01 -4.272975e+01 4.710851e-02 9.988734e-01 5.709887e-03 2.539457e+00 -9.962460e-01 4.656742e-02 7.297585e-02 -8.183600e+01
7.345113e-02 -1.578846e-02 9.971738e-01 -4.166873e+01 4.843893e-02 9.987511e-01 1.224545e-02 2.528194e+00 -9.961218e-01 4.740258e-02 7.412417e-02 -8.175523e+01
7.599803e-02 -1.231772e-02 9.970319e-01 -3.955165e+01 5.387401e-02 9.985138e-01 8.229522e-03 2.503950e+00 -9.956515e-01 5.308866e-02 7.654869e-02 -8.159330e+01
7.686738e-02 -8.236940e-03 9.970073e-01 -3.849644e+01 5.456343e-02 9.985021e-01 4.042551e-03 2.488082e+00 -9.955472e-01 5.408938e-02 7.720168e-02 -8.151302e+01
7.788222e-02 -6.440548e-03 9.969417e-01 -3.639931e+01 5.357696e-02 9.985611e-01 2.265515e-03 2.449328e+00 -9.955219e-01 5.323666e-02 7.811522e-02 -8.134352e+01
7.829004e-02 -4.428672e-03 9.969208e-01 -3.432413e+01 5.690970e-02 9.983793e-01 -3.407563e-05 2.409772e+00 -9.953050e-01 5.673712e-02 7.841519e-02 -8.117846e+01
7.778106e-02 -7.387627e-04 9.969702e-01 -3.226565e+01 6.162362e-02 9.980911e-01 -4.068127e-03 2.364654e+00 -9.950642e-01 6.175332e-02 7.767811e-02 -8.101888e+01
7.536519e-02 -8.977835e-03 9.971156e-01 -2.918198e+01 6.563436e-02 9.978356e-01 4.023462e-03 2.301513e+00 -9.949936e-01 6.514179e-02 7.579132e-02 -8.079003e+01
7.333847e-02 -6.048831e-03 9.972887e-01 -2.715493e+01 6.268523e-02 9.980323e-01 1.443602e-03 2.273856e+00 -9.953352e-01 6.240939e-02 7.357333e-02 -8.065087e+01
7.123191e-02 -8.384073e-03 9.974245e-01 -2.513087e+01 6.148519e-02 9.981000e-01 3.998733e-03 2.243360e+00 -9.955630e-01 6.104199e-02 7.161206e-02 -8.051287e+01
6.943725e-02 -9.670058e-03 9.975394e-01 -2.312314e+01 6.273327e-02 9.980162e-01 5.307908e-03 2.200874e+00 -9.956119e-01 6.221033e-02 6.990614e-02 -8.038011e+01
6.799996e-02 -9.555897e-03 9.976395e-01 -2.113624e+01 6.288120e-02 9.980071e-01 5.273380e-03 2.158118e+00 -9.957018e-01 6.237417e-02 6.846533e-02 -8.024730e+01
6.723562e-02 -1.090258e-02 9.976775e-01 -2.015914e+01 6.095508e-02 9.981173e-01 6.799493e-03 2.136539e+00 -9.958734e-01 6.035633e-02 6.777361e-02 -8.018102e+01
6.552574e-02 -1.206248e-02 9.977780e-01 -1.826545e+01 5.944253e-02 9.981983e-01 8.163873e-03 2.094794e+00 -9.960788e-01 5.877549e-02 6.612471e-02 -8.005605e+01
6.488817e-02 -1.302636e-02 9.978075e-01 -1.734296e+01 5.869185e-02 9.982336e-01 9.215145e-03 2.076612e+00 -9.961651e-01 5.796520e-02 6.553809e-02 -7.999311e+01
6.555934e-02 -1.514449e-02 9.977337e-01 -1.555805e+01 5.762275e-02 9.982737e-01 1.136640e-02 2.038136e+00 -9.961835e-01 5.674698e-02 6.631883e-02 -7.986631e+01
7.094782e-02 -1.297589e-02 9.973956e-01 -1.386242e+01 5.779451e-02 9.982890e-01 8.876411e-03 2.006898e+00 -9.958043e-01 5.701421e-02 7.157636e-02 -7.973095e+01
7.931066e-02 -1.206186e-02 9.967770e-01 -1.225209e+01 5.322106e-02 9.985519e-01 7.848689e-03 1.955701e+00 -9.954283e-01 5.242703e-02 7.983776e-02 -7.958095e+01
9.140453e-02 -9.729864e-03 9.957663e-01 -1.071407e+01 5.366315e-02 9.985474e-01 4.831129e-03 1.907256e+00 -9.943669e-01 5.299436e-02 9.179389e-02 -7.942836e+01
1.114259e-01 -6.431569e-03 9.937519e-01 -9.267307e+00 5.739720e-02 9.983514e-01 2.558696e-05 1.855018e+00 -9.921138e-01 5.703572e-02 1.116114e-01 -7.925871e+01
1.359744e-01 -5.974198e-03 9.906943e-01 -7.915426e+00 5.655995e-02 9.983977e-01 -1.742294e-03 1.793514e+00 -9.890966e-01 5.627051e-02 1.360944e-01 -7.905159e+01
1.650601e-01 -9.150426e-03 9.862410e-01 -6.660991e+00 5.767773e-02 9.983352e-01 -3.904722e-04 1.732230e+00 -9.845956e-01 5.694858e-02 1.653131e-01 -7.882344e+01
2.011223e-01 -7.910740e-03 9.795342e-01 -5.472914e+00 5.280547e-02 9.986009e-01 -2.777530e-03 1.669583e+00 -9.781418e-01 5.228338e-02 2.012586e-01 -7.854955e+01
2.418999e-01 -7.216253e-03 9.702744e-01 -4.382647e+00 4.973669e-02 9.987500e-01 -4.971863e-03 1.616116e+00 -9.690257e-01 4.946092e-02 2.419565e-01 -7.824856e+01
2.864370e-01 -8.084396e-03 9.580650e-01 -3.358995e+00 4.628100e-02 9.989138e-01 -5.407752e-03 1.576012e+00 -9.569807e-01 4.588918e-02 2.865000e-01 -7.790275e+01
3.406136e-01 -5.249710e-03 9.401887e-01 -2.385605e+00 4.288666e-02 9.990303e-01 -9.958810e-03 1.538800e+00 -9.392248e-01 4.371365e-02 3.405084e-01 -7.750396e+01
4.083289e-01 -9.850568e-04 9.128343e-01 -1.469750e+00 4.282880e-02 9.989188e-01 -1.808022e-02 1.500554e+00 -9.118296e-01 4.647826e-02 4.079296e-01 -7.705448e+01
4.907580e-01 -7.526495e-03 8.712634e-01 -6.036779e-01 4.766703e-02 9.986970e-01 -1.822215e-02 1.472946e+00 -8.699911e-01 5.047319e-02 4.904774e-01 -7.653314e+01
5.777485e-01 -5.949616e-03 8.161932e-01 1.668060e-01 3.747924e-02 9.991120e-01 -1.924696e-02 1.434811e+00 -8.153539e-01 4.171020e-02 5.774584e-01 -7.591192e+01
6.599357e-01 -2.402047e-03 7.513182e-01 8.592366e-01 3.378981e-02 9.990779e-01 -2.648581e-02 1.400138e+00 -7.505619e-01 4.286582e-02 6.594084e-01 -7.524181e+01
7.339777e-01 -3.210500e-03 6.791660e-01 1.473046e+00 3.070727e-02 9.991231e-01 -2.846251e-02 1.350348e+00 -6.784791e-01 4.174618e-02 7.334327e-01 -7.450932e+01
7.994750e-01 4.944322e-03 6.006790e-01 1.977241e+00 1.203970e-02 9.996333e-01 -2.425247e-02 1.308518e+00 -6.005787e-01 2.662123e-02 7.991224e-01 -7.370973e+01
8.570797e-01 -3.695950e-03 5.151705e-01 2.431700e+00 1.175772e-02 9.998541e-01 -1.238792e-02 1.282661e+00 -5.150496e-01 1.667466e-02 8.569982e-01 -7.286880e+01
8.820319e-01 -4.371145e-03 4.711695e-01 2.625592e+00 8.127279e-03 9.999493e-01 -5.937555e-03 1.268760e+00 -4.711197e-01 9.066436e-03 8.820227e-01 -7.243254e+01
9.246712e-01 7.290366e-03 3.806969e-01 2.915642e+00 -9.197771e-03 9.999526e-01 3.191228e-03 1.253995e+00 -3.806556e-01 -6.452398e-03 9.246944e-01 -7.151180e+01
9.422889e-01 9.345086e-03 3.346704e-01 3.046312e+00 -1.022733e-02 9.999473e-01 8.740171e-04 1.258350e+00 -3.346446e-01 -4.246363e-03 9.423348e-01 -7.105343e+01
9.564572e-01 9.031349e-03 2.917327e-01 3.160868e+00 -9.235264e-03 9.999571e-01 -6.781167e-04 1.257972e+00 -2.917263e-01 -2.045639e-03 9.564996e-01 -7.057958e+01
9.673970e-01 9.982670e-03 2.530680e-01 3.257933e+00 -1.013567e-02 9.999484e-01 -6.991916e-04 1.264619e+00 -2.530619e-01 -1.888617e-03 9.674482e-01 -7.010260e+01
9.761207e-01 1.578365e-02 2.166546e-01 3.332790e+00 -1.598949e-02 9.998718e-01 -8.029222e-04 1.267119e+00 -2.166395e-01 -2.680448e-03 9.762480e-01 -6.961007e+01
9.876513e-01 2.391556e-02 1.548322e-01 3.452999e+00 -2.398512e-02 9.997113e-01 -1.419107e-03 1.270676e+00 -1.548215e-01 -2.312087e-03 9.879398e-01 -6.861143e+01
9.908744e-01 2.484393e-02 1.324793e-01 3.505748e+00 -2.505138e-02 9.996861e-01 -1.009034e-04 1.267062e+00 -1.324402e-01 -3.218806e-03 9.911858e-01 -6.809683e+01
9.954075e-01 2.334377e-02 9.283851e-02 3.591560e+00 -2.354810e-02 9.997221e-01 1.105849e-03 1.259481e+00 -9.278690e-02 -3.286940e-03 9.956806e-01 -6.704625e+01
9.967220e-01 2.265896e-02 7.766517e-02 3.623078e+00 -2.267527e-02 9.997426e-01 -6.720681e-04 1.252875e+00 -7.766042e-02 -1.091213e-03 9.969793e-01 -6.650560e+01
9.976896e-01 2.382471e-02 6.362259e-02 3.647772e+00 -2.376342e-02 9.997161e-01 -1.720077e-03 1.243096e+00 -6.364552e-02 2.042134e-04 9.979726e-01 -6.595034e+01
9.984935e-01 2.468544e-02 4.900319e-02 3.663801e+00 -2.463006e-02 9.996951e-01 -1.733896e-03 1.234892e+00 -4.903106e-02 5.243325e-04 9.987971e-01 -6.537705e+01
9.994919e-01 2.378266e-02 2.122342e-02 3.677308e+00 -2.373981e-02 9.997156e-01 -2.269089e-03 1.218704e+00 -2.127135e-02 1.764096e-03 9.997722e-01 -6.418504e+01
9.997421e-01 2.163578e-02 6.896546e-03 3.675967e+00 -2.162676e-02 9.997651e-01 -1.379989e-03 1.209466e+00 -6.924784e-03 1.230483e-03 9.999753e-01 -6.356337e+01
9.996081e-01 2.260559e-02 -1.651398e-02 3.643049e+00 -2.265457e-02 9.997395e-01 -2.784274e-03 1.189755e+00 1.644674e-02 3.157300e-03 9.998598e-01 -6.227133e+01
9.992087e-01 2.419348e-02 -3.156876e-02 3.591227e+00 -2.437142e-02 9.996891e-01 -5.263790e-03 1.168096e+00 3.143160e-02 6.029001e-03 9.994877e-01 -6.091570e+01
9.989400e-01 2.381988e-02 -3.938908e-02 3.520319e+00 -2.407015e-02 9.996929e-01 -5.891692e-03 1.139602e+00 3.923665e-02 6.833547e-03 9.992066e-01 -5.949348e+01
9.987379e-01 2.258415e-02 -4.486119e-02 3.451301e+00 -2.274054e-02 9.997369e-01 -2.978665e-03 1.117531e+00 4.478212e-02 3.995074e-03 9.989888e-01 -5.801266e+01
9.984889e-01 2.023171e-02 -5.109408e-02 3.375737e+00 -2.016078e-02 9.997949e-01 1.903421e-03 1.094891e+00 5.112212e-02 -8.704474e-04 9.986920e-01 -5.649375e+01
9.981855e-01 1.817689e-02 -5.740457e-02 3.288581e+00 -1.784819e-02 9.998213e-01 6.233701e-03 1.074394e+00 5.750762e-02 -5.197821e-03 9.983315e-01 -5.496514e+01
9.978164e-01 1.394273e-02 -6.456056e-02 3.192353e+00 -1.350223e-02 9.998825e-01 7.254400e-03 1.056466e+00 6.465413e-02 -6.366846e-03 9.978874e-01 -5.343799e+01
9.973121e-01 1.303354e-02 -7.210154e-02 3.069795e+00 -1.257902e-02 9.998980e-01 6.754384e-03 1.042836e+00 7.218223e-02 -5.829260e-03 9.973744e-01 -5.190721e+01
9.969157e-01 1.377859e-02 -7.726091e-02 2.937896e+00 -1.325818e-02 9.998858e-01 7.244605e-03 1.027891e+00 7.735192e-02 -6.197919e-03 9.969846e-01 -5.037643e+01
9.967382e-01 1.563050e-02 -7.917470e-02 2.803220e+00 -1.511941e-02 9.998608e-01 7.050629e-03 1.010036e+00 7.927389e-02 -5.830555e-03 9.968358e-01 -4.884616e+01
9.967388e-01 1.496149e-02 -7.929668e-02 2.690256e+00 -1.438144e-02 9.998655e-01 7.881085e-03 9.818285e-01 7.940393e-02 -6.714980e-03 9.968199e-01 -4.731871e+01
9.967446e-01 1.486375e-02 -7.924244e-02 2.573747e+00 -1.412721e-02 9.998517e-01 9.847431e-03 9.515027e-01 7.937707e-02 -8.695896e-03 9.968067e-01 -4.579733e+01
9.967552e-01 1.441344e-02 -7.919210e-02 2.455917e+00 -1.360735e-02 9.998500e-01 1.070922e-02 9.260055e-01 7.933459e-02 -9.596876e-03 9.968019e-01 -4.428628e+01
9.968392e-01 1.512122e-02 -7.799320e-02 2.336487e+00 -1.439892e-02 9.998481e-01 9.815119e-03 9.025269e-01 7.812978e-02 -8.661074e-03 9.969056e-01 -4.278704e+01
9.970551e-01 1.429033e-02 -7.534487e-02 2.229024e+00 -1.363921e-02 9.998651e-01 9.149361e-03 8.765595e-01 7.546546e-02 -8.094770e-03 9.971156e-01 -4.130397e+01
9.972836e-01 1.264627e-02 -7.256348e-02 2.128161e+00 -1.196597e-02 9.998803e-01 9.802330e-03 8.397655e-01 7.267877e-02 -8.907408e-03 9.973156e-01 -3.985331e+01
9.974425e-01 1.391380e-02 -7.010578e-02 2.023801e+00 -1.298466e-02 9.998219e-01 1.369192e-02 8.103769e-01 7.028381e-02 -1.274660e-02 9.974456e-01 -3.844127e+01
9.975911e-01 1.163154e-02 -6.838716e-02 1.933230e+00 -1.088005e-02 9.998764e-01 1.135098e-02 7.801851e-01 6.851074e-02 -1.057958e-02 9.975943e-01 -3.707880e+01
9.976761e-01 1.322790e-02 -6.683900e-02 1.851613e+00 -1.290825e-02 9.999031e-01 5.212055e-03 7.422292e-01 6.690147e-02 -4.337166e-03 9.977502e-01 -3.575756e+01
9.977138e-01 1.683277e-02 -6.545184e-02 1.727417e+00 -1.666814e-02 9.998564e-01 3.060507e-03 6.817103e-01 6.549396e-02 -1.962548e-03 9.978510e-01 -3.381378e+01
9.976968e-01 1.980410e-02 -6.487657e-02 1.602843e+00 -1.984943e-02 9.998030e-01 -5.410991e-05 6.337501e-01 6.486272e-02 1.341749e-03 9.978933e-01 -3.191722e+01
9.976455e-01 2.058019e-02 -6.542126e-02 1.524724e+00 -2.060028e-02 9.997877e-01 3.675986e-04 6.035847e-01 6.541495e-02 9.809639e-04 9.978577e-01 -3.067447e+01
9.974953e-01 1.867459e-02 -6.822334e-02 1.412389e+00 -1.864367e-02 9.998256e-01 1.090053e-03 5.423823e-01 6.823181e-02 1.846116e-04 9.976695e-01 -2.884028e+01
9.972900e-01 1.785525e-02 -7.137127e-02 1.340783e+00 -1.798823e-02 9.998374e-01 -1.220747e-03 4.975266e-01 7.133787e-02 2.501282e-03 9.974491e-01 -2.763061e+01
9.969979e-01 1.771867e-02 -7.537349e-02 1.267692e+00 -1.785103e-02 9.998400e-01 -1.082671e-03 4.591265e-01 7.534225e-02 2.424916e-03 9.971548e-01 -2.643074e+01
9.967421e-01 1.501159e-02 -7.924550e-02 1.191105e+00 -1.513364e-02 9.998850e-01 -9.397860e-04 4.256449e-01 7.922228e-02 2.135998e-03 9.968547e-01 -2.523953e+01
9.964393e-01 1.412323e-02 -8.312192e-02 1.111448e+00 -1.407111e-02 9.999002e-01 1.212821e-03 4.026685e-01 8.313076e-02 -3.888419e-05 9.965387e-01 -2.406042e+01
9.961302e-01 1.538433e-02 -8.653266e-02 1.022814e+00 -1.513191e-02 9.998791e-01 3.572299e-03 3.816930e-01 8.657717e-02 -2.249069e-03 9.962426e-01 -2.289845e+01
9.959581e-01 1.522782e-02 -8.851843e-02 9.345741e-01 -1.488620e-02 9.998790e-01 4.518189e-03 3.612177e-01 8.857652e-02 -3.182222e-03 9.960643e-01 -2.176546e+01
9.959728e-01 1.671008e-02 -8.808480e-02 8.446471e-01 -1.634951e-02 9.998547e-01 4.813353e-03 3.428022e-01 8.815244e-02 -3.353823e-03 9.961014e-01 -2.067046e+01
9.960823e-01 1.770816e-02 -8.663967e-02 8.029049e-01 -1.736974e-02 9.998383e-01 4.658542e-03 3.330321e-01 8.670816e-02 -3.135382e-03 9.962288e-01 -2.014023e+01
9.963115e-01 1.751696e-02 -8.400374e-02 7.322119e-01 -1.719502e-02 9.998418e-01 4.554529e-03 3.216458e-01 8.407023e-02 -3.093281e-03 9.964550e-01 -1.911160e+01
9.965668e-01 1.746195e-02 -8.093047e-02 6.673674e-01 -1.724230e-02 9.998455e-01 3.412188e-03 3.108239e-01 8.097756e-02 -2.005044e-03 9.967139e-01 -1.813200e+01
9.967425e-01 1.787607e-02 -7.864397e-02 6.017668e-01 -1.768715e-02 9.998387e-01 3.098305e-03 2.964822e-01 7.868668e-02 -1.697223e-03 9.968980e-01 -1.719632e+01
9.969213e-01 1.812867e-02 -7.628409e-02 5.366303e-01 -1.791425e-02 9.998334e-01 3.494268e-03 2.753636e-01 7.633473e-02 -2.116937e-03 9.970800e-01 -1.630704e+01
9.971014e-01 1.689157e-02 -7.418600e-02 4.756959e-01 -1.658801e-02 9.998513e-01 4.706318e-03 2.538892e-01 7.425447e-02 -3.462077e-03 9.972333e-01 -1.546492e+01
9.972023e-01 1.934296e-02 -7.220429e-02 4.170347e-01 -1.889728e-02 9.997979e-01 6.850595e-03 2.363433e-01 7.232222e-02 -5.466963e-03 9.973663e-01 -1.472666e+01
9.973337e-01 1.871660e-02 -7.053456e-02 3.699658e-01 -1.832559e-02 9.998129e-01 6.186654e-03 2.140665e-01 7.063716e-02 -4.877570e-03 9.974902e-01 -1.406463e+01
9.974500e-01 1.724712e-02 -6.925404e-02 3.319222e-01 -1.695846e-02 9.998449e-01 4.754018e-03 1.919107e-01 6.932530e-02 -3.567451e-03 9.975877e-01 -1.347437e+01
9.975144e-01 1.770598e-02 -6.820197e-02 2.995160e-01 -1.752495e-02 9.998411e-01 3.251797e-03 1.737489e-01 6.824871e-02 -2.048477e-03 9.976662e-01 -1.293035e+01
9.975812e-01 1.659670e-02 -6.749996e-02 2.755991e-01 -1.667070e-02 9.998609e-01 -5.331868e-04 1.593153e-01 6.748173e-02 1.657170e-03 9.977191e-01 -1.241089e+01
9.976071e-01 1.655323e-02 -6.712691e-02 2.561202e-01 -1.661570e-02 9.998619e-01 -3.722748e-04 1.472591e-01 6.711148e-02 1.486745e-03 9.977444e-01 -1.189670e+01
9.976428e-01 1.540145e-02 -6.687113e-02 2.385751e-01 -1.541067e-02 9.998812e-01 3.780032e-04 1.355226e-01 6.686901e-02 6.534173e-04 9.977616e-01 -1.139105e+01
9.976351e-01 1.530905e-02 -6.700671e-02 2.115382e-01 -1.529126e-02 9.998828e-01 7.785234e-04 1.228655e-01 6.701078e-02 2.479356e-04 9.977522e-01 -1.089334e+01
9.975848e-01 1.401580e-02 -6.803061e-02 1.839541e-01 -1.400228e-02 9.999017e-01 6.756579e-04 1.141874e-01 6.803340e-02 2.785584e-04 9.976830e-01 -1.039814e+01
9.970904e-01 1.237806e-02 -7.521662e-02 1.512010e-01 -1.234612e-02 9.999234e-01 8.897162e-04 1.010753e-01 7.522187e-02 4.150659e-05 9.971668e-01 -9.907869e+00
9.959609e-01 1.310358e-02 -8.882697e-02 1.131098e-01 -1.309102e-02 9.999140e-01 7.240159e-04 9.200309e-02 8.882883e-02 4.417455e-04 9.960468e-01 -9.424513e+00
9.941165e-01 1.796623e-02 -1.068158e-01 4.083069e-02 -1.798936e-02 9.998379e-01 7.471040e-04 7.406821e-02 1.068119e-01 1.178840e-03 9.942786e-01 -8.713565e+00
9.930426e-01 1.583353e-02 -1.166867e-01 -8.130694e-03 -1.589524e-02 9.998736e-01 4.017085e-04 6.531960e-02 1.166783e-01 1.455851e-03 9.931687e-01 -8.242587e+00
9.923631e-01 2.124122e-02 -1.215086e-01 -1.584155e-01 -2.141980e-02 9.997705e-01 -1.635135e-04 4.066731e-02 1.214773e-01 2.764957e-03 9.925904e-01 -7.094030e+00
9.928497e-01 2.067121e-02 -1.175678e-01 -2.082007e-01 -2.076376e-02 9.997843e-01 4.376831e-04 2.607704e-02 1.175515e-01 2.006598e-03 9.930648e-01 -6.638255e+00
9.934339e-01 2.020405e-02 -1.126092e-01 -2.605138e-01 -2.034881e-02 9.997929e-01 -1.360777e-04 6.487083e-03 1.125832e-01 2.426649e-03 9.936394e-01 -6.188841e+00
9.940798e-01 2.023102e-02 -1.067522e-01 -3.079171e-01 -2.036292e-02 9.997926e-01 -1.455225e-04 -1.257988e-02 1.067272e-01 2.318449e-03 9.942857e-01 -5.742297e+00
9.949101e-01 1.989845e-02 -9.878215e-02 -3.442492e-01 -2.001509e-02 9.997996e-01 -1.898427e-04 -2.776683e-02 9.875858e-02 2.166011e-03 9.951091e-01 -5.296044e+00
9.960939e-01 1.887129e-02 -8.625994e-02 -3.883831e-01 -1.933517e-02 9.998027e-01 -4.545257e-03 -4.408253e-02 8.615715e-02 6.195354e-03 9.962623e-01 -4.586875e+00
9.972523e-01 1.723081e-02 -7.204787e-02 -4.240876e-01 -1.760392e-02 9.998347e-01 -4.546817e-03 -5.696394e-02 7.195761e-02 5.802649e-03 9.973908e-01 -3.776090e+00
9.979956e-01 1.365422e-02 -6.179300e-02 -4.408512e-01 -1.383024e-02 9.999014e-01 -2.421699e-03 -6.990187e-02 6.175385e-02 3.271457e-03 9.980861e-01 -3.181643e+00
9.985646e-01 1.176395e-02 -5.225319e-02 -4.645429e-01 -1.181092e-02 9.999300e-01 -5.901061e-04 -8.065293e-02 5.224260e-02 1.206418e-03 9.986337e-01 -2.555900e+00
9.989714e-01 1.192752e-02 -4.374709e-02 -4.804756e-01 -1.189382e-02 9.999287e-01 1.030616e-03 -8.733471e-02 4.375627e-02 -5.092352e-04 9.990421e-01 -1.896997e+00
9.994152e-01 6.726202e-03 -3.352639e-02 -4.949177e-01 -6.709007e-03 9.999773e-01 6.253925e-04 -1.050763e-01 3.352984e-02 -4.000971e-04 9.994376e-01 -8.506597e-01
9.930598e-01 5.128398e-03 -1.174989e-01 -5.212578e-01 -6.578704e-03 9.999068e-01 -1.195862e-02 -1.244534e-01 1.174266e-01 1.264861e-02 9.930010e-01 4.545801e+00
9.757233e-01 2.050991e-02 -2.180445e-01 -8.389403e-01 -1.978829e-02 9.997891e-01 5.492856e-03 -1.577788e-01 2.181111e-01 -1.044778e-03 9.759234e-01 5.951591e+00
9.642284e-01 3.710697e-02 -2.624626e-01 -1.229340e+00 -3.316120e-02 9.992607e-01 1.944876e-02 -1.749966e-01 2.629903e-01 -1.004947e-02 9.647462e-01 7.289411e+00
9.696547e-01 3.102355e-02 -2.425020e-01 -1.438607e+00 -2.646382e-02 9.994068e-01 2.203852e-02 -1.800396e-01 2.430419e-01 -1.495222e-02 9.699006e-01 8.249384e+00
9.764878e-01 3.052353e-02 -2.134010e-01 -1.565470e+00 -2.567933e-02 9.993466e-01 2.543585e-02 -1.843807e-01 2.140379e-01 -1.935780e-02 9.766335e-01 8.946937e+00
9.823021e-01 2.615516e-02 -1.854685e-01 -1.634967e+00 -2.304768e-02 9.995558e-01 1.889142e-02 -1.888051e-01 1.858802e-01 -1.428246e-02 9.824686e-01 9.405472e+00
