0.000000 -0.0000035 -0.0000008 0.0000189 -0.0000002 -0.0000454 -0.0000007 1.0000000
0.519499 -0.0055479 -0.0001948 0.0463444 0.0017549 -0.0209305 -0.0009045 0.9997790
0.623377 -0.0073850 -0.0002043 0.0578072 0.0022489 -0.0277161 -0.0008763 0.9996129
0.830874 -0.0122918 -0.0005584 0.0843541 0.0021507 -0.0452595 -0.0001258 0.9989730
1.142127 -0.0244246 -0.0016234 0.1292409 0.0031964 -0.0785971 -0.0013040 0.9969005
1.349627 -0.0371854 -0.0028273 0.1615864 0.0047466 -0.1048603 -0.0050072 0.9944630
1.868002 -0.0797849 -0.0044268 0.2473822 0.0046910 -0.1868446 -0.0102050 0.9823253
2.179126 -0.1155203 -0.0043801 0.2998599 0.0050836 -0.2428666 -0.0100899 0.9699939
2.593620 -0.1806882 -0.0062043 0.3648746 0.0025744 -0.3350985 -0.0128670 0.9420917
2.904641 -0.2436567 -0.0064193 0.4112656 -0.0000099 -0.4137897 -0.0074694 0.9103419
3.008248 -0.2684488 -0.0067154 0.4243656 -0.0014347 -0.4395108 -0.0065904 0.8982120
3.112001 -0.2948109 -0.0065340 0.4366691 -0.0029610 -0.4655487 -0.0061434 0.8849960
3.215751 -0.3232686 -0.0059920 0.4492919 -0.0037859 -0.4921307 -0.0059535 0.8704928
3.423126 -0.3864106 -0.0059406 0.4689287 -0.0064385 -0.5433953 -0.0063618 0.8394282
3.526893 -0.4218075 -0.0060465 0.4778092 -0.0074184 -0.5682933 -0.0069946 0.8227628
3.630648 -0.4592169 -0.0057244 0.4854709 -0.0094325 -0.5920217 -0.0072280 0.8058344
3.838251 -0.5407238 -0.0055381 0.4960989 -0.0127607 -0.6345269 -0.0058973 0.7727729
3.942122 -0.5834129 -0.0049347 0.4983873 -0.0120530 -0.6530187 -0.0069603 0.7572139
4.150266 -0.6772105 -0.0029267 0.4990517 -0.0099779 -0.6830603 -0.0079231 0.7302509
4.254380 -0.7260498 -0.0020117 0.4977062 -0.0090155 -0.6955091 -0.0067910 0.7184286
4.358512 -0.7778606 -0.0015490 0.4957721 -0.0081695 -0.7067742 -0.0057985 0.7073683
4.566885 -0.8854725 0.0000644 0.4878105 -0.0062209 -0.7233608 -0.0046232 0.6904267
4.671250 -0.9424160 0.0009863 0.4829136 -0.0061282 -0.7289223 -0.0041816 0.6845562
4.775500 -1.0007641 0.0019222 0.4771012 -0.0066389 -0.7333231 -0.0038545 0.6798370
4.984250 -1.1237594 0.0019933 0.4635187 -0.0064774 -0.7388148 -0.0059437 0.6738512
5.088502 -1.1879648 0.0026273 0.4566789 -0.0068842 -0.7403067 -0.0062348 0.6722052
5.192878 -1.2530628 0.0033762 0.4497080 -0.0077401 -0.7406938 -0.0058123 0.6717730
5.401501 -1.3901119 0.0049718 0.4367500 -0.0098581 -0.7398782 -0.0069484 0.6726328
5.610008 -1.5321890 0.0062893 0.4227020 -0.0076976 -0.7387324 -0.0074440 0.6739138
5.818377 -1.6824068 0.0089746 0.4086902 -0.0083905 -0.7375695 -0.0084361 0.6751664
6.026772 -1.8385186 0.0104017 0.3943566 -0.0097419 -0.7361951 -0.0112560 0.6766056
6.235023 -2.0007122 0.0133455 0.3805508 -0.0071287 -0.7350434 -0.0113092 0.6778882
6.443143 -2.1695423 0.0159600 0.3661205 -0.0084413 -0.7338946 -0.0113258 0.6791164
6.651280 -2.3419697 0.0186590 0.3530213 -0.0107966 -0.7330889 -0.0115732 0.6799487
6.859377 -2.5150912 0.0208343 0.3397533 -0.0072861 -0.7328338 -0.0066884 0.6803358
7.171256 -2.7835605 0.0230872 0.3191567 -0.0100137 -0.7329718 -0.0064450 0.6801547
7.379272 -2.9652565 0.0245866 0.3041037 -0.0130904 -0.7329800 -0.0125031 0.6800093
7.691129 -3.2355118 0.0284971 0.2820022 -0.0104646 -0.7332858 -0.0111304 0.6797488
7.899003 -3.4141736 0.0304065 0.2681278 -0.0107468 -0.7332776 -0.0135959 0.6797084
8.107005 -3.5916448 0.0325327 0.2538697 -0.0080664 -0.7331693 -0.0116507 0.6798986
8.315006 -3.7688336 0.0351124 0.2395482 -0.0063769 -0.7328766 -0.0108006 0.6802459
8.626899 -4.0353651 0.0384516 0.2196566 -0.0115763 -0.7322786 -0.0146718 0.6807486
8.834756 -4.2124057 0.0408822 0.2059337 -0.0125638 -0.7320079 -0.0160173 0.6809919
9.146631 -4.4764724 0.0450545 0.1840806 -0.0066758 -0.7316764 -0.0140172 0.6814753
9.458529 -4.7402511 0.0476105 0.1642942 -0.0050724 -0.7326306 -0.0103352 0.6805292
9.666385 -4.9152746 0.0489763 0.1504793 -0.0073760 -0.7334120 -0.0092917 0.6796809
9.874249 -5.0894656 0.0500734 0.1368890 -0.0122859 -0.7346097 -0.0113843 0.6782831
10.082130 -5.2602639 0.0516551 0.1216140 -0.0094410 -0.7354091 -0.0109453 0.6774693
10.290010 -5.4286556 0.0536282 0.1047168 -0.0045282 -0.7361105 -0.0124023 0.6767326
10.497760 -5.5966554 0.0542666 0.0886061 -0.0048190 -0.7366593 -0.0141672 0.6760985
10.705630 -5.7606888 0.0557091 0.0737846 -0.0040586 -0.7371547 -0.0146563 0.6755528
10.913510 -5.9233866 0.0575540 0.0597092 -0.0064436 -0.7375008 -0.0154361 0.6751390
11.121380 -6.0848980 0.0596823 0.0445721 -0.0084289 -0.7376559 -0.0178200 0.6748890
11.329280 -6.2414136 0.0624962 0.0304513 -0.0081753 -0.7380794 -0.0164822 0.6744630
11.641130 -6.4676652 0.0648545 0.0092568 -0.0049444 -0.7377439 -0.0135249 0.6749271
11.849140 -6.6110544 0.0656084 -0.0035837 -0.0041762 -0.7356028 -0.0144635 0.6772458
12.161380 -6.8148050 0.0674016 -0.0171450 -0.0058203 -0.7282112 -0.0156049 0.6851504
12.473910 -7.0034890 0.0692377 -0.0224731 -0.0052434 -0.7125601 -0.0190572 0.7013326
12.786780 -7.1730571 0.0713766 -0.0137135 -0.0060659 -0.6848733 -0.0181652 0.7284105
13.099880 -7.3198113 0.0732303 0.0122622 -0.0070237 -0.6425664 -0.0165926 0.7660181
13.413260 -7.4534955 0.0739750 0.0582102 -0.0103060 -0.5840548 -0.0104656 0.8115813
13.622130 -7.5343919 0.0747051 0.1028691 -0.0113016 -0.5385321 -0.0041226 0.8425191
13.830760 -7.6116266 0.0766045 0.1545219 -0.0120038 -0.4906035 -0.0029274 0.8712953
14.039380 -7.6797256 0.0773755 0.2170618 -0.0172445 -0.4438024 0.0052851 0.8959431
14.247880 -7.7429428 0.0778035 0.2838165 -0.0123236 -0.3943746 0.0072110 0.9188388
14.352150 -7.7722325 0.0787964 0.3196516 -0.0062006 -0.3679765 0.0081469 0.9297787
14.456380 -7.8008528 0.0789981 0.3581629 -0.0014687 -0.3405211 0.0074803 0.9402060
14.560630 -7.8281078 0.0793568 0.4006519 0.0004194 -0.3124818 0.0073842 0.9498950
14.664880 -7.8534684 0.0789367 0.4466865 0.0012289 -0.2843555 0.0078178 0.9586862
14.769010 -7.8775830 0.0784763 0.4948866 0.0028768 -0.2563979 0.0066432 0.9665442
14.873160 -7.9011164 0.0771717 0.5470563 0.0022317 -0.2299188 0.0058288 0.9731898
15.081160 -7.9435782 0.0759931 0.6575628 0.0038208 -0.1838072 0.0002026 0.9829549
15.288760 -7.9806499 0.0741184 0.7797270 0.0023674 -0.1490665 -0.0023586 0.9888215
15.392480 -7.9973402 0.0731266 0.8437033 0.0014545 -0.1365363 -0.0018409 0.9906323
15.496190 -8.0145960 0.0727723 0.9114173 0.0004383 -0.1254877 -0.0019759 0.9920931
15.599910 -8.0304518 0.0722654 0.9805714 -0.0008216 -0.1162255 -0.0028109 0.9932185
15.703610 -8.0464115 0.0716920 1.0511693 -0.0013447 -0.1083981 -0.0054132 0.9940919
15.911010 -8.0752983 0.0708673 1.1983896 -0.0017709 -0.0950621 -0.0065120 0.9954485
16.014760 -8.0888071 0.0701563 1.2744118 -0.0016724 -0.0879891 -0.0065732 0.9960983
16.222360 -8.1130905 0.0693467 1.4327734 -0.0023332 -0.0736161 -0.0075071 0.9972557
16.326140 -8.1241875 0.0682633 1.5135760 -0.0008729 -0.0671495 -0.0079353 0.9977110
16.533760 -8.1439095 0.0666820 1.6810828 0.0048247 -0.0568825 -0.0075414 0.9983407
16.741260 -8.1618528 0.0643154 1.8536205 0.0017604 -0.0494940 -0.0082799 0.9987385
16.948890 -8.1797161 0.0612583 2.0290461 -0.0041056 -0.0449443 -0.0105969 0.9989249
17.156420 -8.1953888 0.0595974 2.2024484 -0.0032327 -0.0416388 -0.0098875 0.9990786
17.364000 -8.2098789 0.0577712 2.3754563 -0.0056588 -0.0388428 -0.0083365 0.9991946
17.571660 -8.2229385 0.0560693 2.5480523 -0.0047884 -0.0360765 -0.0069131 0.9993137
17.779390 -8.2362986 0.0540461 2.7162828 0.0027229 -0.0344131 -0.0087593 0.9993656
17.987010 -8.2496328 0.0504691 2.8846445 0.0039633 -0.0324438 -0.0100041 0.9994156
18.194760 -8.2622576 0.0467031 3.0525200 -0.0004665 -0.0303094 -0.0132127 0.9994531
18.402390 -8.2725945 0.0440137 3.2174163 -0.0014842 -0.0283658 -0.0104770 0.9995416
18.610130 -8.2819681 0.0411560 3.3820817 -0.0007644 -0.0275201 -0.0093504 0.9995772
18.817760 -8.2911444 0.0390835 3.5479171 -0.0001984 -0.0268901 -0.0077835 0.9996081
19.025510 -8.3015156 0.0372268 3.7151084 -0.0000177 -0.0266534 -0.0091980 0.9996024
19.233260 -8.3121853 0.0344502 3.8846169 -0.0003780 -0.0284650 -0.0075767 0.9995660
19.440890 -8.3240786 0.0318602 4.0568047 -0.0001318 -0.0316131 -0.0103153 0.9994469
19.648510 -8.3390694 0.0294936 4.2290249 0.0042658 -0.0337697 -0.0111661 0.9993582
19.856260 -8.3526192 0.0260946 4.4057384 0.0042932 -0.0359142 -0.0109289 0.9992859
20.064010 -8.3666096 0.0223996 4.5848589 0.0029816 -0.0380639 -0.0098964 0.9992219
20.271890 -8.3812866 0.0197518 4.7668667 -0.0011667 -0.0391378 -0.0094146 0.9991888
20.479750 -8.3965731 0.0180220 4.9494343 -0.0021611 -0.0378442 -0.0109048 0.9992218
20.687510 -8.4107122 0.0155687 5.1321459 -0.0005315 -0.0360944 -0.0100124 0.9992981
20.895390 -8.4233227 0.0133655 5.3154693 0.0002697 -0.0343589 -0.0076887 0.9993799
21.103270 -8.4366856 0.0098072 5.4971952 -0.0024769 -0.0333819 -0.0051208 0.9994265
21.311120 -8.4501562 0.0074295 5.6776042 -0.0008841 -0.0323140 -0.0056496 0.9994614
21.519010 -8.4630642 0.0039761 5.8546023 0.0047784 -0.0314917 -0.0077963 0.9994622
21.726890 -8.4758921 -0.0011095 6.0318165 0.0082020 -0.0305506 -0.0102917 0.9994466
21.934640 -8.4875793 -0.0059797 6.2092738 0.0005628 -0.0307268 -0.0081802 0.9994942
22.038660 -8.4929657 -0.0078976 6.2974725 -0.0033320 -0.0316046 -0.0074156 0.9994674
22.246540 -8.5048113 -0.0102068 6.4704790 -0.0004593 -0.0337805 -0.0040488 0.9994209
22.454390 -8.5178776 -0.0135559 6.6399026 0.0014689 -0.0364574 -0.0045250 0.9993239
22.558370 -8.5252829 -0.0153041 6.7239504 0.0032441 -0.0380793 -0.0053328 0.9992552
22.766140 -8.5401716 -0.0197243 6.8905458 0.0069107 -0.0418092 -0.0069930 0.9990773
22.870160 -8.5491371 -0.0223210 6.9731727 0.0069706 -0.0431968 -0.0093263 0.9989987
23.078010 -8.5665751 -0.0267721 7.1367106 0.0032242 -0.0469854 -0.0124316 0.9988130
23.181990 -8.5752325 -0.0287905 7.2178626 0.0004093 -0.0491443 -0.0125308 0.9987130
23.285910 -8.5842133 -0.0302986 7.2982860 -0.0013691 -0.0516308 -0.0120306 0.9985929
23.389770 -8.5934439 -0.0311377 7.3784361 -0.0017576 -0.0549561 -0.0118211 0.9984173
23.597640 -8.6139898 -0.0334349 7.5364542 -0.0034523 -0.0611314 -0.0109909 0.9980633
23.701510 -8.6257048 -0.0342218 7.6147308 -0.0028209 -0.0641049 -0.0131211 0.9978529
23.909390 -8.6488771 -0.0366052 7.7681937 0.0004902 -0.0701337 -0.0139753 0.9974396
24.117270 -8.6735706 -0.0384969 7.9210663 -0.0010987 -0.0752198 -0.0153812 0.9970477
24.221270 -8.6865215 -0.0396054 7.9968977 -0.0032151 -0.0782862 -0.0156086 0.9968035
24.429140 -8.7130346 -0.0413413 8.1465120 -0.0023592 -0.0850289 -0.0139654 0.9962778
24.636890 -8.7415600 -0.0432526 8.2927837 0.0020023 -0.0937875 -0.0122588 0.9955148
24.844640 -8.7727127 -0.0451703 8.4384708 -0.0024191 -0.1052294 -0.0115231 0.9943783
25.052390 -8.8079157 -0.0464260 8.5819063 -0.0077710 -0.1170086 -0.0124207 0.9930228
25.364010 -8.8671341 -0.0479585 8.7912169 0.0018601 -0.1351794 -0.0137223 0.9907244
25.571790 -8.9104900 -0.0491939 8.9320593 -0.0043199 -0.1474441 -0.0130697 0.9889746
25.883390 -8.9823933 -0.0497317 9.1402111 -0.0037905 -0.1659992 -0.0110199 0.9860570
26.195270 -9.0599098 -0.0522139 9.3462372 0.0032853 -0.1785173 -0.0083794 0.9838956
26.403140 -9.1149235 -0.0547263 9.4830685 0.0026449 -0.1868708 -0.0109722 0.9823197
26.611020 -9.1714754 -0.0557505 9.6195173 -0.0047111 -0.1947235 -0.0109791 0.9807854
26.818890 -9.2325993 -0.0567299 9.7538395 -0.0049112 -0.2008570 -0.0197119 0.9794099
27.026890 -9.2918501 -0.0570517 9.8871212 0.0020716 -0.2064132 -0.0152862 0.9783433
27.234770 -9.3537169 -0.0582760 10.0216064 0.0004042 -0.2110451 -0.0184054 0.9773030
27.546520 -9.4491558 -0.0608296 10.2219887 0.0023374 -0.2192577 -0.0175305 0.9755067
27.650520 -9.4817429 -0.0613681 10.2875013 0.0056807 -0.2217482 -0.0169983 0.9749392
27.858410 -9.5485163 -0.0635661 10.4195280 0.0046923 -0.2263627 -0.0188601 0.9738492
28.066150 -9.6151886 -0.0659247 10.5499792 0.0035632 -0.2311347 -0.0199239 0.9727112
28.274040 -9.6822538 -0.0682493 10.6795292 0.0038869 -0.2359356 -0.0180378 0.9715935
28.481890 -9.7505283 -0.0706068 10.8061314 0.0034311 -0.2404195 -0.0184710 0.9704872
28.689660 -9.8193436 -0.0733942 10.9307222 0.0053618 -0.2450869 -0.0177334 0.9693241
28.897520 -9.8879280 -0.0763002 11.0531149 0.0087139 -0.2495138 -0.0162280 0.9681960
29.105390 -9.9573345 -0.0786887 11.1746187 0.0026796 -0.2531221 -0.0175646 0.9672711
29.313270 -10.0254622 -0.0807914 11.2934046 -0.0050051 -0.2560541 -0.0162822 0.9665123
29.521140 -10.0910778 -0.0813685 11.4058762 -0.0033229 -0.2593246 -0.0141981 0.9656801
29.729040 -10.1543398 -0.0821398 11.5124369 -0.0015327 -0.2623333 -0.0126120 0.9648937
29.936770 -10.2153368 -0.0833062 11.6130104 -0.0020117 -0.2646491 -0.0118638 0.9642697
30.144650 -10.2726517 -0.0844916 11.7063103 -0.0033118 -0.2667916 -0.0107219 0.9636889
30.352400 -10.3259602 -0.0851543 11.7910948 -0.0030992 -0.2687902 -0.0093523 0.9631484
30.560270 -10.3754702 -0.0865563 11.8673573 0.0007983 -0.2709107 -0.0092550 0.9625597
30.767900 -10.4202976 -0.0871861 11.9385567 0.0007108 -0.2751130 -0.0050338 0.9613985
30.975650 -10.4628954 -0.0881576 12.0015011 -0.0002986 -0.2810899 -0.0072794 0.9596538
31.183270 -10.5032463 -0.0884053 12.0581255 -0.0047485 -0.2871990 -0.0116790 0.9577880
31.390900 -10.5389223 -0.0889655 12.1077394 -0.0079152 -0.2952706 -0.0101060 0.9553275
31.598390 -10.5714445 -0.0893005 12.1513195 -0.0097453 -0.3076396 -0.0075866 0.9514228
31.805770 -10.6029053 -0.0896745 12.1878500 -0.0098435 -0.3248163 -0.0085962 0.9456868
32.220650 -10.6618118 -0.0903909 12.2442665 -0.0011464 -0.3662809 -0.0082026 0.9304674
32.428170 -10.6922731 -0.0899906 12.2682600 0.0016479 -0.3875884 -0.0125271 0.9217460
32.739270 -10.7398043 -0.0889017 12.3037376 -0.0015705 -0.4241537 -0.0108486 0.9055239
32.946650 -10.7740402 -0.0887553 12.3229065 -0.0033919 -0.4510879 -0.0150880 0.8923455
33.154020 -10.8088875 -0.0887359 12.3395319 -0.0041114 -0.4779183 -0.0185356 0.8781991
33.361650 -10.8449736 -0.0894704 12.3536463 -0.0051273 -0.5049250 -0.0228553 0.8628454
33.569020 -10.8835077 -0.0892982 12.3671856 -0.0039587 -0.5342827 -0.0218086 0.8450152
33.776420 -10.9285574 -0.0884865 12.3791723 -0.0018596 -0.5673115 -0.0198931 0.8232609
33.983650 -10.9818306 -0.0867950 12.3882275 -0.0014310 -0.6029415 -0.0191062 0.7975553
34.191020 -11.0408764 -0.0856053 12.3922787 -0.0008635 -0.6408551 -0.0177078 0.7674571
34.398420 -11.1068106 -0.0834550 12.3923635 -0.0023323 -0.6795524 -0.0177689 0.7334080
34.605900 -11.1785831 -0.0816026 12.3865681 -0.0067643 -0.7179143 -0.0171726 0.6958867
34.813400 -11.2546883 -0.0787478 12.3725519 -0.0098041 -0.7543306 -0.0164210 0.6562161
35.021020 -11.3380289 -0.0757678 12.3489456 -0.0125430 -0.7872792 -0.0157059 0.6162690
35.228670 -11.4249477 -0.0730164 12.3162231 -0.0164802 -0.8171787 -0.0131740 0.5759981
35.436400 -11.5164185 -0.0706976 12.2723083 -0.0202928 -0.8433708 -0.0112849 0.5368301
35.644400 -11.6108074 -0.0672824 12.2158842 -0.0219006 -0.8647029 -0.0105019 0.5016961
35.957050 -11.7630596 -0.0615139 12.1123390 0.0199221 0.8846216 0.0105870 -0.4657636
36.061290 -11.8161497 -0.0597480 12.0723038 0.0195209 0.8884646 0.0109903 -0.4583980
36.165670 -11.8722630 -0.0575972 12.0309563 0.0200863 0.8916753 0.0110326 -0.4520951
36.374170 -11.9874268 -0.0538111 11.9422150 0.0214696 0.8965751 0.0112224 -0.4422287
36.478420 -12.0464144 -0.0513200 11.8952589 0.0211933 0.8983191 0.0116688 -0.4386769
36.686900 -12.1690063 -0.0463028 11.7969484 0.0212076 0.9011412 0.0119811 -0.4328408
36.895150 -12.2980890 -0.0416591 11.6917915 0.0222933 0.9026902 0.0120985 -0.4295428
37.103550 -12.4315014 -0.0367186 11.5824995 0.0224547 0.9031309 0.0118234 -0.4286147
37.311780 -12.5709000 -0.0312802 11.4675436 0.0225067 0.9035016 0.0107850 -0.4278575
37.520030 -12.7158308 -0.0255691 11.3478394 0.0227265 0.9038188 0.0125486 -0.4271271
37.728150 -12.8640165 -0.0201646 11.2260246 0.0229382 0.9043170 0.0135646 -0.4260289
37.936280 -13.0162163 -0.0138442 11.0989733 0.0231757 0.9046018 0.0115995 -0.4254690
38.144280 -13.1737947 -0.0080797 10.9693184 0.0250373 0.9050419 0.0102657 -0.4244606
38.352280 -13.3353739 -0.0020961 10.8353004 0.0231899 0.9057460 0.0070843 -0.4231267
38.560150 -13.5007067 0.0017456 10.6977911 0.0206025 0.9061298 0.0061050 -0.4224537
38.872030 -13.7521801 0.0077468 10.4879341 0.0215184 0.9062191 0.0095895 -0.4221516
39.079900 -13.9212999 0.0123837 10.3478031 0.0228949 0.9064499 0.0104974 -0.4215617
39.287780 -14.0854645 0.0168919 10.2095699 0.0223852 0.9064543 0.0111481 -0.4215630
39.495830 -14.2522993 0.0210984 10.0740414 0.0230302 0.9067972 0.0124095 -0.4207547
39.807870 -14.5022335 0.0289296 9.8679304 0.0233725 0.9074241 0.0120254 -0.4193932
40.015280 -14.6683464 0.0345676 9.7301006 0.0239190 0.9081440 0.0114253 -0.4178180
40.223030 -14.8311300 0.0395905 9.5905485 0.0232971 0.9086021 0.0110466 -0.4168661
40.430770 -14.9945202 0.0432382 9.4491615 0.0220379 0.9087595 0.0113221 -0.4165840
40.638670 -15.1580572 0.0482774 9.3087444 0.0200932 0.9086713 0.0122223 -0.4168493
40.846410 -15.3224115 0.0519931 9.1681156 0.0183563 0.9081444 0.0116903 -0.4180911
41.054600 -15.4868221 0.0562801 9.0298872 0.0199555 0.9075648 0.0122365 -0.4192591
41.262460 -15.6532211 0.0620396 8.8911943 0.0247256 0.9070871 0.0163981 -0.4198961
41.469820 -15.8172102 0.0680868 8.7529221 0.0239979 0.9069817 0.0153566 -0.4202052
41.573580 -15.8977642 0.0716821 8.6836491 0.0226059 0.9069818 0.0132813 -0.4203530
41.781210 -16.0616112 0.0779384 8.5467787 0.0233500 0.9071385 0.0146688 -0.4199279
41.885060 -16.1434174 0.0803237 8.4803905 0.0239949 0.9073838 0.0151397 -0.4193443
42.092740 -16.3038235 0.0858773 8.3446426 0.0238083 0.9077439 0.0134589 -0.4186324
42.300170 -16.4649849 0.0923860 8.2089167 0.0252679 0.9081948 0.0156595 -0.4174908
42.507790 -16.6230049 0.0994807 8.0736055 0.0265608 0.9084272 0.0168130 -0.4168595
42.715290 -16.7810974 0.1062134 7.9421973 0.0268073 0.9091782 0.0149005 -0.4152763
43.026850 -17.0113087 0.1154893 7.7431598 0.0237607 0.9088889 0.0150506 -0.4160887
43.234430 -17.1640358 0.1204280 7.6145787 0.0224467 0.9087978 0.0161686 -0.4163187
43.442050 -17.3166733 0.1261628 7.4873486 0.0223616 0.9087881 0.0155873 -0.4163667
43.649770 -17.4680214 0.1316928 7.3591404 0.0224671 0.9086559 0.0148408 -0.4166766
43.857500 -17.6181927 0.1364856 7.2353511 0.0241528 0.9085174 0.0149631 -0.4168800
44.065190 -17.7679138 0.1423071 7.1131339 0.0234607 0.9086974 0.0116199 -0.4166336
44.272790 -17.9151382 0.1473410 6.9905758 0.0223302 0.9084681 0.0115200 -0.4171983
44.480540 -18.0563068 0.1500717 6.8728933 0.0220151 0.9086672 0.0123800 -0.4167565
44.792180 -18.2585850 0.1548675 6.7019858 0.0215998 0.9088390 0.0122394 -0.4164075
44.999710 -18.3934002 0.1581499 6.5915413 0.0211921 0.9092199 0.0124556 -0.4155899
45.207330 -18.5228119 0.1626234 6.4844618 0.0219131 0.9096142 0.0134044 -0.4146591
45.415240 -18.6457787 0.1665025 6.3779645 0.0234328 0.9097451 0.0148702 -0.4142386
45.622980 -18.7639828 0.1702068 6.2758417 0.0257792 0.9099485 0.0149788 -0.4136482
45.831090 -18.8767548 0.1742215 6.1782618 0.0262142 0.9104062 0.0149917 -0.4126121
46.038180 -18.9842834 0.1760214 6.0838504 0.0279865 0.9112251 0.0138343 -0.4107240
46.349680 -19.1384697 0.1831052 5.9440145 0.0311645 0.9157220 0.0107834 -0.4004568
46.557220 -19.2323322 0.1862255 5.8539762 0.0336136 0.9208292 0.0101012 -0.3883834
46.764550 -19.3190022 0.1887835 5.7632489 0.0369251 0.9276726 0.0089498 -0.3714566
46.971930 -19.3978271 0.1915469 5.6707835 0.0391198 0.9364766 0.0082170 -0.3484446
47.179170 -19.4662476 0.1939169 5.5769515 0.0371749 0.9467036 0.0102338 -0.3197899
47.386540 -19.5242825 0.1957876 5.4820876 0.0349128 0.9576482 0.0119111 -0.2855680
47.593870 -19.5712128 0.1974123 5.3858924 0.0331888 0.9691435 0.0133172 -0.2438894
47.801160 -19.6050205 0.1990989 5.2896748 0.0235604 0.9797630 0.0131736 -0.1983324
48.008600 -19.6304989 0.1992454 5.1941366 0.0160698 0.9883277 0.0113812 -0.1510649
48.216060 -19.6487350 0.2003009 5.0958548 0.0149560 0.9947419 0.0104751 -0.1007725
48.423630 -19.6550503 0.2008699 4.9959607 0.0114509 0.9985833 0.0133814 -0.0502127
48.631190 -19.6508408 0.2024770 4.8974524 0.0053384 0.9998304 0.0175650 0.0014955
48.838780 -19.6442490 0.2042874 4.7977481 0.0115755 0.9982447 0.0163199 0.0557421
49.046410 -19.6240025 0.2051265 4.7020731 0.0145275 0.9939745 0.0141954 0.1077131
49.254030 -19.5934391 0.2066985 4.6138692 0.0149899 0.9871575 0.0119030 0.1585989
49.461780 -19.5564327 0.2073629 4.5307918 0.0194901 0.9779615 0.0118423 0.2075360
49.669780 -19.5068798 0.2073206 4.4477968 0.0157568 0.9679490 0.0142200 0.2502483
49.878030 -19.4550152 0.2069027 4.3695564 0.0189044 0.9582304 0.0183095 0.2847838
50.086410 -19.3962383 0.2062736 4.2936497 0.0185803 0.9500387 0.0194000 0.3109739
50.190690 -19.3647346 0.2065613 4.2541804 0.0177744 0.9466221 0.0188742 0.3213010
50.295050 -19.3316975 0.2070018 4.2142286 0.0175366 0.9438108 0.0185380 0.3294997
50.399300 -19.2980213 0.2071066 4.1738772 0.0170520 0.9415762 0.0179707 0.3358876
50.503680 -19.2637920 0.2071742 4.1329384 0.0162884 0.9397039 0.0173093 0.3411621
50.608030 -19.2288895 0.2072458 4.0911918 0.0156447 0.9380858 0.0160217 0.3456784
50.712390 -19.1928272 0.2077027 4.0488901 0.0161507 0.9368098 0.0153377 0.3491295
50.816730 -19.1553154 0.2076978 4.0051637 0.0172706 0.9357909 0.0156782 0.3517831
50.920920 -19.1162891 0.2079183 3.9599938 0.0187991 0.9350048 0.0160202 0.3537739
51.025280 -19.0762100 0.2075060 3.9142411 0.0180331 0.9343035 0.0150928 0.3557022
51.129530 -19.0339794 0.2073121 3.8682890 0.0162562 0.9338929 0.0137458 0.3569185
51.338030 -18.9468746 0.2084818 3.7723291 0.0158827 0.9333957 0.0142573 0.3582136
51.546400 -18.8566647 0.2087814 3.6686981 0.0183491 0.9334235 0.0147415 0.3580035
51.754650 -18.7607784 0.2096731 3.5625894 0.0173031 0.9335492 0.0084072 0.3579328
51.962780 -18.6606655 0.2098067 3.4512830 0.0190505 0.9338022 0.0066494 0.3572201
52.171030 -18.5558071 0.2083484 3.3340800 0.0143972 0.9339064 0.0077025 0.3571446
52.379030 -18.4498959 0.2072349 3.2133038 0.0121997 0.9336895 0.0084868 0.3577751
52.587160 -18.3373756 0.2076735 3.0836818 0.0113801 0.9335529 0.0120723 0.3580555
52.795150 -18.2180462 0.2079830 2.9505134 0.0085063 0.9333139 0.0106519 0.3588026
53.003160 -18.0968494 0.2090477 2.8134854 0.0106932 0.9330063 0.0102440 0.3595552
53.211180 -17.9753437 0.2090318 2.6729245 0.0117776 0.9328375 0.0150622 0.3597895
53.419160 -17.8481331 0.2101187 2.5285232 0.0146894 0.9325897 0.0138746 0.3603724
53.627040 -17.7172966 0.2106966 2.3812664 0.0176691 0.9324799 0.0114523 0.3606078
53.835050 -17.5821896 0.2109001 2.2315876 0.0165302 0.9326940 0.0117509 0.3600980
54.042910 -17.4466553 0.2112349 2.0780013 0.0155001 0.9327153 0.0144821 0.3599891
54.250800 -17.3139133 0.2110427 1.9259900 0.0209013 0.9326242 0.0180440 0.3597913
54.458660 -17.1832123 0.2114261 1.7749523 0.0226036 0.9322670 0.0238210 0.3602776
54.666410 -17.0511742 0.2136346 1.6240842 0.0244378 0.9320250 0.0264872 0.3605978
54.874290 -16.9240227 0.2156091 1.4782798 0.0263205 0.9322131 0.0183497 0.3604849
55.082040 -16.7962646 0.2153088 1.3325502 0.0266235 0.9323148 0.0184481 0.3601943
55.290780 -16.6677876 0.2146731 1.1876472 0.0257958 0.9324496 0.0202128 0.3598106
55.393730 -16.6039581 0.2152853 1.1155072 0.0243200 0.9330634 0.0197161 0.3583470
55.601700 -16.4780521 0.2158146 0.9672964 0.0217175 0.9356782 0.0191279 0.3516656
55.809690 -16.3648300 0.2156740 0.8253832 0.0226699 0.9399561 0.0197863 0.3399662
56.017930 -16.2552986 0.2159176 0.6772302 0.0245378 0.9459531 0.0238527 0.3224930
56.226190 -16.1540394 0.2178524 0.5259737 0.0272744 0.9539152 0.0255789 0.2977375
56.434670 -16.0592060 0.2212291 0.3649576 0.0298743 0.9628258 0.0271406 0.2670907
56.643030 -15.9770651 0.2250495 0.1983656 0.0332596 0.9709451 0.0227822 0.2358821
56.747290 -15.9405298 0.2262615 0.1143484 0.0344981 0.9747261 0.0183061 0.2199634
56.955550 -15.8721800 0.2267450 -0.0529098 0.0309655 0.9815279 0.0142162 0.1882604
57.059650 -15.8421879 0.2268815 -0.1403469 0.0300117 0.9841483 0.0140222 0.1742262
57.267470 -15.7877960 0.2273127 -0.3162645 0.0324887 0.9879481 0.0125991 0.1508124
57.371290 -15.7627230 0.2280980 -0.4067724 0.0317773 0.9893560 0.0132770 0.1413810
57.475150 -15.7380075 0.2285993 -0.4973156 0.0299970 0.9906930 0.0158993 0.1318138
57.579070 -15.7163000 0.2298417 -0.5901388 0.0300204 0.9918321 0.0170582 0.1227879
57.682930 -15.6954374 0.2314836 -0.6842726 0.0297792 0.9928890 0.0167694 0.1140327
57.890570 -15.6572075 0.2338650 -0.8738667 0.0311419 0.9945314 0.0131901 0.0988104
58.098070 -15.6263742 0.2373930 -1.0717933 0.0361607 0.9949949 0.0200437 0.0909718
58.201850 -15.6090403 0.2391384 -1.1701239 0.0375499 0.9950071 0.0247032 0.0891100
58.409230 -15.5746183 0.2448326 -1.3696204 0.0350290 0.9952132 0.0231807 0.0882401
58.616560 -15.5378723 0.2499276 -1.5732731 0.0283211 0.9955314 0.0193170 0.0879885
58.824030 -15.5022497 0.2539734 -1.7808155 0.0246140 0.9955814 0.0202507 0.0883274
59.031700 -15.4693775 0.2587383 -1.9922925 0.0232831 0.9954573 0.0213705 0.0898109
59.239170 -15.4356737 0.2648501 -2.2124999 0.0216615 0.9953410 0.0193758 0.0919330
59.446780 -15.3981466 0.2692850 -2.4334559 0.0190156 0.9953771 0.0177706 0.0924498
59.654550 -15.3577738 0.2728547 -2.6554508 0.0167320 0.9956406 0.0182248 0.0899310
59.758420 -15.3394547 0.2746516 -2.7673733 0.0164134 0.9957134 0.0185250 0.0891193
59.965990 -15.3124914 0.2817579 -3.0047953 0.0157870 0.9956825 0.0185652 0.0895684
60.069690 -15.3020668 0.2828497 -3.1122026 0.0153616 0.9955626 0.0199722 0.0906656
60.277190 -15.2711601 0.2857343 -3.3255253 0.0139882 0.9955749 0.0203066 0.0906785
60.484800 -15.2392874 0.2904314 -3.5510974 0.0138054 0.9955813 0.0182514 0.0910726
60.692600 -15.2072830 0.2962466 -3.7848997 0.0131141 0.9956899 0.0181325 0.0900050
60.900200 -15.1764755 0.3000886 -4.0006266 0.0122576 0.9958153 0.0187288 0.0886049
61.003920 -15.1598444 0.3016272 -4.1061525 0.0116811 0.9959591 0.0182600 0.0871526
61.107700 -15.1424341 0.3029981 -4.2080536 0.0111514 0.9961181 0.0179080 0.0854621
61.211580 -15.1267929 0.3042077 -4.3101525 0.0106535 0.9962121 0.0188026 0.0842289
61.315290 -15.1114531 0.3060394 -4.4129105 0.0109970 0.9962896 0.0195586 0.0830880
61.419200 -15.0986710 0.3075297 -4.5124893 0.0114253 0.9963006 0.0203759 0.0827011
61.522950 -15.0850439 0.3095539 -4.6146317 0.0119972 0.9963273 0.0205346 0.0822581
61.626790 -15.0706892 0.3120577 -4.7182322 0.0123235 0.9963992 0.0200685 0.0814497
61.834510 -15.0396223 0.3156202 -4.9189844 0.0122163 0.9965511 0.0197717 0.0796601
61.938390 -15.0234375 0.3174240 -5.0192437 0.0113539 0.9966302 0.0201057 0.0787088
62.042070 -15.0078249 0.3185342 -5.1164966 0.0109369 0.9967154 0.0194005 0.0778622
62.249910 -14.9926157 0.3210841 -5.3189301 0.0093098 0.9966269 0.0158824 0.0799747
62.353660 -14.9800167 0.3224970 -5.4199924 0.0100524 0.9965857 0.0153136 0.0805072
62.457420 -14.9670668 0.3232307 -5.5208631 0.0104287 0.9965264 0.0160988 0.0810376
62.665290 -14.9358692 0.3256811 -5.7148805 0.0119614 0.9964848 0.0171972 0.0811126
62.872800 -14.9209318 0.3319844 -5.9309382 0.0128389 0.9961591 0.0171445 0.0849017
63.080660 -14.8917704 0.3349440 -6.1242905 0.0116762 0.9961525 0.0166437 0.0852459
63.288240 -14.8700476 0.3396736 -6.3276138 0.0137394 0.9958748 0.0151411 0.0884050
63.495820 -14.8556814 0.3418759 -6.5265112 0.0125379 0.9953341 0.0138513 0.0946626
63.703640 -14.8300753 0.3410973 -6.7011209 0.0119644 0.9950330 0.0144137 0.0977668
63.911420 -14.7992430 0.3431676 -6.8886786 0.0114926 0.9949660 0.0163477 0.0981999
64.015770 -14.7845592 0.3447498 -6.9791780 0.0118087 0.9949528 0.0166425 0.0982472
64.223410 -14.7544651 0.3466149 -7.1509094 0.0106482 0.9950687 0.0165259 0.0972201
64.327430 -14.7395401 0.3478287 -7.2342916 0.0103626 0.9952355 0.0165561 0.0955238
64.431450 -14.7258501 0.3486298 -7.3156691 0.0106092 0.9954780 0.0166252 0.0929228
64.639590 -14.7021770 0.3497226 -7.4692545 0.0117601 0.9960927 0.0169872 0.0858627
64.743580 -14.6936808 0.3504880 -7.5417190 0.0128695 0.9963467 0.0178073 0.0825264
64.951550 -14.6755724 0.3518233 -7.6848722 0.0153205 0.9968656 0.0183718 0.0754107
65.159520 -14.6579971 0.3533010 -7.8159852 0.0163730 0.9973481 0.0188738 0.0683548
65.367480 -14.6441956 0.3545035 -7.9381685 0.0177275 0.9977197 0.0184850 0.0624453
65.575320 -14.6315136 0.3554454 -8.0482540 0.0195177 0.9980064 0.0180449 0.0572419
65.783300 -14.6217299 0.3562095 -8.1495647 0.0203839 0.9981948 0.0197906 0.0529148
65.991170 -14.6147795 0.3568651 -8.2381210 0.0210729 0.9983161 0.0205942 0.0499680
66.199080 -14.6082859 0.3580055 -8.3172474 0.0224915 0.9983828 0.0215078 0.0475739
66.303070 -14.6050949 0.3588457 -8.3524923 0.0229859 0.9984013 0.0217463 0.0468344
66.407050 -14.6012840 0.3589986 -8.3835039 0.0226672 0.9984145 0.0225168 0.0463445
66.614800 -14.5946608 0.3613971 -8.4387980 0.0214567 0.9984214 0.0219702 0.0470268
67.758210 -14.5692987 0.3633266 -8.6231041 0.0185459 0.9977654 0.0178966 0.0616446
70.150510 -14.5530615 0.3645818 -8.6993532 0.0149588 0.9956005 0.0162703 0.0910557
75.871360 -14.5325994 0.3641030 -8.7289143 0.0145397 0.9894664 0.0152083 0.1432253
76.079100 -14.5251169 0.3636287 -8.7398987 0.0139070 0.9869641 0.0132381 0.1597912
76.702070 -14.4865961 0.3650964 -8.8055878 0.0125513 0.9749832 0.0161635 0.2213348
76.909690 -14.4670763 0.3654089 -8.8336668 0.0133332 0.9689229 0.0178532 0.2463575
77.117090 -14.4434910 0.3661248 -8.8639460 0.0140761 0.9611243 0.0205777 0.2749882
77.324460 -14.4151697 0.3665200 -8.8949299 0.0146612 0.9506060 0.0209608 0.3093442
77.531820 -14.3798952 0.3673456 -8.9284525 0.0130310 0.9363078 0.0181121 0.3504707
77.946530 -14.2743788 0.3687263 -9.0076847 0.0180409 0.8945910 0.0141933 0.4462958
78.153970 -14.1998262 0.3706250 -9.0458040 0.0187626 0.8699459 0.0133361 0.4926096
78.361560 -14.1129599 0.3704697 -9.0833845 0.0181191 0.8420177 0.0156538 0.5389183
78.569310 -14.0130472 0.3703033 -9.1151428 0.0183010 0.8110517 0.0212845 0.5843005
78.776930 -13.9014711 0.3693300 -9.1378984 0.0179726 0.7777687 0.0258389 0.6277620
78.880800 -13.8414507 0.3691405 -9.1450615 0.0176846 0.7609731 0.0276088 0.6479544
78.984860 -13.7783909 0.3697233 -9.1497164 0.0180346 0.7443574 0.0286765 0.6669216
79.088830 -13.7127419 0.3699642 -9.1521339 0.0194446 0.7285898 0.0290512 0.6840577
79.192960 -13.6441555 0.3701923 -9.1517944 0.0200607 0.7147101 0.0282857 0.6985606
79.297060 -13.5716372 0.3707961 -9.1501169 0.0201876 0.7025266 0.0270133 0.7108580
79.505690 -13.4209166 0.3707638 -9.1407518 0.0215696 0.6850167 0.0245418 0.7277943
79.714470 -13.2599211 0.3699826 -9.1272116 0.0232132 0.6737128 0.0242914 0.7382290
79.923050 -13.0900469 0.3677941 -9.1089144 0.0264911 0.6632561 0.0232262 0.7475628
80.027420 -13.0031967 0.3669220 -9.0991201 0.0274002 0.6580087 0.0217386 0.7521976
80.235930 -12.8269958 0.3632019 -9.0754671 0.0256538 0.6495277 0.0190072 0.7596673
80.340300 -12.7377882 0.3603822 -9.0688133 0.0241279 0.6465416 0.0176048 0.7622938
80.548940 -12.5472317 0.3579668 -9.0433931 0.0229013 0.6451409 0.0162088 0.7635483
80.757320 -12.3441124 0.3535422 -9.0128860 0.0225523 0.6433061 0.0174806 0.7650772
80.965550 -12.1333275 0.3496878 -8.9798870 0.0228036 0.6398085 0.0174266 0.7679983
81.069680 -12.0254469 0.3478467 -8.9598684 0.0228018 0.6383038 0.0170856 0.7692571
81.173790 -11.9154739 0.3455008 -8.9393339 0.0223568 0.6364903 0.0167465 0.7707787
81.277810 -11.8059826 0.3422582 -8.9192657 0.0216564 0.6345832 0.0181253 0.7723384
81.381810 -11.6919785 0.3405137 -8.8954926 0.0207342 0.6329712 0.0198205 0.7736438
81.485930 -11.5771790 0.3384397 -8.8713322 0.0195015 0.6319872 0.0202686 0.7744683
81.694050 -11.3418169 0.3351164 -8.8283081 0.0197967 0.6307516 0.0187636 0.7755052
81.902180 -11.1037703 0.3318226 -8.7862377 0.0195364 0.6314114 0.0197334 0.7749506
82.110180 -10.8687992 0.3260252 -8.7409515 0.0185142 0.6326389 0.0219287 0.7739150
82.214180 -10.7522259 0.3234748 -8.7162228 0.0181462 0.6333936 0.0220350 0.7733032
82.318180 -10.6348810 0.3206340 -8.6915359 0.0180443 0.6341937 0.0223308 0.7726410
82.422200 -10.5178137 0.3175254 -8.6655254 0.0181529 0.6351314 0.0215697 0.7718894
82.526180 -10.3997822 0.3154980 -8.6408033 0.0187463 0.6360465 0.0204422 0.7711521
82.630180 -10.2819862 0.3133107 -8.6144896 0.0187108 0.6373877 0.0202778 0.7700491
82.838070 -10.0459108 0.3072482 -8.5614948 0.0161740 0.6409823 0.0212910 0.7670898
83.046050 -9.8105822 0.3038898 -8.5317554 0.0175319 0.6400524 0.0197033 0.7678785
83.253960 -9.5746574 0.2987631 -8.4789743 0.0163052 0.6442927 0.0194783 0.7643570
83.461930 -9.3489761 0.2945507 -8.4449711 0.0132570 0.6457652 0.0203795 0.7631488
83.669810 -9.0981779 0.2952114 -8.4120083 0.0124211 0.6489094 0.0160197 0.7605956
83.877560 -8.8688593 0.2899528 -8.3915539 0.0125563 0.6490180 0.0170613 0.7604780
84.189660 -8.5297127 0.2864357 -8.3785229 0.0149526 0.6459168 0.0183612 0.7630405
84.397140 -8.2951403 0.2817242 -8.3662405 0.0167510 0.6427226 0.0200495 0.7656534
84.708560 -7.9398856 0.2767831 -8.3264275 0.0163792 0.6379898 0.0211534 0.7695799
84.812320 -7.8250027 0.2757158 -8.3120050 0.0161571 0.6365002 0.0197481 0.7708544
85.020090 -7.6055784 0.2716184 -8.2757425 0.0166019 0.6347048 0.0190258 0.7723420
85.123720 -7.5010362 0.2696269 -8.2588205 0.0160952 0.6341332 0.0191362 0.7728195
85.331180 -7.2952018 0.2641139 -8.2190666 0.0149106 0.6343246 0.0198755 0.7726674
85.435100 -7.1923485 0.2613884 -8.1969814 0.0143680 0.6345798 0.0205393 0.7724508
85.538870 -7.0810180 0.2604166 -8.1793871 0.0140909 0.6337442 0.0202164 0.7731501
85.642600 -6.9763560 0.2580777 -8.1594791 0.0134987 0.6341797 0.0202174 0.7728035
85.746450 -6.8689389 0.2560051 -8.1412725 0.0133095 0.6340108 0.0196185 0.7729607
85.850400 -6.7621965 0.2550103 -8.1202583 0.0132434 0.6349331 0.0192690 0.7722132
85.954220 -6.6553221 0.2539581 -8.0988035 0.0135976 0.6360333 0.0194468 0.7712967
86.058060 -6.5480065 0.2524157 -8.0781145 0.0148430 0.6374897 0.0205427 0.7700419
86.161940 -6.4403572 0.2507948 -8.0543785 0.0161475 0.6403260 0.0210616 0.7676446
86.266420 -6.3347988 0.2498016 -8.0380173 0.0175835 0.6406651 0.0212926 0.7673237
86.369740 -6.2319193 0.2473857 -8.0167284 0.0177155 0.6424891 0.0223464 0.7657640
86.473600 -6.1277790 0.2455630 -7.9947948 0.0169860 0.6446329 0.0231134 0.7639539
86.681310 -5.9243073 0.2411368 -7.9481945 0.0153200 0.6504558 0.0227846 0.7590476
86.889090 -5.7090178 0.2382787 -7.9156651 0.0162707 0.6537377 0.0205963 0.7562659
87.096690 -5.4867411 0.2340737 -7.8935828 0.0179313 0.6554808 0.0189987 0.7547598
87.304430 -5.2732811 0.2295359 -7.8722105 0.0172488 0.6562050 0.0194457 0.7541348
87.512180 -5.0472798 0.2243524 -7.8458781 0.0143131 0.6586422 0.0200524 0.7520528
87.719790 -4.8178620 0.2236258 -7.8233805 0.0119136 0.6587777 0.0170970 0.7520490
87.927320 -4.5753250 0.2215016 -7.7988906 0.0101258 0.6606179 0.0140220 0.7505230
88.135050 -4.3463626 0.2204132 -7.7876821 0.0103360 0.6597032 0.0105282 0.7513814
88.342600 -4.1420574 0.2122817 -7.7665038 0.0098622 0.6603121 0.0150455 0.7507758
88.550190 -3.9274464 0.2097837 -7.7446527 0.0094714 0.6608758 0.0192929 0.7501875
88.757820 -3.7108049 0.2081189 -7.7216082 0.0140104 0.6618246 0.0179426 0.7493129
88.965560 -3.4892514 0.2059510 -7.7039933 0.0145864 0.6614010 0.0169812 0.7496983
89.173320 -3.2880955 0.1989924 -7.6837339 0.0157592 0.6619312 0.0171070 0.7492037
89.381180 -3.0980425 0.1926214 -7.6572022 0.0181414 0.6638501 0.0178455 0.7474326
89.692870 -2.7465036 0.1931233 -7.6456742 0.0178471 0.6628962 0.0204417 0.7482194
90.004580 -2.4513028 0.1879995 -7.6224241 0.0174383 0.6640407 0.0183621 0.7472674
90.212510 -2.2655334 0.1814632 -7.5975447 0.0155243 0.6660568 0.0197584 0.7454777
90.420320 -2.0695782 0.1779570 -7.5844412 0.0162335 0.6661549 0.0200839 0.7453662
90.628220 -1.8796113 0.1745766 -7.5618410 0.0149157 0.6682567 0.0202104 0.7435066
90.836200 -1.7049776 0.1716927 -7.5440588 0.0142016 0.6690857 0.0199181 0.7427825
91.044070 -1.5344982 0.1690594 -7.5267701 0.0123985 0.6696769 0.0203707 0.7422696
91.251940 -1.3689845 0.1677494 -7.5103536 0.0137209 0.6688687 0.0204791 0.7429717
91.459820 -1.2063532 0.1683530 -7.4940329 0.0138330 0.6662889 0.0188306 0.7453275
91.667690 -1.0589863 0.1661827 -7.4795184 0.0140358 0.6626384 0.0170550 0.7486137
91.875570 -0.9106303 0.1641027 -7.4682727 0.0169805 0.6557822 0.0169445 0.7545689
92.083700 -0.7815706 0.1620266 -7.4487567 0.0186133 0.6472824 0.0161287 0.7618523
92.394820 -0.6129788 0.1553702 -7.4141545 0.0183687 0.6311057 0.0176226 0.7752791
92.607140 -0.5106454 0.1524920 -7.3907647 0.0176159 0.6165836 0.0153990 0.7869416
92.913890 -0.3689845 0.1473818 -7.3427434 0.0165982 0.5914533 0.0140434 0.8060461
93.121320 -0.2808708 0.1429243 -7.3092227 0.0159461 0.5702802 0.0131267 0.8211905
93.328690 -0.1983927 0.1400666 -7.2708492 0.0185339 0.5431539 0.0112278 0.8393535
93.432440 -0.1586208 0.1380210 -7.2464147 0.0195186 0.5275567 0.0104921 0.8492308
93.639690 -0.0787742 0.1340930 -7.1932182 0.0202801 0.4881613 0.0137430 0.8724096
93.743290 -0.0438883 0.1327568 -7.1657381 0.0191211 0.4654944 0.0124998 0.8847560
93.847210 -0.0109748 0.1307835 -7.1360822 0.0181382 0.4431966 0.0094636 0.8961909
93.950650 0.0196311 0.1245953 -7.1049170 0.0168234 0.4200507 0.0075427 0.9073133
94.158110 0.0752143 0.1209010 -7.0415568 0.0197378 0.3726080 0.0084225 0.9277407
94.365720 0.1160410 0.1200122 -6.9750843 0.0157103 0.3268670 0.0004685 0.9449397
94.573250 0.1477723 0.1157503 -6.9130373 0.0093585 0.2778635 -0.0007408 0.9605747
94.677090 0.1563020 0.1129631 -6.8853636 0.0054746 0.2537535 0.0015824 0.9672521
94.780820 0.1675418 0.1125554 -6.8495708 0.0023944 0.2307868 0.0003927 0.9730013
94.884790 0.1730337 0.1116388 -6.8184958 -0.0014227 0.2088255 -0.0055754 0.9779360
95.196460 0.1823949 0.1041552 -6.7526603 -0.0022809 0.1410093 -0.0087749 0.9899668
95.300440 0.1980054 0.0986914 -6.7122831 -0.0030671 0.1221021 -0.0078456 0.9924818
95.404570 0.1987031 0.0973007 -6.6805940 -0.0034757 0.1059593 -0.0118488 0.9942938
95.612820 -0.1834704 0.1903338 -6.7170281 0.0356137 0.2079359 -0.0626326 0.9754853
95.717080 -0.1975569 0.1828489 -6.7020693 0.0338954 0.2026756 -0.0649318 0.9765027
95.821210 0.2573756 0.0834956 -6.4699879 -0.0073528 0.0458282 -0.0112696 0.9988587
95.925440 0.5057195 0.0578861 -6.2040911 -0.0488426 -0.0792266 0.0516115 0.9943208
96.029700 0.4848861 0.0599347 -6.1708145 -0.0392904 -0.0711498 0.0424139 0.9957886
96.238190 0.4691981 0.0631025 -6.0546756 -0.0330045 -0.0714523 0.0414015 0.9960377
96.446460 0.3048953 0.0918894 -6.0769296 -0.0030667 -0.0092321 -0.0025342 0.9999495
96.654710 0.2763785 0.1002486 -5.9581079 -0.0003838 -0.0161131 -0.0033856 0.9998643
96.863080 0.2564106 0.1058630 -5.8370671 0.0024410 -0.0207650 -0.0079920 0.9997495
97.071450 0.2532019 0.1050092 -5.6966376 0.0041297 -0.0251409 -0.0095159 0.9996301
97.279720 0.2459630 0.1005107 -5.5552526 0.0031986 -0.0267088 -0.0103964 0.9995841
97.487940 0.2328479 0.0980000 -5.4177747 0.0013024 -0.0265057 -0.0094534 0.9996031
97.696240 0.2229723 0.0952552 -5.2758479 -0.0010438 -0.0273163 -0.0091150 0.9995847
97.904320 0.2128588 0.0942173 -5.1308308 -0.0019954 -0.0288693 -0.0070570 0.9995563
98.112320 0.2106356 0.0911594 -4.9913769 -0.0020221 -0.0316901 -0.0067855 0.9994727
98.320320 0.2044254 0.0879534 -4.8484416 -0.0019712 -0.0337549 -0.0078530 0.9993973
98.528320 0.2024376 0.0857178 -4.7029829 -0.0019458 -0.0358205 -0.0086197 0.9993192
98.736320 0.1952100 0.0835745 -4.5578756 -0.0019886 -0.0352744 -0.0089471 0.9993356
98.944340 0.1903590 0.0806758 -4.4152465 -0.0029884 -0.0351186 -0.0089808 0.9993383
99.152220 0.1824470 0.0784436 -4.2733917 -0.0039705 -0.0336353 -0.0084253 0.9993908
99.360070 0.1803584 0.0772803 -4.1219344 -0.0035378 -0.0333154 -0.0093825 0.9993946
99.567940 0.1952161 0.0725362 -3.9905858 -0.0041535 -0.0340736 -0.0076421 0.9993815
99.775950 0.1895752 0.0698746 -3.8505616 -0.0041302 -0.0313012 -0.0076741 0.9994720
99.983820 0.1834598 0.0690138 -3.7042127 -0.0052865 -0.0281297 -0.0050144 0.9995777
100.191800 0.1834323 0.0679584 -3.5645943 -0.0061881 -0.0263874 -0.0070342 0.9996079
100.399700 0.1965082 0.0634665 -3.4455731 -0.0045413 -0.0279474 -0.0053789 0.9995846
100.607700 0.2020800 0.0608895 -3.3168800 -0.0023306 -0.0290635 -0.0082348 0.9995409
100.815600 0.2114193 0.0606780 -3.1737812 -0.0011347 -0.0321017 -0.0084900 0.9994479
101.023600 0.2078227 0.0583286 -3.0468500 0.0000235 -0.0323442 -0.0090537 0.9994358
101.231500 0.2048296 0.0565274 -2.9169564 0.0005047 -0.0332234 -0.0099109 0.9993987
101.439300 0.1981270 0.0552709 -2.7947264 0.0000965 -0.0340755 -0.0091844 0.9993771
101.647200 0.1910400 0.0528582 -2.6789718 0.0002488 -0.0356649 -0.0084734 0.9993278
101.855100 0.1817598 0.0504899 -2.5659721 0.0010573 -0.0367756 -0.0078541 0.9992921
102.062900 0.1725213 0.0482340 -2.4540467 0.0010283 -0.0384356 -0.0076872 0.9992310
102.270800 0.1631358 0.0457440 -2.3418717 0.0008906 -0.0401965 -0.0062318 0.9991720
102.478700 0.1528873 0.0438252 -2.2314982 -0.0000364 -0.0417019 -0.0059492 0.9991124
102.686600 0.1425732 0.0417779 -2.1231260 -0.0011139 -0.0431672 -0.0063378 0.9990472
102.894400 0.1330251 0.0401008 -2.0172079 -0.0014886 -0.0442532 -0.0061700 0.9990002
103.102400 0.1233194 0.0383788 -1.9153702 -0.0016603 -0.0438948 -0.0072314 0.9990086
103.310300 0.1146613 0.0363675 -1.8174733 -0.0014893 -0.0423080 -0.0075605 0.9990749
103.518300 0.1066965 0.0348204 -1.7240525 -0.0011866 -0.0408614 -0.0070425 0.9991393
103.830300 0.0964099 0.0324904 -1.5907695 -0.0006352 -0.0391830 -0.0072851 0.9992053
104.038400 0.0897412 0.0307092 -1.5080283 -0.0009334 -0.0379855 -0.0071575 0.9992522
104.350600 0.0812093 0.0283342 -1.3952966 -0.0022695 -0.0365405 -0.0069277 0.9993056
104.558200 0.0757046 0.0272227 -1.3289648 -0.0024812 -0.0355764 -0.0078273 0.9993332
104.766200 0.0720108 0.0261276 -1.2706324 -0.0019240 -0.0349356 -0.0067321 0.9993650
104.974200 0.0678356 0.0250198 -1.2178861 -0.0014048 -0.0342521 -0.0068368 0.9993889
105.181900 0.0642808 0.0241427 -1.1687039 0.0000303 -0.0337340 -0.0063212 0.9994109
105.390000 0.0609317 0.0230546 -1.1205413 0.0010094 -0.0333152 -0.0060839 0.9994259
105.597900 0.0574660 0.0220214 -1.0725358 0.0003803 -0.0330013 -0.0060366 0.9994370
105.909700 0.0523035 0.0209441 -1.0023428 0.0002266 -0.0329781 -0.0058378 0.9994390
106.117600 0.0488788 0.0201185 -0.9563422 0.0001440 -0.0335408 -0.0049687 0.9994250
106.325500 0.0449614 0.0193658 -0.9112588 0.0000756 -0.0373235 -0.0042402 0.9992942
106.637700 0.0366226 0.0182763 -0.8448663 0.0005052 -0.0477371 -0.0054664 0.9988449
106.949400 0.0281481 0.0164113 -0.7795570 0.0005686 -0.0554193 -0.0068324 0.9984396
107.156800 0.0225342 0.0154606 -0.7370698 0.0006313 -0.0599206 -0.0069787 0.9981785
107.364700 0.0153308 0.0146167 -0.6943532 0.0010777 -0.0607763 -0.0095106 0.9981055
107.676800 0.0080475 0.0132556 -0.6313230 0.0009855 -0.0587897 -0.0089136 0.9982301
107.989000 0.0015364 0.0122416 -0.5688230 0.0011175 -0.0551164 -0.0087751 0.9984407
108.301100 -0.0045771 0.0111713 -0.5070007 0.0011952 -0.0499622 -0.0084676 0.9987145
108.613000 -0.0095789 0.0099050 -0.4441462 0.0025034 -0.0436827 -0.0084786 0.9990063
108.821000 -0.0126270 0.0087861 -0.3978913 0.0033068 -0.0390938 -0.0081432 0.9991969
109.132800 -0.0163658 0.0072473 -0.3204283 0.0026337 -0.0316771 -0.0065237 0.9994734
109.444700 -0.0192166 0.0057867 -0.2341663 0.0009080 -0.0242460 -0.0049040 0.9996936
109.652600 -0.0210542 0.0048406 -0.1729925 0.0000830 -0.0199827 -0.0048086 0.9997888
109.860500 -0.0225460 0.0037576 -0.1086209 -0.0005335 -0.0160720 -0.0033459 0.9998651
111.106600 -0.0309463 -0.0067336 0.3175685 0.0088514 -0.0246861 -0.0037453 0.9996490
111.521300 -0.0514785 -0.0110522 0.4520808 0.0030524 -0.0709402 -0.0051164 0.9974627
111.936400 -0.0861420 -0.0131894 0.5781131 -0.0028998 -0.1195215 -0.0093597 0.9927832
112.352500 -0.1230256 -0.0152919 0.7008228 -0.0071979 -0.1284520 -0.0181877 0.9915228
112.769200 -0.1462465 -0.0147532 0.8095753 -0.0104514 -0.1102834 -0.0132529 0.9937568
113.081600 -0.1533726 -0.0152108 0.8546522 -0.0092168 -0.0965826 -0.0122324 0.9952071
113.497700 -0.1549979 -0.0153419 0.8701278 -0.0076524 -0.0914621 -0.0117859 0.9957094
