0.000000 0.0000000 -0.0000000 -0.0000000 -0.0000000 -0.0000000 0.0000000 1.0000000
0.519499 -0.0045738 -0.0003184 0.0455420 0.0017330 -0.0211094 -0.0010866 0.9997751
0.623377 -0.0063326 -0.0002000 0.0566814 0.0022857 -0.0279144 -0.0009634 0.9996073
0.830874 -0.0112500 -0.0005315 0.0824657 0.0021789 -0.0454005 -0.0002488 0.9989665
1.245873 -0.0287129 -0.0023127 0.1414785 0.0041363 -0.0915261 -0.0037516 0.9957870
1.453253 -0.0420077 -0.0032756 0.1738576 0.0049068 -0.1199909 -0.0057984 0.9927459
1.660772 -0.0577417 -0.0037791 0.2073909 0.0047368 -0.1521616 -0.0078282 0.9883133
2.282875 -0.1229453 -0.0049152 0.3067726 0.0046480 -0.2641328 -0.0078483 0.9644432
2.697329 -0.1918865 -0.0065937 0.3692912 0.0022053 -0.3616875 -0.0128830 0.9322078
2.904641 -0.2338447 -0.0066646 0.3998123 -0.0002712 -0.4148941 -0.0078750 0.9098356
3.008248 -0.2577957 -0.0068290 0.4132022 -0.0016218 -0.4408585 -0.0070588 0.8975474
3.112001 -0.2833746 -0.0065482 0.4265493 -0.0032242 -0.4674434 -0.0065577 0.8839928
3.215751 -0.3107083 -0.0061442 0.4388503 -0.0042455 -0.4941095 -0.0062464 0.8693668
3.423126 -0.3715969 -0.0058061 0.4580894 -0.0067140 -0.5454218 -0.0067834 0.8381074
3.526893 -0.4053441 -0.0058315 0.4661518 -0.0077612 -0.5702200 -0.0073454 0.8214225
3.630648 -0.4407551 -0.0053144 0.4731537 -0.0096383 -0.5938997 -0.0076193 0.8044453
3.838251 -0.5178792 -0.0052093 0.4835163 -0.0130221 -0.6365516 -0.0063301 0.7710982
3.942122 -0.5587865 -0.0045588 0.4856193 -0.0123940 -0.6549477 -0.0072930 0.7555374
4.046284 -0.6015322 -0.0037515 0.4859137 -0.0112998 -0.6709138 -0.0085017 0.7414005
4.150266 -0.6460086 -0.0027463 0.4857183 -0.0102188 -0.6849408 -0.0084214 0.7284784
4.254380 -0.6920576 -0.0017427 0.4841019 -0.0092227 -0.6973662 -0.0073589 0.7166179
4.462646 -0.7902769 -0.0008258 0.4781273 -0.0077404 -0.7178319 -0.0058088 0.6961492
4.671250 -0.8953844 0.0011471 0.4689461 -0.0066340 -0.7306634 -0.0045478 0.6826905
4.879959 -1.0081496 0.0025100 0.4570752 -0.0071211 -0.7383404 -0.0050382 0.6743718
4.984250 -1.0667114 0.0024485 0.4504040 -0.0068399 -0.7406211 -0.0063430 0.6718582
5.192878 -1.1890893 0.0040624 0.4371484 -0.0080593 -0.7425736 -0.0062391 0.6696870
5.297154 -1.2524974 0.0049751 0.4305339 -0.0096429 -0.7422029 -0.0061179 0.6700780
5.505749 -1.3843323 0.0062943 0.4169681 -0.0093074 -0.7411460 -0.0082852 0.6712282
5.714253 -1.5219604 0.0085921 0.4032598 -0.0078931 -0.7401983 -0.0077778 0.6722974
5.922523 -1.6672958 0.0106219 0.3893139 -0.0095497 -0.7389370 -0.0106098 0.6736233
6.130876 -1.8174511 0.0129900 0.3747450 -0.0092671 -0.7376422 -0.0119065 0.6750231
6.339025 -1.9728856 0.0162030 0.3602378 -0.0069391 -0.7365720 -0.0118301 0.6762201
6.547271 -2.1322126 0.0189597 0.3469338 -0.0100536 -0.7356782 -0.0116554 0.6771563
6.755380 -2.2947097 0.0214834 0.3327257 -0.0094563 -0.7350044 -0.0101932 0.6779197
6.963378 -2.4586363 0.0236966 0.3196839 -0.0072193 -0.7350582 -0.0040422 0.6779535
7.171256 -2.6268387 0.0249473 0.3054927 -0.0102352 -0.7352473 -0.0068137 0.6776875
7.379272 -2.7969971 0.0267469 0.2902577 -0.0132335 -0.7353728 -0.0128029 0.6774126
7.587271 -2.9653420 0.0289510 0.2749992 -0.0115564 -0.7355687 -0.0124225 0.6772377
7.795131 -3.1345406 0.0323513 0.2588986 -0.0105129 -0.7356590 -0.0123483 0.6771579
8.003004 -3.3022590 0.0344448 0.2442670 -0.0102226 -0.7356281 -0.0132863 0.6771782
8.211004 -3.4685881 0.0370728 0.2296445 -0.0065349 -0.7354688 -0.0104146 0.6774470
8.418880 -3.6356084 0.0387864 0.2154522 -0.0079782 -0.7350947 -0.0110812 0.6778269
8.626899 -3.8026035 0.0414828 0.2011433 -0.0117947 -0.7346572 -0.0145615 0.6781797
8.834756 -3.9681170 0.0447997 0.1879660 -0.0129771 -0.7347038 -0.0154721 0.6780874
9.042758 -4.1317000 0.0478209 0.1738927 -0.0096862 -0.7345383 -0.0127100 0.6783790
9.250652 -4.2961030 0.0498308 0.1582652 -0.0055989 -0.7346206 -0.0138538 0.6783136
9.458529 -4.4589367 0.0513098 0.1453250 -0.0056017 -0.7353833 -0.0096652 0.6775593
9.666385 -4.6224041 0.0524771 0.1312937 -0.0079526 -0.7362457 -0.0087064 0.6766116
9.874249 -4.7855010 0.0532958 0.1172509 -0.0129868 -0.7374671 -0.0107062 0.6751732
10.082130 -4.9459572 0.0551528 0.1012528 -0.0101416 -0.7383441 -0.0101249 0.6742719
10.290010 -5.1039071 0.0569014 0.0841440 -0.0052562 -0.7391834 -0.0116198 0.6733834
10.497760 -5.2612085 0.0577606 0.0676009 -0.0056068 -0.7397891 -0.0132124 0.6726857
10.705630 -5.4155335 0.0589641 0.0516007 -0.0048625 -0.7403008 -0.0138110 0.6721164
10.913510 -5.5675626 0.0607776 0.0364501 -0.0071760 -0.7406030 -0.0146482 0.6717448
11.121380 -5.7195487 0.0629971 0.0208562 -0.0091354 -0.7408298 -0.0170246 0.6714149
11.433260 -5.9404030 0.0676668 -0.0028323 -0.0076280 -0.7412046 -0.0141058 0.6710876
11.745130 -6.1473274 0.0681017 -0.0238142 -0.0047235 -0.7400292 -0.0132493 0.6724276
12.057260 -6.3415837 0.0693626 -0.0399000 -0.0065071 -0.7343678 -0.0141064 0.6785740
12.369630 -6.5233650 0.0713458 -0.0508660 -0.0060215 -0.7221116 -0.0174432 0.6915304
12.682390 -6.6875663 0.0730001 -0.0486999 -0.0063342 -0.6988606 -0.0185888 0.7149882
12.891130 -6.7855115 0.0747620 -0.0390817 -0.0072405 -0.6757476 -0.0168731 0.7369044
13.099880 -6.8759618 0.0756601 -0.0216359 -0.0078856 -0.6461068 -0.0160465 0.7630376
13.308760 -6.9610333 0.0761102 0.0034492 -0.0098459 -0.6088031 -0.0141692 0.7931337
13.517630 -7.0401926 0.0759974 0.0401262 -0.0118642 -0.5659067 -0.0067112 0.8243566
13.726510 -7.1148415 0.0782295 0.0848769 -0.0124786 -0.5186352 -0.0033249 0.8548981
13.935130 -7.1839066 0.0791109 0.1376481 -0.0156674 -0.4718109 0.0006862 0.8815603
14.143650 -7.2453628 0.0794398 0.1977645 -0.0175436 -0.4237419 0.0070429 0.9055856
14.352150 -7.3019848 0.0805521 0.2621064 -0.0076952 -0.3724669 0.0082860 0.9279766
14.456380 -7.3291292 0.0810884 0.2983111 -0.0028776 -0.3452041 0.0076550 0.9384920
14.560630 -7.3547115 0.0809047 0.3377704 -0.0012143 -0.3172219 0.0074601 0.9483212
14.769010 -7.4030933 0.0809658 0.4255104 0.0014336 -0.2609401 0.0065809 0.9653315
14.977150 -7.4462690 0.0793325 0.5242423 0.0011075 -0.2106041 0.0025021 0.9775676
15.081160 -7.4661698 0.0790912 0.5768647 0.0024542 -0.1884725 0.0000804 0.9820754
15.185010 -7.4849057 0.0785480 0.6320620 0.0020262 -0.1693275 -0.0025107 0.9855546
15.288760 -7.5022440 0.0773331 0.6896749 0.0008774 -0.1536258 -0.0026275 0.9881252
15.496190 -7.5342932 0.0763469 0.8116714 -0.0010247 -0.1301102 -0.0023724 0.9914962
15.599910 -7.5495563 0.0761409 0.8759552 -0.0022331 -0.1208675 -0.0031331 0.9926612
15.807320 -7.5803466 0.0757581 1.0087228 -0.0031352 -0.1061790 -0.0077709 0.9943117
15.911010 -7.5935993 0.0756959 1.0776695 -0.0030974 -0.0995866 -0.0070193 0.9949993
16.118550 -7.6182919 0.0752264 1.2201586 -0.0033146 -0.0854093 -0.0072721 0.9963139
16.222360 -7.6300592 0.0749890 1.2941356 -0.0035849 -0.0782297 -0.0081166 0.9968958
16.326140 -7.6409779 0.0740914 1.3687675 -0.0022278 -0.0717535 -0.0085336 0.9973834
16.533760 -7.6610475 0.0728097 1.5230840 0.0034696 -0.0613052 -0.0083833 0.9980778
16.741260 -7.6798768 0.0709711 1.6827809 0.0004306 -0.0537718 -0.0092931 0.9985099
16.948890 -7.6972742 0.0686981 1.8448030 -0.0053591 -0.0493114 -0.0114777 0.9987031
17.156420 -7.7129030 0.0675992 2.0043712 -0.0044878 -0.0460268 -0.0108480 0.9988712
17.364000 -7.7267995 0.0665842 2.1637933 -0.0068675 -0.0434556 -0.0089082 0.9989920
17.571660 -7.7405019 0.0652158 2.3236649 -0.0060531 -0.0406113 -0.0076389 0.9991275
17.779390 -7.7531672 0.0635591 2.4786706 0.0014069 -0.0390832 -0.0095101 0.9991897
17.987010 -7.7665401 0.0607275 2.6353953 0.0026356 -0.0371960 -0.0107153 0.9992471
18.194760 -7.7797742 0.0576914 2.7923079 -0.0017244 -0.0347901 -0.0140434 0.9992945
18.402390 -7.7908835 0.0558566 2.9475844 -0.0026695 -0.0328707 -0.0115220 0.9993896
18.713910 -7.8053513 0.0528579 3.1786761 -0.0012937 -0.0315873 -0.0092605 0.9994572
18.921640 -7.8164411 0.0511125 3.3352511 -0.0018233 -0.0306391 -0.0104628 0.9994741
19.129390 -7.8260274 0.0496097 3.4932594 -0.0012308 -0.0317429 -0.0099734 0.9994456
19.337010 -7.8373365 0.0484738 3.6538808 -0.0011792 -0.0343287 -0.0095836 0.9993640
19.544760 -7.8506937 0.0459034 3.8158169 0.0014203 -0.0370835 -0.0120016 0.9992391
19.752390 -7.8649020 0.0437931 3.9782131 0.0040017 -0.0392098 -0.0120132 0.9991508
19.960140 -7.8794470 0.0404349 4.1431808 0.0028616 -0.0413071 -0.0114469 0.9990768
20.167930 -7.8944044 0.0381076 4.3106437 0.0001158 -0.0427966 -0.0106775 0.9990267
20.375760 -7.9091520 0.0359869 4.4822469 -0.0032711 -0.0431131 -0.0102925 0.9990118
20.583640 -7.9248714 0.0349690 4.6544032 -0.0025652 -0.0411716 -0.0117717 0.9990795
20.791530 -7.9382501 0.0331611 4.8265262 -0.0007462 -0.0395294 -0.0085531 0.9991815
20.999260 -7.9515557 0.0309482 5.0006852 -0.0019487 -0.0380499 -0.0067669 0.9992510
21.207140 -7.9636760 0.0284035 5.1729064 -0.0034737 -0.0374938 -0.0051048 0.9992778
21.519010 -7.9837203 0.0245299 5.4272261 0.0038276 -0.0362878 -0.0080432 0.9993017
21.830760 -8.0029106 0.0185165 5.6774259 0.0043100 -0.0353254 -0.0088127 0.9993277
22.038660 -8.0157518 0.0145427 5.8441224 -0.0043099 -0.0362521 -0.0077638 0.9993032
22.246540 -8.0276175 0.0124632 6.0055475 -0.0014051 -0.0384419 -0.0044379 0.9992500
22.558370 -8.0481834 0.0083137 6.2444735 0.0022617 -0.0429652 -0.0053805 0.9990595
22.766140 -8.0630789 0.0044069 6.4011731 0.0059934 -0.0466950 -0.0069097 0.9988673
22.974020 -8.0799007 0.0002261 6.5556555 0.0053056 -0.0501629 -0.0108104 0.9986684
23.181990 -8.0965548 -0.0036109 6.7093101 -0.0004166 -0.0545540 -0.0120924 0.9984375
23.389770 -8.1145020 -0.0051671 6.8595810 -0.0024756 -0.0603613 -0.0115013 0.9981073
23.493760 -8.1246071 -0.0062474 6.9329972 -0.0044681 -0.0632618 -0.0103777 0.9979330
23.701510 -8.1461315 -0.0077739 7.0788202 -0.0035833 -0.0695581 -0.0128816 0.9974883
23.909390 -8.1685286 -0.0094685 7.2211747 -0.0001972 -0.0756373 -0.0135291 0.9970436
24.117270 -8.1923552 -0.0109603 7.3633809 -0.0018181 -0.0808425 -0.0148979 0.9966139
24.221270 -8.2044592 -0.0116315 7.4332757 -0.0038406 -0.0839789 -0.0152389 0.9963436
24.429140 -8.2299709 -0.0129435 7.5708289 -0.0029683 -0.0907167 -0.0134618 0.9957813
24.636890 -8.2575083 -0.0142283 7.7062616 0.0014969 -0.0995691 -0.0116594 0.9949612
24.844640 -8.2876816 -0.0160249 7.8409410 -0.0030769 -0.1108635 -0.0109590 0.9937705
25.052390 -8.3214769 -0.0169649 7.9736071 -0.0084801 -0.1225567 -0.0118636 0.9923544
25.260140 -8.3583794 -0.0173779 8.1022587 -0.0011183 -0.1344822 -0.0139588 0.9908171
25.467890 -8.3974237 -0.0174889 8.2312088 -0.0011050 -0.1471646 -0.0120566 0.9890379
25.675640 -8.4413881 -0.0184559 8.3594160 -0.0073969 -0.1589838 -0.0120562 0.9871799
25.987390 -8.5110722 -0.0192009 8.5488176 -0.0010516 -0.1761153 -0.0087778 0.9843298
26.195270 -8.5603466 -0.0205335 8.6742964 0.0027721 -0.1839571 -0.0075239 0.9829016
26.403140 -8.6128101 -0.0229052 8.8000879 0.0020966 -0.1921425 -0.0100041 0.9813138
26.507020 -8.6390982 -0.0230176 8.8630075 -0.0011553 -0.1964584 -0.0096449 0.9804640
26.714890 -8.6956463 -0.0244840 8.9886961 -0.0080066 -0.2030162 -0.0142632 0.9790388
26.818890 -8.7245293 -0.0244188 9.0504608 -0.0055420 -0.2060605 -0.0183197 0.9783521
27.026890 -8.7805252 -0.0243734 9.1742535 0.0015027 -0.2117144 -0.0138906 0.9772317
27.234770 -8.8401814 -0.0255442 9.2994194 -0.0001540 -0.2161781 -0.0171017 0.9762042
27.546520 -8.9309082 -0.0277914 9.4856081 0.0017028 -0.2243819 -0.0159466 0.9743693
27.650520 -8.9619131 -0.0283435 9.5469770 0.0050301 -0.2269309 -0.0153937 0.9737762
27.858410 -9.0254869 -0.0304938 9.6701860 0.0039850 -0.2315958 -0.0172087 0.9726517
28.066150 -9.0896521 -0.0327377 9.7920151 0.0028440 -0.2362787 -0.0182843 0.9715091
28.274040 -9.1534195 -0.0348461 9.9127121 0.0031480 -0.2411652 -0.0163539 0.9703411
28.481890 -9.2193823 -0.0369116 10.0313244 0.0027272 -0.2455527 -0.0167843 0.9692341
28.689660 -9.2851925 -0.0392720 10.1474028 0.0046913 -0.2501762 -0.0161833 0.9680537
28.897520 -9.3505898 -0.0423388 10.2616205 0.0079869 -0.2546241 -0.0146468 0.9668962
29.105390 -9.4167643 -0.0444240 10.3751459 0.0019219 -0.2583014 -0.0158465 0.9659325
29.313270 -9.4818363 -0.0458659 10.4855003 -0.0056275 -0.2611414 -0.0147204 0.9651719
29.521140 -9.5441923 -0.0463980 10.5896883 -0.0039280 -0.2644022 -0.0126066 0.9643221
29.729040 -9.6041460 -0.0470853 10.6890745 -0.0021682 -0.2675166 -0.0110800 0.9634871
29.936770 -9.6618462 -0.0483502 10.7823267 -0.0027615 -0.2699001 -0.0102332 0.9628300
30.144650 -9.7164116 -0.0493314 10.8693295 -0.0040277 -0.2721218 -0.0090747 0.9622116
30.352400 -9.7664108 -0.0498572 10.9482870 -0.0038504 -0.2742879 -0.0075609 0.9616102
30.560270 -9.8128767 -0.0512956 11.0191040 0.0000070 -0.2765816 -0.0074836 0.9609613
30.871790 -9.8753023 -0.0520712 11.1155939 -0.0006362 -0.2839053 -0.0037013 0.9588450
31.079540 -9.9143972 -0.0527747 11.1712875 -0.0024926 -0.2902488 -0.0080540 0.9569141
31.494660 -9.9820814 -0.0539733 11.2644053 -0.0097113 -0.3073017 -0.0070401 0.9515365
31.702150 -10.0122986 -0.0542645 11.3015413 -0.0111251 -0.3220994 -0.0058944 0.9466221
31.909520 -10.0418234 -0.0544995 11.3321266 -0.0093382 -0.3414300 -0.0065078 0.9398383
32.116900 -10.0687008 -0.0552608 11.3582478 -0.0044984 -0.3625389 -0.0053032 0.9319427
32.324400 -10.0967522 -0.0551271 11.3808460 0.0004127 -0.3831852 -0.0094781 0.9236228
32.842900 -10.1717472 -0.0546377 11.4333668 -0.0031946 -0.4442933 -0.0116326 0.8958002
33.050400 -10.2041540 -0.0540236 11.4499588 -0.0047216 -0.4711790 -0.0148723 0.8818996
33.257770 -10.2373257 -0.0546128 11.4636116 -0.0051365 -0.4977889 -0.0195066 0.8670636
33.465270 -10.2713871 -0.0550523 11.4760761 -0.0059516 -0.5256843 -0.0208865 0.8504025
33.672790 -10.3099279 -0.0547273 11.4867792 -0.0029294 -0.5561562 -0.0188784 0.8308582
33.880040 -10.3556147 -0.0538551 11.4968138 -0.0023245 -0.5911809 -0.0180229 0.8063343
34.087400 -10.4079638 -0.0524974 11.5022650 -0.0015298 -0.6278002 -0.0166035 0.7781960
34.294770 -10.4658623 -0.0519652 11.5029736 -0.0021907 -0.6657469 -0.0158725 0.7460056
34.502140 -10.5296173 -0.0498909 11.4992104 -0.0050598 -0.7042064 -0.0160825 0.7097951
34.709660 -10.5977993 -0.0478595 11.4894485 -0.0089831 -0.7415544 -0.0149307 0.6706665
34.917150 -10.6709137 -0.0450449 11.4699116 -0.0111736 -0.7758786 -0.0147159 0.6306116
35.021020 -10.7096577 -0.0434801 11.4571581 -0.0124901 -0.7917219 -0.0141185 0.6105907
35.228670 -10.7887897 -0.0413027 11.4252338 -0.0165789 -0.8212849 -0.0115885 0.5701595
35.332520 -10.8293943 -0.0398962 11.4050455 -0.0184709 -0.8346305 -0.0104566 0.5504011
35.436400 -10.8713627 -0.0389620 11.3825035 -0.0201814 -0.8471045 -0.0096174 0.5309559
35.540420 -10.9139204 -0.0373917 11.3570471 -0.0211194 -0.8584309 -0.0090186 0.5124149
35.644400 -10.9571991 -0.0361506 11.3290596 0.0216645 0.8682089 0.0088282 -0.4956470
35.957050 -11.0945082 -0.0317287 11.2299213 0.0196713 0.8877143 0.0089156 -0.4598879
36.165670 -11.1926813 -0.0281123 11.1545038 0.0195435 0.8946717 0.0093774 -0.4461980
36.374170 -11.2960386 -0.0249581 11.0726337 0.0208886 0.8995309 0.0095562 -0.4362527
36.478420 -11.3490267 -0.0232813 11.0292482 0.0206831 0.9012631 0.0100248 -0.4326622
36.582670 -11.4037218 -0.0212784 10.9842224 0.0205112 0.9028128 0.0102927 -0.4294210
36.791110 -11.5157547 -0.0175499 10.8905182 0.0211831 0.9049169 0.0103784 -0.4249340
36.999490 -11.6336432 -0.0134223 10.7919903 0.0220107 0.9058185 0.0103168 -0.4229680
37.207650 -11.7558451 -0.0094053 10.6880589 0.0220307 0.9061901 0.0095760 -0.4221877
37.415890 -11.8823919 -0.0048006 10.5805235 0.0221544 0.9065341 0.0094452 -0.4214449
37.624150 -12.0139303 -0.0006982 10.4684019 0.0224006 0.9069310 0.0119557 -0.4205134
37.832280 -12.1481800 0.0037995 10.3535337 0.0221677 0.9073100 0.0108315 -0.4197378
38.040280 -12.2864838 0.0087401 10.2362156 0.0235683 0.9077137 0.0092988 -0.4188244
38.248280 -12.4282885 0.0137423 10.1141357 0.0235583 0.9082180 0.0073206 -0.4177697
38.456150 -12.5714245 0.0169950 9.9897976 0.0208899 0.9087480 0.0042430 -0.4168005
38.664150 -12.7187414 0.0197566 9.8613396 0.0191908 0.9086840 0.0055273 -0.4170066
38.872030 -12.8680162 0.0221299 9.7319889 0.0207320 0.9087155 0.0079223 -0.4168256
39.079900 -13.0193434 0.0252615 9.6017351 0.0222074 0.9088805 0.0088765 -0.4163704
39.287780 -13.1666126 0.0285260 9.4714365 0.0216394 0.9088210 0.0095049 -0.4165162
39.495830 -13.3159800 0.0318883 9.3412933 0.0218726 0.9089037 0.0108171 -0.4162914
39.703630 -13.4663296 0.0362456 9.2112246 0.0222672 0.9091707 0.0108240 -0.4156870
39.911280 -13.6142120 0.0402544 9.0822344 0.0225253 0.9095635 0.0098595 -0.4148368
40.119140 -13.7622614 0.0433426 8.9522400 0.0223889 0.9100609 0.0099829 -0.4137490
40.326930 -13.9090796 0.0470557 8.8227797 0.0215544 0.9103607 0.0094471 -0.4131459
40.534990 -14.0557489 0.0508655 8.6927271 0.0199224 0.9104562 0.0103274 -0.4129964
40.742540 -14.2018089 0.0541969 8.5634317 0.0185216 0.9099585 0.0101583 -0.4141610
40.950400 -14.3491888 0.0577486 8.4347363 0.0178655 0.9092652 0.0097357 -0.4157196
41.158230 -14.4975500 0.0611042 8.3057661 0.0210030 0.9086125 0.0121081 -0.4169360
41.365930 -14.6456728 0.0655584 8.1790152 0.0241504 0.9082444 0.0153429 -0.4174607
41.469820 -14.7187700 0.0682813 8.1159019 0.0230514 0.9082710 0.0133895 -0.4175322
41.573580 -14.7917852 0.0711839 8.0519705 0.0217884 0.9082947 0.0112599 -0.4176113
41.677410 -14.8651447 0.0735157 7.9885015 0.0220080 0.9082546 0.0110770 -0.4176918
41.885060 -15.0111589 0.0772121 7.8623519 0.0231232 0.9083447 0.0132557 -0.4173720
42.092740 -15.1543512 0.0813434 7.7385936 0.0229080 0.9086733 0.0115596 -0.4167186
42.300170 -15.2973251 0.0860641 7.6129522 0.0240024 0.9088562 0.0140318 -0.4161820
42.507790 -15.4390345 0.0912205 7.4896021 0.0255166 0.9090813 0.0152660 -0.4155562
42.715290 -15.5801086 0.0963573 7.3670611 0.0255890 0.9094937 0.0133877 -0.4147133
42.922920 -15.7196856 0.1013784 7.2439089 0.0231366 0.9093271 0.0134731 -0.4152197
43.130550 -15.8585682 0.1058403 7.1226788 0.0214990 0.9091362 0.0141004 -0.4157047
43.338330 -15.9964657 0.1106089 7.0024905 0.0214698 0.9087679 0.0144373 -0.4164991
43.545910 -16.1332092 0.1147446 6.8831863 0.0202770 0.9085274 0.0136890 -0.4171084
43.753650 -16.2691517 0.1196918 6.7670574 0.0225455 0.9082792 0.0131687 -0.4175489
43.961280 -16.4046364 0.1238274 6.6510653 0.0223075 0.9081715 0.0120123 -0.4178309
44.169050 -16.5363274 0.1271874 6.5378108 0.0217352 0.9078226 0.0090913 -0.4186921
44.376660 -16.6661110 0.1297650 6.4259105 0.0206097 0.9075934 0.0108557 -0.4192035
44.584310 -16.7923450 0.1319056 6.3179069 0.0202600 0.9076429 0.0105924 -0.4191201
44.792180 -16.9148293 0.1345634 6.2116342 0.0202780 0.9076300 0.0104682 -0.4191503
44.999710 -17.0329018 0.1362468 6.1092811 0.0199469 0.9075972 0.0108243 -0.4192282
45.207330 -17.1485329 0.1388859 6.0105267 0.0207236 0.9076935 0.0119982 -0.4189500
45.415240 -17.2607346 0.1421980 5.9135418 0.0222175 0.9077052 0.0133928 -0.4188059
45.622980 -17.3694458 0.1455294 5.8217192 0.0244513 0.9079491 0.0134382 -0.4181508
45.831090 -17.4724770 0.1483762 5.7319632 0.0247940 0.9082823 0.0135756 -0.4174019
46.038180 -17.5723629 0.1495963 5.6457644 0.0264339 0.9091306 0.0124510 -0.4154851
46.349680 -17.7130547 0.1545176 5.5190578 0.0298414 0.9135649 0.0095461 -0.4054843
46.660970 -17.8401031 0.1575152 5.3954806 0.0334677 0.9218715 0.0086700 -0.3859504
47.075560 -17.9841747 0.1613098 5.2273560 0.0366912 0.9395801 0.0080802 -0.3402613
47.386540 -18.0683250 0.1632571 5.0987988 0.0332378 0.9559782 0.0111493 -0.2913359
47.697410 -18.1293354 0.1651425 4.9701753 0.0278997 0.9734636 0.0127155 -0.2267785
48.008600 -18.1669102 0.1652468 4.8387113 0.0146324 0.9873542 0.0112104 -0.1574546
48.216060 -18.1838226 0.1661747 4.7486143 0.0135530 0.9940510 0.0103731 -0.1075697
48.423630 -18.1899910 0.1666350 4.6570692 0.0101795 0.9982119 0.0133872 -0.0573610
48.631190 -18.1846275 0.1682683 4.5665121 0.0041054 0.9998141 0.0175932 -0.0067419
48.734910 -18.1801338 0.1687042 4.5220032 0.0062495 0.9996442 0.0173391 0.0192849
48.838780 -18.1743393 0.1681098 4.4781451 0.0107769 0.9987745 0.0170523 0.0451960
48.942530 -18.1652336 0.1688211 4.4353156 0.0125357 0.9973060 0.0156399 0.0705622
49.046410 -18.1535225 0.1685331 4.3932204 0.0133417 0.9952173 0.0150128 0.0955995
49.150280 -18.1398067 0.1691816 4.3523269 0.0131817 0.9925354 0.0136566 0.1204714
49.254030 -18.1242809 0.1698151 4.3119078 0.0140904 0.9891564 0.0129209 0.1456165
49.357910 -18.1075974 0.1710028 4.2714720 0.0166782 0.9850631 0.0128081 0.1709049
49.565780 -18.0662651 0.1708650 4.1920066 0.0162021 0.9761506 0.0132924 0.2160805
49.773780 -18.0167847 0.1713097 4.1111674 0.0157796 0.9666167 0.0174977 0.2551410
49.878030 -17.9905033 0.1716129 4.0714045 0.0176553 0.9621553 0.0191673 0.2712528
49.982180 -17.9624405 0.1716853 4.0322251 0.0176439 0.9579828 0.0197140 0.2856030
50.086410 -17.9327946 0.1720523 3.9932799 0.0170571 0.9542475 0.0200584 0.2978565
50.190690 -17.9023647 0.1726125 3.9543481 0.0162173 0.9510199 0.0195470 0.3080843
50.295050 -17.8712902 0.1731440 3.9150681 0.0160869 0.9483261 0.0192177 0.3163060
50.399300 -17.8391895 0.1734813 3.8753312 0.0154723 0.9461566 0.0186428 0.3228013
50.503680 -17.8061848 0.1739491 3.8353591 0.0147795 0.9443961 0.0179110 0.3279891
50.712390 -17.7370796 0.1751801 3.7530687 0.0145544 0.9418077 0.0157202 0.3354687
50.920920 -17.6653385 0.1757045 3.6668355 0.0169985 0.9401582 0.0162097 0.3399276
51.129530 -17.5892086 0.1757845 3.5786455 0.0143436 0.9391927 0.0138815 0.3428101
51.338030 -17.5091553 0.1769498 3.4860682 0.0139179 0.9387836 0.0143691 0.3439262
51.546400 -17.4265575 0.1773610 3.3875134 0.0166598 0.9389534 0.0149245 0.3433165
51.754650 -17.3393650 0.1779768 3.2865641 0.0156026 0.9391521 0.0087954 0.3430343
51.962780 -17.2487183 0.1783278 3.1794775 0.0174517 0.9393525 0.0070499 0.3424364
52.171030 -17.1518059 0.1772656 3.0670309 0.0128459 0.9395570 0.0081062 0.3420556
52.379030 -17.0514450 0.1769450 2.9489231 0.0105747 0.9394290 0.0087296 0.3424689
52.587160 -16.9463959 0.1776537 2.8250926 0.0098440 0.9395661 0.0123202 0.3420040
52.795150 -16.8376141 0.1778294 2.6982441 0.0068253 0.9394552 0.0109386 0.3424290
53.003160 -16.7266521 0.1790821 2.5666058 0.0089546 0.9392030 0.0104940 0.3430852
53.211180 -16.6124744 0.1799560 2.4303119 0.0102474 0.9392159 0.0151759 0.3428383
53.419160 -16.4962692 0.1808986 2.2925215 0.0131949 0.9391395 0.0139729 0.3429980
53.627040 -16.3764496 0.1819084 2.1514513 0.0161525 0.9391813 0.0114634 0.3428500
53.835050 -16.2539940 0.1819280 2.0076020 0.0151217 0.9394982 0.0119018 0.3420129
54.042910 -16.1311760 0.1826966 1.8615873 0.0142179 0.9396200 0.0145954 0.3416126
54.250800 -16.0113831 0.1827613 1.7164631 0.0197317 0.9396099 0.0180709 0.3412000
54.458660 -15.8910713 0.1837055 1.5710396 0.0214835 0.9394747 0.0236318 0.3411264
54.666410 -15.7711325 0.1857536 1.4273927 0.0233338 0.9394159 0.0262479 0.3409754
54.874290 -15.6523056 0.1878233 1.2870233 0.0250555 0.9398451 0.0180547 0.3402020
55.082040 -15.5346556 0.1878559 1.1460538 0.0254684 0.9401430 0.0181024 0.3393446
55.290780 -15.4177866 0.1876813 1.0058060 0.0246231 0.9404478 0.0197565 0.3384690
55.393730 -15.3597021 0.1882284 0.9360190 0.0231649 0.9410450 0.0193682 0.3369310
55.601700 -15.2462902 0.1877543 0.7975767 0.0207717 0.9437295 0.0191178 0.3295114
55.705670 -15.1915102 0.1880313 0.7280948 0.0211502 0.9456695 0.0187991 0.3238959
55.913810 -15.0876474 0.1888614 0.5876927 0.0227847 0.9507828 0.0214332 0.3082751
56.122050 -14.9919071 0.1896168 0.4434651 0.0240390 0.9573914 0.0242663 0.2867665
56.330510 -14.9039116 0.1932524 0.2927792 0.0273964 0.9654540 0.0257426 0.2578475
56.538940 -14.8260746 0.1972709 0.1377921 0.0297759 0.9733628 0.0257250 0.2258684
56.747290 -14.7598820 0.1999974 -0.0180191 0.0329296 0.9804749 0.0168793 0.1931314
56.955550 -14.7030764 0.2009684 -0.1768531 0.0294005 0.9864283 0.0128003 0.1610310
57.163560 -14.6562538 0.2003099 -0.3392336 0.0288195 0.9905191 0.0119853 0.1337821
57.371290 -14.6166525 0.2007639 -0.5049623 0.0296507 0.9930649 0.0117802 0.1131556
57.579070 -14.5822239 0.2022693 -0.6741164 0.0279793 0.9950290 0.0155609 0.0942995
57.786690 -14.5534706 0.2045368 -0.8459893 0.0273090 0.9965580 0.0131108 0.0771658
57.994890 -14.5299892 0.2074261 -1.0212716 0.0318262 0.9972941 0.0133965 0.0649002
58.201850 -14.5091934 0.2105618 -1.2022961 0.0358984 0.9973035 0.0228139 0.0598031
58.305440 -14.4981098 0.2134741 -1.2937436 0.0352558 0.9973678 0.0227477 0.0591359
58.512810 -14.4744425 0.2183061 -1.4767588 0.0307672 0.9976589 0.0188612 0.0580891
58.720450 -14.4494724 0.2221275 -1.6641876 0.0242560 0.9978833 0.0175067 0.0577418
58.927820 -14.4260941 0.2260901 -1.8553768 0.0220453 0.9978588 0.0192450 0.0584925
59.031700 -14.4137487 0.2287068 -1.9515522 0.0217179 0.9978409 0.0193675 0.0588796
59.239170 -14.3891935 0.2327331 -2.1460173 0.0200380 0.9978371 0.0177992 0.0600237
59.343070 -14.3767481 0.2342983 -2.2436311 0.0191222 0.9978462 0.0167590 0.0604681
59.550680 -14.3508368 0.2376101 -2.4414699 0.0161698 0.9979654 0.0162405 0.0594966
59.654550 -14.3382921 0.2390304 -2.5409999 0.0153904 0.9980264 0.0165452 0.0585897
59.758420 -14.3262863 0.2405939 -2.6401799 0.0153587 0.9980688 0.0167550 0.0578099
59.965990 -14.3024569 0.2441392 -2.8370028 0.0147757 0.9981477 0.0175487 0.0563460
60.173450 -14.2804852 0.2472312 -3.0305030 0.0141405 0.9981648 0.0196365 0.0555116
60.484800 -14.2472229 0.2516464 -3.3174171 0.0129896 0.9983013 0.0170984 0.0541619
60.692600 -14.2256021 0.2543951 -3.5069048 0.0123007 0.9983771 0.0176525 0.0527269
60.900200 -14.2049189 0.2574839 -3.6954093 0.0114682 0.9985209 0.0183919 0.0498624
61.003920 -14.1955996 0.2590332 -3.7893271 0.0110229 0.9986026 0.0178750 0.0484953
61.211580 -14.1774292 0.2621478 -3.9737189 0.0100617 0.9987570 0.0180438 0.0453610
61.315290 -14.1687546 0.2634943 -4.0652685 0.0102676 0.9988008 0.0188660 0.0439956
61.419200 -14.1606083 0.2654874 -4.1567278 0.0104032 0.9988469 0.0193992 0.0426646
61.522950 -14.1532373 0.2665884 -4.2469277 0.0108416 0.9988849 0.0196660 0.0415293
61.730990 -14.1387625 0.2700385 -4.4257665 0.0112997 0.9989758 0.0189078 0.0395246
61.834510 -14.1313734 0.2713283 -4.5146184 0.0108178 0.9990090 0.0189445 0.0387968
62.042070 -14.1167755 0.2743180 -4.6928258 0.0098531 0.9990631 0.0184749 0.0378764
62.145930 -14.1097927 0.2757736 -4.7808461 0.0097853 0.9991133 0.0163037 0.0375647
62.249910 -14.1027012 0.2772205 -4.8684444 0.0090710 0.9991469 0.0148134 0.0374677
62.353660 -14.0962667 0.2784687 -4.9544849 0.0097337 0.9991401 0.0141603 0.0377321
62.457420 -14.0886803 0.2793658 -5.0413384 0.0103014 0.9991242 0.0147133 0.0377914
62.561290 -14.0819130 0.2802083 -5.1267099 0.0109187 0.9990928 0.0152495 0.0382340
62.665290 -14.0749779 0.2809016 -5.2117662 0.0117587 0.9990565 0.0158459 0.0386881
62.769050 -14.0676670 0.2819281 -5.2970729 0.0122472 0.9990268 0.0162776 0.0391205
62.872800 -14.0606909 0.2829578 -5.3824401 0.0124226 0.9990005 0.0166900 0.0395613
62.976670 -14.0530834 0.2839979 -5.4675560 0.0118179 0.9989904 0.0167811 0.0399625
63.080660 -14.0454407 0.2849311 -5.5519853 0.0118115 0.9989844 0.0163101 0.0403077
63.184460 -14.0382013 0.2857510 -5.6356215 0.0129566 0.9989430 0.0157580 0.0411910
63.392070 -14.0226755 0.2875825 -5.8033252 0.0126410 0.9988354 0.0149220 0.0441072
63.495820 -14.0143328 0.2880239 -5.8862457 0.0126737 0.9987962 0.0141999 0.0452084
63.599720 -14.0061188 0.2892719 -5.9682188 0.0129090 0.9987555 0.0137593 0.0461689
63.807440 -13.9892159 0.2904547 -6.1313748 0.0115629 0.9987316 0.0149647 0.0466657
63.911420 -13.9814491 0.2909231 -6.2113590 0.0110199 0.9987291 0.0160437 0.0464905
64.119460 -13.9665117 0.2927644 -6.3677669 0.0101990 0.9987841 0.0165463 0.0453054
64.327430 -13.9518623 0.2942563 -6.5188551 0.0090253 0.9989270 0.0166268 0.0422725
64.535560 -13.9401579 0.2951384 -6.6626658 0.0096448 0.9991665 0.0168291 0.0359183
64.743580 -13.9323263 0.2962772 -6.8001676 0.0117440 0.9993789 0.0178708 0.0280109
65.055500 -13.9253330 0.2980642 -6.9913912 0.0151499 0.9995698 0.0188322 0.0166123
65.367480 -13.9215899 0.2999457 -7.1624894 0.0166919 0.9996677 0.0184019 0.0068741
65.575320 -13.9214134 0.3014617 -7.2652931 0.0182258 0.9996735 0.0178305 0.0016759
65.783300 -13.9223452 0.3020866 -7.3564267 0.0192564 0.9996200 0.0195638 -0.0025014
65.991170 -13.9231281 0.3031420 -7.4398446 0.0199704 0.9995779 0.0201864 -0.0061417
66.199080 -13.9251099 0.3042240 -7.5118876 0.0216779 0.9995128 0.0208270 -0.0083979
66.303070 -13.9258270 0.3049910 -7.5450239 0.0221197 0.9994894 0.0211542 -0.0091796
66.512930 -13.9278250 0.3056627 -7.6021729 0.0219232 0.9994659 0.0224957 -0.0090142
66.718800 -13.9249668 0.3065458 -7.6490445 0.0194806 0.9995460 0.0215224 -0.0080724
67.862190 -13.9214087 0.3082940 -7.8109922 0.0176275 0.9996497 0.0178383 0.0084574
70.150510 -13.9136753 0.3100826 -7.8718982 0.0138211 0.9991568 0.0165624 0.0349318
75.975180 -13.8974047 0.3098676 -7.9067554 0.0131486 0.9951727 0.0145628 0.0961575
76.598340 -13.8722935 0.3103500 -7.9636950 0.0125678 0.9877182 0.0157174 0.1549442
76.805830 -13.8582983 0.3112119 -7.9908290 0.0118198 0.9835348 0.0178767 0.1794434
77.013440 -13.8415184 0.3113501 -8.0200844 0.0132992 0.9782266 0.0199950 0.2061456
77.220840 -13.8211374 0.3121110 -8.0515299 0.0140442 0.9709002 0.0222142 0.2380380
77.635430 -13.7614937 0.3123942 -8.1203861 0.0125606 0.9466856 0.0187415 0.3213681
77.842690 -13.7176075 0.3137488 -8.1620703 0.0169349 0.9282134 0.0168041 0.3712826
78.050250 -13.6596699 0.3148272 -8.2058096 0.0178048 0.9073526 0.0150683 0.4197228
78.257840 -13.5886984 0.3144881 -8.2508183 0.0190479 0.8834870 0.0168023 0.4677666
78.465430 -13.5040350 0.3147838 -8.2913904 0.0178663 0.8571091 0.0204761 0.5144175
78.673060 -13.4075527 0.3156607 -8.3282528 0.0192008 0.8272830 0.0259313 0.5608580
78.776930 -13.3549681 0.3157572 -8.3430128 0.0187144 0.8118008 0.0276939 0.5829771
78.880800 -13.2981882 0.3160453 -8.3565884 0.0185637 0.7961028 0.0294772 0.6041579
78.984860 -13.2390070 0.3170917 -8.3679466 0.0188276 0.7804849 0.0303564 0.6241533
79.088830 -13.1773291 0.3177528 -8.3772268 0.0204369 0.7657061 0.0306758 0.6421335
79.192960 -13.1127787 0.3180687 -8.3838758 0.0210735 0.7525889 0.0298780 0.6574749
79.297060 -13.0449009 0.3186720 -8.3888874 0.0211727 0.7412360 0.0287076 0.6702960
79.401310 -12.9749098 0.3188405 -8.3920670 0.0214631 0.7320558 0.0271501 0.6803650
79.610070 -12.8255987 0.3190014 -8.3962593 0.0231810 0.7188481 0.0261320 0.6942890
79.818800 -12.6673174 0.3177941 -8.3970823 0.0257644 0.7086772 0.0259109 0.7045860
79.923050 -12.5851736 0.3168779 -8.3958817 0.0277120 0.7035031 0.0250045 0.7097113
80.131680 -12.4153442 0.3150232 -8.3891697 0.0281631 0.6940690 0.0221087 0.7190176
80.235930 -12.3256359 0.3132879 -8.3839178 0.0265699 0.6908300 0.0205680 0.7222361
80.340300 -12.2342663 0.3112798 -8.3781605 0.0249951 0.6889896 0.0188814 0.7240940
80.444550 -12.1403046 0.3100499 -8.3729420 0.0243304 0.6880886 0.0177937 0.7250004
80.548940 -12.0440741 0.3086251 -8.3672857 0.0236482 0.6878313 0.0177361 0.7252684
80.653190 -11.9463120 0.3067607 -8.3617201 0.0235299 0.6873140 0.0186004 0.7257408
80.757320 -11.8466873 0.3048799 -8.3547907 0.0235681 0.6864386 0.0189714 0.7265581
80.965550 -11.6401939 0.3023230 -8.3401699 0.0238889 0.6834064 0.0184981 0.7294127
81.069680 -11.5352592 0.3003526 -8.3317595 0.0238529 0.6819282 0.0183235 0.7308004
81.277810 -11.3210955 0.2951498 -8.3158169 0.0226766 0.6780022 0.0195749 0.7344492
81.381810 -11.2103510 0.2936852 -8.3062630 0.0218498 0.6761562 0.0213239 0.7361255
81.589930 -10.9860544 0.2908963 -8.2846060 0.0212984 0.6739650 0.0219526 0.7381299
81.798060 -10.7564583 0.2871102 -8.2625723 0.0215283 0.6746443 0.0208842 0.7375334
82.006180 -10.5246496 0.2842391 -8.2403860 0.0207010 0.6753468 0.0228206 0.7368564
82.110180 -10.4088469 0.2819175 -8.2294674 0.0205879 0.6757103 0.0240142 0.7364883
82.318180 -10.1774340 0.2776925 -8.2086315 0.0201601 0.6762822 0.0242777 0.7359664
82.526180 -9.9481611 0.2734130 -8.1883249 0.0211061 0.6768356 0.0227796 0.7354789
82.734050 -9.7185678 0.2696208 -8.1673613 0.0198875 0.6774848 0.0230897 0.7349053
82.942060 -9.4880009 0.2659119 -8.1472588 0.0197150 0.6780198 0.0231602 0.7344141
83.149930 -9.2597141 0.2614528 -8.1282110 0.0211837 0.6783951 0.0222532 0.7340546
83.357930 -9.0321369 0.2574145 -8.1096954 0.0182210 0.6786234 0.0235210 0.7338835
83.461930 -8.9184809 0.2556902 -8.0996628 0.0167154 0.6789860 0.0236289 0.7335804
83.669810 -8.6932640 0.2524330 -8.0804405 0.0162707 0.6793001 0.0214837 0.7333656
83.773690 -8.5803232 0.2510483 -8.0706625 0.0163577 0.6794897 0.0210317 0.7332010
83.981560 -8.3538227 0.2479995 -8.0529242 0.0155175 0.6794701 0.0216667 0.7332190
84.189660 -8.1317987 0.2457506 -8.0353174 0.0176583 0.6797053 0.0217484 0.7329501
84.500970 -7.7990980 0.2395075 -8.0089684 0.0195104 0.6779451 0.0241515 0.7344566
84.604690 -7.6888776 0.2377771 -8.0000372 0.0193203 0.6766576 0.0245849 0.7356336
84.812320 -7.4700089 0.2349031 -7.9799228 0.0181644 0.6745166 0.0227827 0.7376845
84.916060 -7.3621483 0.2329392 -7.9686956 0.0182168 0.6736199 0.0217209 0.7385341
85.020090 -7.2544675 0.2308198 -7.9574456 0.0179590 0.6727615 0.0215592 0.7393271
85.123720 -7.1456995 0.2290123 -7.9469824 0.0175688 0.6719831 0.0219676 0.7400321
85.227440 -7.0387058 0.2271650 -7.9356132 0.0171348 0.6713770 0.0221788 0.7405859
85.331180 -6.9311147 0.2259529 -7.9240317 0.0168919 0.6709661 0.0222054 0.7409629
85.435100 -6.8239584 0.2243415 -7.9128661 0.0163708 0.6704663 0.0224632 0.7414191
85.538870 -6.7172236 0.2225347 -7.9013782 0.0157359 0.6701370 0.0221587 0.7417397
85.642600 -6.6106753 0.2209740 -7.8897295 0.0152884 0.6702071 0.0220258 0.7416897
85.746450 -6.5034180 0.2195249 -7.8780241 0.0149167 0.6706042 0.0210561 0.7413664
85.850400 -6.3972955 0.2184775 -7.8669481 0.0148579 0.6711074 0.0208608 0.7409177
85.954220 -6.2912169 0.2169580 -7.8558364 0.0151220 0.6718295 0.0213015 0.7402450
86.161940 -6.0800486 0.2138170 -7.8356981 0.0177839 0.6735631 0.0228936 0.7385610
86.266420 -5.9747152 0.2120591 -7.8263421 0.0190862 0.6743761 0.0234185 0.7377697
86.473600 -5.7649670 0.2091052 -7.8083920 0.0188315 0.6758820 0.0252802 0.7363354
86.577490 -5.6605525 0.2074263 -7.7990842 0.0178067 0.6767933 0.0252830 0.7355233
86.785510 -5.4518585 0.2050227 -7.7816629 0.0174219 0.6783312 0.0240820 0.7341548
86.889090 -5.3479795 0.2044605 -7.7726088 0.0182165 0.6791527 0.0226772 0.7334205
87.096690 -5.1414871 0.2012418 -7.7563024 0.0201580 0.6805148 0.0212407 0.7321489
87.304430 -4.9347763 0.1971536 -7.7399497 0.0195144 0.6811736 0.0218367 0.7315360
87.408330 -4.8321896 0.1950270 -7.7328806 0.0183961 0.6809601 0.0227033 0.7317374
87.512180 -4.7292008 0.1934689 -7.7249551 0.0169327 0.6807981 0.0223711 0.7319335
87.616060 -4.6272597 0.1925221 -7.7156076 0.0153494 0.6807575 0.0213594 0.7320364
87.823570 -4.4241757 0.1895536 -7.6982536 0.0126017 0.6806287 0.0181224 0.7322959
88.031060 -4.2204895 0.1866585 -7.6818409 0.0118713 0.6803421 0.0158958 0.7326261
88.238710 -4.0192418 0.1831590 -7.6654553 0.0124824 0.6798391 0.0149487 0.7331027
88.446330 -3.8162839 0.1813275 -7.6501536 0.0109274 0.6791470 0.0203160 0.7336397
88.653930 -3.6141453 0.1797166 -7.6334496 0.0139124 0.6784091 0.0206668 0.7342619
88.861690 -3.4138782 0.1765498 -7.6158500 0.0156925 0.6781723 0.0189132 0.7344919
89.069450 -3.2146583 0.1730136 -7.5994883 0.0163316 0.6777975 0.0192080 0.7348162
89.277420 -3.0169904 0.1692611 -7.5837793 0.0197428 0.6778383 0.0190572 0.7346987
89.588990 -2.7226045 0.1633923 -7.5593715 0.0193682 0.6786522 0.0224683 0.7338605
89.900710 -2.4333239 0.1581937 -7.5356226 0.0186212 0.6799133 0.0207396 0.7327626
90.108700 -2.2425728 0.1544699 -7.5197453 0.0170196 0.6809004 0.0212633 0.7318695
90.316520 -2.0524697 0.1520019 -7.5059466 0.0172432 0.6815886 0.0220357 0.7312004
90.524330 -1.8646779 0.1494263 -7.4926763 0.0172858 0.6820971 0.0218268 0.7307314
90.628220 -1.7729888 0.1479964 -7.4857497 0.0158600 0.6823634 0.0215525 0.7305232
90.836200 -1.5947827 0.1450296 -7.4723210 0.0148968 0.6831191 0.0211625 0.7298483
90.940100 -1.5075926 0.1435675 -7.4663281 0.0140265 0.6833091 0.0213801 0.7296814
91.148110 -1.3401059 0.1409764 -7.4555602 0.0130644 0.6828483 0.0217615 0.7301191
91.355930 -1.1818106 0.1397832 -7.4436159 0.0139163 0.6808345 0.0206637 0.7320135
91.667690 -0.9589158 0.1364814 -7.4233871 0.0132695 0.6758828 0.0181862 0.7366652
91.979540 -0.7540132 0.1317202 -7.3998084 0.0168841 0.6658918 0.0181312 0.7456369
92.291780 -0.5698451 0.1265514 -7.3709865 0.0170039 0.6512955 0.0180291 0.7584193
92.498710 -0.4581767 0.1240010 -7.3483806 0.0163212 0.6389720 0.0182113 0.7688412
92.706330 -0.3557404 0.1210365 -7.3218918 0.0151857 0.6239877 0.0149075 0.7811444
93.017610 -0.2112818 0.1166578 -7.2775784 0.0142962 0.5967411 0.0143488 0.8021781
93.225060 -0.1229473 0.1129896 -7.2422032 0.0145275 0.5735034 0.0122776 0.8189823
93.432440 -0.0402543 0.1096333 -7.2019176 0.0172704 0.5432216 0.0109394 0.8393404
93.639690 0.0365917 0.1069293 -7.1567001 0.0179806 0.5034603 0.0142481 0.8637137
93.847210 0.1052056 0.1021025 -7.1026378 0.0151888 0.4584239 0.0108073 0.8885381
94.054400 0.1675941 0.0984742 -7.0433879 0.0170955 0.4108863 0.0090763 0.9114811
94.261830 0.2230253 0.0955224 -6.9792171 0.0166463 0.3628648 0.0079411 0.9316592
94.469450 0.2704235 0.0914697 -6.9068112 0.0112000 0.3143153 0.0016274 0.9492512
94.677090 0.3132528 0.0892356 -6.8300638 0.0053335 0.2646843 0.0039736 0.9643122
94.884790 0.3436573 0.0874516 -6.7471309 -0.0024641 0.2161473 -0.0025138 0.9763544
95.092440 0.3690895 0.0863374 -6.6624727 -0.0027624 0.1672527 -0.0046815 0.9858991
95.300440 0.3880706 0.0851907 -6.5738807 -0.0016588 0.1253036 -0.0042976 0.9921077
95.508570 0.4000070 0.0846346 -6.4818821 -0.0016877 0.0897757 -0.0100032 0.9959103
95.717080 0.4101000 0.0834935 -6.3855968 -0.0022454 0.0646066 -0.0110982 0.9978465
95.925440 0.4180577 0.0821741 -6.2850337 -0.0024642 0.0449139 -0.0099801 0.9989380
96.029700 0.4206717 0.0817347 -6.2331033 -0.0016191 0.0376474 -0.0097450 0.9992422
96.133950 0.4232099 0.0810517 -6.1797791 -0.0011212 0.0304359 -0.0099346 0.9994867
96.238190 0.4247041 0.0807907 -6.1249075 -0.0007804 0.0232399 -0.0104619 0.9996749
96.446460 0.4253063 0.0799056 -6.0098047 -0.0005333 0.0097166 -0.0098383 0.9999043
96.550570 0.4251919 0.0792499 -5.9500227 -0.0007504 0.0025129 -0.0087932 0.9999579
96.758950 0.4216785 0.0781865 -5.8254671 0.0001478 -0.0088168 -0.0091695 0.9999191
96.967200 0.4162162 0.0770516 -5.6951160 0.0013927 -0.0160677 -0.0098128 0.9998218
97.175570 0.4103883 0.0753023 -5.5564480 0.0016870 -0.0197159 -0.0093690 0.9997603
97.383810 0.4019250 0.0739988 -5.4120798 0.0004073 -0.0221659 -0.0086769 0.9997166
97.592070 0.3946536 0.0724560 -5.2645454 -0.0019807 -0.0254415 -0.0074286 0.9996468
97.800340 0.3854386 0.0707778 -5.1184359 -0.0040426 -0.0286414 -0.0064266 0.9995609
98.008320 0.3757798 0.0688945 -4.9707370 -0.0045849 -0.0320628 -0.0043546 0.9994658
98.320320 0.3580819 0.0671865 -4.7506142 -0.0043452 -0.0367761 -0.0037789 0.9993069
98.528320 0.3460763 0.0657682 -4.6037078 -0.0043380 -0.0382741 -0.0045614 0.9992474
98.736320 0.3329695 0.0643697 -4.4569941 -0.0043991 -0.0384407 -0.0051072 0.9992381
98.944340 0.3205127 0.0636356 -4.3103080 -0.0050212 -0.0386335 -0.0048771 0.9992290
99.152220 0.3082679 0.0624130 -4.1636782 -0.0058721 -0.0387942 -0.0046236 0.9992193
99.464100 0.2899333 0.0605340 -3.9464576 -0.0054271 -0.0383230 -0.0049941 0.9992382
99.671950 0.2781142 0.0597750 -3.8040431 -0.0051716 -0.0370570 -0.0048857 0.9992878
99.879940 0.2675550 0.0583303 -3.6646726 -0.0055392 -0.0358010 -0.0038730 0.9993361
100.191800 0.2521909 0.0567413 -3.4637716 -0.0074894 -0.0339782 -0.0046760 0.9993836
100.399700 0.2443120 0.0553578 -3.3374608 -0.0049585 -0.0338906 -0.0034499 0.9994073
100.607700 0.2343161 0.0542803 -3.2148383 -0.0024318 -0.0330747 -0.0063529 0.9994297
100.815600 0.2255213 0.0526551 -3.0944281 -0.0019898 -0.0325918 -0.0067941 0.9994437
101.023600 0.2174241 0.0503321 -2.9757671 -0.0010399 -0.0325046 -0.0074664 0.9994432
101.231500 0.2085032 0.0485777 -2.8587823 -0.0004853 -0.0324940 -0.0089157 0.9994320
101.543300 0.1950584 0.0455283 -2.6870244 -0.0012540 -0.0332258 -0.0082784 0.9994128
101.751200 0.1864596 0.0434587 -2.5744290 -0.0004000 -0.0346363 -0.0076935 0.9993703
101.959100 0.1773757 0.0414644 -2.4624493 0.0001677 -0.0361658 -0.0082484 0.9993117
102.166900 0.1682325 0.0393641 -2.3522327 0.0003062 -0.0380502 -0.0075178 0.9992475
102.478700 0.1543137 0.0363082 -2.1885562 -0.0008974 -0.0407329 -0.0062925 0.9991499
102.686600 0.1447499 0.0345241 -2.0809166 -0.0018449 -0.0425112 -0.0067328 0.9990716
102.894400 0.1355699 0.0330276 -1.9761927 -0.0022039 -0.0435841 -0.0066536 0.9990252
103.102400 0.1257791 0.0314838 -1.8757178 -0.0023286 -0.0431865 -0.0076450 0.9990351
103.310300 0.1172961 0.0298106 -1.7794247 -0.0021487 -0.0417515 -0.0081985 0.9990921
103.622300 0.1051129 0.0272522 -1.6422571 -0.0014932 -0.0394939 -0.0079099 0.9991874
103.934300 0.0946031 0.0252498 -1.5146807 -0.0013562 -0.0377183 -0.0082360 0.9992536
104.251000 0.0859403 0.0227580 -1.3988971 -0.0022490 -0.0362290 -0.0074643 0.9993131
104.558200 0.0777906 0.0209106 -1.2984035 -0.0032733 -0.0348459 -0.0089848 0.9993470
104.870200 0.0718755 0.0196680 -1.2148091 -0.0023383 -0.0337959 -0.0076602 0.9993967
105.181900 0.0663385 0.0178980 -1.1413077 -0.0007627 -0.0330583 -0.0073714 0.9994259
105.494000 0.0610921 0.0167643 -1.0707312 -0.0000205 -0.0324534 -0.0073712 0.9994461
105.805700 0.0563125 0.0153472 -1.0012022 -0.0005632 -0.0322450 -0.0066543 0.9994577
106.013700 0.0527693 0.0144768 -0.9560676 -0.0007449 -0.0323368 -0.0065621 0.9994552
106.221500 0.0494376 0.0136566 -0.9111294 -0.0007835 -0.0344052 -0.0053849 0.9993932
106.533200 0.0421098 0.0126434 -0.8458994 -0.0006067 -0.0434828 -0.0057965 0.9990371
106.845000 0.0326500 0.0119575 -0.7819167 -0.0002687 -0.0521237 -0.0080984 0.9986078
107.156800 0.0249392 0.0105343 -0.7192884 -0.0001370 -0.0591735 -0.0080112 0.9982156
107.468800 0.0164242 0.0093604 -0.6568853 0.0003707 -0.0601303 -0.0102815 0.9981375
107.676800 0.0113049 0.0085765 -0.6160668 0.0001170 -0.0583904 -0.0096281 0.9982474
107.989000 0.0053538 0.0080708 -0.5551681 0.0004062 -0.0548979 -0.0092596 0.9984490
108.197100 0.0012308 0.0078180 -0.5148519 0.0005599 -0.0518728 -0.0092460 0.9986107
108.405100 -0.0024030 0.0070740 -0.4755460 0.0005616 -0.0476481 -0.0090927 0.9988226
108.613000 -0.0056688 0.0061630 -0.4340753 0.0017468 -0.0435697 -0.0089959 0.9990084
109.132800 -0.0123279 0.0045247 -0.3131402 0.0021438 -0.0318573 -0.0070767 0.9994650
109.444700 -0.0154383 0.0032009 -0.2298328 0.0004199 -0.0244751 -0.0051763 0.9996870
109.860500 -0.0198106 0.0013340 -0.1076172 -0.0011209 -0.0161352 -0.0037043 0.9998623
111.314000 -0.0326462 -0.0086871 0.3625415 0.0091204 -0.0464841 -0.0021555 0.9988751
111.832500 -0.0684959 -0.0126827 0.5152128 -0.0015752 -0.1098789 -0.0094717 0.9938986
112.352500 -0.1143048 -0.0138562 0.6627685 -0.0070036 -0.1288316 -0.0178124 0.9914818
112.873300 -0.1393016 -0.0134735 0.7828513 -0.0100731 -0.1058869 -0.0135613 0.9942347
113.289700 -0.1441485 -0.0137833 0.8206065 -0.0081165 -0.0925437 -0.0112669 0.9956118
