3.941290 0.0000000 0.0000000 0.0000000 0.0000000 0.0000000 0.0000000 1.0000000
4.148625 0.0019127 -0.0005159 0.0537155 -0.0004051 0.0188820 0.0051423 0.9998084
4.252293 0.0033563 -0.0006487 0.0810939 -0.0004123 0.0267025 0.0067595 0.9996205
4.459609 0.0075526 -0.0010014 0.1364825 -0.0012871 0.0404851 0.0083154 0.9991447
4.666947 0.0127967 -0.0013964 0.1923268 0.0000573 0.0522481 0.0080450 0.9986017
4.874319 0.0196038 -0.0017381 0.2499958 0.0029793 0.0620761 0.0087325 0.9980288
5.081656 0.0275612 -0.0020965 0.3098934 0.0040133 0.0687827 0.0084174 0.9975881
5.185269 0.0320399 -0.0024690 0.3404113 0.0047953 0.0711762 0.0090221 0.9974114
5.392622 0.0412929 -0.0031230 0.4028392 0.0061796 0.0754646 0.0086976 0.9970914
5.496314 0.0462677 -0.0035419 0.4352806 0.0056152 0.0768748 0.0085835 0.9969880
5.600026 0.0513097 -0.0039712 0.4679186 0.0046490 0.0781629 0.0090850 0.9968883
5.807340 0.0619570 -0.0046424 0.5348467 0.0044097 0.0802690 0.0102926 0.9967104
5.910955 0.0676507 -0.0049250 0.5690475 0.0044884 0.0806111 0.0104054 0.9966812
6.118447 0.0788966 -0.0057847 0.6388125 0.0051335 0.0810048 0.0114203 0.9966351
6.221927 0.0846141 -0.0060473 0.6746296 0.0060608 0.0807172 0.0112910 0.9966546
6.429280 0.0962838 -0.0068912 0.7473191 0.0054786 0.0793544 0.0110509 0.9967701
6.533021 0.1021330 -0.0073311 0.7840278 0.0059328 0.0786906 0.0116106 0.9968138
6.740399 0.1137134 -0.0084368 0.8597480 0.0064122 0.0778306 0.0119806 0.9968740
6.947755 0.1257897 -0.0090074 0.9372462 0.0057822 0.0767144 0.0128213 0.9969539
7.155209 0.1379547 -0.0099921 1.0160511 0.0053382 0.0759910 0.0143885 0.9969904
7.362568 0.1496474 -0.0111065 1.0955876 0.0060854 0.0752956 0.0149169 0.9970311
7.569925 0.1612516 -0.0122200 1.1768864 0.0055291 0.0753391 0.0152822 0.9970255
7.777286 0.1733230 -0.0134125 1.2596072 0.0054071 0.0753947 0.0164091 0.9970041
7.984696 0.1855195 -0.0144913 1.3439798 0.0063932 0.0759093 0.0163481 0.9969602
8.192118 0.1985434 -0.0156631 1.4302289 0.0070967 0.0771399 0.0151010 0.9968807
8.399546 0.2118211 -0.0169979 1.5176097 0.0066712 0.0781429 0.0149518 0.9968077
8.503235 0.2182692 -0.0176037 1.5618877 0.0061794 0.0786412 0.0132755 0.9967954
8.710698 0.2318572 -0.0187162 1.6504892 0.0073002 0.0809578 0.0126262 0.9966108
8.918107 0.2476119 -0.0203348 1.7411910 0.0072823 0.0848696 0.0115481 0.9962986
9.125548 0.2629102 -0.0222139 1.8321673 0.0072287 0.0897549 0.0098529 0.9958889
9.229148 0.2713177 -0.0233328 1.8781735 0.0080739 0.0921244 0.0102989 0.9956615
9.332783 0.2799642 -0.0242778 1.9240562 0.0089777 0.0944060 0.0100359 0.9954427
9.436507 0.2885503 -0.0254151 1.9703708 0.0090563 0.0969375 0.0095423 0.9952036
9.540126 0.2975941 -0.0264193 2.0172889 0.0090005 0.0994829 0.0086913 0.9949606
9.643856 0.3064847 -0.0277646 2.0639825 0.0084303 0.1025353 0.0079561 0.9946618
9.747566 0.3161961 -0.0288135 2.1109982 0.0082108 0.1053253 0.0076867 0.9943742
9.851216 0.3261746 -0.0298729 2.1584034 0.0080650 0.1083068 0.0076794 0.9940552
9.954854 0.3365379 -0.0309872 2.2058539 0.0088063 0.1112954 0.0077545 0.9937181
10.058450 0.3469793 -0.0320628 2.2530313 0.0093403 0.1142535 0.0077027 0.9933779
10.162270 0.3576521 -0.0331672 2.3000667 0.0092025 0.1173224 0.0077610 0.9930209
10.369540 0.3801666 -0.0352385 2.3943131 0.0094969 0.1229491 0.0067699 0.9923444
10.473330 0.3918575 -0.0361759 2.4415085 0.0099674 0.1255601 0.0063687 0.9920155
10.680800 0.4164982 -0.0384820 2.5366600 0.0095031 0.1296303 0.0084491 0.9914809
10.784490 0.4292252 -0.0396246 2.5847340 0.0098517 0.1315346 0.0090722 0.9912211
10.992100 0.4550069 -0.0421646 2.6801615 0.0099167 0.1346704 0.0088639 0.9908012
11.096280 0.4683169 -0.0432802 2.7285440 0.0102721 0.1367434 0.0079361 0.9905214
11.199650 0.4817563 -0.0446053 2.7767415 0.0107716 0.1388889 0.0076823 0.9902196
11.303360 0.4954883 -0.0458718 2.8251801 0.0105745 0.1413069 0.0070793 0.9898841
11.407080 0.5092956 -0.0474423 2.8738329 0.0107656 0.1438012 0.0073078 0.9895210
11.510570 0.5238724 -0.0492616 2.9210641 0.0107303 0.1459796 0.0069777 0.9892048
11.614180 0.5387778 -0.0509017 2.9691243 0.0105680 0.1481619 0.0065948 0.9888846
11.821430 0.5677193 -0.0532333 3.0660868 0.0104626 0.1529227 0.0070810 0.9881574
11.925060 0.5839073 -0.0544949 3.1143873 0.0107389 0.1547054 0.0074634 0.9878741
12.132140 0.6160184 -0.0572566 3.2121167 0.0120584 0.1581976 0.0071371 0.9873080
12.339620 0.6492032 -0.0605081 3.3108032 0.0129010 0.1617055 0.0074058 0.9867269
12.546850 0.6825052 -0.0636620 3.4077621 0.0130113 0.1652429 0.0075861 0.9861379
12.754210 0.7157183 -0.0668848 3.5054696 0.0131687 0.1690207 0.0095917 0.9854779
12.961450 0.7511855 -0.0700339 3.6050260 0.0125517 0.1720093 0.0097753 0.9849669
13.168790 0.7862143 -0.0728863 3.7035575 0.0140318 0.1750992 0.0085189 0.9844139
13.376170 0.8227577 -0.0765112 3.8024368 0.0155001 0.1783640 0.0075655 0.9838134
13.479770 0.8413149 -0.0786849 3.8518691 0.0159936 0.1799937 0.0069741 0.9835130
13.687000 0.8790010 -0.0825790 3.9513669 0.0156024 0.1838549 0.0071039 0.9828039
13.894440 0.9176347 -0.0865433 4.0507298 0.0150320 0.1877611 0.0071130 0.9820740
13.998450 0.9373558 -0.0885065 4.1006775 0.0151597 0.1897677 0.0064709 0.9816906
14.101800 0.9570391 -0.0903485 4.1502633 0.0155825 0.1917389 0.0061345 0.9813031
14.205920 0.9771388 -0.0924039 4.1999121 0.0158353 0.1934317 0.0062493 0.9809660
14.412870 1.0179733 -0.0966104 4.2993822 0.0158420 0.1962475 0.0071782 0.9804001
14.620330 1.0597883 -0.1005876 4.3985367 0.0157211 0.1990055 0.0084297 0.9798360
14.827390 1.1017944 -0.1039717 4.4968967 0.0164045 0.2016915 0.0078587 0.9792802
15.034850 1.1445416 -0.1078520 4.5948763 0.0176889 0.2045101 0.0074734 0.9786761
15.242180 1.1868002 -0.1117801 4.6937542 0.0185680 0.2075706 0.0067313 0.9780206
15.449500 1.2312410 -0.1166680 4.7931871 0.0175136 0.2102935 0.0080198 0.9774485
15.656680 1.2757089 -0.1211277 4.8921909 0.0176684 0.2134558 0.0069314 0.9767683
15.864040 1.3211919 -0.1256981 4.9910436 0.0172208 0.2171607 0.0059464 0.9759659
16.071400 1.3671609 -0.1301610 5.0893202 0.0171865 0.2210824 0.0052280 0.9750897
16.278760 1.4143776 -0.1348134 5.1867733 0.0171547 0.2250587 0.0045641 0.9741835
16.486210 1.4613528 -0.1396551 5.2839913 0.0176010 0.2291339 0.0046346 0.9732248
16.693380 1.5098429 -0.1444335 5.3805056 0.0177545 0.2330012 0.0039754 0.9723063
16.900690 1.5589154 -0.1487871 5.4781837 0.0182687 0.2369780 0.0047074 0.9713318
17.004320 1.5822550 -0.1506903 5.5264912 0.0189182 0.2391891 0.0053120 0.9707742
17.212260 1.6329376 -0.1556719 5.6234536 0.0198803 0.2424782 0.0068936 0.9699286
17.418950 1.6845478 -0.1602365 5.7213001 0.0220451 0.2455710 0.0084836 0.9690908
17.522740 1.7109264 -0.1623319 5.7694597 0.0224717 0.2469818 0.0090645 0.9687171
17.730020 1.7636610 -0.1674034 5.8670068 0.0230532 0.2507262 0.0087008 0.9677444
17.833610 1.7903178 -0.1699628 5.9157133 0.0235616 0.2527145 0.0089176 0.9672129
18.041020 1.8450787 -0.1753109 6.0128064 0.0238049 0.2558768 0.0076534 0.9663860
18.144610 1.8729049 -0.1780412 6.0614471 0.0238963 0.2572939 0.0085975 0.9659994
18.248220 1.9011627 -0.1810236 6.1099286 0.0236715 0.2582877 0.0096897 0.9657294
18.455670 1.9573569 -0.1861574 6.2079406 0.0233594 0.2606328 0.0101058 0.9651024
18.559140 1.9855708 -0.1887490 6.2568398 0.0229626 0.2619738 0.0100020 0.9647499
18.663050 2.0144048 -0.1909809 6.3061337 0.0229769 0.2632970 0.0107108 0.9643817
18.766280 2.0433278 -0.1932807 6.3552423 0.0229009 0.2644946 0.0105613 0.9640574
18.869920 2.0715308 -0.1957400 6.4038787 0.0232756 0.2657709 0.0101590 0.9637017
18.973530 2.0991259 -0.1980444 6.4529033 0.0247062 0.2676116 0.0093510 0.9631647
19.077140 2.1286857 -0.2015263 6.5025082 0.0243790 0.2693961 0.0090783 0.9626780
19.180870 2.1583712 -0.2041986 6.5525432 0.0235403 0.2720726 0.0080596 0.9619550
19.284530 2.1892579 -0.2073109 6.6025872 0.0223858 0.2746898 0.0076168 0.9612421
19.388220 2.2191041 -0.2096111 6.6519680 0.0219703 0.2774405 0.0071103 0.9604653
19.491840 2.2501161 -0.2120295 6.7016969 0.0220219 0.2799556 0.0070645 0.9597343
19.595460 2.2817485 -0.2145663 6.7515597 0.0224290 0.2824043 0.0080976 0.9589990
19.699070 2.3137391 -0.2170873 6.8016200 0.0227111 0.2846507 0.0082843 0.9583264
19.802840 2.3456986 -0.2199002 6.8512874 0.0224429 0.2869470 0.0089663 0.9576415
20.010030 2.4110689 -0.2251713 6.9506750 0.0208799 0.2914685 0.0085902 0.9563140
20.113650 2.4447777 -0.2275714 7.0009184 0.0209104 0.2937383 0.0079257 0.9556243
20.217270 2.4783840 -0.2303668 7.0507441 0.0207502 0.2960757 0.0082962 0.9549030
20.320880 2.5129445 -0.2331709 7.1009746 0.0205252 0.2983261 0.0091373 0.9541996
20.424500 2.5478151 -0.2359165 7.1505423 0.0201740 0.3003614 0.0096521 0.9535633
20.631730 2.6190085 -0.2413413 7.2525182 0.0192115 0.3041424 0.0093938 0.9523865
20.735350 2.6550784 -0.2440260 7.3043170 0.0188034 0.3060353 0.0097703 0.9517843
20.942580 2.7313824 -0.2495677 7.4099250 0.0189211 0.3089170 0.0072094 0.9508734
21.046320 2.7692559 -0.2523473 7.4623084 0.0190902 0.3105501 0.0056470 0.9503486
21.253550 2.8451407 -0.2575184 7.5655146 0.0175567 0.3137375 0.0060188 0.9493284
21.357170 2.8822465 -0.2598598 7.6158891 0.0178799 0.3154331 0.0054872 0.9487635
21.460820 2.9202189 -0.2624687 7.6665077 0.0175813 0.3168354 0.0050157 0.9483043
21.564620 2.9572222 -0.2650886 7.7172294 0.0157767 0.3191455 0.0045268 0.9475636
21.668140 2.9951284 -0.2674679 7.7674012 0.0145939 0.3208456 0.0037477 0.9470116
21.771790 3.0324328 -0.2697938 7.8170629 0.0142834 0.3227569 0.0034108 0.9463680
21.875360 3.0699456 -0.2719900 7.8659286 0.0145435 0.3245223 0.0035009 0.9457597
21.979040 3.1082091 -0.2743074 7.9152889 0.0141994 0.3260068 0.0036978 0.9452536
22.082650 3.1458659 -0.2765454 7.9639840 0.0138056 0.3278302 0.0037513 0.9446284
22.186210 3.1840603 -0.2786363 8.0130920 0.0133441 0.3296677 0.0017317 0.9440011
22.290250 3.2222505 -0.2810172 8.0618076 0.0132119 0.3315187 -0.0034438 0.9433498
22.393570 3.2599089 -0.2835026 8.1103487 0.0163442 0.3336094 -0.0084980 0.9425314
22.497250 3.2978551 -0.2865829 8.1575975 0.0206663 0.3352517 -0.0042266 0.9418924
22.600850 3.3364835 -0.2894245 8.2051411 0.0199878 0.3359962 -0.0001708 0.9416512
22.808100 3.4144650 -0.2939548 8.3011274 0.0095768 0.3392271 -0.0003018 0.9406557
22.911770 3.4510570 -0.2954008 8.3460388 0.0070954 0.3413152 -0.0024037 0.9399191
23.119010 3.5233352 -0.2987123 8.4317884 0.0092222 0.3442622 -0.0000551 0.9388282
23.326370 3.5770299 -0.3019079 8.4949789 0.0117568 0.3445368 -0.0002036 0.9386992
23.430070 3.5980544 -0.3029436 8.5203466 0.0111957 0.3451973 -0.0008212 0.9384630
23.637320 3.6238589 -0.3042615 8.5460167 0.0099974 0.3529905 -0.0007032 0.9355732
23.844680 3.6260111 -0.3043960 8.5543842 0.0107758 0.3609689 -0.0007146 0.9325153
24.466620 3.6271291 -0.3042919 8.5561323 0.0097235 0.3795239 -0.0011265 0.9251301
24.881210 3.6279030 -0.3043182 8.5568523 0.0095534 0.3947775 -0.0093492 0.9186795
25.088320 3.6275711 -0.3040182 8.5578299 0.0095550 0.4042889 -0.0130132 0.9144889
25.191950 3.6280580 -0.3040985 8.5589771 0.0083911 0.4081126 -0.0110541 0.9128261
25.606390 3.6307368 -0.3046051 8.5636454 0.0051324 0.4198389 -0.0075643 0.9075526
25.710010 3.6320820 -0.3046916 8.5654573 0.0047231 0.4229368 -0.0088056 0.9061041
26.020850 3.6335032 -0.3047442 8.5666599 0.0050322 0.4179341 -0.0084179 0.9084244
26.228100 3.6336179 -0.3047536 8.5667381 0.0042483 0.4156366 -0.0134719 0.9094211
26.435440 3.6338313 -0.3047584 8.5668631 0.0014577 0.4144883 -0.0201464 0.9098305
26.849920 3.6333947 -0.3047340 8.5664186 -0.0004150 0.4112071 -0.0186739 0.9113506
28.611870 3.6342399 -0.3047842 8.5672293 -0.0013605 0.4057163 -0.0199546 0.9137802
29.026460 3.6343906 -0.3047897 8.5673409 -0.0034780 0.4054169 -0.0206654 0.9138917
29.233840 3.6344330 -0.3047881 8.5673714 -0.0025453 0.4056676 -0.0196945 0.9138049
29.441040 3.6344922 -0.3047816 8.5674047 -0.0022042 0.4054276 -0.0204535 0.9138957
29.648260 3.6345952 -0.3047987 8.5675383 -0.0029977 0.4057341 -0.0209099 0.9137470
29.855620 3.6346803 -0.3048014 8.5676212 -0.0041440 0.4050795 -0.0206625 0.9140385
30.062730 3.6347432 -0.3048027 8.5676689 -0.0032557 0.4049381 -0.0200907 0.9141175
30.269960 3.6348093 -0.3048042 8.5677195 -0.0039379 0.4047198 -0.0194783 0.9142248
30.477220 3.6348734 -0.3048030 8.5677586 -0.0035578 0.4047568 -0.0198614 0.9142017
30.684470 3.6349423 -0.3048007 8.5677853 -0.0049803 0.4042050 -0.0195650 0.9144456
30.891780 3.6350098 -0.3047992 8.5678225 -0.0044777 0.4041175 -0.0203008 0.9144708
31.099140 3.6350710 -0.3047989 8.5678539 -0.0027849 0.4041366 -0.0201301 0.9144729
31.306520 3.6351390 -0.3047970 8.5678864 -0.0043275 0.4038025 -0.0189805 0.9146391
32.032190 3.6353762 -0.3047900 8.5679750 -0.0035829 0.4023329 -0.0165691 0.9153365
32.239540 3.6354525 -0.3047903 8.5680170 -0.0039823 0.4013397 -0.0156772 0.9157864
32.447030 3.6355309 -0.3047906 8.5680742 -0.0051451 0.4006460 -0.0170989 0.9160589
32.758130 3.6356406 -0.3047939 8.5681696 -0.0036261 0.4002286 -0.0161074 0.9162666
32.965700 3.6357172 -0.3047950 8.5682392 -0.0045082 0.3996265 -0.0155584 0.9165349
33.276450 3.6358283 -0.3047986 8.5683231 -0.0042183 0.3983190 -0.0164216 0.9170902
33.587620 3.6359513 -0.3048041 8.5684233 -0.0053132 0.3968204 -0.0174364 0.9177153
33.898640 3.6360652 -0.3048102 8.5685072 -0.0054696 0.3962635 -0.0184817 0.9179345
34.209730 3.6361630 -0.3048119 8.5685987 -0.0059710 0.3970608 -0.0184172 0.9175881
34.520830 3.6362689 -0.3048148 8.5686846 -0.0044491 0.3964798 -0.0187603 0.9178410
34.831800 3.6363697 -0.3048171 8.5687704 -0.0052978 0.3965097 -0.0173401 0.9178514
35.142780 3.6364655 -0.3048200 8.5688562 -0.0052130 0.3965374 -0.0177996 0.9178312
35.454000 3.6365762 -0.3048239 8.5689430 -0.0059701 0.3954284 -0.0178280 0.9183044
35.764770 3.6366861 -0.3048279 8.5690269 -0.0060042 0.3943864 -0.0182367 0.9187441
36.075840 3.6367857 -0.3048313 8.5691051 -0.0048722 0.3934045 -0.0183001 0.9191704
36.386840 3.6368816 -0.3048359 8.5691833 -0.0058668 0.3927396 -0.0171279 0.9194715
36.697760 3.6369708 -0.3048378 8.5692568 -0.0061019 0.3916943 -0.0174839 0.9199091
37.008850 3.6370516 -0.3048397 8.5693293 -0.0054168 0.3910966 -0.0177066 0.9201633
37.319950 3.6371250 -0.3048414 8.5694008 -0.0058857 0.3916682 -0.0182519 0.9199066
37.631050 3.6372211 -0.3048432 8.5694761 -0.0055683 0.3922503 -0.0184646 0.9196563
37.942020 3.6373003 -0.3048469 8.5695391 -0.0064358 0.3922344 -0.0175769 0.9196749
38.252870 3.6373892 -0.3048517 8.5695858 -0.0054503 0.3918467 -0.0165843 0.9198649
38.563710 3.6374965 -0.3048547 8.5696955 -0.0052018 0.3913846 -0.0168036 0.9200591
38.978300 3.6375911 -0.3048585 8.5697603 -0.0047683 0.3898536 -0.0181585 0.9206854
39.289260 3.6376572 -0.3048618 8.5698061 -0.0062319 0.3889509 -0.0167848 0.9210845
39.911340 3.6378403 -0.3048659 8.5699215 -0.0038701 0.3857577 -0.0166969 0.9224409
40.222330 3.6379285 -0.3048688 8.5699759 -0.0046126 0.3843001 -0.0181223 0.9230188
40.533280 3.6380179 -0.3048719 8.5700331 -0.0032178 0.3828823 -0.0167767 0.9236392
40.844270 3.6380622 -0.3048737 8.5700703 -0.0044986 0.3829906 -0.0181404 0.9235632
41.258960 3.6381121 -0.3048743 8.5701227 -0.0046837 0.3827517 -0.0161397 0.9236984
41.673550 3.6381617 -0.3048751 8.5701685 -0.0012038 0.3809682 -0.0158699 0.9244512
42.088380 3.6382098 -0.3048768 8.5702162 -0.0027546 0.3794170 -0.0163087 0.9250779
42.502970 3.6382499 -0.3048773 8.5702629 -0.0020876 0.3782978 -0.0175279 0.9255156
42.917430 3.6383011 -0.3048794 8.5703115 -0.0036826 0.3786933 -0.0184980 0.9253300
43.332030 3.6383536 -0.3048813 8.5703573 -0.0029408 0.3793099 -0.0177410 0.9250949
43.746480 3.6383524 -0.3048778 8.5703850 -0.0030119 0.3816467 -0.0204217 0.9240777
44.471930 3.6384032 -0.3048790 8.5704441 -0.0014777 0.3797148 -0.0190005 0.9249073
44.782910 3.6384132 -0.3048795 8.5704670 -0.0019462 0.3786216 -0.0188027 0.9253585
45.197350 3.6384430 -0.3048817 8.5705042 -0.0032392 0.3768963 -0.0190073 0.9260548
46.441130 3.6384985 -0.3048871 8.5706120 -0.0046200 0.3788609 -0.0197571 0.9252312
46.855700 3.6385152 -0.3048890 8.5706501 -0.0071744 0.3801197 -0.0170859 0.9247516
47.166550 3.6385269 -0.3048904 8.5706797 -0.0066468 0.3800308 -0.0161114 0.9248096
47.581030 3.6385350 -0.3048911 8.5707188 -0.0073272 0.3792436 -0.0137589 0.9251655
48.721660 3.6386135 -0.3048946 8.5708256 -0.0097606 0.3746763 -0.0130308 0.9270127
49.136000 3.6386271 -0.3048970 8.5708647 -0.0096876 0.3752490 -0.0135618 0.9267742
49.550580 3.6386728 -0.3048972 8.5709038 -0.0104010 0.3736207 -0.0120764 0.9274446
49.964780 3.6386771 -0.3048989 8.5709324 -0.0105180 0.3748944 -0.0133769 0.9269113
50.379370 3.6386874 -0.3049002 8.5709782 -0.0119913 0.3769774 -0.0114377 0.9260742
50.793950 3.6387081 -0.3049012 8.5710192 -0.0116967 0.3765201 -0.0113174 0.9262655
51.934500 3.6387575 -0.3049034 8.5711365 -0.0161488 0.3769626 -0.0090129 0.9260438
52.660280 3.6387832 -0.3049058 8.5712147 -0.0148411 0.3804449 -0.0065849 0.9246610
53.074870 3.6387966 -0.3049073 8.5712595 -0.0139709 0.3820520 -0.0040692 0.9240263
54.007650 3.6388152 -0.3049116 8.5713768 -0.0156560 0.3878385 -0.0043867 0.9215840
54.318750 3.6388199 -0.3049127 8.5714197 -0.0151716 0.3904786 -0.0025094 0.9204835
54.629720 3.6388478 -0.3049138 8.5714560 -0.0140174 0.3902965 0.0010838 0.9205819
54.940700 3.6388793 -0.3049156 8.5714970 -0.0152279 0.3899694 0.0002898 0.9207019
55.251540 3.6388946 -0.3049173 8.5715332 -0.0160330 0.3901596 -0.0043883 0.9205972
55.562540 3.6389067 -0.3049187 8.5715761 -0.0165142 0.3908946 -0.0009499 0.9202868
56.080860 3.6389387 -0.3049194 8.5716486 -0.0143650 0.3918057 0.0017972 0.9199341
56.391700 3.6389573 -0.3049198 8.5716915 -0.0175543 0.3924790 0.0012868 0.9195926
56.909640 3.6389866 -0.3049223 8.5717735 -0.0151733 0.3965545 0.0017623 0.9178841
57.220620 3.6390023 -0.3049237 8.5718222 -0.0151588 0.3988892 0.0058524 0.9168552
57.531360 3.6390178 -0.3049261 8.5718746 -0.0110919 0.4010523 0.0085222 0.9159484
58.049530 3.6390488 -0.3049296 8.5719633 -0.0154320 0.4037429 0.0125070 0.9146568
58.360400 3.6390719 -0.3049302 8.5720234 -0.0129308 0.4059964 0.0139501 0.9136767
58.671360 3.6390877 -0.3049295 8.5720854 -0.0117595 0.4088964 0.0178454 0.9123305
59.293570 3.6391473 -0.3049163 8.5722179 -0.0087535 0.4135320 0.0196884 0.9102346
59.500910 3.6391754 -0.3049117 8.5722618 -0.0067572 0.4142025 0.0198860 0.9099424
59.708260 3.6392050 -0.3049129 8.5723085 -0.0064353 0.4153310 0.0199518 0.9094288
59.915740 3.6392324 -0.3049124 8.5723534 -0.0047634 0.4158469 0.0212697 0.9091734
60.537830 3.6393850 -0.3049204 8.5724897 -0.0036918 0.4135760 0.0269803 0.9100623
60.745170 3.6394069 -0.3049236 8.5725460 -0.0027768 0.4179693 0.0310787 0.9079251
60.952400 3.6394558 -0.3049236 8.5725918 -0.0018107 0.4178952 0.0329872 0.9078944
61.159760 3.6395111 -0.3049233 8.5726395 0.0000978 0.4179626 0.0339994 0.9078278
61.366980 3.6395593 -0.3049243 8.5726891 -0.0012054 0.4190274 0.0356435 0.9072729
61.574220 3.6396024 -0.3049267 8.5727386 0.0007038 0.4196704 0.0385058 0.9068592
61.784120 3.6396606 -0.3049249 8.5727882 0.0035487 0.4189601 0.0398769 0.9071217
61.988910 3.6397207 -0.3049233 8.5728388 0.0019301 0.4183633 0.0414666 0.9073307
62.196570 3.6397789 -0.3049218 8.5728893 0.0013061 0.4180827 0.0412988 0.9074688
62.403410 3.6398370 -0.3049201 8.5729380 0.0022992 0.4170376 0.0404777 0.9079846
62.611050 3.6398945 -0.3049186 8.5729876 0.0033359 0.4161299 0.0409523 0.9083764
62.817730 3.6399531 -0.3049171 8.5730381 0.0050320 0.4150938 0.0407716 0.9088507
63.024960 3.6400101 -0.3049160 8.5730886 0.0047895 0.4141254 0.0406856 0.9092975
63.232210 3.6400666 -0.3049151 8.5731373 0.0045089 0.4132271 0.0410311 0.9096919
63.439300 3.6401231 -0.3049139 8.5731869 0.0041189 0.4121895 0.0411265 0.9101601
63.646520 3.6401806 -0.3049128 8.5732374 0.0048532 0.4107188 0.0413947 0.9108090
63.853630 3.6402361 -0.3049120 8.5732832 0.0065233 0.4075832 0.0408884 0.9122289
64.060730 3.6402931 -0.3049116 8.5733328 0.0078423 0.4053499 0.0409483 0.9132104
64.267970 3.6403494 -0.3049111 8.5733833 0.0067109 0.4035525 0.0405045 0.9140349
64.475200 3.6404073 -0.3049105 8.5734348 0.0077125 0.4026199 0.0388152 0.9145114
64.682580 3.6404638 -0.3049100 8.5734863 0.0093556 0.4011964 0.0389840 0.9151143
64.889620 3.6405210 -0.3049097 8.5735388 0.0093138 0.3999773 0.0395669 0.9156232
65.200410 3.6406069 -0.3049093 8.5736179 0.0080691 0.3980032 0.0395724 0.9164946
65.407740 3.6406662 -0.3049090 8.5736732 0.0068885 0.3964311 0.0409651 0.9171242
65.614970 3.6407249 -0.3049085 8.5737276 0.0086502 0.3951435 0.0405717 0.9176823
65.822450 3.6407857 -0.3049087 8.5737829 0.0140422 0.3938310 0.0382312 0.9182801
66.029810 3.6408436 -0.3049091 8.5738382 0.0138429 0.3922089 0.0389840 0.9189455
66.237180 3.6409030 -0.3049092 8.5738955 0.0120876 0.3909817 0.0393546 0.9194773
66.444520 3.6409616 -0.3049096 8.5739508 0.0108031 0.3897767 0.0398742 0.9199823
66.651880 3.6410213 -0.3049101 8.5740080 0.0114473 0.3882024 0.0404120 0.9206165
66.859100 3.6410806 -0.3049106 8.5740662 0.0128444 0.3868740 0.0402198 0.9211655
67.066340 3.6411412 -0.3049111 8.5741253 0.0132011 0.3852944 0.0407517 0.9217989
67.273570 3.6412010 -0.3049115 8.5741806 0.0128734 0.3837418 0.0404967 0.9224622
67.480800 3.6412628 -0.3049120 8.5742407 0.0136821 0.3821364 0.0408153 0.9231027
67.687910 3.6413250 -0.3049124 8.5743008 0.0155796 0.3802706 0.0407990 0.9238436
67.895140 3.6413882 -0.3049131 8.5743637 0.0156179 0.3789856 0.0402595 0.9243945
68.102260 3.6414487 -0.3049138 8.5744247 0.0155533 0.3772070 0.0411285 0.9250846
68.309500 3.6415095 -0.3049148 8.5744858 0.0161730 0.3754188 0.0410437 0.9258049
68.516600 3.6415706 -0.3049154 8.5745478 0.0167274 0.3740018 0.0396941 0.9264271
68.723700 3.6416311 -0.3049168 8.5746088 0.0188137 0.3722350 0.0385544 0.9271466
68.930920 3.6416910 -0.3049183 8.5746708 0.0182375 0.3705643 0.0400677 0.9277630
69.138040 3.6417503 -0.3049197 8.5747328 0.0184728 0.3690229 0.0398535 0.9283817
69.345250 3.6418085 -0.3049212 8.5747929 0.0198193 0.3676494 0.0389466 0.9289372
69.552530 3.6418674 -0.3049230 8.5748549 0.0202345 0.3655282 0.0394556 0.9297435
69.759720 3.6419280 -0.3049245 8.5749187 0.0202948 0.3636279 0.0401580 0.9304570
69.966820 3.6419849 -0.3049265 8.5749798 0.0201686 0.3617153 0.0394131 0.9312367
70.174050 3.6420410 -0.3049283 8.5750399 0.0208710 0.3598437 0.0388499 0.9319697
70.485050 3.6421249 -0.3049305 8.5751333 0.0220462 0.3574008 0.0373935 0.9329417
70.692380 3.6421878 -0.3049328 8.5752010 0.0236795 0.3547821 0.0373698 0.9339017
71.003350 3.6422648 -0.3049362 8.5752878 0.0259953 0.3522288 0.0352162 0.9348898
71.314340 3.6422665 -0.3049368 8.5752916 0.0248583 0.3536918 0.0338958 0.9344171
71.521800 3.6422729 -0.3049374 8.5753002 0.0245086 0.3543078 0.0340482 0.9341874
71.729150 3.6422772 -0.3049377 8.5753069 0.0247947 0.3554524 0.0351464 0.9337043
72.040250 3.6422822 -0.3049381 8.5753155 0.0255736 0.3567499 0.0358944 0.9331598
72.247600 3.6422861 -0.3049387 8.5753212 0.0264233 0.3563109 0.0350056 0.9333376
72.869690 3.6422970 -0.3049399 8.5753365 0.0273236 0.3567555 0.0324724 0.9332334
73.077160 3.6423035 -0.3049407 8.5753431 0.0282348 0.3566158 0.0330704 0.9332386
73.284400 3.6423118 -0.3049407 8.5753489 0.0269938 0.3545763 0.0314370 0.9341085
73.491740 3.6423204 -0.3049402 8.5753536 0.0277695 0.3529416 0.0311060 0.9347157
73.698980 3.6423335 -0.3049408 8.5753679 0.0273509 0.3540774 0.0293423 0.9343555
73.906330 3.6423392 -0.3049406 8.5753689 0.0271923 0.3503316 0.0296339 0.9357618
74.113680 3.6423402 -0.3049424 8.5753689 0.0258531 0.3480763 0.0307159 0.9366061
74.735780 3.6423516 -0.3049427 8.5753794 0.0260968 0.3434091 0.0303781 0.9383317
74.942980 3.6423571 -0.3049426 8.5753832 0.0262570 0.3421238 0.0299705 0.9388097
75.150340 3.6423628 -0.3049426 8.5753880 0.0258700 0.3413543 0.0296150 0.9391118
75.357700 3.6423681 -0.3049421 8.5753918 0.0250219 0.3403130 0.0294081 0.9395191
75.565050 3.6423750 -0.3049419 8.5753975 0.0250163 0.3393092 0.0292399 0.9398875
75.772410 3.6423824 -0.3049408 8.5754013 0.0262304 0.3372876 0.0286616 0.9405996
75.979760 3.6423936 -0.3049417 8.5754156 0.0252576 0.3376772 0.0281898 0.9405007
76.290480 3.6424100 -0.3049422 8.5754337 0.0259615 0.3365557 0.0294330 0.9408453
77.637240 3.6424556 -0.3049481 8.5754681 0.0236156 0.3246666 0.0304645 0.9450428
78.259190 3.6424716 -0.3049497 8.5754910 0.0235439 0.3234169 0.0316390 0.9454344
78.570050 3.6424794 -0.3049506 8.5755014 0.0211823 0.3233675 0.0302774 0.9455517
78.881010 3.6424873 -0.3049509 8.5755119 0.0207252 0.3241855 0.0305344 0.9452735
79.606430 3.6425097 -0.3049520 8.5755310 0.0210943 0.3226732 0.0304718 0.9457846
79.917400 3.6425185 -0.3049521 8.5755405 0.0206176 0.3238128 0.0305293 0.9454037
80.228390 3.6425276 -0.3049518 8.5755491 0.0193596 0.3265792 0.0297781 0.9445022
82.819520 3.6426029 -0.3049543 8.5756226 0.0192341 0.3333242 0.0304256 0.9421249
83.026880 3.6426091 -0.3049545 8.5756283 0.0167850 0.3309073 0.0325813 0.9429513
83.441640 3.6426201 -0.3049545 8.5756397 0.0210945 0.3254089 0.0310696 0.9448273
83.856290 3.6426301 -0.3049551 8.5756521 0.0189250 0.3184940 0.0336728 0.9471376
84.063650 3.6426349 -0.3049552 8.5756569 0.0184766 0.3160369 0.0335331 0.9479741
84.375100 3.6426425 -0.3049553 8.5756674 0.0178837 0.3128544 0.0340745 0.9490212
84.996840 3.6426568 -0.3049560 8.5756845 0.0167392 0.3111979 0.0311160 0.9496881
85.204070 3.6426620 -0.3049565 8.5756912 0.0165494 0.3106745 0.0309924 0.9498668
85.515020 3.6426697 -0.3049569 8.5757008 0.0165271 0.3090699 0.0319632 0.9503584
85.723090 3.6426747 -0.3049571 8.5757055 0.0157798 0.3077844 0.0326151 0.9507660
88.003840 3.6427259 -0.3049580 8.5757723 0.0144075 0.2909015 0.0363421 0.9559540
88.418530 3.6427345 -0.3049583 8.5757837 0.0140578 0.2913678 0.0325033 0.9559554
88.625980 3.6427386 -0.3049584 8.5757895 0.0129531 0.2917580 0.0323709 0.9558565
89.040970 3.6427464 -0.3049586 8.5757999 0.0109982 0.2933038 0.0329309 0.9553887
89.248170 3.6427505 -0.3049586 8.5758057 0.0106994 0.2936808 0.0364743 0.9551475
89.870260 3.6427629 -0.3049586 8.5758209 0.0151131 0.2955198 0.0448198 0.9541650
90.285080 3.6427703 -0.3049588 8.5758314 0.0165075 0.2990030 0.0504655 0.9527738
90.492430 3.6427736 -0.3049589 8.5758362 0.0171860 0.3012995 0.0526190 0.9519215
90.907270 3.6427810 -0.3049591 8.5758457 0.0162032 0.3127827 0.0547980 0.9481042
91.322130 3.6427894 -0.3049594 8.5758543 0.0166404 0.3348778 0.0544769 0.9405382
92.981700 3.6428199 -0.3049591 8.5758801 0.0113194 0.4838363 0.0685468 0.8723965
93.189210 3.6428237 -0.3049589 8.5758820 0.0101985 0.5060951 0.0704231 0.8595373
93.396540 3.6428275 -0.3049588 8.5758829 0.0108940 0.5278816 0.0704541 0.8463206
94.433570 3.6428492 -0.3049574 8.5758877 0.0020897 0.6377286 0.0715879 0.7669244
95.159370 3.6428676 -0.3049563 8.5758896 -0.0012879 0.7088026 0.0727307 0.7016462
96.403410 3.6428988 -0.3049555 8.5758858 -0.0072264 0.8112119 0.0737940 0.5800322
96.714500 3.6429074 -0.3049542 8.5758829 -0.0085504 0.8362541 0.0728252 0.5434173
96.921840 3.6429124 -0.3049533 8.5758810 -0.0087704 0.8516660 0.0718229 0.5190661
97.233060 3.6429200 -0.3049526 8.5758781 -0.0110722 0.8744749 0.0719547 0.4795764
97.544160 3.6429279 -0.3049513 8.5758734 -0.0123019 0.8956056 0.0698624 0.4391567
97.751640 3.6429324 -0.3049505 8.5758705 -0.0134489 0.9084510 0.0691447 0.4120133
98.477450 3.6429453 -0.3049479 8.5758543 -0.0164245 0.9456734 0.0667027 0.3177778
98.892150 3.6429522 -0.3049465 8.5758448 -0.0173087 0.9632307 0.0627473 0.2606718
99.203130 3.6429560 -0.3049456 8.5758371 -0.0195083 0.9735612 0.0625250 0.2188346
99.617730 3.6429610 -0.3049442 8.5758257 -0.0202278 0.9841278 0.0602349 0.1656956
99.825070 3.6429622 -0.3049435 8.5758200 -0.0192717 0.9880651 0.0589735 0.1409895
100.550800 3.6429670 -0.3049411 8.5757980 -0.0214026 0.9961051 0.0566343 0.0641019
100.654400 3.6429670 -0.3049407 8.5757961 -0.0204735 0.9966694 0.0561925 0.0554385
100.758000 3.6429675 -0.3049404 8.5757923 -0.0201149 0.9971282 0.0552917 0.0476819
101.068800 3.6429687 -0.3049394 8.5757828 -0.0181896 0.9980553 0.0532392 0.0268388
101.379800 3.6429691 -0.3049384 8.5757723 -0.0186706 0.9984248 0.0521259 0.0090688
101.483400 3.6429691 -0.3049381 8.5757685 -0.0190497 0.9984446 0.0522311 0.0041704
101.587000 3.6429689 -0.3049378 8.5757656 -0.0187860 0.9984252 0.0528601 0.0000887
101.794300 3.6429687 -0.3049371 8.5757580 -0.0181073 0.9984114 0.0530298 -0.0058823
101.897900 3.6429689 -0.3049368 8.5757551 -0.0182182 0.9983786 0.0532396 -0.0085898
102.001600 3.6429691 -0.3049366 8.5757523 -0.0184753 0.9983321 0.0535689 -0.0110460
102.208900 3.6429687 -0.3049358 8.5757446 -0.0187893 0.9982635 0.0535821 -0.0156841
102.312600 3.6429684 -0.3049356 8.5757418 -0.0191092 0.9982229 0.0536859 -0.0174273
102.416200 3.6429687 -0.3049353 8.5757389 -0.0191450 0.9982031 0.0535665 -0.0188338
102.520000 3.6429684 -0.3049349 8.5757341 -0.0190712 0.9981982 0.0532517 -0.0200243
102.727300 3.6429679 -0.3049342 8.5757275 -0.0188001 0.9981853 0.0528056 -0.0220028
103.038300 3.6429677 -0.3049332 8.5757170 -0.0188509 0.9981453 0.0526581 -0.0240341
103.245700 3.6429670 -0.3049326 8.5757093 -0.0186404 0.9980735 0.0536378 -0.0249947
103.453000 3.6429670 -0.3049319 8.5757027 -0.0189222 0.9980142 0.0539779 -0.0263807
103.660300 3.6429665 -0.3049313 8.5756960 -0.0195295 0.9979969 0.0535693 -0.0274047
103.867700 3.6429663 -0.3049305 8.5756884 -0.0198574 0.9979061 0.0544537 -0.0287033
104.282300 3.6429656 -0.3049292 8.5756750 -0.0209332 0.9979654 0.0513456 -0.0314713
104.489800 3.6429653 -0.3049287 8.5756683 -0.0204605 0.9979436 0.0507109 -0.0334403
104.593400 3.6429651 -0.3049284 8.5756645 -0.0203107 0.9978582 0.0512624 -0.0351948
104.800900 3.6429648 -0.3049279 8.5756578 -0.0216551 0.9976091 0.0512543 -0.0409888
105.008400 3.6429641 -0.3049273 8.5756521 -0.0230884 0.9971963 0.0509842 -0.0496711
105.215900 3.6429632 -0.3049269 8.5756454 -0.0237258 0.9965812 0.0509510 -0.0605561
105.319400 3.6429629 -0.3049266 8.5756426 -0.0241555 0.9961266 0.0508835 -0.0675221
105.526900 3.6429617 -0.3049261 8.5756359 -0.0254442 0.9949225 0.0499827 -0.0835684
105.941900 3.6429594 -0.3049252 8.5756235 -0.0261633 0.9909502 0.0455873 -0.1235112
106.564500 3.6429534 -0.3049241 8.5756054 -0.0263657 0.9781463 0.0393837 -0.2024442
106.771900 3.6429505 -0.3049238 8.5756006 -0.0258183 0.9716488 0.0370756 -0.2320719
106.979300 3.6429482 -0.3049236 8.5755959 -0.0249656 0.9637148 0.0363129 -0.2632714
107.186900 3.6429453 -0.3049233 8.5755901 -0.0256692 0.9539922 0.0344925 -0.2967328
107.394300 3.6429415 -0.3049231 8.5755854 -0.0271566 0.9428702 0.0305706 -0.3306414
107.809100 3.6429336 -0.3049229 8.5755768 -0.0274337 0.9168013 0.0268913 -0.3974917
108.016400 3.6429284 -0.3049229 8.5755720 -0.0284647 0.9017972 0.0246679 -0.4305148
108.431200 3.6429191 -0.3049228 8.5755653 -0.0295971 0.8690581 0.0162016 -0.4935580
108.638800 3.6429129 -0.3049229 8.5755625 0.0311750 -0.8511540 -0.0128169 0.5238327
108.845900 3.6429071 -0.3049230 8.5755596 0.0326346 -0.8328312 -0.0072072 0.5525172
109.260500 3.6428959 -0.3049234 8.5755548 0.0313968 -0.7969809 -0.0018817 0.6031850
109.364400 3.6428933 -0.3049236 8.5755548 0.0317821 -0.7875679 0.0008586 0.6154072
109.467900 3.6428902 -0.3049237 8.5755539 0.0318552 -0.7778907 0.0039976 0.6275789
109.571600 3.6428871 -0.3049239 8.5755529 0.0327372 -0.7681219 0.0042224 0.6394523
109.882700 3.6428781 -0.3049243 8.5755520 0.0350500 -0.7343660 0.0066923 0.6778151
110.193900 3.6428690 -0.3049250 8.5755520 0.0397042 -0.6996622 0.0125011 0.7132602
110.712500 3.6428533 -0.3049265 8.5755529 0.0396171 -0.6376036 0.0196143 0.7690952
110.920000 3.6428475 -0.3049271 8.5755558 0.0418069 -0.6116925 0.0216259 0.7896941
111.334700 3.6428366 -0.3049288 8.5755596 0.0439846 -0.5601511 0.0214528 0.8269437
111.645800 3.6428280 -0.3049300 8.5755625 0.0420589 -0.5237335 0.0224383 0.8505474
111.749400 3.6428251 -0.3049303 8.5755634 0.0413783 -0.5133549 0.0231420 0.8568658
112.681700 3.6428170 -0.3049322 8.5755720 0.0379090 -0.4493948 0.0268448 0.8921248
112.889800 3.6428154 -0.3049326 8.5755739 0.0362829 -0.4444031 0.0253737 0.8947322
113.303200 3.6428134 -0.3049337 8.5755777 0.0328688 -0.4425097 0.0188860 0.8959622
113.717900 3.6428118 -0.3049349 8.5755816 0.0308480 -0.4409583 0.0148853 0.8968738
113.823800 3.6428113 -0.3049352 8.5755835 0.0313005 -0.4412119 0.0130565 0.8967619
113.925200 3.6428106 -0.3049356 8.5755844 0.0305000 -0.4427330 0.0114027 0.8960621
114.028800 3.6428094 -0.3049355 8.5755854 0.0298409 -0.4432194 0.0115322 0.8958421
