7.200764e-03 -1.011089e-02 9.999230e-01 2.602348e+01 8.125250e-02 9.966483e-01 9.492647e-03 -9.509506e-01 -9.966675e-01 8.117787e-02 7.998165e-03 2.124027e+01
-3.162964e-02 -1.065186e-02 9.994429e-01 2.824249e+01 9.165357e-02 9.956992e-01 1.351254e-02 -9.456288e-01 -9.952885e-01 9.202989e-02 -3.051732e-02 2.116969e+01
-4.749041e-02 -1.030237e-02 9.988186e-01 2.937022e+01 9.488928e-02 9.953781e-01 1.477854e-02 -9.414386e-01 -9.943544e-01 9.547900e-02 -4.629333e-02 2.110741e+01
-7.560868e-02 -1.193509e-02 9.970662e-01 3.164196e+01 9.751631e-02 9.950466e-01 1.930569e-02 -9.296868e-01 -9.923577e-01 9.868987e-02 -7.407029e-02 2.093984e+01
-9.947788e-02 -9.193596e-03 9.949973e-01 3.394232e+01 9.735338e-02 9.950699e-01 1.892746e-02 -9.117462e-01 -9.902658e-01 9.874920e-02 -9.809240e-02 2.071859e+01
-1.194554e-01 -2.512059e-03 9.928364e-01 3.630912e+01 9.905114e-02 9.949776e-01 1.443504e-02 -8.891584e-01 -9.878862e-01 1.000659e-01 -1.186066e-01 2.043698e+01
-1.329871e-01 -7.149781e-04 9.911175e-01 3.876733e+01 9.839198e-02 9.950504e-01 1.391994e-02 -8.670199e-01 -9.862218e-01 9.936917e-02 -1.322585e-01 2.011085e+01
-1.381591e-01 8.940047e-04 9.904097e-01 4.002403e+01 9.941083e-02 9.949619e-01 1.296938e-02 -8.564479e-01 -9.854083e-01 1.002493e-01 -1.375519e-01 1.993253e+01
-1.468253e-01 3.917606e-03 9.891547e-01 4.260679e+01 9.897322e-02 9.950320e-01 1.075021e-02 -8.375480e-01 -9.841984e-01 9.947820e-02 -1.464836e-01 1.955065e+01
-1.499193e-01 3.009372e-03 9.886937e-01 4.393278e+01 9.873932e-02 9.950416e-01 1.194351e-02 -8.295496e-01 -9.837554e-01 9.941348e-02 -1.494731e-01 1.934786e+01
-1.522300e-01 5.817954e-04 9.883450e-01 4.528137e+01 9.933371e-02 9.949454e-01 1.471420e-02 -8.187903e-01 -9.833406e-01 1.004159e-01 -1.515183e-01 1.913753e+01
-1.565155e-01 3.425744e-04 9.876755e-01 4.803559e+01 1.016061e-01 9.946999e-01 1.575634e-02 -7.907530e-01 -9.824353e-01 1.028199e-01 -1.557207e-01 1.869944e+01
-1.575241e-01 8.739825e-04 9.875148e-01 4.944201e+01 1.013351e-01 9.947349e-01 1.528416e-02 -7.765930e-01 -9.823020e-01 1.024775e-01 -1.567833e-01 1.847318e+01
-1.581475e-01 2.246276e-03 9.874130e-01 5.231634e+01 1.029209e-01 9.945878e-01 1.422156e-02 -7.488661e-01 -9.820370e-01 1.038745e-01 -1.575227e-01 1.800571e+01
-1.576227e-01 3.491308e-03 9.874933e-01 5.378414e+01 1.029740e-01 9.946001e-01 1.292016e-02 -7.385593e-01 -9.821158e-01 1.037226e-01 -1.571310e-01 1.776822e+01
-1.549453e-01 2.303011e-03 9.879204e-01 5.678690e+01 1.024081e-01 9.946475e-01 1.374297e-02 -7.193216e-01 -9.826009e-01 1.033004e-01 -1.543518e-01 1.728947e+01
-1.538084e-01 3.054216e-03 9.880960e-01 5.831970e+01 1.033843e-01 9.945563e-01 1.301875e-02 -7.090229e-01 -9.826773e-01 1.041560e-01 -1.532869e-01 1.704698e+01
-1.516316e-01 4.600354e-03 9.884264e-01 6.144932e+01 1.043179e-01 9.944789e-01 1.137458e-02 -6.898538e-01 -9.829169e-01 1.048353e-01 -1.512744e-01 1.656009e+01
-1.496365e-01 2.801779e-03 9.887371e-01 6.466146e+01 1.056381e-01 9.943174e-01 1.316978e-02 -6.742945e-01 -9.830816e-01 1.064190e-01 -1.490821e-01 1.606555e+01
-1.481741e-01 1.587223e-03 9.889600e-01 6.793358e+01 1.084503e-01 9.939938e-01 1.465361e-02 -6.566595e-01 -9.829969e-01 1.094243e-01 -1.474563e-01 1.556429e+01
-1.464650e-01 3.603548e-03 9.892093e-01 7.126348e+01 1.101154e-01 9.938379e-01 1.268356e-02 -6.455501e-01 -9.830679e-01 1.107848e-01 -1.459592e-01 1.506048e+01
-1.460361e-01 1.690015e-03 9.892778e-01 7.465679e+01 1.098325e-01 9.938441e-01 1.451553e-02 -6.351425e-01 -9.831634e-01 1.107746e-01 -1.453227e-01 1.455382e+01
-1.456204e-01 2.152571e-03 9.893382e-01 7.811207e+01 1.123679e-01 9.935626e-01 1.437762e-02 -6.192733e-01 -9.829385e-01 1.132635e-01 -1.449248e-01 1.403765e+01
-1.459369e-01 3.866772e-03 9.892864e-01 8.162656e+01 1.123299e-01 9.935899e-01 1.268701e-02 -6.069533e-01 -9.828959e-01 1.129779e-01 -1.454358e-01 1.351471e+01
-1.482341e-01 4.952492e-03 9.889399e-01 8.519377e+01 1.106078e-01 9.937964e-01 1.160240e-02 -6.018080e-01 -9.827474e-01 1.111043e-01 -1.478623e-01 1.298000e+01
-1.502286e-01 3.835819e-03 9.886439e-01 8.882747e+01 1.096199e-01 9.938911e-01 1.280101e-02 -5.948763e-01 -9.825552e-01 1.102981e-01 -1.497313e-01 1.242843e+01
-1.506723e-01 2.811838e-03 9.885798e-01 9.066661e+01 1.070118e-01 9.941663e-01 1.348224e-02 -5.892579e-01 -9.827748e-01 1.078211e-01 -1.500942e-01 1.214861e+01
-1.546860e-01 5.230309e-03 9.879499e-01 9.438417e+01 1.057142e-01 9.943325e-01 1.128785e-02 -5.761580e-01 -9.822915e-01 1.061864e-01 -1.543622e-01 1.156935e+01
-1.632049e-01 4.743000e-03 9.865808e-01 9.815387e+01 1.041819e-01 9.944803e-01 1.245328e-02 -5.670654e-01 -9.810760e-01 1.048163e-01 -1.627982e-01 1.095901e+01
-1.727782e-01 4.875200e-03 9.849487e-01 1.019553e+02 1.009596e-01 9.948083e-01 1.278618e-02 -5.641477e-01 -9.797728e-01 1.016492e-01 -1.723734e-01 1.030991e+01
-1.774521e-01 6.239531e-03 9.841097e-01 1.038698e+02 1.014658e-01 9.947668e-01 1.198894e-02 -5.624452e-01 -9.788848e-01 1.019809e-01 -1.771565e-01 9.966128e+00
-1.820546e-01 7.979443e-03 9.832561e-01 1.057910e+02 1.011783e-01 9.948112e-01 1.066042e-02 -5.643553e-01 -9.780690e-01 1.014249e-01 -1.819173e-01 9.611618e+00
-1.868758e-01 8.786952e-03 9.823443e-01 1.077248e+02 1.001207e-01 9.949235e-01 1.014694e-02 -5.687973e-01 -9.772682e-01 1.002492e-01 -1.868069e-01 9.246382e+00
-1.918873e-01 7.633132e-03 9.813873e-01 1.096683e+02 9.794174e-02 9.951267e-01 1.141021e-02 -5.717942e-01 -9.765176e-01 9.830823e-02 -1.916997e-01 8.871585e+00
-1.972643e-01 7.480826e-03 9.803218e-01 1.116206e+02 9.606302e-02 9.953061e-01 1.173501e-02 -5.733449e-01 -9.756324e-01 9.648755e-02 -1.970570e-01 8.486629e+00
-2.028929e-01 6.576712e-03 9.791789e-01 1.135815e+02 9.508165e-02 9.953844e-01 1.301604e-02 -5.728043e-01 -9.745737e-01 9.574279e-02 -2.025817e-01 8.086921e+00
-2.084031e-01 6.469213e-03 9.780216e-01 1.155478e+02 9.502287e-02 9.953813e-01 1.366404e-02 -5.705380e-01 -9.734160e-01 9.578203e-02 -2.080553e-01 7.674193e+00
-2.138450e-01 7.858298e-03 9.768360e-01 1.175182e+02 9.558616e-02 9.953373e-01 1.291820e-02 -5.680584e-01 -9.721798e-01 9.613447e-02 -2.135991e-01 7.246929e+00
-2.195383e-01 8.856306e-03 9.755637e-01 1.194963e+02 9.521901e-02 9.953792e-01 1.239164e-02 -5.658779e-01 -9.709460e-01 9.561263e-02 -2.193671e-01 6.808278e+00
-2.254576e-01 8.853206e-03 9.742128e-01 1.214861e+02 9.566882e-02 9.953271e-01 1.309511e-02 -5.645652e-01 -9.695444e-01 9.615416e-02 -2.252510e-01 6.351224e+00
-2.362092e-01 9.550857e-03 9.716553e-01 1.254794e+02 9.420289e-02 9.954666e-01 1.311579e-02 -5.607338e-01 -9.671251e-01 9.463079e-02 -2.360381e-01 5.403529e+00
-2.414041e-01 9.719218e-03 9.703760e-01 1.274889e+02 9.294890e-02 9.955840e-01 1.315154e-02 -5.591517e-01 -9.659630e-01 9.337020e-02 -2.412414e-01 4.911013e+00
-2.497010e-01 8.595703e-03 9.682849e-01 1.315233e+02 9.625855e-02 9.952279e-01 1.598823e-02 -5.494115e-01 -9.635267e-01 9.719796e-02 -2.493368e-01 3.880107e+00
-2.532929e-01 9.879226e-03 9.673392e-01 1.335486e+02 9.768544e-02 9.950979e-01 1.541572e-02 -5.427542e-01 -9.624449e-01 9.839963e-02 -2.530163e-01 3.348158e+00
-2.597614e-01 1.013191e-02 9.656197e-01 1.376250e+02 9.708426e-02 9.951527e-01 1.567485e-02 -5.295973e-01 -9.607802e-01 9.781817e-02 -2.594859e-01 2.257989e+00
-2.637027e-01 1.035061e-02 9.645485e-01 1.396797e+02 9.579549e-02 9.952802e-01 1.550960e-02 -5.224538e-01 -9.598354e-01 9.648930e-02 -2.634496e-01 1.699296e+00
-2.681714e-01 1.125920e-02 9.633055e-01 1.417304e+02 9.446872e-02 9.954198e-01 1.466427e-02 -5.179993e-01 -9.587282e-01 9.493475e-02 -2.680067e-01 1.132152e+00
-2.726489e-01 1.108767e-02 9.620497e-01 1.437927e+02 9.357615e-02 9.954984e-01 1.504669e-02 -5.127373e-01 -9.575521e-01 9.412736e-02 -2.724590e-01 5.515872e-01
-2.772301e-01 1.132109e-02 9.607369e-01 1.458618e+02 9.373713e-02 9.954791e-01 1.531828e-02 -5.061993e-01 -9.562200e-01 9.430339e-02 -2.770379e-01 -4.137210e-02
-2.817308e-01 1.185782e-02 9.594203e-01 1.479305e+02 9.322617e-02 9.955309e-01 1.507145e-02 -5.006247e-01 -9.549537e-01 9.368914e-02 -2.815771e-01 -6.449311e-01
-2.862852e-01 1.239653e-02 9.580643e-01 1.500068e+02 9.286516e-02 9.955677e-01 1.486782e-02 -4.959689e-01 -9.536335e-01 9.322721e-02 -2.861674e-01 -1.261108e+00
-2.947361e-01 1.147144e-02 9.555099e-01 1.541812e+02 9.310741e-02 9.955148e-01 1.676813e-02 -4.829921e-01 -9.510318e-01 9.390720e-02 -2.944822e-01 -2.533182e+00
-2.986660e-01 1.208825e-02 9.542812e-01 1.562753e+02 9.410159e-02 9.954201e-01 1.684205e-02 -4.753909e-01 -9.497070e-01 9.482950e-02 -2.984357e-01 -3.187653e+00
-3.058439e-01 1.542536e-02 9.519567e-01 1.604737e+02 9.475529e-02 9.953977e-01 1.431362e-02 -4.608735e-01 -9.473547e-01 9.458065e-02 -3.058979e-01 -4.525316e+00
-3.126266e-01 1.689296e-02 9.497259e-01 1.647037e+02 9.518253e-02 9.953665e-01 1.362698e-02 -4.525483e-01 -9.450952e-01 9.465745e-02 -3.127859e-01 -5.908582e+00
-3.201365e-01 1.695749e-02 9.472197e-01 1.689537e+02 9.501387e-02 9.953733e-01 1.429274e-02 -4.456125e-01 -9.425948e-01 9.457461e-02 -3.202665e-01 -7.331463e+00
-3.271325e-01 1.815461e-02 9.448041e-01 1.732245e+02 9.878847e-02 9.949941e-01 1.508585e-02 -4.365523e-01 -9.398006e-01 9.827080e-02 -3.272883e-01 -8.806086e+00
-3.325870e-01 1.703682e-02 9.429187e-01 1.775169e+02 9.930238e-02 9.949112e-01 1.704978e-02 -4.209330e-01 -9.378299e-01 9.930458e-02 -3.325864e-01 -1.031827e+01
-3.383518e-01 1.880925e-02 9.408317e-01 1.818303e+02 9.724016e-02 9.951467e-01 1.507538e-02 -4.043634e-01 -9.359820e-01 9.658739e-02 -3.385386e-01 -1.186225e+01
-3.448185e-01 2.159976e-02 9.384208e-01 1.861699e+02 9.545937e-02 9.953590e-01 1.216580e-02 -3.990509e-01 -9.338028e-01 9.377604e-02 -3.452801e-01 -1.344797e+01
-3.481357e-01 2.308833e-02 9.371598e-01 1.883440e+02 9.427365e-02 9.954910e-01 1.049532e-02 -4.000549e-01 -9.326918e-01 9.200325e-02 -3.487425e-01 -1.425545e+01
-3.555047e-01 2.192990e-02 9.344172e-01 1.927087e+02 9.415617e-02 9.954795e-01 1.245931e-02 -4.038655e-01 -9.299198e-01 9.241047e-02 -3.559625e-01 -1.590879e+01
-3.631389e-01 2.128419e-02 9.314919e-01 1.970930e+02 9.410306e-02 9.954648e-01 1.393979e-02 -4.021162e-01 -9.269707e-01 9.271829e-02 -3.634949e-01 -1.760738e+01
-3.666020e-01 2.143330e-02 9.301310e-01 1.992958e+02 9.312059e-02 9.955597e-01 1.376156e-02 -4.006638e-01 -9.257059e-01 9.165934e-02 -3.669700e-01 -1.847484e+01
-3.703490e-01 2.201051e-02 9.286319e-01 2.014804e+02 9.212319e-02 9.956609e-01 1.314053e-02 -4.011965e-01 -9.243132e-01 9.041510e-02 -3.707697e-01 -1.934449e+01
-3.735992e-01 2.206369e-02 9.273278e-01 2.036882e+02 9.207681e-02 9.956616e-01 1.340610e-02 -4.030819e-01 -9.230089e-01 9.039387e-02 -3.740100e-01 -2.023459e+01
-3.789168e-01 2.285844e-02 9.251484e-01 2.080748e+02 9.433619e-02 9.954413e-01 1.404241e-02 -4.083230e-01 -9.206100e-01 9.259586e-02 -3.793458e-01 -2.203665e+01
-3.840978e-01 2.314782e-02 9.230022e-01 2.124744e+02 9.628035e-02 9.952396e-01 1.510660e-02 -4.051777e-01 -9.182586e-01 9.466937e-02 -3.844980e-01 -2.387896e+01
-3.893716e-01 2.450055e-02 9.207549e-01 2.168716e+02 9.604304e-02 9.952768e-01 1.413145e-02 -4.053455e-01 -9.160597e-01 9.393446e-02 -3.898856e-01 -2.574520e+01
-3.949738e-01 2.652036e-02 9.183096e-01 2.212752e+02 9.548710e-02 9.953543e-01 1.232452e-02 -4.145729e-01 -9.137165e-01 9.255456e-02 -3.956712e-01 -2.764230e+01
-4.003449e-01 2.717994e-02 9.159614e-01 2.256743e+02 9.384581e-02 9.955206e-01 1.147700e-02 -4.323730e-01 -9.115464e-01 9.055388e-02 -4.011023e-01 -2.956630e+01
-4.054481e-01 2.628911e-02 9.137400e-01 2.300656e+02 9.575560e-02 9.953085e-01 1.385312e-02 -4.485622e-01 -9.090889e-01 9.311242e-02 -4.060633e-01 -3.152450e+01
-4.116808e-01 2.580665e-02 9.109627e-01 2.344478e+02 9.367349e-02 9.955027e-01 1.413118e-02 -4.516442e-01 -9.065011e-01 9.115057e-02 -4.122467e-01 -3.350409e+01
-4.185234e-01 2.430782e-02 9.078807e-01 2.388266e+02 9.099928e-02 9.957336e-01 1.528968e-02 -4.565040e-01 -9.036356e-01 8.901555e-02 -4.189498e-01 -3.551552e+01
-4.257271e-01 2.389500e-02 9.045361e-01 2.431866e+02 8.957398e-02 9.958540e-01 1.585137e-02 -4.598154e-01 -9.004071e-01 8.777123e-02 -4.261024e-01 -3.755871e+01
-4.336948e-01 2.386280e-02 9.007439e-01 2.475244e+02 8.796735e-02 9.959953e-01 1.596872e-02 -4.614750e-01 -8.967556e-01 8.616158e-02 -4.340571e-01 -3.963198e+01
-4.410215e-01 2.505593e-02 8.971467e-01 2.518424e+02 8.852924e-02 9.959498e-01 1.570406e-02 -4.628392e-01 -8.931196e-01 8.634953e-02 -4.414534e-01 -4.174631e+01
-4.483033e-01 2.521558e-02 8.935258e-01 2.561425e+02 8.717879e-02 9.960700e-01 1.563027e-02 -4.599411e-01 -8.896201e-01 8.490359e-02 -4.487397e-01 -4.389031e+01
-4.553868e-01 2.592550e-02 8.899162e-01 2.604446e+02 8.760414e-02 9.960298e-01 1.581181e-02 -4.515860e-01 -8.859731e-01 8.516081e-02 -4.558499e-01 -4.607408e+01
-4.588898e-01 2.701655e-02 8.880824e-01 2.625925e+02 8.903314e-02 9.959048e-01 1.570853e-02 -4.468931e-01 -8.840210e-01 8.627723e-02 -4.594159e-01 -4.718398e+01
-4.649723e-01 2.982926e-02 8.848226e-01 2.668920e+02 9.212184e-02 9.956371e-01 1.484476e-02 -4.426920e-01 -8.805193e-01 8.841387e-02 -4.656915e-01 -4.943452e+01
-4.704908e-01 3.425764e-02 8.817397e-01 2.711744e+02 9.593141e-02 9.953092e-01 1.251830e-02 -4.357941e-01 -8.771747e-01 9.047625e-02 -4.715702e-01 -5.172041e+01
-4.732870e-01 3.502027e-02 8.802119e-01 2.733318e+02 9.677821e-02 9.952282e-01 1.244098e-02 -4.312748e-01 -8.755760e-01 9.107347e-02 -4.744177e-01 -5.288771e+01
-4.797661e-01 3.625912e-02 8.766469e-01 2.776580e+02 9.648349e-02 9.952665e-01 1.163754e-02 -4.182424e-01 -8.720753e-01 9.016523e-02 -4.809935e-01 -5.525311e+01
-4.830450e-01 3.738275e-02 8.747972e-01 2.798273e+02 9.727560e-02 9.951946e-01 1.118587e-02 -4.128268e-01 -8.701752e-01 9.049968e-02 -4.843602e-01 -5.645514e+01
-4.891485e-01 3.754739e-02 8.713920e-01 2.841885e+02 9.474989e-02 9.954479e-01 1.029420e-02 -4.095589e-01 -8.670387e-01 8.759967e-02 -4.904794e-01 -5.889251e+01
-4.918877e-01 3.780488e-02 8.698375e-01 2.863724e+02 9.587566e-02 9.953330e-01 1.095791e-02 -4.079618e-01 -8.653637e-01 8.878629e-02 -4.932166e-01 -6.012956e+01
-4.938980e-01 3.783481e-02 8.686964e-01 2.885702e+02 9.748770e-02 9.951633e-01 1.208380e-02 -4.045488e-01 -8.640375e-01 9.065535e-02 -4.951976e-01 -6.138495e+01
-4.981567e-01 3.777312e-02 8.662639e-01 2.929827e+02 9.815975e-02 9.950850e-01 1.305774e-02 -3.908822e-01 -8.615130e-01 9.153703e-02 -4.994160e-01 -6.392341e+01
-5.004590e-01 3.710110e-02 8.649649e-01 2.951953e+02 9.755645e-02 9.951348e-01 1.376055e-02 -3.821466e-01 -8.602462e-01 9.126948e-02 -5.016436e-01 -6.520624e+01
-5.030179e-01 3.703289e-02 8.634823e-01 2.974212e+02 9.842723e-02 9.950362e-01 1.466339e-02 -3.713999e-01 -8.586531e-01 9.236610e-02 -5.041660e-01 -6.650521e+01
-5.051574e-01 3.705698e-02 8.622313e-01 2.996423e+02 9.892841e-02 9.949785e-01 1.519721e-02 -3.587114e-01 -8.573384e-01 9.297614e-02 -5.062867e-01 -6.780874e+01
-5.071269e-01 3.780852e-02 8.610417e-01 3.018763e+02 9.853901e-02 9.950298e-01 1.434445e-02 -3.470056e-01 -8.562198e-01 9.212063e-02 -5.083320e-01 -6.912560e+01
-5.093585e-01 4.004183e-02 8.596224e-01 3.041141e+02 9.794371e-02 9.951234e-01 1.168175e-02 -3.372516e-01 -8.549625e-01 9.014478e-02 -5.107963e-01 -7.045170e+01
-5.126685e-01 3.931280e-02 8.576862e-01 3.063593e+02 9.633206e-02 9.952774e-01 1.196155e-02 -3.307952e-01 -8.531654e-01 8.875497e-02 -5.140344e-01 -7.179168e+01
-5.171586e-01 3.690592e-02 8.550936e-01 3.086134e+02 9.360376e-02 9.955160e-01 1.364476e-02 -3.233356e-01 -8.507557e-01 8.709646e-02 -5.182942e-01 -7.314403e+01
-5.220571e-01 3.451451e-02 8.522120e-01 3.108714e+02 9.114758e-02 9.957166e-01 1.550971e-02 -3.126191e-01 -8.480262e-01 8.577399e-02 -5.229668e-01 -7.451245e+01
-5.268235e-01 3.309434e-02 8.493302e-01 3.131301e+02 8.979367e-02 9.958171e-01 1.689507e-02 -2.971879e-01 -8.452184e-01 8.516518e-02 -5.275914e-01 -7.590012e+01
-5.311682e-01 3.348928e-02 8.466043e-01 3.153852e+02 9.017544e-02 9.957776e-01 1.718683e-02 -2.796424e-01 -8.424540e-01 8.547199e-02 -5.319453e-01 -7.730725e+01
-5.353072e-01 3.467362e-02 8.439455e-01 3.176383e+02 9.238538e-02 9.955660e-01 1.769624e-02 -2.578412e-01 -8.395898e-01 8.744113e-02 -5.361370e-01 -7.872988e+01
-5.390292e-01 3.588530e-02 8.415223e-01 3.198954e+02 9.381170e-02 9.954336e-01 1.764160e-02 -2.381554e-01 -8.370465e-01 8.845395e-02 -5.399342e-01 -8.017271e+01
-5.426799e-01 3.583575e-02 8.391748e-01 3.221579e+02 9.420860e-02 9.953821e-01 1.841670e-02 -2.197853e-01 -8.346396e-01 8.905184e-02 -5.435499e-01 -8.163211e+01
-5.505309e-01 3.288636e-02 8.341668e-01 3.266626e+02 9.308915e-02 9.954104e-01 2.219342e-02 -1.825361e-01 -8.296084e-01 8.987002e-02 -5.510655e-01 -8.457972e+01
-5.542889e-01 3.278444e-02 8.316784e-01 3.289055e+02 9.233886e-02 9.954779e-01 2.229974e-02 -1.608324e-01 -8.271864e-01 8.915672e-02 -5.548096e-01 -8.606826e+01
-5.583189e-01 3.221365e-02 8.290008e-01 3.311477e+02 9.187847e-02 9.955000e-01 2.319514e-02 -1.383913e-01 -8.245231e-01 8.911758e-02 -5.587662e-01 -8.757051e+01
-5.624024e-01 3.172657e-02 8.262548e-01 3.333840e+02 9.317394e-02 9.953308e-01 2.520143e-02 -1.125608e-01 -8.215973e-01 9.115875e-02 -5.627325e-01 -8.908675e+01
-5.662656e-01 3.200649e-02 8.236012e-01 3.356133e+02 9.376371e-02 9.952604e-01 2.578962e-02 -8.455148e-02 -8.188722e-01 9.182766e-02 -5.665827e-01 -9.061426e+01
-5.734629e-01 2.980165e-02 8.186893e-01 3.400560e+02 9.146806e-02 9.954189e-01 2.783523e-02 -1.599584e-02 -8.141093e-01 9.084638e-02 -5.735616e-01 -9.370014e+01
-5.764348e-01 2.883221e-02 8.166344e-01 3.422752e+02 9.162022e-02 9.953561e-01 2.952944e-02 2.333862e-02 -8.119905e-01 9.184199e-02 -5.763994e-01 -9.526502e+01
-5.821727e-01 2.738547e-02 8.126039e-01 3.467010e+02 8.552969e-02 9.959502e-01 2.771149e-02 1.024766e-01 -8.085540e-01 8.563461e-02 -5.821572e-01 -9.841195e+01
-5.852817e-01 2.656025e-02 8.103950e-01 3.489103e+02 8.243732e-02 9.962335e-01 2.688668e-02 1.402984e-01 -8.066284e-01 8.254305e-02 -5.852667e-01 -9.999813e+01
-5.915552e-01 2.271379e-02 8.059445e-01 3.533107e+02 8.013301e-02 9.963101e-01 3.073798e-02 2.141195e-01 -8.022725e-01 8.276596e-02 -5.911925e-01 -1.032033e+02
-5.945947e-01 2.268037e-02 8.037057e-01 3.554996e+02 7.939344e-02 9.963730e-01 3.061917e-02 2.539708e-01 -8.000961e-01 8.201493e-02 -5.942387e-01 -1.048170e+02
-5.974407e-01 2.308157e-02 8.015809e-01 3.576809e+02 7.813459e-02 9.965050e-01 2.954148e-02 2.903191e-01 -7.980974e-01 8.028046e-02 -5.971561e-01 -1.064411e+02
-6.007205e-01 1.876716e-02 7.992389e-01 3.598670e+02 7.511391e-02 9.966269e-01 3.305469e-02 3.297903e-01 -7.959226e-01 7.989057e-02 -6.001039e-01 -1.080781e+02
-6.038752e-01 1.623428e-02 7.969136e-01 3.620386e+02 7.242569e-02 9.967743e-01 3.457609e-02 3.801369e-01 -7.937816e-01 7.859665e-02 -6.031030e-01 -1.097167e+02
-6.068475e-01 1.634159e-02 7.946503e-01 3.642051e+02 7.194258e-02 9.968139e-01 3.444111e-02 4.335940e-01 -7.915556e-01 7.806967e-02 -6.060897e-01 -1.113631e+02
-6.095901e-01 1.605467e-02 7.925543e-01 3.663626e+02 7.126306e-02 9.968566e-01 3.461851e-02 4.855505e-01 -7.895071e-01 7.758292e-02 -6.088179e-01 -1.130176e+02
-6.122075e-01 1.580857e-02 7.905392e-01 3.685148e+02 7.108644e-02 9.968518e-01 3.511634e-02 5.357534e-01 -7.874952e-01 7.769508e-02 -6.114039e-01 -1.146817e+02
-6.150181e-01 1.428418e-02 7.883836e-01 3.706543e+02 7.043109e-02 9.968345e-01 3.688232e-02 5.857535e-01 -7.853612e-01 7.820999e-02 -6.140773e-01 -1.163494e+02
-6.177963e-01 1.359792e-02 7.862206e-01 3.727925e+02 6.786551e-02 9.970417e-01 3.608321e-02 6.347512e-01 -7.834041e-01 7.564932e-02 -6.168915e-01 -1.180262e+02
-6.206707e-01 1.085791e-02 7.839962e-01 3.749322e+02 5.885749e-02 9.977281e-01 3.277805e-02 6.806409e-01 -7.818591e-01 6.648841e-02 -6.198996e-01 -1.197055e+02
-6.239941e-01 1.192773e-02 7.813381e-01 3.770444e+02 4.951205e-02 9.984779e-01 2.429889e-02 7.141844e-01 -7.798589e-01 5.384800e-02 -6.236348e-01 -1.213733e+02
-6.266260e-01 2.205789e-02 7.790079e-01 3.791489e+02 5.900870e-02 9.980727e-01 1.920520e-02 7.322390e-01 -7.770829e-01 5.800271e-02 -6.267199e-01 -1.230734e+02
-6.274763e-01 2.388148e-02 7.782693e-01 3.812460e+02 6.664289e-02 9.975089e-01 2.312160e-02 7.514499e-01 -7.757784e-01 6.637436e-02 -6.275047e-01 -1.247861e+02
-6.322787e-01 3.794990e-03 7.747318e-01 3.854625e+02 6.029882e-02 9.971956e-01 4.432671e-02 8.581189e-01 -7.723909e-01 7.474223e-02 -6.307344e-01 -1.282062e+02
-6.354821e-01 -2.169544e-03 7.721126e-01 3.875638e+02 5.428748e-02 9.973957e-01 4.748350e-02 9.375737e-01 -7.702048e-01 7.209095e-02 -6.337093e-01 -1.299140e+02
-6.407552e-01 2.180977e-03 7.677422e-01 3.917168e+02 5.798493e-02 9.972772e-01 4.556100e-02 1.088896e+00 -7.655524e-01 7.371091e-02 -6.391370e-01 -1.333507e+02
-6.451251e-01 1.299057e-02 7.639665e-01 3.958385e+02 6.465990e-02 9.971970e-01 3.764505e-02 1.214067e+00 -7.613361e-01 7.368375e-02 -6.441568e-01 -1.368244e+02
-6.480120e-01 1.202720e-02 7.615352e-01 3.978934e+02 6.400803e-02 9.971980e-01 3.871714e-02 1.272858e+00 -7.589357e-01 7.383352e-02 -6.469661e-01 -1.385702e+02
-6.532311e-01 1.121137e-02 7.570756e-01 4.019775e+02 6.522569e-02 9.970066e-01 4.151452e-02 1.399861e+00 -7.543439e-01 7.649933e-02 -6.520070e-01 -1.420688e+02
-6.564592e-01 1.172668e-02 7.542705e-01 4.060396e+02 6.614536e-02 9.969228e-01 4.206862e-02 1.530570e+00 -7.514560e-01 7.750781e-02 -6.552147e-01 -1.456094e+02
-6.634470e-01 1.166464e-02 7.481324e-01 4.181369e+02 6.703205e-02 9.967844e-01 4.390275e-02 1.980352e+00 -7.452146e-01 7.927598e-02 -6.620955e-01 -1.562858e+02
-6.676013e-01 8.285427e-03 7.444729e-01 4.261357e+02 5.852154e-02 9.974282e-01 4.137817e-02 2.256082e+00 -7.422154e-01 7.119181e-02 -6.663692e-01 -1.634423e+02
-6.688990e-01 5.516573e-03 7.433329e-01 4.301109e+02 5.777251e-02 9.973336e-01 4.458581e-02 2.396912e+00 -7.411049e-01 7.276759e-02 -6.674341e-01 -1.670320e+02
-6.688562e-01 4.782552e-03 7.433765e-01 4.320961e+02 5.962807e-02 9.971024e-01 4.723569e-02 2.471810e+00 -7.409965e-01 7.591998e-02 -6.672033e-01 -1.688310e+02
-6.640222e-01 7.332386e-04 7.477126e-01 4.400300e+02 5.667972e-02 9.971716e-01 4.935776e-02 2.843910e+00 -7.455615e-01 7.515477e-02 -6.621855e-01 -1.759705e+02
-6.623343e-01 -1.685100e-03 7.492066e-01 4.420339e+02 5.114571e-02 9.975629e-01 4.745893e-02 2.921911e+00 -7.474606e-01 6.975236e-02 -6.606339e-01 -1.777475e+02
-6.542341e-01 -2.031108e-03 7.562894e-01 4.480532e+02 5.211326e-02 9.974985e-01 4.775987e-02 3.192574e+00 -7.544945e-01 7.065882e-02 -6.524916e-01 -1.830447e+02
-6.502861e-01 -5.694727e-03 7.596681e-01 4.520924e+02 4.340385e-02 9.980600e-01 4.463606e-02 3.358861e+00 -7.584485e-01 6.199872e-02 -6.487773e-01 -1.865327e+02
-6.487774e-01 -1.541144e-02 7.608223e-01 4.561580e+02 2.766377e-02 9.986564e-01 4.381885e-02 3.516788e+00 -7.604753e-01 4.947588e-02 -6.474793e-01 -1.899924e+02
-6.444217e-01 -1.938661e-02 7.644245e-01 4.642791e+02 2.790781e-02 9.984163e-01 4.884760e-02 3.835891e+00 -7.641608e-01 5.281186e-02 -6.428600e-01 -1.969059e+02
-6.341946e-01 -2.049598e-02 7.729018e-01 4.990722e+02 2.633335e-02 9.984960e-01 4.808582e-02 5.193552e+00 -7.727248e-01 5.084886e-02 -6.327010e-01 -2.258270e+02
-6.349925e-01 -2.411289e-02 7.721420e-01 5.072915e+02 2.397188e-02 9.984163e-01 5.089305e-02 5.519275e+00 -7.721463e-01 5.082639e-02 -6.334088e-01 -2.326072e+02
-6.348712e-01 -2.289225e-02 7.722788e-01 5.113939e+02 2.500734e-02 9.984284e-01 5.015379e-02 5.689304e+00 -7.722131e-01 5.115382e-02 -6.333009e-01 -2.359969e+02
-6.346300e-01 -2.317670e-02 7.724686e-01 5.154974e+02 2.483037e-02 9.984226e-01 5.035575e-02 5.857608e+00 -7.724171e-01 5.113794e-02 -6.330534e-01 -2.393843e+02
-6.344472e-01 -2.404252e-02 7.725922e-01 5.196014e+02 2.355973e-02 9.984503e-01 5.041814e-02 6.026971e+00 -7.726070e-01 5.018971e-02 -6.328975e-01 -2.427680e+02
-6.339935e-01 -2.575882e-02 7.729093e-01 5.237106e+02 2.390444e-02 9.983148e-01 5.287899e-02 6.206642e+00 -7.729689e-01 5.200088e-02 -6.323092e-01 -2.461557e+02
-6.335759e-01 -2.408283e-02 7.733057e-01 5.278159e+02 2.550849e-02 9.983218e-01 5.198975e-02 6.392878e+00 -7.732599e-01 5.266529e-02 -6.318982e-01 -2.495367e+02
-6.330458e-01 -2.523112e-02 7.737031e-01 5.319262e+02 2.543230e-02 9.982513e-01 5.336260e-02 6.582378e+00 -7.736964e-01 5.345801e-02 -6.312970e-01 -2.529158e+02
-6.333535e-01 -2.499187e-02 7.734590e-01 5.360377e+02 2.464368e-02 9.983201e-01 5.243722e-02 6.771372e+00 -7.734701e-01 5.227216e-02 -6.316735e-01 -2.562925e+02
-6.335756e-01 -2.797597e-02 7.731749e-01 5.401536e+02 2.391813e-02 9.981601e-01 5.571629e-02 6.964906e+00 -7.733110e-01 5.379337e-02 -6.317407e-01 -2.596746e+02
-6.341505e-01 -2.755763e-02 7.727184e-01 5.442679e+02 2.260292e-02 9.982769e-01 5.415140e-02 7.168745e+00 -7.728792e-01 5.180582e-02 -6.324348e-01 -2.630547e+02
-6.344558e-01 -2.524481e-02 7.725468e-01 5.483760e+02 2.236926e-02 9.984482e-01 5.099748e-02 7.357150e+00 -7.726354e-01 4.963694e-02 -6.329065e-01 -2.664366e+02
-6.343774e-01 -2.825764e-02 7.725069e-01 5.524956e+02 2.358501e-02 9.981589e-01 5.587963e-02 7.551427e+00 -7.726636e-01 5.366835e-02 -6.325429e-01 -2.698319e+02
-6.338899e-01 -2.726787e-02 7.729425e-01 5.668959e+02 2.672909e-02 9.980090e-01 5.712828e-02 8.267916e+00 -7.729613e-01 5.687308e-02 -6.318989e-01 -2.817021e+02
-6.332114e-01 -2.777469e-02 7.734804e-01 5.710150e+02 2.817505e-02 9.978663e-01 5.889766e-02 8.483450e+00 -7.734659e-01 5.908751e-02 -6.310777e-01 -2.850936e+02
-6.325817e-01 -3.043971e-02 7.738953e-01 5.751384e+02 2.506042e-02 9.978996e-01 5.973487e-02 8.705148e+00 -7.740881e-01 5.718131e-02 -6.304902e-01 -2.884766e+02
-6.309177e-01 -2.685553e-02 7.753849e-01 5.813141e+02 2.800142e-02 9.979614e-01 5.734878e-02 9.031620e+00 -7.753443e-01 5.789422e-02 -6.288795e-01 -2.935428e+02
-6.296791e-01 -2.867949e-02 7.763258e-01 5.854383e+02 2.819705e-02 9.978161e-01 5.973258e-02 9.245509e+00 -7.763434e-01 5.950244e-02 -6.274952e-01 -2.969139e+02
-6.279511e-01 -2.810392e-02 7.777453e-01 5.916108e+02 2.729992e-02 9.979373e-01 5.810251e-02 9.561344e+00 -7.777739e-01 5.771790e-02 -6.258885e-01 -3.019383e+02
-6.263289e-01 -3.020898e-02 7.789734e-01 5.978027e+02 2.504597e-02 9.979532e-01 5.883918e-02 9.883665e+00 -7.791565e-01 5.636281e-02 -6.242903e-01 -3.069488e+02
-6.262648e-01 -3.113537e-02 7.789885e-01 6.040024e+02 2.281137e-02 9.980425e-01 5.822984e-02 1.020684e+01 -7.792766e-01 5.423708e-02 -6.243286e-01 -3.119523e+02
-6.266982e-01 -3.264678e-02 7.785779e-01 6.102041e+02 2.151846e-02 9.980160e-01 5.916888e-02 1.054205e+01 -7.789649e-01 5.383482e-02 -6.247523e-01 -3.169635e+02
-6.265023e-01 -2.875580e-02 7.788890e-01 6.164014e+02 2.309928e-02 9.981952e-01 5.543235e-02 1.085851e+01 -7.790772e-01 5.272026e-02 -6.247073e-01 -3.219781e+02
-6.263612e-01 -3.072541e-02 7.789272e-01 6.226067e+02 2.406871e-02 9.979842e-01 5.872073e-02 1.117705e+01 -7.791613e-01 5.552815e-02 -6.243591e-01 -3.269891e+02
-6.256200e-01 -3.038161e-02 7.795362e-01 6.288138e+02 2.390428e-02 9.980256e-01 5.808148e-02 1.150486e+01 -7.797616e-01 5.497117e-02 -6.236585e-01 -3.319942e+02
-6.246102e-01 -3.173476e-02 7.802916e-01 6.350324e+02 2.267172e-02 9.980159e-01 5.873801e-02 1.183193e+01 -7.806075e-01 5.437890e-02 -6.226514e-01 -3.369998e+02
-6.234237e-01 -3.101860e-02 7.812687e-01 6.412374e+02 2.321209e-02 9.980381e-01 5.814735e-02 1.215564e+01 -7.815396e-01 5.438530e-02 -6.214805e-01 -3.419886e+02
-6.222250e-01 -2.898656e-02 7.823017e-01 6.474454e+02 2.429167e-02 9.981181e-01 5.630423e-02 1.248249e+01 -7.824615e-01 5.403730e-02 -6.203498e-01 -3.469686e+02
-6.205815e-01 -3.013895e-02 7.835626e-01 6.536623e+02 2.582840e-02 9.979332e-01 5.884059e-02 1.280042e+01 -7.837165e-01 5.675353e-02 -6.185204e-01 -3.519355e+02
-6.192251e-01 -3.037229e-02 7.846259e-01 6.598779e+02 2.531333e-02 9.979601e-01 5.860753e-02 1.313000e+01 -7.848054e-01 5.615274e-02 -6.171931e-01 -3.568806e+02
-6.181475e-01 -2.899896e-02 7.855271e-01 6.661120e+02 2.486200e-02 9.980980e-01 5.641076e-02 1.345227e+01 -7.856689e-01 5.439993e-02 -6.162508e-01 -3.618289e+02
-6.185260e-01 -3.030074e-02 7.851799e-01 6.723505e+02 2.298237e-02 9.981311e-01 5.662307e-02 1.376872e+01 -7.854281e-01 5.306812e-02 -6.166736e-01 -3.667695e+02
-6.195896e-01 -3.090942e-02 7.843171e-01 6.785876e+02 2.192674e-02 9.981528e-01 5.665807e-02 1.408324e+01 -7.846196e-01 5.230226e-02 -6.177673e-01 -3.717203e+02
-6.204869e-01 -3.143224e-02 7.835867e-01 6.848198e+02 2.338258e-02 9.980106e-01 5.854909e-02 1.440571e+01 -7.838681e-01 5.465121e-02 -6.185175e-01 -3.766842e+02
-6.204054e-01 -2.873466e-02 7.837548e-01 6.910408e+02 2.516469e-02 9.980847e-01 5.651249e-02 1.472406e+01 -7.838775e-01 5.478359e-02 -6.184940e-01 -3.816488e+02
-6.189651e-01 -2.720965e-02 7.849471e-01 6.972710e+02 2.818073e-02 9.979868e-01 5.681626e-02 1.503283e+01 -7.849128e-01 5.728765e-02 -6.169522e-01 -3.866143e+02
-6.171660e-01 -2.735725e-02 7.863573e-01 7.055829e+02 2.604813e-02 9.981372e-01 5.516869e-02 1.544804e+01 -7.864017e-01 5.453136e-02 -6.153037e-01 -3.932168e+02
-6.155892e-01 -2.809754e-02 7.875662e-01 7.118243e+02 2.864569e-02 9.979060e-01 5.799218e-02 1.576531e+01 -7.875464e-01 5.825973e-02 -6.134953e-01 -3.981607e+02
-6.114061e-01 -2.297364e-02 7.909835e-01 7.243156e+02 3.086806e-02 9.981252e-01 5.285001e-02 1.644029e+01 -7.907147e-01 5.672893e-02 -6.095506e-01 -4.079582e+02
-6.096062e-01 -2.574941e-02 7.922862e-01 7.305888e+02 2.684648e-02 9.982283e-01 5.309895e-02 1.677343e+01 -7.922497e-01 5.363952e-02 -6.078348e-01 -4.128287e+02
-6.078688e-01 -2.256547e-02 7.937168e-01 7.368556e+02 2.987733e-02 9.982382e-01 5.126162e-02 1.707951e+01 -7.934752e-01 5.487447e-02 -6.061237e-01 -4.176935e+02
-6.082645e-01 -2.631943e-02 7.932980e-01 7.431419e+02 2.598236e-02 9.982542e-01 5.304138e-02 1.737146e+01 -7.933090e-01 5.287493e-02 -6.065187e-01 -4.225508e+02
-6.064594e-01 -2.383008e-02 7.947573e-01 7.515173e+02 3.164025e-02 9.980358e-01 5.406908e-02 1.775413e+01 -7.944846e-01 5.793701e-02 -6.045142e-01 -4.290362e+02
-6.037548e-01 -1.753328e-02 7.969773e-01 7.599091e+02 3.433796e-02 9.982581e-01 4.797432e-02 1.809594e+01 -7.964302e-01 5.633129e-02 -6.021010e-01 -4.354976e+02
-6.004185e-01 -2.003886e-02 7.994349e-01 7.683468e+02 3.292078e-02 9.982191e-01 4.974691e-02 1.842281e+01 -7.990080e-01 5.618697e-02 -5.986895e-01 -4.419355e+02
-5.974378e-01 -1.903383e-02 8.016893e-01 7.768050e+02 3.277318e-02 9.983035e-01 4.812521e-02 1.874823e+01 -8.012452e-01 5.502572e-02 -5.958004e-01 -4.483389e+02
-5.974656e-01 -2.224858e-02 8.015859e-01 7.852706e+02 2.912478e-02 9.983534e-01 4.941828e-02 1.907913e+01 -8.013655e-01 5.287172e-02 -5.958338e-01 -4.547110e+02
-5.992125e-01 -2.052399e-02 8.003270e-01 7.937097e+02 3.030339e-02 9.983735e-01 4.829123e-02 1.940541e+01 -8.000163e-01 5.318931e-02 -5.976158e-01 -4.610817e+02
-6.006924e-01 -2.038464e-02 7.992204e-01 8.021083e+02 2.956262e-02 9.984248e-01 4.768468e-02 1.973792e+01 -7.989335e-01 5.227086e-02 -5.991435e-01 -4.674543e+02
-5.969630e-01 -1.773576e-02 8.020727e-01 8.167915e+02 3.319959e-02 9.983531e-01 4.678563e-02 2.027321e+01 -8.015815e-01 5.455777e-02 -5.953910e-01 -4.785905e+02
-5.934821e-01 -1.771187e-02 8.046523e-01 8.231164e+02 3.443497e-02 9.982836e-01 4.737201e-02 2.051693e+01 -8.041102e-01 5.582260e-02 -5.918535e-01 -4.833404e+02
-5.892913e-01 -2.045812e-02 8.076616e-01 8.315909e+02 3.198517e-02 9.983049e-01 4.862434e-02 2.085797e+01 -8.072872e-01 5.448708e-02 -5.876380e-01 -4.896319e+02
-5.864304e-01 -2.422785e-02 8.096372e-01 8.572619e+02 2.689668e-02 9.984189e-01 4.935861e-02 2.195643e+01 -8.095529e-01 5.072193e-02 -5.848515e-01 -5.084874e+02
-5.855253e-01 -2.740359e-02 8.101909e-01 8.658589e+02 2.941737e-02 9.980519e-01 5.501766e-02 2.233432e+01 -8.101202e-01 5.604790e-02 -5.835784e-01 -5.147848e+02
-5.830875e-01 -2.604763e-02 8.119917e-01 8.722938e+02 3.142991e-02 9.980143e-01 5.458467e-02 2.263292e+01 -8.118011e-01 5.734845e-02 -5.811110e-01 -5.194836e+02
-5.777592e-01 -2.630999e-02 8.157832e-01 8.808822e+02 3.565396e-02 9.977127e-01 5.742850e-02 2.302388e+01 -8.154282e-01 6.226573e-02 -5.754996e-01 -5.257065e+02
-5.667491e-01 -3.057614e-02 8.233229e-01 9.044565e+02 3.453723e-02 9.975510e-01 6.082085e-02 2.415887e+01 -8.231662e-01 6.290544e-02 -5.643051e-01 -5.423632e+02
-5.646629e-01 -2.991198e-02 8.247795e-01 9.129899e+02 3.330632e-02 9.977030e-01 5.898560e-02 2.458493e+01 -8.246493e-01 6.077733e-02 -5.623696e-01 -5.482919e+02
-5.635347e-01 -3.195231e-02 8.254742e-01 9.215445e+02 3.447316e-02 9.974716e-01 6.214409e-02 2.501399e+01 -8.253727e-01 6.347705e-02 -5.610084e-01 -5.542024e+02
-5.630537e-01 -3.359089e-02 8.257374e-01 9.300863e+02 2.975654e-02 9.977016e-01 6.087675e-02 2.541005e+01 -8.258844e-01 5.884795e-02 -5.607600e-01 -5.600649e+02
-5.613193e-01 -3.387633e-02 8.269057e-01 9.386325e+02 3.342527e-02 9.974186e-01 6.355154e-02 2.589232e+01 -8.269240e-01 6.331224e-02 -5.587380e-01 -5.659327e+02
-5.582337e-01 -3.325722e-02 8.290170e-01 9.472049e+02 3.304581e-02 9.975122e-01 6.226864e-02 2.638159e+01 -8.290254e-01 6.215598e-02 -5.557459e-01 -5.717862e+02
-5.502515e-01 -4.128691e-02 8.339777e-01 9.709633e+02 3.248457e-02 9.969622e-01 7.078866e-02 2.776619e+01 -8.343668e-01 6.604296e-02 -5.472387e-01 -5.877582e+02
-5.502465e-01 -3.801555e-02 8.341365e-01 9.861268e+02 3.522866e-02 9.970167e-01 6.867771e-02 2.868428e+01 -8.342588e-01 6.717516e-02 -5.472656e-01 -5.978687e+02
-5.491390e-01 -3.568978e-02 8.349687e-01 9.947990e+02 3.896771e-02 9.969076e-01 6.823981e-02 2.920365e+01 -8.348221e-01 7.000994e-02 -5.460500e-01 -6.036558e+02
-5.448414e-01 -3.822483e-02 8.376675e-01 1.014298e+03 3.338113e-02 9.971799e-01 6.721575e-02 3.034490e+01 -8.378744e-01 6.458419e-02 -5.420288e-01 -6.165381e+02
-5.437373e-01 -3.675178e-02 8.384505e-01 1.020773e+03 3.622857e-02 9.970816e-01 6.719937e-02 3.072311e+01 -8.384732e-01 6.691465e-02 -5.408189e-01 -6.208006e+02
-5.429270e-01 -3.403014e-02 8.390901e-01 1.027219e+03 4.171011e-02 9.968527e-01 6.741657e-02 3.108777e+01 -8.387434e-01 7.160081e-02 -5.397988e-01 -6.250420e+02
-5.409550e-01 -3.630774e-02 8.402675e-01 1.033658e+03 3.845124e-02 9.969555e-01 6.783267e-02 3.145684e+01 -8.401721e-01 6.900373e-02 -5.379119e-01 -6.292527e+02
-5.389445e-01 -3.930075e-02 8.414240e-01 1.040088e+03 2.807220e-02 9.975181e-01 6.457215e-02 3.182813e+01 -8.418734e-01 5.842142e-02 -5.365036e-01 -6.334108e+02
-5.355808e-01 -3.847344e-02 8.436072e-01 1.046514e+03 3.297732e-02 9.972469e-01 6.641662e-02 3.218651e+01 -8.438398e-01 6.339135e-02 -5.328375e-01 -6.375675e+02
-5.311356e-01 -3.497407e-02 8.465647e-01 1.057226e+03 3.704119e-02 9.972340e-01 6.443834e-02 3.277429e+01 -8.464767e-01 6.558325e-02 -5.283710e-01 -6.444173e+02
-5.291392e-01 -4.250205e-02 8.474700e-01 1.063674e+03 3.172423e-02 9.970556e-01 6.981184e-02 3.316135e+01 -8.479418e-01 6.382550e-02 -5.262328e-01 -6.484919e+02
-5.278709e-01 -3.886398e-02 8.484350e-01 1.074401e+03 2.956622e-02 9.975062e-01 6.408765e-02 3.377429e+01 -8.488098e-01 5.891501e-02 -5.254054e-01 -6.552353e+02
-5.273678e-01 -3.935569e-02 8.487251e-01 1.080840e+03 3.402209e-02 9.971472e-01 6.737820e-02 3.412492e+01 -8.489556e-01 6.440848e-02 -5.245244e-01 -6.592934e+02
-5.253784e-01 -3.101834e-02 8.503032e-01 1.087270e+03 3.918553e-02 9.973929e-01 6.059569e-02 3.448078e+01 -8.499659e-01 6.515523e-02 -5.227932e-01 -6.633284e+02
-5.209506e-01 -3.930016e-02 8.526817e-01 1.098041e+03 3.786647e-02 9.968921e-01 6.908155e-02 3.504702e+01 -8.527465e-01 6.827610e-02 -5.178433e-01 -6.700112e+02
-5.182364e-01 -3.465334e-02 8.545351e-01 1.104507e+03 4.023702e-02 9.970844e-01 6.483594e-02 3.543368e+01 -8.542904e-01 6.798427e-02 -5.153310e-01 -6.739958e+02
-5.154866e-01 -3.610481e-02 8.561367e-01 1.110993e+03 3.957762e-02 9.970425e-01 6.587705e-02 3.578536e+01 -8.559831e-01 6.784258e-02 -5.125331e-01 -6.779581e+02
-5.103242e-01 -3.756592e-02 8.591613e-01 1.124019e+03 3.820478e-02 9.970688e-01 6.628863e-02 3.651109e+01 -8.591330e-01 6.665274e-02 -5.073931e-01 -6.858237e+02
-5.086589e-01 -3.613258e-02 8.602096e-01 1.128381e+03 3.915477e-02 9.971144e-01 6.503616e-02 3.675667e+01 -8.600773e-01 6.676252e-02 -5.057763e-01 -6.884392e+02
-5.065972e-01 -3.485421e-02 8.614781e-01 1.132753e+03 3.822998e-02 9.972917e-01 6.283040e-02 3.699032e+01 -8.613348e-01 6.476399e-02 -5.038927e-01 -6.910464e+02
-5.049198e-01 -3.308991e-02 8.625318e-01 1.137143e+03 3.883964e-02 9.973818e-01 6.099969e-02 3.721242e+01 -8.622920e-01 6.430036e-02 -5.023126e-01 -6.936540e+02
-5.022953e-01 -3.581665e-02 8.639541e-01 1.150376e+03 3.555618e-02 9.974412e-01 6.202263e-02 3.789135e+01 -8.639648e-01 6.187256e-02 -4.997365e-01 -7.014450e+02
-5.028628e-01 -3.664102e-02 8.635893e-01 1.154800e+03 3.577497e-02 9.973627e-01 6.314841e-02 3.812449e+01 -8.636255e-01 6.264986e-02 -5.002258e-01 -7.040408e+02
-5.031328e-01 -3.599091e-02 8.634594e-01 1.159229e+03 3.680543e-02 9.973335e-01 6.301739e-02 3.836214e+01 -8.634250e-01 6.348609e-02 -5.004665e-01 -7.066378e+02
-5.034927e-01 -3.274506e-02 8.633788e-01 1.163663e+03 3.877204e-02 9.974186e-01 6.043925e-02 3.860075e+01 -8.631291e-01 6.390566e-02 -5.009233e-01 -7.092369e+02
-5.038034e-01 -3.526568e-02 8.630982e-01 1.168110e+03 3.807084e-02 9.972889e-01 6.297115e-02 3.883461e+01 -8.629790e-01 6.458394e-02 -5.010949e-01 -7.118436e+02
-5.037058e-01 -3.305809e-02 8.632426e-01 1.172562e+03 3.933438e-02 9.973535e-01 6.114568e-02 3.907728e+01 -8.629793e-01 6.475453e-02 -5.010724e-01 -7.144590e+02
-5.024903e-01 -3.102951e-02 8.640259e-01 1.177083e+03 4.142900e-02 9.973436e-01 5.991111e-02 3.930786e+01 -8.635897e-01 6.590047e-02 -4.998699e-01 -7.171122e+02
-5.017803e-01 -3.616806e-02 8.642386e-01 1.181516e+03 4.143355e-02 9.969736e-01 6.577945e-02 3.954154e+01 -8.640021e-01 6.881529e-02 -4.987631e-01 -7.197105e+02
-5.014015e-01 -3.761285e-02 8.643968e-01 1.186021e+03 4.043427e-02 9.969444e-01 6.683473e-02 3.980234e+01 -8.642694e-01 6.846227e-02 -4.983486e-01 -7.223448e+02
-5.008074e-01 -3.594900e-02 8.648120e-01 1.190524e+03 3.913494e-02 9.971749e-01 6.411394e-02 4.006015e+01 -8.646736e-01 6.595308e-02 -4.979856e-01 -7.249743e+02
-4.994819e-01 -3.515332e-02 8.656108e-01 1.195054e+03 3.989960e-02 9.971826e-01 6.351978e-02 4.030956e+01 -8.654050e-01 6.626449e-02 -4.966721e-01 -7.276201e+02
-4.978729e-01 -3.237222e-02 8.666457e-01 1.199585e+03 4.102389e-02 9.973053e-01 6.082032e-02 4.055332e+01 -8.662792e-01 6.583395e-02 -4.952032e-01 -7.302584e+02
-4.963348e-01 -3.341418e-02 8.674879e-01 1.204142e+03 4.194541e-02 9.971689e-01 6.240841e-02 4.079001e+01 -8.671172e-01 6.736258e-02 -4.935280e-01 -7.328978e+02
-4.951215e-01 -3.371898e-02 8.681692e-01 1.208709e+03 4.247196e-02 9.971126e-01 6.294901e-02 4.102557e+01 -8.677850e-01 6.804024e-02 -4.922597e-01 -7.355340e+02
-4.936828e-01 -3.478054e-02 8.689463e-01 1.213283e+03 4.165409e-02 9.971073e-01 6.357565e-02 4.126512e+01 -8.686439e-01 6.758135e-02 -4.908059e-01 -7.381592e+02
-4.914235e-01 -3.376637e-02 8.702660e-01 1.217874e+03 4.315538e-02 9.970765e-01 6.305569e-02 4.150237e+01 -8.698509e-01 6.854369e-02 -4.885296e-01 -7.407904e+02
-4.882299e-01 -3.093513e-02 8.721666e-01 1.222478e+03 4.327920e-02 9.972837e-01 5.960019e-02 4.172981e+01 -8.716412e-01 6.684526e-02 -4.855648e-01 -7.434152e+02
-4.852072e-01 -2.865753e-02 8.739295e-01 1.227101e+03 4.392202e-02 9.974023e-01 5.709198e-02 4.194350e+01 -8.732953e-01 6.608618e-02 -4.826881e-01 -7.460279e+02
-4.830361e-01 -3.069926e-02 8.750622e-01 1.231744e+03 4.274072e-02 9.973671e-01 5.858296e-02 4.215831e+01 -8.745567e-01 6.569845e-02 -4.804522e-01 -7.486314e+02
-4.818709e-01 -2.891977e-02 8.757649e-01 1.236405e+03 4.054171e-02 9.976490e-01 5.525187e-02 4.237920e+01 -8.753038e-01 6.212926e-02 -4.795655e-01 -7.512267e+02
-4.806926e-01 -2.658732e-02 8.764861e-01 1.241082e+03 4.127268e-02 9.977465e-01 5.290087e-02 4.258650e+01 -8.759173e-01 6.160397e-02 -4.785120e-01 -7.538235e+02
-4.795872e-01 -2.704466e-02 8.770774e-01 1.245771e+03 4.237194e-02 9.976452e-01 5.393140e-02 4.278686e+01 -8.764706e-01 6.302826e-02 -4.773119e-01 -7.564194e+02
-4.777230e-01 -2.987704e-02 8.780024e-01 1.252841e+03 4.093862e-02 9.975787e-01 5.622082e-02 4.309761e+01 -8.775561e-01 6.280217e-02 -4.753431e-01 -7.603120e+02
-4.764179e-01 -3.243485e-02 8.786205e-01 1.257579e+03 4.162571e-02 9.973666e-01 5.938931e-02 4.332063e+01 -8.782330e-01 6.486732e-02 -4.738131e-01 -7.629110e+02
-4.750737e-01 -2.886688e-02 8.794724e-01 1.262318e+03 4.213284e-02 9.975692e-01 5.550249e-02 4.354782e+01 -8.789367e-01 6.342243e-02 -4.727026e-01 -7.655015e+02
-4.736037e-01 -1.816824e-02 8.805507e-01 1.267084e+03 4.172330e-02 9.982019e-01 4.303656e-02 4.373951e+01 -8.797492e-01 5.712174e-02 -4.719940e-01 -7.680952e+02
-4.720049e-01 -1.949420e-02 8.813804e-01 1.271868e+03 4.262014e-02 9.980819e-01 4.489970e-02 4.389318e+01 -8.805651e-01 5.875742e-02 -4.702687e-01 -7.706928e+02
-4.710468e-01 -2.340182e-02 8.817978e-01 1.276670e+03 4.182801e-02 9.979310e-01 4.882791e-02 4.406634e+01 -8.811159e-01 5.988406e-02 -4.690933e-01 -7.732870e+02
-4.702340e-01 -2.543327e-02 8.821753e-01 1.281478e+03 4.185084e-02 9.978175e-01 5.107540e-02 4.425252e+01 -8.815489e-01 6.093715e-02 -4.681433e-01 -7.758763e+02
-4.691742e-01 -2.447601e-02 8.827664e-01 1.286290e+03 4.199495e-02 9.978666e-01 4.998688e-02 4.443881e+01 -8.821066e-01 6.052427e-02 -4.671453e-01 -7.784617e+02
-4.681761e-01 -2.201472e-02 8.833609e-01 1.291103e+03 4.169577e-02 9.980256e-01 4.697086e-02 4.461411e+01 -8.826508e-01 5.882303e-02 -4.663338e-01 -7.810407e+02
-4.670401e-01 -2.177379e-02 8.839681e-01 1.295919e+03 4.229333e-02 9.980025e-01 4.692813e-02 4.477631e+01 -8.832241e-01 5.930326e-02 -4.651862e-01 -7.836147e+02
-4.659909e-01 -2.233297e-02 8.845077e-01 1.300742e+03 4.178726e-02 9.980103e-01 4.721386e-02 4.494119e+01 -8.838022e-01 5.896236e-02 -4.641304e-01 -7.861825e+02
-4.649276e-01 -2.138350e-02 8.850905e-01 1.305561e+03 4.229027e-02 9.980307e-01 4.632668e-02 4.510370e+01 -8.843381e-01 5.896925e-02 -4.631077e-01 -7.887421e+02
-4.637683e-01 -1.810327e-02 8.857716e-01 1.310380e+03 4.307176e-02 9.981483e-01 4.295132e-02 4.525492e+01 -8.849089e-01 5.807119e-02 -4.621298e-01 -7.912954e+02
-4.628104e-01 -1.850341e-02 8.862642e-01 1.315208e+03 4.257494e-02 9.981644e-01 4.307244e-02 4.539321e+01 -8.854343e-01 5.766701e-02 -4.611730e-01 -7.938437e+02
-4.616834e-01 -1.965204e-02 8.868271e-01 1.320032e+03 4.395773e-02 9.980194e-01 4.500050e-02 4.553831e+01 -8.859549e-01 5.975888e-02 -4.599051e-01 -7.963846e+02
-4.604053e-01 -1.812090e-02 8.875239e-01 1.324867e+03 4.409868e-02 9.980903e-01 4.325468e-02 4.570716e+01 -8.866128e-01 5.905331e-02 -4.587269e-01 -7.989070e+02
-4.594641e-01 -1.777702e-02 8.880185e-01 1.329709e+03 4.256761e-02 9.982101e-01 4.200755e-02 4.586664e+01 -8.871757e-01 5.710177e-02 -4.578849e-01 -8.014285e+02
-4.584249e-01 -1.394862e-02 8.886237e-01 1.334542e+03 4.163794e-02 9.984417e-01 3.715267e-02 4.596958e+01 -8.877572e-01 5.403216e-02 -4.571297e-01 -8.039500e+02
-4.574775e-01 -1.539285e-02 8.890880e-01 1.339380e+03 4.295617e-02 9.983003e-01 3.938660e-02 4.606417e+01 -8.881830e-01 5.621028e-02 -4.560386e-01 -8.064689e+02
-4.566051e-01 -1.532619e-02 8.895375e-01 1.344212e+03 4.242098e-02 9.983393e-01 3.897573e-02 4.616921e+01 -8.886575e-01 5.553156e-02 -4.551966e-01 -8.089741e+02
-4.558015e-01 -1.351150e-02 8.899789e-01 1.349058e+03 4.146560e-02 9.984768e-01 3.639524e-02 4.627189e+01 -8.891150e-01 5.349250e-02 -4.545470e-01 -8.114819e+02
-4.547521e-01 -1.244782e-02 8.905311e-01 1.353902e+03 4.197514e-02 9.984916e-01 3.539161e-02 4.636595e+01 -8.896283e-01 5.347457e-02 -4.535436e-01 -8.139856e+02
-4.536658e-01 -1.372142e-02 8.910663e-01 1.358741e+03 4.260303e-02 9.984043e-01 3.706465e-02 4.645846e+01 -8.901530e-01 5.477708e-02 -4.523573e-01 -8.164808e+02
-4.527136e-01 -1.390433e-02 8.915476e-01 1.363568e+03 4.179714e-02 9.984483e-01 3.679544e-02 4.655681e+01 -8.906758e-01 5.392192e-02 -4.514299e-01 -8.189605e+02
-4.516635e-01 -1.330597e-02 8.920892e-01 1.368388e+03 4.170599e-02 9.984808e-01 3.600854e-02 4.665299e+01 -8.912130e-01 5.346919e-02 -4.504224e-01 -8.214312e+02
-4.501576e-01 -1.202649e-02 8.928682e-01 1.375612e+03 4.206122e-02 9.985138e-01 3.465550e-02 4.679807e+01 -8.919579e-01 5.315554e-02 -4.489827e-01 -8.251194e+02
-4.485076e-01 -9.481038e-03 8.937288e-01 1.380423e+03 4.352432e-02 9.985257e-01 3.243494e-02 4.688691e+01 -8.927186e-01 5.344624e-02 -4.474337e-01 -8.275660e+02
-4.461190e-01 -6.109051e-03 8.949529e-01 1.387647e+03 4.298235e-02 9.986765e-01 2.824305e-02 4.699431e+01 -8.939409e-01 5.106692e-02 -4.452659e-01 -8.312155e+02
-4.440097e-01 -7.494033e-03 8.959907e-01 1.394883e+03 4.056791e-02 9.987714e-01 2.845718e-02 4.707894e+01 -8.951031e-01 4.898372e-02 -4.431602e-01 -8.348470e+02
-4.423161e-01 -7.928393e-03 8.968242e-01 1.399712e+03 4.083333e-02 9.987459e-01 2.896854e-02 4.713563e+01 -8.959291e-01 4.943356e-02 -4.414376e-01 -8.372586e+02
-4.408141e-01 -6.864951e-03 8.975722e-01 1.404531e+03 4.206684e-02 9.987139e-01 2.829830e-02 4.719420e+01 -8.966121e-01 5.023230e-02 -4.399584e-01 -8.396596e+02
-4.383762e-01 -4.929933e-03 8.987781e-01 1.411748e+03 4.373426e-02 9.986834e-01 2.680917e-02 4.727064e+01 -8.977269e-01 5.105988e-02 -4.375834e-01 -8.432372e+02
-4.367389e-01 -3.102551e-03 8.995830e-01 1.416545e+03 4.374984e-02 9.987375e-01 2.468465e-02 4.731261e+01 -8.985238e-01 5.013735e-02 -4.360518e-01 -8.456026e+02
-4.329478e-01 7.404537e-05 9.014190e-01 1.430939e+03 4.315982e-02 9.988548e-01 2.064743e-02 4.740614e+01 -9.003851e-01 4.784433e-02 -4.324551e-01 -8.526428e+02
-4.318036e-01 1.893540e-03 9.019657e-01 1.435735e+03 4.310806e-02 9.988983e-01 1.854034e-02 4.742141e+01 -9.009369e-01 4.688776e-02 -4.314095e-01 -8.549747e+02
-4.307241e-01 1.516974e-04 9.024837e-01 1.440537e+03 4.246544e-02 9.988957e-01 2.009937e-02 4.742646e+01 -9.014840e-01 4.698163e-02 -4.302548e-01 -8.573020e+02
-4.297253e-01 1.296619e-03 9.029588e-01 1.445330e+03 4.221789e-02 9.989342e-01 1.865738e-02 4.743887e+01 -9.019722e-01 4.613855e-02 -4.293220e-01 -8.596177e+02
-4.283672e-01 8.065164e-04 9.036044e-01 1.450116e+03 4.186370e-02 9.989435e-01 1.895449e-02 4.745202e+01 -9.026344e-01 4.594769e-02 -4.279484e-01 -8.619226e+02
-4.274579e-01 5.215355e-04 9.040351e-01 1.454899e+03 4.122704e-02 9.989707e-01 1.891721e-02 4.745953e+01 -9.030947e-01 4.535699e-02 -4.270394e-01 -8.642129e+02
-4.263508e-01 -7.456581e-04 9.045576e-01 1.459672e+03 4.212068e-02 9.988985e-01 2.067642e-02 4.746995e+01 -9.035766e-01 4.691598e-02 -4.258498e-01 -8.664905e+02
-4.228103e-01 6.555064e-06 9.062182e-01 1.473920e+03 4.267192e-02 9.988909e-01 1.990202e-02 4.745073e+01 -9.052129e-01 4.708484e-02 -4.223416e-01 -8.732573e+02
-4.216964e-01 -3.894153e-04 9.067370e-01 1.478642e+03 4.232400e-02 9.989015e-01 2.011262e-02 4.742685e+01 -9.057487e-01 4.685814e-02 -4.212167e-01 -8.754851e+02
-4.213238e-01 -1.291479e-03 9.069094e-01 1.483348e+03 4.156309e-02 9.989208e-01 2.073150e-02 4.742592e+01 -9.059574e-01 4.642862e-02 -4.208153e-01 -8.776953e+02
-4.216268e-01 -3.387924e-03 9.067632e-01 1.488042e+03 4.161059e-02 9.988673e-01 2.308014e-02 4.744804e+01 -9.058142e-01 4.746214e-02 -4.210082e-01 -8.798970e+02
-4.216739e-01 -4.360895e-03 9.067371e-01 1.492712e+03 4.118089e-02 9.988645e-01 2.395495e-02 4.746804e+01 -9.058119e-01 4.744141e-02 -4.210155e-01 -8.820850e+02
-4.214202e-01 -3.904039e-03 9.068571e-01 1.497363e+03 4.026236e-02 9.989241e-01 2.301046e-02 4.749161e+01 -9.059713e-01 4.620927e-02 -4.208096e-01 -8.842612e+02
-4.210012e-01 -4.289538e-03 9.070500e-01 1.501996e+03 4.116449e-02 9.988681e-01 2.382997e-02 4.753210e+01 -9.061255e-01 4.737068e-02 -4.203481e-01 -8.864270e+02
-4.191708e-01 -3.871822e-03 9.078992e-01 1.508913e+03 4.296582e-02 9.987859e-01 2.409643e-02 4.756552e+01 -9.068901e-01 4.910914e-02 -4.184955e-01 -8.896524e+02
-4.114881e-01 -4.698936e-03 9.114031e-01 1.538605e+03 4.330304e-02 9.987566e-01 2.470013e-02 4.775082e+01 -9.103858e-01 4.963031e-02 -4.107729e-01 -9.033060e+02
-4.076285e-01 -5.019878e-03 9.131341e-01 1.552134e+03 4.453146e-02 9.986858e-01 2.536930e-02 4.786034e+01 -9.120613e-01 5.100443e-02 -4.068692e-01 -9.094203e+02
-4.079076e-01 -8.854263e-03 9.129803e-01 1.558842e+03 4.101198e-02 9.987659e-01 2.800984e-02 4.790468e+01 -9.121016e-01 4.886854e-02 -4.070410e-01 -9.124266e+02
-4.102545e-01 -9.769812e-03 9.119188e-01 1.565507e+03 4.114888e-02 9.987259e-01 2.921189e-02 4.797397e+01 -9.110422e-01 4.950873e-02 -4.093298e-01 -9.154256e+02
-4.147282e-01 -8.807796e-03 9.099028e-01 1.580910e+03 4.066240e-02 9.987748e-01 2.820174e-02 4.814314e+01 -9.090363e-01 4.869488e-02 -4.138619e-01 -9.224315e+02
-4.183437e-01 -9.871278e-03 9.082352e-01 1.587477e+03 4.061757e-02 9.987373e-01 2.956383e-02 4.821155e+01 -9.073801e-01 4.925814e-02 -4.174145e-01 -9.254494e+02
-4.256683e-01 -1.316031e-02 9.047836e-01 1.593998e+03 3.804936e-02 9.987495e-01 3.242792e-02 4.829025e+01 -9.040789e-01 4.822997e-02 -4.246352e-01 -9.284840e+02
-4.571762e-01 -1.260490e-02 8.892869e-01 1.645927e+03 3.876005e-02 9.986671e-01 3.408155e-02 4.906123e+01 -8.885311e-01 5.005007e-02 -4.560782e-01 -9.546358e+02
-4.544318e-01 -1.675632e-02 8.906240e-01 1.649931e+03 4.130967e-02 9.983509e-01 3.986094e-02 4.913070e+01 -8.898231e-01 5.490544e-02 -4.529902e-01 -9.567025e+02
-4.469770e-01 -9.115964e-03 8.944990e-01 1.657888e+03 4.213817e-02 9.986235e-01 3.123335e-02 4.931059e+01 -8.935524e-01 5.165312e-02 -4.459776e-01 -9.607445e+02
-4.360327e-01 -1.279549e-02 8.998399e-01 1.665835e+03 4.595345e-02 9.982779e-01 3.646277e-02 4.943882e+01 -8.987568e-01 5.724969e-02 -4.346938e-01 -9.646864e+02
-4.322282e-01 -1.467230e-02 9.016449e-01 1.669813e+03 4.510260e-02 9.982644e-01 3.786574e-02 4.952421e+01 -9.006356e-01 5.703316e-02 -4.308163e-01 -9.666100e+02
-4.276366e-01 -1.595066e-02 9.038100e-01 1.675782e+03 4.603490e-02 9.981626e-01 3.939716e-02 4.965130e+01 -9.027778e-01 5.845446e-02 -4.261165e-01 -9.694644e+02
-4.258981e-01 -1.897799e-02 9.045721e-01 1.687655e+03 3.967661e-02 9.984264e-01 3.962792e-02 4.990905e+01 -9.039007e-01 5.276780e-02 -4.244749e-01 -9.750597e+02
-4.258707e-01 -1.864644e-02 9.045919e-01 1.691585e+03 3.931747e-02 9.984618e-01 3.909156e-02 4.999582e+01 -9.039293e-01 5.221421e-02 -4.244825e-01 -9.769105e+02
-4.252649e-01 -1.878445e-02 9.048740e-01 1.697460e+03 4.078557e-02 9.983712e-01 3.989342e-02 5.012017e+01 -9.041495e-01 5.387106e-02 -4.238060e-01 -9.796789e+02
-4.239562e-01 -1.983420e-02 9.054655e-01 1.701378e+03 4.150721e-02 9.982842e-01 4.130185e-02 5.021139e+01 -9.047310e-01 5.509350e-02 -4.224055e-01 -9.815203e+02
-4.041289e-01 -2.568992e-02 9.143413e-01 1.743475e+03 4.800506e-02 9.976323e-01 4.924783e-02 5.132253e+01 -9.134415e-01 6.379546e-02 -4.019387e-01 -1.000590e+03
-4.066935e-01 -2.735939e-02 9.131549e-01 1.750784e+03 3.966111e-02 9.980803e-01 4.756781e-02 5.155995e+01 -9.127033e-01 5.556224e-02 -4.048277e-01 -1.003788e+03
-4.081243e-01 -2.983948e-02 9.124386e-01 1.754388e+03 3.846660e-02 9.980160e-01 4.984383e-02 5.165386e+01 -9.121156e-01 5.544088e-02 -4.061667e-01 -1.005375e+03
-4.131189e-01 -3.419022e-02 9.100351e-01 1.761513e+03 3.742083e-02 9.978136e-01 5.447561e-02 5.188342e+01 -9.099079e-01 5.655916e-02 -4.109362e-01 -1.008544e+03
-4.152352e-01 -3.413369e-02 9.090735e-01 1.764998e+03 4.364126e-02 9.973979e-01 5.738398e-02 5.201045e+01 -9.086667e-01 6.350095e-02 -4.126650e-01 -1.010123e+03
-4.225884e-01 -2.359028e-02 9.060147e-01 1.775097e+03 6.274887e-02 9.965009e-01 5.521398e-02 5.235761e+01 -9.041469e-01 8.018417e-02 -4.196294e-01 -1.014785e+03
-4.311326e-01 -1.921921e-02 9.020839e-01 1.781539e+03 7.349952e-02 9.957025e-01 5.634138e-02 5.258609e+01 -8.992900e-01 9.059332e-02 -4.278671e-01 -1.017840e+03
-4.367904e-01 -1.663218e-02 8.994096e-01 1.784649e+03 7.802832e-02 9.953601e-01 5.630030e-02 5.269797e+01 -8.961728e-01 9.477083e-02 -4.334660e-01 -1.019347e+03
-4.602830e-01 -1.629974e-02 8.876226e-01 1.790644e+03 8.031326e-02 9.949671e-01 5.991795e-02 5.292871e+01 -8.841320e-01 9.886706e-02 -4.566573e-01 -1.022359e+03
-5.038178e-01 -1.369983e-02 8.637014e-01 1.796305e+03 7.624756e-02 9.952661e-01 6.026370e-02 5.316251e+01 -8.604382e-01 9.621702e-02 -5.003881e-01 -1.025467e+03
-7.630394e-01 2.589499e-03 6.463468e-01 1.815169e+03 7.723005e-02 9.931932e-01 8.719419e-02 5.439358e+01 -6.417214e-01 1.164500e-01 -7.580455e-01 -1.040921e+03
-7.962824e-01 4.487571e-03 6.049085e-01 1.817025e+03 7.564642e-02 9.928617e-01 9.221290e-02 5.459850e+01 -6.001766e-01 1.191866e-01 -7.909377e-01 -1.043266e+03
-8.270558e-01 1.039820e-02 5.620236e-01 1.818744e+03 7.374898e-02 9.931937e-01 9.015116e-02 5.481008e+01 -5.572609e-01 1.160087e-01 -8.221935e-01 -1.045693e+03
-9.507943e-01 2.386232e-02 3.089028e-01 1.825228e+03 5.859560e-02 9.928856e-01 1.036565e-01 5.594070e+01 -3.042317e-01 1.166563e-01 -9.454281e-01 -1.059056e+03
-9.920058e-01 3.362745e-02 1.216299e-01 1.827464e+03 4.701078e-02 9.929410e-01 1.088949e-01 5.683518e+01 -1.171095e-01 1.137422e-01 -9.865840e-01 -1.069230e+03
-9.800964e-01 4.645211e-02 -1.930112e-01 1.826704e+03 2.629591e-02 9.940493e-01 1.057098e-01 5.843592e+01 1.967730e-01 9.853037e-02 -9.754855e-01 -1.087072e+03
-9.603291e-01 4.867644e-02 -2.745883e-01 1.825633e+03 1.991461e-02 9.941049e-01 1.065775e-01 5.883384e+01 2.781574e-01 9.688112e-02 -9.556372e-01 -1.091489e+03
-9.433431e-01 5.034768e-02 -3.279771e-01 1.824755e+03 1.627663e-02 9.942529e-01 1.058119e-01 5.910201e+01 3.314195e-01 9.447858e-02 -9.387411e-01 -1.094410e+03
-9.113421e-01 5.276248e-02 -4.082544e-01 1.823060e+03 1.008111e-02 9.943149e-01 1.060005e-01 5.949507e+01 4.115263e-01 9.248709e-02 -9.066930e-01 -1.098648e+03
-8.708889e-01 5.364515e-02 -4.885435e-01 1.820889e+03 3.413640e-03 9.946615e-01 1.031349e-01 5.984234e+01 4.914680e-01 8.815131e-02 -8.664228e-01 -1.102660e+03
-8.400483e-01 5.465624e-02 -5.397515e-01 1.819352e+03 -1.069544e-03 9.947433e-01 1.023942e-01 6.005208e+01 5.425106e-01 8.659333e-02 -8.355739e-01 -1.105305e+03
-7.092895e-01 5.905573e-02 -7.024393e-01 1.812614e+03 -1.363899e-02 9.951483e-01 9.743649e-02 6.082078e+01 7.047854e-01 7.869123e-02 -7.050427e-01 -1.113551e+03
-6.197276e-01 5.695400e-02 -7.827478e-01 1.808088e+03 -1.968722e-02 9.959213e-01 8.805191e-02 6.124884e+01 7.845700e-01 6.997831e-02 -6.160786e-01 -1.117606e+03
-5.499392e-01 5.884076e-02 -8.331295e-01 1.804284e+03 -2.446239e-02 9.959525e-01 8.648769e-02 6.154684e+01 8.348464e-01 6.794330e-02 -5.462739e-01 -1.120246e+03
-4.561076e-01 5.848882e-02 -8.880006e-01 1.798960e+03 -2.885693e-02 9.963411e-01 8.044667e-02 6.193421e+01 8.894566e-01 6.231730e-02 -4.527509e-01 -1.123358e+03
-4.108375e-01 5.815070e-02 -9.098523e-01 1.796124e+03 -2.825904e-02 9.966721e-01 7.645974e-02 6.211734e+01 9.112705e-01 5.712407e-02 -4.078269e-01 -1.124692e+03
-2.649301e-01 5.841344e-02 -9.624967e-01 1.785654e+03 -3.346408e-02 9.970052e-01 6.971884e-02 6.272812e+01 9.636867e-01 5.067968e-02 -2.621819e-01 -1.128395e+03
-2.481821e-01 5.889709e-02 -9.669213e-01 1.784075e+03 -3.305438e-02 9.970539e-01 6.921669e-02 6.280871e+01 9.681493e-01 4.913932e-02 -2.455041e-01 -1.128793e+03
-2.326862e-01 5.794229e-02 -9.708243e-01 1.782506e+03 -3.184933e-02 9.972343e-01 6.715215e-02 6.289076e+01 9.720302e-01 4.654548e-02 -2.301972e-01 -1.129180e+03
-1.915386e-01 5.612688e-02 -9.798790e-01 1.777702e+03 -2.861513e-02 9.976198e-01 6.273652e-02 6.312234e+01 9.810678e-01 4.005583e-02 -1.894766e-01 -1.130193e+03
-1.567693e-01 5.456269e-02 -9.861269e-01 1.772797e+03 -3.022364e-02 9.977401e-01 6.001005e-02 6.333921e+01 9.871726e-01 3.921208e-02 -1.547659e-01 -1.131038e+03
-1.466219e-01 5.479787e-02 -9.876737e-01 1.771135e+03 -3.065907e-02 9.977330e-01 5.990738e-02 6.341172e+01 9.887173e-01 3.906489e-02 -1.446095e-01 -1.131284e+03
-1.382909e-01 5.631293e-02 -9.887894e-01 1.769479e+03 -3.054090e-02 9.976649e-01 6.108982e-02 6.348361e+01 9.899206e-01 3.864668e-02 -1.362481e-01 -1.131517e+03
-1.263034e-01 5.752688e-02 -9.903223e-01 1.766113e+03 -2.875790e-02 9.976851e-01 6.162231e-02 6.363222e+01 9.915747e-01 3.626269e-02 -1.243566e-01 -1.131949e+03
-1.209431e-01 5.797475e-02 -9.909651e-01 1.764428e+03 -2.887820e-02 9.976650e-01 6.189119e-02 6.370596e+01 9.922393e-01 3.610259e-02 -1.189865e-01 -1.132152e+03
-1.154768e-01 5.841438e-02 -9.915911e-01 1.762736e+03 -2.950149e-02 9.976272e-01 6.220561e-02 6.377872e+01 9.928719e-01 3.643672e-02 -1.134795e-01 -1.132348e+03
-1.063190e-01 5.861222e-02 -9.926031e-01 1.759353e+03 -3.121115e-02 9.975725e-01 6.224873e-02 6.392280e+01 9.938421e-01 3.759851e-02 -1.042316e-01 -1.132713e+03
-1.027942e-01 5.934961e-02 -9.929305e-01 1.757655e+03 -3.178182e-02 9.975128e-01 6.291376e-02 6.399476e+01 9.941947e-01 3.802431e-02 -1.006523e-01 -1.132885e+03
-9.977778e-02 5.936350e-02 -9.932373e-01 1.755959e+03 -3.195093e-02 9.975127e-01 6.282874e-02 6.406682e+01 9.944966e-01 3.800377e-02 -9.763288e-02 -1.133051e+03
-9.717913e-02 5.893143e-02 -9.935207e-01 1.754261e+03 -3.162266e-02 9.975586e-01 6.226405e-02 6.413795e+01 9.947644e-01 3.746853e-02 -9.507831e-02 -1.133210e+03
-9.328989e-02 5.823081e-02 -9.939347e-01 1.750863e+03 -3.129907e-02 9.976233e-01 6.138462e-02 6.427888e+01 9.951469e-01 3.683579e-02 -9.124560e-02 -1.133519e+03
-8.925571e-02 5.780325e-02 -9.943301e-01 1.745755e+03 -3.147815e-02 9.976521e-01 6.082201e-02 6.448641e+01 9.955112e-01 3.672838e-02 -8.722660e-02 -1.133964e+03
-8.710990e-02 5.967851e-02 -9.944096e-01 1.742342e+03 -3.137518e-02 9.975444e-01 6.261511e-02 6.462863e+01 9.957045e-01 3.665417e-02 -8.502357e-02 -1.134251e+03
-8.458501e-02 6.089766e-02 -9.945536e-01 1.738929e+03 -3.190061e-02 9.974534e-01 6.378832e-02 6.477564e+01 9.959054e-01 3.712240e-02 -8.242693e-02 -1.134530e+03
-8.217235e-02 5.928233e-02 -9.948534e-01 1.735516e+03 -3.261582e-02 9.975346e-01 6.213610e-02 6.492197e+01 9.960842e-01 3.755382e-02 -8.003621e-02 -1.134802e+03
-7.971126e-02 6.155007e-02 -9.949160e-01 1.732115e+03 -3.319252e-02 9.973745e-01 6.436151e-02 6.506585e+01 9.962652e-01 3.815411e-02 -7.745897e-02 -1.135064e+03
-7.402504e-02 5.574841e-02 -9.956970e-01 1.725404e+03 -3.509961e-02 9.976720e-01 5.846848e-02 6.533481e+01 9.966385e-01 3.927671e-02 -7.189596e-02 -1.135561e+03
-7.000011e-02 5.405768e-02 -9.960812e-01 1.722082e+03 -3.481429e-02 9.977899e-01 5.659701e-02 6.545266e+01 9.969392e-01 3.863965e-02 -6.796342e-02 -1.135788e+03
-6.632490e-02 5.526572e-02 -9.962664e-01 1.720432e+03 -3.453184e-02 9.977396e-01 5.764636e-02 6.551240e+01 9.972003e-01 3.822630e-02 -6.426655e-02 -1.135894e+03
-5.491158e-02 5.530353e-02 -9.969585e-01 1.717161e+03 -3.702598e-02 9.976654e-01 5.738211e-02 6.562471e+01 9.978044e-01 4.006431e-02 -5.273572e-02 -1.136086e+03
-3.772032e-02 5.454595e-02 -9.977986e-01 1.713931e+03 -3.957049e-02 9.976444e-01 5.603344e-02 6.573199e+01 9.985045e-01 4.159698e-02 -3.547305e-02 -1.136225e+03
-1.568665e-02 5.521271e-02 -9.983514e-01 1.710746e+03 -4.085460e-02 9.976050e-01 5.581337e-02 6.583270e+01 9.990419e-01 4.166277e-02 -1.339338e-02 -1.136295e+03
-2.069798e-03 5.561306e-02 -9.984503e-01 1.709184e+03 -4.260759e-02 9.975407e-01 5.565073e-02 6.588013e+01 9.990897e-01 4.265674e-02 3.048289e-04 -1.136308e+03
3.001700e-02 5.486326e-02 -9.980426e-01 1.706078e+03 -4.509388e-02 9.975502e-01 5.347997e-02 6.597128e+01 9.985316e-01 4.340030e-02 3.241746e-02 -1.136253e+03
1.099876e-01 4.797113e-02 -9.927747e-01 1.700082e+03 -4.605926e-02 9.980075e-01 4.312118e-02 6.611041e+01 9.928651e-01 4.098367e-02 1.119779e-01 -1.135821e+03
2.673739e-01 3.866590e-02 -9.628168e-01 1.691371e+03 -4.137859e-02 9.987336e-01 2.861747e-02 6.620730e+01 9.627040e-01 3.218844e-02 2.686352e-01 -1.134067e+03
3.243968e-01 3.504788e-02 -9.452716e-01 1.688621e+03 -3.736641e-02 9.990081e-01 2.421694e-02 6.617116e+01 9.451827e-01 2.746551e-02 3.253846e-01 -1.133232e+03
3.842016e-01 3.472738e-02 -9.225959e-01 1.685870e+03 -3.524090e-02 9.991157e-01 2.293210e-02 6.609641e+01 9.225764e-01 2.370256e-02 3.850856e-01 -1.132171e+03
4.472590e-01 3.320388e-02 -8.937880e-01 1.683200e+03 -3.539640e-02 9.991849e-01 1.940669e-02 6.601776e+01 8.937038e-01 2.295707e-02 4.480696e-01 -1.130935e+03
5.098544e-01 2.653525e-02 -8.598514e-01 1.680643e+03 -3.373571e-02 9.993720e-01 1.083710e-02 6.594241e+01 8.595989e-01 2.348236e-02 5.104294e-01 -1.129520e+03
6.265443e-01 2.180327e-02 -7.790808e-01 1.675989e+03 -2.910498e-02 9.995659e-01 4.567251e-03 6.578896e+01 7.788422e-01 1.981355e-02 6.269068e-01 -1.126240e+03
6.813462e-01 1.960019e-02 -7.316989e-01 1.673811e+03 -2.810085e-02 9.996049e-01 6.095976e-04 6.570668e+01 7.314217e-01 2.014602e-02 6.816277e-01 -1.124329e+03
7.788319e-01 6.818475e-03 -6.271957e-01 1.670025e+03 -1.941976e-02 9.997236e-01 -1.324647e-02 6.550954e+01 6.269321e-01 2.249676e-02 7.787490e-01 -1.120149e+03
8.212534e-01 1.000793e-03 -5.705628e-01 1.668319e+03 -1.395926e-02 9.997344e-01 -1.833902e-02 6.538886e+01 5.703928e-01 2.302562e-02 8.210492e-01 -1.117831e+03
8.581794e-01 -6.730521e-03 -5.133058e-01 1.666783e+03 -8.490415e-03 9.995912e-01 -2.730160e-02 6.525392e+01 5.132797e-01 2.778785e-02 8.577714e-01 -1.115408e+03
9.146832e-01 -1.625626e-02 -4.038446e-01 1.664267e+03 4.198298e-03 9.995190e-01 -3.072552e-02 6.495835e+01 4.041498e-01 2.640865e-02 9.143115e-01 -1.110320e+03
9.264230e-01 -1.982426e-02 -3.759622e-01 1.663679e+03 7.605818e-03 9.993944e-01 -3.395568e-02 6.487654e+01 3.764076e-01 2.859782e-02 9.260126e-01 -1.108960e+03
9.373292e-01 -2.458246e-02 -3.475769e-01 1.663209e+03 1.182822e-02 9.991782e-01 -3.876932e-02 6.479507e+01 3.482442e-01 3.222840e-02 9.368496e-01 -1.107637e+03
9.477057e-01 -2.414421e-02 -3.182312e-01 1.662781e+03 1.232836e-02 9.991595e-01 -3.909189e-02 6.471287e+01 3.189076e-01 3.312433e-02 9.472067e-01 -1.106297e+03
9.751786e-01 -1.920244e-02 -2.205858e-01 1.661562e+03 1.067229e-02 9.991507e-01 -3.979745e-02 6.446915e+01 2.211627e-01 3.645546e-02 9.745553e-01 -1.102062e+03
9.924238e-01 -2.044096e-02 -1.211499e-01 1.660875e+03 1.419420e-02 9.985356e-01 -5.220278e-02 6.414444e+01 1.220396e-01 5.008765e-02 9.912605e-01 -1.097802e+03
9.985330e-01 -2.736828e-02 4.672160e-02 1.660665e+03 2.995913e-02 9.979988e-01 -5.568447e-02 6.365347e+01 -4.510411e-02 5.700251e-02 9.973546e-01 -1.090516e+03
9.931890e-01 -2.432640e-02 1.139466e-01 1.660998e+03 3.122845e-02 9.977585e-01 -5.918452e-02 6.342386e+01 -1.122514e-01 6.233978e-02 9.917224e-01 -1.087649e+03
9.697164e-01 -1.547483e-02 2.437432e-01 1.662049e+03 3.071336e-02 9.977947e-01 -5.884284e-02 6.295694e+01 -2.422950e-01 6.454702e-02 9.680530e-01 -1.081841e+03
9.451801e-01 -1.565151e-02 3.261743e-01 1.663374e+03 3.543498e-02 9.978684e-01 -5.479982e-02 6.261487e+01 -3.246213e-01 6.335366e-02 9.437199e-01 -1.077556e+03
9.365940e-01 -1.562359e-02 3.500680e-01 1.663914e+03 3.653840e-02 9.979141e-01 -5.322009e-02 6.250419e+01 -3.485063e-01 6.263653e-02 9.352112e-01 -1.076148e+03
8.705961e-01 -2.327041e-02 4.914478e-01 1.670011e+03 5.602876e-02 9.970719e-01 -5.204244e-02 6.152604e+01 -4.887977e-01 7.284314e-02 8.693506e-01 -1.063611e+03
8.633705e-01 -2.536821e-02 5.039324e-01 1.671640e+03 5.765903e-02 9.971532e-01 -4.858807e-02 6.131031e+01 -5.012652e-01 7.100574e-02 8.623754e-01 -1.060840e+03
8.570403e-01 -2.520571e-02 5.146325e-01 1.674989e+03 5.544691e-02 9.975144e-01 -4.348185e-02 6.089092e+01 -5.122573e-01 6.580046e-02 8.563076e-01 -1.055278e+03
8.530547e-01 -2.489872e-02 5.212272e-01 1.678473e+03 5.593059e-02 9.974695e-01 -4.388899e-02 6.049193e+01 -5.188155e-01 6.659224e-02 8.522886e-01 -1.049604e+03
8.521727e-01 -2.191437e-02 5.228017e-01 1.679381e+03 5.383890e-02 9.974920e-01 -4.594596e-02 6.038454e+01 -5.204836e-01 6.730095e-02 8.512152e-01 -1.048145e+03
8.510645e-01 -2.217815e-02 5.245927e-01 1.680259e+03 5.415929e-02 9.974862e-01 -4.569382e-02 6.028089e+01 -5.222605e-01 6.729994e-02 8.501262e-01 -1.046739e+03
8.499437e-01 -2.495543e-02 5.262823e-01 1.681167e+03 5.556347e-02 9.975531e-01 -4.243247e-02 6.017613e+01 -5.239356e-01 6.530726e-02 8.492505e-01 -1.045291e+03
