3.941290 0.0000000 0.0000000 0.0000000 0.0000000 0.0000000 0.0000000 1.0000000
4.148625 0.0018019 -0.0004547 0.0528952 -0.0003726 0.0189678 0.0050490 0.9998073
4.252293 0.0031698 -0.0006001 0.0797276 -0.0003669 0.0267984 0.0066627 0.9996186
4.459609 0.0073019 -0.0009632 0.1340132 -0.0012411 0.0406022 0.0082017 0.9991410
4.563217 0.0097385 -0.0011391 0.1612951 -0.0012107 0.0467400 0.0080284 0.9988741
4.666947 0.0124786 -0.0013030 0.1888058 0.0001223 0.0523567 0.0079998 0.9985964
4.770559 0.0158374 -0.0014027 0.2169091 0.0018906 0.0573455 0.0080828 0.9983199
4.874319 0.0192891 -0.0016629 0.2454349 0.0030455 0.0621512 0.0086092 0.9980250
4.977967 0.0231558 -0.0018601 0.2745564 0.0036539 0.0658288 0.0084539 0.9977884
5.081656 0.0272048 -0.0021133 0.3042639 0.0040587 0.0687727 0.0084097 0.9975886
5.185269 0.0315044 -0.0024518 0.3341882 0.0048394 0.0712002 0.0089372 0.9974102
5.288943 0.0357794 -0.0027426 0.3647400 0.0056814 0.0735678 0.0083482 0.9972391
5.392622 0.0406640 -0.0031648 0.3958003 0.0061759 0.0754744 0.0085658 0.9970918
5.496314 0.0454218 -0.0035290 0.4274860 0.0056607 0.0769604 0.0084808 0.9969820
5.600026 0.0503276 -0.0038922 0.4595175 0.0046953 0.0782363 0.0087438 0.9968854
5.703641 0.0554044 -0.0042996 0.4921577 0.0040399 0.0793111 0.0087927 0.9968029
5.807340 0.0608080 -0.0046361 0.5253705 0.0044517 0.0803393 0.0101677 0.9967058
5.910955 0.0664311 -0.0049140 0.5589886 0.0044633 0.0807019 0.0100821 0.9966773
6.014715 0.0719166 -0.0051149 0.5931045 0.0051212 0.0810863 0.0109914 0.9966333
6.221927 0.0831875 -0.0060255 0.6629773 0.0060555 0.0807972 0.0109232 0.9966523
6.325669 0.0886807 -0.0063587 0.6979868 0.0060165 0.0802910 0.0110473 0.9966921
6.533021 0.1002707 -0.0074501 0.7705654 0.0057843 0.0789274 0.0110864 0.9968019
6.740399 0.1116698 -0.0083996 0.8453463 0.0064012 0.0781540 0.0113700 0.9968559
6.947755 0.1237476 -0.0090030 0.9217831 0.0057283 0.0769283 0.0122592 0.9969448
7.155209 0.1357254 -0.0099310 0.9998195 0.0052352 0.0762412 0.0135650 0.9969834
7.362568 0.1474689 -0.0110576 1.0785147 0.0059970 0.0754768 0.0141034 0.9970298
7.569925 0.1591477 -0.0122029 1.1591717 0.0053711 0.0754826 0.0145220 0.9970269
7.777286 0.1714052 -0.0133396 1.2408377 0.0053243 0.0754709 0.0155857 0.9970120
7.984696 0.1836925 -0.0141920 1.3239852 0.0064516 0.0759280 0.0154753 0.9969723
8.192118 0.1963454 -0.0156006 1.4083904 0.0070309 0.0772247 0.0144025 0.9968849
8.399546 0.2092852 -0.0170134 1.4945124 0.0065389 0.0784442 0.0143880 0.9967932
8.606978 0.2227754 -0.0178118 1.5813495 0.0068092 0.0793852 0.0124397 0.9967431
8.814436 0.2374602 -0.0190423 1.6703700 0.0078165 0.0827160 0.0120842 0.9964693
9.021867 0.2529503 -0.0209540 1.7603346 0.0069754 0.0874057 0.0101378 0.9960968
9.229148 0.2689729 -0.0228200 1.8500108 0.0082398 0.0920613 0.0095946 0.9956730
9.436507 0.2857091 -0.0250444 1.9406873 0.0091325 0.0969669 0.0085868 0.9952087
9.540126 0.2948120 -0.0259752 1.9870596 0.0090524 0.0993786 0.0077982 0.9949780
9.747566 0.3136338 -0.0281216 2.0801282 0.0084228 0.1049295 0.0069388 0.9944198
9.851216 0.3235491 -0.0293483 2.1268854 0.0082288 0.1077563 0.0070674 0.9941182
10.058450 0.3440674 -0.0313088 2.2204123 0.0096560 0.1134964 0.0070227 0.9934667
10.265950 0.3657071 -0.0334634 2.3139756 0.0096399 0.1193024 0.0069311 0.9927870
10.577010 0.3995682 -0.0366918 2.4559693 0.0099871 0.1272054 0.0063967 0.9918055
10.680800 0.4126406 -0.0379369 2.5036364 0.0096696 0.1289415 0.0074237 0.9915773
10.888380 0.4382419 -0.0400430 2.6002440 0.0103400 0.1322500 0.0077836 0.9911319
10.992100 0.4514081 -0.0414179 2.6487393 0.0102093 0.1338824 0.0076050 0.9909155
11.199650 0.4781364 -0.0441108 2.7456665 0.0110146 0.1380735 0.0063346 0.9903405
11.303360 0.4919029 -0.0455787 2.7947319 0.0107156 0.1404109 0.0057911 0.9900184
11.407080 0.5058593 -0.0469728 2.8440351 0.0109983 0.1428551 0.0058759 0.9896651
11.510570 0.5201555 -0.0488591 2.8919137 0.0109037 0.1452098 0.0055519 0.9893252
11.614180 0.5348195 -0.0501876 2.9407089 0.0110342 0.1474554 0.0053071 0.9889929
11.718020 0.5497205 -0.0516101 2.9896545 0.0107359 0.1496029 0.0052900 0.9886737
11.821430 0.5645377 -0.0532601 3.0387855 0.0106249 0.1518158 0.0058732 0.9883342
11.925060 0.5801011 -0.0546885 3.0886445 0.0109530 0.1539636 0.0062582 0.9879960
12.028650 0.5957999 -0.0563487 3.1382241 0.0113829 0.1558490 0.0063474 0.9876949
12.132140 0.6118987 -0.0576799 3.1881866 0.0123525 0.1576646 0.0061682 0.9873962
12.235950 0.6279334 -0.0593704 3.2380953 0.0127502 0.1596056 0.0065592 0.9870767
12.339620 0.6445655 -0.0610344 3.2879641 0.0131654 0.1610951 0.0064393 0.9868301
12.443230 0.6612169 -0.0626733 3.3382924 0.0130899 0.1630506 0.0065168 0.9865094
12.546850 0.6780354 -0.0642358 3.3880484 0.0132504 0.1650167 0.0063381 0.9861814
12.754210 0.7128207 -0.0677492 3.4888065 0.0133948 0.1686802 0.0085856 0.9855424
12.857820 0.7305497 -0.0692198 3.5390420 0.0132015 0.1699755 0.0091110 0.9853177
13.065050 0.7660990 -0.0723811 3.6400859 0.0132606 0.1729448 0.0082521 0.9848077
13.272410 0.8034068 -0.0763521 3.7420387 0.0151985 0.1760111 0.0074508 0.9842426
13.479770 0.8413830 -0.0805033 3.8444154 0.0161385 0.1793645 0.0061828 0.9836309
13.583380 0.8608133 -0.0823423 3.8957765 0.0163205 0.1812915 0.0064596 0.9832727
13.790730 0.9005532 -0.0864506 3.9985147 0.0154944 0.1851240 0.0064012 0.9825721
13.998450 0.9402044 -0.0904188 4.1007690 0.0154284 0.1892494 0.0057042 0.9817913
14.101800 0.9607048 -0.0924993 4.1517687 0.0157523 0.1911398 0.0052628 0.9814223
14.309200 1.0013728 -0.0966318 4.2524462 0.0163911 0.1943417 0.0058822 0.9807793
14.516540 1.0436608 -0.1009021 4.3539066 0.0157988 0.1968420 0.0074876 0.9802793
14.723680 1.0859777 -0.1050451 4.4547982 0.0164339 0.1995280 0.0076779 0.9797242
14.931630 1.1291134 -0.1091743 4.5564456 0.0172358 0.2024485 0.0071932 0.9791148
15.138550 1.1740853 -0.1133535 4.6574202 0.0182272 0.2049159 0.0060744 0.9785910
15.345730 1.2168711 -0.1170160 4.7590919 0.0185485 0.2083180 0.0073476 0.9778576
15.553070 1.2631270 -0.1222818 4.8603344 0.0175850 0.2110264 0.0071987 0.9772957
15.760420 1.3085592 -0.1269322 4.9617214 0.0176696 0.2146809 0.0057194 0.9765077
15.967780 1.3552104 -0.1320570 5.0626249 0.0175638 0.2182961 0.0053430 0.9757099
16.175170 1.4022011 -0.1363388 5.1624126 0.0172965 0.2224946 0.0045605 0.9747698
16.382370 1.4495538 -0.1411526 5.2620931 0.0176312 0.2267574 0.0041610 0.9737828
16.589730 1.4979169 -0.1454854 5.3601942 0.0179488 0.2305483 0.0045514 0.9728847
16.796960 1.5470090 -0.1503631 5.4584289 0.0181907 0.2345989 0.0040438 0.9719136
17.004320 1.5981492 -0.1548461 5.5577087 0.0192625 0.2382390 0.0051287 0.9710020
17.212260 1.6479111 -0.1593208 5.6557755 0.0203767 0.2419550 0.0065028 0.9700517
17.418950 1.7003878 -0.1644963 5.7552390 0.0223820 0.2449947 0.0078781 0.9692340
17.522740 1.7275931 -0.1665806 5.8041415 0.0227768 0.2463724 0.0085048 0.9688702
17.730020 1.7811959 -0.1718586 5.9035273 0.0233546 0.2500919 0.0081105 0.9679064
17.833610 1.8085238 -0.1745690 5.9530349 0.0238928 0.2519425 0.0083252 0.9674114
18.041020 1.8642706 -0.1798927 6.0522661 0.0241888 0.2551708 0.0070906 0.9665673
18.144610 1.8923388 -0.1827128 6.1017785 0.0242930 0.2566116 0.0079703 0.9661764
18.351820 1.9480095 -0.1884867 6.2010088 0.0240224 0.2590978 0.0098870 0.9655017
18.455670 1.9761080 -0.1912012 6.2502775 0.0239285 0.2601953 0.0099586 0.9652081
18.663050 2.0356653 -0.1962463 6.3515053 0.0234365 0.2626751 0.0101939 0.9645458
18.766280 2.0650053 -0.1987757 6.4018793 0.0232615 0.2640605 0.0101321 0.9641723
18.869920 2.0945277 -0.2016041 6.4520674 0.0235292 0.2653215 0.0095994 0.9638250
18.973530 2.1242104 -0.2038922 6.5028949 0.0251100 0.2668706 0.0088896 0.9633642
19.077140 2.1544859 -0.2073292 6.5536218 0.0247708 0.2686271 0.0085225 0.9628879
19.180870 2.1854720 -0.2099333 6.6046362 0.0241629 0.2709416 0.0075330 0.9622630
19.284530 2.2167199 -0.2127016 6.6554494 0.0231556 0.2735708 0.0065224 0.9615510
19.388220 2.2474675 -0.2155060 6.7060914 0.0225207 0.2764342 0.0060651 0.9607498
19.491840 2.2792242 -0.2180830 6.7565327 0.0226811 0.2786686 0.0062191 0.9600993
19.595460 2.3108666 -0.2208650 6.8071818 0.0229707 0.2812915 0.0075165 0.9593179
19.699070 2.3431289 -0.2235174 6.8575997 0.0233409 0.2833130 0.0080491 0.9587097
19.906420 2.4083679 -0.2293750 6.9594178 0.0220388 0.2882379 0.0084517 0.9572679
20.010030 2.4421134 -0.2320521 7.0100403 0.0212099 0.2904427 0.0077323 0.9566260
20.113650 2.4751468 -0.2350409 7.0607319 0.0209783 0.2930343 0.0072520 0.9558442
20.217270 2.5097778 -0.2379116 7.1114688 0.0208704 0.2952759 0.0075612 0.9551541
20.320880 2.5446787 -0.2408654 7.1628432 0.0206123 0.2976790 0.0083596 0.9544069
20.424500 2.5802312 -0.2438755 7.2138209 0.0200362 0.2998698 0.0087261 0.9537298
20.528120 2.6164486 -0.2463567 7.2657638 0.0198932 0.3018959 0.0082421 0.9530977
20.631730 2.6528852 -0.2491089 7.3177614 0.0193929 0.3038569 0.0084595 0.9524827
20.735350 2.6903105 -0.2518561 7.3703470 0.0189222 0.3054340 0.0088736 0.9519839
20.838960 2.7289047 -0.2547818 7.4234557 0.0187892 0.3066770 0.0077782 0.9515964
20.942580 2.7668133 -0.2575896 7.4767213 0.0187442 0.3083305 0.0058865 0.9510764
21.046320 2.8052595 -0.2601051 7.5299544 0.0189899 0.3100088 0.0038222 0.9505363
21.149940 2.8433032 -0.2627998 7.5821157 0.0179377 0.3113311 0.0033376 0.9501263
21.253550 2.8813574 -0.2651825 7.6342640 0.0176910 0.3133526 0.0039278 0.9494639
21.357170 2.9190111 -0.2679636 7.6855536 0.0176863 0.3150192 0.0035328 0.9489139
21.460820 2.9574716 -0.2705888 7.7370095 0.0174131 0.3166926 0.0026440 0.9483647
21.564620 2.9962757 -0.2734052 7.7891231 0.0156234 0.3184533 0.0022395 0.9478071
21.668140 3.0350783 -0.2759507 7.8406096 0.0145205 0.3202046 0.0016846 0.9472356
21.771790 3.0736532 -0.2782847 7.8920116 0.0142791 0.3220629 0.0013044 0.9466097
21.875360 3.1122797 -0.2805661 7.9426761 0.0146181 0.3237602 0.0014615 0.9460251
21.979040 3.1514995 -0.2830110 7.9934487 0.0142744 0.3253768 0.0016431 0.9454753
22.082650 3.1899073 -0.2853834 8.0433636 0.0139256 0.3272243 0.0016888 0.9448426
22.186210 3.2286747 -0.2878022 8.0933504 0.0133929 0.3291532 -0.0000890 0.9441816
22.290250 3.2675691 -0.2901508 8.1431379 0.0134460 0.3309167 -0.0052981 0.9435493
22.393570 3.3059623 -0.2928696 8.1927891 0.0165975 0.3330642 -0.0105068 0.9426995
22.497250 3.3449256 -0.2960914 8.2419062 0.0207438 0.3346913 -0.0065171 0.9420769
22.704440 3.4246333 -0.3022400 8.3402615 0.0143111 0.3368931 -0.0010289 0.9414335
22.808100 3.4647255 -0.3042109 8.3900700 0.0094582 0.3388068 -0.0023615 0.9408055
23.015390 3.5434957 -0.3079329 8.4861031 0.0065979 0.3428814 -0.0048555 0.9393430
23.222650 3.6238112 -0.3116250 8.5818186 0.0113813 0.3458942 -0.0011279 0.9382038
23.430070 3.7013917 -0.3152958 8.6772451 0.0130315 0.3503647 -0.0017468 0.9365211
23.637320 3.7663579 -0.3184782 8.7522154 0.0120512 0.3550231 -0.0008613 0.9347795
23.844680 3.8167782 -0.3207645 8.8103971 0.0120979 0.3595435 -0.0021007 0.9330475
24.052120 3.8473287 -0.3222492 8.8477507 0.0115658 0.3654070 -0.0024441 0.9307728
24.259390 3.8724456 -0.3240541 8.8792171 0.0095863 0.3716594 -0.0003258 0.9283196
24.466620 3.8831413 -0.3248684 8.8975925 0.0104350 0.3792375 -0.0035331 0.9252338
24.673870 3.8852615 -0.3248741 8.9051838 0.0104125 0.3871195 -0.0067981 0.9219457
24.881210 3.8869534 -0.3237682 8.9136848 0.0115053 0.3958466 -0.0116673 0.9181705
25.295560 3.8919830 -0.3255403 8.9315100 0.0062126 0.4116600 -0.0040451 0.9113073
25.502780 3.8958728 -0.3259321 8.9363050 0.0045417 0.4113817 -0.0036261 0.9114446
25.710010 3.8984828 -0.3260143 8.9380608 0.0054281 0.4088960 -0.0102241 0.9125076
26.020850 3.9024994 -0.3261403 8.9414768 0.0056250 0.4033996 -0.0096434 0.9149559
26.228100 3.9049528 -0.3261606 8.9434290 0.0053624 0.4009427 -0.0139588 0.9159811
26.435440 3.9075685 -0.3261831 8.9454365 0.0025760 0.3999053 -0.0216000 0.9162983
26.642670 3.9101431 -0.3261872 8.9473152 0.0028132 0.3981962 -0.0209039 0.9170578
26.849920 3.9131711 -0.3264253 8.9504223 0.0003996 0.3968916 -0.0203172 0.9176405
27.057260 3.9159267 -0.3265000 8.9528456 0.0013141 0.3955637 -0.0228366 0.9181536
27.264530 3.9187193 -0.3266084 8.9552660 0.0020662 0.3938425 -0.0217581 0.9189181
27.471850 3.9215748 -0.3267556 8.9580622 0.0016034 0.3926478 -0.0205607 0.9194577
27.679200 3.9242086 -0.3269156 8.9600716 0.0007007 0.3908925 -0.0207729 0.9202016
27.886560 3.9268224 -0.3270335 8.9626474 0.0005327 0.3904963 -0.0213336 0.9203571
28.093790 3.9282258 -0.3271178 8.9643717 0.0009421 0.3907196 -0.0210988 0.9202674
28.301020 3.9309804 -0.3272558 8.9672928 -0.0003092 0.3907290 -0.0217587 0.9202485
28.508250 3.9334636 -0.3273469 8.9695978 -0.0002143 0.3909803 -0.0219412 0.9201375
28.715630 3.9359806 -0.3274698 8.9720001 -0.0007235 0.3914964 -0.0213451 0.9199317
28.922840 3.9385269 -0.3275765 8.9742775 -0.0019587 0.3915051 -0.0219108 0.9199129
29.130070 3.9409721 -0.3276418 8.9766397 -0.0012786 0.3917667 -0.0221825 0.9197962
29.337430 3.9429624 -0.3278016 8.9791603 -0.0015516 0.3928716 -0.0216951 0.9193361
29.648260 3.9467869 -0.3279501 8.9826632 -0.0014269 0.3927239 -0.0224509 0.9193812
29.855620 3.9492569 -0.3280572 8.9850903 -0.0028076 0.3926741 -0.0223918 0.9194008
30.166350 3.9528258 -0.3281752 8.9886494 -0.0021653 0.3928127 -0.0215920 0.9193624
30.477220 3.9564219 -0.3283208 8.9921780 -0.0024366 0.3933162 -0.0224310 0.9191263
30.788170 3.9600282 -0.3284633 8.9957542 -0.0047671 0.3943059 -0.0226019 0.9186889
31.099140 3.9636002 -0.3285783 8.9991617 -0.0023774 0.3952089 -0.0242915 0.9182670
31.410110 3.9671071 -0.3287002 9.0027494 -0.0038694 0.3963743 -0.0225900 0.9178029
31.721250 3.9712725 -0.3288143 9.0060949 -0.0030119 0.3953270 -0.0224448 0.9182612
32.032190 3.9749846 -0.3291093 9.0094252 -0.0042871 0.3955893 -0.0216539 0.9181622
32.343330 3.9787700 -0.3291262 9.0117807 -0.0052115 0.3944331 -0.0212161 0.9186649
32.654370 3.9825683 -0.3290802 9.0144224 -0.0043451 0.3932209 -0.0218343 0.9191744
32.965700 3.9864900 -0.3290654 9.0168571 -0.0045482 0.3912252 -0.0207978 0.9200487
33.276450 3.9901526 -0.3291511 9.0199614 -0.0041122 0.3902327 -0.0213852 0.9204587
33.587620 3.9939752 -0.3292192 9.0225401 -0.0048647 0.3887016 -0.0219337 0.9210898
33.898640 3.9975083 -0.3293462 9.0266705 -0.0045584 0.3896778 -0.0224712 0.9206658
34.209730 4.0001621 -0.3294408 9.0307732 -0.0055134 0.3923634 -0.0234101 0.9194958
35.454000 4.0064607 -0.3301317 9.0418186 -0.0066006 0.4010239 -0.0234157 0.9157445
35.868330 4.0077496 -0.3302361 9.0436497 -0.0072705 0.4013754 -0.0238404 0.9155744
36.179530 4.0086446 -0.3302949 9.0450363 -0.0061698 0.4018481 -0.0237832 0.9153767
36.594140 4.0098772 -0.3303357 9.0469837 -0.0073004 0.4030701 -0.0231565 0.9148470
37.423720 4.0122437 -0.3305248 9.0502501 -0.0075159 0.4048361 -0.0247990 0.9140220
37.734660 4.0130033 -0.3305657 9.0510483 -0.0080260 0.4056610 -0.0249452 0.9136479
38.045630 4.0138264 -0.3306126 9.0521383 -0.0081886 0.4067973 -0.0249107 0.9131420
38.667310 4.0152607 -0.3307050 9.0539675 -0.0069833 0.4069766 -0.0236080 0.9131067
38.978300 4.0160313 -0.3307612 9.0549955 -0.0072711 0.4069318 -0.0249887 0.9130877
39.289260 4.0167160 -0.3308081 9.0557566 -0.0084593 0.4061940 -0.0234024 0.9134480
39.600240 4.0174408 -0.3308428 9.0566311 -0.0070062 0.4052519 -0.0237735 0.9138690
39.911340 4.0180097 -0.3308576 9.0570221 -0.0064034 0.4033412 -0.0235297 0.9147247
40.325920 4.0188551 -0.3308309 9.0576267 -0.0054383 0.4009426 -0.0237116 0.9157801
40.637020 4.0194430 -0.3307775 9.0576038 -0.0047756 0.3986607 -0.0225754 0.9168081
41.051600 4.0202031 -0.3307478 9.0576649 -0.0040455 0.3962952 -0.0227713 0.9178318
41.880900 4.0216360 -0.3307959 9.0588999 -0.0032945 0.3926582 -0.0211839 0.9194346
42.192000 4.0216732 -0.3307872 9.0590048 -0.0032071 0.3914459 -0.0220032 0.9199324
42.813810 4.0219970 -0.3307940 9.0596304 -0.0042847 0.3918932 -0.0231902 0.9197084
43.228400 4.0222154 -0.3308119 9.0600309 -0.0037542 0.3938107 -0.0243265 0.9188619
43.642870 4.0223413 -0.3308285 9.0604296 -0.0042040 0.3962713 -0.0235150 0.9178227
44.057450 4.0226965 -0.3308310 9.0608673 -0.0020266 0.3964525 -0.0248928 0.9177155
44.782910 4.0232124 -0.3308515 9.0615883 -0.0024902 0.3937416 -0.0223873 0.9189451
45.404710 4.0238519 -0.3308892 9.0622234 -0.0036086 0.3903944 -0.0223577 0.9203691
45.715670 4.0239635 -0.3308771 9.0625257 -0.0051566 0.3911250 -0.0227095 0.9200429
46.026650 4.0241051 -0.3309001 9.0628586 -0.0054529 0.3923425 -0.0242891 0.9194823
46.959440 4.0250306 -0.3309231 9.0638466 -0.0077028 0.3905866 -0.0224933 0.9202591
47.270160 4.0251436 -0.3309368 9.0641975 -0.0063692 0.3899671 -0.0205542 0.9205773
47.581030 4.0253787 -0.3309655 9.0645466 -0.0074886 0.3883235 -0.0186481 0.9213040
47.892090 4.0255103 -0.3309748 9.0649052 -0.0084552 0.3876192 -0.0194534 0.9215755
48.825160 4.0261898 -0.3310124 9.0659590 -0.0097044 0.3842750 -0.0183446 0.9229854
49.136000 4.0264211 -0.3310308 9.0663233 -0.0093948 0.3840371 -0.0183525 0.9230874
50.483000 4.0271621 -0.3310510 9.0679111 -0.0123837 0.3860790 -0.0171569 0.9222230
50.897570 4.0274754 -0.3310835 9.0684471 -0.0121442 0.3850116 -0.0162829 0.9226882
51.312450 4.0277576 -0.3311089 9.0689669 -0.0124343 0.3839023 -0.0152010 0.9231648
52.556660 4.0285158 -0.3311601 9.0706158 -0.0144609 0.3862862 -0.0127790 0.9221771
52.867640 4.0286827 -0.3310907 9.0710535 -0.0127851 0.3872239 -0.0108141 0.9218336
53.178480 4.0290213 -0.3310927 9.0714693 -0.0129098 0.3864363 -0.0102484 0.9221688
53.489460 4.0291314 -0.3311173 9.0719347 -0.0126789 0.3874868 -0.0098764 0.9217352
54.111440 4.0294113 -0.3311283 9.0728655 -0.0139781 0.3892026 -0.0105752 0.9209854
54.733340 4.0298290 -0.3311697 9.0738220 -0.0126720 0.3905442 -0.0051748 0.9204824
55.044310 4.0300951 -0.3311919 9.0742884 -0.0152844 0.3900474 -0.0087368 0.9206265
55.666250 4.0308032 -0.3312440 9.0752382 -0.0159730 0.3867375 -0.0075142 0.9220209
55.977290 4.0311151 -0.3312646 9.0758133 -0.0143792 0.3869999 -0.0076475 0.9219359
56.288130 4.0314255 -0.3312938 9.0763083 -0.0187202 0.3856898 -0.0050846 0.9224246
56.702420 4.0317345 -0.3313327 9.0770826 -0.0202694 0.3873507 -0.0091668 0.9216640
56.909640 4.0318918 -0.3313528 9.0775261 -0.0191284 0.3890210 -0.0072724 0.9210016
57.531360 4.0323429 -0.3314282 9.0784826 -0.0213691 0.3866757 -0.0041107 0.9219590
57.738590 4.0324855 -0.3314359 9.0788307 -0.0211962 0.3851907 -0.0017576 0.9225919
58.153180 4.0327492 -0.3314635 9.0795164 -0.0291178 0.3832909 -0.0011153 0.9231679
58.360400 4.0328593 -0.3314709 9.0798225 -0.0270298 0.3811029 -0.0008137 0.9241371
58.567620 4.0329671 -0.3314793 9.0801668 -0.0284023 0.3795603 -0.0000305 0.9247309
58.774970 4.0330520 -0.3314922 9.0804319 -0.0317805 0.3767602 0.0004700 0.9257654
58.982460 4.0331039 -0.3314905 9.0806561 -0.0317467 0.3729498 0.0031508 0.9273029
59.189810 4.0331497 -0.3315054 9.0808372 -0.0349239 0.3680557 0.0019261 0.9291456
59.397170 4.0332599 -0.3315141 9.0811520 -0.0413733 0.3652363 -0.0010062 0.9299945
59.604650 4.0333977 -0.3315143 9.0814714 -0.0420441 0.3613056 -0.0009618 0.9314986
59.812000 4.0334311 -0.3315234 9.0817480 -0.0489417 0.3569090 -0.0044144 0.9328458
59.915740 4.0334463 -0.3315502 9.0820293 -0.0506383 0.3576111 -0.0037858 0.9324890
60.019480 4.0339170 -0.3315253 9.0821657 -0.0495491 0.3515047 -0.0024282 0.9348708
60.123100 4.0342021 -0.3315074 9.0823574 -0.0495032 0.3478321 -0.0015493 0.9362478
60.330460 4.0347409 -0.3314886 9.0827780 -0.0511423 0.3414364 -0.0006766 0.9385123
60.537830 4.0352640 -0.3314486 9.0832405 -0.0512813 0.3358994 -0.0009228 0.9405004
60.745170 4.0358129 -0.3314125 9.0837154 -0.0519464 0.3298546 0.0007696 0.9426011
60.848780 4.0360641 -0.3313932 9.0839500 -0.0514928 0.3269564 0.0013963 0.9436345
60.952400 4.0363274 -0.3313680 9.0842009 -0.0517714 0.3240881 0.0024790 0.9446060
61.159760 4.0368409 -0.3313192 9.0846910 -0.0500452 0.3180121 0.0042724 0.9467553
61.263370 4.0371065 -0.3312914 9.0849667 -0.0501572 0.3150665 0.0051070 0.9477295
61.366980 4.0373631 -0.3312576 9.0852480 -0.0509253 0.3123937 0.0065055 0.9485644
61.470630 4.0376201 -0.3312208 9.0855150 -0.0504806 0.3091174 0.0070357 0.9496571
61.574220 4.0378742 -0.3311852 9.0857897 -0.0493434 0.3058073 0.0078968 0.9507811
61.677850 4.0381274 -0.3311477 9.0860500 -0.0473809 0.3017771 0.0089335 0.9521585
61.784120 4.0383563 -0.3311120 9.0862894 -0.0472649 0.2981364 0.0098906 0.9533011
61.885240 4.0385208 -0.3310830 9.0864840 -0.0479399 0.2959978 0.0095732 0.9539368
61.988910 4.0386958 -0.3310532 9.0866833 -0.0486456 0.2932642 0.0100360 0.9547403
62.092420 4.0388846 -0.3310307 9.0869322 -0.0496109 0.2910064 0.0098806 0.9553829
62.300010 4.0392709 -0.3309845 9.0874100 -0.0490413 0.2850308 0.0096736 0.9572141
62.403410 4.0394616 -0.3309582 9.0876646 -0.0483613 0.2821009 0.0099059 0.9581138
62.611050 4.0398088 -0.3309056 9.0881443 -0.0471571 0.2762174 0.0105619 0.9598795
62.817730 4.0401487 -0.3308485 9.0886354 -0.0446469 0.2702958 0.0096224 0.9616934
63.024960 4.0404687 -0.3307875 9.0891237 -0.0431315 0.2644655 0.0060766 0.9634110
63.232210 4.0407133 -0.3307618 9.0894909 -0.0434703 0.2600758 0.0069953 0.9645838
63.439300 4.0409627 -0.3307204 9.0898962 -0.0430926 0.2554798 0.0055214 0.9658378
63.646520 4.0411963 -0.3306835 9.0902872 -0.0417974 0.2504390 0.0053606 0.9672148
63.853630 4.0414195 -0.3306524 9.0906658 -0.0396922 0.2449732 0.0049238 0.9687045
64.060730 4.0416360 -0.3306251 9.0910425 -0.0382770 0.2394442 0.0055324 0.9701396
64.267970 4.0418487 -0.3305951 9.0914297 -0.0388063 0.2342858 0.0057013 0.9713762
64.371580 4.0419521 -0.3305796 9.0916233 -0.0377678 0.2319295 0.0053866 0.9719842
64.475200 4.0420537 -0.3305657 9.0918188 -0.0370414 0.2296710 0.0049588 0.9725506
64.682580 4.0422559 -0.3305404 9.0922184 -0.0355375 0.2247757 0.0059929 0.9737439
64.889620 4.0424600 -0.3305172 9.0926361 -0.0354526 0.2197266 0.0073770 0.9748892
65.096770 4.0426607 -0.3304908 9.0930796 -0.0359895 0.2146375 0.0068621 0.9760063
65.304130 4.0428505 -0.3304679 9.0935154 -0.0369441 0.2091717 0.0068196 0.9771570
65.511370 4.0430045 -0.3304424 9.0938988 -0.0363509 0.2049434 0.0072137 0.9780720
65.719300 4.0430951 -0.3304283 9.0941257 -0.0320429 0.2025620 0.0054516 0.9787298
65.926080 4.0431795 -0.3304192 9.0944004 -0.0282341 0.2001374 0.0055975 0.9793450
66.133430 4.0432639 -0.3304152 9.0946321 -0.0303626 0.1977088 0.0067098 0.9797675
66.340900 4.0433121 -0.3304206 9.0948944 -0.0341859 0.1967099 0.0072225 0.9798390
66.548250 4.0433946 -0.3304119 9.0951700 -0.0349520 0.1946884 0.0084772 0.9802055
66.755490 4.0435019 -0.3304010 9.0954542 -0.0334817 0.1908582 0.0107505 0.9809875
66.962720 4.0436020 -0.3303986 9.0957603 -0.0329205 0.1873981 0.0124062 0.9816539
67.169960 4.0436707 -0.3303950 9.0960588 -0.0346171 0.1846908 0.0147482 0.9820761
67.377190 4.0437632 -0.3303915 9.0963850 -0.0345481 0.1813959 0.0185230 0.9826285
67.480800 4.0438170 -0.3303849 9.0965548 -0.0338805 0.1791824 0.0197464 0.9830340
67.687910 4.0439315 -0.3303736 9.0969000 -0.0322381 0.1739419 0.0230684 0.9839577
67.895140 4.0440083 -0.3303743 9.0972576 -0.0331955 0.1703114 0.0267071 0.9844688
68.102260 4.0441122 -0.3303806 9.0976553 -0.0355635 0.1647245 0.0309791 0.9852113
68.205860 4.0441604 -0.3303774 9.0978527 -0.0353803 0.1620975 0.0330473 0.9855864
68.309500 4.0442147 -0.3303729 9.0980597 -0.0358544 0.1587766 0.0343942 0.9860637
68.516600 4.0443039 -0.3303678 9.0984964 -0.0365285 0.1528727 0.0374315 0.9868609
68.723700 4.0444055 -0.3304493 9.0989828 -0.0414094 0.1455398 0.0440909 0.9875016
68.930920 4.0445366 -0.3305095 9.0995035 -0.0498788 0.1353830 0.0529665 0.9881185
69.034420 4.0445538 -0.3305261 9.0997849 -0.0526558 0.1320728 0.0557947 0.9882667
69.138040 4.0446010 -0.3305016 9.1000471 -0.0508927 0.1277671 0.0548946 0.9889753
69.241640 4.0445418 -0.3305103 9.0999718 -0.0492538 0.1321979 0.0513232 0.9886676
69.448870 4.0445518 -0.3305121 9.0999765 -0.0496836 0.1334536 0.0532883 0.9883735
69.552530 4.0445356 -0.3305184 9.0999460 -0.0505213 0.1352131 0.0537698 0.9880657
69.656100 4.0445323 -0.3305159 9.0999460 -0.0502279 0.1351861 0.0536518 0.9880908
69.759720 4.0445442 -0.3305146 9.0999813 -0.0509917 0.1348941 0.0543548 0.9880531
70.277680 4.0445638 -0.3305062 9.1000614 -0.0507908 0.1357511 0.0530787 0.9880155
70.899760 4.0445499 -0.3305085 9.1001062 -0.0490256 0.1391043 0.0530707 0.9876386
71.003350 4.0445504 -0.3305077 9.1001167 -0.0479834 0.1394983 0.0524973 0.9876648
71.107200 4.0445476 -0.3305085 9.1001253 -0.0484545 0.1401255 0.0520873 0.9875748
71.314340 4.0445461 -0.3305085 9.1001453 -0.0492485 0.1410767 0.0514196 0.9874350
71.521800 4.0445428 -0.3305090 9.1001663 -0.0498870 0.1421881 0.0514733 0.9872407
71.729150 4.0445423 -0.3305078 9.1001949 -0.0498351 0.1439814 0.0520926 0.9869509
71.936530 4.0445437 -0.3305071 9.1002064 -0.0499310 0.1440550 0.0529418 0.9868902
72.351370 4.0445504 -0.3305051 9.1002226 -0.0473458 0.1407764 0.0529936 0.9874877
72.558610 4.0445547 -0.3305041 9.1002369 -0.0472797 0.1400294 0.0528926 0.9876025
72.869690 4.0445600 -0.3305025 9.1002598 -0.0467290 0.1394485 0.0518494 0.9877663
72.973420 4.0445628 -0.3305020 9.1002626 -0.0461852 0.1382920 0.0516626 0.9879642
73.180810 4.0445647 -0.3305007 9.1002836 -0.0457578 0.1389127 0.0517732 0.9878912
73.491740 4.0445695 -0.3304994 9.1003084 -0.0465342 0.1387768 0.0508170 0.9879237
73.698980 4.0445747 -0.3304974 9.1003265 -0.0458036 0.1381384 0.0516511 0.9880040
74.010090 4.0445852 -0.3304939 9.1003399 -0.0462082 0.1346706 0.0507753 0.9885092
74.217430 4.0445929 -0.3304910 9.1003571 -0.0463877 0.1333172 0.0514216 0.9886509
74.424700 4.0446019 -0.3304892 9.1003780 -0.0466192 0.1323991 0.0511186 0.9887791
74.735780 4.0446076 -0.3304873 9.1003904 -0.0456365 0.1297479 0.0514668 0.9891582
74.942980 4.0446110 -0.3304861 9.1004047 -0.0457729 0.1291700 0.0510970 0.9892467
75.150340 4.0446148 -0.3304849 9.1004190 -0.0463374 0.1288695 0.0507967 0.9892751
75.357700 4.0446186 -0.3304835 9.1004343 -0.0472222 0.1290310 0.0510126 0.9892011
75.565050 4.0446224 -0.3304820 9.1004496 -0.0477937 0.1288924 0.0506800 0.9892088
75.772410 4.0446262 -0.3304806 9.1004629 -0.0473344 0.1286843 0.0505024 0.9892671
76.186870 4.0446339 -0.3304778 9.1004925 -0.0467055 0.1276451 0.0513208 0.9893895
76.808450 4.0446448 -0.3304738 9.1005335 -0.0471911 0.1251993 0.0521501 0.9896355
77.222770 4.0446520 -0.3304710 9.1005621 -0.0486897 0.1238140 0.0522999 0.9897293
77.533630 4.0446577 -0.3304690 9.1005831 -0.0465029 0.1224604 0.0522293 0.9900066
77.740860 4.0446610 -0.3304676 9.1005964 -0.0497649 0.1216356 0.0526987 0.9899248
77.948260 4.0446644 -0.3304662 9.1006117 -0.0489920 0.1210508 0.0521573 0.9900637
78.155450 4.0446672 -0.3304649 9.1006250 -0.0476819 0.1202665 0.0529638 0.9901804
78.362800 4.0446706 -0.3304636 9.1006384 -0.0486958 0.1194781 0.0526071 0.9902455
78.570050 4.0446744 -0.3304622 9.1006527 -0.0497758 0.1198444 0.0518620 0.9901869
78.984610 4.0446806 -0.3304596 9.1006804 -0.0498671 0.1213089 0.0515358 0.9900210
79.191840 4.0446839 -0.3304583 9.1006937 -0.0499837 0.1218244 0.0510345 0.9899777
79.502830 4.0446887 -0.3304563 9.1007128 -0.0499740 0.1226623 0.0516307 0.9898438
79.710070 4.0446920 -0.3304547 9.1007261 -0.0498849 0.1235118 0.0519032 0.9897285
80.021040 4.0446973 -0.3304529 9.1007471 -0.0511545 0.1263384 0.0509712 0.9893552
80.331990 4.0447025 -0.3304508 9.1007681 -0.0524035 0.1303049 0.0505494 0.9887969
80.642960 4.0447073 -0.3304487 9.1007872 -0.0523248 0.1344337 0.0494319 0.9883047
80.850320 4.0447116 -0.3304475 9.1007996 -0.0527200 0.1371621 0.0491101 0.9879248
81.057690 4.0447154 -0.3304461 9.1008129 -0.0543100 0.1393911 0.0497133 0.9874964
83.130480 4.0447593 -0.3304308 9.1009359 -0.0563879 0.1384765 0.0524888 0.9873649
83.752550 4.0447721 -0.3304267 9.1009731 -0.0520395 0.1292145 0.0546768 0.9887396
84.063650 4.0447745 -0.3304245 9.1009912 -0.0535699 0.1263586 0.0542924 0.9890481
84.375100 4.0447788 -0.3304225 9.1010094 -0.0543503 0.1238711 0.0549621 0.9892831
84.996840 4.0447879 -0.3304183 9.1010456 -0.0547672 0.1224302 0.0520455 0.9895972
85.307680 4.0447922 -0.3304165 9.1010647 -0.0541915 0.1224017 0.0518031 0.9896452
85.618780 4.0447989 -0.3304143 9.1010828 -0.0555590 0.1204768 0.0535244 0.9897140
86.240760 4.0448084 -0.3304104 9.1011181 -0.0559261 0.1165709 0.0546746 0.9900981
87.485350 4.0448246 -0.3304020 9.1011887 -0.0569375 0.1069624 0.0539513 0.9911641
87.796300 4.0448275 -0.3304005 9.1012058 -0.0577183 0.1070280 0.0582342 0.9908695
88.107400 4.0448318 -0.3303983 9.1012230 -0.0582357 0.1073563 0.0568999 0.9908813
88.418530 4.0448356 -0.3303964 9.1012392 -0.0582297 0.1078043 0.0541896 0.9909849
89.248170 4.0448456 -0.3303911 9.1012831 -0.0627371 0.1111845 0.0571678 0.9901686
89.455530 4.0448480 -0.3303898 9.1012936 -0.0615634 0.1122501 0.0604741 0.9899256
90.077600 4.0448561 -0.3303855 9.1013241 -0.0599959 0.1167763 0.0685253 0.9889733
90.285080 4.0448585 -0.3303843 9.1013346 -0.0598648 0.1188476 0.0717286 0.9885072
90.492430 4.0448608 -0.3303831 9.1013441 -0.0594867 0.1218466 0.0734952 0.9880350
90.699910 4.0448632 -0.3303815 9.1013536 -0.0603952 0.1274595 0.0741869 0.9872197
90.907270 4.0448661 -0.3303807 9.1013622 -0.0608991 0.1346348 0.0749609 0.9861773
91.114650 4.0448685 -0.3303796 9.1013708 -0.0608594 0.1449213 0.0734427 0.9848351
91.322130 4.0448709 -0.3303784 9.1013794 -0.0609919 0.1591624 0.0727440 0.9826778
91.529590 4.0448737 -0.3303774 9.1013870 -0.0616073 0.1748948 0.0745309 0.9798273
91.736950 4.0448766 -0.3303763 9.1013956 -0.0622886 0.1917668 0.0763907 0.9764784
92.151900 4.0448837 -0.3303737 9.1014109 -0.0637440 0.2300842 0.0768099 0.9680383
93.396540 4.0449123 -0.3303655 9.1014490 -0.0711753 0.3700534 0.0708646 0.9235653
93.811380 4.0449238 -0.3303637 9.1014566 -0.0755101 0.4173589 0.0674424 0.9030843
94.018900 4.0449309 -0.3303626 9.1014605 -0.0758873 0.4418741 0.0655858 0.8914521
94.226290 4.0449381 -0.3303615 9.1014633 -0.0787889 0.4653764 0.0635342 0.8793068
95.470470 4.0449853 -0.3303558 9.1014805 -0.0848700 0.6000227 0.0547858 0.7935795
96.507130 4.0450301 -0.3303484 9.1014919 -0.0866158 0.7039476 0.0437745 0.7035903
96.818220 4.0450439 -0.3303460 9.1014938 -0.0857606 0.7341096 0.0392148 0.6724511
97.129320 4.0450583 -0.3303434 9.1014919 -0.0860042 0.7625800 0.0361076 0.6401339
97.647900 4.0450802 -0.3303403 9.1014862 -0.0863345 0.8080441 0.0285050 0.5820641
98.062740 4.0450983 -0.3303379 9.1014786 -0.0854152 0.8413282 0.0238702 0.5331991
98.270110 4.0451059 -0.3303367 9.1014748 -0.0846018 0.8568361 0.0204702 0.5081884
98.477450 4.0451140 -0.3303358 9.1014690 -0.0844113 0.8717630 0.0185081 0.4822463
99.203130 4.0451403 -0.3303332 9.1014490 -0.0812321 0.9170585 0.0087081 0.3902939
99.410360 4.0451469 -0.3303326 9.1014423 -0.0801190 0.9275661 0.0056165 0.3649254
99.513970 4.0451498 -0.3303323 9.1014376 -0.0793420 0.9324411 0.0047038 0.3524718
99.928690 4.0451622 -0.3303314 9.1014223 -0.0761687 0.9491967 0.0000472 0.3053261
100.343500 4.0451732 -0.3303308 9.1014061 -0.0756564 0.9622242 -0.0035051 0.2615117
100.447100 4.0451760 -0.3303307 9.1014013 -0.0746380 0.9649079 -0.0044275 0.2517187
100.550800 4.0451789 -0.3303305 9.1013975 -0.0733873 0.9673425 -0.0046980 0.2425711
100.654400 4.0451808 -0.3303306 9.1013927 -0.0727916 0.9694394 -0.0053651 0.2342220
100.758000 4.0451837 -0.3303303 9.1013880 -0.0713857 0.9713097 -0.0065411 0.2267573
101.276200 4.0451946 -0.3303303 9.1013641 -0.0674537 0.9784491 -0.0098799 0.1949095
101.483400 4.0451980 -0.3303305 9.1013546 -0.0677341 0.9803889 -0.0110203 0.1847380
101.587000 4.0451994 -0.3303305 9.1013508 -0.0670971 0.9811623 -0.0105129 0.1808535
101.690600 4.0452013 -0.3303306 9.1013451 -0.0672910 0.9817630 -0.0101662 0.1775105
101.794300 4.0452032 -0.3303306 9.1013403 -0.0660243 0.9823053 -0.0104108 0.1749532
101.897900 4.0452056 -0.3303304 9.1013355 -0.0657865 0.9827914 -0.0105144 0.1722864
102.001600 4.0452070 -0.3303306 9.1013308 -0.0660140 0.9832380 -0.0102194 0.1696489
102.105200 4.0452089 -0.3303306 9.1013260 -0.0664957 0.9836075 -0.0105514 0.1672821
102.208900 4.0452104 -0.3303307 9.1013203 -0.0663443 0.9839991 -0.0105278 0.1650254
102.312600 4.0452118 -0.3303308 9.1013155 -0.0664700 0.9842514 -0.0103317 0.1634753
102.520000 4.0452156 -0.3303311 9.1013050 -0.0660607 0.9847128 -0.0108197 0.1608092
102.727300 4.0452194 -0.3303312 9.1012955 -0.0657432 0.9850398 -0.0113195 0.1588907
102.830900 4.0452213 -0.3303313 9.1012897 -0.0655959 0.9851646 -0.0113565 0.1581738
103.245700 4.0452290 -0.3303314 9.1012678 -0.0654233 0.9855313 -0.0107239 0.1559899
103.349400 4.0452304 -0.3303316 9.1012621 -0.0655631 0.9856442 -0.0103414 0.1552420
103.556700 4.0452337 -0.3303318 9.1012516 -0.0659713 0.9857994 -0.0107816 0.1540489
103.764100 4.0452375 -0.3303319 9.1012411 -0.0661247 0.9859769 -0.0104005 0.1528690
103.971300 4.0452404 -0.3303320 9.1012306 -0.0664439 0.9861631 -0.0103455 0.1515275
104.386000 4.0452476 -0.3303322 9.1012096 -0.0668104 0.9865293 -0.0139065 0.1486706
104.593400 4.0452514 -0.3303325 9.1012001 -0.0660033 0.9870616 -0.0138106 0.1454727
104.800900 4.0452547 -0.3303327 9.1011906 -0.0670701 0.9878493 -0.0140963 0.1394870
105.008400 4.0452571 -0.3303329 9.1011810 -0.0675689 0.9889853 -0.0151755 0.1308138
105.215900 4.0452600 -0.3303334 9.1011705 -0.0673192 0.9903793 -0.0156789 0.1198792
105.423200 4.0452628 -0.3303335 9.1011610 -0.0679269 0.9919770 -0.0166979 0.1053030
105.630700 4.0452647 -0.3303341 9.1011505 -0.0675550 0.9936536 -0.0195889 0.0877788
105.838100 4.0452662 -0.3303344 9.1011400 -0.0658019 0.9952550 -0.0225183 0.0680481
106.253100 4.0452685 -0.3303357 9.1011209 -0.0632018 0.9974447 -0.0266938 0.0199259
106.460800 4.0452685 -0.3303362 9.1011114 -0.0611526 0.9976403 -0.0300766 -0.0083479
106.668200 4.0452681 -0.3303370 9.1011019 -0.0576845 0.9970613 -0.0335947 -0.0375846
106.875700 4.0452671 -0.3303379 9.1010923 -0.0538086 0.9955811 -0.0355627 -0.0682509
107.083200 4.0452657 -0.3303390 9.1010828 -0.0518138 0.9927537 -0.0372938 -0.1018063
107.290500 4.0452633 -0.3303399 9.1010733 -0.0506656 0.9884267 -0.0414000 -0.1368633
107.809100 4.0452557 -0.3303428 9.1010513 -0.0438631 0.9723554 -0.0482550 -0.2242150
108.016400 4.0452509 -0.3303440 9.1010427 -0.0418634 0.9634537 -0.0512329 -0.2595758
108.223900 4.0452461 -0.3303453 9.1010351 -0.0398098 0.9534851 -0.0559369 -0.2935172
108.431200 4.0452414 -0.3303467 9.1010284 -0.0368327 0.9422573 -0.0600283 -0.3274004
108.845900 4.0452285 -0.3303496 9.1010141 -0.0324399 0.9168538 -0.0694867 -0.3917888
109.053200 4.0452218 -0.3303510 9.1010084 -0.0287249 0.9040310 -0.0715199 -0.4204614
109.260500 4.0452147 -0.3303522 9.1010027 -0.0257929 0.8907287 -0.0743790 -0.4476661
109.364400 4.0452108 -0.3303534 9.1009998 -0.0242181 0.8836223 -0.0770841 -0.4611759
109.467900 4.0452065 -0.3303541 9.1009970 -0.0229376 0.8763370 -0.0800231 -0.4744509
109.571600 4.0452032 -0.3303549 9.1009951 -0.0225395 0.8688402 -0.0801050 -0.4880491
109.675300 4.0451989 -0.3303556 9.1009932 0.0205553 -0.8608136 0.0791221 0.5023118
109.779100 4.0451951 -0.3303563 9.1009903 0.0201061 -0.8523241 0.0781140 0.5167568
109.882700 4.0451908 -0.3303575 9.1009884 0.0214396 -0.8426107 0.0817565 0.5318491
110.090100 4.0451822 -0.3303590 9.1009846 0.0248226 -0.8233446 0.0880302 0.5601234
110.193900 4.0451779 -0.3303598 9.1009827 0.0213215 -0.8142561 0.0875614 0.5734679
110.712500 4.0451550 -0.3303641 9.1009760 0.0139780 -0.7627933 0.0932760 0.6397269
110.816200 4.0451512 -0.3303647 9.1009760 0.0139613 -0.7519557 0.0945972 0.6522415
110.920000 4.0451450 -0.3303661 9.1009741 0.0136064 -0.7406896 0.0945712 0.6650189
111.645800 4.0451159 -0.3303712 9.1009750 0.0068449 -0.6646158 0.0930027 0.7413430
111.749400 4.0451140 -0.3303717 9.1009760 0.0052814 -0.6549878 0.0927373 0.7499086
111.956600 4.0451059 -0.3303731 9.1009760 0.0037913 -0.6361885 0.0937610 0.7658059
112.060200 4.0451007 -0.3303740 9.1009769 0.0027015 -0.6294330 0.0952929 0.7711848
112.681700 4.0450850 -0.3303766 9.1009865 -0.0028159 -0.5984879 0.0939177 0.7956028
112.889800 4.0450826 -0.3303769 9.1009893 -0.0043341 -0.5952484 0.0919328 0.7982537
113.096000 4.0450807 -0.3303775 9.1009912 -0.0043682 -0.5939557 0.0885906 0.7995932
113.407300 4.0450764 -0.3303783 9.1009960 -0.0060767 -0.5955518 0.0833408 0.7989590
113.510500 4.0450745 -0.3303788 9.1009979 -0.0071206 -0.5940927 0.0829580 0.8000757
113.717900 4.0450716 -0.3303792 9.1010008 -0.0058487 -0.5948786 0.0810457 0.7996979
113.925200 4.0450687 -0.3303798 9.1010027 -0.0052724 -0.5949063 0.0786478 0.7999207
