-1.097967e-01 -5.360682e-03 9.939396e-01 3.511473e+01 9.798071e-02 9.950566e-01 1.619026e-02 -9.007201e-01 -9.891129e-01 9.916453e-02 -1.087287e-01 2.058533e+01
-1.194554e-01 -2.512059e-03 9.928364e-01 3.630912e+01 9.905114e-02 9.949776e-01 1.443504e-02 -8.891584e-01 -9.878862e-01 1.000659e-01 -1.186066e-01 2.043698e+01
-1.270885e-01 -1.278670e-03 9.918906e-01 3.752680e+01 9.888957e-02 9.950006e-01 1.395315e-02 -8.781568e-01 -9.869495e-01 9.986090e-02 -1.263266e-01 2.027890e+01
-1.329871e-01 -7.149781e-04 9.911175e-01 3.876733e+01 9.839198e-02 9.950504e-01 1.391994e-02 -8.670199e-01 -9.862218e-01 9.936917e-02 -1.322585e-01 2.011085e+01
-1.381591e-01 8.940047e-04 9.904097e-01 4.002403e+01 9.941083e-02 9.949619e-01 1.296938e-02 -8.564479e-01 -9.854083e-01 1.002493e-01 -1.375519e-01 1.993253e+01
-1.426852e-01 2.815813e-03 9.897642e-01 4.130550e+01 9.869170e-02 9.950528e-01 1.139661e-02 -8.460362e-01 -9.848354e-01 9.930761e-02 -1.422571e-01 1.974648e+01
-1.468253e-01 3.917606e-03 9.891547e-01 4.260679e+01 9.897322e-02 9.950320e-01 1.075021e-02 -8.375480e-01 -9.841984e-01 9.947820e-02 -1.464836e-01 1.955065e+01
-1.499193e-01 3.009372e-03 9.886937e-01 4.393278e+01 9.873932e-02 9.950416e-01 1.194351e-02 -8.295496e-01 -9.837554e-01 9.941348e-02 -1.494731e-01 1.934786e+01
-1.522300e-01 5.817954e-04 9.883450e-01 4.528137e+01 9.933371e-02 9.949454e-01 1.471420e-02 -8.187903e-01 -9.833406e-01 1.004159e-01 -1.515183e-01 1.913753e+01
-1.545076e-01 -3.897853e-04 9.879916e-01 4.664850e+01 9.937378e-02 9.949226e-01 1.593314e-02 -8.059921e-01 -9.829813e-01 1.006422e-01 -1.536843e-01 1.892231e+01
-1.565155e-01 3.425744e-04 9.876755e-01 4.803559e+01 1.016061e-01 9.946999e-01 1.575634e-02 -7.907530e-01 -9.824353e-01 1.028199e-01 -1.557207e-01 1.869944e+01
-1.575241e-01 8.739825e-04 9.875148e-01 4.944201e+01 1.013351e-01 9.947349e-01 1.528416e-02 -7.765930e-01 -9.823020e-01 1.024775e-01 -1.567833e-01 1.847318e+01
-1.580662e-01 1.736308e-03 9.874270e-01 5.087125e+01 1.033930e-01 9.945304e-01 1.480223e-02 -7.612088e-01 -9.820004e-01 1.044328e-01 -1.573812e-01 1.823994e+01
-1.581475e-01 2.246276e-03 9.874130e-01 5.231634e+01 1.029209e-01 9.945878e-01 1.422156e-02 -7.488661e-01 -9.820370e-01 1.038745e-01 -1.575227e-01 1.800571e+01
-1.576227e-01 3.491308e-03 9.874933e-01 5.378414e+01 1.029740e-01 9.946001e-01 1.292016e-02 -7.385593e-01 -9.821158e-01 1.037226e-01 -1.571310e-01 1.776822e+01
-1.564353e-01 3.535458e-03 9.876819e-01 5.527561e+01 1.033158e-01 9.945662e-01 1.280369e-02 -7.282464e-01 -9.822697e-01 1.040460e-01 -1.559505e-01 1.752865e+01
-1.549453e-01 2.303011e-03 9.879204e-01 5.678690e+01 1.024081e-01 9.946475e-01 1.374297e-02 -7.193216e-01 -9.826009e-01 1.033004e-01 -1.543518e-01 1.728947e+01
-1.538084e-01 3.054216e-03 9.880960e-01 5.831970e+01 1.033843e-01 9.945563e-01 1.301875e-02 -7.090229e-01 -9.826773e-01 1.041560e-01 -1.532869e-01 1.704698e+01
-1.525997e-01 3.933834e-03 9.882803e-01 5.987004e+01 1.033114e-01 9.945767e-01 1.199334e-02 -6.982294e-01 -9.828733e-01 1.039308e-01 -1.521785e-01 1.680555e+01
-1.516316e-01 4.600354e-03 9.884264e-01 6.144932e+01 1.043179e-01 9.944789e-01 1.137458e-02 -6.898538e-01 -9.829169e-01 1.048353e-01 -1.512744e-01 1.656009e+01
-1.496365e-01 2.801779e-03 9.887371e-01 6.466146e+01 1.056381e-01 9.943174e-01 1.316978e-02 -6.742945e-01 -9.830816e-01 1.064190e-01 -1.490821e-01 1.606555e+01
-1.481741e-01 1.587223e-03 9.889600e-01 6.793358e+01 1.084503e-01 9.939938e-01 1.465361e-02 -6.566595e-01 -9.829969e-01 1.094243e-01 -1.474563e-01 1.556429e+01
-1.471094e-01 3.907489e-03 9.891125e-01 6.959146e+01 1.108431e-01 9.937585e-01 1.255970e-02 -6.495479e-01 -9.828899e-01 1.114840e-01 -1.466243e-01 1.531065e+01
-1.462604e-01 3.233250e-03 9.892409e-01 7.294957e+01 1.105105e-01 9.937887e-01 1.309099e-02 -6.411509e-01 -9.830540e-01 1.112362e-01 -1.457092e-01 1.480708e+01
-1.456358e-01 1.966691e-03 9.893363e-01 7.637583e+01 1.116862e-01 9.936382e-01 1.446557e-02 -6.266393e-01 -9.830139e-01 1.126019e-01 -1.449289e-01 1.429583e+01
-1.456043e-01 3.177492e-03 9.893378e-01 7.986417e+01 1.128566e-01 9.935207e-01 1.341856e-02 -6.121849e-01 -9.828849e-01 1.136071e-01 -1.450194e-01 1.377611e+01
-1.470604e-01 4.142622e-03 9.891189e-01 8.340315e+01 1.112117e-01 9.937197e-01 1.237285e-02 -6.037449e-01 -9.828556e-01 1.118211e-01 -1.465975e-01 1.324930e+01
-1.492423e-01 4.338053e-03 9.887912e-01 8.700538e+01 1.094671e-01 9.939160e-01 1.216177e-02 -5.994816e-01 -9.827226e-01 1.100551e-01 -1.488091e-01 1.270711e+01
-1.506723e-01 2.811838e-03 9.885798e-01 9.066661e+01 1.070118e-01 9.941663e-01 1.348224e-02 -5.892579e-01 -9.827748e-01 1.078211e-01 -1.500942e-01 1.214861e+01
-1.546860e-01 5.230309e-03 9.879499e-01 9.438417e+01 1.057142e-01 9.943325e-01 1.128785e-02 -5.761580e-01 -9.822915e-01 1.061864e-01 -1.543622e-01 1.156935e+01
-1.632049e-01 4.743000e-03 9.865808e-01 9.815387e+01 1.041819e-01 9.944803e-01 1.245328e-02 -5.670654e-01 -9.810760e-01 1.048163e-01 -1.627982e-01 1.095901e+01
-1.727782e-01 4.875200e-03 9.849487e-01 1.019553e+02 1.009596e-01 9.948083e-01 1.278618e-02 -5.641477e-01 -9.797728e-01 1.016492e-01 -1.723734e-01 1.030991e+01
-1.820546e-01 7.979443e-03 9.832561e-01 1.057910e+02 1.011783e-01 9.948112e-01 1.066042e-02 -5.643553e-01 -9.780690e-01 1.014249e-01 -1.819173e-01 9.611618e+00
-1.918873e-01 7.633132e-03 9.813873e-01 1.096683e+02 9.794174e-02 9.951267e-01 1.141021e-02 -5.717942e-01 -9.765176e-01 9.830823e-02 -1.916997e-01 8.871585e+00
-1.972643e-01 7.480826e-03 9.803218e-01 1.116206e+02 9.606302e-02 9.953061e-01 1.173501e-02 -5.733449e-01 -9.756324e-01 9.648755e-02 -1.970570e-01 8.486629e+00
-2.084031e-01 6.469213e-03 9.780216e-01 1.155478e+02 9.502287e-02 9.953813e-01 1.366404e-02 -5.705380e-01 -9.734160e-01 9.578203e-02 -2.080553e-01 7.674193e+00
-2.195383e-01 8.856306e-03 9.755637e-01 1.194963e+02 9.521901e-02 9.953792e-01 1.239164e-02 -5.658779e-01 -9.709460e-01 9.561263e-02 -2.193671e-01 6.808278e+00
-2.254576e-01 8.853206e-03 9.742128e-01 1.214861e+02 9.566882e-02 9.953271e-01 1.309511e-02 -5.645652e-01 -9.695444e-01 9.615416e-02 -2.252510e-01 6.351224e+00
-2.414041e-01 9.719218e-03 9.703760e-01 1.274889e+02 9.294890e-02 9.955840e-01 1.315154e-02 -5.591517e-01 -9.659630e-01 9.337020e-02 -2.412414e-01 4.911013e+00
-2.458159e-01 9.821942e-03 9.692668e-01 1.295004e+02 9.457506e-02 9.954207e-01 1.389822e-02 -5.556139e-01 -9.646917e-01 9.508485e-02 -2.456191e-01 4.402279e+00
-2.532929e-01 9.879226e-03 9.673392e-01 1.335486e+02 9.768544e-02 9.950979e-01 1.541572e-02 -5.427542e-01 -9.624449e-01 9.839963e-02 -2.530163e-01 3.348158e+00
-2.597614e-01 1.013191e-02 9.656197e-01 1.376250e+02 9.708426e-02 9.951527e-01 1.567485e-02 -5.295973e-01 -9.607802e-01 9.781817e-02 -2.594859e-01 2.257989e+00
-2.681714e-01 1.125920e-02 9.633055e-01 1.417304e+02 9.446872e-02 9.954198e-01 1.466427e-02 -5.179993e-01 -9.587282e-01 9.493475e-02 -2.680067e-01 1.132152e+00
-2.726489e-01 1.108767e-02 9.620497e-01 1.437927e+02 9.357615e-02 9.954984e-01 1.504669e-02 -5.127373e-01 -9.575521e-01 9.412736e-02 -2.724590e-01 5.515872e-01
-2.772301e-01 1.132109e-02 9.607369e-01 1.458618e+02 9.373713e-02 9.954791e-01 1.531828e-02 -5.061993e-01 -9.562200e-01 9.430339e-02 -2.770379e-01 -4.137210e-02
-2.817308e-01 1.185782e-02 9.594203e-01 1.479305e+02 9.322617e-02 9.955309e-01 1.507145e-02 -5.006247e-01 -9.549537e-01 9.368914e-02 -2.815771e-01 -6.449311e-01
-2.862852e-01 1.239653e-02 9.580643e-01 1.500068e+02 9.286516e-02 9.955677e-01 1.486782e-02 -4.959689e-01 -9.536335e-01 9.322721e-02 -2.861674e-01 -1.261108e+00
-2.904967e-01 1.139404e-02 9.568082e-01 1.520968e+02 9.253122e-02 9.955774e-01 1.623769e-02 -4.898301e-01 -9.523915e-01 9.325161e-02 -2.902662e-01 -1.892338e+00
-2.947361e-01 1.147144e-02 9.555099e-01 1.541812e+02 9.310741e-02 9.955148e-01 1.676813e-02 -4.829921e-01 -9.510318e-01 9.390720e-02 -2.944822e-01 -2.533182e+00
-2.986660e-01 1.208825e-02 9.542812e-01 1.562753e+02 9.410159e-02 9.954201e-01 1.684205e-02 -4.753909e-01 -9.497070e-01 9.482950e-02 -2.984357e-01 -3.187653e+00
-3.022573e-01 1.327702e-02 9.531339e-01 1.583734e+02 9.424427e-02 9.954202e-01 1.602063e-02 -4.676840e-01 -9.485560e-01 9.466974e-02 -3.021243e-01 -3.851462e+00
-3.058439e-01 1.542536e-02 9.519567e-01 1.604737e+02 9.475529e-02 9.953977e-01 1.431362e-02 -4.608735e-01 -9.473547e-01 9.458065e-02 -3.058979e-01 -4.525316e+00
-3.092558e-01 1.602772e-02 9.508438e-01 1.625875e+02 9.539849e-02 9.953371e-01 1.425001e-02 -4.555311e-01 -9.461818e-01 9.511594e-02 -3.093428e-01 -5.211974e+00
-3.126266e-01 1.689296e-02 9.497259e-01 1.647037e+02 9.518253e-02 9.953665e-01 1.362698e-02 -4.525483e-01 -9.450952e-01 9.465745e-02 -3.127859e-01 -5.908582e+00
-3.161339e-01 1.703662e-02 9.485616e-01 1.668257e+02 9.503047e-02 9.953788e-01 1.379400e-02 -4.495307e-01 -9.439430e-01 9.450299e-02 -3.162920e-01 -6.614701e+00
-3.201365e-01 1.695749e-02 9.472197e-01 1.689537e+02 9.501387e-02 9.953733e-01 1.429274e-02 -4.456125e-01 -9.425948e-01 9.457461e-02 -3.202665e-01 -7.331463e+00
-3.239253e-01 1.718208e-02 9.459266e-01 1.710871e+02 9.640571e-02 9.952300e-01 1.493575e-02 -4.416744e-01 -9.411579e-01 9.603078e-02 -3.240366e-01 -8.063072e+00
-3.298961e-01 1.768240e-02 9.438517e-01 1.753665e+02 9.945702e-02 9.949112e-01 1.612335e-02 -4.294089e-01 -9.387634e-01 9.919169e-02 -3.299759e-01 -9.557829e+00
-3.353595e-01 1.698544e-02 9.419371e-01 1.796714e+02 9.814417e-02 9.950270e-01 1.699965e-02 -4.118277e-01 -9.369641e-01 9.814661e-02 -3.353588e-01 -1.108560e+01
-3.416162e-01 2.028947e-02 9.396206e-01 1.839969e+02 9.708227e-02 9.951806e-01 1.380682e-02 -3.985802e-01 -9.348119e-01 9.593711e-02 -3.419395e-01 -1.264986e+01
-3.481357e-01 2.308833e-02 9.371598e-01 1.883440e+02 9.427365e-02 9.954910e-01 1.049532e-02 -4.000549e-01 -9.326918e-01 9.200325e-02 -3.487425e-01 -1.425545e+01
-3.555047e-01 2.192990e-02 9.344172e-01 1.927087e+02 9.415617e-02 9.954795e-01 1.245931e-02 -4.038655e-01 -9.299198e-01 9.241047e-02 -3.559625e-01 -1.590879e+01
-3.631389e-01 2.128419e-02 9.314919e-01 1.970930e+02 9.410306e-02 9.954648e-01 1.393979e-02 -4.021162e-01 -9.269707e-01 9.271829e-02 -3.634949e-01 -1.760738e+01
-3.666020e-01 2.143330e-02 9.301310e-01 1.992958e+02 9.312059e-02 9.955597e-01 1.376156e-02 -4.006638e-01 -9.257059e-01 9.165934e-02 -3.669700e-01 -1.847484e+01
-3.735992e-01 2.206369e-02 9.273278e-01 2.036882e+02 9.207681e-02 9.956616e-01 1.340610e-02 -4.030819e-01 -9.230089e-01 9.039387e-02 -3.740100e-01 -2.023459e+01
-3.789168e-01 2.285844e-02 9.251484e-01 2.080748e+02 9.433619e-02 9.954413e-01 1.404241e-02 -4.083230e-01 -9.206100e-01 9.259586e-02 -3.793458e-01 -2.203665e+01
-3.840978e-01 2.314782e-02 9.230022e-01 2.124744e+02 9.628035e-02 9.952396e-01 1.510660e-02 -4.051777e-01 -9.182586e-01 9.466937e-02 -3.844980e-01 -2.387896e+01
-3.893716e-01 2.450055e-02 9.207549e-01 2.168716e+02 9.604304e-02 9.952768e-01 1.413145e-02 -4.053455e-01 -9.160597e-01 9.393446e-02 -3.898856e-01 -2.574520e+01
-3.949738e-01 2.652036e-02 9.183096e-01 2.212752e+02 9.548710e-02 9.953543e-01 1.232452e-02 -4.145729e-01 -9.137165e-01 9.255456e-02 -3.956712e-01 -2.764230e+01
-4.003449e-01 2.717994e-02 9.159614e-01 2.256743e+02 9.384581e-02 9.955206e-01 1.147700e-02 -4.323730e-01 -9.115464e-01 9.055388e-02 -4.011023e-01 -2.956630e+01
-4.054481e-01 2.628911e-02 9.137400e-01 2.300656e+02 9.575560e-02 9.953085e-01 1.385312e-02 -4.485622e-01 -9.090889e-01 9.311242e-02 -4.060633e-01 -3.152450e+01
-4.116808e-01 2.580665e-02 9.109627e-01 2.344478e+02 9.367349e-02 9.955027e-01 1.413118e-02 -4.516442e-01 -9.065011e-01 9.115057e-02 -4.122467e-01 -3.350409e+01
-4.185234e-01 2.430782e-02 9.078807e-01 2.388266e+02 9.099928e-02 9.957336e-01 1.528968e-02 -4.565040e-01 -9.036356e-01 8.901555e-02 -4.189498e-01 -3.551552e+01
-4.257271e-01 2.389500e-02 9.045361e-01 2.431866e+02 8.957398e-02 9.958540e-01 1.585137e-02 -4.598154e-01 -9.004071e-01 8.777123e-02 -4.261024e-01 -3.755871e+01
-4.336948e-01 2.386280e-02 9.007439e-01 2.475244e+02 8.796735e-02 9.959953e-01 1.596872e-02 -4.614750e-01 -8.967556e-01 8.616158e-02 -4.340571e-01 -3.963198e+01
-4.410215e-01 2.505593e-02 8.971467e-01 2.518424e+02 8.852924e-02 9.959498e-01 1.570406e-02 -4.628392e-01 -8.931196e-01 8.634953e-02 -4.414534e-01 -4.174631e+01
-4.483033e-01 2.521558e-02 8.935258e-01 2.561425e+02 8.717879e-02 9.960700e-01 1.563027e-02 -4.599411e-01 -8.896201e-01 8.490359e-02 -4.487397e-01 -4.389031e+01
-4.553868e-01 2.592550e-02 8.899162e-01 2.604446e+02 8.760414e-02 9.960298e-01 1.581181e-02 -4.515860e-01 -8.859731e-01 8.516081e-02 -4.558499e-01 -4.607408e+01
-4.621008e-01 2.899750e-02 8.863532e-01 2.647340e+02 9.121464e-02 9.957186e-01 1.497936e-02 -4.443228e-01 -8.821240e-01 8.777034e-02 -4.627673e-01 -4.830007e+01
-4.678605e-01 3.190777e-02 8.832262e-01 2.690255e+02 9.402770e-02 9.954733e-01 1.384527e-02 -4.394885e-01 -8.787863e-01 8.952536e-02 -4.687428e-01 -5.056793e+01
-4.732870e-01 3.502027e-02 8.802119e-01 2.733318e+02 9.677821e-02 9.952282e-01 1.244098e-02 -4.312748e-01 -8.755760e-01 9.107347e-02 -4.744177e-01 -5.288771e+01
-4.797661e-01 3.625912e-02 8.766469e-01 2.776580e+02 9.648349e-02 9.952665e-01 1.163754e-02 -4.182424e-01 -8.720753e-01 9.016523e-02 -4.809935e-01 -5.525311e+01
-4.863612e-01 3.769826e-02 8.729443e-01 2.820168e+02 9.634686e-02 9.952903e-01 1.069788e-02 -4.105826e-01 -8.684296e-01 8.930846e-02 -4.877027e-01 -5.767414e+01
-4.891485e-01 3.754739e-02 8.713920e-01 2.841885e+02 9.474989e-02 9.954479e-01 1.029420e-02 -4.095589e-01 -8.670387e-01 8.759967e-02 -4.904794e-01 -5.889251e+01
-4.918877e-01 3.780488e-02 8.698375e-01 2.863724e+02 9.587566e-02 9.953330e-01 1.095791e-02 -4.079618e-01 -8.653637e-01 8.878629e-02 -4.932166e-01 -6.012956e+01
-4.938980e-01 3.783481e-02 8.686964e-01 2.885702e+02 9.748770e-02 9.951633e-01 1.208380e-02 -4.045488e-01 -8.640375e-01 9.065535e-02 -4.951976e-01 -6.138495e+01
-4.981567e-01 3.777312e-02 8.662639e-01 2.929827e+02 9.815975e-02 9.950850e-01 1.305774e-02 -3.908822e-01 -8.615130e-01 9.153703e-02 -4.994160e-01 -6.392341e+01
-5.004590e-01 3.710110e-02 8.649649e-01 2.951953e+02 9.755645e-02 9.951348e-01 1.376055e-02 -3.821466e-01 -8.602462e-01 9.126948e-02 -5.016436e-01 -6.520624e+01
-5.030179e-01 3.703289e-02 8.634823e-01 2.974212e+02 9.842723e-02 9.950362e-01 1.466339e-02 -3.713999e-01 -8.586531e-01 9.236610e-02 -5.041660e-01 -6.650521e+01
-5.051574e-01 3.705698e-02 8.622313e-01 2.996423e+02 9.892841e-02 9.949785e-01 1.519721e-02 -3.587114e-01 -8.573384e-01 9.297614e-02 -5.062867e-01 -6.780874e+01
-5.071269e-01 3.780852e-02 8.610417e-01 3.018763e+02 9.853901e-02 9.950298e-01 1.434445e-02 -3.470056e-01 -8.562198e-01 9.212063e-02 -5.083320e-01 -6.912560e+01
-5.093585e-01 4.004183e-02 8.596224e-01 3.041141e+02 9.794371e-02 9.951234e-01 1.168175e-02 -3.372516e-01 -8.549625e-01 9.014478e-02 -5.107963e-01 -7.045170e+01
-5.126685e-01 3.931280e-02 8.576862e-01 3.063593e+02 9.633206e-02 9.952774e-01 1.196155e-02 -3.307952e-01 -8.531654e-01 8.875497e-02 -5.140344e-01 -7.179168e+01
-5.171586e-01 3.690592e-02 8.550936e-01 3.086134e+02 9.360376e-02 9.955160e-01 1.364476e-02 -3.233356e-01 -8.507557e-01 8.709646e-02 -5.182942e-01 -7.314403e+01
-5.220571e-01 3.451451e-02 8.522120e-01 3.108714e+02 9.114758e-02 9.957166e-01 1.550971e-02 -3.126191e-01 -8.480262e-01 8.577399e-02 -5.229668e-01 -7.451245e+01
-5.268235e-01 3.309434e-02 8.493302e-01 3.131301e+02 8.979367e-02 9.958171e-01 1.689507e-02 -2.971879e-01 -8.452184e-01 8.516518e-02 -5.275914e-01 -7.590012e+01
-5.311682e-01 3.348928e-02 8.466043e-01 3.153852e+02 9.017544e-02 9.957776e-01 1.718683e-02 -2.796424e-01 -8.424540e-01 8.547199e-02 -5.319453e-01 -7.730725e+01
-5.353072e-01 3.467362e-02 8.439455e-01 3.176383e+02 9.238538e-02 9.955660e-01 1.769624e-02 -2.578412e-01 -8.395898e-01 8.744113e-02 -5.361370e-01 -7.872988e+01
-5.390292e-01 3.588530e-02 8.415223e-01 3.198954e+02 9.381170e-02 9.954336e-01 1.764160e-02 -2.381554e-01 -8.370465e-01 8.845395e-02 -5.399342e-01 -8.017271e+01
-5.426799e-01 3.583575e-02 8.391748e-01 3.221579e+02 9.420860e-02 9.953821e-01 1.841670e-02 -2.197853e-01 -8.346396e-01 8.905184e-02 -5.435499e-01 -8.163211e+01
-5.505309e-01 3.288636e-02 8.341668e-01 3.266626e+02 9.308915e-02 9.954104e-01 2.219342e-02 -1.825361e-01 -8.296084e-01 8.987002e-02 -5.510655e-01 -8.457972e+01
-5.583189e-01 3.221365e-02 8.290008e-01 3.311477e+02 9.187847e-02 9.955000e-01 2.319514e-02 -1.383913e-01 -8.245231e-01 8.911758e-02 -5.587662e-01 -8.757051e+01
-5.662656e-01 3.200649e-02 8.236012e-01 3.356133e+02 9.376371e-02 9.952604e-01 2.578962e-02 -8.455148e-02 -8.188722e-01 9.182766e-02 -5.665827e-01 -9.061426e+01
-5.699347e-01 3.105914e-02 8.211028e-01 3.378389e+02 9.197118e-02 9.954173e-01 2.618521e-02 -5.242768e-02 -8.165266e-01 9.044163e-02 -5.701793e-01 -9.215154e+01
-5.764348e-01 2.883221e-02 8.166344e-01 3.422752e+02 9.162022e-02 9.953561e-01 2.952944e-02 2.333862e-02 -8.119905e-01 9.184199e-02 -5.763994e-01 -9.526502e+01
-5.792285e-01 2.833649e-02 8.146726e-01 3.444892e+02 8.960529e-02 9.955527e-01 2.908096e-02 6.337510e-02 -8.102254e-01 8.984348e-02 -5.791916e-01 -9.683616e+01
-5.821727e-01 2.738547e-02 8.126039e-01 3.467010e+02 8.552969e-02 9.959502e-01 2.771149e-02 1.024766e-01 -8.085540e-01 8.563461e-02 -5.821572e-01 -9.841195e+01
-5.852817e-01 2.656025e-02 8.103950e-01 3.489103e+02 8.243732e-02 9.962335e-01 2.688668e-02 1.402984e-01 -8.066284e-01 8.254305e-02 -5.852667e-01 -9.999813e+01
-5.884897e-01 2.360915e-02 8.081600e-01 3.511094e+02 7.975283e-02 9.963937e-01 2.896666e-02 1.754218e-01 -8.045616e-01 8.149961e-02 -5.882502e-01 -1.015909e+02
-5.915552e-01 2.271379e-02 8.059445e-01 3.533107e+02 8.013301e-02 9.963101e-01 3.073798e-02 2.141195e-01 -8.022725e-01 8.276596e-02 -5.911925e-01 -1.032033e+02
-5.945947e-01 2.268037e-02 8.037057e-01 3.554996e+02 7.939344e-02 9.963730e-01 3.061917e-02 2.539708e-01 -8.000961e-01 8.201493e-02 -5.942387e-01 -1.048170e+02
-5.974407e-01 2.308157e-02 8.015809e-01 3.576809e+02 7.813459e-02 9.965050e-01 2.954148e-02 2.903191e-01 -7.980974e-01 8.028046e-02 -5.971561e-01 -1.064411e+02
-6.007205e-01 1.876716e-02 7.992389e-01 3.598670e+02 7.511391e-02 9.966269e-01 3.305469e-02 3.297903e-01 -7.959226e-01 7.989057e-02 -6.001039e-01 -1.080781e+02
-6.038752e-01 1.623428e-02 7.969136e-01 3.620386e+02 7.242569e-02 9.967743e-01 3.457609e-02 3.801369e-01 -7.937816e-01 7.859665e-02 -6.031030e-01 -1.097167e+02
-6.068475e-01 1.634159e-02 7.946503e-01 3.642051e+02 7.194258e-02 9.968139e-01 3.444111e-02 4.335940e-01 -7.915556e-01 7.806967e-02 -6.060897e-01 -1.113631e+02
-6.095901e-01 1.605467e-02 7.925543e-01 3.663626e+02 7.126306e-02 9.968566e-01 3.461851e-02 4.855505e-01 -7.895071e-01 7.758292e-02 -6.088179e-01 -1.130176e+02
-6.122075e-01 1.580857e-02 7.905392e-01 3.685148e+02 7.108644e-02 9.968518e-01 3.511634e-02 5.357534e-01 -7.874952e-01 7.769508e-02 -6.114039e-01 -1.146817e+02
-6.150181e-01 1.428418e-02 7.883836e-01 3.706543e+02 7.043109e-02 9.968345e-01 3.688232e-02 5.857535e-01 -7.853612e-01 7.820999e-02 -6.140773e-01 -1.163494e+02
-6.177963e-01 1.359792e-02 7.862206e-01 3.727925e+02 6.786551e-02 9.970417e-01 3.608321e-02 6.347512e-01 -7.834041e-01 7.564932e-02 -6.168915e-01 -1.180262e+02
-6.206707e-01 1.085791e-02 7.839962e-01 3.749322e+02 5.885749e-02 9.977281e-01 3.277805e-02 6.806409e-01 -7.818591e-01 6.648841e-02 -6.198996e-01 -1.197055e+02
-6.239941e-01 1.192773e-02 7.813381e-01 3.770444e+02 4.951205e-02 9.984779e-01 2.429889e-02 7.141844e-01 -7.798589e-01 5.384800e-02 -6.236348e-01 -1.213733e+02
-6.266260e-01 2.205789e-02 7.790079e-01 3.791489e+02 5.900870e-02 9.980727e-01 1.920520e-02 7.322390e-01 -7.770829e-01 5.800271e-02 -6.267199e-01 -1.230734e+02
-6.274763e-01 2.388148e-02 7.782693e-01 3.812460e+02 6.664289e-02 9.975089e-01 2.312160e-02 7.514499e-01 -7.757784e-01 6.637436e-02 -6.275047e-01 -1.247861e+02
-6.322787e-01 3.794990e-03 7.747318e-01 3.854625e+02 6.029882e-02 9.971956e-01 4.432671e-02 8.581189e-01 -7.723909e-01 7.474223e-02 -6.307344e-01 -1.282062e+02
-6.354821e-01 -2.169544e-03 7.721126e-01 3.875638e+02 5.428748e-02 9.973957e-01 4.748350e-02 9.375737e-01 -7.702048e-01 7.209095e-02 -6.337093e-01 -1.299140e+02
-6.407552e-01 2.180977e-03 7.677422e-01 3.917168e+02 5.798493e-02 9.972772e-01 4.556100e-02 1.088896e+00 -7.655524e-01 7.371091e-02 -6.391370e-01 -1.333507e+02
-6.451251e-01 1.299057e-02 7.639665e-01 3.958385e+02 6.465990e-02 9.971970e-01 3.764505e-02 1.214067e+00 -7.613361e-01 7.368375e-02 -6.441568e-01 -1.368244e+02
-6.508502e-01 1.161103e-02 7.591174e-01 3.999429e+02 6.462644e-02 9.971011e-01 4.015815e-02 1.334967e+00 -7.564505e-01 7.519598e-02 -6.497138e-01 -1.403176e+02
-6.550600e-01 1.168809e-02 7.554865e-01 4.040132e+02 6.588239e-02 9.969556e-01 4.170082e-02 1.463950e+00 -7.526991e-01 7.708978e-02 -6.538357e-01 -1.438398e+02
-6.576740e-01 1.232267e-02 7.532019e-01 4.080639e+02 6.689873e-02 9.968710e-01 4.210482e-02 1.596786e+00 -7.503263e-01 7.807948e-02 -6.564404e-01 -1.473861e+02
-6.597711e-01 1.115265e-02 7.513839e-01 4.120999e+02 6.999913e-02 9.964545e-01 4.667426e-02 1.739480e+00 -7.481993e-01 8.339053e-02 -6.582125e-01 -1.509391e+02
-6.619843e-01 1.147200e-02 7.494300e-01 4.161297e+02 7.086687e-02 9.963615e-01 4.734596e-02 1.902123e+00 -7.461600e-01 8.445202e-02 -6.603886e-01 -1.545063e+02
-6.647307e-01 1.113233e-02 7.470002e-01 4.201401e+02 6.397313e-02 9.970645e-01 4.206859e-02 2.051261e+00 -7.443390e-01 7.575220e-02 -6.634915e-01 -1.580701e+02
-6.666894e-01 8.669528e-03 7.452853e-01 4.241424e+02 6.129618e-02 9.971829e-01 4.323230e-02 2.186326e+00 -7.428109e-01 7.450564e-02 -6.653426e-01 -1.616509e+02
-6.684511e-01 6.991256e-03 7.437233e-01 4.281288e+02 5.725191e-02 9.974725e-01 4.208085e-02 2.325413e+00 -7.415493e-01 7.070856e-02 -6.671618e-01 -1.652378e+02
-6.688562e-01 4.782552e-03 7.433765e-01 4.320961e+02 5.962807e-02 9.971024e-01 4.723569e-02 2.471810e+00 -7.409965e-01 7.591998e-02 -6.672033e-01 -1.688310e+02
-6.664665e-01 2.245014e-03 7.455316e-01 4.360531e+02 6.807604e-02 9.960011e-01 5.785718e-02 2.650572e+00 -7.424204e-01 8.931269e-02 -6.639541e-01 -1.724221e+02
-6.640222e-01 7.332386e-04 7.477126e-01 4.400300e+02 5.667972e-02 9.971716e-01 4.935776e-02 2.843910e+00 -7.455615e-01 7.515477e-02 -6.621855e-01 -1.759705e+02
-6.599321e-01 -2.489415e-03 7.513212e-01 4.440392e+02 4.941883e-02 9.976851e-01 4.671333e-02 3.006852e+00 -7.496982e-01 6.795703e-02 -6.582813e-01 -1.795200e+02
-6.542341e-01 -2.031108e-03 7.562894e-01 4.480532e+02 5.211326e-02 9.974985e-01 4.775987e-02 3.192574e+00 -7.544945e-01 7.065882e-02 -6.524916e-01 -1.830447e+02
-6.502861e-01 -5.694727e-03 7.596681e-01 4.520924e+02 4.340385e-02 9.980600e-01 4.463606e-02 3.358861e+00 -7.584485e-01 6.199872e-02 -6.487773e-01 -1.865327e+02
-6.487774e-01 -1.541144e-02 7.608223e-01 4.561580e+02 2.766377e-02 9.986564e-01 4.381885e-02 3.516788e+00 -7.604753e-01 4.947588e-02 -6.474793e-01 -1.899924e+02
-6.471136e-01 -1.651054e-02 7.622149e-01 4.602152e+02 2.716600e-02 9.986312e-01 4.469530e-02 3.669483e+00 -7.619095e-01 4.962925e-02 -6.457792e-01 -1.934519e+02
-6.444217e-01 -1.938661e-02 7.644245e-01 4.642791e+02 2.790781e-02 9.984163e-01 4.884760e-02 3.835891e+00 -7.641608e-01 5.281186e-02 -6.428600e-01 -1.969059e+02
-6.425776e-01 -1.892421e-02 7.659869e-01 4.683509e+02 2.470557e-02 9.986634e-01 4.539785e-02 4.004216e+00 -7.658222e-01 4.809577e-02 -6.412512e-01 -2.003376e+02
-6.403523e-01 -1.703864e-02 7.678924e-01 4.724259e+02 2.727744e-02 9.986188e-01 4.490509e-02 4.154116e+00 -7.675968e-01 4.970120e-02 -6.390030e-01 -2.037656e+02
-6.382048e-01 -1.757702e-02 7.696660e-01 4.765113e+02 2.911652e-02 9.984730e-01 4.694565e-02 4.309712e+00 -7.693159e-01 5.237092e-02 -6.367184e-01 -2.071855e+02
-6.364662e-01 -1.871761e-02 7.710775e-01 4.806060e+02 2.856500e-02 9.984476e-01 4.781518e-02 4.471449e+00 -7.707754e-01 5.245856e-02 -6.349435e-01 -2.105886e+02
-6.352032e-01 -1.912085e-02 7.721084e-01 4.847071e+02 2.761545e-02 9.984920e-01 4.744597e-02 4.640076e+00 -7.718512e-01 5.145993e-02 -6.337172e-01 -2.139826e+02
-6.342247e-01 -1.826709e-02 7.729330e-01 4.888066e+02 2.810945e-02 9.985151e-01 4.666338e-02 4.799764e+00 -7.726376e-01 5.132177e-02 -6.327694e-01 -2.173707e+02
-6.339828e-01 -2.092726e-02 7.730640e-01 4.970247e+02 2.586268e-02 9.985009e-01 4.823971e-02 5.116707e+00 -7.729146e-01 5.057664e-02 -6.324911e-01 -2.241389e+02
-6.344122e-01 -2.200092e-02 7.726818e-01 5.011328e+02 2.608151e-02 9.984165e-01 4.984264e-02 5.267707e+00 -7.725548e-01 5.177347e-02 -6.328337e-01 -2.275274e+02
-6.349280e-01 -2.408225e-02 7.721959e-01 5.052390e+02 2.462954e-02 9.983750e-01 5.138734e-02 5.432770e+00 -7.721786e-01 5.164608e-02 -6.333031e-01 -2.309143e+02
-6.350791e-01 -2.372020e-02 7.720828e-01 5.093381e+02 2.396973e-02 9.984419e-01 5.039085e-02 5.605249e+00 -7.720751e-01 5.050878e-02 -6.335210e-01 -2.342975e+02
-6.346135e-01 -2.306910e-02 7.724854e-01 5.134454e+02 2.490848e-02 9.984245e-01 5.027928e-02 5.773309e+00 -7.724282e-01 5.114933e-02 -6.330390e-01 -2.376908e+02
-6.345169e-01 -2.292727e-02 7.725689e-01 5.175493e+02 2.443340e-02 9.984653e-01 4.969846e-02 5.942483e+00 -7.725227e-01 5.041099e-02 -6.329829e-01 -2.410762e+02
-6.342276e-01 -2.435609e-02 7.727627e-01 5.216574e+02 2.402674e-02 9.984000e-01 5.118716e-02 6.115358e+00 -7.727729e-01 5.103127e-02 -6.326276e-01 -2.444639e+02
-6.335759e-01 -2.408283e-02 7.733057e-01 5.278159e+02 2.550849e-02 9.983218e-01 5.198975e-02 6.392878e+00 -7.732599e-01 5.266529e-02 -6.318982e-01 -2.495367e+02
-6.331693e-01 -2.508594e-02 7.736068e-01 5.339814e+02 2.469044e-02 9.983114e-01 5.258073e-02 6.677372e+00 -7.736194e-01 5.239318e-02 -6.314807e-01 -2.546036e+02
-6.335756e-01 -2.797597e-02 7.731749e-01 5.401536e+02 2.391813e-02 9.981601e-01 5.571629e-02 6.964906e+00 -7.733110e-01 5.379337e-02 -6.317407e-01 -2.596746e+02
-6.343956e-01 -2.556962e-02 7.725856e-01 5.463253e+02 2.211949e-02 9.984430e-01 5.120768e-02 7.265256e+00 -7.726920e-01 4.957512e-02 -6.328422e-01 -2.647478e+02
-6.344310e-01 -2.582120e-02 7.725481e-01 5.586591e+02 2.523755e-02 9.982171e-01 5.408937e-02 7.857401e+00 -7.725674e-01 5.381318e-02 -6.326482e-01 -2.749141e+02
-6.332114e-01 -2.777469e-02 7.734804e-01 5.710150e+02 2.817505e-02 9.978663e-01 5.889766e-02 8.483450e+00 -7.734659e-01 5.908751e-02 -6.310777e-01 -2.850936e+02
-6.322726e-01 -2.939367e-02 7.741882e-01 5.772007e+02 2.522994e-02 9.979688e-01 5.849503e-02 8.816896e+00 -7.743350e-01 5.651752e-02 -6.302467e-01 -2.901677e+02
-6.302434e-01 -2.707487e-02 7.759254e-01 5.833713e+02 2.843217e-02 9.979165e-01 5.791490e-02 9.137328e+00 -7.758768e-01 5.856172e-02 -6.281605e-01 -2.952267e+02
-6.284360e-01 -2.762615e-02 7.773706e-01 5.895489e+02 2.792536e-02 9.979236e-01 5.803934e-02 9.456599e+00 -7.773598e-01 5.818235e-02 -6.263596e-01 -3.002630e+02
-6.267515e-01 -2.929572e-02 7.786683e-01 5.957370e+02 2.626936e-02 9.979306e-01 5.868924e-02 9.775807e+00 -7.787763e-01 5.723867e-02 -6.246849e-01 -3.052800e+02
-6.260867e-01 -3.038338e-02 7.791613e-01 6.019345e+02 2.246797e-02 9.981227e-01 5.697568e-02 1.009861e+01 -7.794296e-01 5.317788e-02 -6.242287e-01 -3.102813e+02
-6.265124e-01 -3.312816e-02 7.787071e-01 6.081333e+02 2.244936e-02 9.979148e-01 6.051553e-02 1.043016e+01 -7.790881e-01 5.539520e-02 -6.244622e-01 -3.152902e+02
-6.266057e-01 -2.915437e-02 7.787910e-01 6.143316e+02 2.264969e-02 9.981966e-01 5.559156e-02 1.075646e+01 -7.790073e-01 5.247334e-02 -6.248153e-01 -3.203039e+02
-6.264904e-01 -3.068870e-02 7.788248e-01 6.205350e+02 2.368425e-02 9.980136e-01 5.837730e-02 1.106765e+01 -7.790692e-01 5.501868e-02 -6.245190e-01 -3.253171e+02
-6.259098e-01 -3.013968e-02 7.793129e-01 6.267459e+02 2.363144e-02 9.980612e-01 5.757943e-02 1.139641e+01 -7.795373e-01 5.445581e-02 -6.239840e-01 -3.303270e+02
-6.252310e-01 -3.031342e-02 7.798508e-01 6.308887e+02 2.380432e-02 9.980397e-01 5.787927e-02 1.161229e+01 -7.800766e-01 5.475173e-02 -6.232838e-01 -3.336656e+02
-6.242585e-01 -3.023636e-02 7.806325e-01 6.370951e+02 2.295669e-02 9.981092e-01 5.701798e-02 1.194090e+01 -7.808805e-01 5.351468e-02 -6.223840e-01 -3.386594e+02
-6.230705e-01 -3.122445e-02 7.815422e-01 6.433047e+02 2.380466e-02 9.979830e-01 5.884960e-02 1.226642e+01 -7.818034e-01 5.527178e-02 -6.210704e-01 -3.436496e+02
-6.216649e-01 -2.849663e-02 7.827648e-01 6.495155e+02 2.497983e-02 9.981084e-01 5.617498e-02 1.258629e+01 -7.828849e-01 5.447533e-02 -6.197771e-01 -3.486239e+02
-6.201170e-01 -3.023961e-02 7.839263e-01 6.557358e+02 2.584500e-02 9.979269e-01 5.893901e-02 1.291009e+01 -7.840835e-01 5.680964e-02 -6.180499e-01 -3.535870e+02
-6.187172e-01 -2.938215e-02 7.850642e-01 6.619586e+02 2.526392e-02 9.980394e-01 5.726380e-02 1.323887e+01 -7.852075e-01 5.526388e-02 -6.167618e-01 -3.585328e+02
-6.181211e-01 -2.959064e-02 7.855258e-01 6.681904e+02 2.430014e-02 9.980944e-01 5.671956e-02 1.355813e+01 -7.857072e-01 5.414793e-02 -6.162241e-01 -3.634752e+02
-6.185260e-01 -3.030074e-02 7.851799e-01 6.723505e+02 2.298237e-02 9.981311e-01 5.662307e-02 1.376872e+01 -7.854281e-01 5.306812e-02 -6.166736e-01 -3.667695e+02
-6.195896e-01 -3.090942e-02 7.843171e-01 6.785876e+02 2.192674e-02 9.981528e-01 5.665807e-02 1.408324e+01 -7.846196e-01 5.230226e-02 -6.177673e-01 -3.717203e+02
-6.204869e-01 -3.143224e-02 7.835867e-01 6.848198e+02 2.338258e-02 9.980106e-01 5.854909e-02 1.440571e+01 -7.838681e-01 5.465121e-02 -6.185175e-01 -3.766842e+02
-6.204054e-01 -2.873466e-02 7.837548e-01 6.910408e+02 2.516469e-02 9.980847e-01 5.651249e-02 1.472406e+01 -7.838775e-01 5.478359e-02 -6.184940e-01 -3.816488e+02
-6.189651e-01 -2.720965e-02 7.849471e-01 6.972710e+02 2.818073e-02 9.979868e-01 5.681626e-02 1.503283e+01 -7.849128e-01 5.728765e-02 -6.169522e-01 -3.866143e+02
-6.176405e-01 -2.677779e-02 7.860046e-01 7.035065e+02 2.660958e-02 9.981364e-01 5.491448e-02 1.534668e+01 -7.860103e-01 5.483265e-02 -6.157768e-01 -3.915686e+02
-6.160735e-01 -2.860175e-02 7.871692e-01 7.097441e+02 2.784834e-02 9.979249e-01 5.805488e-02 1.565581e+01 -7.871962e-01 5.768742e-02 -6.139986e-01 -3.965177e+02
-6.142781e-01 -2.593378e-02 7.886634e-01 7.159839e+02 2.957014e-02 9.980012e-01 5.584921e-02 1.599116e+01 -7.885354e-01 5.762782e-02 -6.122833e-01 -4.014338e+02
-6.121955e-01 -2.349402e-02 7.903574e-01 7.222296e+02 3.054747e-02 9.981095e-01 5.333110e-02 1.632798e+01 -7.901162e-01 5.679246e-02 -6.103204e-01 -4.063296e+02
-6.101021e-01 -2.603302e-02 7.918951e-01 7.284983e+02 2.725090e-02 9.981793e-01 5.380946e-02 1.666273e+01 -7.918540e-01 5.440910e-02 -6.082818e-01 -4.112077e+02
-6.078688e-01 -2.256547e-02 7.937168e-01 7.368556e+02 2.987733e-02 9.982382e-01 5.126162e-02 1.707951e+01 -7.934752e-01 5.487447e-02 -6.061237e-01 -4.176935e+02
-6.082645e-01 -2.631943e-02 7.932980e-01 7.431419e+02 2.598236e-02 9.982542e-01 5.304138e-02 1.737146e+01 -7.933090e-01 5.287493e-02 -6.065187e-01 -4.225508e+02
-6.070151e-01 -2.472784e-02 7.943055e-01 7.494207e+02 2.930458e-02 9.981394e-01 5.346828e-02 1.765191e+01 -7.941498e-01 5.573283e-02 -6.051611e-01 -4.274134e+02
-6.053864e-01 -1.987480e-02 7.956836e-01 7.557109e+02 3.322671e-02 9.981856e-01 5.021309e-02 1.794006e+01 -7.952379e-01 5.683625e-02 -6.036276e-01 -4.322706e+02
-6.028142e-01 -1.885826e-02 7.976587e-01 7.620181e+02 3.464792e-02 9.981589e-01 4.978294e-02 1.817308e+01 -7.971289e-01 5.764707e-02 -6.010509e-01 -4.371125e+02
-5.996115e-01 -2.043146e-02 8.000304e-01 7.704571e+02 3.264030e-02 9.982179e-01 4.995629e-02 1.850284e+01 -7.996253e-01 5.606759e-02 -5.978760e-01 -4.435378e+02
-5.974378e-01 -1.903383e-02 8.016893e-01 7.768050e+02 3.277318e-02 9.983035e-01 4.812521e-02 1.874823e+01 -8.012452e-01 5.502572e-02 -5.958004e-01 -4.483389e+02
-5.974656e-01 -2.224858e-02 8.015859e-01 7.852706e+02 2.912478e-02 9.983534e-01 4.941828e-02 1.907913e+01 -8.013655e-01 5.287172e-02 -5.958338e-01 -4.547110e+02
-5.986519e-01 -2.119986e-02 8.007288e-01 7.916044e+02 2.913865e-02 9.984117e-01 4.821870e-02 1.932538e+01 -8.004791e-01 5.219836e-02 -5.970832e-01 -4.594876e+02
-6.006295e-01 -2.189010e-02 7.992278e-01 8.000123e+02 3.066110e-02 9.982592e-01 5.038357e-02 1.965533e+01 -7.989393e-01 5.476705e-02 -5.989127e-01 -4.658635e+02
-5.957648e-01 -1.758585e-02 8.029665e-01 8.188949e+02 3.362588e-02 9.983375e-01 4.681356e-02 2.035380e+01 -8.024547e-01 5.489031e-02 -5.941829e-01 -4.801748e+02
-5.923353e-01 -1.795207e-02 8.054916e-01 8.252301e+02 3.449196e-02 9.982701e-01 4.761293e-02 2.059912e+01 -8.049529e-01 5.598579e-02 -5.906914e-01 -4.849182e+02
-5.876245e-01 -2.492353e-02 8.087498e-01 8.508213e+02 2.758645e-02 9.983273e-01 5.080966e-02 2.167907e+01 -8.086633e-01 5.216753e-02 -5.859540e-01 -5.037670e+02
-5.864304e-01 -2.422785e-02 8.096372e-01 8.572619e+02 2.689668e-02 9.984189e-01 4.935861e-02 2.195643e+01 -8.095529e-01 5.072193e-02 -5.848515e-01 -5.084874e+02
-5.830875e-01 -2.604763e-02 8.119917e-01 8.722938e+02 3.142991e-02 9.980143e-01 5.458467e-02 2.263292e+01 -8.118011e-01 5.734845e-02 -5.811110e-01 -5.194836e+02
-5.788923e-01 -2.588364e-02 8.149931e-01 8.787368e+02 3.523110e-02 9.977687e-01 5.671323e-02 2.292504e+01 -8.146425e-01 6.154394e-02 -5.766887e-01 -5.241609e+02
-5.682635e-01 -2.932919e-02 8.223238e-01 9.001742e+02 3.565867e-02 9.975479e-01 6.022055e-02 2.394138e+01 -8.220736e-01 6.354410e-02 -5.658242e-01 -5.393743e+02
-5.660981e-01 -3.034901e-02 8.237791e-01 9.065910e+02 3.419117e-02 9.975976e-01 6.024874e-02 2.426707e+01 -8.236285e-01 6.227265e-02 -5.637004e-01 -5.438481e+02
-5.642681e-01 -2.785301e-02 8.251217e-01 9.151230e+02 3.442717e-02 9.977676e-01 5.722426e-02 2.468802e+01 -8.248735e-01 6.069641e-02 -5.620495e-01 -5.497727e+02
-5.635347e-01 -3.195231e-02 8.254742e-01 9.215445e+02 3.447316e-02 9.974716e-01 6.214409e-02 2.501399e+01 -8.253727e-01 6.347705e-02 -5.610084e-01 -5.542024e+02
-5.613193e-01 -3.387633e-02 8.269057e-01 9.386325e+02 3.342527e-02 9.974186e-01 6.355154e-02 2.589232e+01 -8.269240e-01 6.331224e-02 -5.587380e-01 -5.659327e+02
-5.582337e-01 -3.325722e-02 8.290170e-01 9.472049e+02 3.304581e-02 9.975122e-01 6.226864e-02 2.638159e+01 -8.290254e-01 6.215598e-02 -5.557459e-01 -5.717862e+02
-5.543396e-01 -3.248722e-02 8.316563e-01 9.558153e+02 3.432931e-02 9.974950e-01 6.184758e-02 2.686169e+01 -8.315823e-01 6.283473e-02 -5.518357e-01 -5.776191e+02
-5.452264e-01 -3.889550e-02 8.373860e-01 1.012137e+03 3.458862e-02 9.970285e-01 6.883151e-02 3.021781e+01 -8.375749e-01 6.649277e-02 -5.422609e-01 -6.151186e+02
-5.433033e-01 -3.622549e-02 8.387546e-01 1.025074e+03 3.929996e-02 9.968760e-01 6.851123e-02 3.096719e+01 -8.386161e-01 7.018538e-02 -5.401823e-01 -6.236311e+02
-5.416384e-01 -3.513940e-02 8.398768e-01 1.031514e+03 4.190967e-02 9.967546e-01 6.873060e-02 3.133270e+01 -8.395662e-01 7.242608e-02 -5.384078e-01 -6.278572e+02
-5.397773e-01 -4.008306e-02 8.408530e-01 1.037942e+03 3.015976e-02 9.973036e-01 6.690174e-02 3.170698e+01 -8.412674e-01 6.147195e-02 -5.371130e-01 -6.320242e+02
-5.355808e-01 -3.847344e-02 8.436072e-01 1.046514e+03 3.297732e-02 9.972469e-01 6.641662e-02 3.218651e+01 -8.438398e-01 6.339135e-02 -5.328375e-01 -6.375675e+02
-5.328425e-01 -3.505044e-02 8.454883e-01 1.052940e+03 3.358970e-02 9.974783e-01 6.252017e-02 3.254722e+01 -8.455475e-01 6.171309e-02 -5.303214e-01 -6.416850e+02
-5.304844e-01 -3.806809e-02 8.468395e-01 1.059374e+03 3.788884e-02 9.969279e-01 6.854968e-02 3.289861e+01 -8.468475e-01 6.845029e-02 -5.274124e-01 -6.457840e+02
-5.288308e-01 -4.329705e-02 8.476222e-01 1.065821e+03 2.799712e-02 9.972645e-01 6.840825e-02 3.329059e+01 -8.482653e-01 5.990736e-02 -5.261719e-01 -6.498375e+02
-5.279950e-01 -4.015087e-02 8.482979e-01 1.072257e+03 2.790603e-02 9.975221e-01 6.458301e-02 3.365737e+01 -8.487888e-01 5.777212e-02 -5.255662e-01 -6.538847e+02
-5.275716e-01 -3.665528e-02 8.487194e-01 1.078687e+03 3.484186e-02 9.972943e-01 6.473008e-02 3.400470e+01 -8.487958e-01 6.372070e-02 -5.248670e-01 -6.579412e+02
-5.263838e-01 -3.562586e-02 8.495004e-01 1.085128e+03 3.506672e-02 9.973620e-01 6.355550e-02 3.436709e+01 -8.495236e-01 6.324376e-02 -5.237459e-01 -6.619814e+02
-5.229823e-01 -3.085688e-02 8.517848e-01 1.091568e+03 4.168796e-02 9.972224e-01 6.172126e-02 3.469434e+01 -8.513234e-01 6.778829e-02 -5.202433e-01 -6.660140e+02
-5.209506e-01 -3.930016e-02 8.526817e-01 1.098041e+03 3.786647e-02 9.968921e-01 6.908155e-02 3.504702e+01 -8.527465e-01 6.827610e-02 -5.178433e-01 -6.700112e+02
-5.192332e-01 -3.745058e-02 8.538117e-01 1.102354e+03 4.001063e-02 9.968788e-01 6.805778e-02 3.531100e+01 -8.536955e-01 6.949939e-02 -5.161140e-01 -6.726726e+02
-5.154866e-01 -3.610481e-02 8.561367e-01 1.110993e+03 3.957762e-02 9.970425e-01 6.587705e-02 3.578536e+01 -8.559831e-01 6.784258e-02 -5.125331e-01 -6.779581e+02
-5.130265e-01 -3.837217e-02 8.575147e-01 1.117494e+03 3.911889e-02 9.969171e-01 6.801388e-02 3.614825e+01 -8.574809e-01 6.843794e-02 -5.099438e-01 -6.818958e+02
-5.103242e-01 -3.756592e-02 8.591613e-01 1.124019e+03 3.820478e-02 9.970688e-01 6.628863e-02 3.651109e+01 -8.591330e-01 6.665274e-02 -5.073931e-01 -6.858237e+02
-5.075778e-01 -3.497763e-02 8.608957e-01 1.130564e+03 3.864487e-02 9.972459e-01 6.330218e-02 3.687463e+01 -8.607388e-01 6.539997e-02 -5.048281e-01 -6.897431e+02
-5.049198e-01 -3.308991e-02 8.625318e-01 1.137143e+03 3.883964e-02 9.973818e-01 6.099969e-02 3.721242e+01 -8.622920e-01 6.430036e-02 -5.023126e-01 -6.936540e+02
-5.033773e-01 -3.346126e-02 8.634186e-01 1.141541e+03 3.941136e-02 9.973208e-01 6.162757e-02 3.743261e+01 -8.631674e-01 6.505041e-02 -5.007099e-01 -6.962551e+02
-5.023498e-01 -3.525588e-02 8.639455e-01 1.145954e+03 3.785579e-02 9.973136e-01 6.270999e-02 3.766114e+01 -8.638354e-01 6.420767e-02 -4.996656e-01 -6.988522e+02
-5.022953e-01 -3.581665e-02 8.639541e-01 1.150376e+03 3.555618e-02 9.974412e-01 6.202263e-02 3.789135e+01 -8.639648e-01 6.187256e-02 -4.997365e-01 -7.014450e+02
-5.028628e-01 -3.664102e-02 8.635893e-01 1.154800e+03 3.577497e-02 9.973627e-01 6.314841e-02 3.812449e+01 -8.636255e-01 6.264986e-02 -5.002258e-01 -7.040408e+02
-5.033083e-01 -3.555327e-02 8.633752e-01 1.161448e+03 3.787397e-02 9.972853e-01 6.314639e-02 3.848244e+01 -8.632765e-01 6.448153e-02 -5.005954e-01 -7.079363e+02
-5.036455e-01 -3.330733e-02 8.632681e-01 1.165886e+03 3.899425e-02 9.973616e-01 6.123095e-02 3.871705e+01 -8.630299e-01 6.450117e-02 -5.010179e-01 -7.105384e+02
-5.039031e-01 -3.504066e-02 8.630492e-01 1.170337e+03 3.829730e-02 9.972878e-01 6.285128e-02 3.895544e+01 -8.629108e-01 6.472339e-02 -5.011944e-01 -7.131505e+02
-5.024903e-01 -3.102951e-02 8.640259e-01 1.177083e+03 4.142900e-02 9.973436e-01 5.991111e-02 3.930786e+01 -8.635897e-01 6.590047e-02 -4.998699e-01 -7.171122e+02
-5.016674e-01 -3.743195e-02 8.642504e-01 1.183758e+03 4.127892e-02 9.968894e-01 6.713771e-02 3.967071e+01 -8.640752e-01 6.935610e-02 -4.985617e-01 -7.210223e+02
-5.008074e-01 -3.594900e-02 8.648120e-01 1.190524e+03 3.913494e-02 9.971749e-01 6.411394e-02 4.006015e+01 -8.646736e-01 6.595308e-02 -4.979856e-01 -7.249743e+02
-4.970255e-01 -3.263259e-02 8.671222e-01 1.201867e+03 4.126176e-02 9.972734e-01 6.118141e-02 4.067201e+01 -8.667543e-01 6.618769e-02 -4.943238e-01 -7.315819e+02
-4.951215e-01 -3.371898e-02 8.681692e-01 1.208709e+03 4.247196e-02 9.971126e-01 6.294901e-02 4.102557e+01 -8.677850e-01 6.804024e-02 -4.922597e-01 -7.355340e+02
-4.914235e-01 -3.376637e-02 8.702660e-01 1.217874e+03 4.315538e-02 9.970765e-01 6.305569e-02 4.150237e+01 -8.698509e-01 6.854369e-02 -4.885296e-01 -7.407904e+02
-4.852072e-01 -2.865753e-02 8.739295e-01 1.227101e+03 4.392202e-02 9.974023e-01 5.709198e-02 4.194350e+01 -8.732953e-01 6.608618e-02 -4.826881e-01 -7.460279e+02
-4.818709e-01 -2.891977e-02 8.757649e-01 1.236405e+03 4.054171e-02 9.976490e-01 5.525187e-02 4.237920e+01 -8.753038e-01 6.212926e-02 -4.795655e-01 -7.512267e+02
-4.795872e-01 -2.704466e-02 8.770774e-01 1.245771e+03 4.237194e-02 9.976452e-01 5.393140e-02 4.278686e+01 -8.764706e-01 6.302826e-02 -4.773119e-01 -7.564194e+02
-4.770816e-01 -3.079840e-02 8.783192e-01 1.255209e+03 4.074245e-02 9.975362e-01 5.710906e-02 4.320690e+01 -8.779141e-01 6.303055e-02 -4.746514e-01 -7.616116e+02
-4.750737e-01 -2.886688e-02 8.794724e-01 1.262318e+03 4.213284e-02 9.975692e-01 5.550249e-02 4.354782e+01 -8.789367e-01 6.342243e-02 -4.727026e-01 -7.655015e+02
-4.727143e-01 -1.714449e-02 8.810490e-01 1.269473e+03 4.211108e-02 9.982289e-01 4.201881e-02 4.381598e+01 -8.802090e-01 5.696480e-02 -4.711551e-01 -7.693932e+02
-4.706896e-01 -2.523269e-02 8.819380e-01 1.279074e+03 4.141190e-02 9.978575e-01 5.065069e-02 4.415904e+01 -8.813265e-01 6.036346e-02 -4.686361e-01 -7.745821e+02
-4.686361e-01 -2.366345e-02 8.830744e-01 1.288696e+03 4.167369e-02 9.979360e-01 4.885704e-02 4.452846e+01 -8.824078e-01 5.969712e-02 -4.666826e-01 -7.797516e+02
-4.670401e-01 -2.177379e-02 8.839681e-01 1.295919e+03 4.229333e-02 9.980025e-01 4.692813e-02 4.477631e+01 -8.832241e-01 5.930326e-02 -4.651862e-01 -7.836147e+02
-4.655366e-01 -2.258759e-02 8.847404e-01 1.303154e+03 4.168539e-02 9.980051e-01 4.741346e-02 4.502280e+01 -8.840463e-01 5.895343e-02 -4.636663e-01 -7.874640e+02
-4.637683e-01 -1.810327e-02 8.857716e-01 1.310380e+03 4.307176e-02 9.981483e-01 4.295132e-02 4.525492e+01 -8.849089e-01 5.807119e-02 -4.621298e-01 -7.912954e+02
-4.616834e-01 -1.965204e-02 8.868271e-01 1.320032e+03 4.395773e-02 9.980194e-01 4.500050e-02 4.553831e+01 -8.859549e-01 5.975888e-02 -4.599051e-01 -7.963846e+02
-4.599869e-01 -1.855658e-02 8.877318e-01 1.327287e+03 4.317472e-02 9.981315e-01 4.323571e-02 4.580071e+01 -8.868754e-01 5.821542e-02 -4.583263e-01 -8.001723e+02
-4.584249e-01 -1.394862e-02 8.886237e-01 1.334542e+03 4.163794e-02 9.984417e-01 3.715267e-02 4.596958e+01 -8.877572e-01 5.403216e-02 -4.571297e-01 -8.039500e+02
-4.570247e-01 -1.638847e-02 8.893030e-01 1.341797e+03 4.310083e-02 9.982476e-01 4.054624e-02 4.611465e+01 -8.884091e-01 5.686032e-02 -4.555175e-01 -8.077231e+02
-4.558015e-01 -1.351150e-02 8.899789e-01 1.349058e+03 4.146560e-02 9.984768e-01 3.639524e-02 4.627189e+01 -8.891150e-01 5.349250e-02 -4.545470e-01 -8.114819e+02
-4.542477e-01 -1.307768e-02 8.907795e-01 1.356319e+03 4.258238e-02 9.984306e-01 3.637274e-02 4.641171e+01 -8.898572e-01 5.445373e-02 -4.529779e-01 -8.152327e+02
-4.527136e-01 -1.390433e-02 8.915476e-01 1.363568e+03 4.179714e-02 9.984483e-01 3.679544e-02 4.655681e+01 -8.906758e-01 5.392192e-02 -4.514299e-01 -8.189605e+02
-4.512406e-01 -1.308845e-02 8.923064e-01 1.370797e+03 4.172756e-02 9.984893e-01 3.574763e-02 4.670062e+01 -8.914262e-01 5.336454e-02 -4.500127e-01 -8.226635e+02
-4.485076e-01 -9.481038e-03 8.937288e-01 1.380423e+03 4.352432e-02 9.985257e-01 3.243494e-02 4.688691e+01 -8.927186e-01 5.344624e-02 -4.474337e-01 -8.275660e+02
-4.447396e-01 -6.797164e-03 8.956342e-01 1.392473e+03 4.116234e-02 9.987595e-01 2.801953e-02 4.705185e+01 -8.947135e-01 4.932778e-02 -4.439081e-01 -8.336398e+02
-4.408141e-01 -6.864951e-03 8.975722e-01 1.404531e+03 4.206684e-02 9.987139e-01 2.829830e-02 4.719420e+01 -8.966121e-01 5.023230e-02 -4.399584e-01 -8.396596e+02
-4.339416e-01 -1.842975e-03 9.009391e-01 1.426137e+03 4.385551e-02 9.987692e-01 2.316631e-02 4.737431e+01 -8.998729e-01 4.956396e-02 -4.333267e-01 -8.503038e+02
-4.263508e-01 -7.456581e-04 9.045576e-01 1.459672e+03 4.212068e-02 9.988985e-01 2.067642e-02 4.746995e+01 -9.035766e-01 4.691598e-02 -4.258498e-01 -8.664905e+02
-4.216964e-01 -3.894153e-04 9.067370e-01 1.478642e+03 4.232400e-02 9.989015e-01 2.011262e-02 4.742685e+01 -9.057487e-01 4.685814e-02 -4.212167e-01 -8.754851e+02
-4.214195e-01 -2.631344e-03 9.068620e-01 1.485696e+03 4.104568e-02 9.989156e-01 2.197240e-02 4.743611e+01 -9.059364e-01 4.648236e-02 -4.208545e-01 -8.787965e+02
-4.216739e-01 -4.360895e-03 9.067371e-01 1.492712e+03 4.118089e-02 9.988645e-01 2.395495e-02 4.746804e+01 -9.058119e-01 4.744141e-02 -4.210155e-01 -8.820850e+02
-4.214202e-01 -3.904039e-03 9.068571e-01 1.497363e+03 4.026236e-02 9.989241e-01 2.301046e-02 4.749161e+01 -9.059713e-01 4.620927e-02 -4.208096e-01 -8.842612e+02
-4.191708e-01 -3.871822e-03 9.078992e-01 1.508913e+03 4.296582e-02 9.987859e-01 2.409643e-02 4.756552e+01 -9.068901e-01 4.910914e-02 -4.184955e-01 -8.896524e+02
-4.109377e-01 -8.137194e-03 9.116271e-01 1.540873e+03 4.298603e-02 9.986750e-01 2.829116e-02 4.776928e+01 -9.106494e-01 5.081312e-02 -4.100434e-01 -9.043349e+02
-4.098924e-01 -7.215828e-03 9.121054e-01 1.545392e+03 4.264259e-02 9.987237e-01 2.706429e-02 4.781679e+01 -9.111365e-01 4.998797e-02 -4.090615e-01 -9.063787e+02
-4.074005e-01 -7.939396e-03 9.132151e-01 1.556611e+03 4.216223e-02 9.987324e-01 2.749214e-02 4.788768e+01 -9.122758e-01 4.970348e-02 -4.065493e-01 -9.114271e+02
-4.102545e-01 -9.769812e-03 9.119188e-01 1.565507e+03 4.114888e-02 9.987259e-01 2.921189e-02 4.797397e+01 -9.110422e-01 4.950873e-02 -4.093298e-01 -9.154256e+02
-4.147282e-01 -8.807796e-03 9.099028e-01 1.580910e+03 4.066240e-02 9.987748e-01 2.820174e-02 4.814314e+01 -9.090363e-01 4.869488e-02 -4.138619e-01 -9.224315e+02
-4.183437e-01 -9.871278e-03 9.082352e-01 1.587477e+03 4.061757e-02 9.987373e-01 2.956383e-02 4.821155e+01 -9.073801e-01 4.925814e-02 -4.174145e-01 -9.254494e+02
-4.281436e-01 -1.329417e-02 9.036129e-01 1.596156e+03 3.837214e-02 9.987226e-01 3.287467e-02 4.831939e+01 -9.028956e-01 4.874863e-02 -4.270866e-01 -9.295025e+02
-4.587044e-01 -1.029289e-02 8.885293e-01 1.641905e+03 3.987364e-02 9.986872e-01 3.215379e-02 4.900261e+01 -8.876938e-01 5.017797e-02 -4.576918e-01 -9.525509e+02
-4.492144e-01 -1.781738e-02 8.932464e-01 1.655907e+03 3.822723e-02 9.985022e-01 3.914139e-02 4.927404e+01 -8.926058e-01 5.172920e-02 -4.478604e-01 -9.597429e+02
-4.306709e-01 -1.319839e-02 9.024126e-01 1.671797e+03 4.708549e-02 9.982027e-01 3.707065e-02 4.956456e+01 -9.012799e-01 5.845577e-02 -4.292754e-01 -9.675649e+02
-4.271062e-01 -1.697163e-02 9.040422e-01 1.677761e+03 4.370839e-02 9.982675e-01 3.939013e-02 4.969653e+01 -9.031444e-01 5.633798e-02 -4.256244e-01 -9.703985e+02
-4.259164e-01 -1.948363e-02 9.045527e-01 1.685682e+03 3.873070e-02 9.984590e-01 3.974301e-02 4.986559e+01 -9.039331e-01 5.196115e-02 -4.245054e-01 -9.741288e+02
-4.258275e-01 -1.911967e-02 9.046024e-01 1.689621e+03 3.922920e-02 9.984464e-01 3.956969e-02 4.995262e+01 -9.039535e-01 5.233667e-02 -4.244159e-01 -9.759855e+02
-4.259242e-01 -1.796021e-02 9.045806e-01 1.693546e+03 3.924694e-02 9.984951e-01 3.830438e-02 5.003776e+01 -9.039072e-01 5.181677e-02 -4.245783e-01 -9.778338e+02
-4.246267e-01 -2.004468e-02 9.051466e-01 1.699416e+03 4.164701e-02 9.982641e-01 4.164443e-02 5.016515e+01 -9.044101e-01 5.537997e-02 -4.230548e-01 -9.805994e+02
-4.031621e-01 -2.297198e-02 9.148403e-01 1.737915e+03 4.549679e-02 9.979455e-01 4.510882e-02 5.117020e+01 -9.139969e-01 5.980845e-02 -4.012886e-01 -9.981264e+02
-4.046679e-01 -2.602824e-02 9.140933e-01 1.745308e+03 4.578735e-02 9.977643e-01 4.868072e-02 5.137573e+01 -9.133167e-01 6.155341e-02 -4.025714e-01 -1.001398e+03
-4.060930e-01 -2.645875e-02 9.134487e-01 1.748971e+03 4.084785e-02 9.980561e-01 4.706924e-02 5.150814e+01 -9.129183e-01 5.642689e-02 -4.042228e-01 -1.002990e+03
-4.074005e-01 -2.867884e-02 9.127992e-01 1.752592e+03 3.948719e-02 9.980189e-01 4.898023e-02 5.160635e+01 -9.123955e-01 5.599844e-02 -4.054609e-01 -1.004589e+03
-4.162592e-01 -3.236671e-02 9.086698e-01 1.766720e+03 4.714623e-02 9.972535e-01 5.711960e-02 5.207058e+01 -9.080228e-01 6.661690e-02 -4.135899e-01 -1.010909e+03
-4.245079e-01 -2.240697e-02 9.051469e-01 1.776731e+03 6.497912e-02 9.963620e-01 5.513978e-02 5.241430e+01 -9.030895e-01 8.222291e-02 -4.215076e-01 -1.015552e+03
-4.289311e-01 -2.072171e-02 9.030995e-01 1.779954e+03 7.034166e-02 9.959351e-01 5.626091e-02 5.252858e+01 -9.005943e-01 8.765756e-02 -4.257299e-01 -1.017080e+03
-4.334541e-01 -1.795788e-02 9.009968e-01 1.783104e+03 7.644386e-02 9.954651e-01 5.661657e-02 5.264253e+01 -8.979275e-01 9.341633e-02 -4.301156e-01 -1.018596e+03
-4.907492e-01 -1.491830e-02 8.711732e-01 1.794918e+03 7.588578e-02 9.953222e-01 5.979224e-02 5.310413e+01 -8.679900e-01 9.545263e-02 -4.873214e-01 -1.024665e+03
-5.174962e-01 -1.258371e-02 8.555930e-01 1.797645e+03 7.761762e-02 9.950795e-01 6.158139e-02 5.322561e+01 -8.521579e-01 9.827721e-02 -5.139731e-01 -1.026269e+03
-5.456592e-01 -9.288754e-03 8.379558e-01 1.800303e+03 8.159625e-02 9.945982e-01 6.415889e-02 5.334948e+01 -8.340252e-01 1.033829e-01 -5.419537e-01 -1.027957e+03
-6.756468e-01 -7.525258e-04 7.372251e-01 1.809965e+03 8.281779e-02 9.935921e-01 7.691446e-02 5.394892e+01 -7.325590e-01 1.130223e-01 -6.712550e-01 -1.035467e+03
-7.798990e-01 1.178343e-03 6.259043e-01 1.816083e+03 7.506237e-02 9.929571e-01 9.166100e-02 5.449432e+01 -6.213881e-01 1.184682e-01 -7.744947e-01 -1.042062e+03
-8.970268e-01 1.767502e-02 4.416227e-01 1.822465e+03 6.717988e-02 9.930426e-01 9.671172e-02 5.535588e+01 -4.368408e-01 1.164211e-01 -8.919732e-01 -1.052152e+03
-9.730366e-01 2.817946e-02 2.289229e-01 1.826418e+03 5.367582e-02 9.929244e-01 1.059241e-01 5.631631e+01 -2.243183e-01 1.153556e-01 -9.676643e-01 -1.063357e+03
-9.789047e-01 2.927053e-02 2.022099e-01 1.826758e+03 5.174350e-02 9.929374e-01 1.067610e-01 5.644401e+01 -1.976568e-01 1.149719e-01 -9.735056e-01 -1.064825e+03
-9.972192e-01 4.466020e-02 -5.966030e-02 1.827696e+03 3.787897e-02 9.931740e-01 1.103201e-01 5.776981e+01 6.417998e-02 1.077534e-01 -9.921038e-01 -1.079636e+03
-9.521677e-01 4.944223e-02 -3.015497e-01 1.825214e+03 1.826495e-02 9.942677e-01 1.053476e-01 5.896963e+01 3.050297e-01 9.480079e-02 -9.476126e-01 -1.092954e+03
-8.987703e-01 5.306918e-02 -4.351962e-01 1.822357e+03 8.175972e-03 9.945030e-01 1.043878e-01 5.960684e+01 4.383437e-01 9.026246e-02 -8.942636e-01 -1.099995e+03
-8.852991e-01 5.314659e-02 -4.619751e-01 1.821684e+03 5.499736e-03 9.945747e-01 1.038787e-01 5.972051e+01 4.649896e-01 8.942293e-02 -8.807884e-01 -1.101364e+03
-8.400483e-01 5.465624e-02 -5.397515e-01 1.819352e+03 -1.069544e-03 9.947433e-01 1.023942e-01 6.005208e+01 5.425106e-01 8.659333e-02 -8.355739e-01 -1.105305e+03
-6.875763e-01 5.914201e-02 -7.236996e-01 1.811551e+03 -1.530082e-02 9.952760e-01 9.587282e-02 6.093013e+01 7.259509e-01 7.699307e-02 -6.834232e-01 -1.114626e+03
-5.966860e-01 5.702868e-02 -8.004459e-01 1.806825e+03 -2.102465e-02 9.960182e-01 8.663514e-02 6.134899e+01 8.021993e-01 6.852307e-02 -5.931111e-01 -1.118505e+03
-5.025283e-01 5.723932e-02 -8.626639e-01 1.801706e+03 -2.779528e-02 9.962205e-01 8.229267e-02 6.174346e+01 8.641138e-01 6.533237e-02 -4.990380e-01 -1.121892e+03
-2.832310e-01 5.801876e-02 -9.572952e-01 1.787194e+03 -3.440325e-02 9.969113e-01 7.059853e-02 6.264482e+01 9.584344e-01 5.292975e-02 -2.803601e-01 -1.127955e+03
-2.044746e-01 5.582103e-02 -9.772790e-01 1.779311e+03 -2.955575e-02 9.975654e-01 6.316369e-02 6.304728e+01 9.784255e-01 4.179958e-02 -2.023270e-01 -1.129873e+03
-1.915386e-01 5.612688e-02 -9.798790e-01 1.777702e+03 -2.861513e-02 9.976198e-01 6.273652e-02 6.312234e+01 9.810678e-01 4.005583e-02 -1.894766e-01 -1.130193e+03
-1.567693e-01 5.456269e-02 -9.861269e-01 1.772797e+03 -3.022364e-02 9.977401e-01 6.001005e-02 6.333921e+01 9.871726e-01 3.921208e-02 -1.547659e-01 -1.131038e+03
-1.382909e-01 5.631293e-02 -9.887894e-01 1.769479e+03 -3.054090e-02 9.976649e-01 6.108982e-02 6.348361e+01 9.899206e-01 3.864668e-02 -1.362481e-01 -1.131517e+03
-1.317118e-01 5.778641e-02 -9.896023e-01 1.767796e+03 -2.979443e-02 9.976176e-01 6.221998e-02 6.355799e+01 9.908402e-01 3.767974e-02 -1.296763e-01 -1.131740e+03
-1.209431e-01 5.797475e-02 -9.909651e-01 1.764428e+03 -2.887820e-02 9.976650e-01 6.189119e-02 6.370596e+01 9.922393e-01 3.610259e-02 -1.189865e-01 -1.132152e+03
-1.154768e-01 5.841438e-02 -9.915911e-01 1.762736e+03 -2.950149e-02 9.976272e-01 6.220561e-02 6.377872e+01 9.928719e-01 3.643672e-02 -1.134795e-01 -1.132348e+03
-1.063190e-01 5.861222e-02 -9.926031e-01 1.759353e+03 -3.121115e-02 9.975725e-01 6.224873e-02 6.392280e+01 9.938421e-01 3.759851e-02 -1.042316e-01 -1.132713e+03
-9.717913e-02 5.893143e-02 -9.935207e-01 1.754261e+03 -3.162266e-02 9.975586e-01 6.226405e-02 6.413795e+01 9.947644e-01 3.746853e-02 -9.507831e-02 -1.133210e+03
-9.328989e-02 5.823081e-02 -9.939347e-01 1.750863e+03 -3.129907e-02 9.976233e-01 6.138462e-02 6.427888e+01 9.951469e-01 3.683579e-02 -9.124560e-02 -1.133519e+03
-9.046658e-02 5.777346e-02 -9.942224e-01 1.747458e+03 -3.169043e-02 9.976433e-01 6.085585e-02 6.441721e+01 9.953951e-01 3.701275e-02 -8.842251e-02 -1.133818e+03
-8.925571e-02 5.780325e-02 -9.943301e-01 1.745755e+03 -3.147815e-02 9.976521e-01 6.082201e-02 6.448641e+01 9.955112e-01 3.672838e-02 -8.722660e-02 -1.133964e+03
-8.806950e-02 5.922988e-02 -9.943519e-01 1.744051e+03 -3.129743e-02 9.975732e-01 6.219379e-02 6.455659e+01 9.956225e-01 3.659803e-02 -8.600203e-02 -1.134108e+03
-8.458501e-02 6.089766e-02 -9.945536e-01 1.738929e+03 -3.190061e-02 9.974534e-01 6.378832e-02 6.477564e+01 9.959054e-01 3.712240e-02 -8.242693e-02 -1.134530e+03
-8.217235e-02 5.928233e-02 -9.948534e-01 1.735516e+03 -3.261582e-02 9.975346e-01 6.213610e-02 6.492197e+01 9.960842e-01 3.755382e-02 -8.003621e-02 -1.134802e+03
-8.099462e-02 6.068374e-02 -9.948655e-01 1.733810e+03 -3.241230e-02 9.974566e-01 6.348057e-02 6.499470e+01 9.961873e-01 3.738746e-02 -7.882171e-02 -1.134934e+03
-7.827298e-02 6.136502e-02 -9.950416e-01 1.730426e+03 -3.326734e-02 9.973871e-01 6.412659e-02 6.513665e+01 9.963767e-01 3.812176e-02 -7.602700e-02 -1.135192e+03
-7.232180e-02 5.440579e-02 -9.958964e-01 1.723740e+03 -3.502555e-02 9.977567e-01 5.705098e-02 6.539481e+01 9.967661e-01 3.900785e-02 -7.025396e-02 -1.135676e+03
-7.000011e-02 5.405768e-02 -9.960812e-01 1.722082e+03 -3.481429e-02 9.977899e-01 5.659701e-02 6.545266e+01 9.969392e-01 3.863965e-02 -6.796342e-02 -1.135788e+03
-6.138499e-02 5.608486e-02 -9.965372e-01 1.718787e+03 -3.590170e-02 9.976499e-01 5.835898e-02 6.556950e+01 9.974682e-01 3.935974e-02 -5.922718e-02 -1.135995e+03
4.809052e-02 5.257386e-02 -9.974584e-01 1.704565e+03 -4.588863e-02 9.976757e-01 5.037289e-02 6.601230e+01 9.977883e-01 4.334954e-02 5.039128e-02 -1.136194e+03
1.099876e-01 4.797113e-02 -9.927747e-01 1.700082e+03 -4.605926e-02 9.980075e-01 4.312118e-02 6.611041e+01 9.928651e-01 4.098367e-02 1.119779e-01 -1.135821e+03
1.327435e-01 4.845110e-02 -9.899655e-01 1.698586e+03 -4.608298e-02 9.980260e-01 4.266639e-02 6.613649e+01 9.900785e-01 3.995687e-02 1.347142e-01 -1.135613e+03
1.837440e-01 4.579162e-02 -9.819070e-01 1.695669e+03 -4.632433e-02 9.982078e-01 3.788317e-02 6.618653e+01 9.818819e-01 3.852538e-02 1.855359e-01 -1.135102e+03
2.391828e-01 4.209080e-02 -9.700619e-01 1.692835e+03 -4.478005e-02 9.984751e-01 3.228248e-02 6.621801e+01 9.699414e-01 3.571801e-02 2.407029e-01 -1.134472e+03
3.538818e-01 3.463379e-02 -9.346487e-01 1.687197e+03 -3.608619e-02 9.990756e-01 2.335801e-02 6.614385e+01 9.345937e-01 2.546194e-02 3.548044e-01 -1.132693e+03
3.842016e-01 3.472738e-02 -9.225959e-01 1.685870e+03 -3.524090e-02 9.991157e-01 2.293210e-02 6.609641e+01 9.225764e-01 2.370256e-02 3.850856e-01 -1.132171e+03
4.472590e-01 3.320388e-02 -8.937880e-01 1.683200e+03 -3.539640e-02 9.991849e-01 1.940669e-02 6.601776e+01 8.937038e-01 2.295707e-02 4.480696e-01 -1.130935e+03
5.395908e-01 2.573206e-02 -8.415341e-01 1.679457e+03 -3.247694e-02 9.994250e-01 9.735798e-03 6.590758e+01 8.413008e-01 2.207711e-02 5.401162e-01 -1.128777e+03
6.265443e-01 2.180327e-02 -7.790808e-01 1.675989e+03 -2.910498e-02 9.995659e-01 4.567251e-03 6.578896e+01 7.788422e-01 1.981355e-02 6.269068e-01 -1.126240e+03
7.073149e-01 1.675192e-02 -7.067001e-01 1.672831e+03 -2.738214e-02 9.996181e-01 -3.710585e-03 6.566320e+01 7.063681e-01 2.197552e-02 7.075034e-01 -1.123355e+03
7.321014e-01 1.297323e-02 -6.810722e-01 1.671787e+03 -2.461156e-02 9.996696e-01 -7.413617e-03 6.561313e+01 6.807509e-01 2.218977e-02 7.321787e-01 -1.122274e+03
7.558130e-01 1.003143e-02 -6.547108e-01 1.670884e+03 -2.209244e-02 9.997040e-01 -1.018662e-02 6.556276e+01 6.544148e-01 2.216333e-02 7.558108e-01 -1.121227e+03
8.405103e-01 -2.178237e-03 -5.417912e-01 1.667481e+03 -1.174613e-02 9.996836e-01 -2.224157e-02 6.532217e+01 5.416682e-01 2.505822e-02 8.402188e-01 -1.116599e+03
8.742059e-01 -9.606721e-03 -4.854605e-01 1.666116e+03 -5.480528e-03 9.995453e-01 -2.964909e-02 6.518499e+01 4.855246e-01 2.857999e-02 8.737557e-01 -1.114183e+03
9.146832e-01 -1.625626e-02 -4.038446e-01 1.664267e+03 4.198298e-03 9.995190e-01 -3.072552e-02 6.495835e+01 4.041498e-01 2.640865e-02 9.143115e-01 -1.110320e+03
9.373292e-01 -2.458246e-02 -3.475769e-01 1.663209e+03 1.182822e-02 9.991782e-01 -3.876932e-02 6.479507e+01 3.482442e-01 3.222840e-02 9.368496e-01 -1.107637e+03
9.477057e-01 -2.414421e-02 -3.182312e-01 1.662781e+03 1.232836e-02 9.991595e-01 -3.909189e-02 6.471287e+01 3.189076e-01 3.312433e-02 9.472067e-01 -1.106297e+03
9.751786e-01 -1.920244e-02 -2.205858e-01 1.661562e+03 1.067229e-02 9.991507e-01 -3.979745e-02 6.446915e+01 2.211627e-01 3.645546e-02 9.745553e-01 -1.102062e+03
9.958314e-01 -2.293293e-02 -8.828326e-02 1.660772e+03 1.895974e-02 9.987806e-01 -4.558349e-02 6.405174e+01 8.922096e-02 4.371964e-02 9.950518e-01 -1.096370e+03
9.981608e-01 -2.628905e-02 -5.462549e-02 1.660724e+03 2.390616e-02 9.987530e-01 -4.382723e-02 6.395351e+01 5.570955e-02 4.244073e-02 9.975445e-01 -1.094939e+03
9.995243e-01 -2.786679e-02 1.321703e-02 1.660666e+03 2.851243e-02 9.982671e-01 -5.147652e-02 6.375655e+01 -1.175964e-02 5.182888e-02 9.985867e-01 -1.092014e+03
9.833614e-01 -1.891371e-02 1.806729e-01 1.661423e+03 2.968287e-02 9.979277e-01 -5.708923e-02 6.318844e+01 -1.792187e-01 6.150222e-02 9.818849e-01 -1.084736e+03
9.697164e-01 -1.547483e-02 2.437432e-01 1.662049e+03 3.071336e-02 9.977947e-01 -5.884284e-02 6.295694e+01 -2.422950e-01 6.454702e-02 9.680530e-01 -1.081841e+03
9.451801e-01 -1.565151e-02 3.261743e-01 1.663374e+03 3.543498e-02 9.978684e-01 -5.479982e-02 6.261487e+01 -3.246213e-01 6.335366e-02 9.437199e-01 -1.077556e+03
9.365940e-01 -1.562359e-02 3.500680e-01 1.663914e+03 3.653840e-02 9.979141e-01 -5.322009e-02 6.250419e+01 -3.485063e-01 6.263653e-02 9.352112e-01 -1.076148e+03
8.611027e-01 -2.428920e-02 5.078507e-01 1.672455e+03 5.664728e-02 9.972225e-01 -4.835552e-02 6.120477e+01 -5.052656e-01 7.040740e-02 8.600868e-01 -1.059464e+03
8.539939e-01 -2.525201e-02 5.196700e-01 1.677591e+03 5.568039e-02 9.975210e-01 -4.302981e-02 6.059208e+01 -5.172951e-01 6.568260e-02 8.532828e-01 -1.051033e+03
8.530547e-01 -2.489872e-02 5.212272e-01 1.678473e+03 5.593059e-02 9.974695e-01 -4.388899e-02 6.049193e+01 -5.188155e-01 6.659224e-02 8.522886e-01 -1.049604e+03
8.510645e-01 -2.217815e-02 5.245927e-01 1.680259e+03 5.415929e-02 9.974862e-01 -4.569382e-02 6.028089e+01 -5.222605e-01 6.729994e-02 8.501262e-01 -1.046739e+03
8.499437e-01 -2.495543e-02 5.262823e-01 1.681167e+03 5.556347e-02 9.975531e-01 -4.243247e-02 6.017613e+01 -5.239356e-01 6.530726e-02 8.492505e-01 -1.045291e+03
