4.666947 0.0000000 0.0000000 0.0000000 0.0000000 0.0000000 0.0000000 1.0000000
4.770559 0.0003312 -0.0002364 0.0385150 0.0017122 0.0051302 0.0001727 0.9999853
4.874319 0.0009958 -0.0004359 0.0775662 0.0030230 0.0098923 0.0007821 0.9999462
4.977967 0.0022491 -0.0008490 0.1174090 0.0035571 0.0135116 0.0006246 0.9999022
5.081656 0.0034568 -0.0013076 0.1580734 0.0039474 0.0164242 0.0005890 0.9998571
5.185269 0.0052177 -0.0017856 0.1992122 0.0047374 0.0188042 0.0012165 0.9998112
5.288943 0.0065814 -0.0023118 0.2409302 0.0055685 0.0211808 0.0007663 0.9997599
5.392622 0.0086908 -0.0028809 0.2835068 0.0060650 0.0231372 0.0009151 0.9997135
5.496314 0.0107315 -0.0033662 0.3272049 0.0056074 0.0246284 0.0007749 0.9996806
5.600026 0.0124861 -0.0040271 0.3709497 0.0045401 0.0260018 0.0009597 0.9996511
5.703641 0.0149059 -0.0045980 0.4156804 0.0040188 0.0269846 0.0011003 0.9996272
5.807340 0.0173046 -0.0049660 0.4610032 0.0043691 0.0280802 0.0022884 0.9995935
5.910955 0.0200348 -0.0055018 0.5070933 0.0043669 0.0284429 0.0023382 0.9995831
6.014715 0.0228230 -0.0060453 0.5537205 0.0048761 0.0287357 0.0033104 0.9995697
6.118447 0.0255363 -0.0066873 0.6007476 0.0049838 0.0286883 0.0032822 0.9995706
6.221927 0.0283266 -0.0073497 0.6484299 0.0058271 0.0283048 0.0032089 0.9995772
6.325669 0.0308806 -0.0078954 0.6968060 0.0057546 0.0277604 0.0033013 0.9995926
6.429280 0.0331355 -0.0087321 0.7458451 0.0051589 0.0270959 0.0028452 0.9996155
6.533021 0.0357598 -0.0092842 0.7956248 0.0055854 0.0264837 0.0032306 0.9996284
6.636673 0.0384112 -0.0100836 0.8462886 0.0058673 0.0259063 0.0033984 0.9996414
6.740399 0.0411124 -0.0107350 0.8981223 0.0061633 0.0254995 0.0036313 0.9996492
6.947755 0.0464184 -0.0121042 1.0021662 0.0052047 0.0243627 0.0046414 0.9996789
7.155209 0.0513955 -0.0131093 1.1088027 0.0048603 0.0236581 0.0060075 0.9996902
7.362568 0.0563064 -0.0150921 1.2157990 0.0054067 0.0227949 0.0066406 0.9997035
7.569925 0.0601332 -0.0169345 1.3248699 0.0047734 0.0228084 0.0073964 0.9997011
7.777286 0.0649161 -0.0182003 1.4368719 0.0046963 0.0229257 0.0083165 0.9996915
7.984696 0.0698240 -0.0195630 1.5501668 0.0056575 0.0232412 0.0079989 0.9996819
8.192118 0.0746436 -0.0214738 1.6657872 0.0063845 0.0246307 0.0070735 0.9996512
8.399546 0.0798328 -0.0230659 1.7836435 0.0060357 0.0257674 0.0069650 0.9996255
8.606978 0.0854709 -0.0245196 1.9028848 0.0062924 0.0268313 0.0050387 0.9996075
8.814436 0.0929344 -0.0263882 2.0244431 0.0073689 0.0301239 0.0049100 0.9995070
9.021867 0.1011555 -0.0290838 2.1477375 0.0066315 0.0348655 0.0028562 0.9993659
9.125548 0.1041942 -0.0300164 2.2086353 0.0071769 0.0376361 0.0018121 0.9992641
9.332783 0.1139844 -0.0330280 2.3320708 0.0087977 0.0421293 0.0018346 0.9990718
9.436507 0.1187358 -0.0345944 2.3938391 0.0090304 0.0447135 0.0012596 0.9989582
9.540126 0.1239865 -0.0360391 2.4565115 0.0089963 0.0473182 0.0003933 0.9988393
9.643856 0.1293749 -0.0379823 2.5191524 0.0084722 0.0502692 -0.0003378 0.9986997
9.747566 0.1358433 -0.0394010 2.5828094 0.0083340 0.0529621 -0.0006909 0.9985615
9.851216 0.1423865 -0.0406599 2.6465504 0.0084500 0.0559214 -0.0007105 0.9983991
9.954854 0.1491284 -0.0422712 2.7103148 0.0091161 0.0589168 -0.0005208 0.9982212
10.058450 0.1565721 -0.0438397 2.7743328 0.0097398 0.0618286 -0.0004538 0.9980391
10.162270 0.1640362 -0.0456650 2.8379016 0.0094701 0.0649343 -0.0003224 0.9978446
10.265950 0.1723679 -0.0472668 2.9025266 0.0094184 0.0678106 -0.0009394 0.9976533
10.369540 0.1807086 -0.0489519 2.9667699 0.0098288 0.0706067 -0.0012778 0.9974550
10.473330 0.1902198 -0.0502812 3.0315621 0.0103490 0.0730211 -0.0017813 0.9972751
10.577010 0.1994797 -0.0520632 3.0970819 0.0099503 0.0753528 -0.0008788 0.9971069
10.680800 0.2099306 -0.0536156 3.1622584 0.0099608 0.0771398 0.0004245 0.9969705
10.784490 0.2197330 -0.0553657 3.2282405 0.0102083 0.0791905 0.0009433 0.9968068
10.888380 0.2304143 -0.0574110 3.2938046 0.0103459 0.0806524 0.0009885 0.9966881
10.992100 0.2412429 -0.0592507 3.3598433 0.0103427 0.0822389 0.0006163 0.9965588
11.096280 0.2520505 -0.0611909 3.4262266 0.0106448 0.0842861 -0.0000565 0.9963847
11.199650 0.2633448 -0.0632255 3.4926264 0.0111312 0.0864360 -0.0004084 0.9961951
11.303360 0.2750769 -0.0650608 3.5596080 0.0110526 0.0887490 -0.0009761 0.9959922
11.407080 0.2868663 -0.0670071 3.6265826 0.0112845 0.0911162 -0.0009028 0.9957759
11.510570 0.2991906 -0.0695630 3.6921253 0.0112934 0.0934594 -0.0012989 0.9955582
11.614180 0.3116496 -0.0716032 3.7586348 0.0114108 0.0957894 -0.0015829 0.9953350
11.718020 0.3243189 -0.0737945 3.8250129 0.0110583 0.0980521 -0.0015424 0.9951186
11.821430 0.3373887 -0.0759370 3.8919308 0.0110982 0.1001768 -0.0009743 0.9949073
11.925060 0.3511862 -0.0782394 3.9597430 0.0113318 0.1022955 -0.0005075 0.9946894
12.028650 0.3649208 -0.0805317 4.0271187 0.0118359 0.1042356 -0.0004869 0.9944821
12.132140 0.3793706 -0.0825417 4.0954394 0.0127301 0.1060894 -0.0006494 0.9942749
12.235950 0.3938976 -0.0848933 4.1635509 0.0131974 0.1079676 -0.0002150 0.9940668
12.339620 0.4089424 -0.0874173 4.2312498 0.0136197 0.1094827 -0.0002755 0.9938954
12.546850 0.4387099 -0.0919325 4.3665571 0.0137868 0.1133743 -0.0003501 0.9934566
12.754210 0.4706652 -0.0966782 4.5038538 0.0138368 0.1171683 0.0015213 0.9930145
12.857820 0.4873195 -0.0990632 4.5728731 0.0134969 0.1185157 0.0019371 0.9928586
13.065050 0.5199441 -0.1038212 4.7101007 0.0136759 0.1214863 0.0011678 0.9924982
13.272410 0.5545031 -0.1091272 4.8482919 0.0157687 0.1246300 0.0004299 0.9920779
13.479770 0.5903916 -0.1156868 4.9867005 0.0166131 0.1278922 -0.0006562 0.9916487
13.687000 0.6273772 -0.1213948 5.1259565 0.0164819 0.1317628 -0.0004529 0.9911441
13.894440 0.6651362 -0.1274496 5.2653270 0.0158839 0.1358460 -0.0005231 0.9906025
13.998450 0.6849607 -0.1303827 5.3358488 0.0160966 0.1378098 -0.0011962 0.9903272
14.205920 0.7248213 -0.1364620 5.4754944 0.0168236 0.1412150 -0.0012073 0.9898353
14.412870 0.7655523 -0.1427990 5.6154141 0.0169584 0.1441401 -0.0001880 0.9894120
14.620330 0.8075463 -0.1489840 5.7540169 0.0166427 0.1467131 0.0012081 0.9890383
14.827390 0.8502569 -0.1543993 5.8942614 0.0174120 0.1495494 0.0006298 0.9886007
15.034850 0.8917056 -0.1600262 6.0334864 0.0188639 0.1527871 0.0002407 0.9880791
15.242180 0.9356202 -0.1669559 6.1754856 0.0196230 0.1557944 -0.0002673 0.9875945
15.449500 0.9806684 -0.1733075 6.3149757 0.0187103 0.1585627 0.0010091 0.9871711
15.656680 1.0268795 -0.1800285 6.4541202 0.0190190 0.1617119 -0.0001529 0.9866547
15.864040 1.0737265 -0.1872932 6.5935874 0.0185208 0.1655174 -0.0011352 0.9860323
16.071400 1.1216534 -0.1935906 6.7323227 0.0187455 0.1694669 -0.0020131 0.9853555
16.278760 1.1715168 -0.2010171 6.8686819 0.0186708 0.1733495 -0.0026299 0.9846799
16.486210 1.2211434 -0.2081404 7.0071926 0.0192637 0.1774631 -0.0024282 0.9839359
16.693380 1.2729329 -0.2155921 7.1442132 0.0195813 0.1813520 -0.0030447 0.9832186
16.900690 1.3240974 -0.2221187 7.2812190 0.0200705 0.1852936 -0.0022247 0.9824757
17.107930 1.3774958 -0.2286850 7.4184074 0.0215299 0.1889704 -0.0005850 0.9817466
17.315330 1.4265705 -0.2358212 7.5564141 0.0226526 0.1932326 0.0012535 0.9808906
17.522740 1.4827130 -0.2437367 7.6927304 0.0239115 0.1961293 0.0024857 0.9802833
17.730020 1.5395917 -0.2514385 7.8304796 0.0245964 0.1998269 0.0021606 0.9795201
17.937820 1.5964317 -0.2592083 7.9677911 0.0253752 0.2037120 0.0021949 0.9786995
18.041020 1.6263560 -0.2633095 8.0372019 0.0255557 0.2052478 0.0014128 0.9783753
18.144610 1.6567990 -0.2670270 8.1059732 0.0258367 0.2065109 0.0023462 0.9781003
18.248220 1.6870648 -0.2716110 8.1753597 0.0255164 0.2077801 0.0034205 0.9778367
18.455670 1.7493161 -0.2802902 8.3152962 0.0251423 0.2100893 0.0040132 0.9773507
18.559140 1.7804780 -0.2840170 8.3847084 0.0247880 0.2113117 0.0036806 0.9770975
18.663050 1.8116902 -0.2874841 8.4551306 0.0249218 0.2128788 0.0044428 0.9767506
18.766280 1.8429269 -0.2912590 8.5245790 0.0247778 0.2141490 0.0043605 0.9764770
18.869920 1.8737266 -0.2951887 8.5942993 0.0251667 0.2156034 0.0038407 0.9761491
18.973530 1.9060053 -0.2991616 8.6648026 0.0265016 0.2170367 0.0030848 0.9757988
19.077140 1.9382217 -0.3039805 8.7355194 0.0264205 0.2189153 0.0027833 0.9753821
19.180870 1.9730185 -0.3085393 8.8078575 0.0257658 0.2212261 0.0021841 0.9748797
19.284530 2.0063438 -0.3123218 8.8792543 0.0250269 0.2242530 0.0010201 0.9742090
19.388220 2.0404072 -0.3167319 8.9502506 0.0244082 0.2269488 0.0005400 0.9736006
19.491840 2.0753148 -0.3208364 9.0217800 0.0242563 0.2295788 0.0003826 0.9729877
19.595460 2.1103747 -0.3249731 9.0927649 0.0246262 0.2320866 0.0015515 0.9723821
19.699070 2.1461799 -0.3288953 9.1639795 0.0251196 0.2342404 0.0018899 0.9718523
19.802840 2.1818273 -0.3332870 9.2347584 0.0249702 0.2365336 0.0028516 0.9712982
19.906420 2.2193947 -0.3375057 9.3062840 0.0241124 0.2387288 0.0026439 0.9707833
20.010030 2.2569623 -0.3417003 9.3767653 0.0235030 0.2404771 0.0024418 0.9703671
20.217270 2.3319280 -0.3505597 9.5184193 0.0231852 0.2454207 0.0016403 0.9691380
20.320880 2.3711524 -0.3548844 9.5897932 0.0232038 0.2473803 0.0028674 0.9686363
20.424500 2.4104021 -0.3592849 9.6610975 0.0229495 0.2495023 0.0033946 0.9680963
20.631730 2.4901156 -0.3680627 9.8068638 0.0220600 0.2537983 0.0029032 0.9670012
20.735350 2.5312235 -0.3724017 9.8799715 0.0215059 0.2553081 0.0029510 0.9666160
20.942580 2.6171381 -0.3816074 10.0289965 0.0216897 0.2578202 0.0006013 0.9659492
21.046320 2.6591666 -0.3858157 10.1029100 0.0220473 0.2596059 -0.0013271 0.9654620
21.149940 2.7008245 -0.3899873 10.1752539 0.0210125 0.2612426 -0.0021398 0.9650421
21.253550 2.7435699 -0.3940772 10.2474661 0.0206483 0.2626342 -0.0015549 0.9646733
21.357170 2.7850993 -0.3980935 10.3190975 0.0209441 0.2645447 -0.0019525 0.9641440
21.460820 2.8273120 -0.4024332 10.3898344 0.0206736 0.2659546 -0.0026775 0.9637601
21.564620 2.8687167 -0.4067933 10.4605122 0.0188724 0.2680118 -0.0033090 0.9632251
21.668140 2.9100015 -0.4109852 10.5293655 0.0177121 0.2698972 -0.0038893 0.9627184
21.771790 2.9512377 -0.4147341 10.5981588 0.0174278 0.2717273 -0.0042265 0.9622072
21.875360 2.9923711 -0.4183421 10.6661701 0.0177410 0.2736428 -0.0040555 0.9616592
21.979040 3.0336678 -0.4222719 10.7336531 0.0172721 0.2755171 -0.0040015 0.9611326
22.082650 3.0750389 -0.4259930 10.8011389 0.0168778 0.2774490 -0.0040275 0.9605836
22.186210 3.1165137 -0.4296679 10.8682775 0.0165222 0.2796422 -0.0058575 0.9599442
22.290250 3.1584308 -0.4333799 10.9356546 0.0167985 0.2816021 -0.0110104 0.9593210
22.393570 3.1991386 -0.4375018 11.0021172 0.0202373 0.2839913 -0.0158795 0.9584817
22.497250 3.2413342 -0.4423124 11.0684004 0.0243324 0.2857173 -0.0115450 0.9579354
22.600850 3.2838633 -0.4472182 11.1340847 0.0232148 0.2866636 -0.0074401 0.9577211
22.808100 3.3697836 -0.4546713 11.2663441 0.0131609 0.2905753 -0.0078868 0.9567291
22.911770 3.4125659 -0.4573995 11.3314571 0.0106891 0.2928060 -0.0100536 0.9560593
23.119010 3.4983683 -0.4636908 11.4604664 0.0123643 0.2966640 -0.0081110 0.9548674
23.326370 3.5828118 -0.4704736 11.5868654 0.0165257 0.3000543 -0.0065675 0.9537564
23.533710 3.6673768 -0.4772258 11.7095938 0.0160505 0.3047664 -0.0065966 0.9522690
23.741080 3.7485642 -0.4824742 11.8220682 0.0160445 0.3085891 -0.0060724 0.9510407
23.948430 3.8266652 -0.4900983 11.9141254 0.0159678 0.3115769 -0.0058782 0.9500686
24.155650 3.9025741 -0.4965358 11.9894228 0.0139508 0.3142734 -0.0025390 0.9492266
24.363000 3.9218194 -0.4954190 12.0541239 0.0135742 0.3218807 -0.0053675 0.9466677
24.570240 3.9333560 -0.4930444 12.0932169 0.0153254 0.3292480 -0.0112425 0.9440522
24.777590 3.9346230 -0.4929515 12.1018229 0.0151582 0.3370813 -0.0149824 0.9412342
25.399160 3.9528849 -0.4953467 12.1682119 0.0104687 0.3551383 -0.0074487 0.9347255
25.606390 3.9549615 -0.4963519 12.1694841 0.0106336 0.3529836 -0.0150209 0.9354485
25.813620 3.9591887 -0.4959460 12.1794281 0.0119636 0.3522742 -0.0176850 0.9356533
26.020850 3.9641397 -0.4964879 12.1851931 0.0114868 0.3489727 -0.0164473 0.9369181
26.228100 3.9693050 -0.4967884 12.1905308 0.0112298 0.3459967 -0.0208912 0.9379359
26.435440 3.9735577 -0.4969033 12.1940756 0.0088406 0.3449745 -0.0289803 0.9381229
26.642670 3.9742362 -0.4972021 12.1942949 0.0083241 0.3433543 -0.0282221 0.9387449
26.849920 3.9765337 -0.4973800 12.1965160 0.0060932 0.3419570 -0.0278046 0.9392844
27.057260 3.9793220 -0.4974762 12.1991911 0.0071554 0.3402924 -0.0296721 0.9398242
27.264530 3.9821072 -0.4975286 12.2015562 0.0080283 0.3384919 -0.0282219 0.9405118
27.471850 3.9851339 -0.4977258 12.2049274 0.0075949 0.3368772 -0.0274210 0.9411186
27.679200 3.9880056 -0.4979396 12.2082052 0.0067646 0.3356203 -0.0273146 0.9415770
27.886560 3.9908357 -0.4979772 12.2108459 0.0070632 0.3344796 -0.0281114 0.9419571
28.093790 3.9930117 -0.4981985 12.2134533 0.0072782 0.3338209 -0.0279488 0.9421940
28.508250 3.9987593 -0.4984769 12.2191010 0.0064033 0.3329644 -0.0285014 0.9424868
28.715630 4.0009031 -0.4986832 12.2218122 0.0057642 0.3336227 -0.0277160 0.9422815
28.922840 4.0038018 -0.4987848 12.2244959 0.0046779 0.3332154 -0.0284740 0.9424090
29.130070 4.0062647 -0.4988886 12.2272224 0.0053901 0.3333479 -0.0286896 0.9423519
29.337430 4.0091701 -0.4990451 12.2298899 0.0051614 0.3324031 -0.0282221 0.9427009
29.544660 4.0117507 -0.4991510 12.2325068 0.0057490 0.3321181 -0.0288741 0.9427782
29.855620 4.0158715 -0.4993333 12.2363958 0.0041303 0.3310315 -0.0286945 0.9431742
30.062730 4.0185108 -0.4994166 12.2390156 0.0049132 0.3306132 -0.0280552 0.9433364
30.373580 4.0231142 -0.4994614 12.2427750 0.0046206 0.3290193 -0.0284160 0.9438843
30.684470 4.0270042 -0.4995662 12.2463408 0.0034218 0.3287994 -0.0279197 0.9439808
30.995560 4.0311723 -0.4996661 12.2497396 0.0053277 0.3284655 -0.0286885 0.9440652
31.617470 4.0400095 -0.4995658 12.2551003 0.0053123 0.3257320 -0.0261654 0.9450851
31.928570 4.0443587 -0.4993132 12.2566872 0.0048549 0.3242366 -0.0248989 0.9456358
32.239540 4.0492711 -0.4994747 12.2592106 0.0042894 0.3216661 -0.0242851 0.9465320
32.550780 4.0536351 -0.4997912 12.2645435 0.0033903 0.3206445 -0.0254961 0.9468504
32.861740 4.0576982 -0.5000673 12.2696533 0.0039501 0.3196788 -0.0244171 0.9472030
33.172920 4.0619941 -0.5003753 12.2747517 0.0036845 0.3183426 -0.0244215 0.9476539
33.483810 4.0663328 -0.5006743 12.2797995 0.0029786 0.3167513 -0.0250412 0.9481733
33.794940 4.0707774 -0.5009188 12.2849445 0.0031095 0.3158678 -0.0265313 0.9484271
34.105990 4.0740976 -0.5010003 12.2893229 0.0018930 0.3158387 -0.0262183 0.9484487
34.417100 4.0774517 -0.5012296 12.2937078 0.0040108 0.3159857 -0.0265198 0.9483848
34.728060 4.0806746 -0.5014173 12.2980433 0.0031983 0.3160116 -0.0257604 0.9484001
35.039150 4.0838451 -0.5016047 12.3022680 0.0032559 0.3153233 -0.0265722 0.9486066
35.350130 4.0870123 -0.5017787 12.3065405 0.0026419 0.3148985 -0.0266403 0.9487478
35.661090 4.0901523 -0.5019715 12.3107548 0.0029940 0.3142591 -0.0269840 0.9489490
36.075840 4.0942974 -0.5022217 12.3162775 0.0039002 0.3131075 -0.0265960 0.9493372
36.386840 4.0972943 -0.5024030 12.3203449 0.0028616 0.3121772 -0.0260997 0.9496610
36.697760 4.1002669 -0.5025934 12.3243809 0.0025571 0.3113973 -0.0259425 0.9499222
37.008850 4.1032104 -0.5027648 12.3284178 0.0034591 0.3109566 -0.0264347 0.9500501
37.319950 4.1062155 -0.5029431 12.3325062 0.0030293 0.3110479 -0.0275217 0.9499909
37.734660 4.1101451 -0.5031874 12.3378849 0.0028656 0.3122268 -0.0274766 0.9496058
38.045630 4.1130996 -0.5033810 12.3418531 0.0028083 0.3122886 -0.0275255 0.9495843
38.356480 4.1160836 -0.5035568 12.3458185 0.0036321 0.3119574 -0.0264765 0.9497201
38.667310 4.1194015 -0.5036996 12.3500204 0.0040169 0.3107435 -0.0262944 0.9501215
38.978300 4.1224155 -0.5038993 12.3539810 0.0039036 0.3097649 -0.0273271 0.9504124
39.392880 4.1262169 -0.5041226 12.3590555 0.0032604 0.3084810 -0.0260337 0.9508686
39.703850 4.1290398 -0.5042722 12.3628483 0.0045049 0.3071678 -0.0260884 0.9512870
40.014950 4.1317768 -0.5044088 12.3665266 0.0046983 0.3057299 -0.0263791 0.9517412
40.325920 4.1330867 -0.5044758 12.3694067 0.0054129 0.3050694 -0.0270940 0.9519292
40.637020 4.1343126 -0.5046372 12.3722973 0.0048451 0.3052057 -0.0266958 0.9518998
40.947990 4.1355872 -0.5047985 12.3752842 0.0053108 0.3058330 -0.0284359 0.9516456
41.258960 4.1367240 -0.5049815 12.3783922 0.0044659 0.3058229 -0.0248414 0.9517538
42.295640 4.1403742 -0.5054655 12.3857670 0.0064724 0.3019074 -0.0252750 0.9529802
42.606580 4.1404648 -0.5055420 12.3875265 0.0065002 0.3017982 -0.0256425 0.9530048
43.332030 4.1411977 -0.5057692 12.3925362 0.0062886 0.3058076 -0.0263765 0.9517071
43.746480 4.1425004 -0.5058532 12.3956079 0.0064285 0.3070940 -0.0265804 0.9512862
44.575530 4.1437955 -0.5061433 12.4013529 0.0071773 0.3064704 -0.0254505 0.9515128
44.990110 4.1439500 -0.5062182 12.4033127 0.0062366 0.3038972 -0.0244230 0.9523713
46.130280 4.1456757 -0.5065818 12.4108753 0.0040880 0.3045033 -0.0268545 0.9521239
46.544720 4.1474929 -0.5067776 12.4138374 0.0044039 0.3030739 -0.0262485 0.9525953
46.959440 4.1480007 -0.5069076 12.4166870 0.0013413 0.3034757 -0.0251244 0.9525069
47.373770 4.1483212 -0.5070510 12.4196911 0.0024722 0.3020442 -0.0223203 0.9530294
47.789310 4.1486015 -0.5071813 12.4226999 0.0003815 0.3005547 -0.0217345 0.9535168
48.514170 4.1497941 -0.5074574 12.4284992 -0.0005108 0.2982054 -0.0213379 0.9542630
48.928780 4.1502748 -0.5076354 12.4319324 -0.0010444 0.2979884 -0.0220183 0.9543149
49.964780 4.1504645 -0.5075800 12.4405136 -0.0013210 0.3009627 -0.0228409 0.9533615
51.830730 4.1531010 -0.5084532 12.4600925 -0.0082894 0.3025765 -0.0181648 0.9529159
52.245440 4.1546121 -0.5087032 12.4644661 -0.0060240 0.3031082 -0.0155982 0.9528094
52.660280 4.1552777 -0.5089281 12.4689903 -0.0058988 0.3047662 -0.0151375 0.9522886
53.074870 4.1551571 -0.5091404 12.4737167 -0.0052851 0.3067873 -0.0124772 0.9516817
53.904040 4.1584969 -0.5096300 12.4838629 -0.0059856 0.3070251 -0.0122890 0.9516032
54.318750 4.1583409 -0.5098115 12.4886951 -0.0045672 0.3084216 -0.0104382 0.9511815
54.733340 4.1597290 -0.5099489 12.4940739 -0.0033577 0.3090889 -0.0062491 0.9510067
55.044310 4.1606240 -0.5100626 12.4981403 -0.0047991 0.3094978 -0.0092470 0.9508431
55.769890 4.1621194 -0.5105945 12.5085926 -0.0033954 0.3102382 -0.0073126 0.9506247
56.080860 4.1624489 -0.5108575 12.5130577 -0.0030562 0.3108355 -0.0049871 0.9504457
56.495310 4.1631246 -0.5111961 12.5194254 -0.0063542 0.3126306 -0.0070052 0.9498277
56.806030 4.1646867 -0.5115286 12.5247841 -0.0049842 0.3139967 -0.0062891 0.9493902
57.117000 4.1659789 -0.5117917 12.5295973 -0.0042946 0.3149060 -0.0020581 0.9491109
57.427720 4.1671386 -0.5119804 12.5348387 -0.0033443 0.3159537 -0.0006893 0.9487685
57.738590 4.1682653 -0.5123940 12.5404444 -0.0014350 0.3164314 0.0033723 0.9486083
58.049530 4.1700511 -0.5126904 12.5461130 -0.0064234 0.3169474 0.0045295 0.9484106
58.360400 4.1714272 -0.5130337 12.5517988 -0.0050945 0.3173607 0.0061023 0.9482716
58.671360 4.1725116 -0.5131066 12.5581284 -0.0043599 0.3187411 0.0095355 0.9477838
58.982460 4.1737027 -0.5133380 12.5644655 -0.0049314 0.3196260 0.0135311 0.9474343
59.293570 4.1767154 -0.5136756 12.5715990 -0.0045863 0.3197140 0.0149420 0.9473852
59.500910 4.1780972 -0.5138222 12.5761528 -0.0039488 0.3199609 0.0163585 0.9472813
59.708260 4.1794534 -0.5141306 12.5810175 -0.0034089 0.3204456 0.0174186 0.9471006
59.915740 4.1806216 -0.5142995 12.5861292 -0.0019290 0.3215201 0.0198396 0.9466929
60.123100 4.1817021 -0.5144712 12.5912933 -0.0010825 0.3225462 0.0233673 0.9462646
60.330460 4.1826286 -0.5147806 12.5967016 -0.0016154 0.3243785 0.0256694 0.9455776
60.745170 4.1842132 -0.5154094 12.6083727 0.0000782 0.3300831 0.0320156 0.9434088
60.952400 4.1846890 -0.5157470 12.6146183 0.0016449 0.3334865 0.0370593 0.9420248
61.263370 4.1890173 -0.5161095 12.6243896 0.0047877 0.3358541 0.0424123 0.9409465
61.470630 4.1903419 -0.5162342 12.6309872 0.0052685 0.3386488 0.0466166 0.9397426
61.677850 4.1960802 -0.5166745 12.6385174 0.0079475 0.3387916 0.0489401 0.9395541
61.885240 4.2025928 -0.5163445 12.6459351 0.0065325 0.3377952 0.0484518 0.9399490
62.092420 4.2065334 -0.5160069 12.6531553 0.0050289 0.3388999 0.0487564 0.9395448
62.300010 4.2132978 -0.5152578 12.6606569 0.0053724 0.3382006 0.0446427 0.9399992
62.507020 4.2185907 -0.5146771 12.6681242 0.0067971 0.3380787 0.0433061 0.9400964
62.714120 4.2230344 -0.5148801 12.6755600 0.0081644 0.3385522 0.0446157 0.9398538
62.921550 4.2252517 -0.5150618 12.6834345 0.0086467 0.3423467 0.0445592 0.9384767
63.128570 4.2257919 -0.5162964 12.6878138 0.0071605 0.3436660 0.0455383 0.9379598
63.335690 4.2265239 -0.5164713 12.6902857 0.0063717 0.3438385 0.0454589 0.9379061
63.542910 4.2283697 -0.5166149 12.6932325 0.0061766 0.3434177 0.0460576 0.9380324
63.750030 4.2293439 -0.5166216 12.6945763 0.0074576 0.3421951 0.0461702 0.9384643
63.957240 4.2315369 -0.5166219 12.6973886 0.0091545 0.3409199 0.0456567 0.9389384
64.267970 4.2350097 -0.5166295 12.7015877 0.0085662 0.3387935 0.0456065 0.9397157
64.475200 4.2373047 -0.5166351 12.7043819 0.0096335 0.3384399 0.0441568 0.9399020
64.682580 4.2396870 -0.5165995 12.7071609 0.0109707 0.3375315 0.0438619 0.9402277
64.889620 4.2419081 -0.5166219 12.7099800 0.0108782 0.3370001 0.0443054 0.9403986
65.096770 4.2442813 -0.5166239 12.7128372 0.0099776 0.3362331 0.0441871 0.9406887
65.304130 4.2464404 -0.5166101 12.7156200 0.0089602 0.3357164 0.0439416 0.9408950
65.511370 4.2485385 -0.5166630 12.7184334 0.0084131 0.3352806 0.0455036 0.9409811
65.719300 4.2508898 -0.5166323 12.7212372 0.0126155 0.3345079 0.0434341 0.9413069
65.926080 4.2531095 -0.5166744 12.7240324 0.0162504 0.3338033 0.0425327 0.9415425
66.133430 4.2553830 -0.5167220 12.7268686 0.0144454 0.3330730 0.0431986 0.9418002
66.340900 4.2576222 -0.5167575 12.7296972 0.0119529 0.3325198 0.0433683 0.9420227
66.548250 4.2599168 -0.5167841 12.7325811 0.0118914 0.3319434 0.0439863 0.9421982
66.755490 4.2622032 -0.5168161 12.7354441 0.0128577 0.3315866 0.0434753 0.9423348
66.962720 4.2645073 -0.5168524 12.7383442 0.0141892 0.3309512 0.0431683 0.9425532
67.169960 4.2667732 -0.5168937 12.7411985 0.0135069 0.3302833 0.0435651 0.9427792
67.377190 4.2690263 -0.5169346 12.7440376 0.0137456 0.3297394 0.0438688 0.9429520
67.584290 4.2713132 -0.5169736 12.7469244 0.0150448 0.3293218 0.0435252 0.9430940
67.791520 4.2735920 -0.5170248 12.7498131 0.0160358 0.3288576 0.0434654 0.9432424
67.998740 4.2758470 -0.5170753 12.7526827 0.0149972 0.3281052 0.0435425 0.9435179
68.205860 4.2781119 -0.5171250 12.7555838 0.0159850 0.3274216 0.0441251 0.9437121
68.412960 4.2803602 -0.5171750 12.7584648 0.0158470 0.3269758 0.0433771 0.9439037
68.620200 4.2825670 -0.5172394 12.7612906 0.0177078 0.3266111 0.0421216 0.9440537
68.827300 4.2847633 -0.5172986 12.7641335 0.0181308 0.3262301 0.0418975 0.9441873
69.034420 4.2869792 -0.5173629 12.7669678 0.0171593 0.3256408 0.0428782 0.9443649
69.241640 4.2891641 -0.5174258 12.7697649 0.0184318 0.3252191 0.0415672 0.9445449
69.448870 4.2913647 -0.5175099 12.7725887 0.0194620 0.3249504 0.0417442 0.9446089
69.656100 4.2935362 -0.5175813 12.7753849 0.0193077 0.3243204 0.0419674 0.9448186
69.863330 4.2957110 -0.5176572 12.7782021 0.0187868 0.3239810 0.0416125 0.9449612
70.070460 4.2978830 -0.5177413 12.7810049 0.0190923 0.3234293 0.0412111 0.9451617
70.277680 4.3000035 -0.5178184 12.7837811 0.0191520 0.3231049 0.0406568 0.9452955
70.485050 4.3021960 -0.5178967 12.7866526 0.0199414 0.3225595 0.0407482 0.9454614
70.795990 4.3053703 -0.5180247 12.7908096 0.0216630 0.3214387 0.0410393 0.9457926
71.003350 4.3071189 -0.5181251 12.7931757 0.0230790 0.3209172 0.0396789 0.9459943
71.314340 4.3104072 -0.5182849 12.7974586 0.0223740 0.3198163 0.0385666 0.9464299
71.625410 4.3134212 -0.5184394 12.8014612 0.0222408 0.3188131 0.0389049 0.9467576
71.832900 4.3153963 -0.5185370 12.8040810 0.0228729 0.3179320 0.0396469 0.9470080
72.143990 4.3183165 -0.5186942 12.8079910 0.0239935 0.3166555 0.0399915 0.9473934
72.351370 4.3203125 -0.5188028 12.8106947 0.0255391 0.3162470 0.0396466 0.9475040
72.662320 4.3233280 -0.5189760 12.8147364 0.0254596 0.3153358 0.0393278 0.9478230
72.869690 4.3253317 -0.5191094 12.8174295 0.0264332 0.3149290 0.0382850 0.9479743
73.077160 4.3273301 -0.5192372 12.8201084 0.0273348 0.3143508 0.0382153 0.9481434
73.284400 4.3293247 -0.5193675 12.8227930 0.0267604 0.3137929 0.0380610 0.9483508
73.491740 4.3313470 -0.5195176 12.8255577 0.0270243 0.3134513 0.0377998 0.9484667
73.802720 4.3343897 -0.5197427 12.8297014 0.0268153 0.3125235 0.0368542 0.9488160
74.113680 4.3374414 -0.5199901 12.8339767 0.0260942 0.3119515 0.0375841 0.9489956
74.424700 4.3403182 -0.5200931 12.8372421 0.0261151 0.3102445 0.0377689 0.9495472
74.632010 4.3423796 -0.5202298 12.8400946 0.0263146 0.3099564 0.0372506 0.9496562
74.942980 4.3453817 -0.5204448 12.8442030 0.0265205 0.3091900 0.0371293 0.9499051
75.253960 4.3483915 -0.5206447 12.8482780 0.0256130 0.3091661 0.0370488 0.9499409
75.565050 4.3514233 -0.5208303 12.8523932 0.0245355 0.3093469 0.0370061 0.9499121
75.876160 4.3545947 -0.5210027 12.8567238 0.0246359 0.3093770 0.0370527 0.9498979
76.186870 4.3578024 -0.5212119 12.8611727 0.0259516 0.3093231 0.0374915 0.9498632
76.808450 4.3625636 -0.5208638 12.8642340 0.0266245 0.3021855 0.0382638 0.9521087
77.119180 4.3652802 -0.5209779 12.8678226 0.0250403 0.3009226 0.0387119 0.9525334
77.740860 4.3691597 -0.5217463 12.8750210 0.0234177 0.3001856 0.0391138 0.9527908
78.051830 4.3713646 -0.5218655 12.8785076 0.0249427 0.2995250 0.0382575 0.9529948
78.673770 4.3762789 -0.5220857 12.8847761 0.0227790 0.2979342 0.0381450 0.9535519
78.984610 4.3785658 -0.5221004 12.8873596 0.0235309 0.2980525 0.0380375 0.9535010
79.295580 4.3809147 -0.5222709 12.8908873 0.0229058 0.2990438 0.0379516 0.9532092
79.606430 4.3831592 -0.5224027 12.8940973 0.0237147 0.2998407 0.0383184 0.9529244
79.917400 4.3856254 -0.5224078 12.8968983 0.0234062 0.3008021 0.0384143 0.9526251
80.228390 4.3881636 -0.5225208 12.9002609 0.0216559 0.3043555 0.0376378 0.9515682
80.642960 4.3918705 -0.5224582 12.9033966 0.0218159 0.3069886 0.0368022 0.9507511
82.508540 4.4071879 -0.5227762 12.9203510 0.0229927 0.3132440 0.0383162 0.9486208
82.819520 4.4095373 -0.5229158 12.9232626 0.0224019 0.3116606 0.0381225 0.9491641
83.130480 4.4119167 -0.5230083 12.9262152 0.0187309 0.3084260 0.0405915 0.9501973
83.441640 4.4142790 -0.5229836 12.9287777 0.0243731 0.3045076 0.0387088 0.9514109
84.478430 4.4216986 -0.5233619 12.9381151 0.0205247 0.2908414 0.0404625 0.9556949
84.789410 4.4236898 -0.5234627 12.9410553 0.0202613 0.2902160 0.0381273 0.9559867
85.100490 4.4256968 -0.5235714 12.9440613 0.0203706 0.2898171 0.0386293 0.9560851
85.411440 4.4277096 -0.5237132 12.9468117 0.0204534 0.2890716 0.0389270 0.9562970
85.723090 4.4297514 -0.5238252 12.9496641 0.0193464 0.2875321 0.0400367 0.9567382
86.033690 4.4316759 -0.5239213 12.9524555 0.0185607 0.2860019 0.0400101 0.9572135
86.344470 4.4336586 -0.5240236 12.9552965 0.0209483 0.2831635 0.0412751 0.9579540
88.107400 4.4443359 -0.5242000 12.9710140 0.0180507 0.2725741 0.0424721 0.9610274
88.314960 4.4454341 -0.5242935 12.9728651 0.0181784 0.2733309 0.0403103 0.9609032
88.625980 4.4472160 -0.5243487 12.9754639 0.0164214 0.2735468 0.0395980 0.9609029
88.833470 4.4483628 -0.5244027 12.9772978 0.0146732 0.2747000 0.0387914 0.9606351
89.144560 4.4500356 -0.5244733 12.9799461 0.0140510 0.2759183 0.0418016 0.9601689
89.351910 4.4511113 -0.5245074 12.9816532 0.0146058 0.2766416 0.0453071 0.9597934
89.559150 4.4521623 -0.5245534 12.9833069 0.0158987 0.2774819 0.0484452 0.9593769
89.766510 4.4532027 -0.5245947 12.9849491 0.0171378 0.2785206 0.0515045 0.9588951
89.973980 4.4542456 -0.5246354 12.9865723 0.0180989 0.2800274 0.0537865 0.9583132
90.181340 4.4552693 -0.5246657 12.9881687 0.0184841 0.2820666 0.0568035 0.9575334
90.388820 4.4562612 -0.5247014 12.9896984 0.0191139 0.2841389 0.0598747 0.9567208
90.596170 4.4572668 -0.5247252 12.9912167 0.0194953 0.2880550 0.0612140 0.9554565
90.803530 4.4582386 -0.5247514 12.9926767 0.0189503 0.2942814 0.0628378 0.9534625
91.011010 4.4592266 -0.5247831 12.9941006 0.0187210 0.3022982 0.0626195 0.9509701
91.218370 4.4602165 -0.5248115 12.9954586 0.0187788 0.3142703 0.0621217 0.9471127
91.425850 4.4612417 -0.5248314 12.9967775 0.0189542 0.3286113 0.0640580 0.9420998
91.633230 4.4622951 -0.5248486 12.9980316 0.0188586 0.3436396 0.0672470 0.9365010
91.840690 4.4633660 -0.5248525 12.9992409 0.0182924 0.3603085 0.0695722 0.9300553
92.048160 4.4644747 -0.5248498 13.0003939 0.0188331 0.3783334 0.0704575 0.9227919
92.255650 4.4656448 -0.5248379 13.0015335 0.0168338 0.3981012 0.0731201 0.9142678
92.463120 4.4668584 -0.5248145 13.0026045 0.0155235 0.4188806 0.0737352 0.9049096
92.670480 4.4681206 -0.5247856 13.0036421 0.0152958 0.4408301 0.0737728 0.8944230
92.981700 4.4700241 -0.5247313 13.0050230 0.0108251 0.4752055 0.0763247 0.8764913
93.189210 4.4714437 -0.5246574 13.0059023 0.0096036 0.4983204 0.0779867 0.8634250
93.396540 4.4728642 -0.5245711 13.0066843 0.0108250 0.5210665 0.0780239 0.8498734
93.604020 4.4743090 -0.5244933 13.0073795 0.0103048 0.5439386 0.0787576 0.8353574
93.811380 4.4757962 -0.5244020 13.0080042 0.0083469 0.5673354 0.0799962 0.8195495
94.018900 4.4773331 -0.5243015 13.0085411 0.0085290 0.5907459 0.0803063 0.8028060
94.226290 4.4789023 -0.5241885 13.0089893 0.0071485 0.6132750 0.0817691 0.7855931
94.433570 4.4804978 -0.5240635 13.0093603 0.0046262 0.6357279 0.0818674 0.7675457
94.640800 4.4821177 -0.5239307 13.0096321 0.0035584 0.6569736 0.0811684 0.7495230
94.951890 4.4845781 -0.5237078 13.0098753 0.0020295 0.6871019 0.0827202 0.7218339
95.159370 4.4862504 -0.5235494 13.0099335 0.0006993 0.7066323 0.0826465 0.7027375
95.366730 4.4878769 -0.5233784 13.0098772 0.0000798 0.7251566 0.0824786 0.6836265
95.574090 4.4895754 -0.5231947 13.0097599 -0.0001599 0.7425975 0.0828814 0.6645898
95.781570 4.4912639 -0.5230072 13.0095387 -0.0014470 0.7591540 0.0834931 0.6455323
96.092540 4.4938755 -0.5226997 13.0090399 -0.0007696 0.7841768 0.0813964 0.6151755
96.299770 4.4955015 -0.5225069 13.0086021 -0.0024305 0.8005591 0.0801058 0.5938706
96.403410 4.4963598 -0.5223975 13.0083456 -0.0033549 0.8086947 0.0805122 0.5826830
96.610910 4.4980102 -0.5221834 13.0077620 -0.0056736 0.8245858 0.0812592 0.5598419
96.818220 4.4996438 -0.5219562 13.0070772 -0.0057080 0.8402094 0.0799205 0.5363099
97.025580 4.5012603 -0.5217260 13.0062914 -0.0070888 0.8549837 0.0801093 0.5123817
97.233060 4.5028272 -0.5214879 13.0054178 -0.0084237 0.8695512 0.0797493 0.4872882
97.440420 4.5043445 -0.5212455 13.0044527 -0.0099403 0.8836830 0.0786079 0.4613310
97.647900 4.5057759 -0.5210118 13.0034056 -0.0115764 0.8971658 0.0778327 0.4346280
97.751640 4.5064926 -0.5208839 13.0028324 -0.0117526 0.9035988 0.0778557 0.4210815
98.062740 4.5085173 -0.5204886 13.0010052 -0.0135832 0.9216081 0.0771679 0.3801304
98.270110 4.5097580 -0.5202445 12.9996910 -0.0149166 0.9326758 0.0755696 0.3523954
98.373830 4.5103612 -0.5201184 12.9990015 -0.0153154 0.9378246 0.0756588 0.3384172
98.581060 4.5115013 -0.5198644 12.9975691 -0.0169082 0.9476451 0.0752476 0.3098720
98.684800 4.5120406 -0.5197290 12.9968090 -0.0168979 0.9522957 0.0742818 0.2955157
98.892150 4.5130563 -0.5194702 12.9952698 -0.0174724 0.9608571 0.0717955 0.2670089
98.995770 4.5135417 -0.5193506 12.9944630 -0.0181890 0.9646602 0.0711896 0.2530454
99.203130 4.5144248 -0.5190981 12.9928188 -0.0198657 0.9714864 0.0713678 0.2252246
99.306750 4.5148268 -0.5189676 12.9919662 -0.0201333 0.9745924 0.0705923 0.2116154
99.410360 4.5152140 -0.5188403 12.9911070 -0.0207872 0.9774669 0.0697283 0.1981520
99.513970 4.5155764 -0.5187188 12.9902420 -0.0210479 0.9800704 0.0693257 0.1849674
99.721330 4.5162315 -0.5184692 12.9884605 -0.0209286 0.9845654 0.0685277 0.1596775
99.928690 4.5167994 -0.5182279 12.9866228 -0.0214529 0.9882896 0.0670608 0.1353746
100.136200 4.5172920 -0.5179808 12.9847336 -0.0237030 0.9911553 0.0674671 0.1117928
100.343500 4.5176973 -0.5177299 12.9828186 -0.0240100 0.9934934 0.0656754 0.0898945
100.550800 4.5180140 -0.5174986 12.9808998 -0.0238061 0.9950955 0.0653293 0.0703582
100.758000 4.5183001 -0.5172310 12.9788580 -0.0223915 0.9962492 0.0638975 0.0538819
100.965200 4.5185080 -0.5169684 12.9768162 -0.0208555 0.9970711 0.0620315 0.0395767
101.068800 4.5185828 -0.5168588 12.9757977 -0.0209841 0.9973196 0.0618559 0.0329732
101.276200 4.5187130 -0.5166163 12.9737368 -0.0206063 0.9976981 0.0611131 0.0209516
101.379800 4.5187502 -0.5165011 12.9727116 -0.0214198 0.9978088 0.0606925 0.0153409
101.483400 4.5187812 -0.5163839 12.9716816 -0.0215071 0.9978766 0.0606178 0.0102554
101.690600 4.5188160 -0.5161434 12.9695854 -0.0212100 0.9978700 0.0616225 0.0028937
101.897900 4.5188408 -0.5159037 12.9674816 -0.0208348 0.9978824 0.0615645 -0.0025602
102.105200 4.5188150 -0.5156721 12.9654284 -0.0218427 0.9978222 0.0617645 -0.0076824
102.312600 4.5187693 -0.5154554 12.9634142 -0.0220865 0.9977580 0.0621336 -0.0114314
102.416200 4.5187454 -0.5153421 12.9623966 -0.0223480 0.9977337 0.0621500 -0.0128641
102.623600 4.5186877 -0.5151148 12.9603424 -0.0219265 0.9977565 0.0614295 -0.0150839
102.830900 4.5186315 -0.5148875 12.9582615 -0.0217615 0.9977427 0.0613107 -0.0166433
103.038300 4.5185528 -0.5146618 12.9561415 -0.0219910 0.9977267 0.0611622 -0.0178058
103.245700 4.5184903 -0.5144320 12.9540386 -0.0219201 0.9976462 0.0621550 -0.0189326
103.453000 4.5184150 -0.5141962 12.9519157 -0.0219285 0.9975963 0.0625709 -0.0201408
103.660300 4.5183320 -0.5139660 12.9498386 -0.0225599 0.9975896 0.0620753 -0.0212753
103.867700 4.5182528 -0.5137346 12.9477587 -0.0230639 0.9974895 0.0630436 -0.0225461
104.075100 4.5181704 -0.5135040 12.9456911 -0.0237524 0.9975135 0.0619414 -0.0237867
104.282300 4.5180802 -0.5132839 12.9436474 -0.0241125 0.9975865 0.0600080 -0.0252757
104.489800 4.5179791 -0.5130653 12.9416056 -0.0237743 0.9975782 0.0593816 -0.0273189
104.697300 4.5178757 -0.5128514 12.9396057 -0.0239557 0.9974170 0.0598259 -0.0317236
104.904600 4.5177484 -0.5126481 12.9376469 -0.0252614 0.9971453 0.0595079 -0.0390115
105.112100 4.5175819 -0.5124592 12.9357023 -0.0259188 0.9967325 0.0589169 -0.0487986
105.319400 4.5173783 -0.5122712 12.9337788 -0.0278299 0.9959580 0.0592484 -0.0615046
105.526900 4.5171208 -0.5120890 12.9318933 -0.0289895 0.9948719 0.0581923 -0.0774804
105.734400 4.5168028 -0.5119165 12.9300680 -0.0294906 0.9933537 0.0556840 -0.0963226
105.941900 4.5164142 -0.5117680 12.9282913 -0.0300303 0.9911683 0.0537665 -0.1174427
106.149400 4.5159521 -0.5116221 12.9265442 -0.0302871 0.9881110 0.0529130 -0.1411369
106.357000 4.5154133 -0.5114902 12.9248619 -0.0314043 0.9839705 0.0505182 -0.1681182
106.564500 4.5147629 -0.5113622 12.9231806 -0.0298964 0.9788954 0.0470097 -0.1966220
106.771900 4.5140276 -0.5112528 12.9215565 -0.0296874 0.9726232 0.0445082 -0.2261457
106.979300 4.5131936 -0.5111489 12.9199915 -0.0292188 0.9648614 0.0437272 -0.2574427
107.186900 4.5122557 -0.5110731 12.9184675 -0.0302424 0.9552614 0.0418487 -0.2912211
107.394300 4.5112305 -0.5110056 12.9170465 -0.0316626 0.9444942 0.0377898 -0.3248079
107.809100 4.5088782 -0.5108933 12.9143991 -0.0326493 0.9188493 0.0336589 -0.3918125
108.016400 4.5075665 -0.5108672 12.9132185 -0.0342109 0.9040819 0.0312087 -0.4248429
108.223900 4.5061812 -0.5108503 12.9121552 -0.0348391 0.8885527 0.0262798 -0.4566944
108.431200 4.5047584 -0.5108558 12.9112034 -0.0353924 0.8718778 0.0223170 -0.4879328
108.638800 4.5032496 -0.5108791 12.9103317 0.0357297 -0.8540395 -0.0184426 0.5186518
108.845900 4.5016384 -0.5109207 12.9095449 0.0367700 -0.8359247 -0.0125633 0.5474669
109.053200 4.4999862 -0.5109712 12.9088678 0.0365249 -0.8182335 -0.0101546 0.5736347
109.260500 4.4982710 -0.5110524 12.9082937 0.0359997 -0.8005127 -0.0070673 0.5981918
109.467900 4.4965529 -0.5111537 12.9078331 0.0374301 -0.7819043 -0.0019280 0.6222708
109.571600 4.4956627 -0.5112025 12.9076347 0.0384260 -0.7720979 -0.0017547 0.6343383
109.675300 4.4947586 -0.5112514 12.9074631 0.0380630 -0.7615866 -0.0027895 0.6469384
109.779100 4.4938688 -0.5113079 12.9073238 0.0392311 -0.7502868 -0.0042620 0.6599337
109.882700 4.4929943 -0.5113639 12.9072113 0.0422616 -0.7386357 -0.0005940 0.6727785
109.986400 4.4921212 -0.5114266 12.9071283 0.0475340 -0.7266542 0.0038385 0.6853462
110.090100 4.4912395 -0.5115010 12.9070864 0.0490689 -0.7151994 0.0057302 0.6971723
110.193900 4.4903398 -0.5115777 12.9070702 0.0469302 -0.7036703 0.0058360 0.7089511
110.297600 4.4894423 -0.5116549 12.9070873 0.0434935 -0.6919305 0.0058757 0.7206289
110.401400 4.4885454 -0.5117285 12.9071331 0.0422970 -0.6797148 0.0069034 0.7322234
110.608900 4.4867516 -0.5118902 12.9073143 0.0454924 -0.6545634 0.0119100 0.7545432
110.816200 4.4849739 -0.5120952 12.9076014 0.0487245 -0.6288629 0.0153376 0.7758364
110.920000 4.4841456 -0.5121837 12.9078035 0.0498337 -0.6157013 0.0158781 0.7862419
111.127300 4.4824772 -0.5123624 12.9082994 0.0512073 -0.5891117 0.0159035 0.8062707
111.231000 4.4817195 -0.5124643 12.9085531 0.0520071 -0.5755538 0.0169907 0.8159316
111.438400 4.4815712 -0.5125184 12.9086380 0.0521034 -0.5500616 0.0177508 0.8333081
111.645800 4.4814639 -0.5125453 12.9087582 0.0506566 -0.5275059 0.0185297 0.8478373
111.853000 4.4813972 -0.5125651 12.9088488 0.0500722 -0.5074393 0.0195141 0.8600100
112.060200 4.4813247 -0.5125914 12.9089966 0.0507106 -0.4915667 0.0213921 0.8690990
112.268400 4.4812860 -0.5126083 12.9090881 0.0487713 -0.4790257 0.0221670 0.8761646
112.474600 4.4812226 -0.5126303 12.9091969 0.0476386 -0.4666406 0.0210236 0.8829129
112.681700 4.4811597 -0.5126514 12.9093161 0.0486375 -0.4566841 0.0224474 0.8880147
112.889800 4.4811010 -0.5126733 12.9094296 0.0474519 -0.4520402 0.0210460 0.8904859
113.096000 4.4810514 -0.5126948 12.9095421 0.0477786 -0.4502479 0.0180986 0.8914407
113.303200 4.4810200 -0.5127119 12.9096413 0.0457373 -0.4505341 0.0150591 0.8914596
113.510500 4.4809861 -0.5127289 12.9097424 0.0451208 -0.4519694 0.0133038 0.8907922
113.717900 4.4809313 -0.5127476 12.9098282 0.0457058 -0.4510945 0.0120482 0.8912237
113.925200 4.4808717 -0.5127641 12.9098988 0.0466888 -0.4494796 0.0109296 0.8920027
