-9.947788e-02 -9.193596e-03 9.949973e-01 3.394232e+01 9.735338e-02 9.950699e-01 1.892746e-02 -9.117462e-01 -9.902658e-01 9.874920e-02 -9.809240e-02 2.071859e+01
-1.097967e-01 -5.360682e-03 9.939396e-01 3.511473e+01 9.798071e-02 9.950566e-01 1.619026e-02 -9.007201e-01 -9.891129e-01 9.916453e-02 -1.087287e-01 2.058533e+01
-1.194554e-01 -2.512059e-03 9.928364e-01 3.630912e+01 9.905114e-02 9.949776e-01 1.443504e-02 -8.891584e-01 -9.878862e-01 1.000659e-01 -1.186066e-01 2.043698e+01
-1.270885e-01 -1.278670e-03 9.918906e-01 3.752680e+01 9.888957e-02 9.950006e-01 1.395315e-02 -8.781568e-01 -9.869495e-01 9.986090e-02 -1.263266e-01 2.027890e+01
-1.329871e-01 -7.149781e-04 9.911175e-01 3.876733e+01 9.839198e-02 9.950504e-01 1.391994e-02 -8.670199e-01 -9.862218e-01 9.936917e-02 -1.322585e-01 2.011085e+01
-1.381591e-01 8.940047e-04 9.904097e-01 4.002403e+01 9.941083e-02 9.949619e-01 1.296938e-02 -8.564479e-01 -9.854083e-01 1.002493e-01 -1.375519e-01 1.993253e+01
-1.426852e-01 2.815813e-03 9.897642e-01 4.130550e+01 9.869170e-02 9.950528e-01 1.139661e-02 -8.460362e-01 -9.848354e-01 9.930761e-02 -1.422571e-01 1.974648e+01
-1.468253e-01 3.917606e-03 9.891547e-01 4.260679e+01 9.897322e-02 9.950320e-01 1.075021e-02 -8.375480e-01 -9.841984e-01 9.947820e-02 -1.464836e-01 1.955065e+01
-1.499193e-01 3.009372e-03 9.886937e-01 4.393278e+01 9.873932e-02 9.950416e-01 1.194351e-02 -8.295496e-01 -9.837554e-01 9.941348e-02 -1.494731e-01 1.934786e+01
-1.522300e-01 5.817954e-04 9.883450e-01 4.528137e+01 9.933371e-02 9.949454e-01 1.471420e-02 -8.187903e-01 -9.833406e-01 1.004159e-01 -1.515183e-01 1.913753e+01
-1.545076e-01 -3.897853e-04 9.879916e-01 4.664850e+01 9.937378e-02 9.949226e-01 1.593314e-02 -8.059921e-01 -9.829813e-01 1.006422e-01 -1.536843e-01 1.892231e+01
-1.565155e-01 3.425744e-04 9.876755e-01 4.803559e+01 1.016061e-01 9.946999e-01 1.575634e-02 -7.907530e-01 -9.824353e-01 1.028199e-01 -1.557207e-01 1.869944e+01
-1.575241e-01 8.739825e-04 9.875148e-01 4.944201e+01 1.013351e-01 9.947349e-01 1.528416e-02 -7.765930e-01 -9.823020e-01 1.024775e-01 -1.567833e-01 1.847318e+01
-1.580662e-01 1.736308e-03 9.874270e-01 5.087125e+01 1.033930e-01 9.945304e-01 1.480223e-02 -7.612088e-01 -9.820004e-01 1.044328e-01 -1.573812e-01 1.823994e+01
-1.581475e-01 2.246276e-03 9.874130e-01 5.231634e+01 1.029209e-01 9.945878e-01 1.422156e-02 -7.488661e-01 -9.820370e-01 1.038745e-01 -1.575227e-01 1.800571e+01
-1.576227e-01 3.491308e-03 9.874933e-01 5.378414e+01 1.029740e-01 9.946001e-01 1.292016e-02 -7.385593e-01 -9.821158e-01 1.037226e-01 -1.571310e-01 1.776822e+01
-1.564353e-01 3.535458e-03 9.876819e-01 5.527561e+01 1.033158e-01 9.945662e-01 1.280369e-02 -7.282464e-01 -9.822697e-01 1.040460e-01 -1.559505e-01 1.752865e+01
-1.549453e-01 2.303011e-03 9.879204e-01 5.678690e+01 1.024081e-01 9.946475e-01 1.374297e-02 -7.193216e-01 -9.826009e-01 1.033004e-01 -1.543518e-01 1.728947e+01
-1.538084e-01 3.054216e-03 9.880960e-01 5.831970e+01 1.033843e-01 9.945563e-01 1.301875e-02 -7.090229e-01 -9.826773e-01 1.041560e-01 -1.532869e-01 1.704698e+01
-1.525997e-01 3.933834e-03 9.882803e-01 5.987004e+01 1.033114e-01 9.945767e-01 1.199334e-02 -6.982294e-01 -9.828733e-01 1.039308e-01 -1.521785e-01 1.680555e+01
-1.516316e-01 4.600354e-03 9.884264e-01 6.144932e+01 1.043179e-01 9.944789e-01 1.137458e-02 -6.898538e-01 -9.829169e-01 1.048353e-01 -1.512744e-01 1.656009e+01
-1.496365e-01 2.801779e-03 9.887371e-01 6.466146e+01 1.056381e-01 9.943174e-01 1.316978e-02 -6.742945e-01 -9.830816e-01 1.064190e-01 -1.490821e-01 1.606555e+01
-1.481741e-01 1.587223e-03 9.889600e-01 6.793358e+01 1.084503e-01 9.939938e-01 1.465361e-02 -6.566595e-01 -9.829969e-01 1.094243e-01 -1.474563e-01 1.556429e+01
-1.464650e-01 3.603548e-03 9.892093e-01 7.126348e+01 1.101154e-01 9.938379e-01 1.268356e-02 -6.455501e-01 -9.830679e-01 1.107848e-01 -1.459592e-01 1.506048e+01
-1.460361e-01 1.690015e-03 9.892778e-01 7.465679e+01 1.098325e-01 9.938441e-01 1.451553e-02 -6.351425e-01 -9.831634e-01 1.107746e-01 -1.453227e-01 1.455382e+01
-1.456204e-01 2.152571e-03 9.893382e-01 7.811207e+01 1.123679e-01 9.935626e-01 1.437762e-02 -6.192733e-01 -9.829385e-01 1.132635e-01 -1.449248e-01 1.403765e+01
-1.459369e-01 3.866772e-03 9.892864e-01 8.162656e+01 1.123299e-01 9.935899e-01 1.268701e-02 -6.069533e-01 -9.828959e-01 1.129779e-01 -1.454358e-01 1.351471e+01
-1.482341e-01 4.952492e-03 9.889399e-01 8.519377e+01 1.106078e-01 9.937964e-01 1.160240e-02 -6.018080e-01 -9.827474e-01 1.111043e-01 -1.478623e-01 1.298000e+01
-1.502286e-01 3.835819e-03 9.886439e-01 8.882747e+01 1.096199e-01 9.938911e-01 1.280101e-02 -5.948763e-01 -9.825552e-01 1.102981e-01 -1.497313e-01 1.242843e+01
-1.520677e-01 3.896026e-03 9.883624e-01 9.251613e+01 1.068060e-01 9.942011e-01 1.251394e-02 -5.822604e-01 -9.825822e-01 1.074660e-01 -1.516020e-01 1.186127e+01
-1.584947e-01 5.190445e-03 9.873462e-01 9.626377e+01 1.064537e-01 9.942469e-01 1.186186e-02 -5.690865e-01 -9.816043e-01 1.069867e-01 -1.581354e-01 1.126751e+01
-1.680724e-01 3.613141e-03 9.857681e-01 1.000527e+02 1.019229e-01 9.946975e-01 1.373188e-02 -5.652429e-01 -9.804914e-01 1.027803e-01 -1.675495e-01 1.063988e+01
-1.727782e-01 4.875200e-03 9.849487e-01 1.019553e+02 1.009596e-01 9.948083e-01 1.278618e-02 -5.641477e-01 -9.797728e-01 1.016492e-01 -1.723734e-01 1.030991e+01
-1.820546e-01 7.979443e-03 9.832561e-01 1.057910e+02 1.011783e-01 9.948112e-01 1.066042e-02 -5.643553e-01 -9.780690e-01 1.014249e-01 -1.819173e-01 9.611618e+00
-1.868758e-01 8.786952e-03 9.823443e-01 1.077248e+02 1.001207e-01 9.949235e-01 1.014694e-02 -5.687973e-01 -9.772682e-01 1.002492e-01 -1.868069e-01 9.246382e+00
-1.918873e-01 7.633132e-03 9.813873e-01 1.096683e+02 9.794174e-02 9.951267e-01 1.141021e-02 -5.717942e-01 -9.765176e-01 9.830823e-02 -1.916997e-01 8.871585e+00
-1.972643e-01 7.480826e-03 9.803218e-01 1.116206e+02 9.606302e-02 9.953061e-01 1.173501e-02 -5.733449e-01 -9.756324e-01 9.648755e-02 -1.970570e-01 8.486629e+00
-2.028929e-01 6.576712e-03 9.791789e-01 1.135815e+02 9.508165e-02 9.953844e-01 1.301604e-02 -5.728043e-01 -9.745737e-01 9.574279e-02 -2.025817e-01 8.086921e+00
-2.084031e-01 6.469213e-03 9.780216e-01 1.155478e+02 9.502287e-02 9.953813e-01 1.366404e-02 -5.705380e-01 -9.734160e-01 9.578203e-02 -2.080553e-01 7.674193e+00
-2.138450e-01 7.858298e-03 9.768360e-01 1.175182e+02 9.558616e-02 9.953373e-01 1.291820e-02 -5.680584e-01 -9.721798e-01 9.613447e-02 -2.135991e-01 7.246929e+00
-2.195383e-01 8.856306e-03 9.755637e-01 1.194963e+02 9.521901e-02 9.953792e-01 1.239164e-02 -5.658779e-01 -9.709460e-01 9.561263e-02 -2.193671e-01 6.808278e+00
-2.254576e-01 8.853206e-03 9.742128e-01 1.214861e+02 9.566882e-02 9.953271e-01 1.309511e-02 -5.645652e-01 -9.695444e-01 9.615416e-02 -2.252510e-01 6.351224e+00
-2.310452e-01 9.190854e-03 9.728996e-01 1.234817e+02 9.472620e-02 9.954172e-01 1.309209e-02 -5.636678e-01 -9.683207e-01 9.518392e-02 -2.308570e-01 5.883248e+00
-2.362092e-01 9.550857e-03 9.716553e-01 1.254794e+02 9.420289e-02 9.954666e-01 1.311579e-02 -5.607338e-01 -9.671251e-01 9.463079e-02 -2.360381e-01 5.403529e+00
-2.414041e-01 9.719218e-03 9.703760e-01 1.274889e+02 9.294890e-02 9.955840e-01 1.315154e-02 -5.591517e-01 -9.659630e-01 9.337020e-02 -2.412414e-01 4.911013e+00
-2.458159e-01 9.821942e-03 9.692668e-01 1.295004e+02 9.457506e-02 9.954207e-01 1.389822e-02 -5.556139e-01 -9.646917e-01 9.508485e-02 -2.456191e-01 4.402279e+00
-2.497010e-01 8.595703e-03 9.682849e-01 1.315233e+02 9.625855e-02 9.952279e-01 1.598823e-02 -5.494115e-01 -9.635267e-01 9.719796e-02 -2.493368e-01 3.880107e+00
-2.532929e-01 9.879226e-03 9.673392e-01 1.335486e+02 9.768544e-02 9.950979e-01 1.541572e-02 -5.427542e-01 -9.624449e-01 9.839963e-02 -2.530163e-01 3.348158e+00
-2.563419e-01 1.033140e-02 9.665310e-01 1.355837e+02 9.797856e-02 9.950701e-01 1.534925e-02 -5.360354e-01 -9.616075e-01 9.863395e-02 -2.560904e-01 2.806947e+00
-2.597614e-01 1.013191e-02 9.656197e-01 1.376250e+02 9.708426e-02 9.951527e-01 1.567485e-02 -5.295973e-01 -9.607802e-01 9.781817e-02 -2.594859e-01 2.257989e+00
-2.637027e-01 1.035061e-02 9.645485e-01 1.396797e+02 9.579549e-02 9.952802e-01 1.550960e-02 -5.224538e-01 -9.598354e-01 9.648930e-02 -2.634496e-01 1.699296e+00
-2.681714e-01 1.125920e-02 9.633055e-01 1.417304e+02 9.446872e-02 9.954198e-01 1.466427e-02 -5.179993e-01 -9.587282e-01 9.493475e-02 -2.680067e-01 1.132152e+00
-2.726489e-01 1.108767e-02 9.620497e-01 1.437927e+02 9.357615e-02 9.954984e-01 1.504669e-02 -5.127373e-01 -9.575521e-01 9.412736e-02 -2.724590e-01 5.515872e-01
-2.772301e-01 1.132109e-02 9.607369e-01 1.458618e+02 9.373713e-02 9.954791e-01 1.531828e-02 -5.061993e-01 -9.562200e-01 9.430339e-02 -2.770379e-01 -4.137210e-02
-2.817308e-01 1.185782e-02 9.594203e-01 1.479305e+02 9.322617e-02 9.955309e-01 1.507145e-02 -5.006247e-01 -9.549537e-01 9.368914e-02 -2.815771e-01 -6.449311e-01
-2.862852e-01 1.239653e-02 9.580643e-01 1.500068e+02 9.286516e-02 9.955677e-01 1.486782e-02 -4.959689e-01 -9.536335e-01 9.322721e-02 -2.861674e-01 -1.261108e+00
-2.904967e-01 1.139404e-02 9.568082e-01 1.520968e+02 9.253122e-02 9.955774e-01 1.623769e-02 -4.898301e-01 -9.523915e-01 9.325161e-02 -2.902662e-01 -1.892338e+00
-2.947361e-01 1.147144e-02 9.555099e-01 1.541812e+02 9.310741e-02 9.955148e-01 1.676813e-02 -4.829921e-01 -9.510318e-01 9.390720e-02 -2.944822e-01 -2.533182e+00
-2.986660e-01 1.208825e-02 9.542812e-01 1.562753e+02 9.410159e-02 9.954201e-01 1.684205e-02 -4.753909e-01 -9.497070e-01 9.482950e-02 -2.984357e-01 -3.187653e+00
-3.022573e-01 1.327702e-02 9.531339e-01 1.583734e+02 9.424427e-02 9.954202e-01 1.602063e-02 -4.676840e-01 -9.485560e-01 9.466974e-02 -3.021243e-01 -3.851462e+00
-3.058439e-01 1.542536e-02 9.519567e-01 1.604737e+02 9.475529e-02 9.953977e-01 1.431362e-02 -4.608735e-01 -9.473547e-01 9.458065e-02 -3.058979e-01 -4.525316e+00
-3.092558e-01 1.602772e-02 9.508438e-01 1.625875e+02 9.539849e-02 9.953371e-01 1.425001e-02 -4.555311e-01 -9.461818e-01 9.511594e-02 -3.093428e-01 -5.211974e+00
-3.126266e-01 1.689296e-02 9.497259e-01 1.647037e+02 9.518253e-02 9.953665e-01 1.362698e-02 -4.525483e-01 -9.450952e-01 9.465745e-02 -3.127859e-01 -5.908582e+00
-3.201365e-01 1.695749e-02 9.472197e-01 1.689537e+02 9.501387e-02 9.953733e-01 1.429274e-02 -4.456125e-01 -9.425948e-01 9.457461e-02 -3.202665e-01 -7.331463e+00
-3.271325e-01 1.815461e-02 9.448041e-01 1.732245e+02 9.878847e-02 9.949941e-01 1.508585e-02 -4.365523e-01 -9.398006e-01 9.827080e-02 -3.272883e-01 -8.806086e+00
-3.298961e-01 1.768240e-02 9.438517e-01 1.753665e+02 9.945702e-02 9.949112e-01 1.612335e-02 -4.294089e-01 -9.387634e-01 9.919169e-02 -3.299759e-01 -9.557829e+00
-3.353595e-01 1.698544e-02 9.419371e-01 1.796714e+02 9.814417e-02 9.950270e-01 1.699965e-02 -4.118277e-01 -9.369641e-01 9.814661e-02 -3.353588e-01 -1.108560e+01
-3.416162e-01 2.028947e-02 9.396206e-01 1.839969e+02 9.708227e-02 9.951806e-01 1.380682e-02 -3.985802e-01 -9.348119e-01 9.593711e-02 -3.419395e-01 -1.264986e+01
-3.481357e-01 2.308833e-02 9.371598e-01 1.883440e+02 9.427365e-02 9.954910e-01 1.049532e-02 -4.000549e-01 -9.326918e-01 9.200325e-02 -3.487425e-01 -1.425545e+01
-3.555047e-01 2.192990e-02 9.344172e-01 1.927087e+02 9.415617e-02 9.954795e-01 1.245931e-02 -4.038655e-01 -9.299198e-01 9.241047e-02 -3.559625e-01 -1.590879e+01
-3.631389e-01 2.128419e-02 9.314919e-01 1.970930e+02 9.410306e-02 9.954648e-01 1.393979e-02 -4.021162e-01 -9.269707e-01 9.271829e-02 -3.634949e-01 -1.760738e+01
-3.666020e-01 2.143330e-02 9.301310e-01 1.992958e+02 9.312059e-02 9.955597e-01 1.376156e-02 -4.006638e-01 -9.257059e-01 9.165934e-02 -3.669700e-01 -1.847484e+01
-3.735992e-01 2.206369e-02 9.273278e-01 2.036882e+02 9.207681e-02 9.956616e-01 1.340610e-02 -4.030819e-01 -9.230089e-01 9.039387e-02 -3.740100e-01 -2.023459e+01
-3.789168e-01 2.285844e-02 9.251484e-01 2.080748e+02 9.433619e-02 9.954413e-01 1.404241e-02 -4.083230e-01 -9.206100e-01 9.259586e-02 -3.793458e-01 -2.203665e+01
-3.840978e-01 2.314782e-02 9.230022e-01 2.124744e+02 9.628035e-02 9.952396e-01 1.510660e-02 -4.051777e-01 -9.182586e-01 9.466937e-02 -3.844980e-01 -2.387896e+01
-3.893716e-01 2.450055e-02 9.207549e-01 2.168716e+02 9.604304e-02 9.952768e-01 1.413145e-02 -4.053455e-01 -9.160597e-01 9.393446e-02 -3.898856e-01 -2.574520e+01
-3.949738e-01 2.652036e-02 9.183096e-01 2.212752e+02 9.548710e-02 9.953543e-01 1.232452e-02 -4.145729e-01 -9.137165e-01 9.255456e-02 -3.956712e-01 -2.764230e+01
-4.003449e-01 2.717994e-02 9.159614e-01 2.256743e+02 9.384581e-02 9.955206e-01 1.147700e-02 -4.323730e-01 -9.115464e-01 9.055388e-02 -4.011023e-01 -2.956630e+01
-4.054481e-01 2.628911e-02 9.137400e-01 2.300656e+02 9.575560e-02 9.953085e-01 1.385312e-02 -4.485622e-01 -9.090889e-01 9.311242e-02 -4.060633e-01 -3.152450e+01
-4.116808e-01 2.580665e-02 9.109627e-01 2.344478e+02 9.367349e-02 9.955027e-01 1.413118e-02 -4.516442e-01 -9.065011e-01 9.115057e-02 -4.122467e-01 -3.350409e+01
-4.185234e-01 2.430782e-02 9.078807e-01 2.388266e+02 9.099928e-02 9.957336e-01 1.528968e-02 -4.565040e-01 -9.036356e-01 8.901555e-02 -4.189498e-01 -3.551552e+01
-4.257271e-01 2.389500e-02 9.045361e-01 2.431866e+02 8.957398e-02 9.958540e-01 1.585137e-02 -4.598154e-01 -9.004071e-01 8.777123e-02 -4.261024e-01 -3.755871e+01
-4.336948e-01 2.386280e-02 9.007439e-01 2.475244e+02 8.796735e-02 9.959953e-01 1.596872e-02 -4.614750e-01 -8.967556e-01 8.616158e-02 -4.340571e-01 -3.963198e+01
-4.410215e-01 2.505593e-02 8.971467e-01 2.518424e+02 8.852924e-02 9.959498e-01 1.570406e-02 -4.628392e-01 -8.931196e-01 8.634953e-02 -4.414534e-01 -4.174631e+01
-4.483033e-01 2.521558e-02 8.935258e-01 2.561425e+02 8.717879e-02 9.960700e-01 1.563027e-02 -4.599411e-01 -8.896201e-01 8.490359e-02 -4.487397e-01 -4.389031e+01
-4.553868e-01 2.592550e-02 8.899162e-01 2.604446e+02 8.760414e-02 9.960298e-01 1.581181e-02 -4.515860e-01 -8.859731e-01 8.516081e-02 -4.558499e-01 -4.607408e+01
-4.621008e-01 2.899750e-02 8.863532e-01 2.647340e+02 9.121464e-02 9.957186e-01 1.497936e-02 -4.443228e-01 -8.821240e-01 8.777034e-02 -4.627673e-01 -4.830007e+01
-4.678605e-01 3.190777e-02 8.832262e-01 2.690255e+02 9.402770e-02 9.954733e-01 1.384527e-02 -4.394885e-01 -8.787863e-01 8.952536e-02 -4.687428e-01 -5.056793e+01
-4.732870e-01 3.502027e-02 8.802119e-01 2.733318e+02 9.677821e-02 9.952282e-01 1.244098e-02 -4.312748e-01 -8.755760e-01 9.107347e-02 -4.744177e-01 -5.288771e+01
-4.797661e-01 3.625912e-02 8.766469e-01 2.776580e+02 9.648349e-02 9.952665e-01 1.163754e-02 -4.182424e-01 -8.720753e-01 9.016523e-02 -4.809935e-01 -5.525311e+01
-4.863612e-01 3.769826e-02 8.729443e-01 2.820168e+02 9.634686e-02 9.952903e-01 1.069788e-02 -4.105826e-01 -8.684296e-01 8.930846e-02 -4.877027e-01 -5.767414e+01
-4.891485e-01 3.754739e-02 8.713920e-01 2.841885e+02 9.474989e-02 9.954479e-01 1.029420e-02 -4.095589e-01 -8.670387e-01 8.759967e-02 -4.904794e-01 -5.889251e+01
-4.918877e-01 3.780488e-02 8.698375e-01 2.863724e+02 9.587566e-02 9.953330e-01 1.095791e-02 -4.079618e-01 -8.653637e-01 8.878629e-02 -4.932166e-01 -6.012956e+01
-4.938980e-01 3.783481e-02 8.686964e-01 2.885702e+02 9.748770e-02 9.951633e-01 1.208380e-02 -4.045488e-01 -8.640375e-01 9.065535e-02 -4.951976e-01 -6.138495e+01
-4.981567e-01 3.777312e-02 8.662639e-01 2.929827e+02 9.815975e-02 9.950850e-01 1.305774e-02 -3.908822e-01 -8.615130e-01 9.153703e-02 -4.994160e-01 -6.392341e+01
-5.004590e-01 3.710110e-02 8.649649e-01 2.951953e+02 9.755645e-02 9.951348e-01 1.376055e-02 -3.821466e-01 -8.602462e-01 9.126948e-02 -5.016436e-01 -6.520624e+01
-5.030179e-01 3.703289e-02 8.634823e-01 2.974212e+02 9.842723e-02 9.950362e-01 1.466339e-02 -3.713999e-01 -8.586531e-01 9.236610e-02 -5.041660e-01 -6.650521e+01
-5.051574e-01 3.705698e-02 8.622313e-01 2.996423e+02 9.892841e-02 9.949785e-01 1.519721e-02 -3.587114e-01 -8.573384e-01 9.297614e-02 -5.062867e-01 -6.780874e+01
-5.071269e-01 3.780852e-02 8.610417e-01 3.018763e+02 9.853901e-02 9.950298e-01 1.434445e-02 -3.470056e-01 -8.562198e-01 9.212063e-02 -5.083320e-01 -6.912560e+01
-5.093585e-01 4.004183e-02 8.596224e-01 3.041141e+02 9.794371e-02 9.951234e-01 1.168175e-02 -3.372516e-01 -8.549625e-01 9.014478e-02 -5.107963e-01 -7.045170e+01
-5.126685e-01 3.931280e-02 8.576862e-01 3.063593e+02 9.633206e-02 9.952774e-01 1.196155e-02 -3.307952e-01 -8.531654e-01 8.875497e-02 -5.140344e-01 -7.179168e+01
-5.171586e-01 3.690592e-02 8.550936e-01 3.086134e+02 9.360376e-02 9.955160e-01 1.364476e-02 -3.233356e-01 -8.507557e-01 8.709646e-02 -5.182942e-01 -7.314403e+01
-5.220571e-01 3.451451e-02 8.522120e-01 3.108714e+02 9.114758e-02 9.957166e-01 1.550971e-02 -3.126191e-01 -8.480262e-01 8.577399e-02 -5.229668e-01 -7.451245e+01
-5.268235e-01 3.309434e-02 8.493302e-01 3.131301e+02 8.979367e-02 9.958171e-01 1.689507e-02 -2.971879e-01 -8.452184e-01 8.516518e-02 -5.275914e-01 -7.590012e+01
-5.311682e-01 3.348928e-02 8.466043e-01 3.153852e+02 9.017544e-02 9.957776e-01 1.718683e-02 -2.796424e-01 -8.424540e-01 8.547199e-02 -5.319453e-01 -7.730725e+01
-5.353072e-01 3.467362e-02 8.439455e-01 3.176383e+02 9.238538e-02 9.955660e-01 1.769624e-02 -2.578412e-01 -8.395898e-01 8.744113e-02 -5.361370e-01 -7.872988e+01
-5.390292e-01 3.588530e-02 8.415223e-01 3.198954e+02 9.381170e-02 9.954336e-01 1.764160e-02 -2.381554e-01 -8.370465e-01 8.845395e-02 -5.399342e-01 -8.017271e+01
-5.426799e-01 3.583575e-02 8.391748e-01 3.221579e+02 9.420860e-02 9.953821e-01 1.841670e-02 -2.197853e-01 -8.346396e-01 8.905184e-02 -5.435499e-01 -8.163211e+01
-5.466164e-01 3.426157e-02 8.366820e-01 3.244120e+02 9.455334e-02 9.952979e-01 2.101626e-02 -2.016825e-01 -8.320277e-01 9.059888e-02 -5.472856e-01 -8.310009e+01
-5.505309e-01 3.288636e-02 8.341668e-01 3.266626e+02 9.308915e-02 9.954104e-01 2.219342e-02 -1.825361e-01 -8.296084e-01 8.987002e-02 -5.510655e-01 -8.457972e+01
-5.583189e-01 3.221365e-02 8.290008e-01 3.311477e+02 9.187847e-02 9.955000e-01 2.319514e-02 -1.383913e-01 -8.245231e-01 8.911758e-02 -5.587662e-01 -8.757051e+01
-5.624024e-01 3.172657e-02 8.262548e-01 3.333840e+02 9.317394e-02 9.953308e-01 2.520143e-02 -1.125608e-01 -8.215973e-01 9.115875e-02 -5.627325e-01 -8.908675e+01
-5.662656e-01 3.200649e-02 8.236012e-01 3.356133e+02 9.376371e-02 9.952604e-01 2.578962e-02 -8.455148e-02 -8.188722e-01 9.182766e-02 -5.665827e-01 -9.061426e+01
-5.734629e-01 2.980165e-02 8.186893e-01 3.400560e+02 9.146806e-02 9.954189e-01 2.783523e-02 -1.599584e-02 -8.141093e-01 9.084638e-02 -5.735616e-01 -9.370014e+01
-5.764348e-01 2.883221e-02 8.166344e-01 3.422752e+02 9.162022e-02 9.953561e-01 2.952944e-02 2.333862e-02 -8.119905e-01 9.184199e-02 -5.763994e-01 -9.526502e+01
-5.821727e-01 2.738547e-02 8.126039e-01 3.467010e+02 8.552969e-02 9.959502e-01 2.771149e-02 1.024766e-01 -8.085540e-01 8.563461e-02 -5.821572e-01 -9.841195e+01
-5.852817e-01 2.656025e-02 8.103950e-01 3.489103e+02 8.243732e-02 9.962335e-01 2.688668e-02 1.402984e-01 -8.066284e-01 8.254305e-02 -5.852667e-01 -9.999813e+01
-5.884897e-01 2.360915e-02 8.081600e-01 3.511094e+02 7.975283e-02 9.963937e-01 2.896666e-02 1.754218e-01 -8.045616e-01 8.149961e-02 -5.882502e-01 -1.015909e+02
-5.915552e-01 2.271379e-02 8.059445e-01 3.533107e+02 8.013301e-02 9.963101e-01 3.073798e-02 2.141195e-01 -8.022725e-01 8.276596e-02 -5.911925e-01 -1.032033e+02
-5.945947e-01 2.268037e-02 8.037057e-01 3.554996e+02 7.939344e-02 9.963730e-01 3.061917e-02 2.539708e-01 -8.000961e-01 8.201493e-02 -5.942387e-01 -1.048170e+02
-5.974407e-01 2.308157e-02 8.015809e-01 3.576809e+02 7.813459e-02 9.965050e-01 2.954148e-02 2.903191e-01 -7.980974e-01 8.028046e-02 -5.971561e-01 -1.064411e+02
-6.007205e-01 1.876716e-02 7.992389e-01 3.598670e+02 7.511391e-02 9.966269e-01 3.305469e-02 3.297903e-01 -7.959226e-01 7.989057e-02 -6.001039e-01 -1.080781e+02
-6.038752e-01 1.623428e-02 7.969136e-01 3.620386e+02 7.242569e-02 9.967743e-01 3.457609e-02 3.801369e-01 -7.937816e-01 7.859665e-02 -6.031030e-01 -1.097167e+02
-6.068475e-01 1.634159e-02 7.946503e-01 3.642051e+02 7.194258e-02 9.968139e-01 3.444111e-02 4.335940e-01 -7.915556e-01 7.806967e-02 -6.060897e-01 -1.113631e+02
-6.095901e-01 1.605467e-02 7.925543e-01 3.663626e+02 7.126306e-02 9.968566e-01 3.461851e-02 4.855505e-01 -7.895071e-01 7.758292e-02 -6.088179e-01 -1.130176e+02
-6.122075e-01 1.580857e-02 7.905392e-01 3.685148e+02 7.108644e-02 9.968518e-01 3.511634e-02 5.357534e-01 -7.874952e-01 7.769508e-02 -6.114039e-01 -1.146817e+02
-6.150181e-01 1.428418e-02 7.883836e-01 3.706543e+02 7.043109e-02 9.968345e-01 3.688232e-02 5.857535e-01 -7.853612e-01 7.820999e-02 -6.140773e-01 -1.163494e+02
-6.177963e-01 1.359792e-02 7.862206e-01 3.727925e+02 6.786551e-02 9.970417e-01 3.608321e-02 6.347512e-01 -7.834041e-01 7.564932e-02 -6.168915e-01 -1.180262e+02
-6.206707e-01 1.085791e-02 7.839962e-01 3.749322e+02 5.885749e-02 9.977281e-01 3.277805e-02 6.806409e-01 -7.818591e-01 6.648841e-02 -6.198996e-01 -1.197055e+02
-6.239941e-01 1.192773e-02 7.813381e-01 3.770444e+02 4.951205e-02 9.984779e-01 2.429889e-02 7.141844e-01 -7.798589e-01 5.384800e-02 -6.236348e-01 -1.213733e+02
-6.266260e-01 2.205789e-02 7.790079e-01 3.791489e+02 5.900870e-02 9.980727e-01 1.920520e-02 7.322390e-01 -7.770829e-01 5.800271e-02 -6.267199e-01 -1.230734e+02
-6.274763e-01 2.388148e-02 7.782693e-01 3.812460e+02 6.664289e-02 9.975089e-01 2.312160e-02 7.514499e-01 -7.757784e-01 6.637436e-02 -6.275047e-01 -1.247861e+02
-6.322787e-01 3.794990e-03 7.747318e-01 3.854625e+02 6.029882e-02 9.971956e-01 4.432671e-02 8.581189e-01 -7.723909e-01 7.474223e-02 -6.307344e-01 -1.282062e+02
-6.354821e-01 -2.169544e-03 7.721126e-01 3.875638e+02 5.428748e-02 9.973957e-01 4.748350e-02 9.375737e-01 -7.702048e-01 7.209095e-02 -6.337093e-01 -1.299140e+02
-6.407552e-01 2.180977e-03 7.677422e-01 3.917168e+02 5.798493e-02 9.972772e-01 4.556100e-02 1.088896e+00 -7.655524e-01 7.371091e-02 -6.391370e-01 -1.333507e+02
-6.451251e-01 1.299057e-02 7.639665e-01 3.958385e+02 6.465990e-02 9.971970e-01 3.764505e-02 1.214067e+00 -7.613361e-01 7.368375e-02 -6.441568e-01 -1.368244e+02
-6.508502e-01 1.161103e-02 7.591174e-01 3.999429e+02 6.462644e-02 9.971011e-01 4.015815e-02 1.334967e+00 -7.564505e-01 7.519598e-02 -6.497138e-01 -1.403176e+02
-6.550600e-01 1.168809e-02 7.554865e-01 4.040132e+02 6.588239e-02 9.969556e-01 4.170082e-02 1.463950e+00 -7.526991e-01 7.708978e-02 -6.538357e-01 -1.438398e+02
-6.576740e-01 1.232267e-02 7.532019e-01 4.080639e+02 6.689873e-02 9.968710e-01 4.210482e-02 1.596786e+00 -7.503263e-01 7.807948e-02 -6.564404e-01 -1.473861e+02
-6.597711e-01 1.115265e-02 7.513839e-01 4.120999e+02 6.999913e-02 9.964545e-01 4.667426e-02 1.739480e+00 -7.481993e-01 8.339053e-02 -6.582125e-01 -1.509391e+02
-6.619843e-01 1.147200e-02 7.494300e-01 4.161297e+02 7.086687e-02 9.963615e-01 4.734596e-02 1.902123e+00 -7.461600e-01 8.445202e-02 -6.603886e-01 -1.545063e+02
-6.647307e-01 1.113233e-02 7.470002e-01 4.201401e+02 6.397313e-02 9.970645e-01 4.206859e-02 2.051261e+00 -7.443390e-01 7.575220e-02 -6.634915e-01 -1.580701e+02
-6.666894e-01 8.669528e-03 7.452853e-01 4.241424e+02 6.129618e-02 9.971829e-01 4.323230e-02 2.186326e+00 -7.428109e-01 7.450564e-02 -6.653426e-01 -1.616509e+02
-6.664665e-01 2.245014e-03 7.455316e-01 4.360531e+02 6.807604e-02 9.960011e-01 5.785718e-02 2.650572e+00 -7.424204e-01 8.931269e-02 -6.639541e-01 -1.724221e+02
-6.640222e-01 7.332386e-04 7.477126e-01 4.400300e+02 5.667972e-02 9.971716e-01 4.935776e-02 2.843910e+00 -7.455615e-01 7.515477e-02 -6.621855e-01 -1.759705e+02
-6.599321e-01 -2.489415e-03 7.513212e-01 4.440392e+02 4.941883e-02 9.976851e-01 4.671333e-02 3.006852e+00 -7.496982e-01 6.795703e-02 -6.582813e-01 -1.795200e+02
-6.542341e-01 -2.031108e-03 7.562894e-01 4.480532e+02 5.211326e-02 9.974985e-01 4.775987e-02 3.192574e+00 -7.544945e-01 7.065882e-02 -6.524916e-01 -1.830447e+02
-6.502861e-01 -5.694727e-03 7.596681e-01 4.520924e+02 4.340385e-02 9.980600e-01 4.463606e-02 3.358861e+00 -7.584485e-01 6.199872e-02 -6.487773e-01 -1.865327e+02
-6.487774e-01 -1.541144e-02 7.608223e-01 4.561580e+02 2.766377e-02 9.986564e-01 4.381885e-02 3.516788e+00 -7.604753e-01 4.947588e-02 -6.474793e-01 -1.899924e+02
-6.471136e-01 -1.651054e-02 7.622149e-01 4.602152e+02 2.716600e-02 9.986312e-01 4.469530e-02 3.669483e+00 -7.619095e-01 4.962925e-02 -6.457792e-01 -1.934519e+02
-6.444217e-01 -1.938661e-02 7.644245e-01 4.642791e+02 2.790781e-02 9.984163e-01 4.884760e-02 3.835891e+00 -7.641608e-01 5.281186e-02 -6.428600e-01 -1.969059e+02
-6.425776e-01 -1.892421e-02 7.659869e-01 4.683509e+02 2.470557e-02 9.986634e-01 4.539785e-02 4.004216e+00 -7.658222e-01 4.809577e-02 -6.412512e-01 -2.003376e+02
-6.403523e-01 -1.703864e-02 7.678924e-01 4.724259e+02 2.727744e-02 9.986188e-01 4.490509e-02 4.154116e+00 -7.675968e-01 4.970120e-02 -6.390030e-01 -2.037656e+02
-6.382048e-01 -1.757702e-02 7.696660e-01 4.765113e+02 2.911652e-02 9.984730e-01 4.694565e-02 4.309712e+00 -7.693159e-01 5.237092e-02 -6.367184e-01 -2.071855e+02
-6.364662e-01 -1.871761e-02 7.710775e-01 4.806060e+02 2.856500e-02 9.984476e-01 4.781518e-02 4.471449e+00 -7.707754e-01 5.245856e-02 -6.349435e-01 -2.105886e+02
-6.352032e-01 -1.912085e-02 7.721084e-01 4.847071e+02 2.761545e-02 9.984920e-01 4.744597e-02 4.640076e+00 -7.718512e-01 5.145993e-02 -6.337172e-01 -2.139826e+02
-6.342247e-01 -1.826709e-02 7.729330e-01 4.888066e+02 2.810945e-02 9.985151e-01 4.666338e-02 4.799764e+00 -7.726376e-01 5.132177e-02 -6.327694e-01 -2.173707e+02
-6.339828e-01 -2.092726e-02 7.730640e-01 4.970247e+02 2.586268e-02 9.985009e-01 4.823971e-02 5.116707e+00 -7.729146e-01 5.057664e-02 -6.324911e-01 -2.241389e+02
-6.344122e-01 -2.200092e-02 7.726818e-01 5.011328e+02 2.608151e-02 9.984165e-01 4.984264e-02 5.267707e+00 -7.725548e-01 5.177347e-02 -6.328337e-01 -2.275274e+02
-6.349280e-01 -2.408225e-02 7.721959e-01 5.052390e+02 2.462954e-02 9.983750e-01 5.138734e-02 5.432770e+00 -7.721786e-01 5.164608e-02 -6.333031e-01 -2.309143e+02
-6.350791e-01 -2.372020e-02 7.720828e-01 5.093381e+02 2.396973e-02 9.984419e-01 5.039085e-02 5.605249e+00 -7.720751e-01 5.050878e-02 -6.335210e-01 -2.342975e+02
-6.346135e-01 -2.306910e-02 7.724854e-01 5.134454e+02 2.490848e-02 9.984245e-01 5.027928e-02 5.773309e+00 -7.724282e-01 5.114933e-02 -6.330390e-01 -2.376908e+02
-6.345169e-01 -2.292727e-02 7.725689e-01 5.175493e+02 2.443340e-02 9.984653e-01 4.969846e-02 5.942483e+00 -7.725227e-01 5.041099e-02 -6.329829e-01 -2.410762e+02
-6.339935e-01 -2.575882e-02 7.729093e-01 5.237106e+02 2.390444e-02 9.983148e-01 5.287899e-02 6.206642e+00 -7.729689e-01 5.200088e-02 -6.323092e-01 -2.461557e+02
-6.335759e-01 -2.408283e-02 7.733057e-01 5.278159e+02 2.550849e-02 9.983218e-01 5.198975e-02 6.392878e+00 -7.732599e-01 5.266529e-02 -6.318982e-01 -2.495367e+02
-6.331693e-01 -2.508594e-02 7.736068e-01 5.339814e+02 2.469044e-02 9.983114e-01 5.258073e-02 6.677372e+00 -7.736194e-01 5.239318e-02 -6.314807e-01 -2.546036e+02
-6.335756e-01 -2.797597e-02 7.731749e-01 5.401536e+02 2.391813e-02 9.981601e-01 5.571629e-02 6.964906e+00 -7.733110e-01 5.379337e-02 -6.317407e-01 -2.596746e+02
-6.343956e-01 -2.556962e-02 7.725856e-01 5.463253e+02 2.211949e-02 9.984430e-01 5.120768e-02 7.265256e+00 -7.726920e-01 4.957512e-02 -6.328422e-01 -2.647478e+02
-6.344310e-01 -2.582120e-02 7.725481e-01 5.586591e+02 2.523755e-02 9.982171e-01 5.408937e-02 7.857401e+00 -7.725674e-01 5.381318e-02 -6.326482e-01 -2.749141e+02
-6.339634e-01 -2.711272e-02 7.728877e-01 5.648386e+02 2.651517e-02 9.980357e-01 5.675999e-02 8.161795e+00 -7.729084e-01 5.647699e-02 -6.319991e-01 -2.800085e+02
-6.332114e-01 -2.777469e-02 7.734804e-01 5.710150e+02 2.817505e-02 9.978663e-01 5.889766e-02 8.483450e+00 -7.734659e-01 5.908751e-02 -6.310777e-01 -2.850936e+02
-6.322726e-01 -2.939367e-02 7.741882e-01 5.772007e+02 2.522994e-02 9.979688e-01 5.849503e-02 8.816896e+00 -7.743350e-01 5.651752e-02 -6.302467e-01 -2.901677e+02
-6.302434e-01 -2.707487e-02 7.759254e-01 5.833713e+02 2.843217e-02 9.979165e-01 5.791490e-02 9.137328e+00 -7.758768e-01 5.856172e-02 -6.281605e-01 -2.952267e+02
-6.284360e-01 -2.762615e-02 7.773706e-01 5.895489e+02 2.792536e-02 9.979236e-01 5.803934e-02 9.456599e+00 -7.773598e-01 5.818235e-02 -6.263596e-01 -3.002630e+02
-6.267515e-01 -2.929572e-02 7.786683e-01 5.957370e+02 2.626936e-02 9.979306e-01 5.868924e-02 9.775807e+00 -7.787763e-01 5.723867e-02 -6.246849e-01 -3.052800e+02
-6.260867e-01 -3.038338e-02 7.791613e-01 6.019345e+02 2.246797e-02 9.981227e-01 5.697568e-02 1.009861e+01 -7.794296e-01 5.317788e-02 -6.242287e-01 -3.102813e+02
-6.265124e-01 -3.312816e-02 7.787071e-01 6.081333e+02 2.244936e-02 9.979148e-01 6.051553e-02 1.043016e+01 -7.790881e-01 5.539520e-02 -6.244622e-01 -3.152902e+02
-6.266057e-01 -2.915437e-02 7.787910e-01 6.143316e+02 2.264969e-02 9.981966e-01 5.559156e-02 1.075646e+01 -7.790073e-01 5.247334e-02 -6.248153e-01 -3.203039e+02
-6.264904e-01 -3.068870e-02 7.788248e-01 6.205350e+02 2.368425e-02 9.980136e-01 5.837730e-02 1.106765e+01 -7.790692e-01 5.501868e-02 -6.245190e-01 -3.253171e+02
-6.259098e-01 -3.013968e-02 7.793129e-01 6.267459e+02 2.363144e-02 9.980612e-01 5.757943e-02 1.139641e+01 -7.795373e-01 5.445581e-02 -6.239840e-01 -3.303270e+02
-6.249644e-01 -3.121197e-02 7.800291e-01 6.329587e+02 2.325251e-02 9.980128e-01 5.856440e-02 1.172232e+01 -7.803069e-01 5.473828e-02 -6.229967e-01 -3.353308e+02
-6.237826e-01 -3.043697e-02 7.810051e-01 6.391659e+02 2.287771e-02 9.981023e-01 5.716983e-02 1.204805e+01 -7.812630e-01 5.352914e-02 -6.219025e-01 -3.403234e+02
-6.222250e-01 -2.898656e-02 7.823017e-01 6.474454e+02 2.429167e-02 9.981181e-01 5.630423e-02 1.248249e+01 -7.824615e-01 5.403730e-02 -6.203498e-01 -3.469686e+02
-6.205815e-01 -3.013895e-02 7.835626e-01 6.536623e+02 2.582840e-02 9.979332e-01 5.884059e-02 1.280042e+01 -7.837165e-01 5.675353e-02 -6.185204e-01 -3.519355e+02
-6.192251e-01 -3.037229e-02 7.846259e-01 6.598779e+02 2.531333e-02 9.979601e-01 5.860753e-02 1.313000e+01 -7.848054e-01 5.615274e-02 -6.171931e-01 -3.568806e+02
-6.181475e-01 -2.899896e-02 7.855271e-01 6.661120e+02 2.486200e-02 9.980980e-01 5.641076e-02 1.345227e+01 -7.856689e-01 5.439993e-02 -6.162508e-01 -3.618289e+02
-6.185260e-01 -3.030074e-02 7.851799e-01 6.723505e+02 2.298237e-02 9.981311e-01 5.662307e-02 1.376872e+01 -7.854281e-01 5.306812e-02 -6.166736e-01 -3.667695e+02
-6.199262e-01 -3.124605e-02 7.840378e-01 6.806657e+02 2.229805e-02 9.981017e-01 5.740779e-02 1.418850e+01 -7.843432e-01 5.307110e-02 -6.180527e-01 -3.733743e+02
-6.206549e-01 -3.096139e-02 7.834724e-01 6.868945e+02 2.296153e-02 9.980738e-01 5.763181e-02 1.451349e+01 -7.837476e-01 5.375918e-02 -6.187484e-01 -3.783370e+02
-6.199039e-01 -2.777842e-02 7.841859e-01 6.931156e+02 2.640585e-02 9.980686e-01 5.622883e-02 1.482707e+01 -7.842333e-01 5.556355e-02 -6.179731e-01 -3.833046e+02
-6.184733e-01 -2.691439e-02 7.853448e-01 6.993457e+02 2.789353e-02 9.980315e-01 5.616999e-02 1.513859e+01 -7.853106e-01 5.664566e-02 -6.165050e-01 -3.882646e+02
-6.171660e-01 -2.735725e-02 7.863573e-01 7.055829e+02 2.604813e-02 9.981372e-01 5.516869e-02 1.544804e+01 -7.864017e-01 5.453136e-02 -6.153037e-01 -3.932168e+02
-6.150152e-01 -2.666353e-02 7.880644e-01 7.139054e+02 2.958742e-02 9.979439e-01 5.685502e-02 1.587836e+01 -7.879600e-01 5.828347e-02 -6.129617e-01 -3.998001e+02
-6.128317e-01 -2.458664e-02 7.898309e-01 7.201441e+02 2.991372e-02 9.980776e-01 5.427927e-02 1.621513e+01 -7.896470e-01 5.689083e-02 -6.109181e-01 -4.046980e+02
-6.106438e-01 -2.477735e-02 7.915177e-01 7.264057e+02 2.932406e-02 9.981174e-01 5.386772e-02 1.654399e+01 -7.913623e-01 5.610449e-02 -6.087676e-01 -4.095850e+02
-6.089475e-01 -2.434435e-02 7.928369e-01 7.326752e+02 2.817377e-02 9.982344e-01 5.229034e-02 1.688104e+01 -7.927100e-01 5.417927e-02 -6.071864e-01 -4.144501e+02
-6.078964e-01 -2.428475e-02 7.936449e-01 7.389533e+02 2.923173e-02 9.981701e-01 5.293321e-02 1.717540e+01 -7.934781e-01 5.537751e-02 -6.060741e-01 -4.193157e+02
-6.081614e-01 -2.464044e-02 7.934309e-01 7.452354e+02 2.571500e-02 9.983820e-01 5.071575e-02 1.746720e+01 -7.933968e-01 5.124643e-02 -6.065437e-01 -4.241692e+02
-6.064594e-01 -2.383008e-02 7.947573e-01 7.515173e+02 3.164025e-02 9.980358e-01 5.406908e-02 1.775413e+01 -7.944846e-01 5.793701e-02 -6.045142e-01 -4.290362e+02
-5.987543e-01 -1.969439e-02 8.006906e-01 7.725730e+02 3.265637e-02 9.982660e-01 4.897443e-02 1.858489e+01 -8.002667e-01 5.547129e-02 -5.970729e-01 -4.451404e+02
-5.969748e-01 -1.940370e-02 8.020253e-01 7.789176e+02 3.276996e-02 9.982833e-01 4.854363e-02 1.882798e+01 -8.015904e-01 5.526165e-02 -5.953141e-01 -4.499322e+02
-5.992125e-01 -2.052399e-02 8.003270e-01 7.937097e+02 3.030339e-02 9.983735e-01 4.829123e-02 1.940541e+01 -8.000163e-01 5.318931e-02 -5.976158e-01 -4.610817e+02
-6.006924e-01 -2.038464e-02 7.992204e-01 8.021083e+02 2.956262e-02 9.984248e-01 4.768468e-02 1.973792e+01 -7.989335e-01 5.227086e-02 -5.991435e-01 -4.674543e+02
-5.957648e-01 -1.758585e-02 8.029665e-01 8.188949e+02 3.362588e-02 9.983375e-01 4.681356e-02 2.035380e+01 -8.024547e-01 5.489031e-02 -5.941829e-01 -4.801748e+02
-5.912662e-01 -1.944743e-02 8.062420e-01 8.273472e+02 3.392734e-02 9.982244e-01 4.895922e-02 2.068385e+01 -8.057625e-01 5.630156e-02 -5.895565e-01 -4.864927e+02
-5.876245e-01 -2.492353e-02 8.087498e-01 8.508213e+02 2.758645e-02 9.983273e-01 5.080966e-02 2.167907e+01 -8.086633e-01 5.216753e-02 -5.859540e-01 -5.037670e+02
-5.860720e-01 -2.386218e-02 8.099075e-01 8.594084e+02 2.870361e-02 9.983274e-01 5.018431e-02 2.204762e+01 -8.097504e-01 5.265888e-02 -5.844068e-01 -5.100613e+02
-5.850150e-01 -2.910390e-02 8.105002e-01 8.680116e+02 2.882214e-02 9.979786e-01 5.663965e-02 2.243636e+01 -8.105102e-01 5.649538e-02 -5.829935e-01 -5.163554e+02
-5.801933e-01 -2.464661e-02 8.141059e-01 8.765885e+02 3.495258e-02 9.978678e-01 5.511975e-02 2.282659e+01 -8.137285e-01 6.043520e-02 -5.780946e-01 -5.226080e+02
-5.754862e-01 -2.817993e-02 8.173259e-01 8.852001e+02 3.502889e-02 9.976396e-01 5.906097e-02 2.322957e+01 -8.170609e-01 6.261878e-02 -5.731407e-01 -5.287963e+02
-5.682635e-01 -2.932919e-02 8.223238e-01 9.001742e+02 3.565867e-02 9.975479e-01 6.022055e-02 2.394138e+01 -8.220736e-01 6.354410e-02 -5.658242e-01 -5.393743e+02
-5.655556e-01 -3.067740e-02 8.241394e-01 9.087272e+02 3.299448e-02 9.976662e-01 5.977874e-02 2.437286e+01 -8.240499e-01 6.100024e-02 -5.632235e-01 -5.453321e+02
-5.630537e-01 -3.359089e-02 8.257374e-01 9.300863e+02 2.975654e-02 9.977016e-01 6.087675e-02 2.541005e+01 -8.258844e-01 5.884795e-02 -5.607600e-01 -5.600649e+02
-5.504126e-01 -4.409681e-02 8.337275e-01 9.688004e+02 3.139081e-02 9.968050e-01 7.344585e-02 2.762785e+01 -8.343024e-01 6.659688e-02 -5.472698e-01 -5.863150e+02
-5.500894e-01 -3.775979e-02 8.342517e-01 9.774553e+02 3.618891e-02 9.969610e-01 6.898658e-02 2.816051e+01 -8.343213e-01 6.813943e-02 -5.470512e-01 -5.920933e+02
-5.502465e-01 -3.801555e-02 8.341365e-01 9.861268e+02 3.522866e-02 9.970167e-01 6.867771e-02 2.868428e+01 -8.342588e-01 6.717516e-02 -5.472656e-01 -5.978687e+02
-5.491390e-01 -3.568978e-02 8.349687e-01 9.947990e+02 3.896771e-02 9.969076e-01 6.823981e-02 2.920365e+01 -8.348221e-01 7.000994e-02 -5.460500e-01 -6.036558e+02
-5.452264e-01 -3.889550e-02 8.373860e-01 1.012137e+03 3.458862e-02 9.970285e-01 6.883151e-02 3.021781e+01 -8.375749e-01 6.649277e-02 -5.422609e-01 -6.151186e+02
-5.437373e-01 -3.675178e-02 8.384505e-01 1.020773e+03 3.622857e-02 9.970816e-01 6.719937e-02 3.072311e+01 -8.384732e-01 6.691465e-02 -5.408189e-01 -6.208006e+02
-5.422457e-01 -3.379927e-02 8.395399e-01 1.029367e+03 4.268953e-02 9.967918e-01 6.770262e-02 3.120927e+01 -8.391348e-01 7.255100e-02 -5.390632e-01 -6.264527e+02
-5.404372e-01 -3.945466e-02 8.404588e-01 1.035804e+03 3.349250e-02 9.970994e-01 6.834458e-02 3.158219e+01 -8.407175e-01 6.508500e-02 -5.375481e-01 -6.306416e+02
-5.335690e-01 -3.687330e-02 8.449524e-01 1.050796e+03 3.398114e-02 9.973078e-01 6.498035e-02 3.243167e+01 -8.450736e-01 6.338393e-02 -5.308794e-01 -6.403174e+02
-5.311356e-01 -3.497407e-02 8.465647e-01 1.057226e+03 3.704119e-02 9.972340e-01 6.443834e-02 3.277429e+01 -8.464767e-01 6.558325e-02 -5.283710e-01 -6.444173e+02
-5.288308e-01 -4.329705e-02 8.476222e-01 1.065821e+03 2.799712e-02 9.972645e-01 6.840825e-02 3.329059e+01 -8.482653e-01 5.990736e-02 -5.261719e-01 -6.498375e+02
-5.279950e-01 -4.015087e-02 8.482979e-01 1.072257e+03 2.790603e-02 9.975221e-01 6.458301e-02 3.365737e+01 -8.487888e-01 5.777212e-02 -5.255662e-01 -6.538847e+02
-5.275716e-01 -3.665528e-02 8.487194e-01 1.078687e+03 3.484186e-02 9.972943e-01 6.473008e-02 3.400470e+01 -8.487958e-01 6.372070e-02 -5.248670e-01 -6.579412e+02
-5.263838e-01 -3.562586e-02 8.495004e-01 1.085128e+03 3.506672e-02 9.973620e-01 6.355550e-02 3.436709e+01 -8.495236e-01 6.324376e-02 -5.237459e-01 -6.619814e+02
-5.229823e-01 -3.085688e-02 8.517848e-01 1.091568e+03 4.168796e-02 9.972224e-01 6.172126e-02 3.469434e+01 -8.513234e-01 6.778829e-02 -5.202433e-01 -6.660140e+02
-5.209506e-01 -3.930016e-02 8.526817e-01 1.098041e+03 3.786647e-02 9.968921e-01 6.908155e-02 3.504702e+01 -8.527465e-01 6.827610e-02 -5.178433e-01 -6.700112e+02
-5.182364e-01 -3.465334e-02 8.545351e-01 1.104507e+03 4.023702e-02 9.970844e-01 6.483594e-02 3.543368e+01 -8.542904e-01 6.798427e-02 -5.153310e-01 -6.739958e+02
-5.154866e-01 -3.610481e-02 8.561367e-01 1.110993e+03 3.957762e-02 9.970425e-01 6.587705e-02 3.578536e+01 -8.559831e-01 6.784258e-02 -5.125331e-01 -6.779581e+02
-5.130265e-01 -3.837217e-02 8.575147e-01 1.117494e+03 3.911889e-02 9.969171e-01 6.801388e-02 3.614825e+01 -8.574809e-01 6.843794e-02 -5.099438e-01 -6.818958e+02
-5.103242e-01 -3.756592e-02 8.591613e-01 1.124019e+03 3.820478e-02 9.970688e-01 6.628863e-02 3.651109e+01 -8.591330e-01 6.665274e-02 -5.073931e-01 -6.858237e+02
-5.086589e-01 -3.613258e-02 8.602096e-01 1.128381e+03 3.915477e-02 9.971144e-01 6.503616e-02 3.675667e+01 -8.600773e-01 6.676252e-02 -5.057763e-01 -6.884392e+02
-5.065972e-01 -3.485421e-02 8.614781e-01 1.132753e+03 3.822998e-02 9.972917e-01 6.283040e-02 3.699032e+01 -8.613348e-01 6.476399e-02 -5.038927e-01 -6.910464e+02
-5.049198e-01 -3.308991e-02 8.625318e-01 1.137143e+03 3.883964e-02 9.973818e-01 6.099969e-02 3.721242e+01 -8.622920e-01 6.430036e-02 -5.023126e-01 -6.936540e+02
-5.033773e-01 -3.346126e-02 8.634186e-01 1.141541e+03 3.941136e-02 9.973208e-01 6.162757e-02 3.743261e+01 -8.631674e-01 6.505041e-02 -5.007099e-01 -6.962551e+02
-5.023498e-01 -3.525588e-02 8.639455e-01 1.145954e+03 3.785579e-02 9.973136e-01 6.270999e-02 3.766114e+01 -8.638354e-01 6.420767e-02 -4.996656e-01 -6.988522e+02
-5.028628e-01 -3.664102e-02 8.635893e-01 1.154800e+03 3.577497e-02 9.973627e-01 6.314841e-02 3.812449e+01 -8.636255e-01 6.264986e-02 -5.002258e-01 -7.040408e+02
-5.031328e-01 -3.599091e-02 8.634594e-01 1.159229e+03 3.680543e-02 9.973335e-01 6.301739e-02 3.836214e+01 -8.634250e-01 6.348609e-02 -5.004665e-01 -7.066378e+02
-5.036455e-01 -3.330733e-02 8.632681e-01 1.165886e+03 3.899425e-02 9.973616e-01 6.123095e-02 3.871705e+01 -8.630299e-01 6.450117e-02 -5.010179e-01 -7.105384e+02
-5.039031e-01 -3.504066e-02 8.630492e-01 1.170337e+03 3.829730e-02 9.972878e-01 6.285128e-02 3.895544e+01 -8.629108e-01 6.472339e-02 -5.011944e-01 -7.131505e+02
-5.031224e-01 -3.041031e-02 8.636800e-01 1.174790e+03 4.071460e-02 9.974369e-01 5.883752e-02 3.919328e+01 -8.632556e-01 6.476685e-02 -5.005947e-01 -7.157678e+02
-5.020098e-01 -3.281038e-02 8.642394e-01 1.179271e+03 4.146768e-02 9.972177e-01 6.194611e-02 3.941873e+01 -8.638672e-01 6.693554e-02 -4.992524e-01 -7.183940e+02
-5.016674e-01 -3.743195e-02 8.642504e-01 1.183758e+03 4.127892e-02 9.968894e-01 6.713771e-02 3.967071e+01 -8.640752e-01 6.935610e-02 -4.985617e-01 -7.210223e+02
-5.011283e-01 -3.664291e-02 8.645969e-01 1.188272e+03 3.934465e-02 9.971052e-01 6.506332e-02 3.993274e+01 -8.644781e-01 6.662232e-02 -4.982359e-01 -7.236591e+02
-5.002405e-01 -3.607974e-02 8.651345e-01 1.192784e+03 3.954090e-02 9.971373e-01 6.444826e-02 4.018605e+01 -8.649832e-01 6.644781e-02 -4.973818e-01 -7.262948e+02
-4.985463e-01 -3.378706e-02 8.662044e-01 1.197315e+03 4.053673e-02 9.972383e-01 6.222918e-02 4.043252e+01 -8.659147e-01 6.613720e-02 -4.957998e-01 -7.289370e+02
-4.970255e-01 -3.263259e-02 8.671222e-01 1.201867e+03 4.126176e-02 9.972734e-01 6.118141e-02 4.067201e+01 -8.667543e-01 6.618769e-02 -4.943238e-01 -7.315819e+02
-4.956990e-01 -3.323065e-02 8.678584e-01 1.206417e+03 4.220870e-02 9.971651e-01 6.229041e-02 4.090637e+01 -8.674681e-01 6.750846e-02 -4.928911e-01 -7.342126e+02
-4.944594e-01 -3.504143e-02 8.684941e-01 1.210993e+03 4.168451e-02 9.970814e-01 6.396180e-02 4.114443e+01 -8.682006e-01 6.782925e-02 -4.915555e-01 -7.368459e+02
-4.927929e-01 -3.458554e-02 8.694590e-01 1.215578e+03 4.250989e-02 9.970598e-01 6.375507e-02 4.138330e+01 -8.691076e-01 6.837864e-02 -4.898737e-01 -7.394756e+02
-4.897948e-01 -3.214880e-02 8.712448e-01 1.220173e+03 4.339884e-02 9.971819e-01 6.119374e-02 4.161726e+01 -8.707569e-01 6.778338e-02 -4.870193e-01 -7.421052e+02
-4.866466e-01 -2.912757e-02 8.731133e-01 1.224787e+03 4.363457e-02 9.973860e-01 5.759395e-02 4.183738e+01 -8.725085e-01 6.612581e-02 -4.841035e-01 -7.447223e+02
-4.830361e-01 -3.069926e-02 8.750622e-01 1.231744e+03 4.274072e-02 9.973671e-01 5.858296e-02 4.215831e+01 -8.745567e-01 6.569845e-02 -4.804522e-01 -7.486314e+02
-4.818709e-01 -2.891977e-02 8.757649e-01 1.236405e+03 4.054171e-02 9.976490e-01 5.525187e-02 4.237920e+01 -8.753038e-01 6.212926e-02 -4.795655e-01 -7.512267e+02
-4.806926e-01 -2.658732e-02 8.764861e-01 1.241082e+03 4.127268e-02 9.977465e-01 5.290087e-02 4.258650e+01 -8.759173e-01 6.160397e-02 -4.785120e-01 -7.538235e+02
-4.795872e-01 -2.704466e-02 8.770774e-01 1.245771e+03 4.237194e-02 9.976452e-01 5.393140e-02 4.278686e+01 -8.764706e-01 6.302826e-02 -4.773119e-01 -7.564194e+02
-4.783352e-01 -2.882378e-02 8.777042e-01 1.250478e+03 4.131594e-02 9.976158e-01 5.527822e-02 4.299082e+01 -8.772049e-01 6.270468e-02 -4.760038e-01 -7.590137e+02
-4.770816e-01 -3.079840e-02 8.783192e-01 1.255209e+03 4.074245e-02 9.975362e-01 5.710906e-02 4.320690e+01 -8.779141e-01 6.303055e-02 -4.746514e-01 -7.616116e+02
-4.757567e-01 -3.155398e-02 8.790108e-01 1.259949e+03 4.252331e-02 9.973626e-01 5.881783e-02 4.343590e+01 -8.785484e-01 6.536141e-02 -4.731602e-01 -7.642087e+02
-4.743670e-01 -2.406703e-02 8.799982e-01 1.264716e+03 4.159496e-02 9.978970e-01 4.971339e-02 4.365179e+01 -8.793439e-01 6.018586e-02 -4.723683e-01 -7.668074e+02
-4.727143e-01 -1.714449e-02 8.810490e-01 1.269473e+03 4.211108e-02 9.982289e-01 4.201881e-02 4.381598e+01 -8.802090e-01 5.696480e-02 -4.711551e-01 -7.693932e+02
-4.714063e-01 -2.046813e-02 8.816786e-01 1.274261e+03 4.231779e-02 9.980541e-01 4.579579e-02 4.397657e+01 -8.809003e-01 5.889910e-02 -4.696228e-01 -7.719869e+02
-4.706896e-01 -2.523269e-02 8.819380e-01 1.279074e+03 4.141190e-02 9.978575e-01 5.065069e-02 4.415904e+01 -8.813265e-01 6.036346e-02 -4.686361e-01 -7.745821e+02
-4.697773e-01 -2.548182e-02 8.824172e-01 1.283885e+03 4.201929e-02 9.978049e-01 5.118394e-02 4.434661e+01 -8.817844e-01 6.112358e-02 -4.676753e-01 -7.771708e+02
-4.686361e-01 -2.366345e-02 8.830744e-01 1.288696e+03 4.167369e-02 9.979360e-01 4.885704e-02 4.452846e+01 -8.824078e-01 5.969712e-02 -4.666826e-01 -7.797516e+02
-4.675683e-01 -2.099316e-02 8.837076e-01 1.293510e+03 4.225906e-02 9.980440e-01 4.606851e-02 4.469610e+01 -8.829462e-01 5.888481e-02 -4.657666e-01 -7.823282e+02
-4.664224e-01 -2.271908e-02 8.842704e-01 1.298329e+03 4.184723e-02 9.979841e-01 4.771364e-02 4.485866e+01 -8.835717e-01 5.925897e-02 -4.645313e-01 -7.848990e+02
-4.655366e-01 -2.258759e-02 8.847404e-01 1.303154e+03 4.168539e-02 9.980051e-01 4.741346e-02 4.502280e+01 -8.840463e-01 5.895343e-02 -4.636663e-01 -7.874640e+02
-4.642827e-01 -1.980744e-02 8.854656e-01 1.307966e+03 4.264627e-02 9.980903e-01 4.468783e-02 4.518137e+01 -8.846597e-01 5.850957e-02 -4.625513e-01 -7.900173e+02
-4.633665e-01 -1.774400e-02 8.859891e-01 1.312794e+03 4.306842e-02 9.981671e-01 4.251513e-02 4.532493e+01 -8.851195e-01 5.785823e-02 -4.617530e-01 -7.925713e+02
-4.622418e-01 -2.039662e-02 8.865193e-01 1.317624e+03 4.251477e-02 9.980760e-01 4.513096e-02 4.546362e+01 -8.857341e-01 5.855157e-02 -4.604853e-01 -7.951168e+02
-4.610104e-01 -1.804203e-02 8.872113e-01 1.322449e+03 4.442970e-02 9.980701e-01 4.338286e-02 4.562651e+01 -8.862818e-01 5.941847e-02 -4.593191e-01 -7.976481e+02
-4.599869e-01 -1.855658e-02 8.877318e-01 1.327287e+03 4.317472e-02 9.981315e-01 4.323571e-02 4.580071e+01 -8.868754e-01 5.821542e-02 -4.583263e-01 -8.001723e+02
-4.588565e-01 -1.549390e-02 8.883753e-01 1.332123e+03 4.186330e-02 9.983605e-01 3.903501e-02 4.592005e+01 -8.875236e-01 5.510178e-02 -4.574555e-01 -8.026887e+02
-4.579285e-01 -1.459570e-02 8.888692e-01 1.336962e+03 4.179100e-02 9.984063e-01 3.792428e-02 4.601545e+01 -8.880062e-01 5.451333e-02 -4.565887e-01 -8.052106e+02
-4.570247e-01 -1.638847e-02 8.893030e-01 1.341797e+03 4.310083e-02 9.982476e-01 4.054624e-02 4.611465e+01 -8.884091e-01 5.686032e-02 -4.555175e-01 -8.077231e+02
-4.561369e-01 -1.415073e-02 8.897971e-01 1.346638e+03 4.159980e-02 9.984414e-01 3.720384e-02 4.621961e+01 -8.889367e-01 5.398542e-02 -4.548373e-01 -8.102296e+02
-4.553181e-01 -1.245396e-02 8.902417e-01 1.351478e+03 4.176598e-02 9.985026e-01 3.532985e-02 4.632033e+01 -8.893486e-01 5.326813e-02 -4.541161e-01 -8.127339e+02
-4.542477e-01 -1.307768e-02 8.907795e-01 1.356319e+03 4.258238e-02 9.984306e-01 3.637274e-02 4.641171e+01 -8.898572e-01 5.445373e-02 -4.529779e-01 -8.152327e+02
-4.531468e-01 -1.363795e-02 8.913316e-01 1.361156e+03 4.217544e-02 9.984352e-01 3.671841e-02 4.650728e+01 -8.904376e-01 5.423112e-02 -4.518625e-01 -8.177234e+02
-4.522222e-01 -1.282279e-02 8.918132e-01 1.365979e+03 4.208703e-02 9.984760e-01 3.569798e-02 4.660484e+01 -8.909117e-01 5.367717e-02 -4.509933e-01 -8.201971e+02
-4.512406e-01 -1.308845e-02 8.923064e-01 1.370797e+03 4.172756e-02 9.984893e-01 3.574763e-02 4.670062e+01 -8.914262e-01 5.336454e-02 -4.500127e-01 -8.226635e+02
-4.501576e-01 -1.202649e-02 8.928682e-01 1.375612e+03 4.206122e-02 9.985138e-01 3.465550e-02 4.679807e+01 -8.919579e-01 5.315554e-02 -4.489827e-01 -8.251194e+02
-4.475542e-01 -8.030314e-03 8.942208e-01 1.382830e+03 4.359172e-02 9.985750e-01 3.078492e-02 4.692624e+01 -8.931937e-01 5.275853e-02 -4.465663e-01 -8.287850e+02
-4.461190e-01 -6.109051e-03 8.949529e-01 1.387647e+03 4.298235e-02 9.986765e-01 2.824305e-02 4.699431e+01 -8.939409e-01 5.106692e-02 -4.452659e-01 -8.312155e+02
-4.440097e-01 -7.494033e-03 8.959907e-01 1.394883e+03 4.056791e-02 9.987714e-01 2.845718e-02 4.707894e+01 -8.951031e-01 4.898372e-02 -4.431602e-01 -8.348470e+02
-4.415503e-01 -7.757886e-03 8.972030e-01 1.402118e+03 4.109353e-02 9.987384e-01 2.885964e-02 4.716495e+01 -8.962949e-01 4.961221e-02 -4.406744e-01 -8.384586e+02
-4.400229e-01 -6.675482e-03 8.979618e-01 1.406940e+03 4.260319e-02 9.986911e-01 2.830089e-02 4.722089e+01 -8.969753e-01 5.070907e-02 -4.391625e-01 -8.408560e+02
-4.375662e-01 -4.113388e-03 8.991768e-01 1.414145e+03 4.385315e-02 9.987019e-01 2.590892e-02 4.729259e+01 -8.981162e-01 5.076859e-02 -4.368178e-01 -8.444199e+02
-4.358876e-01 -1.574316e-03 8.999997e-01 1.418942e+03 4.471321e-02 9.987257e-01 2.340249e-02 4.732869e+01 -8.988897e-01 5.044272e-02 -4.352618e-01 -8.467820e+02
-4.339416e-01 -1.842975e-03 9.009391e-01 1.426137e+03 4.385551e-02 9.987692e-01 2.316631e-02 4.737431e+01 -8.998729e-01 4.956396e-02 -4.333267e-01 -8.503038e+02
-4.329478e-01 7.404537e-05 9.014190e-01 1.430939e+03 4.315982e-02 9.988548e-01 2.064743e-02 4.740614e+01 -9.003851e-01 4.784433e-02 -4.324551e-01 -8.526428e+02
-4.318036e-01 1.893540e-03 9.019657e-01 1.435735e+03 4.310806e-02 9.988983e-01 1.854034e-02 4.742141e+01 -9.009369e-01 4.688776e-02 -4.314095e-01 -8.549747e+02
-4.307241e-01 1.516974e-04 9.024837e-01 1.440537e+03 4.246544e-02 9.988957e-01 2.009937e-02 4.742646e+01 -9.014840e-01 4.698163e-02 -4.302548e-01 -8.573020e+02
-4.297253e-01 1.296619e-03 9.029588e-01 1.445330e+03 4.221789e-02 9.989342e-01 1.865738e-02 4.743887e+01 -9.019722e-01 4.613855e-02 -4.293220e-01 -8.596177e+02
-4.279515e-01 1.090654e-03 9.038011e-01 1.452509e+03 4.158581e-02 9.989639e-01 1.848546e-02 4.745636e+01 -9.028444e-01 4.549616e-02 -4.275534e-01 -8.630706e+02
-4.263508e-01 -7.456581e-04 9.045576e-01 1.459672e+03 4.212068e-02 9.988985e-01 2.067642e-02 4.746995e+01 -9.035766e-01 4.691598e-02 -4.258498e-01 -8.664905e+02
-4.245447e-01 -6.486388e-04 9.054068e-01 1.466807e+03 4.298163e-02 9.988578e-01 2.086964e-02 4.747599e+01 -9.043862e-01 4.777594e-02 -4.240319e-01 -8.698865e+02
-4.233020e-01 -3.050497e-04 9.059886e-01 1.471550e+03 4.241106e-02 9.988970e-01 2.015190e-02 4.746029e+01 -9.049954e-01 4.695427e-02 -4.228221e-01 -8.721350e+02
-4.216964e-01 -3.894153e-04 9.067370e-01 1.478642e+03 4.232400e-02 9.989015e-01 2.011262e-02 4.742685e+01 -9.057487e-01 4.685814e-02 -4.212167e-01 -8.754851e+02
-4.214195e-01 -2.631344e-03 9.068620e-01 1.485696e+03 4.104568e-02 9.989156e-01 2.197240e-02 4.743611e+01 -9.059364e-01 4.648236e-02 -4.208545e-01 -8.787965e+02
-4.216739e-01 -4.360895e-03 9.067371e-01 1.492712e+03 4.118089e-02 9.988645e-01 2.395495e-02 4.746804e+01 -9.058119e-01 4.744141e-02 -4.210155e-01 -8.820850e+02
-4.212827e-01 -5.427972e-03 9.069132e-01 1.499686e+03 3.990886e-02 9.989025e-01 2.451715e-02 4.751405e+01 -9.060508e-01 4.652251e-02 -4.206037e-01 -8.853464e+02
-4.198049e-01 -2.796147e-03 9.076101e-01 1.506608e+03 4.168256e-02 9.988807e-01 2.235713e-02 4.755386e+01 -9.066567e-01 4.721713e-02 -4.192184e-01 -8.885793e+02
-4.163398e-01 -2.818590e-03 9.092047e-01 1.520388e+03 4.379281e-02 9.987724e-01 2.314970e-02 4.763313e+01 -9.081538e-01 4.945476e-02 -4.157052e-01 -8.949665e+02
-4.146836e-01 -6.265259e-03 9.099442e-01 1.527242e+03 4.329189e-02 9.987081e-01 2.660558e-02 4.768706e+01 -9.089353e-01 5.042608e-02 -4.138766e-01 -8.981170e+02
-4.109377e-01 -8.137194e-03 9.116271e-01 1.540873e+03 4.298603e-02 9.986750e-01 2.829116e-02 4.776928e+01 -9.106494e-01 5.081312e-02 -4.100434e-01 -9.043349e+02
-4.090887e-01 -5.394616e-03 9.124787e-01 1.547641e+03 4.250447e-02 9.987844e-01 2.496075e-02 4.783343e+01 -9.115041e-01 4.899557e-02 -4.083621e-01 -9.073939e+02
-4.087268e-01 -1.094511e-02 9.125912e-01 1.561071e+03 4.029120e-02 9.987368e-01 3.002371e-02 4.792615e+01 -9.117670e-01 4.904088e-02 -4.077694e-01 -9.134263e+02
-4.109523e-01 -9.193792e-03 9.116105e-01 1.567716e+03 4.054410e-02 9.987755e-01 2.835007e-02 4.799707e+01 -9.107548e-01 4.861095e-02 -4.100763e-01 -9.164241e+02
-4.128402e-01 -1.068480e-02 9.107408e-01 1.574331e+03 3.982414e-02 9.987631e-01 2.976981e-02 4.806802e+01 -9.099324e-01 4.855963e-02 -4.119041e-01 -9.194263e+02
-4.147282e-01 -8.807796e-03 9.099028e-01 1.580910e+03 4.066240e-02 9.987748e-01 2.820174e-02 4.814314e+01 -9.090363e-01 4.869488e-02 -4.138619e-01 -9.224315e+02
-4.183437e-01 -9.871278e-03 9.082352e-01 1.587477e+03 4.061757e-02 9.987373e-01 2.956383e-02 4.821155e+01 -9.073801e-01 4.925814e-02 -4.174145e-01 -9.254494e+02
-4.256683e-01 -1.316031e-02 9.047836e-01 1.593998e+03 3.804936e-02 9.987495e-01 3.242792e-02 4.829025e+01 -9.040789e-01 4.822997e-02 -4.246352e-01 -9.284840e+02
-4.357487e-01 -1.337277e-02 8.999691e-01 1.602594e+03 3.647518e-02 9.988059e-01 3.250201e-02 4.840548e+01 -8.993290e-01 4.698923e-02 -4.347406e-01 -9.325808e+02
-4.589215e-01 -1.142128e-02 8.884034e-01 1.639898e+03 3.972457e-02 9.986536e-01 3.335912e-02 4.897459e+01 -8.875883e-01 5.060065e-02 -4.578499e-01 -9.515090e+02
-4.571762e-01 -1.260490e-02 8.892869e-01 1.645927e+03 3.876005e-02 9.986671e-01 3.408155e-02 4.906123e+01 -8.885311e-01 5.005007e-02 -4.560782e-01 -9.546358e+02
-4.526643e-01 -1.878678e-02 8.914831e-01 1.651926e+03 4.184379e-02 9.982290e-01 4.228313e-02 4.917785e+01 -8.906986e-01 5.644308e-02 -4.510765e-01 -9.577232e+02
-4.469770e-01 -9.115964e-03 8.944990e-01 1.657888e+03 4.213817e-02 9.986235e-01 3.123335e-02 4.931059e+01 -8.935524e-01 5.165312e-02 -4.459776e-01 -9.607445e+02
-4.271062e-01 -1.697163e-02 9.040422e-01 1.677761e+03 4.370839e-02 9.982675e-01 3.939013e-02 4.969653e+01 -9.031444e-01 5.633798e-02 -4.256244e-01 -9.703985e+02
-4.260693e-01 -1.862467e-02 9.044988e-01 1.683703e+03 3.898819e-02 9.984812e-01 3.892548e-02 4.982334e+01 -9.038500e-01 5.184971e-02 -4.246960e-01 -9.731964e+02
-4.258275e-01 -1.911967e-02 9.046024e-01 1.689621e+03 3.922920e-02 9.984464e-01 3.956969e-02 4.995262e+01 -9.039535e-01 5.233667e-02 -4.244159e-01 -9.759855e+02
-4.257577e-01 -1.798169e-02 9.046585e-01 1.695506e+03 3.998007e-02 9.984522e-01 3.866175e-02 5.007832e+01 -9.039535e-01 5.262883e-02 -4.243798e-01 -9.787577e+02
-4.239562e-01 -1.983420e-02 9.054655e-01 1.701378e+03 4.150721e-02 9.982842e-01 4.130185e-02 5.021139e+01 -9.047310e-01 5.509350e-02 -4.224055e-01 -9.815203e+02
-4.217969e-01 -2.174798e-02 9.064295e-01 1.707206e+03 4.103037e-02 9.982303e-01 4.304358e-02 5.035512e+01 -9.057614e-01 5.534677e-02 -4.201581e-01 -9.842435e+02
-4.173166e-01 -1.717224e-02 9.085989e-01 1.713011e+03 4.462982e-02 9.982277e-01 3.936453e-02 5.050409e+01 -9.076646e-01 5.697807e-02 -4.158106e-01 -9.869390e+02
-4.046679e-01 -2.602824e-02 9.140933e-01 1.745308e+03 4.578735e-02 9.977643e-01 4.868072e-02 5.137573e+01 -9.133167e-01 6.155341e-02 -4.025714e-01 -1.001398e+03
-4.060930e-01 -2.645875e-02 9.134487e-01 1.748971e+03 4.084785e-02 9.980561e-01 4.706924e-02 5.150814e+01 -9.129183e-01 5.642689e-02 -4.042228e-01 -1.002990e+03
-4.081243e-01 -2.983948e-02 9.124386e-01 1.754388e+03 3.846660e-02 9.980160e-01 4.984383e-02 5.165386e+01 -9.121156e-01 5.544088e-02 -4.061667e-01 -1.005375e+03
-4.105918e-01 -3.381276e-02 9.111921e-01 1.757974e+03 3.578011e-02 9.979450e-01 5.315486e-02 5.176265e+01 -9.111169e-01 5.442749e-02 -4.085382e-01 -1.006957e+03
-4.142105e-01 -3.438054e-02 9.095316e-01 1.763261e+03 4.024363e-02 9.976173e-01 5.603758e-02 5.195285e+01 -9.092910e-01 5.981420e-02 -4.118399e-01 -1.009335e+03
-4.162592e-01 -3.236671e-02 9.086698e-01 1.766720e+03 4.714623e-02 9.972535e-01 5.711960e-02 5.207058e+01 -9.080228e-01 6.661690e-02 -4.135899e-01 -1.010909e+03
-4.185407e-01 -2.865671e-02 9.077459e-01 1.770113e+03 5.346707e-02 9.969910e-01 5.612652e-02 5.218615e+01 -9.066228e-01 7.202572e-02 -4.157490e-01 -1.012467e+03
-4.212029e-01 -2.530508e-02 9.066134e-01 1.773447e+03 5.992450e-02 9.966500e-01 5.565842e-02 5.230027e+01 -9.049846e-01 7.777182e-02 -4.182754e-01 -1.014014e+03
-4.245079e-01 -2.240697e-02 9.051469e-01 1.776731e+03 6.497912e-02 9.963620e-01 5.513978e-02 5.241430e+01 -9.030895e-01 8.222291e-02 -4.215076e-01 -1.015552e+03
-4.289311e-01 -2.072171e-02 9.030995e-01 1.779954e+03 7.034166e-02 9.959351e-01 5.626091e-02 5.252858e+01 -9.005943e-01 8.765756e-02 -4.257299e-01 -1.017080e+03
-4.334541e-01 -1.795788e-02 9.009968e-01 1.783104e+03 7.644386e-02 9.954651e-01 5.661657e-02 5.264253e+01 -8.979275e-01 9.341633e-02 -4.301156e-01 -1.018596e+03
-4.413488e-01 -1.675766e-02 8.971792e-01 1.786178e+03 7.842689e-02 9.952792e-01 5.717048e-02 5.275441e+01 -8.939018e-01 9.559508e-02 -4.379510e-01 -1.020097e+03
-4.533024e-01 -1.701695e-02 8.911944e-01 1.789178e+03 8.004657e-02 9.950008e-01 5.971444e-02 5.287006e+01 -8.877553e-01 9.840573e-02 -4.496741e-01 -1.021604e+03
-4.685690e-01 -1.628453e-02 8.832768e-01 1.792093e+03 7.885797e-02 9.950678e-01 6.017888e-02 5.298756e+01 -8.799002e-01 9.785135e-02 -4.649737e-01 -1.023119e+03
-4.907492e-01 -1.491830e-02 8.711732e-01 1.794918e+03 7.588578e-02 9.953222e-01 5.979224e-02 5.310413e+01 -8.679900e-01 9.545263e-02 -4.873214e-01 -1.024665e+03
-5.174962e-01 -1.258371e-02 8.555930e-01 1.797645e+03 7.761762e-02 9.950795e-01 6.158139e-02 5.322561e+01 -8.521579e-01 9.827721e-02 -5.139731e-01 -1.026269e+03
-5.456592e-01 -9.288754e-03 8.379558e-01 1.800303e+03 8.159625e-02 9.945982e-01 6.415889e-02 5.334948e+01 -8.340252e-01 1.033829e-01 -5.419537e-01 -1.027957e+03
-5.757601e-01 -6.659574e-03 8.175916e-01 1.802849e+03 8.351870e-02 9.942571e-01 6.691367e-02 5.348746e+01 -8.133418e-01 1.068104e-01 -5.718973e-01 -1.029705e+03
-6.074469e-01 -1.646386e-03 7.943586e-01 1.805302e+03 8.432396e-02 9.942140e-01 6.654322e-02 5.362778e+01 -7.898720e-01 1.074049e-01 -6.037933e-01 -1.031525e+03
-6.412298e-01 -1.351058e-03 7.673477e-01 1.807659e+03 8.512927e-02 9.937004e-01 7.288738e-02 5.378134e+01 -7.626121e-01 1.120613e-01 -6.370753e-01 -1.033436e+03
-6.756468e-01 -7.525258e-04 7.372251e-01 1.809965e+03 8.281779e-02 9.935921e-01 7.691446e-02 5.394892e+01 -7.325590e-01 1.130223e-01 -6.712550e-01 -1.035467e+03
-7.104957e-01 2.390099e-03 7.036975e-01 1.812120e+03 7.983333e-02 9.938120e-01 7.722910e-02 5.411921e+01 -6.991584e-01 1.110494e-01 -7.062899e-01 -1.037563e+03
-7.630394e-01 2.589499e-03 6.463468e-01 1.815169e+03 7.723005e-02 9.931932e-01 8.719419e-02 5.439358e+01 -6.417214e-01 1.164500e-01 -7.580455e-01 -1.040921e+03
-7.962824e-01 4.487571e-03 6.049085e-01 1.817025e+03 7.564642e-02 9.928617e-01 9.221290e-02 5.459850e+01 -6.001766e-01 1.191866e-01 -7.909377e-01 -1.043266e+03
-8.270558e-01 1.039820e-02 5.620236e-01 1.818744e+03 7.374898e-02 9.931937e-01 9.015116e-02 5.481008e+01 -5.572609e-01 1.160087e-01 -8.221935e-01 -1.045693e+03
-8.562640e-01 1.406553e-02 5.163470e-01 1.820326e+03 7.167946e-02 9.931931e-01 9.181181e-02 5.502254e+01 -5.115409e-01 1.156266e-01 -8.514437e-01 -1.048207e+03
-8.839303e-01 1.549109e-02 4.673620e-01 1.821838e+03 6.850511e-02 9.929578e-01 9.665256e-02 5.524358e+01 -4.625735e-01 1.174508e-01 -8.787667e-01 -1.050848e+03
-9.093276e-01 2.065437e-02 4.155681e-01 1.823124e+03 6.660924e-02 9.931121e-01 9.639217e-02 5.547132e+01 -4.107147e-01 1.153327e-01 -9.044400e-01 -1.053518e+03
-9.314508e-01 2.376850e-02 3.630902e-01 1.824255e+03 6.432307e-02 9.929047e-01 1.000135e-01 5.570364e+01 -3.581368e-01 1.165127e-01 -9.263707e-01 -1.056260e+03
-9.507943e-01 2.386232e-02 3.089028e-01 1.825228e+03 5.859560e-02 9.928856e-01 1.036565e-01 5.594070e+01 -3.042317e-01 1.166563e-01 -9.454281e-01 -1.059056e+03
-9.664959e-01 2.602892e-02 2.553590e-01 1.826105e+03 5.416093e-02 9.931265e-01 1.037610e-01 5.619032e+01 -2.509030e-01 1.141150e-01 -9.612624e-01 -1.061934e+03
-9.839595e-01 3.175737e-02 1.755425e-01 1.827054e+03 5.122584e-02 9.928833e-01 1.075111e-01 5.657325e+01 -1.708790e-01 1.147789e-01 -9.785837e-01 -1.066300e+03
-9.920058e-01 3.362745e-02 1.216299e-01 1.827464e+03 4.701078e-02 9.929410e-01 1.088949e-01 5.683518e+01 -1.171095e-01 1.137422e-01 -9.865840e-01 -1.069230e+03
-9.969878e-01 3.695471e-02 6.818888e-02 1.827717e+03 4.423444e-02 9.931075e-01 1.085395e-01 5.709951e+01 -6.370783e-02 1.112288e-01 -9.917506e-01 -1.072185e+03
-9.990151e-01 4.096103e-02 1.706417e-02 1.827812e+03 4.258312e-02 9.931154e-01 1.091254e-01 5.736580e+01 -1.247680e-02 1.097446e-01 -9.938815e-01 -1.075152e+03
-9.984797e-01 4.345033e-02 -3.391864e-02 1.827812e+03 3.944917e-02 9.930554e-01 1.108361e-01 5.763595e+01 3.849895e-02 1.093295e-01 -9.932597e-01 -1.078165e+03
-9.926189e-01 4.587320e-02 -1.122652e-01 1.827468e+03 3.394801e-02 9.937950e-01 1.059200e-01 5.804396e+01 1.164275e-01 1.013270e-01 -9.880169e-01 -1.082643e+03
-9.850962e-01 4.534016e-02 -1.659214e-01 1.827023e+03 2.813126e-02 9.941127e-01 1.046354e-01 5.830230e+01 1.696887e-01 9.840830e-02 -9.805720e-01 -1.085615e+03
-9.800964e-01 4.645211e-02 -1.930112e-01 1.826704e+03 2.629591e-02 9.940493e-01 1.057098e-01 5.843592e+01 1.967730e-01 9.853037e-02 -9.754855e-01 -1.087072e+03
-9.677798e-01 4.820936e-02 -2.471400e-01 1.826076e+03 2.164604e-02 9.937956e-01 1.090947e-01 5.870315e+01 2.508660e-01 1.002300e-01 -9.628188e-01 -1.090056e+03
-9.521677e-01 4.944223e-02 -3.015497e-01 1.825214e+03 1.826495e-02 9.942677e-01 1.053476e-01 5.896963e+01 3.050297e-01 9.480079e-02 -9.476126e-01 -1.092954e+03
-9.335874e-01 5.182890e-02 -3.545819e-01 1.824183e+03 1.476422e-02 9.942085e-01 1.064495e-01 5.923540e+01 3.580455e-01 9.414474e-02 -9.289457e-01 -1.095811e+03
-9.113421e-01 5.276248e-02 -4.082544e-01 1.823060e+03 1.008111e-02 9.943149e-01 1.060005e-01 5.949507e+01 4.115263e-01 9.248709e-02 -9.066930e-01 -1.098648e+03
-8.852991e-01 5.314659e-02 -4.619751e-01 1.821684e+03 5.499736e-03 9.945747e-01 1.038787e-01 5.972051e+01 4.649896e-01 8.942293e-02 -8.807884e-01 -1.101364e+03
-8.558281e-01 5.342831e-02 -5.144937e-01 1.820139e+03 4.222588e-04 9.947230e-01 1.025960e-01 5.994356e+01 5.172603e-01 8.758728e-02 -8.513344e-01 -1.103994e+03
-8.400483e-01 5.465624e-02 -5.397515e-01 1.819352e+03 -1.069544e-03 9.947433e-01 1.023942e-01 6.005208e+01 5.425106e-01 8.659333e-02 -8.355739e-01 -1.105305e+03
-7.882972e-01 5.707804e-02 -6.126416e-01 1.816694e+03 -6.315484e-03 9.948849e-01 1.008168e-01 6.038345e+01 6.152623e-01 8.334272e-02 -7.839044e-01 -1.109029e+03
-7.501463e-01 5.675138e-02 -6.588322e-01 1.814723e+03 -1.039659e-02 9.951752e-01 9.756133e-02 6.060227e+01 6.611901e-01 8.003487e-02 -7.459369e-01 -1.111351e+03
-7.299676e-01 5.777645e-02 -6.810354e-01 1.813646e+03 -1.164159e-02 9.952251e-01 9.690916e-02 6.071216e+01 6.833826e-01 7.866887e-02 -7.258095e-01 -1.112443e+03
-6.875763e-01 5.914201e-02 -7.236996e-01 1.811551e+03 -1.530082e-02 9.952760e-01 9.587282e-02 6.093013e+01 7.259509e-01 7.699307e-02 -6.834232e-01 -1.114626e+03
-6.652344e-01 5.867719e-02 -7.443254e-01 1.810378e+03 -1.723003e-02 9.954351e-01 9.387205e-02 6.103586e+01 7.464358e-01 7.527165e-02 -6.611866e-01 -1.115622e+03
-6.197276e-01 5.695400e-02 -7.827478e-01 1.808088e+03 -1.968722e-02 9.959213e-01 8.805191e-02 6.124884e+01 7.845700e-01 6.997831e-02 -6.160786e-01 -1.117606e+03
-5.966860e-01 5.702868e-02 -8.004459e-01 1.806825e+03 -2.102465e-02 9.960182e-01 8.663514e-02 6.134899e+01 8.021993e-01 6.852307e-02 -5.931111e-01 -1.118505e+03
-5.499392e-01 5.884076e-02 -8.331295e-01 1.804284e+03 -2.446239e-02 9.959525e-01 8.648769e-02 6.154684e+01 8.348464e-01 6.794330e-02 -5.462739e-01 -1.120246e+03
-5.262180e-01 5.855615e-02 -8.483312e-01 1.803008e+03 -2.576480e-02 9.960703e-01 8.473572e-02 6.164582e+01 8.499593e-01 6.644654e-02 -5.226414e-01 -1.121087e+03
-5.025283e-01 5.723932e-02 -8.626639e-01 1.801706e+03 -2.779528e-02 9.962205e-01 8.229267e-02 6.174346e+01 8.641138e-01 6.533237e-02 -4.990380e-01 -1.121892e+03
-4.790919e-01 5.805443e-02 -8.758428e-01 1.800315e+03 -2.831643e-02 9.962689e-01 8.152605e-02 6.183906e+01 8.773078e-01 6.385920e-02 -4.756605e-01 -1.122623e+03
-4.334258e-01 5.885301e-02 -8.992655e-01 1.797579e+03 -2.861084e-02 9.964636e-01 7.900399e-02 6.202920e+01 9.007349e-01 5.997110e-02 -4.302092e-01 -1.124058e+03
-3.886183e-01 5.760973e-02 -9.195961e-01 1.794701e+03 -2.974063e-02 9.967391e-01 7.501079e-02 6.220732e+01 9.209187e-01 5.649992e-02 -3.856376e-01 -1.125325e+03
-3.444089e-01 5.946866e-02 -9.369344e-01 1.791742e+03 -3.375427e-02 9.965621e-01 7.566112e-02 6.238523e+01 9.382127e-01 5.768390e-02 -3.412175e-01 -1.126471e+03
-3.025182e-01 5.750029e-02 -9.514076e-01 1.788716e+03 -3.421384e-02 9.968803e-01 7.112748e-02 6.256090e+01 9.525293e-01 5.406867e-02 -2.996071e-01 -1.127485e+03
-2.649301e-01 5.841344e-02 -9.624967e-01 1.785654e+03 -3.346408e-02 9.970052e-01 6.971884e-02 6.272812e+01 9.636867e-01 5.067968e-02 -2.621819e-01 -1.128395e+03
-2.326862e-01 5.794229e-02 -9.708243e-01 1.782506e+03 -3.184933e-02 9.972343e-01 6.715215e-02 6.289076e+01 9.720302e-01 4.654548e-02 -2.301972e-01 -1.129180e+03
-2.044746e-01 5.582103e-02 -9.772790e-01 1.779311e+03 -2.955575e-02 9.975654e-01 6.316369e-02 6.304728e+01 9.784255e-01 4.179958e-02 -2.023270e-01 -1.129873e+03
-1.915386e-01 5.612688e-02 -9.798790e-01 1.777702e+03 -2.861513e-02 9.976198e-01 6.273652e-02 6.312234e+01 9.810678e-01 4.005583e-02 -1.894766e-01 -1.130193e+03
-1.676605e-01 5.542711e-02 -9.842854e-01 1.774439e+03 -2.856574e-02 9.977259e-01 6.104978e-02 6.326738e+01 9.854308e-01 3.835248e-02 -1.656959e-01 -1.130771e+03
-1.567693e-01 5.456269e-02 -9.861269e-01 1.772797e+03 -3.022364e-02 9.977401e-01 6.001005e-02 6.333921e+01 9.871726e-01 3.921208e-02 -1.547659e-01 -1.131038e+03
-1.466219e-01 5.479787e-02 -9.876737e-01 1.771135e+03 -3.065907e-02 9.977330e-01 5.990738e-02 6.341172e+01 9.887173e-01 3.906489e-02 -1.446095e-01 -1.131284e+03
-1.317118e-01 5.778641e-02 -9.896023e-01 1.767796e+03 -2.979443e-02 9.976176e-01 6.221998e-02 6.355799e+01 9.908402e-01 3.767974e-02 -1.296763e-01 -1.131740e+03
-1.209431e-01 5.797475e-02 -9.909651e-01 1.764428e+03 -2.887820e-02 9.976650e-01 6.189119e-02 6.370596e+01 9.922393e-01 3.610259e-02 -1.189865e-01 -1.132152e+03
-1.105002e-01 5.846845e-02 -9.921548e-01 1.761046e+03 -3.057396e-02 9.975956e-01 6.219423e-02 6.385109e+01 9.934057e-01 3.720658e-02 -1.084469e-01 -1.132534e+03
-1.027942e-01 5.934961e-02 -9.929305e-01 1.757655e+03 -3.178182e-02 9.975128e-01 6.291376e-02 6.399476e+01 9.941947e-01 3.802431e-02 -1.006523e-01 -1.132885e+03
-9.977778e-02 5.936350e-02 -9.932373e-01 1.755959e+03 -3.195093e-02 9.975127e-01 6.282874e-02 6.406682e+01 9.944966e-01 3.800377e-02 -9.763288e-02 -1.133051e+03
-9.503044e-02 5.793185e-02 -9.937873e-01 1.752565e+03 -3.182955e-02 9.976179e-01 6.119886e-02 6.420815e+01 9.949653e-01 3.744755e-02 -9.296012e-02 -1.133366e+03
-9.178813e-02 5.811216e-02 -9.940815e-01 1.749163e+03 -3.140816e-02 9.976300e-01 6.121967e-02 6.434811e+01 9.952831e-01 3.684151e-02 -8.974539e-02 -1.133669e+03
-8.925571e-02 5.780325e-02 -9.943301e-01 1.745755e+03 -3.147815e-02 9.976521e-01 6.082201e-02 6.448641e+01 9.955112e-01 3.672838e-02 -8.722660e-02 -1.133964e+03
-8.710990e-02 5.967851e-02 -9.944096e-01 1.742342e+03 -3.137518e-02 9.975444e-01 6.261511e-02 6.462863e+01 9.957045e-01 3.665417e-02 -8.502357e-02 -1.134251e+03
-8.458501e-02 6.089766e-02 -9.945536e-01 1.738929e+03 -3.190061e-02 9.974534e-01 6.378832e-02 6.477564e+01 9.959054e-01 3.712240e-02 -8.242693e-02 -1.134530e+03
-8.217235e-02 5.928233e-02 -9.948534e-01 1.735516e+03 -3.261582e-02 9.975346e-01 6.213610e-02 6.492197e+01 9.960842e-01 3.755382e-02 -8.003621e-02 -1.134802e+03
-7.971126e-02 6.155007e-02 -9.949160e-01 1.732115e+03 -3.319252e-02 9.973745e-01 6.436151e-02 6.506585e+01 9.962652e-01 3.815411e-02 -7.745897e-02 -1.135064e+03
-7.715745e-02 5.908689e-02 -9.952666e-01 1.728748e+03 -3.461864e-02 9.974816e-01 6.190220e-02 6.520511e+01 9.964177e-01 3.923098e-02 -7.491763e-02 -1.135319e+03
-7.402504e-02 5.574841e-02 -9.956970e-01 1.725404e+03 -3.509961e-02 9.976720e-01 5.846848e-02 6.533481e+01 9.966385e-01 3.927671e-02 -7.189596e-02 -1.135561e+03
-7.000011e-02 5.405768e-02 -9.960812e-01 1.722082e+03 -3.481429e-02 9.977899e-01 5.659701e-02 6.545266e+01 9.969392e-01 3.863965e-02 -6.796342e-02 -1.135788e+03
-6.138499e-02 5.608486e-02 -9.965372e-01 1.718787e+03 -3.590170e-02 9.976499e-01 5.835898e-02 6.556950e+01 9.974682e-01 3.935974e-02 -5.922718e-02 -1.135995e+03
-4.692679e-02 5.537937e-02 -9.973621e-01 1.715535e+03 -3.849256e-02 9.976201e-01 5.720482e-02 6.567949e+01 9.981564e-01 4.107546e-02 -4.468341e-02 -1.136161e+03
-2.729193e-02 5.429700e-02 -9.981518e-01 1.712341e+03 -3.950661e-02 9.976850e-01 5.535182e-02 6.578231e+01 9.988465e-01 4.094425e-02 -2.508365e-02 -1.136271e+03
-2.069798e-03 5.561306e-02 -9.984503e-01 1.709184e+03 -4.260759e-02 9.975407e-01 5.565073e-02 6.588013e+01 9.990897e-01 4.265674e-02 3.048289e-04 -1.136308e+03
3.001700e-02 5.486326e-02 -9.980426e-01 1.706078e+03 -4.509388e-02 9.975502e-01 5.347997e-02 6.597128e+01 9.985316e-01 4.340030e-02 3.241746e-02 -1.136253e+03
6.768449e-02 5.080095e-02 -9.964126e-01 1.703031e+03 -4.617136e-02 9.977923e-01 4.773497e-02 6.604779e+01 9.966378e-01 4.277480e-02 6.988061e-02 -1.136085e+03
1.099876e-01 4.797113e-02 -9.927747e-01 1.700082e+03 -4.605926e-02 9.980075e-01 4.312118e-02 6.611041e+01 9.928651e-01 4.098367e-02 1.119779e-01 -1.135821e+03
1.573736e-01 4.774558e-02 -9.863843e-01 1.697155e+03 -4.566256e-02 9.981140e-01 4.102809e-02 6.616215e+01 9.864828e-01 3.858409e-02 1.592570e-01 -1.135401e+03
2.111468e-01 4.451899e-02 -9.764400e-01 1.694241e+03 -4.619151e-02 9.983006e-01 3.552717e-02 6.621043e+01 9.763623e-01 3.760179e-02 2.128444e-01 -1.134791e+03
2.673739e-01 3.866590e-02 -9.628168e-01 1.691371e+03 -4.137859e-02 9.987336e-01 2.861747e-02 6.620730e+01 9.627040e-01 3.218844e-02 2.686352e-01 -1.134067e+03
3.243968e-01 3.504788e-02 -9.452716e-01 1.688621e+03 -3.736641e-02 9.990081e-01 2.421694e-02 6.617116e+01 9.451827e-01 2.746551e-02 3.253846e-01 -1.133232e+03
3.842016e-01 3.472738e-02 -9.225959e-01 1.685870e+03 -3.524090e-02 9.991157e-01 2.293210e-02 6.609641e+01 9.225764e-01 2.370256e-02 3.850856e-01 -1.132171e+03
4.472590e-01 3.320388e-02 -8.937880e-01 1.683200e+03 -3.539640e-02 9.991849e-01 1.940669e-02 6.601776e+01 8.937038e-01 2.295707e-02 4.480696e-01 -1.130935e+03
5.098544e-01 2.653525e-02 -8.598514e-01 1.680643e+03 -3.373571e-02 9.993720e-01 1.083710e-02 6.594241e+01 8.595989e-01 2.348236e-02 5.104294e-01 -1.129520e+03
6.265443e-01 2.180327e-02 -7.790808e-01 1.675989e+03 -2.910498e-02 9.995659e-01 4.567251e-03 6.578896e+01 7.788422e-01 1.981355e-02 6.269068e-01 -1.126240e+03
6.813462e-01 1.960019e-02 -7.316989e-01 1.673811e+03 -2.810085e-02 9.996049e-01 6.095976e-04 6.570668e+01 7.314217e-01 2.014602e-02 6.816277e-01 -1.124329e+03
7.321014e-01 1.297323e-02 -6.810722e-01 1.671787e+03 -2.461156e-02 9.996696e-01 -7.413617e-03 6.561313e+01 6.807509e-01 2.218977e-02 7.321787e-01 -1.122274e+03
7.788319e-01 6.818475e-03 -6.271957e-01 1.670025e+03 -1.941976e-02 9.997236e-01 -1.324647e-02 6.550954e+01 6.269321e-01 2.249676e-02 7.787490e-01 -1.120149e+03
8.212534e-01 1.000793e-03 -5.705628e-01 1.668319e+03 -1.395926e-02 9.997344e-01 -1.833902e-02 6.538886e+01 5.703928e-01 2.302562e-02 8.210492e-01 -1.117831e+03
8.581794e-01 -6.730521e-03 -5.133058e-01 1.666783e+03 -8.490415e-03 9.995912e-01 -2.730160e-02 6.525392e+01 5.132797e-01 2.778785e-02 8.577714e-01 -1.115408e+03
8.886360e-01 -1.070589e-02 -4.584884e-01 1.665409e+03 -2.431333e-03 9.996034e-01 -2.805352e-02 6.510462e+01 4.586069e-01 2.604410e-02 8.882575e-01 -1.112881e+03
9.146832e-01 -1.625626e-02 -4.038446e-01 1.664267e+03 4.198298e-03 9.995190e-01 -3.072552e-02 6.495835e+01 4.041498e-01 2.640865e-02 9.143115e-01 -1.110320e+03
9.373292e-01 -2.458246e-02 -3.475769e-01 1.663209e+03 1.182822e-02 9.991782e-01 -3.876932e-02 6.479507e+01 3.482442e-01 3.222840e-02 9.368496e-01 -1.107637e+03
9.477057e-01 -2.414421e-02 -3.182312e-01 1.662781e+03 1.232836e-02 9.991595e-01 -3.909189e-02 6.471287e+01 3.189076e-01 3.312433e-02 9.472067e-01 -1.106297e+03
9.576077e-01 -2.204863e-02 -2.872305e-01 1.662301e+03 1.240239e-02 9.992977e-01 -3.536016e-02 6.462431e+01 2.878084e-01 3.029882e-02 9.572085e-01 -1.104878e+03
9.669170e-01 -1.794194e-02 -2.544595e-01 1.661958e+03 1.002308e-02 9.994253e-01 -3.238295e-02 6.453800e+01 2.548943e-01 2.876116e-02 9.665410e-01 -1.103507e+03
9.751786e-01 -1.920244e-02 -2.205858e-01 1.661562e+03 1.067229e-02 9.991507e-01 -3.979745e-02 6.446915e+01 2.211627e-01 3.645546e-02 9.745553e-01 -1.102062e+03
9.822344e-01 -2.039840e-02 -1.865463e-01 1.661319e+03 1.067481e-02 9.985384e-01 -5.298109e-02 6.436320e+01 1.873544e-01 5.004849e-02 9.810165e-01 -1.100685e+03
9.879549e-01 -1.942424e-02 -1.535184e-01 1.661115e+03 1.077373e-02 9.983171e-01 -5.698075e-02 6.426554e+01 1.543668e-01 5.464044e-02 9.865015e-01 -1.099284e+03
9.924238e-01 -2.044096e-02 -1.211499e-01 1.660875e+03 1.419420e-02 9.985356e-01 -5.220278e-02 6.414444e+01 1.220396e-01 5.008765e-02 9.912605e-01 -1.097802e+03
9.958314e-01 -2.293293e-02 -8.828326e-02 1.660772e+03 1.895974e-02 9.987806e-01 -4.558349e-02 6.405174e+01 8.922096e-02 4.371964e-02 9.950518e-01 -1.096370e+03
9.981608e-01 -2.628905e-02 -5.462549e-02 1.660724e+03 2.390616e-02 9.987530e-01 -4.382723e-02 6.395351e+01 5.570955e-02 4.244073e-02 9.975445e-01 -1.094939e+03
9.995243e-01 -2.786679e-02 1.321703e-02 1.660666e+03 2.851243e-02 9.982671e-01 -5.147652e-02 6.375655e+01 -1.175964e-02 5.182888e-02 9.985867e-01 -1.092014e+03
9.964045e-01 -2.700445e-02 8.030464e-02 1.660808e+03 3.175546e-02 9.977830e-01 -5.848604e-02 6.353899e+01 -7.854722e-02 6.082585e-02 9.950530e-01 -1.089081e+03
9.931890e-01 -2.432640e-02 1.139466e-01 1.660998e+03 3.122845e-02 9.977585e-01 -5.918452e-02 6.342386e+01 -1.122514e-01 6.233978e-02 9.917224e-01 -1.087649e+03
9.833614e-01 -1.891371e-02 1.806729e-01 1.661423e+03 2.968287e-02 9.979277e-01 -5.708923e-02 6.318844e+01 -1.792187e-01 6.150222e-02 9.818849e-01 -1.084736e+03
9.768935e-01 -1.719355e-02 2.130342e-01 1.661752e+03 3.031733e-02 9.978274e-01 -5.849108e-02 6.307257e+01 -2.115657e-01 6.359817e-02 9.752923e-01 -1.083312e+03
9.619374e-01 -1.444162e-02 2.728883e-01 1.662469e+03 3.155093e-02 9.977938e-01 -5.841316e-02 6.284239e+01 -2.714426e-01 6.479967e-02 9.602707e-01 -1.080424e+03
9.451801e-01 -1.565151e-02 3.261743e-01 1.663374e+03 3.543498e-02 9.978684e-01 -5.479982e-02 6.261487e+01 -3.246213e-01 6.335366e-02 9.437199e-01 -1.077556e+03
9.278710e-01 -1.634448e-02 3.725430e-01 1.664445e+03 3.892327e-02 9.978268e-01 -5.316650e-02 6.239675e+01 -3.708644e-01 6.383223e-02 9.264907e-01 -1.074719e+03
9.116997e-01 -1.795842e-02 4.104647e-01 1.665691e+03 4.468971e-02 9.974512e-01 -5.562220e-02 6.217659e+01 -4.084196e-01 6.905427e-02 9.101785e-01 -1.071933e+03
8.972198e-01 -2.194620e-02 4.410385e-01 1.667040e+03 5.044131e-02 9.973204e-01 -5.298754e-02 6.195260e+01 -4.386938e-01 6.978802e-02 8.959226e-01 -1.069131e+03
8.829660e-01 -2.295421e-02 4.688755e-01 1.668471e+03 5.225693e-02 9.974022e-01 -4.957929e-02 6.173872e+01 -4.665193e-01 6.827881e-02 8.818716e-01 -1.066365e+03
8.705961e-01 -2.327041e-02 4.914478e-01 1.670011e+03 5.602876e-02 9.970719e-01 -5.204244e-02 6.152604e+01 -4.887977e-01 7.284314e-02 8.693506e-01 -1.063611e+03
8.633705e-01 -2.536821e-02 5.039324e-01 1.671640e+03 5.765903e-02 9.971532e-01 -4.858807e-02 6.131031e+01 -5.012652e-01 7.100574e-02 8.623754e-01 -1.060840e+03
8.593376e-01 -2.317274e-02 5.108835e-01 1.673289e+03 5.557859e-02 9.972877e-01 -4.825147e-02 6.109890e+01 -5.083797e-01 6.985848e-02 8.582947e-01 -1.058082e+03
8.570403e-01 -2.520571e-02 5.146325e-01 1.674989e+03 5.544691e-02 9.975144e-01 -4.348185e-02 6.089092e+01 -5.122573e-01 6.580046e-02 8.563076e-01 -1.055278e+03
8.550524e-01 -2.540964e-02 5.179188e-01 1.676716e+03 5.541743e-02 9.975562e-01 -4.254964e-02 6.069111e+01 -5.155719e-01 6.508389e-02 8.543709e-01 -1.052451e+03
8.530547e-01 -2.489872e-02 5.212272e-01 1.678473e+03 5.593059e-02 9.974695e-01 -4.388899e-02 6.049193e+01 -5.188155e-01 6.659224e-02 8.522886e-01 -1.049604e+03
8.510645e-01 -2.217815e-02 5.245927e-01 1.680259e+03 5.415929e-02 9.974862e-01 -4.569382e-02 6.028089e+01 -5.222605e-01 6.729994e-02 8.501262e-01 -1.046739e+03
