3.941290 0.0000000 0.0000000 0.0000000 0.0000000 0.0000000 0.0000000 1.0000000
4.148625 0.0020059 -0.0006103 0.0584293 -0.0004239 0.0189320 0.0051635 0.9998074
4.252293 0.0035439 -0.0007529 0.0881561 -0.0004668 0.0267437 0.0067471 0.9996194
4.459609 0.0080306 -0.0010956 0.1482398 -0.0012900 0.0405742 0.0082840 0.9991413
4.563217 0.0106941 -0.0013804 0.1784416 -0.0013239 0.0467601 0.0080763 0.9988726
4.666947 0.0137621 -0.0015291 0.2088178 0.0000472 0.0523186 0.0080736 0.9985978
4.770559 0.0174233 -0.0016201 0.2401121 0.0018458 0.0573902 0.0082072 0.9983164
4.874319 0.0212127 -0.0019625 0.2715110 0.0029642 0.0621711 0.0087353 0.9980229
4.977967 0.0254935 -0.0021132 0.3037016 0.0035864 0.0657921 0.0085587 0.9977902
5.081656 0.0298878 -0.0023423 0.3365735 0.0040137 0.0687911 0.0085035 0.9975868
5.185269 0.0347890 -0.0027566 0.3698834 0.0047676 0.0711879 0.0090276 0.9974107
5.288943 0.0396367 -0.0031412 0.4038058 0.0055703 0.0734894 0.0084901 0.9972443
5.392622 0.0450086 -0.0035425 0.4381713 0.0061161 0.0754372 0.0087374 0.9970935
5.496314 0.0502375 -0.0039560 0.4731999 0.0055754 0.0769270 0.0086231 0.9969838
5.600026 0.0556597 -0.0044340 0.5088394 0.0046246 0.0782332 0.0089753 0.9968839
5.703641 0.0612319 -0.0048221 0.5448788 0.0039956 0.0793321 0.0089104 0.9968004
5.807340 0.0672090 -0.0051325 0.5816388 0.0043616 0.0803749 0.0101575 0.9967034
5.910955 0.0731058 -0.0055275 0.6187382 0.0043181 0.0808302 0.0101747 0.9966666
6.014715 0.0793426 -0.0058752 0.6564546 0.0049502 0.0811067 0.0111414 0.9966308
6.118447 0.0855482 -0.0063158 0.6946793 0.0050613 0.0811550 0.0111094 0.9966267
6.325669 0.0979459 -0.0071938 0.7724675 0.0057776 0.0802542 0.0109537 0.9966975
6.533021 0.1106140 -0.0084363 0.8527759 0.0055801 0.0789455 0.0110797 0.9968017
6.740399 0.1233329 -0.0091779 0.9354759 0.0062919 0.0781276 0.0113631 0.9968588
6.947755 0.1365347 -0.0099299 1.0205263 0.0055720 0.0770404 0.0123436 0.9969360
7.155209 0.1498422 -0.0109934 1.1068788 0.0051320 0.0762675 0.0138363 0.9969782
7.362568 0.1628416 -0.0122269 1.1941631 0.0058588 0.0755630 0.0142529 0.9970220
7.569925 0.1756167 -0.0137015 1.2823949 0.0052367 0.0754656 0.0150241 0.9970214
7.777286 0.1893647 -0.0150885 1.3731165 0.0051374 0.0754610 0.0161230 0.9970052
7.984696 0.2027750 -0.0160850 1.4647150 0.0061153 0.0759287 0.0159010 0.9969677
8.192118 0.2166351 -0.0176192 1.5577114 0.0067360 0.0772638 0.0150380 0.9968745
8.399546 0.2309238 -0.0189862 1.6526113 0.0063350 0.0783453 0.0149144 0.9967946
8.606978 0.2447571 -0.0199006 1.7485372 0.0065620 0.0797324 0.0130472 0.9967093
8.814436 0.2606586 -0.0211171 1.8470663 0.0075161 0.0832774 0.0126788 0.9964174
9.021867 0.2779452 -0.0231878 1.9458960 0.0067150 0.0879046 0.0105540 0.9960504
9.229148 0.2957319 -0.0250016 2.0446084 0.0080239 0.0925164 0.0100068 0.9956285
9.436507 0.3143209 -0.0275769 2.1436448 0.0087531 0.0972899 0.0091040 0.9951760
9.540126 0.3243295 -0.0285900 2.1941164 0.0086402 0.0996582 0.0083381 0.9949493
9.747566 0.3447073 -0.0306707 2.2956374 0.0080645 0.1053877 0.0074679 0.9943705
9.851216 0.3555638 -0.0320632 2.3466971 0.0078285 0.1082109 0.0075056 0.9940688
10.058450 0.3779346 -0.0340554 2.4489737 0.0092151 0.1140975 0.0073686 0.9933995
10.162270 0.3897801 -0.0352423 2.5002427 0.0091046 0.1171373 0.0074674 0.9930459
10.369540 0.4141498 -0.0372704 2.6033275 0.0096287 0.1228031 0.0065398 0.9923628
10.473330 0.4272495 -0.0380582 2.6546504 0.0100998 0.1252464 0.0058685 0.9920569
10.680800 0.4541319 -0.0406253 2.7585394 0.0096412 0.1293574 0.0080205 0.9915187
10.784490 0.4682185 -0.0420736 2.8113117 0.0099181 0.1313358 0.0087293 0.9912499
10.992100 0.4962457 -0.0447365 2.9155304 0.0100414 0.1346156 0.0082925 0.9908123
11.096280 0.5105705 -0.0460298 2.9678862 0.0102569 0.1366616 0.0072444 0.9905382
11.199650 0.5251988 -0.0474374 3.0202930 0.0108527 0.1387922 0.0069458 0.9902377
11.303360 0.5400265 -0.0490661 3.0728309 0.0105315 0.1411282 0.0062826 0.9899154
11.407080 0.5555716 -0.0507411 3.1260974 0.0107197 0.1434237 0.0063942 0.9895827
11.510570 0.5711274 -0.0528556 3.1777294 0.0106143 0.1457103 0.0060936 0.9892516
11.614180 0.5868130 -0.0541688 3.2300410 0.0107487 0.1480004 0.0057523 0.9889122
11.718020 0.6027505 -0.0557488 3.2824118 0.0103940 0.1501903 0.0058142 0.9885854
11.821430 0.6189281 -0.0574650 3.3352065 0.0103304 0.1523627 0.0063614 0.9882502
11.925060 0.6359193 -0.0590819 3.3887100 0.0105765 0.1543998 0.0066903 0.9879292
12.028650 0.6528797 -0.0608048 3.4419611 0.0110058 0.1563193 0.0068271 0.9876217
12.132140 0.6702974 -0.0621762 3.4957376 0.0119625 0.1581375 0.0066362 0.9873223
12.235950 0.6878521 -0.0639591 3.5496130 0.0123318 0.1599734 0.0070324 0.9870192
12.339620 0.7058557 -0.0655519 3.6030893 0.0128605 0.1614327 0.0068677 0.9867760
12.443230 0.7239400 -0.0672152 3.6571882 0.0127559 0.1633768 0.0068659 0.9864574
12.650590 0.7610416 -0.0709504 3.7657495 0.0131171 0.1673809 0.0081541 0.9857713
12.754210 0.7792987 -0.0728547 3.8189495 0.0129224 0.1689845 0.0091257 0.9854918
12.961450 0.8182217 -0.0762210 3.9283957 0.0124040 0.1718623 0.0093766 0.9849982
13.168790 0.8571029 -0.0796734 4.0374274 0.0139217 0.1749416 0.0084431 0.9844442
13.272410 0.8773261 -0.0813349 4.0919747 0.0149568 0.1765519 0.0079923 0.9841452
13.479770 0.9181394 -0.0858929 4.2014966 0.0158948 0.1798263 0.0067521 0.9835468
13.687000 0.9596684 -0.0900534 4.3109913 0.0155307 0.1836268 0.0067949 0.9828498
13.790730 0.9811050 -0.0921090 4.3661113 0.0151114 0.1855999 0.0068423 0.9824854
13.998450 1.0239180 -0.0964507 4.4759364 0.0150228 0.1896355 0.0062962 0.9817194
14.101800 1.0457996 -0.0984744 4.5303135 0.0154736 0.1914251 0.0060177 0.9813668
14.309200 1.0899808 -0.1027217 4.6395512 0.0159981 0.1947612 0.0061710 0.9807008
14.516540 1.1351875 -0.1071766 4.7481298 0.0154524 0.1973118 0.0078289 0.9801877
14.723680 1.1807215 -0.1113009 4.8565879 0.0161163 0.1999791 0.0079501 0.9796354
14.931630 1.2268987 -0.1158042 4.9662576 0.0168965 0.2030554 0.0075319 0.9789925
15.138550 1.2734060 -0.1199219 5.0753293 0.0179868 0.2060016 0.0063543 0.9783657
15.345730 1.3222649 -0.1244825 5.1849146 0.0180462 0.2088343 0.0076027 0.9777550
15.553070 1.3713965 -0.1294598 5.2939510 0.0174335 0.2116799 0.0076336 0.9771537
15.760420 1.4208708 -0.1345150 5.4032454 0.0174165 0.2152330 0.0060514 0.9763886
15.967780 1.4715999 -0.1396984 5.5118303 0.0173112 0.2187481 0.0054221 0.9756128
16.175170 1.5221624 -0.1441520 5.6192551 0.0171001 0.2229879 0.0048134 0.9746593
16.382370 1.5736752 -0.1491580 5.7266979 0.0175684 0.2270715 0.0045345 0.9737090
16.589730 1.6262342 -0.1541615 5.8329935 0.0177757 0.2308336 0.0049174 0.9728184
16.796960 1.6790705 -0.1592441 5.9390955 0.0180522 0.2349614 0.0043776 0.9718272
17.004320 1.7349906 -0.1640862 6.0462675 0.0190648 0.2384130 0.0055884 0.9709606
17.212260 1.7892901 -0.1690784 6.1519351 0.0201109 0.2419050 0.0070721 0.9700657
17.418950 1.8451830 -0.1743863 6.2587895 0.0221021 0.2451246 0.0082320 0.9692047
17.522740 1.8739603 -0.1771084 6.3114605 0.0223979 0.2465683 0.0090563 0.9688242
17.730020 1.9309505 -0.1827092 6.4180818 0.0229555 0.2503824 0.0086553 0.9678361
17.937820 1.9906991 -0.1884927 6.5248580 0.0236975 0.2537867 0.0086640 0.9669310
18.144610 2.0510402 -0.1947031 6.6319814 0.0239692 0.2567529 0.0092099 0.9661359
18.248220 2.0752037 -0.1973773 6.6845250 0.0238695 0.2591368 0.0104505 0.9654891
18.351820 2.1118758 -0.2001474 6.7393665 0.0238616 0.2590614 0.0106811 0.9655070
18.455670 2.1425500 -0.2027230 6.7938786 0.0238403 0.2604657 0.0105498 0.9651310
18.663050 2.1999414 -0.2078482 6.9003329 0.0233880 0.2639604 0.0114461 0.9641820
18.869920 2.2610087 -0.2143480 7.0092440 0.0233116 0.2671545 0.0116243 0.9633016
18.973530 2.2943578 -0.2171209 7.0638108 0.0248524 0.2681563 0.0112348 0.9629893
19.077140 2.3268354 -0.2206916 7.1190968 0.0246310 0.2701217 0.0109260 0.9624491
19.180870 2.3606195 -0.2235155 7.1744571 0.0238970 0.2724061 0.0098196 0.9618354
19.284530 2.3948488 -0.2263000 7.2302880 0.0229492 0.2751991 0.0088096 0.9610729
19.388220 2.4284229 -0.2291536 7.2852683 0.0222261 0.2779821 0.0081563 0.9602945
19.491840 2.4630580 -0.2318491 7.3406606 0.0224135 0.2805611 0.0083293 0.9595383
19.595460 2.4984412 -0.2345560 7.3959703 0.0227938 0.2828156 0.0092972 0.9588584
19.699070 2.5338492 -0.2371859 7.4515963 0.0232367 0.2850734 0.0095363 0.9581766
19.802840 2.5692952 -0.2401309 7.5068111 0.0230839 0.2874293 0.0100394 0.9574710
19.906420 2.6062722 -0.2435253 7.5623856 0.0221264 0.2896778 0.0104957 0.9568108
20.010030 2.6428664 -0.2467260 7.6176596 0.0211698 0.2918468 0.0101602 0.9561768
20.113650 2.6795876 -0.2494764 7.6732793 0.0211409 0.2943632 0.0094381 0.9554132
20.217270 2.7174528 -0.2524164 7.7290063 0.0210034 0.2968285 0.0095365 0.9546522
20.320880 2.7564647 -0.2552343 7.7845960 0.0209895 0.2987195 0.0102921 0.9540546
20.528120 2.8353891 -0.2614337 7.8984828 0.0200232 0.3034419 0.0099074 0.9525880
20.631730 2.8753719 -0.2643889 7.9551129 0.0196297 0.3052580 0.0106010 0.9520083
20.735350 2.9170024 -0.2672986 8.0129156 0.0190844 0.3067178 0.0107653 0.9515483
20.838960 2.9592636 -0.2705374 8.0710249 0.0188341 0.3080854 0.0096858 0.9511229
20.942580 3.0015399 -0.2735653 8.1292877 0.0190064 0.3095283 0.0080362 0.9506663
21.046320 3.0430100 -0.2764121 8.1873589 0.0191042 0.3114797 0.0061142 0.9500411
21.149940 3.0849402 -0.2792022 8.2446375 0.0180744 0.3129663 0.0054775 0.9495764
21.253550 3.1269221 -0.2817981 8.3014069 0.0176859 0.3147364 0.0060508 0.9489951
21.357170 3.1685073 -0.2846835 8.3580484 0.0177663 0.3165892 0.0055320 0.9483802
21.460820 3.2103376 -0.2875063 8.4139261 0.0174780 0.3182298 0.0048831 0.9478399
21.564620 3.2521100 -0.2904657 8.4702129 0.0155722 0.3203474 0.0043095 0.9471623
21.668140 3.2940292 -0.2931565 8.5251398 0.0144334 0.3220586 0.0037111 0.9466024
21.771790 3.3356512 -0.2956888 8.5802832 0.0141108 0.3240876 0.0034733 0.9459155
21.875360 3.3774421 -0.2980854 8.6345444 0.0144280 0.3257217 0.0036092 0.9453487
21.979040 3.4199488 -0.3005866 8.6891098 0.0141138 0.3273116 0.0037594 0.9448036
22.186210 3.5046234 -0.3054493 8.7973137 0.0133667 0.3308046 0.0020323 0.9436024
22.290250 3.5476069 -0.3078107 8.8515844 0.0133178 0.3325394 -0.0031797 0.9429899
22.393570 3.5893857 -0.3107768 8.9051619 0.0164467 0.3347906 -0.0082772 0.9421126
22.497250 3.6320732 -0.3142757 8.9583101 0.0206783 0.3364163 -0.0042843 0.9414766
22.600850 3.6751626 -0.3177464 9.0113134 0.0197975 0.3371750 -0.0001588 0.9412338
22.808100 3.7621179 -0.3226643 9.1182652 0.0097376 0.3405862 0.0001234 0.9401628
22.911770 3.8055453 -0.3244692 9.1712646 0.0071289 0.3424573 -0.0020631 0.9395041
23.015390 3.8486836 -0.3263559 9.2231531 0.0068491 0.3442447 -0.0024828 0.9388517
23.222650 3.9360983 -0.3305211 9.3255224 0.0115016 0.3470698 0.0010201 0.9377682
23.430070 4.0226626 -0.3349054 9.4280872 0.0132709 0.3507560 0.0012004 0.9363721
23.637320 4.1085305 -0.3390752 9.5270138 0.0122334 0.3542864 0.0023961 0.9350539
23.844680 4.1971045 -0.3428884 9.6263704 0.0123129 0.3562752 0.0023720 0.9342969
24.052120 4.2851028 -0.3465785 9.7245474 0.0118658 0.3579890 0.0039003 0.9336423
24.259390 4.3724613 -0.3487076 9.8211870 0.0105979 0.3596448 0.0059596 0.9330101
24.466620 4.4571457 -0.3517503 9.9148521 0.0116662 0.3616001 0.0019073 0.9322583
24.673870 4.5345960 -0.3553188 9.9992056 0.0113789 0.3642092 0.0002648 0.9312476
24.881210 4.5860982 -0.3592512 10.0626879 0.0107338 0.3690519 -0.0017519 0.9293451
25.088320 4.6451268 -0.3620177 10.1271915 0.0097809 0.3732018 -0.0016155 0.9276972
25.295560 4.7056980 -0.3651187 10.1907434 0.0063899 0.3754869 0.0032211 0.9268001
25.502780 4.7711558 -0.3680647 10.2537193 0.0040369 0.3757983 0.0022728 0.9266899
25.710010 4.8357463 -0.3708467 10.3199005 0.0049096 0.3770720 -0.0047343 0.9261588
25.917260 4.8988428 -0.3712139 10.3593540 0.0057705 0.3725128 -0.0046352 0.9279975
26.124480 4.9451828 -0.3734859 10.4076967 0.0067751 0.3710817 -0.0060000 0.9285561
26.331730 4.9676919 -0.3742661 10.4312744 0.0040511 0.3703158 -0.0124609 0.9288135
26.539060 4.9711752 -0.3747777 10.4338894 0.0025595 0.3691629 -0.0180868 0.9291852
26.746310 4.9695315 -0.3742881 10.4356899 0.0013072 0.3683289 -0.0159552 0.9295577
26.953530 4.9763374 -0.3746111 10.4395123 0.0008260 0.3665632 -0.0170780 0.9302360
27.160890 4.9844460 -0.3747420 10.4438362 0.0022022 0.3642057 -0.0182229 0.9311377
27.368230 4.9930468 -0.3750899 10.4509974 0.0022704 0.3629641 -0.0154001 0.9316730
27.575480 5.0017834 -0.3755310 10.4601412 0.0016490 0.3613299 -0.0153328 0.9323105
27.782840 5.0045524 -0.3759595 10.4679394 0.0004947 0.3623444 -0.0156761 0.9319123
27.990170 5.0109091 -0.3762687 10.4749336 0.0014800 0.3618570 -0.0164871 0.9320866
28.197410 5.0196705 -0.3762613 10.4817715 0.0010903 0.3601145 -0.0162066 0.9327667
28.404640 5.0258126 -0.3767251 10.4881601 0.0001086 0.3596480 -0.0165248 0.9329417
28.611870 5.0317378 -0.3769232 10.4947290 0.0005566 0.3602300 -0.0164956 0.9327175
28.819230 5.0376406 -0.3771499 10.5013990 -0.0010402 0.3607413 -0.0165883 0.9325178
29.026460 5.0434990 -0.3773400 10.5080109 -0.0011441 0.3611922 -0.0172182 0.9323317
29.233840 5.0500746 -0.3776459 10.5145569 -0.0006683 0.3605969 -0.0165429 0.9325748
29.441040 5.0555515 -0.3778440 10.5212736 -0.0004263 0.3611099 -0.0168967 0.9323701
29.648260 5.0613794 -0.3780739 10.5277681 -0.0007390 0.3611957 -0.0173941 0.9323275
29.855620 5.0672851 -0.3782748 10.5343676 -0.0019078 0.3612191 -0.0169871 0.9323243
30.062730 5.0732331 -0.3784459 10.5410118 -0.0009787 0.3610840 -0.0165611 0.9323857
30.269960 5.0789752 -0.3786433 10.5473080 -0.0015574 0.3610602 -0.0165173 0.9323949
30.477220 5.0849872 -0.3788180 10.5540485 -0.0014117 0.3615830 -0.0170978 0.9321821
30.788170 5.0939550 -0.3791212 10.5639982 -0.0034368 0.3621491 -0.0172372 0.9319544
31.099140 5.1027079 -0.3794318 10.5737801 -0.0009309 0.3629862 -0.0184382 0.9316116
31.306520 5.1086931 -0.3796717 10.5803137 -0.0027285 0.3633853 -0.0171072 0.9314779
31.617470 5.1175838 -0.3799360 10.5899982 -0.0017594 0.3637369 -0.0169085 0.9313466
31.824820 5.1234136 -0.3800917 10.5965118 -0.0022349 0.3642750 -0.0160271 0.9311508
32.135930 5.1322308 -0.3804026 10.6061068 -0.0026631 0.3644699 -0.0156523 0.9310798
32.447030 5.1410885 -0.3806736 10.6157799 -0.0044258 0.3646913 -0.0165230 0.9309713
32.758130 5.1488843 -0.3808428 10.6246252 -0.0027347 0.3655511 -0.0160057 0.9306496
33.070500 5.1584282 -0.3812072 10.6349192 -0.0032958 0.3643431 -0.0155745 0.9311287
33.380050 5.1671667 -0.3814497 10.6447334 -0.0036995 0.3643319 -0.0162563 0.9311199
33.691220 5.1755171 -0.3816407 10.6542339 -0.0042559 0.3647484 -0.0176027 0.9309300
34.002380 5.1814690 -0.3817980 10.6609011 -0.0043604 0.3655438 -0.0168506 0.9306314
34.313530 5.1868572 -0.3819130 10.6670866 -0.0035918 0.3670236 -0.0178772 0.9300329
34.624450 5.1923299 -0.3820716 10.6731682 -0.0033468 0.3679108 -0.0174938 0.9296905
34.935420 5.1978688 -0.3822108 10.6792517 -0.0036460 0.3688442 -0.0169271 0.9293299
35.246520 5.2034893 -0.3823547 10.6853008 -0.0035001 0.3694262 -0.0166499 0.9291043
35.557430 5.2086635 -0.3824840 10.6911516 -0.0034196 0.3702140 -0.0172991 0.9287791
35.972070 5.2159047 -0.3827011 10.6990938 -0.0033550 0.3708595 -0.0167505 0.9285318
36.283280 5.2210460 -0.3829021 10.7049637 -0.0032751 0.3717133 -0.0155760 0.9282112
36.594140 5.2263107 -0.3830342 10.7106133 -0.0038653 0.3719659 -0.0155794 0.9281076
37.008850 5.2327738 -0.3831725 10.7176323 -0.0028102 0.3704117 -0.0156487 0.9287316
37.423720 5.2384076 -0.3832430 10.7240763 -0.0029333 0.3728342 -0.0170575 0.9277365
37.734660 5.2433176 -0.3833921 10.7292843 -0.0031713 0.3742747 -0.0162119 0.9271708
38.045630 5.2475533 -0.3834323 10.7341862 -0.0031577 0.3762087 -0.0165633 0.9263815
38.356480 5.2524695 -0.3836345 10.7387886 -0.0021498 0.3755173 -0.0151808 0.9266886
38.667310 5.2571039 -0.3837631 10.7437077 -0.0019371 0.3760422 -0.0148979 0.9264808
38.978300 5.2612362 -0.3838951 10.7479525 -0.0020908 0.3757091 -0.0161723 0.9265941
39.392880 5.2666864 -0.3839824 10.7537117 -0.0023286 0.3755707 -0.0145460 0.9266766
39.807600 5.2721276 -0.3841430 10.7593355 -0.0007243 0.3745585 -0.0147704 0.9270853
40.222330 5.2772570 -0.3843218 10.7645350 -0.0013824 0.3733456 -0.0163451 0.9275473
40.637020 5.2824106 -0.3844983 10.7701111 -0.0011772 0.3734654 -0.0153823 0.9275158
40.947990 5.2861962 -0.3845644 10.7738085 -0.0005514 0.3739157 -0.0173792 0.9272997
41.258960 5.2901897 -0.3846620 10.7776299 -0.0013528 0.3729595 -0.0141419 0.9277388
41.569920 5.2941866 -0.3848454 10.7812109 0.0013014 0.3716284 -0.0146432 0.9282652
41.880900 5.2982354 -0.3850433 10.7849741 0.0001704 0.3699826 -0.0136786 0.9289380
42.295640 5.3035731 -0.3852285 10.7898455 0.0004482 0.3679239 -0.0150138 0.9297346
42.606580 5.3077884 -0.3854657 10.7935820 0.0006587 0.3671161 -0.0142490 0.9300658
43.850090 5.3128347 -0.3852672 10.8025961 0.0015840 0.3728926 -0.0178420 0.9277016
44.161070 5.3147798 -0.3853022 10.8048916 0.0016206 0.3722296 -0.0182660 0.9279595
44.471930 5.3176680 -0.3855132 10.8069639 0.0013749 0.3698358 -0.0167537 0.9289451
45.093740 5.3194475 -0.3855076 10.8098488 -0.0000610 0.3659363 -0.0164492 0.9304945
45.715670 5.3207579 -0.3855312 10.8133030 -0.0011803 0.3664304 -0.0166942 0.9302949
46.337490 5.3251615 -0.3856993 10.8168583 -0.0015965 0.3642350 -0.0189490 0.9311129
47.063060 5.3278193 -0.3858905 10.8210964 -0.0033268 0.3640167 -0.0165579 0.9312393
47.373770 5.3281212 -0.3859665 10.8228979 -0.0024979 0.3631882 -0.0137834 0.9316105
47.684770 5.3297057 -0.3860146 10.8246975 -0.0041296 0.3609528 -0.0129407 0.9324852
48.306820 5.3317275 -0.3861810 10.8284521 -0.0045996 0.3589421 -0.0136621 0.9332485
48.617800 5.3329759 -0.3863083 10.8305607 -0.0056823 0.3582056 -0.0119560 0.9335489
48.928780 5.3340545 -0.3863357 10.8320580 -0.0057281 0.3568767 -0.0129274 0.9340445
50.275650 5.3361192 -0.3865660 10.8372173 -0.0073725 0.3570459 -0.0113896 0.9339883
50.586610 5.3365736 -0.3866168 10.8380537 -0.0092095 0.3545522 -0.0113987 0.9349214
50.793950 5.3368149 -0.3866423 10.8389072 -0.0079171 0.3538967 -0.0109468 0.9351869
51.105070 5.3370614 -0.3866848 10.8402405 -0.0080139 0.3532913 -0.0100853 0.9354247
51.312450 5.3370271 -0.3867422 10.8412247 -0.0091488 0.3538569 -0.0101780 0.9351994
51.934500 5.3388081 -0.3869023 10.8436852 -0.0135234 0.3496217 -0.0088293 0.9367517
52.867640 5.3404627 -0.3870991 10.8478451 -0.0118131 0.3491138 -0.0048693 0.9369932
53.178480 5.3407960 -0.3871684 10.8491964 -0.0121962 0.3482593 -0.0038546 0.9373110
53.385840 5.3410249 -0.3871949 10.8501787 -0.0120213 0.3479890 -0.0047253 0.9374096
53.593090 5.3410583 -0.3872378 10.8512554 -0.0132792 0.3482908 -0.0034577 0.9372861
54.525980 5.3426514 -0.3874757 10.8558521 -0.0141214 0.3461084 -0.0009196 0.9380878
54.733340 5.3435817 -0.3875376 10.8566160 -0.0140429 0.3433613 0.0002153 0.9390984
54.940700 5.3444939 -0.3875624 10.8575153 -0.0153820 0.3410464 -0.0018106 0.9399189
55.147950 5.3452191 -0.3876203 10.8584862 -0.0169870 0.3392291 -0.0058865 0.9405320
55.355300 5.3458982 -0.3876992 10.8595219 -0.0166282 0.3376813 -0.0063129 0.9410924
55.562540 5.3464499 -0.3876971 10.8599377 -0.0171345 0.3330048 -0.0037167 0.9427621
55.769890 5.3469744 -0.3876964 10.8604164 -0.0161153 0.3291109 -0.0030930 0.9441487
55.977290 5.3475370 -0.3877167 10.8608932 -0.0149940 0.3250976 -0.0028706 0.9455572
56.184470 5.3481574 -0.3877197 10.8615122 -0.0174279 0.3213896 -0.0004492 0.9467866
56.391700 5.3487134 -0.3877339 10.8620462 -0.0199338 0.3176423 -0.0033319 0.9479952
56.598920 5.3493128 -0.3877107 10.8626070 -0.0187649 0.3137724 -0.0050904 0.9492992
56.806030 5.3498926 -0.3877264 10.8631649 -0.0174596 0.3097637 -0.0045187 0.9506425
57.013380 5.3504457 -0.3877368 10.8637285 -0.0162115 0.3064330 -0.0017556 0.9517525
57.220620 5.3510113 -0.3877674 10.8642874 -0.0180376 0.3023104 -0.0005263 0.9530387
57.427720 5.3515763 -0.3877837 10.8648624 -0.0160625 0.2977444 0.0005282 0.9545103
57.634950 5.3521299 -0.3877859 10.8654404 -0.0129760 0.2924832 0.0031386 0.9561775
57.842180 5.3527174 -0.3877902 10.8660746 -0.0130558 0.2872627 0.0040705 0.9577542
58.153180 5.3535452 -0.3877978 10.8670139 -0.0184165 0.2803074 0.0048078 0.9597216
58.360400 5.3541155 -0.3878008 10.8676882 -0.0157524 0.2747799 0.0045737 0.9613672
58.567620 5.3546600 -0.3878077 10.8683443 -0.0162432 0.2695512 0.0048863 0.9628367
58.774970 5.3551979 -0.3878324 10.8689718 -0.0177735 0.2637445 0.0053179 0.9644142
58.982460 5.3557339 -0.3878368 10.8696308 -0.0180613 0.2579359 0.0062697 0.9659728
59.189810 5.3562670 -0.3878459 10.8703346 -0.0169766 0.2522632 0.0069053 0.9674851
59.397170 5.3567944 -0.3878614 10.8710814 -0.0174149 0.2466384 0.0083114 0.9689155
59.604650 5.3573070 -0.3878755 10.8718023 -0.0162028 0.2404789 0.0090760 0.9704767
59.812000 5.3578129 -0.3878993 10.8725538 -0.0162332 0.2342648 0.0101244 0.9719846
60.019480 5.3583212 -0.3879528 10.8733330 -0.0178415 0.2278342 0.0112221 0.9734718
60.226840 5.3587928 -0.3879761 10.8741093 -0.0196368 0.2213611 0.0122344 0.9749174
60.434070 5.3592720 -0.3879895 10.8749027 -0.0215458 0.2147106 0.0118938 0.9763676
60.641430 5.3597522 -0.3880292 10.8757210 -0.0236322 0.2080379 0.0128282 0.9777511
60.848780 5.3602223 -0.3880118 10.8765430 -0.0236860 0.2006277 0.0144426 0.9792747
60.952400 5.3604522 -0.3879960 10.8769789 -0.0243904 0.1970306 0.0154027 0.9799728
61.056140 5.3606768 -0.3879765 10.8774176 -0.0241373 0.1932888 0.0165078 0.9807060
61.263370 5.3611221 -0.3879305 10.8783112 -0.0220447 0.1850700 0.0179407 0.9823142
61.366980 5.3613296 -0.3879058 10.8787556 -0.0227391 0.1808680 0.0183494 0.9830732
61.470630 5.3615179 -0.3878828 10.8792076 -0.0221760 0.1778982 0.0185576 0.9836239
61.574220 5.3617101 -0.3878612 10.8796530 -0.0209470 0.1734933 0.0192452 0.9844242
61.677850 5.3618913 -0.3878412 10.8800983 -0.0190147 0.1696069 0.0197974 0.9851294
61.784120 5.3620644 -0.3878233 10.8805370 -0.0190753 0.1657690 0.0201675 0.9857738
61.885240 5.3622370 -0.3878013 10.8809633 -0.0195079 0.1613075 0.0207313 0.9864935
61.988910 5.3624001 -0.3877834 10.8813877 -0.0205927 0.1570020 0.0208979 0.9871624
62.092420 5.3625593 -0.3877645 10.8818140 -0.0209951 0.1525332 0.0211957 0.9878480
62.196570 5.3627133 -0.3877439 10.8822393 -0.0201301 0.1476090 0.0210521 0.9886168
62.300010 5.3628616 -0.3877264 10.8826523 -0.0193205 0.1423548 0.0203837 0.9894172
62.403410 5.3630090 -0.3877152 10.8830967 -0.0188036 0.1365093 0.0200814 0.9902567
62.507020 5.3631511 -0.3876953 10.8834925 -0.0177238 0.1293050 0.0208539 0.9912271
62.611050 5.3632574 -0.3876784 10.8838167 -0.0161334 0.1242516 0.0192276 0.9919332
62.714120 5.3633437 -0.3876669 10.8841152 -0.0146760 0.1206306 0.0191810 0.9924036
62.817730 5.3634200 -0.3876583 10.8843966 -0.0136050 0.1170477 0.0193636 0.9928443
62.921550 5.3634953 -0.3876483 10.8846769 -0.0126948 0.1134612 0.0188546 0.9932824
63.024960 5.3635645 -0.3876414 10.8849583 -0.0125948 0.1100109 0.0183089 0.9936819
63.128570 5.3636322 -0.3876325 10.8852234 -0.0113746 0.1064801 0.0174882 0.9940960
63.232210 5.3636947 -0.3876262 10.8854895 -0.0110936 0.1031642 0.0168316 0.9944600
63.335690 5.3637552 -0.3876204 10.8857555 -0.0109826 0.0994558 0.0159999 0.9948527
63.542910 5.3638644 -0.3876094 10.8862696 -0.0086160 0.0923313 0.0138050 0.9955953
63.646520 5.3639097 -0.3876027 10.8865213 -0.0066954 0.0889026 0.0122253 0.9959428
63.853630 5.3639970 -0.3875968 10.8869581 -0.0036429 0.0817238 0.0106045 0.9965919
64.060730 5.3640676 -0.3875935 10.8873682 -0.0015354 0.0754698 0.0107155 0.9970893
64.267970 5.3641329 -0.3875988 10.8877754 -0.0024368 0.0696085 0.0107123 0.9975139
64.371580 5.3641634 -0.3875995 10.8879700 -0.0014968 0.0666390 0.0103313 0.9977225
64.475200 5.3641925 -0.3875998 10.8881588 -0.0004403 0.0637460 0.0100937 0.9979150
64.578710 5.3642206 -0.3876025 10.8883657 0.0003074 0.0606634 0.0106718 0.9981012
64.785940 5.3642635 -0.3876078 10.8887815 0.0007745 0.0548632 0.0119811 0.9984217
64.993150 5.3643041 -0.3876180 10.8892107 0.0005854 0.0485312 0.0127803 0.9987397
65.200410 5.3643374 -0.3876295 10.8896523 -0.0003610 0.0418996 0.0132352 0.9990341
65.614970 5.3643317 -0.3877273 10.8901882 -0.0038575 0.0354796 0.0147683 0.9992538
65.822450 5.3643012 -0.3877340 10.8902025 0.0018052 0.0372056 0.0142019 0.9992051
66.029810 5.3642850 -0.3877401 10.8903322 0.0012186 0.0368441 0.0143920 0.9992166
66.237180 5.3642659 -0.3877528 10.8905058 -0.0013103 0.0357635 0.0153298 0.9992418
66.444520 5.3643098 -0.3877421 10.8906860 -0.0024367 0.0318344 0.0126931 0.9994096
66.651880 5.3643322 -0.3877484 10.8909340 -0.0013582 0.0282109 0.0152791 0.9994843
66.859100 5.3643074 -0.3877563 10.8911009 -0.0005718 0.0276444 0.0162157 0.9994861
67.066340 5.3642840 -0.3877758 10.8912659 -0.0026526 0.0263540 0.0195286 0.9994584
67.273570 5.3642998 -0.3877796 10.8914824 -0.0030170 0.0232940 0.0201808 0.9995204
67.480800 5.3642750 -0.3877930 10.8916559 -0.0041377 0.0212877 0.0232098 0.9994954
67.687910 5.3642635 -0.3877984 10.8918629 -0.0033006 0.0189813 0.0253466 0.9994931
67.895140 5.3642716 -0.3878012 10.8920946 -0.0033874 0.0152989 0.0256016 0.9995494
68.102260 5.3642130 -0.3877879 10.8922768 -0.0030506 0.0150118 0.0269017 0.9995207
68.309500 5.3641658 -0.3877696 10.8924818 -0.0010235 0.0134882 0.0268244 0.9995486
68.516600 5.3641024 -0.3877519 10.8926973 0.0008888 0.0128604 0.0263491 0.9995697
68.723700 5.3641367 -0.3877544 10.8930216 0.0035588 0.0052601 0.0262730 0.9996346
68.930920 5.3641572 -0.3877570 10.8933477 0.0034510 -0.0018963 0.0280696 0.9995982
69.138040 5.3641682 -0.3877607 10.8936806 0.0048198 -0.0092095 0.0277970 0.9995595
69.345250 5.3641706 -0.3877671 10.8940048 0.0073723 -0.0162940 0.0270104 0.9994752
69.552530 5.3641658 -0.3877777 10.8943052 0.0082416 -0.0231029 0.0265038 0.9993477
69.759720 5.3641515 -0.3877878 10.8946047 0.0076755 -0.0303541 0.0295779 0.9990720
69.966820 5.3641305 -0.3877959 10.8948917 0.0098046 -0.0366659 0.0265484 0.9989268
70.174050 5.3641272 -0.3877955 10.8949184 0.0113590 -0.0359436 0.0245378 0.9989880
70.381410 5.3641176 -0.3877994 10.8949795 0.0109123 -0.0358865 0.0253944 0.9989736
70.588760 5.3641186 -0.3877982 10.8949490 0.0117787 -0.0338414 0.0258122 0.9990244
71.003350 5.3641176 -0.3877975 10.8948936 0.0131428 -0.0297958 0.0262498 0.9991248
71.210820 5.3641195 -0.3877976 10.8949165 0.0135635 -0.0295299 0.0247451 0.9991655
71.418080 5.3641162 -0.3877989 10.8949394 0.0129079 -0.0284159 0.0242099 0.9992196
71.625410 5.3641143 -0.3877998 10.8949604 0.0124368 -0.0278082 0.0248048 0.9992281
72.040250 5.3641124 -0.3878008 10.8949766 0.0132743 -0.0282259 0.0254259 0.9991900
72.247600 5.3641114 -0.3878017 10.8949862 0.0139766 -0.0285398 0.0254128 0.9991719
72.454960 5.3641095 -0.3878029 10.8950005 0.0144720 -0.0282273 0.0263980 0.9991481
72.662320 5.3641076 -0.3878035 10.8950138 0.0142066 -0.0275229 0.0256182 0.9991919
72.869690 5.3641057 -0.3878046 10.8950272 0.0153618 -0.0267246 0.0248165 0.9992167
73.077160 5.3641033 -0.3878060 10.8950443 0.0159412 -0.0251216 0.0253158 0.9992366
73.595360 5.3641009 -0.3878075 10.8950729 0.0156159 -0.0249907 0.0243297 0.9992696
74.113680 5.3641033 -0.3878086 10.8950872 0.0145706 -0.0299609 0.0239721 0.9991573
74.735780 5.3641071 -0.3878090 10.8951054 0.0150650 -0.0361252 0.0241203 0.9989426
75.357700 5.3641095 -0.3878111 10.8951244 0.0126511 -0.0403735 0.0230982 0.9988375
75.772410 5.3641105 -0.3878123 10.8951387 0.0121865 -0.0421431 0.0220086 0.9987948
76.186870 5.3641119 -0.3878124 10.8951511 0.0128369 -0.0455578 0.0231535 0.9986109
77.637240 5.3641167 -0.3878154 10.8951979 0.0104599 -0.0584604 0.0234095 0.9979604
78.570050 5.3641171 -0.3878172 10.8952265 0.0078601 -0.0649390 0.0216755 0.9976228
79.191840 5.3641171 -0.3878184 10.8952456 0.0072274 -0.0654433 0.0207603 0.9976141
79.606430 5.3641195 -0.3878196 10.8952589 0.0063938 -0.0670428 0.0210514 0.9975075
79.813790 5.3641200 -0.3878197 10.8952656 0.0063679 -0.0675087 0.0212854 0.9974713
80.124630 5.3641214 -0.3878198 10.8952751 0.0049982 -0.0660172 0.0196641 0.9976122
83.130480 5.3641219 -0.3878219 10.8953686 0.0000383 -0.0638845 0.0214671 0.9977264
83.337860 5.3641219 -0.3878218 10.8953733 0.0027513 -0.0667528 0.0209111 0.9975466
84.167410 5.3641200 -0.3878226 10.8953991 0.0021980 -0.0803091 0.0237663 0.9964842
84.375100 5.3641205 -0.3878226 10.8954048 0.0013609 -0.0833686 0.0230455 0.9962513
84.789410 5.3641195 -0.3878227 10.8954172 0.0020777 -0.0857271 0.0198899 0.9961179
85.411440 5.3641176 -0.3878230 10.8954353 0.0022024 -0.0881088 0.0206847 0.9958937
85.826500 5.3641167 -0.3878231 10.8954468 0.0004821 -0.0914260 0.0217672 0.9955738
87.588960 5.3641105 -0.3878236 10.8954973 -0.0006624 -0.1102400 0.0222329 0.9936561
88.211600 5.3641076 -0.3878234 10.8955145 -0.0007515 -0.1117139 0.0225297 0.9934847
89.040970 5.3641043 -0.3878238 10.8955355 -0.0039033 -0.1111231 0.0203828 0.9935899
89.248170 5.3641033 -0.3878239 10.8955412 -0.0055538 -0.1106596 0.0235641 0.9935635
90.077600 5.3641000 -0.3878237 10.8955612 -0.0050305 -0.1081951 0.0356999 0.9934757
90.492430 5.3640995 -0.3878239 10.8955717 -0.0060030 -0.1054623 0.0411315 0.9935542
90.699910 5.3640985 -0.3878241 10.8955755 -0.0068947 -0.0996436 0.0421142 0.9941077
92.774250 5.3640985 -0.3878243 10.8956156 -0.0121387 0.0651914 0.0527133 0.9964055
92.981700 5.3640995 -0.3878243 10.8956194 -0.0154861 0.0899300 0.0540609 0.9943592
93.915120 5.3641067 -0.3878233 10.8956318 -0.0169095 0.2012848 0.0573077 0.9777087
94.122480 5.3641090 -0.3878230 10.8956356 -0.0168575 0.2281135 0.0579599 0.9717616
94.226290 5.3641109 -0.3878229 10.8956385 -0.0179536 0.2426967 0.0582007 0.9681883
94.744540 5.3641167 -0.3878224 10.8956470 -0.0208523 0.3092402 0.0572017 0.9490330
96.299770 5.3641419 -0.3878202 10.8956718 -0.0219445 0.4928886 0.0555644 0.8680391
96.714500 5.3641505 -0.3878193 10.8956776 -0.0236035 0.5415785 0.0554842 0.8384850
97.025580 5.3641577 -0.3878186 10.8956804 -0.0242704 0.5765121 0.0551972 0.8148608
97.233060 5.3641624 -0.3878183 10.8956823 -0.0251559 0.5996147 0.0548426 0.7980111
98.166520 5.3641853 -0.3878159 10.8956861 -0.0270128 0.7011208 0.0519655 0.7106332
98.581060 5.3641958 -0.3878148 10.8956852 -0.0279841 0.7429166 0.0505374 0.6668866
98.892150 5.3642035 -0.3878143 10.8956842 -0.0270059 0.7721527 0.0484271 0.6330132
100.343500 5.3642392 -0.3878108 10.8956690 -0.0300190 0.8736828 0.0433378 0.4836312
100.550800 5.3642445 -0.3878101 10.8956661 -0.0282404 0.8828638 0.0437923 0.4667292
100.654400 5.3642468 -0.3878098 10.8956652 -0.0282736 0.8869159 0.0435860 0.4590000
102.208900 5.3642769 -0.3878068 10.8956385 -0.0271739 0.9168562 0.0433103 0.3959300
102.830900 5.3642898 -0.3878055 10.8956251 -0.0274153 0.9195363 0.0429877 0.3896839
103.349400 5.3643012 -0.3878044 10.8956127 -0.0281086 0.9203723 0.0443537 0.3875015
104.386000 5.3643222 -0.3878025 10.8955917 -0.0292745 0.9228297 0.0416040 0.3818342
104.697300 5.3643289 -0.3878017 10.8955860 -0.0297610 0.9250162 0.0420818 0.3764152
104.904600 5.3643332 -0.3878012 10.8955812 -0.0308443 0.9276530 0.0411839 0.3698818
105.630700 5.3643451 -0.3878000 10.8955669 -0.0336800 0.9439443 0.0381302 0.3261608
105.734400 5.3643422 -0.3878003 10.8955650 -0.0337054 0.9467168 0.0375366 0.3180915
106.564500 5.3643603 -0.3877974 10.8955450 -0.0290101 0.9751400 0.0300663 0.2176155
106.771900 5.3643637 -0.3877968 10.8955393 -0.0266923 0.9815456 0.0283993 0.1872147
106.979300 5.3643661 -0.3877966 10.8955345 -0.0264968 0.9871899 0.0283873 0.1547519
107.186900 5.3643675 -0.3877963 10.8955288 -0.0271285 0.9919689 0.0266219 0.1206362
107.498000 5.3643694 -0.3877959 10.8955193 -0.0264603 0.9970924 0.0223444 0.0678776
107.912800 5.3643703 -0.3877956 10.8955078 -0.0263323 0.9994552 0.0195934 -0.0034651
108.016400 5.3643703 -0.3877956 10.8955040 -0.0259262 0.9992667 0.0181739 -0.0215317
108.120200 5.3643699 -0.3877955 10.8955021 -0.0260630 0.9987426 0.0160661 -0.0396967
108.327600 5.3643694 -0.3877953 10.8954954 -0.0257575 0.9967526 0.0123509 -0.0752885
108.534900 5.3643684 -0.3877952 10.8954897 -0.0249048 0.9934899 0.0092012 -0.1107831
108.742600 5.3643670 -0.3877952 10.8954840 -0.0242244 0.9891027 0.0048944 -0.1451378
108.845900 5.3643661 -0.3877952 10.8954811 -0.0233429 0.9865181 0.0019570 -0.1619671
108.949700 5.3643651 -0.3877952 10.8954782 -0.0228690 0.9838399 0.0005234 -0.1775833
109.260500 5.3643618 -0.3877954 10.8954706 -0.0198410 0.9747132 -0.0018824 -0.2225690
109.467900 5.3643589 -0.3877957 10.8954639 -0.0186269 0.9674428 -0.0070102 -0.2523060
109.571600 5.3643575 -0.3877957 10.8954611 -0.0194683 0.9634576 -0.0072870 -0.2670531
109.675300 5.3643556 -0.3877958 10.8954582 -0.0188525 0.9587359 -0.0062091 -0.2836046
109.779100 5.3643537 -0.3877960 10.8954554 -0.0201959 0.9537042 -0.0052243 -0.3000219
110.090100 5.3643484 -0.3877964 10.8954487 -0.0260099 0.9367720 -0.0175032 -0.3485331
110.193900 5.3643460 -0.3877966 10.8954458 -0.0238678 0.9310327 -0.0164786 -0.3637815
110.297600 5.3643446 -0.3877967 10.8954439 -0.0207175 0.9249899 -0.0148844 -0.3791343
110.920000 5.3643298 -0.3877976 10.8954334 -0.0238062 0.8829106 -0.0253561 -0.4682512
111.023600 5.3643279 -0.3877980 10.8954315 -0.0239159 0.8752431 -0.0252996 -0.4824288
111.334700 5.3643184 -0.3877991 10.8954277 0.0260026 -0.8513288 0.0260213 0.5233411
111.645800 5.3643088 -0.3878004 10.8954229 0.0248301 -0.8282573 0.0258766 0.5591992
111.853000 5.3643022 -0.3878012 10.8954201 0.0236908 -0.8149800 0.0261679 0.5784130
112.474600 5.3642850 -0.3878031 10.8954163 0.0202045 -0.7832681 0.0278357 0.6207318
112.681700 5.3642817 -0.3878039 10.8954172 0.0200342 -0.7771876 0.0284673 0.6283054
112.992400 5.3642759 -0.3878049 10.8954182 0.0199113 -0.7728129 0.0247587 0.6338381
113.303200 5.3642688 -0.3878058 10.8954210 0.0196368 -0.7730957 0.0206017 0.6336504
113.407300 5.3642669 -0.3878064 10.8954210 0.0197385 -0.7730544 0.0188962 0.6337509
113.614200 5.3642621 -0.3878070 10.8954229 0.0201568 -0.7734722 0.0182174 0.6332476
113.717900 5.3642592 -0.3878073 10.8954239 0.0207619 -0.7734680 0.0182483 0.6332323
113.823800 5.3642573 -0.3878079 10.8954248 0.0219152 -0.7737980 0.0175121 0.6328109
113.925200 5.3642550 -0.3878082 10.8954248 0.0216778 -0.7738839 0.0168987 0.6327307
