0.207793 0.0080127 0.0002180 0.0121606 0.0000177 0.0000239 0.0000061 1.0000000
0.415494 0.0004283 -0.0015239 0.0718313 -0.0001676 0.0011314 0.0002757 0.9999993
0.727346 0.0026013 -0.0051997 0.1906747 0.0000342 0.0022416 0.0002719 0.9999974
0.831180 -0.0002626 -0.0040819 0.2154615 -0.0004172 0.0024018 0.0004856 0.9999969
0.935030 0.0011218 -0.0052569 0.2595461 -0.0009814 0.0017439 0.0007019 0.9999977
1.038877 -0.0004711 -0.0054868 0.2870388 -0.0005522 0.0005382 0.0012934 0.9999989
1.142774 -0.0005857 -0.0063289 0.3227328 -0.0002623 -0.0005060 0.0011588 0.9999992
1.246636 0.0017569 -0.0093804 0.3704646 -0.0007853 -0.0012814 0.0010988 0.9999983
1.350553 -0.0001649 -0.0080667 0.3998912 -0.0002615 -0.0014272 0.0001920 0.9999989
1.558293 -0.0017904 -0.0084471 0.4648995 -0.0006174 -0.0019931 0.0007472 0.9999976
1.662157 -0.0021098 -0.0089761 0.5003579 -0.0006849 -0.0022132 0.0010767 0.9999967
1.766057 -0.0023590 -0.0095204 0.5357404 -0.0000978 -0.0026302 0.0008931 0.9999961
1.973923 -0.0030303 -0.0107593 0.6062174 -0.0001938 -0.0034662 0.0003590 0.9999939
2.077874 -0.0036839 -0.0114317 0.6419492 -0.0001521 -0.0035488 0.0004960 0.9999936
2.181756 -0.0041514 -0.0120642 0.6773691 0.0002479 -0.0039997 0.0004578 0.9999918
2.285652 -0.0045213 -0.0127112 0.7129987 -0.0001461 -0.0044541 0.0001629 0.9999900
2.389627 -0.0048707 -0.0133024 0.7485554 -0.0010058 -0.0048734 0.0010569 0.9999871
2.493488 -0.0052690 -0.0138695 0.7839528 -0.0009940 -0.0053668 0.0010951 0.9999845
2.597363 -0.0058993 -0.0144494 0.8193714 -0.0005847 -0.0057203 0.0014311 0.9999824
2.701441 -0.0063407 -0.0149939 0.8549395 -0.0000617 -0.0063025 0.0016180 0.9999788
2.806098 -0.0067266 -0.0155041 0.8903350 0.0000348 -0.0067675 0.0014838 0.9999760
2.909338 -0.0072873 -0.0162510 0.9256352 -0.0003795 -0.0070613 0.0018238 0.9999734
3.013136 -0.0079723 -0.0168825 0.9611786 -0.0005252 -0.0073064 0.0021651 0.9999708
3.117132 -0.0085859 -0.0174552 0.9966407 -0.0004324 -0.0076725 0.0024334 0.9999675
3.221000 -0.0093204 -0.0180548 1.0319673 -0.0004078 -0.0077703 0.0024219 0.9999668
3.324990 -0.0099623 -0.0184833 1.0676308 -0.0005808 -0.0078916 0.0026906 0.9999651
3.428991 -0.0108156 -0.0191071 1.1031263 -0.0012930 -0.0076877 0.0024890 0.9999665
3.533061 -0.0116405 -0.0198037 1.1386925 -0.0017915 -0.0076729 0.0021237 0.9999667
3.740870 -0.0130613 -0.0210952 1.2091330 -0.0017032 -0.0076960 0.0015345 0.9999678
3.844868 -0.0140308 -0.0214590 1.2447689 -0.0024764 -0.0072269 0.0001474 0.9999708
3.948871 -0.0146175 -0.0219798 1.2803382 -0.0041135 -0.0064409 0.0000782 0.9999708
4.156747 -0.0156521 -0.0224220 1.3510697 -0.0070944 -0.0047620 -0.0003182 0.9999635
4.260741 -0.0158655 -0.0223453 1.3869193 -0.0075797 -0.0042423 -0.0000931 0.9999623
4.364619 -0.0162217 -0.0223038 1.4222633 -0.0066447 -0.0033042 0.0006900 0.9999722
4.468620 -0.0165068 -0.0226155 1.4572709 -0.0059428 -0.0029062 0.0003029 0.9999781
4.572617 -0.0167635 -0.0226905 1.4923795 -0.0056391 -0.0026075 0.0000761 0.9999807
4.676494 -0.0172408 -0.0230861 1.5273575 -0.0055237 -0.0025353 0.0002941 0.9999815
4.884244 -0.0177855 -0.0234250 1.5973326 -0.0050703 -0.0038240 0.0004126 0.9999797
4.988118 -0.0182693 -0.0235998 1.6324893 -0.0055949 -0.0043731 0.0003949 0.9999747
5.195994 -0.0193132 -0.0241083 1.7023590 -0.0056958 -0.0054019 0.0000453 0.9999692
5.299899 -0.0197807 -0.0243568 1.7374165 -0.0055799 -0.0056680 -0.0001601 0.9999683
5.403745 -0.0203423 -0.0246202 1.7725521 -0.0053013 -0.0057463 0.0003893 0.9999694
5.507756 -0.0207667 -0.0249679 1.8072484 -0.0048184 -0.0059715 0.0010082 0.9999700
5.611618 -0.0215607 -0.0254987 1.8419075 -0.0056657 -0.0061088 0.0012444 0.9999645
5.715493 -0.0221315 -0.0258311 1.8766046 -0.0065856 -0.0062704 0.0013594 0.9999577
5.819513 -0.0225116 -0.0260132 1.9115263 -0.0056799 -0.0064756 0.0009974 0.9999624
5.923372 -0.0230705 -0.0262371 1.9459803 -0.0050385 -0.0065330 0.0001579 0.9999660
6.027387 -0.0238017 -0.0266949 1.9804566 -0.0053542 -0.0065606 -0.0009502 0.9999637
6.131261 -0.0244519 -0.0271148 2.0145848 -0.0055507 -0.0065539 -0.0016963 0.9999617
6.235244 -0.0251859 -0.0273721 2.0491054 -0.0057268 -0.0063729 -0.0025068 0.9999601
6.339121 -0.0256383 -0.0274626 2.0836575 -0.0060820 -0.0059780 -0.0028785 0.9999595
6.443120 -0.0263205 -0.0276937 2.1178393 -0.0064905 -0.0048201 -0.0037692 0.9999602
6.547122 -0.0267393 -0.0278815 2.1518636 -0.0053215 -0.0034905 -0.0031929 0.9999747
6.651123 -0.0269697 -0.0282334 2.1857014 -0.0029186 -0.0022573 -0.0017132 0.9999917
6.755121 -0.0272355 -0.0286464 2.2194340 -0.0027448 -0.0010005 -0.0022690 0.9999931
6.859122 -0.0273474 -0.0290141 2.2533069 -0.0044291 0.0003794 -0.0018439 0.9999884
6.963119 -0.0273315 -0.0294127 2.2871983 -0.0051506 0.0019810 -0.0018006 0.9999831
7.067120 -0.0273534 -0.0298111 2.3207893 -0.0043200 0.0041349 -0.0019567 0.9999802
7.171120 -0.0271521 -0.0302433 2.3542070 -0.0028325 0.0058870 -0.0016274 0.9999774
7.275124 -0.0267661 -0.0306741 2.3877432 -0.0010398 0.0075657 -0.0009618 0.9999704
7.483122 -0.0257375 -0.0318614 2.4541695 -0.0013864 0.0111328 -0.0006133 0.9999369
7.587125 -0.0250100 -0.0324596 2.4874837 -0.0016362 0.0129558 -0.0010785 0.9999142
7.691125 -0.0243204 -0.0330732 2.5204453 -0.0006917 0.0149506 -0.0008193 0.9998876
7.795143 -0.0233367 -0.0335656 2.5532386 0.0005527 0.0166424 -0.0006682 0.9998611
8.107122 -0.0195183 -0.0352193 2.6523869 -0.0005610 0.0209453 0.0001398 0.9997805
8.211127 -0.0180487 -0.0357269 2.6851652 -0.0014984 0.0223099 0.0005211 0.9997498
8.315124 -0.0165816 -0.0360771 2.7179377 -0.0018481 0.0235047 0.0012216 0.9997213
8.419122 -0.0151213 -0.0365545 2.7505696 -0.0006773 0.0247804 0.0016160 0.9996914
8.835121 -0.0086930 -0.0388950 2.8818710 0.0027449 0.0278772 0.0020380 0.9996055
8.939122 -0.0071300 -0.0396119 2.9149854 0.0018785 0.0276038 0.0020766 0.9996150
9.043123 -0.0056448 -0.0402748 2.9477880 0.0011438 0.0269950 0.0023164 0.9996322
9.459001 0.0002245 -0.0424708 3.0822372 0.0007037 0.0211945 0.0009200 0.9997747
9.666891 0.0022958 -0.0435998 3.1492596 -0.0000015 0.0173125 0.0006410 0.9998499
9.770876 0.0031482 -0.0442163 3.1832352 -0.0004387 0.0151360 0.0004985 0.9998852
10.394630 0.0051041 -0.0474094 3.3871279 -0.0002128 0.0013421 -0.0017635 0.9999975
10.498620 0.0049429 -0.0479844 3.4214604 -0.0002633 0.0002707 -0.0027241 0.9999962
10.810750 0.0039701 -0.0496264 3.5249209 -0.0006657 -0.0011555 -0.0049434 0.9999869
11.018750 0.0031814 -0.0507348 3.5942934 -0.0019126 -0.0018785 -0.0068254 0.9999731
11.226750 0.0024951 -0.0513435 3.6634207 -0.0032912 -0.0024546 -0.0068751 0.9999679
11.434620 0.0018953 -0.0521068 3.7327611 -0.0031054 -0.0031618 -0.0050777 0.9999773
11.642630 0.0013828 -0.0526133 3.8025117 -0.0048274 -0.0037964 -0.0023477 0.9999784
11.850630 0.0009018 -0.0532582 3.8722897 -0.0046158 -0.0037882 0.0007631 0.9999819
11.954620 0.0007709 -0.0533233 3.9072673 -0.0039443 -0.0038229 0.0018028 0.9999833
12.162500 0.0001103 -0.0540106 3.9768248 -0.0041187 -0.0034962 0.0028567 0.9999813
12.266520 -0.0003461 -0.0541597 4.0115738 -0.0050241 -0.0031020 0.0026408 0.9999791
12.370380 -0.0005474 -0.0545906 4.0461626 -0.0058560 -0.0029531 0.0014218 0.9999775
12.474370 -0.0008731 -0.0547673 4.0809703 -0.0049656 -0.0026803 0.0014362 0.9999831
12.578370 -0.0011835 -0.0550993 4.1157212 -0.0040273 -0.0024711 0.0012207 0.9999881
12.682250 -0.0016212 -0.0556181 4.1501765 -0.0028460 -0.0021208 0.0013008 0.9999928
12.890250 -0.0019652 -0.0568345 4.2189951 0.0008635 -0.0017901 0.0018637 0.9999963
13.098130 -0.0023414 -0.0582393 4.2874708 0.0011005 -0.0018057 0.0022191 0.9999953
13.306000 -0.0029383 -0.0596000 4.3559813 0.0003175 -0.0019384 0.0014133 0.9999971
13.514010 -0.0035101 -0.0607635 4.4235520 0.0004586 -0.0023557 0.0010852 0.9999965
13.721880 -0.0042307 -0.0621215 4.4911184 -0.0004852 -0.0030488 0.0013380 0.9999943
13.825750 -0.0046219 -0.0626770 4.5248790 -0.0005650 -0.0033923 0.0008807 0.9999937
14.033750 -0.0056031 -0.0641153 4.5930386 0.0003636 -0.0040071 0.0006392 0.9999917
14.137750 -0.0060318 -0.0647352 4.6268744 0.0003978 -0.0043285 0.0003881 0.9999905
14.241630 -0.0063739 -0.0653664 4.6609025 0.0008452 -0.0047260 0.0005757 0.9999883
14.345630 -0.0067709 -0.0661486 4.6948705 0.0012723 -0.0052592 0.0004902 0.9999852
14.449650 -0.0073141 -0.0667383 4.7289467 0.0012706 -0.0055077 0.0004156 0.9999839
14.553630 -0.0079226 -0.0673514 4.7629981 0.0006593 -0.0058194 0.0002248 0.9999828
14.657500 -0.0084916 -0.0680697 4.7967782 0.0003222 -0.0061765 0.0003585 0.9999808
14.761510 -0.0088605 -0.0686881 4.8308034 0.0001221 -0.0067489 0.0001369 0.9999772
14.865380 -0.0096555 -0.0691923 4.8645077 0.0001008 -0.0069329 -0.0003080 0.9999759
14.969380 -0.0103402 -0.0699251 4.8983254 0.0004693 -0.0072045 -0.0004419 0.9999738
15.073250 -0.0109295 -0.0704721 4.9322152 0.0008271 -0.0074921 -0.0010738 0.9999710
15.281260 -0.0123322 -0.0719973 4.9995356 0.0010643 -0.0077985 -0.0008528 0.9999686
15.385130 -0.0128704 -0.0725573 5.0333676 0.0019716 -0.0079484 -0.0002179 0.9999664
15.489130 -0.0134639 -0.0732016 5.0670114 0.0018732 -0.0080164 0.0012087 0.9999654
15.593130 -0.0142118 -0.0738745 5.1006432 0.0000131 -0.0081768 0.0010015 0.9999661
15.697000 -0.0147360 -0.0744673 5.1343527 -0.0020826 -0.0083295 0.0013283 0.9999623
15.905010 -0.0159959 -0.0754162 5.2011709 -0.0001360 -0.0083841 -0.0000010 0.9999648
16.009010 -0.0168212 -0.0760626 5.2338490 0.0007608 -0.0084289 -0.0000791 0.9999642
16.216880 -0.0180846 -0.0775085 5.2998047 0.0000466 -0.0085407 0.0001694 0.9999635
16.424880 -0.0196047 -0.0787738 5.3655357 -0.0014959 -0.0080186 0.0004237 0.9999666
16.632880 -0.0208972 -0.0799075 5.4304390 -0.0003669 -0.0065729 0.0009333 0.9999779
16.840760 -0.0219670 -0.0814386 5.4954553 0.0005785 -0.0052097 0.0013159 0.9999854
17.048760 -0.0228421 -0.0829206 5.5592752 -0.0008455 -0.0037538 0.0012744 0.9999918
17.256760 -0.0234745 -0.0837416 5.6224585 -0.0008529 -0.0027815 0.0012197 0.9999950
17.360750 -0.0237701 -0.0843649 5.6536717 -0.0009219 -0.0022880 0.0009034 0.9999965
17.568750 -0.0243726 -0.0854277 5.7154474 -0.0009190 -0.0012229 0.0009353 0.9999984
17.672760 -0.0245338 -0.0860709 5.7461133 -0.0009998 -0.0008203 0.0009805 0.9999987
17.880630 -0.0248649 -0.0872556 5.8060308 -0.0014026 -0.0004291 0.0015434 0.9999977
17.984650 -0.0250243 -0.0878149 5.8353605 -0.0019178 -0.0006594 0.0018292 0.9999962
18.088630 -0.0252628 -0.0883809 5.8644352 -0.0018699 -0.0008807 0.0017630 0.9999963
18.192630 -0.0255888 -0.0889332 5.8929405 -0.0013761 -0.0010099 0.0014749 0.9999974
18.504630 -0.0260033 -0.0907172 5.9765916 -0.0010756 -0.0023250 0.0016266 0.9999954
18.608520 -0.0262672 -0.0911256 6.0038795 -0.0013089 -0.0032208 0.0017603 0.9999924
18.712510 -0.0265816 -0.0916109 6.0308290 -0.0020895 -0.0041164 0.0023904 0.9999865
18.920510 -0.0272435 -0.0924920 6.0835834 -0.0029660 -0.0065024 0.0021723 0.9999721
19.232630 -0.0289495 -0.0939196 6.1585765 -0.0030861 -0.0106930 0.0019183 0.9999362
19.336510 -0.0295662 -0.0943720 6.1826215 -0.0029300 -0.0122664 0.0017145 0.9999190
19.544640 -0.0310857 -0.0950893 6.2284670 -0.0022558 -0.0155124 0.0018495 0.9998754
19.648650 -0.0320053 -0.0955505 6.2505603 -0.0021487 -0.0170114 0.0012313 0.9998522
19.856630 -0.0339287 -0.0963131 6.2932277 -0.0015981 -0.0196857 0.0001458 0.9998049
20.064890 -0.0358820 -0.0971379 6.3339939 -0.0023966 -0.0198142 -0.0002341 0.9998008
20.168880 -0.0367149 -0.0975774 6.3535819 -0.0028474 -0.0196984 -0.0001650 0.9998019
20.273010 -0.0377233 -0.0978593 6.3728104 -0.0024556 -0.0193017 -0.0002216 0.9998106
20.377010 -0.0385889 -0.0982269 6.3917937 -0.0014934 -0.0191039 -0.0004499 0.9998163
21.105630 -0.0431217 -0.1009308 6.5213747 0.0006202 -0.0137346 -0.0002189 0.9999055
21.209640 -0.0435918 -0.1011756 6.5394588 0.0005360 -0.0123373 -0.0003477 0.9999237
21.313760 -0.0440111 -0.1015250 6.5574827 0.0001868 -0.0107855 0.0002516 0.9999418
21.730010 -0.0450384 -0.1027932 6.6285295 0.0004016 -0.0049004 0.0011924 0.9999872
21.834140 -0.0452822 -0.1031457 6.6462831 0.0008110 -0.0034235 0.0006806 0.9999936
21.938260 -0.0453916 -0.1035172 6.6639457 0.0010186 -0.0019056 0.0007669 0.9999974
22.250510 -0.0453843 -0.1045612 6.7177176 0.0003166 0.0017620 0.0006464 0.9999982
22.354510 -0.0452780 -0.1048510 6.7358499 0.0011999 0.0028656 0.0006310 0.9999950
22.458660 -0.0453052 -0.1051399 6.7538829 0.0024325 0.0038966 0.0002245 0.9999894
22.562760 -0.0451707 -0.1055220 6.7722254 0.0031452 0.0043744 0.0010338 0.9999849
22.666760 -0.0450658 -0.1059099 6.7906303 0.0033320 0.0042948 0.0009489 0.9999848
22.770760 -0.0448591 -0.1063458 6.8093357 0.0035513 0.0042812 0.0013362 0.9999836
22.874760 -0.0449147 -0.1068003 6.8280892 0.0036444 0.0044678 0.0008851 0.9999830
23.186890 -0.0444437 -0.1078867 6.8845797 0.0059905 0.0048865 0.0029066 0.9999659
23.290890 -0.0443687 -0.1082923 6.9036417 0.0065120 0.0052832 0.0045168 0.9999546
23.499010 -0.0442174 -0.1090966 6.9430385 0.0014455 0.0058583 0.0013595 0.9999809
23.603010 -0.0440092 -0.1094771 6.9629812 -0.0002394 0.0062495 0.0015619 0.9999792
23.707160 -0.0435322 -0.1097934 6.9831133 0.0008847 0.0072411 0.0019863 0.9999714
23.915260 -0.0429942 -0.1104488 7.0236740 0.0058170 0.0113229 0.0003943 0.9999189
24.123280 -0.0419903 -0.1113348 7.0653319 0.0045572 0.0144949 0.0005376 0.9998844
24.227390 -0.0412293 -0.1118367 7.0866103 0.0030273 0.0159981 0.0020775 0.9998653
24.539510 -0.0391703 -0.1134715 7.1501045 0.0029370 0.0202736 0.0022769 0.9997876
24.747640 -0.0373934 -0.1144643 7.1925216 0.0039796 0.0225984 0.0018374 0.9997350
24.851760 -0.0366550 -0.1148840 7.2135444 0.0030198 0.0241730 0.0012922 0.9997024
25.059780 -0.0345434 -0.1158271 7.2561207 0.0023270 0.0271012 0.0001188 0.9996300
25.267760 -0.0322006 -0.1167837 7.2984853 0.0026750 0.0296847 0.0012037 0.9995550
25.371770 -0.0308165 -0.1171510 7.3199544 0.0025171 0.0305531 0.0026607 0.9995264
25.475770 -0.0295621 -0.1174364 7.3412695 0.0028145 0.0309973 0.0026298 0.9995121
25.683760 -0.0269458 -0.1185492 7.3842068 0.0025859 0.0313865 0.0033299 0.9994984
25.891640 -0.0241747 -0.1196301 7.4274435 0.0018473 0.0308259 0.0033328 0.9995175
25.995520 -0.0230206 -0.1201017 7.4490609 0.0022710 0.0303139 0.0034701 0.9995318
26.203510 -0.0206170 -0.1210014 7.4918156 0.0031049 0.0285028 0.0029112 0.9995847
26.307390 -0.0197814 -0.1214435 7.5129862 0.0033580 0.0279613 0.0022645 0.9996008
26.411390 -0.0187280 -0.1219320 7.5342908 0.0034815 0.0271109 0.0016244 0.9996250
26.619260 -0.0168454 -0.1230333 7.5766816 0.0024195 0.0246465 0.0016425 0.9996920
26.827140 -0.0151185 -0.1240998 7.6187072 0.0002870 0.0200477 0.0031257 0.9997941
27.139140 -0.0134860 -0.1253005 7.6799469 -0.0010005 0.0128557 0.0038220 0.9999096
27.243260 -0.0131427 -0.1256082 7.6999044 -0.0010564 0.0105474 0.0042444 0.9999348
27.971390 -0.0135853 -0.1283085 7.8259573 0.0013260 -0.0048872 0.0033777 0.9999815
28.490900 -0.0184726 -0.1303898 7.9023490 0.0022398 -0.0393401 0.0009011 0.9992229
28.906040 -0.0278996 -0.1317049 7.9573035 0.0018882 -0.0930934 -0.0018662 0.9956539
29.943280 -0.0790437 -0.1335412 8.0634918 -0.0065130 -0.3048592 -0.0007809 0.9523748
30.462040 -0.1210990 -0.1335529 8.0991344 -0.0126553 -0.4371433 0.0031055 0.8992975
30.877140 -0.1603655 -0.1331749 8.1141434 -0.0133304 -0.5461317 -0.0047787 0.8375797
31.188640 -0.1735008 -0.1344713 8.1081009 -0.0178488 -0.6168781 -0.0068283 0.7868267
31.915520 -0.1917210 -0.1387777 8.1158838 -0.0318897 -0.7666172 -0.0199473 0.6410017
32.123290 -0.1656057 -0.1429011 8.1226425 -0.0351316 -0.7986276 -0.0226517 0.6003720
32.539520 -0.3145093 -0.1304907 8.1325073 0.0383123 0.8844570 0.0210998 -0.4645673
32.643770 -0.4600413 -0.1089882 8.0439243 0.0358698 0.9172451 0.0115364 -0.3965370
32.852150 -0.4126750 -0.1180896 8.0257626 0.0419823 0.9200982 0.0163897 -0.3890862
32.956400 -0.3882859 -0.1233943 8.0258417 0.0459278 0.9263405 0.0197358 -0.3733556
33.373140 -0.4635116 -0.1126494 7.9298940 0.0421108 0.9531898 0.0105051 -0.2992414
33.477420 -0.4524931 -0.1140991 7.9314165 0.0412612 0.9568688 0.0091085 -0.2874310
33.581640 -0.5693956 -0.1047869 7.8236194 0.0440940 0.9786075 0.0133589 -0.2005110
33.685770 -0.5545887 -0.1073239 7.8088112 0.0418891 0.9801056 0.0131349 -0.1935606
33.998280 -0.5181234 -0.1124659 7.7755089 0.0445945 0.9854792 0.0131914 -0.1633038
34.102520 -0.5260873 -0.1115678 7.7472239 0.0451370 0.9884856 0.0142855 -0.1437181
34.206650 -0.5336772 -0.1105622 7.7176933 0.0468270 0.9909922 0.0147756 -0.1245928
34.310770 -0.5400423 -0.1097866 7.6870055 0.0466993 0.9931462 0.0148228 -0.1061137
34.414890 -0.5456678 -0.1087473 7.6554661 0.0462694 0.9949038 0.0130954 -0.0886235
34.623270 -0.5535581 -0.1071625 7.5887918 0.0456150 0.9973440 0.0116898 -0.0555660
34.831660 -0.5586817 -0.1059496 7.5205574 0.0450213 0.9985796 0.0115308 -0.0260577
34.935780 -0.5589083 -0.1054828 7.4820032 0.0448268 0.9988543 0.0114872 -0.0121903
35.040020 -0.5596985 -0.1050428 7.4514446 0.0437398 0.9989677 0.0122119 -0.0011238
35.144150 -0.5577557 -0.1040486 7.4061322 0.0429424 0.9989275 0.0124834 0.0119948
35.248400 -0.5557340 -0.1036266 7.3672585 0.0418337 0.9988062 0.0121071 0.0221265
35.352650 -0.5530466 -0.1033591 7.3279104 0.0394593 0.9987004 0.0109784 0.0303301
35.561270 -0.5462148 -0.1025739 7.2464466 0.0348454 0.9985105 0.0113770 0.0404110
35.665520 -0.5423508 -0.1021445 7.2050228 0.0332913 0.9984827 0.0119164 0.0422127
35.769770 -0.5382971 -0.1013614 7.1629171 0.0319498 0.9985337 0.0110208 0.0422882
35.874180 -0.5344416 -0.1009815 7.1200123 0.0309789 0.9986073 0.0105360 0.0413839
35.978280 -0.5307893 -0.1005414 7.0764799 0.0308091 0.9986595 0.0109985 0.0401124
36.082520 -0.5270358 -0.1001218 7.0324640 0.0302149 0.9987254 0.0114526 0.0387763
36.186650 -0.5235506 -0.0996719 6.9878054 0.0299194 0.9988022 0.0116963 0.0369082
36.290910 -0.5201569 -0.0993192 6.9429240 0.0291139 0.9989052 0.0126822 0.0343497
36.395030 -0.5169717 -0.0988369 6.8986969 0.0289720 0.9989900 0.0137888 0.0314560
36.603150 -0.5116355 -0.0980826 6.8089495 0.0284646 0.9991391 0.0146159 0.0264027
36.811280 -0.5068098 -0.0971581 6.7200670 0.0271467 0.9993120 0.0139034 0.0211033
36.915280 -0.5048208 -0.0967416 6.6752095 0.0267312 0.9993798 0.0137633 0.0183331
37.019270 -0.5027194 -0.0962331 6.6301723 0.0263185 0.9994172 0.0151586 0.0155813
37.227300 -0.5000550 -0.0947041 6.5403395 0.0270729 0.9994376 0.0164778 0.0109504
37.331150 -0.4992060 -0.0939858 6.4959526 0.0276134 0.9994459 0.0161387 0.0092139
37.539030 -0.4971185 -0.0927818 6.4059772 0.0275833 0.9994999 0.0141136 0.0063268
37.746770 -0.4958924 -0.0914515 6.3158889 0.0270310 0.9995292 0.0139173 0.0041217
37.954400 -0.4947664 -0.0902019 6.2244701 0.0275748 0.9995043 0.0149299 0.0027886
38.058150 -0.4942890 -0.0897385 6.1786056 0.0283466 0.9994793 0.0151843 0.0026602
38.162020 -0.4939849 -0.0890315 6.1327796 0.0286258 0.9994723 0.0150661 0.0029388
38.369530 -0.4928705 -0.0877790 6.0408845 0.0299708 0.9994562 0.0132806 0.0035804
38.473280 -0.4923582 -0.0873105 5.9947934 0.0307346 0.9994232 0.0138891 0.0039605
38.680780 -0.4907226 -0.0861375 5.9024415 0.0304613 0.9993992 0.0158004 0.0048730
38.784650 -0.4900772 -0.0852273 5.8560519 0.0294319 0.9994223 0.0161000 0.0054406
38.888400 -0.4890804 -0.0844704 5.8098078 0.0286760 0.9994470 0.0158168 0.0057640
39.095900 -0.4874362 -0.0831480 5.7162848 0.0281772 0.9994751 0.0148288 0.0059681
39.199650 -0.4869345 -0.0823512 5.6694975 0.0280595 0.9994901 0.0138874 0.0062703
39.303400 -0.4861492 -0.0817577 5.6227798 0.0286276 0.9994673 0.0143473 0.0062970
39.407270 -0.4852059 -0.0811676 5.5762701 0.0284461 0.9994681 0.0146301 0.0063440
39.511030 -0.4844137 -0.0806176 5.5294180 0.0285497 0.9994574 0.0151215 0.0064115
39.718530 -0.4825190 -0.0796019 5.4365449 0.0286076 0.9994491 0.0156047 0.0062911
39.822150 -0.4818098 -0.0789622 5.3894596 0.0285005 0.9994587 0.0151475 0.0063631
39.925900 -0.4808928 -0.0783633 5.3427629 0.0294713 0.9994240 0.0155584 0.0064124
40.029660 -0.4798732 -0.0777519 5.2958622 0.0298480 0.9993978 0.0165912 0.0061519
40.133400 -0.4793634 -0.0771130 5.2493181 0.0302319 0.9993943 0.0160697 0.0062340
40.237040 -0.4786342 -0.0764529 5.2029257 0.0302044 0.9994160 0.0147140 0.0062329
40.340780 -0.4777749 -0.0758731 5.1562843 0.0299282 0.9994201 0.0150003 0.0062234
40.444530 -0.4767819 -0.0750240 5.1088171 0.0297558 0.9994291 0.0148291 0.0060090
40.548280 -0.4759855 -0.0744741 5.0619998 0.0296887 0.9994406 0.0142051 0.0059522
40.652040 -0.4751752 -0.0737440 5.0149894 0.0291325 0.9994459 0.0149163 0.0060567
40.755780 -0.4741118 -0.0731657 4.9675455 0.0287819 0.9994426 0.0159038 0.0057548
40.859530 -0.4735028 -0.0725476 4.9203186 0.0285420 0.9994454 0.0160914 0.0059511
41.067040 -0.4721219 -0.0712789 4.8273735 0.0292361 0.9994323 0.0156693 0.0059072
41.170800 -0.4716174 -0.0706547 4.7806706 0.0294890 0.9994105 0.0166100 0.0057637
41.274530 -0.4709706 -0.0699713 4.7337232 0.0288731 0.9994053 0.0180995 0.0052659
41.378300 -0.4701110 -0.0691027 4.6873012 0.0282475 0.9994258 0.0181238 0.0046546
41.482150 -0.4696494 -0.0682874 4.6408701 0.0279041 0.9994367 0.0181420 0.0043010
41.585910 -0.4689737 -0.0672781 4.5947499 0.0274171 0.9994515 0.0181871 0.0037610
41.689670 -0.4684600 -0.0664757 4.5489559 0.0276341 0.9994521 0.0179151 0.0033035
41.793530 -0.4678147 -0.0657535 4.5032701 0.0280235 0.9994544 0.0172581 0.0027920
41.897280 -0.4673723 -0.0650936 4.4577208 0.0285854 0.9994358 0.0174586 0.0024699
42.001030 -0.4669252 -0.0644735 4.4122090 0.0283512 0.9994413 0.0175671 0.0021924
42.104780 -0.4666339 -0.0636606 4.3665614 0.0281233 0.9994491 0.0175288 0.0018309
42.208530 -0.4663040 -0.0630409 4.3210869 0.0281711 0.9994412 0.0179260 0.0015303
42.312280 -0.4660786 -0.0622778 4.2758794 0.0281567 0.9994236 0.0189280 0.0011955
42.416050 -0.4657047 -0.0614820 4.2310820 0.0279448 0.9994250 0.0191976 0.0004861
42.519900 -0.4654825 -0.0606111 4.1864839 0.0277035 0.9994455 0.0184654 -0.0005359
42.623660 -0.4653752 -0.0599165 4.1422348 0.0275231 0.9994553 0.0181381 -0.0016331
42.727400 -0.4655696 -0.0592028 4.0979543 0.0278630 0.9994278 0.0189952 -0.0026332
42.831160 -0.4658017 -0.0585122 4.0543041 0.0282593 0.9993953 0.0199344 -0.0036108
42.934910 -0.4659437 -0.0575919 4.0100708 0.0286345 0.9993894 0.0194492 -0.0047690
43.038660 -0.4664299 -0.0568540 3.9671926 0.0289116 0.9993767 0.0194784 -0.0055681
43.142410 -0.4666212 -0.0561682 3.9239345 0.0292187 0.9993460 0.0201941 -0.0067811
43.246160 -0.4671807 -0.0555392 3.8817682 0.0293457 0.9993160 0.0211069 -0.0077959
43.349910 -0.4676284 -0.0547982 3.8400967 0.0296793 0.9992881 0.0215084 -0.0089266
43.453690 -0.4682884 -0.0538151 3.7990141 0.0294582 0.9992954 0.0211131 -0.0097572
43.557400 -0.4687119 -0.0531530 3.7589967 0.0299325 0.9992660 0.0214154 -0.0106237
43.661030 -0.4694781 -0.0522581 3.7190964 0.0294734 0.9992473 0.0225893 -0.0112159
43.764790 -0.4700368 -0.0515215 3.6803045 0.0296771 0.9992374 0.0226023 -0.0115322
43.972290 -0.4714469 -0.0499553 3.6047125 0.0290604 0.9992828 0.0214141 -0.0114389
44.075920 -0.4721271 -0.0491385 3.5682733 0.0295341 0.9992729 0.0212756 -0.0113441
44.283280 -0.4732261 -0.0480251 3.4974866 0.0290468 0.9992796 0.0217895 -0.0110392
44.490780 -0.4743272 -0.0466320 3.4296257 0.0291253 0.9992540 0.0230566 -0.0105578
44.698280 -0.4755269 -0.0453481 3.3654742 0.0287544 0.9992917 0.0221475 -0.0099344
44.905910 -0.4761851 -0.0441917 3.3042431 0.0282205 0.9993193 0.0217522 -0.0095613
45.113530 -0.4770659 -0.0430640 3.2465324 0.0285728 0.9993005 0.0223516 -0.0090841
45.321160 -0.4779027 -0.0420068 3.1915634 0.0289436 0.9992827 0.0228578 -0.0085932
45.528910 -0.4784481 -0.0410695 3.1394160 0.0286803 0.9993295 0.0213179 -0.0079735
45.632780 -0.4787697 -0.0406245 3.1141613 0.0303160 0.9993032 0.0202918 -0.0079001
46.048410 -0.4801221 -0.0390836 3.0160682 0.0315134 0.9992969 0.0189412 -0.0073377
46.152410 -0.4802406 -0.0386463 2.9928460 0.0318057 0.9992902 0.0187347 -0.0075143
46.568280 -0.4815490 -0.0373004 2.9018927 0.0328658 0.9992474 0.0187986 -0.0084284
47.192290 -0.4829246 -0.0354645 2.7722614 0.0328942 0.9993237 0.0131610 -0.0098460
47.400280 -0.4841172 -0.0349718 2.7295170 0.0350581 0.9992183 0.0151814 -0.0101558
47.816410 -0.4849887 -0.0342369 2.6453602 0.0306556 0.9994443 0.0078193 -0.0104937
48.232410 -0.4850114 -0.0337435 2.5574734 0.0240588 0.9996114 0.0108133 -0.0090167
48.648410 -0.4854151 -0.0327319 2.4644599 0.0223540 0.9996918 0.0103031 -0.0032391
48.856410 -0.4848940 -0.0320995 2.4153569 0.0220627 0.9996523 0.0144391 0.0000956
49.064530 -0.4845177 -0.0313146 2.3640542 0.0236858 0.9995856 0.0158848 0.0039075
49.272540 -0.4834589 -0.0301612 2.3104219 0.0250143 0.9995585 0.0139999 0.0078163
49.480540 -0.4824737 -0.0290690 2.2544527 0.0269456 0.9994714 0.0138872 0.0117465
49.584540 -0.4814194 -0.0286589 2.2259047 0.0277440 0.9994107 0.0149469 0.0136070
49.688540 -0.4803710 -0.0280336 2.1967297 0.0283631 0.9993443 0.0159831 0.0158463
49.896540 -0.4780342 -0.0270471 2.1370037 0.0306710 0.9992150 0.0147799 0.0202547
50.104550 -0.4749227 -0.0260517 2.0752850 0.0315290 0.9991320 0.0125067 0.0241795
50.312540 -0.4714839 -0.0253901 2.0114315 0.0319643 0.9990601 0.0125040 0.0264736
50.520540 -0.4674464 -0.0246633 1.9456264 0.0311470 0.9991052 0.0096046 0.0269521
50.624670 -0.4658821 -0.0242716 1.9119289 0.0322430 0.9990807 0.0084480 0.0269606
50.832660 -0.4617196 -0.0236886 1.8425831 0.0328791 0.9990196 0.0134012 0.0264429
50.936790 -0.4596327 -0.0232278 1.8074009 0.0331837 0.9989999 0.0144187 0.0262711
51.248790 -0.4537565 -0.0212090 1.6986865 0.0316153 0.9990918 0.0126602 0.0256072
51.352790 -0.4515620 -0.0206492 1.6614807 0.0315335 0.9991090 0.0121122 0.0252985
51.456790 -0.4494682 -0.0201599 1.6241308 0.0319707 0.9991052 0.0119455 0.0249816
51.560790 -0.4475489 -0.0196885 1.5861150 0.0321308 0.9990910 0.0135764 0.0245036
51.664790 -0.4454694 -0.0190264 1.5471202 0.0317620 0.9991125 0.0143649 0.0236413
51.768790 -0.4436878 -0.0184062 1.5083747 0.0312079 0.9991581 0.0136958 0.0228373
51.872790 -0.4418190 -0.0176052 1.4690211 0.0308919 0.9991908 0.0139743 0.0216362
51.976790 -0.4399540 -0.0172419 1.4294442 0.0297720 0.9992610 0.0131349 0.0204617
52.080790 -0.4382998 -0.0165734 1.3895684 0.0305461 0.9993179 0.0084018 0.0189750
52.184660 -0.4368298 -0.0164913 1.3489559 0.0307946 0.9993376 0.0075232 0.0178765
52.288680 -0.4353350 -0.0161783 1.3075055 0.0309578 0.9993220 0.0111104 0.0165431
52.392670 -0.4337276 -0.0155882 1.2662600 0.0305540 0.9993160 0.0142521 0.0151969
52.496670 -0.4321893 -0.0149804 1.2245128 0.0301502 0.9993417 0.0147153 0.0138030
52.600670 -0.4307465 -0.0141080 1.1827434 0.0294848 0.9993918 0.0138735 0.0124197
52.704540 -0.4295745 -0.0136078 1.1407357 0.0299001 0.9993975 0.0135801 0.0112305
52.808540 -0.4284659 -0.0127015 1.0978651 0.0300659 0.9994022 0.0136866 0.0102023
52.912410 -0.4277016 -0.0119290 1.0547574 0.0312032 0.9993729 0.0139012 0.0093223
53.016420 -0.4269010 -0.0112177 1.0116440 0.0311515 0.9993678 0.0148793 0.0084916
53.120310 -0.4260768 -0.0106355 0.9680740 0.0308598 0.9993691 0.0160079 0.0072683
53.224160 -0.4252585 -0.0097885 0.9253260 0.0300768 0.9993742 0.0175362 0.0062468
53.328040 -0.4246112 -0.0090477 0.8824207 0.0295148 0.9993642 0.0193124 0.0052031
53.431910 -0.4239973 -0.0081885 0.8400745 0.0298598 0.9993501 0.0197359 0.0042852
53.535790 -0.4233991 -0.0073135 0.7977898 0.0296206 0.9993710 0.0191697 0.0035646
53.639670 -0.4229684 -0.0064973 0.7556726 0.0300798 0.9993665 0.0187758 0.0030549
53.743420 -0.4224307 -0.0057131 0.7129859 0.0299013 0.9993705 0.0189385 0.0024179
53.847310 -0.4220025 -0.0049114 0.6706436 0.0291590 0.9993835 0.0194424 0.0020805
53.951170 -0.4216184 -0.0040072 0.6282519 0.0292434 0.9993921 0.0188866 0.0018979
54.054920 -0.4211893 -0.0031308 0.5861471 0.0290870 0.9994176 0.0177898 0.0013826
54.158790 -0.4208026 -0.0026112 0.5445174 0.0296878 0.9993860 0.0185652 0.0012376
54.262540 -0.4205427 -0.0017020 0.5022669 0.0299656 0.9993396 0.0205224 0.0010966
54.366290 -0.4203269 -0.0007148 0.4601396 0.0299557 0.9993120 0.0218255 0.0013211
54.470160 -0.4199415 0.0001725 0.4183075 0.0299116 0.9993220 0.0214082 0.0015752
54.573910 -0.4194323 0.0012109 0.3767965 0.0295906 0.9993649 0.0197562 0.0019786
54.677690 -0.4188556 0.0019994 0.3351415 0.0291371 0.9994090 0.0180883 0.0023254
54.781540 -0.4184177 0.0027218 0.2934946 0.0290928 0.9994131 0.0178931 0.0026175
54.885290 -0.4181890 0.0035331 0.2521606 0.0286198 0.9994149 0.0184679 0.0031000
54.989170 -0.4180180 0.0044593 0.2104182 0.0292840 0.9993681 0.0198438 0.0034793
55.092920 -0.4176044 0.0052231 0.1694638 0.0289288 0.9993430 0.0215068 0.0037603
55.196790 -0.4174073 0.0061053 0.1286719 0.0284800 0.9993579 0.0213604 0.0040489
55.300540 -0.4169582 0.0033511 0.1204441 0.0285664 0.9993920 0.0195419 0.0041974
55.404410 -0.4160286 0.0079371 0.0483721 0.0282432 0.9994368 0.0177252 0.0037767
55.508190 -0.4159368 0.0083134 0.0069851 0.0288417 0.9994151 0.0180156 0.0036071
55.715790 -0.4149073 0.0097847 -0.0747819 0.0289389 0.9993756 0.0200601 0.0029107
55.923300 -0.4129323 0.0117220 -0.1554372 0.0274536 0.9994407 0.0189916 0.0019693
56.027170 -0.4125629 0.0124785 -0.1952509 0.0269820 0.9994617 0.0185811 0.0017146
56.130920 -0.4121569 0.0130745 -0.2346398 0.0274843 0.9994552 0.0182079 0.0015834
56.234670 -0.4118520 0.0138177 -0.2737337 0.0284521 0.9994299 0.0181118 0.0014820
56.338420 -0.4116254 0.0144759 -0.3129876 0.0295606 0.9993860 0.0187527 0.0014317
56.442290 -0.4112197 0.0151838 -0.3518264 0.0297214 0.9993756 0.0190584 0.0013227
56.546040 -0.4109010 0.0160182 -0.3907055 0.0298726 0.9993848 0.0183285 0.0013206
56.649810 -0.4105078 0.0165933 -0.4291177 0.0290319 0.9994095 0.0183443 0.0011519
56.753550 -0.4103556 0.0171328 -0.4673628 0.0280066 0.9994360 0.0185056 0.0009444
56.857290 -0.4099423 0.0178505 -0.5055888 0.0274896 0.9994525 0.0183921 0.0007997
56.961060 -0.4097155 0.0184455 -0.5434878 0.0273085 0.9994431 0.0191632 0.0007845
57.064790 -0.4094248 0.0190423 -0.5814555 0.0277964 0.9994264 0.0193354 0.0005783
57.168540 -0.4092041 0.0198423 -0.6191586 0.0284488 0.9994025 0.0196261 0.0003513
57.272300 -0.4089878 0.0203686 -0.6566734 0.0283981 0.9993947 0.0200939 0.0003675
57.376170 -0.4088724 0.0212311 -0.6942470 0.0282559 0.9994265 0.0186621 0.0002495
57.583670 -0.4082707 0.0224252 -0.7684973 0.0250501 0.9995632 0.0156840 0.0000717
57.687420 -0.4076838 0.0226706 -0.8058962 0.0236037 0.9995793 0.0168588 0.0000468
57.791170 -0.4074625 0.0231519 -0.8430573 0.0233216 0.9995655 0.0180270 0.0001339
57.894920 -0.4072564 0.0237270 -0.8800635 0.0239206 0.9995313 0.0191054 0.0001781
57.998680 -0.4070818 0.0243087 -0.9169813 0.0260428 0.9994519 0.0204344 0.0001429
58.102420 -0.4070300 0.0251532 -0.9540999 0.0284454 0.9993724 0.0211107 0.0002399
58.206190 -0.4069037 0.0259139 -0.9905325 0.0292803 0.9993587 0.0206112 0.0002787
58.310040 -0.4069980 0.0268545 -1.0277777 0.0299923 0.9993637 0.0192989 0.0004013
58.413800 -0.4068415 0.0276728 -1.0645322 0.0295498 0.9993967 0.0182453 0.0003787
58.517550 -0.4065260 0.0282735 -1.1017095 0.0284524 0.9994352 0.0178823 0.0001661
58.621420 -0.4061752 0.0290616 -1.1389565 0.0275396 0.9994567 0.0181066 0.0000198
58.725190 -0.4058925 0.0297315 -1.1761150 0.0271667 0.9994725 0.0177944 -0.0001242
58.829070 -0.4058007 0.0304163 -1.2135768 0.0273183 0.9994816 0.0170336 -0.0001430
58.932820 -0.4057747 0.0310509 -1.2511407 0.0269772 0.9994954 0.0167642 -0.0000274
59.036550 -0.4056214 0.0317991 -1.2887917 0.0268939 0.9994938 0.0169950 -0.0000376
59.140420 -0.4053406 0.0323856 -1.3260339 0.0261364 0.9995167 0.0168283 -0.0001551
59.244170 -0.4051199 0.0330938 -1.3637528 0.0251125 0.9995399 0.0170055 -0.0003047
59.348040 -0.4048233 0.0337484 -1.4013672 0.0239389 0.9995455 0.0183215 -0.0004053
59.555580 -0.4041149 0.0349781 -1.4759946 0.0229362 0.9995976 0.0166670 -0.0008993
59.659420 -0.4039029 0.0356023 -1.5133626 0.0224176 0.9996149 0.0163326 -0.0008931
59.866920 -0.4034208 0.0366580 -1.5873134 0.0218861 0.9996365 0.0157309 -0.0007026
60.074550 -0.4033616 0.0374780 -1.6615984 0.0209780 0.9996876 0.0135833 -0.0004486
60.282170 -0.4030618 0.0384165 -1.7346405 0.0232449 0.9996198 0.0148316 -0.0001269
60.489670 -0.4027949 0.0395313 -1.8077130 0.0236257 0.9996158 0.0144880 0.0003933
60.697180 -0.4021909 0.0404942 -1.8807719 0.0226354 0.9996420 0.0142616 0.0004201
60.801050 -0.4020133 0.0409659 -1.9175738 0.0227636 0.9996135 0.0159354 0.0008719
60.904800 -0.4017502 0.0414181 -1.9541662 0.0238012 0.9995850 0.0161841 0.0011416
61.112300 -0.4012482 0.0423253 -2.0265470 0.0262174 0.9995282 0.0158916 0.0018586
61.216170 -0.4009666 0.0427154 -2.0627284 0.0268759 0.9995010 0.0164580 0.0021032
61.319920 -0.4006716 0.0432828 -2.0989439 0.0279445 0.9994717 0.0164523 0.0022078
61.423670 -0.4003234 0.0437297 -2.1351547 0.0289202 0.9994387 0.0167569 0.0022660
61.631300 -0.3997790 0.0446992 -2.2065749 0.0308139 0.9993600 0.0179966 0.0025121
61.838800 -0.3990680 0.0454825 -2.2776113 0.0328897 0.9993570 0.0140295 0.0026426
62.046420 -0.3984151 0.0462325 -2.3478220 0.0333423 0.9993314 0.0147374 0.0028155
62.253920 -0.3979425 0.0472495 -2.4184871 0.0328268 0.9993514 0.0145050 0.0029511
62.461550 -0.3969872 0.0479138 -2.4892297 0.0323536 0.9993579 0.0151063 0.0029597
62.669050 -0.3960794 0.0488242 -2.5595925 0.0319755 0.9993941 0.0135983 0.0020231
62.876680 -0.3956709 0.0493590 -2.6297648 0.0324539 0.9993731 0.0140921 0.0012119
62.980550 -0.3952731 0.0497497 -2.6645854 0.0327663 0.9993730 0.0133964 0.0007702
63.188170 -0.3951507 0.0501085 -2.7345150 0.0325011 0.9993738 0.0139851 0.0002658
63.395800 -0.3947970 0.0507368 -2.8045559 0.0318465 0.9993916 0.0142118 -0.0005454
63.603430 -0.3943600 0.0514655 -2.8736737 0.0313979 0.9994023 0.0144139 -0.0012129
63.811050 -0.3940769 0.0519991 -2.9425945 0.0323583 0.9993985 0.0124276 -0.0010354
64.018680 -0.3938594 0.0523300 -3.0110419 0.0326057 0.9993861 0.0128030 -0.0005646
64.226180 -0.3935693 0.0528121 -3.0796983 0.0337426 0.9993190 0.0149242 0.0004351
64.330050 -0.3933025 0.0530817 -3.1134644 0.0342297 0.9993082 0.0145121 0.0009731
64.433800 -0.3929893 0.0533061 -3.1471159 0.0340300 0.9993387 0.0127403 0.0013017
64.537570 -0.3927713 0.0535565 -3.1810973 0.0334317 0.9993761 0.0112982 0.0014724
64.745300 -0.3921052 0.0539660 -3.2484479 0.0328724 0.9993552 0.0143667 0.0014632
64.952920 -0.3917680 0.0547953 -3.3150477 0.0333196 0.9993220 0.0155866 0.0015353
65.160550 -0.3914276 0.0555826 -3.3815248 0.0329192 0.9993646 0.0136241 0.0010823
65.264300 -0.3911373 0.0559349 -3.4143839 0.0321572 0.9993985 0.0129740 0.0005227
65.368050 -0.3907716 0.0561519 -3.4474058 0.0317122 0.9994068 0.0134353 -0.0000588
65.471930 -0.3905833 0.0562536 -3.4799736 0.0314615 0.9994024 0.0143113 -0.0004476
65.679420 -0.3905244 0.0565830 -3.5443969 0.0317654 0.9994072 0.0132516 -0.0008159
65.886930 -0.3901976 0.0570538 -3.6092992 0.0317401 0.9993928 0.0142837 -0.0015980
65.990800 -0.3901551 0.0574682 -3.6415830 0.0314978 0.9994022 0.0140789 -0.0022110
66.198300 -0.3900624 0.0577843 -3.7055569 0.0318150 0.9993880 0.0142171 -0.0030462
66.302080 -0.3902088 0.0580371 -3.7374449 0.0316376 0.9993941 0.0141435 -0.0032483
66.405950 -0.3901394 0.0583446 -3.7691677 0.0317254 0.9993891 0.0141936 -0.0036722
66.613430 -0.3904615 0.0588152 -3.8324523 0.0312400 0.9994147 0.0132863 -0.0042151
66.821050 -0.3909731 0.0591044 -3.8953881 0.0316885 0.9994014 0.0131095 -0.0045575
67.028680 -0.3912158 0.0597042 -3.9574461 0.0319641 0.9993844 0.0137032 -0.0046138
67.236300 -0.3915890 0.0600678 -4.0193973 0.0322751 0.9993758 0.0136520 -0.0044707
67.340050 -0.3918485 0.0602647 -4.0499806 0.0326573 0.9993625 0.0138116 -0.0041730
67.443820 -0.3920096 0.0605169 -4.0803318 0.0327927 0.9993523 0.0142819 -0.0039541
67.651550 -0.3921773 0.0611899 -4.1408768 0.0325782 0.9993589 0.0143157 -0.0039416
67.755300 -0.3921692 0.0613772 -4.1707516 0.0323254 0.9993662 0.0143817 -0.0039369
67.859060 -0.3924408 0.0616372 -4.2008672 0.0324061 0.9993662 0.0142005 -0.0039259
67.962930 -0.3926347 0.0619007 -4.2307720 0.0319392 0.9993824 0.0140167 -0.0042740
68.066810 -0.3927968 0.0621729 -4.2603278 0.0314693 0.9993912 0.0142538 -0.0048778
68.170550 -0.3928001 0.0624089 -4.2896357 0.0306699 0.9994039 0.0148545 -0.0055251
68.274430 -0.3930298 0.0626814 -4.3184252 0.0300192 0.9994168 0.0150958 -0.0060836
68.482050 -0.3936352 0.0630706 -4.3754907 0.0300510 0.9994274 0.0137226 -0.0073092
68.585930 -0.3940212 0.0632936 -4.4039378 0.0302171 0.9994211 0.0136762 -0.0075805
68.793560 -0.3946615 0.0638645 -4.4592419 0.0308567 0.9993780 0.0153666 -0.0074456
68.897430 -0.3951655 0.0641541 -4.4867420 0.0320563 0.9993353 0.0156502 -0.0075058
69.001180 -0.3953306 0.0643032 -4.5129080 0.0325171 0.9993243 0.0154234 -0.0074585
69.208930 -0.3960771 0.0647433 -4.5644512 0.0324068 0.9992947 0.0174141 -0.0075242
69.312800 -0.3964557 0.0650224 -4.5894923 0.0321496 0.9993000 0.0172951 -0.0081768
69.416810 -0.3967141 0.0653247 -4.6139150 0.0314920 0.9993247 0.0165819 -0.0091334
69.624560 -0.3974695 0.0658215 -4.6606169 0.0317609 0.9992958 0.0170248 -0.0104534
69.728440 -0.3979072 0.0659947 -4.6830168 0.0322851 0.9992729 0.0171697 -0.0107991
69.832320 -0.3983137 0.0661581 -4.7044382 0.0326671 0.9992636 0.0171168 -0.0105931
69.936320 -0.3985008 0.0663409 -4.7251120 0.0336866 0.9992467 0.0166446 -0.0097097
70.351180 -0.3976474 0.0665885 -4.8008256 0.0402373 0.9988645 0.0159037 0.0199409
70.454810 -0.3962233 0.0666034 -4.8179321 0.0400448 0.9985076 0.0172550 0.0328839
71.283930 -0.3676752 0.0655432 -4.9231844 0.0430114 0.9785715 0.0126326 0.2009683
72.009810 -0.3138218 0.0630183 -4.9776554 0.0403926 0.9117926 0.0094249 0.4085510
72.632930 -0.2635138 0.0597648 -4.9651866 0.0348866 0.8309738 0.0021372 0.5552125
72.736950 -0.2572491 0.0593155 -4.9590373 0.0349857 0.8169694 0.0006303 0.5756184
72.840820 -0.2530521 0.0587150 -4.9474859 0.0333542 0.8062733 -0.0002669 0.5906020
73.464560 -0.0462315 0.0537865 -5.0407214 0.0059889 0.4761927 0.0178658 0.8791390
73.776440 -0.0785726 0.0529424 -4.9683270 0.0039763 0.4763198 0.0191229 0.8790551
73.984440 -0.0686548 0.0525224 -4.9390888 0.0013475 0.4315887 0.0193536 0.9018618
74.192560 -0.0515516 0.0526433 -4.9110970 0.0034475 0.3779424 0.0180166 0.9256473
74.400680 -0.0305542 0.0518002 -4.8781500 0.0056042 0.3196895 0.0188687 0.9473179
74.608810 -0.0115060 0.0511872 -4.8427405 0.0031415 0.2576606 0.0184305 0.9660546
74.712820 -0.0034357 0.0509044 -4.8231516 0.0024433 0.2259333 0.0191703 0.9739510
74.816930 0.0039073 0.0505624 -4.8032522 0.0014725 0.1945234 0.0186165 0.9807201
75.025200 0.0159682 0.0499516 -4.7599187 0.0008419 0.1389720 0.0153391 0.9901772
75.233810 0.0243869 0.0497516 -4.7122855 0.0015147 0.0953843 0.0097602 0.9953915
75.338190 0.0277233 0.0495319 -4.6869316 0.0009314 0.0773773 0.0096166 0.9969550
75.442560 0.0306288 0.0494327 -4.6607542 0.0003699 0.0603773 0.0095734 0.9981297
75.651310 0.0339717 0.0490070 -4.6055760 -0.0000996 0.0322312 0.0073936 0.9994531
75.755680 0.0347494 0.0487962 -4.5769000 0.0002117 0.0212945 0.0048734 0.9997613
75.860220 0.0349451 0.0484805 -4.5476570 0.0008161 0.0134949 0.0025104 0.9999055
76.069190 0.0350262 0.0479817 -4.4867091 0.0013849 0.0070706 -0.0016188 0.9999728
76.173710 0.0352238 0.0475233 -4.4551620 0.0008955 0.0064555 -0.0016932 0.9999774
76.278060 0.0354163 0.0471059 -4.4229593 0.0001955 0.0060253 -0.0011226 0.9999812
76.382460 0.0357671 0.0469845 -4.3896055 -0.0001404 0.0052522 -0.0009346 0.9999858
76.486810 0.0359436 0.0465114 -4.3559427 -0.0000578 0.0043785 -0.0001726 0.9999904
76.591060 0.0360116 0.0462898 -4.3214211 0.0001382 0.0033957 -0.0004605 0.9999941
76.799440 0.0357246 0.0458475 -4.2508917 -0.0017672 0.0014897 -0.0003213 0.9999973
76.903560 0.0357611 0.0457157 -4.2148280 -0.0020050 0.0005751 0.0005092 0.9999977
77.111810 0.0353588 0.0453270 -4.1406612 -0.0006918 -0.0009417 0.0007146 0.9999990
77.215940 0.0352485 0.0451720 -4.1026282 -0.0006068 -0.0014518 0.0009257 0.9999983
77.424060 0.0343900 0.0444261 -4.0253892 0.0000384 -0.0017817 0.0004433 0.9999983
77.528190 0.0339146 0.0441348 -3.9857175 0.0003822 -0.0015863 0.0003328 0.9999986
77.736190 0.0334106 0.0432849 -3.9051447 -0.0002570 -0.0007095 0.0000391 0.9999997
77.840190 0.0331740 0.0425066 -3.8639922 0.0004177 0.0000117 -0.0000757 0.9999999
78.048060 0.0330725 0.0414288 -3.7809021 0.0033760 0.0019014 0.0002613 0.9999924
78.152070 0.0330624 0.0406798 -3.7389147 0.0036647 0.0025132 0.0010370 0.9999896
78.255940 0.0329553 0.0401043 -3.6959941 0.0032540 0.0025442 0.0013368 0.9999906
78.359820 0.0330849 0.0392072 -3.6523468 0.0032951 0.0020503 0.0020651 0.9999903
78.463690 0.0330333 0.0386390 -3.6085279 0.0047322 0.0014319 0.0017345 0.9999863
78.567580 0.0327199 0.0376196 -3.5646505 0.0052936 0.0003965 0.0017358 0.9999844
78.671320 0.0324976 0.0367837 -3.5200901 0.0047239 -0.0011680 0.0017481 0.9999866
78.879060 0.0315378 0.0350745 -3.4296796 0.0040961 -0.0028151 0.0015096 0.9999865
78.982940 0.0312328 0.0340589 -3.3840659 0.0039817 -0.0035519 0.0017057 0.9999843
79.086810 0.0305972 0.0332373 -3.3378856 0.0046270 -0.0039967 0.0022401 0.9999788
79.190690 0.0301291 0.0323680 -3.2917874 0.0052396 -0.0045991 0.0020468 0.9999736
79.294440 0.0292773 0.0313745 -3.2449958 0.0050965 -0.0049681 0.0013142 0.9999738
79.398310 0.0285750 0.0305652 -3.1976559 0.0047200 -0.0049753 0.0014737 0.9999754
79.502200 0.0277437 0.0296029 -3.1501582 0.0029643 -0.0047229 0.0006844 0.9999842
79.606060 0.0269566 0.0288065 -3.1020057 0.0021395 -0.0044374 0.0007391 0.9999876
79.709940 0.0263748 0.0283630 -3.0533676 0.0007398 -0.0042050 0.0009442 0.9999905
79.813820 0.0258819 0.0277781 -3.0043974 -0.0021988 -0.0039889 0.0007516 0.9999893
79.917560 0.0251611 0.0271185 -2.9553652 -0.0051407 -0.0037947 0.0006618 0.9999794
80.021460 0.0246445 0.0269824 -2.9065924 -0.0064968 -0.0039396 -0.0000834 0.9999712
80.125190 0.0239675 0.0267223 -2.8581562 -0.0074270 -0.0039797 -0.0006786 0.9999643
80.228940 0.0230780 0.0266508 -2.8098807 -0.0076339 -0.0037944 -0.0004795 0.9999635
80.332810 0.0221549 0.0262729 -2.7624135 -0.0067484 -0.0037383 -0.0004623 0.9999701
80.436670 0.0217764 0.0259680 -2.7147374 -0.0056671 -0.0035134 0.0000099 0.9999778
80.540440 0.0213285 0.0256539 -2.6665356 -0.0056869 -0.0030473 0.0004310 0.9999791
80.644320 0.0208659 0.0252791 -2.6187704 -0.0068826 -0.0025475 0.0003017 0.9999730
80.748100 0.0204126 0.0249725 -2.5711434 -0.0069170 -0.0021666 0.0012008 0.9999730
80.851960 0.0199238 0.0248545 -2.5237341 -0.0060592 -0.0017672 0.0011116 0.9999794
80.955700 0.0194660 0.0245719 -2.4761968 -0.0060929 -0.0014401 0.0010810 0.9999798
81.059440 0.0191802 0.0243226 -2.4286151 -0.0070512 -0.0011186 0.0016235 0.9999732
81.163210 0.0190262 0.0241182 -2.3814671 -0.0081762 -0.0009683 0.0018916 0.9999643
81.266940 0.0186986 0.0240334 -2.3340876 -0.0088577 -0.0008216 0.0020721 0.9999583
81.370700 0.0184081 0.0237594 -2.2871745 -0.0084341 -0.0010503 0.0025023 0.9999607
81.474570 0.0181645 0.0235637 -2.2403543 -0.0061757 -0.0013340 0.0021699 0.9999777
81.578330 0.0177078 0.0234552 -2.1933262 -0.0051248 -0.0017391 0.0005201 0.9999852
81.682070 0.0173591 0.0230461 -2.1464376 -0.0058997 -0.0019736 -0.0000051 0.9999806
81.889700 0.0163927 0.0224258 -2.0531602 -0.0053241 -0.0022628 0.0008092 0.9999830
81.993440 0.0158109 0.0219991 -2.0066338 -0.0060209 -0.0025750 0.0013607 0.9999776
82.097310 0.0155906 0.0218235 -1.9600868 -0.0070746 -0.0030892 0.0022066 0.9999678
82.201070 0.0155794 0.0217690 -1.9139985 -0.0060777 -0.0039061 0.0022996 0.9999713
82.304840 0.0145762 0.0212741 -1.8679901 -0.0045779 -0.0043489 0.0024787 0.9999770
82.512440 0.0131187 0.0203600 -1.7761120 -0.0074006 -0.0055408 0.0027163 0.9999536
82.616210 0.0124859 0.0202068 -1.7304378 -0.0073149 -0.0062665 0.0028394 0.9999496
82.823820 0.0108244 0.0196721 -1.6398698 -0.0066236 -0.0068321 0.0022143 0.9999523
83.031440 0.0093312 0.0189418 -1.5498054 -0.0065881 -0.0070281 0.0015200 0.9999524
83.135190 0.0091438 0.0188450 -1.5048640 -0.0061305 -0.0071568 0.0016760 0.9999542
83.342820 0.0074489 0.0178892 -1.4178126 -0.0063902 -0.0065902 0.0026571 0.9999543
83.446570 0.0068402 0.0177437 -1.3729908 -0.0063463 -0.0062851 0.0033420 0.9999545
83.550440 0.0062305 0.0174079 -1.3292667 -0.0071411 -0.0059640 0.0038132 0.9999495
83.654320 0.0054924 0.0170480 -1.2854124 -0.0071533 -0.0054511 0.0037867 0.9999524
83.758190 0.0048543 0.0167642 -1.2414880 -0.0064136 -0.0051001 0.0034278 0.9999605
83.862070 0.0042720 0.0162293 -1.1981080 -0.0055700 -0.0046178 0.0034414 0.9999679
84.069850 0.0033841 0.0156286 -1.1116141 -0.0065172 -0.0039411 0.0018075 0.9999694
84.277690 0.0024353 0.0149156 -1.0260575 -0.0071857 -0.0029000 0.0011512 0.9999693
84.381590 0.0021041 0.0148291 -0.9825318 -0.0062988 -0.0023474 0.0010156 0.9999769
84.589320 0.0015206 0.0140627 -0.8972051 -0.0058639 -0.0009176 0.0015217 0.9999812
84.797070 0.0010974 0.0136760 -0.8122962 -0.0038754 0.0005465 0.0011270 0.9999917
84.900940 0.0008173 0.0132411 -0.7697589 -0.0013249 0.0013712 -0.0000738 0.9999982
85.108710 0.0007710 0.0116530 -0.6855704 0.0002883 0.0024101 -0.0005045 0.9999969
85.212450 0.0009888 0.0107514 -0.6438734 0.0003119 0.0026766 0.0002277 0.9999964
85.420190 0.0012116 0.0092647 -0.5608237 -0.0015980 0.0029223 0.0009073 0.9999940
85.627820 0.0015480 0.0078051 -0.4781301 -0.0008837 0.0026806 0.0018746 0.9999943
85.835320 0.0017152 0.0063639 -0.3958483 -0.0009332 0.0017079 0.0017437 0.9999966
85.939070 0.0018545 0.0055814 -0.3550242 -0.0011508 0.0010873 0.0020347 0.9999967
86.146690 0.0015736 0.0043746 -0.2734191 -0.0019088 -0.0001286 0.0018242 0.9999965
86.250460 0.0014592 0.0036418 -0.2328743 -0.0011197 -0.0006608 0.0020955 0.9999970
86.354210 0.0009685 0.0029869 -0.1924094 -0.0002509 -0.0005132 0.0023505 0.9999971
86.458070 0.0008717 0.0022983 -0.1520599 0.0002218 -0.0007497 0.0023087 0.9999970
86.561820 0.0007095 0.0015604 -0.1117330 -0.0001556 -0.0008504 0.0022990 0.9999970
86.665690 0.0005500 0.0008346 -0.0711236 -0.0004906 -0.0010964 0.0018716 0.9999975
86.769450 0.0003305 0.0001378 -0.0309556 -0.0001202 -0.0011780 0.0014304 0.9999983
86.873200 0.0000516 -0.0005499 0.0093960 -0.0003620 -0.0012696 0.0010843 0.9999985
86.976950 -0.0002670 -0.0012717 0.0498188 -0.0003767 -0.0013316 0.0009234 0.9999986
87.080700 -0.0004741 -0.0019671 0.0902410 -0.0005265 -0.0015831 0.0005814 0.9999985
87.807320 -0.0023099 -0.0076193 0.3811437 -0.0001993 -0.0010567 0.0000588 0.9999994
94.138450 -0.0278363 -0.0345082 2.6026909 -0.0009285 0.0067636 0.0003607 0.9999766
94.657710 -0.0259765 -0.0364692 2.7540238 -0.0012993 0.0022929 0.0043474 0.9999871
96.216600 -0.0408308 -0.0441519 3.2113094 -0.0005509 -0.0087494 -0.0079587 0.9999299
96.632830 -0.0405065 -0.0460791 3.3404076 0.0011195 0.0103266 -0.0082027 0.9999124
96.944850 -0.0374793 -0.0475487 3.4389336 0.0009451 0.0227435 -0.0065835 0.9997192
97.256580 -0.0326174 -0.0491207 3.5393672 -0.0001620 0.0307512 -0.0090014 0.9994865
97.568330 -0.0262375 -0.0504733 3.6416507 -0.0009211 0.0348447 -0.0095266 0.9993469
101.823600 -0.0220209 -0.0752083 5.1807837 -0.0014251 -0.0029635 0.0002033 0.9999946
105.767300 -0.0384806 -0.0986795 6.4112568 -0.0044198 -0.0189075 0.0009994 0.9998110
106.079100 -0.0410817 -0.0996665 6.4723020 -0.0002861 -0.0195321 -0.0013546 0.9998083
106.599100 -0.0438020 -0.1018104 6.5715642 0.0002264 -0.0090635 0.0004680 0.9999588
107.119000 -0.0445891 -0.1036065 6.6683354 -0.0005493 0.0008727 0.0007514 0.9999992
107.327000 -0.0444660 -0.1044074 6.7065182 -0.0015373 0.0031142 0.0011941 0.9999933
107.639000 -0.0442558 -0.1054134 6.7631326 0.0022773 0.0041492 0.0008079 0.9999884
109.407000 -0.0405063 -0.1121357 7.1020899 0.0024151 0.0136855 0.0036168 0.9998969
110.655000 -0.0316313 -0.1182293 7.3681474 0.0038742 0.0199569 0.0031210 0.9997885
111.382700 -0.0265448 -0.1220194 7.5321679 0.0033917 0.0147447 0.0016941 0.9998841
112.006600 -0.0242571 -0.1250730 7.6714325 0.0003357 0.0078886 0.0002751 0.9999688
112.214600 -0.0237890 -0.1258665 7.7169323 0.0006798 0.0064324 0.0008129 0.9999787
112.630600 -0.0237186 -0.1277962 7.8050685 0.0002402 0.0041232 -0.0002370 0.9999914
112.838600 -0.0236739 -0.1286884 7.8468232 0.0027792 0.0037049 -0.0027163 0.9999856
113.462600 -0.0239625 -0.1320326 7.9677868 0.0054441 0.0064300 -0.0075775 0.9999358
113.670600 -0.0232782 -0.1330989 8.0074539 0.0039479 0.0070554 -0.0077063 0.9999376
113.878500 -0.0227278 -0.1340682 8.0470304 0.0018770 0.0061739 -0.0065011 0.9999580
114.086300 -0.0225758 -0.1349390 8.0859547 0.0006294 0.0046107 -0.0059365 0.9999716
114.294300 -0.0225780 -0.1356666 8.1252651 -0.0002211 0.0030082 -0.0047262 0.9999843
