9.999981e-01 1.430880e-03 -1.366265e-03 -2.787365e-02 -1.431233e-03 9.999989e-01 -2.576187e-04 -5.608120e-02 1.365895e-03 2.595743e-04 9.999990e-01 2.384181e+00
9.999956e-01 2.145639e-03 -2.049036e-03 -4.180320e-02 -2.146435e-03 9.999976e-01 -3.863468e-04 -8.410629e-02 2.048203e-03 3.907438e-04 9.999978e-01 3.575628e+00
9.999922e-01 2.860329e-03 -2.731935e-03 -5.573543e-02 -2.861747e-03 9.999957e-01 -5.150906e-04 -1.121362e-01 2.730451e-03 5.229053e-04 9.999961e-01 4.767291e+00
9.999824e-01 4.290400e-03 -4.098979e-03 -8.362554e-02 -4.293603e-03 9.999905e-01 -7.727885e-04 -1.682458e-01 4.095625e-03 7.903748e-04 9.999913e-01 7.152769e+00
9.999760e-01 5.005068e-03 -4.782444e-03 -9.756958e-02 -5.009436e-03 9.999870e-01 -9.016141e-04 -1.962977e-01 4.777870e-03 9.255504e-04 9.999882e-01 8.345400e+00
9.999511e-01 7.145767e-03 -6.830869e-03 -1.393621e-01 -7.154725e-03 9.999736e-01 -1.287669e-03 -2.803697e-01 6.821488e-03 1.336480e-03 9.999758e-01 1.191983e+01
9.999409e-01 7.859281e-03 -7.514028e-03 -1.533004e-01 -7.870140e-03 9.999680e-01 -1.416404e-03 -3.084073e-01 7.502657e-03 1.475458e-03 9.999708e-01 1.311191e+01
9.999311e-01 8.435908e-03 -8.163220e-03 -1.671408e-01 -8.448594e-03 9.999631e-01 -1.520606e-03 -3.362948e-01 8.150093e-03 1.589470e-03 9.999655e-01 1.430348e+01
9.999063e-01 1.021484e-02 -9.110264e-03 -1.818140e-01 -1.023202e-02 9.999459e-01 -1.840097e-03 -3.654237e-01 9.090976e-03 1.933142e-03 9.999568e-01 1.549659e+01
9.999049e-01 9.942671e-03 -9.559126e-03 -1.950729e-01 -9.960151e-03 9.999488e-01 -1.782531e-03 -3.924445e-01 9.540914e-03 1.877572e-03 9.999527e-01 1.668758e+01
9.999045e-01 9.373887e-03 -1.015134e-02 -2.081761e-01 -9.389118e-03 9.999548e-01 -1.453538e-03 -4.191514e-01 1.013726e-02 1.548712e-03 9.999474e-01 1.788104e+01
9.999026e-01 9.037036e-03 -1.063812e-02 -2.220687e-01 -9.048731e-03 9.999585e-01 -1.051573e-03 -4.450814e-01 1.062817e-02 1.147733e-03 9.999429e-01 1.907663e+01
9.998928e-01 9.270131e-03 -1.133310e-02 -2.372951e-01 -9.293058e-03 9.999548e-01 -1.971849e-03 -4.715143e-01 1.131431e-02 2.076957e-03 9.999338e-01 2.027019e+01
9.998895e-01 9.007105e-03 -1.182761e-02 -2.531559e-01 -9.043321e-03 9.999545e-01 -3.011911e-03 -4.977817e-01 1.179995e-02 3.118539e-03 9.999255e-01 2.146468e+01
9.998739e-01 9.613273e-03 -1.263921e-02 -2.707637e-01 -9.644484e-03 9.999506e-01 -2.410510e-03 -5.247441e-01 1.261541e-02 2.532105e-03 9.999172e-01 2.265883e+01
9.998622e-01 9.849565e-03 -1.336112e-02 -2.887908e-01 -9.880847e-03 9.999486e-01 -2.277132e-03 -5.527301e-01 1.333801e-02 2.408838e-03 9.999082e-01 2.385296e+01
9.998496e-01 9.852334e-03 -1.427518e-02 -3.071147e-01 -9.896726e-03 9.999464e-01 -3.042267e-03 -5.812326e-01 1.424445e-02 3.183087e-03 9.998935e-01 2.504684e+01
9.998348e-01 1.011489e-02 -1.510546e-02 -3.273512e-01 -1.015685e-02 9.999447e-01 -2.703181e-03 -6.069839e-01 1.507729e-02 2.856158e-03 9.998823e-01 2.624310e+01
9.998322e-01 9.254980e-03 -1.580829e-02 -3.472488e-01 -9.264587e-03 9.999569e-01 -5.344808e-04 -6.329432e-01 1.580266e-02 6.808490e-04 9.998749e-01 2.744168e+01
9.998234e-01 8.611256e-03 -1.670535e-02 -3.677985e-01 -8.617934e-03 9.999628e-01 -3.276812e-04 -6.565642e-01 1.670191e-02 4.715896e-04 9.998604e-01 2.863712e+01
9.998146e-01 7.984938e-03 -1.751954e-02 -3.892136e-01 -8.016013e-03 9.999664e-01 -1.704144e-03 -6.824261e-01 1.750535e-02 1.844266e-03 9.998451e-01 2.982830e+01
9.998008e-01 7.461297e-03 -1.851044e-02 -4.112762e-01 -7.508905e-03 9.999686e-01 -2.503665e-03 -7.087202e-01 1.849118e-02 2.642160e-03 9.998255e-01 3.102794e+01
9.997835e-01 7.872528e-03 -1.925948e-02 -4.357161e-01 -7.922232e-03 9.999655e-01 -2.505745e-03 -7.356474e-01 1.923909e-02 2.657781e-03 9.998114e-01 3.223193e+01
9.997742e-01 7.403986e-03 -1.991672e-02 -4.596533e-01 -7.444296e-03 9.999704e-01 -1.950489e-03 -7.632533e-01 1.990169e-02 2.098315e-03 9.997997e-01 3.342024e+01
9.997630e-01 7.159487e-03 -2.056208e-02 -4.846981e-01 -7.195731e-03 9.999727e-01 -1.689150e-03 -7.915945e-01 2.054943e-02 1.836709e-03 9.997872e-01 3.461480e+01
9.997578e-01 6.402722e-03 -2.105455e-02 -5.098190e-01 -6.438109e-03 9.999779e-01 -1.613319e-03 -8.182722e-01 2.104376e-02 1.748481e-03 9.997770e-01 3.581256e+01
9.997447e-01 6.469361e-03 -2.164904e-02 -5.367057e-01 -6.505831e-03 9.999775e-01 -1.614507e-03 -8.457827e-01 2.163811e-02 1.754941e-03 9.997643e-01 3.700928e+01
9.997456e-01 5.595697e-03 -2.184987e-02 -5.627412e-01 -5.621433e-03 9.999836e-01 -1.116570e-03 -8.734675e-01 2.184326e-02 1.239114e-03 9.997606e-01 3.820690e+01
9.997469e-01 5.730089e-03 -2.175759e-02 -5.904619e-01 -5.729521e-03 9.999836e-01 8.851327e-05 -9.001114e-01 2.175774e-02 3.617047e-05 9.997633e-01 3.940549e+01
9.997473e-01 6.200803e-03 -2.160647e-02 -6.181703e-01 -6.179958e-03 9.999803e-01 1.031475e-03 -9.268582e-01 2.161244e-02 -8.976860e-04 9.997660e-01 4.060244e+01
9.997432e-01 6.994168e-03 -2.155419e-02 -6.466319e-01 -6.982521e-03 9.999754e-01 6.156644e-04 -9.531287e-01 2.155797e-02 -4.650029e-04 9.997675e-01 4.179871e+01
9.997393e-01 7.822383e-03 -2.144963e-02 -6.756680e-01 -7.813016e-03 9.999693e-01 5.205581e-04 -9.776312e-01 2.145304e-02 -3.528353e-04 9.997698e-01 4.299592e+01
9.997217e-01 1.079817e-02 -2.097680e-02 -7.080160e-01 -1.075808e-02 9.999401e-01 2.023359e-03 -1.000412e+00 2.099740e-02 -1.797125e-03 9.997779e-01 4.419563e+01
9.997773e-01 1.163716e-02 -1.760589e-02 -7.617275e-01 -1.150000e-02 9.999029e-01 7.871628e-03 -1.037444e+00 1.769578e-02 -7.667405e-03 9.998140e-01 4.659612e+01
9.998038e-01 1.191970e-02 -1.582127e-02 -7.844470e-01 -1.174383e-02 9.998687e-01 1.116292e-02 -1.051207e+00 1.595226e-02 -1.097492e-02 9.998125e-01 4.780149e+01
9.998273e-01 1.160707e-02 -1.451319e-02 -8.050204e-01 -1.141471e-02 9.998468e-01 1.326758e-02 -1.064092e+00 1.466497e-02 -1.309962e-02 9.998067e-01 4.900454e+01
9.998655e-01 9.923126e-03 -1.305597e-02 -8.220020e-01 -9.772672e-03 9.998857e-01 1.153769e-02 -1.073850e+00 1.316897e-02 -1.140854e-02 9.998482e-01 5.020348e+01
9.998740e-01 1.039847e-02 -1.199806e-02 -8.402902e-01 -1.028811e-02 9.999045e-01 9.223321e-03 -1.085315e+00 1.209283e-02 -9.098718e-03 9.998855e-01 5.140457e+01
9.998708e-01 1.154741e-02 -1.118360e-02 -8.594630e-01 -1.144656e-02 9.998936e-01 9.040290e-03 -1.098286e+00 1.128680e-02 -8.911106e-03 9.998966e-01 5.260583e+01
9.998820e-01 1.057346e-02 -1.114335e-02 -8.753783e-01 -1.047818e-02 9.999083e-01 8.574574e-03 -1.112635e+00 1.123299e-02 -8.456798e-03 9.999012e-01 5.381125e+01
9.998803e-01 9.904895e-03 -1.188406e-02 -8.928730e-01 -9.811863e-03 9.999209e-01 7.861425e-03 -1.127883e+00 1.196099e-02 -7.743878e-03 9.998985e-01 5.501520e+01
9.998592e-01 1.007197e-02 -1.341953e-02 -9.118602e-01 -9.967695e-03 9.999198e-01 7.815017e-03 -1.143152e+00 1.349716e-02 -7.680153e-03 9.998794e-01 5.622027e+01
9.998373e-01 1.009708e-02 -1.494468e-02 -9.332309e-01 -9.958179e-03 9.999068e-01 9.339764e-03 -1.160687e+00 1.503759e-02 -9.189421e-03 9.998447e-01 5.742777e+01
9.998225e-01 1.009404e-02 -1.590911e-02 -9.562150e-01 -9.940127e-03 9.999033e-01 9.724525e-03 -1.175655e+00 1.600573e-02 -9.564658e-03 9.998262e-01 5.863262e+01
9.997821e-01 1.144537e-02 -1.745778e-02 -1.006715e+00 -1.128333e-02 9.998926e-01 9.352647e-03 -1.205600e+00 1.756296e-02 -9.153625e-03 9.998039e-01 6.104209e+01
9.997862e-01 1.080107e-02 -1.763248e-02 -1.031126e+00 -1.064714e-02 9.999046e-01 8.800715e-03 -1.221320e+00 1.772586e-02 -8.611096e-03 9.998058e-01 6.224563e+01
9.997955e-01 9.508883e-03 -1.785067e-02 -1.053863e+00 -9.370520e-03 9.999255e-01 7.818952e-03 -1.237483e+00 1.792369e-02 -7.650080e-03 9.998101e-01 6.344747e+01
9.997930e-01 9.088420e-03 -1.820103e-02 -1.078473e+00 -8.930260e-03 9.999218e-01 8.752215e-03 -1.251701e+00 1.827916e-02 -8.587861e-03 9.997960e-01 6.464755e+01
9.997792e-01 9.523957e-03 -1.872882e-02 -1.129538e+00 -9.347320e-03 9.999112e-01 9.496443e-03 -1.281112e+00 1.881760e-02 -9.319280e-03 9.997795e-01 6.704761e+01
9.997624e-01 1.103353e-02 -1.880211e-02 -1.157680e+00 -1.088822e-02 9.999102e-01 7.813077e-03 -1.293922e+00 1.888663e-02 -7.606496e-03 9.997927e-01 6.824107e+01
9.997347e-01 1.319593e-02 -1.887929e-02 -1.186930e+00 -1.304722e-02 9.998830e-01 7.978688e-03 -1.309417e+00 1.898237e-02 -7.730246e-03 9.997899e-01 6.943527e+01
9.997104e-01 1.500435e-02 -1.881231e-02 -1.215316e+00 -1.485154e-02 9.998558e-01 8.236958e-03 -1.324678e+00 1.893319e-02 -7.955179e-03 9.997891e-01 7.062616e+01
9.996883e-01 1.665714e-02 -1.859770e-02 -1.243226e+00 -1.649733e-02 9.998259e-01 8.713768e-03 -1.339456e+00 1.873961e-02 -8.404237e-03 9.997891e-01 7.181600e+01
9.996991e-01 1.706543e-02 -1.762360e-02 -1.268567e+00 -1.689744e-02 9.998108e-01 9.637712e-03 -1.355743e+00 1.778473e-02 -9.337016e-03 9.997983e-01 7.300219e+01
9.997036e-01 1.873150e-02 -1.555211e-02 -1.292838e+00 -1.857394e-02 9.997753e-01 1.021438e-02 -1.371470e+00 1.573995e-02 -9.922484e-03 9.998269e-01 7.418749e+01
9.997520e-01 1.814331e-02 -1.291317e-02 -1.310252e+00 -1.802225e-02 9.997931e-01 9.430321e-03 -1.390125e+00 1.308160e-02 -9.195255e-03 9.998722e-01 7.536554e+01
9.998511e-01 1.519312e-02 -8.185862e-03 -1.330920e+00 -1.517584e-02 9.998825e-01 2.169593e-03 -1.427085e+00 8.217863e-03 -2.045042e-03 9.999642e-01 7.771630e+01
9.998810e-01 1.450242e-02 -5.257612e-03 -1.337950e+00 -1.447064e-02 9.998771e-01 6.033895e-03 -1.448797e+00 5.344472e-03 -5.957094e-03 9.999680e-01 7.889460e+01
9.998917e-01 1.459305e-02 -1.933843e-03 -1.340942e+00 -1.457722e-02 9.998620e-01 7.962398e-03 -1.468534e+00 2.049772e-03 -7.933343e-03 9.999664e-01 8.006843e+01
9.998850e-01 1.502471e-02 2.051608e-03 -1.342290e+00 -1.503622e-02 9.998706e-01 5.712941e-03 -1.485826e+00 -1.965507e-03 -5.743131e-03 9.999816e-01 8.123454e+01
9.998850e-01 1.413375e-02 5.503277e-03 -1.335651e+00 -1.415117e-02 9.998949e-01 3.138992e-03 -1.506096e+00 -5.458334e-03 -3.216507e-03 9.999799e-01 8.239913e+01
9.998797e-01 1.272917e-02 8.863339e-03 -1.323865e+00 -1.272312e-02 9.999188e-01 -7.394368e-04 -1.530312e+00 -8.872032e-03 6.265791e-04 9.999605e-01 8.355801e+01
9.998558e-01 1.187376e-02 1.214485e-02 -1.309268e+00 -1.185235e-02 9.999281e-01 -1.833271e-03 -1.555472e+00 -1.216575e-02 1.689062e-03 9.999246e-01 8.471745e+01
9.997260e-01 1.277107e-02 1.961989e-02 -1.273121e+00 -1.279238e-02 9.999177e-01 9.604842e-04 -1.605074e+00 -1.960601e-02 -1.211205e-03 9.998071e-01 8.703114e+01
9.996514e-01 1.244423e-02 2.328416e-02 -1.247131e+00 -1.241599e-02 9.999220e-01 -1.357177e-03 -1.630673e+00 -2.329923e-02 1.067609e-03 9.997280e-01 8.818383e+01
9.994807e-01 1.221273e-02 2.981802e-02 -1.182745e+00 -1.208868e-02 9.999175e-01 -4.336840e-03 -1.683163e+00 -2.986853e-02 3.974127e-03 9.995459e-01 9.048344e+01
9.994064e-01 1.086439e-02 3.269309e-02 -1.144128e+00 -1.076847e-02 9.999372e-01 -3.108733e-03 -1.710419e+00 -3.272481e-02 2.754834e-03 9.994606e-01 9.163655e+01
9.993189e-01 1.010851e-02 3.549009e-02 -1.101750e+00 -1.005139e-02 9.999479e-01 -1.787571e-03 -1.736086e+00 -3.550631e-02 1.429629e-03 9.993684e-01 9.279129e+01
9.990531e-01 6.863193e-03 4.296190e-02 -9.539660e-01 -6.830006e-03 9.999762e-01 -9.192473e-04 -1.809543e+00 -4.296719e-02 6.249473e-04 9.990763e-01 9.625538e+01
9.989655e-01 5.398510e-03 4.515419e-02 -8.975398e-01 -5.201348e-03 9.999764e-01 -4.482798e-03 -1.834871e+00 -4.517733e-02 4.243297e-03 9.989700e-01 9.741317e+01
9.987950e-01 6.151443e-03 4.869060e-02 -6.655319e-01 -5.864212e-03 9.999645e-01 -6.039799e-03 -1.953029e+00 -4.872603e-02 5.746988e-03 9.987957e-01 1.020947e+02
9.988645e-01 5.468002e-03 4.732677e-02 -6.077182e-01 -5.265287e-03 9.999764e-01 -4.406917e-03 -1.983093e+00 -4.734975e-02 4.152724e-03 9.988697e-01 1.032788e+02
9.993208e-01 7.835242e-03 3.600760e-02 -4.053771e-01 -7.714880e-03 9.999642e-01 -3.480448e-03 -2.098282e+00 -3.603358e-02 3.200290e-03 9.993455e-01 1.080719e+02
9.994529e-01 7.975423e-03 3.209954e-02 -3.651076e-01 -7.874505e-03 9.999636e-01 -3.269149e-03 -2.127000e+00 -3.212445e-02 3.014592e-03 9.994793e-01 1.092786e+02
9.995691e-01 8.622270e-03 2.805899e-02 -3.290753e-01 -8.565552e-03 9.999610e-01 -2.141033e-03 -2.156853e+00 -2.807636e-02 1.899770e-03 9.996040e-01 1.104916e+02
9.999322e-01 1.069373e-02 4.603702e-03 -2.340717e-01 -1.069143e-02 9.999427e-01 -5.259432e-04 -2.296830e+00 -4.609062e-03 4.766880e-04 9.999893e-01 1.165860e+02
9.997552e-01 2.025636e-02 -8.898890e-03 -2.835717e-01 -2.025535e-02 9.997948e-01 2.043085e-04 -2.471500e+00 8.901204e-03 -2.400768e-05 9.999604e-01 1.239829e+02
9.996672e-01 2.356820e-02 -1.049308e-02 -3.168152e-01 -2.354959e-02 9.997208e-01 1.894705e-03 -2.521615e+00 1.053481e-02 -1.646965e-03 9.999432e-01 1.264702e+02
9.996376e-01 2.417676e-02 -1.184163e-02 -3.532043e-01 -2.411481e-02 9.996949e-01 5.347020e-03 -2.561295e+00 1.196730e-02 -5.059522e-03 9.999156e-01 1.289699e+02
9.996900e-01 2.116355e-02 -1.311680e-02 -3.845450e-01 -2.111080e-02 9.997685e-01 4.147837e-03 -2.596170e+00 1.320155e-02 -3.869644e-03 9.999054e-01 1.314756e+02
9.997230e-01 1.881769e-02 -1.413891e-02 -3.976226e-01 -1.873314e-02 9.998060e-01 6.088651e-03 -2.614808e+00 1.425075e-02 -5.822097e-03 9.998815e-01 1.327335e+02
9.997671e-01 1.603321e-02 -1.444671e-02 -4.133731e-01 -1.591964e-02 9.998417e-01 7.941936e-03 -2.631357e+00 1.457176e-02 -7.710097e-03 9.998641e-01 1.339959e+02
9.997891e-01 1.427647e-02 -1.476542e-02 -4.299121e-01 -1.413295e-02 9.998523e-01 9.779037e-03 -2.646140e+00 1.490285e-02 -9.568293e-03 9.998432e-01 1.352593e+02
9.998429e-01 9.895168e-03 -1.470929e-02 -4.438867e-01 -9.781329e-03 9.999218e-01 7.791337e-03 -2.660056e+00 1.478524e-02 -7.646234e-03 9.998615e-01 1.365226e+02
9.998650e-01 7.231494e-03 -1.475431e-02 -4.570556e-01 -7.142445e-03 9.999560e-01 6.079343e-03 -2.675992e+00 1.479762e-02 -5.973139e-03 9.998727e-01 1.377895e+02
9.998820e-01 5.598248e-03 -1.430578e-02 -4.908150e-01 -5.506331e-03 9.999640e-01 6.456574e-03 -2.711316e+00 1.434142e-02 -6.377037e-03 9.998768e-01 1.403306e+02
9.998800e-01 8.591962e-03 -1.289361e-02 -5.316574e-01 -8.463478e-03 9.999143e-01 9.986780e-03 -2.744134e+00 1.297831e-02 -9.876454e-03 9.998670e-01 1.428802e+02
9.998866e-01 8.660587e-03 -1.231871e-02 -5.501461e-01 -8.547757e-03 9.999213e-01 9.182760e-03 -2.759529e+00 1.239727e-02 -9.076419e-03 9.998820e-01 1.441530e+02
9.998890e-01 8.954282e-03 -1.191151e-02 -5.681071e-01 -8.876444e-03 9.999390e-01 6.571729e-03 -2.775354e+00 1.196963e-02 -6.465265e-03 9.999075e-01 1.454241e+02
9.998925e-01 9.105110e-03 -1.149425e-02 -5.862240e-01 -9.053901e-03 9.999489e-01 4.499613e-03 -2.794830e+00 1.153464e-02 -4.395060e-03 9.999238e-01 1.466940e+02
9.999061e-01 7.812498e-03 -1.125845e-02 -6.015689e-01 -7.808799e-03 9.999694e-01 3.725598e-04 -2.818864e+00 1.126102e-02 -2.846090e-04 9.999366e-01 1.479611e+02
9.999110e-01 7.891193e-03 -1.075911e-02 -6.184009e-01 -7.925180e-03 9.999637e-01 -3.119781e-03 -2.844547e+00 1.073410e-02 3.204771e-03 9.999373e-01 1.492270e+02
9.999147e-01 7.643519e-03 -1.059073e-02 -6.344428e-01 -7.688832e-03 9.999614e-01 -4.244256e-03 -2.875057e+00 1.055788e-02 4.325325e-03 9.999349e-01 1.504924e+02
9.999151e-01 7.470657e-03 -1.068148e-02 -6.492857e-01 -7.512242e-03 9.999643e-01 -3.858175e-03 -2.908757e+00 1.065227e-02 3.938089e-03 9.999355e-01 1.517562e+02
9.999104e-01 8.117233e-03 -1.064694e-02 -6.669047e-01 -8.155002e-03 9.999606e-01 -3.508696e-03 -2.939717e+00 1.061804e-02 3.595208e-03 9.999372e-01 1.530248e+02
9.999008e-01 8.932264e-03 -1.088975e-02 -6.841745e-01 -8.957684e-03 9.999572e-01 -2.287657e-03 -2.969914e+00 1.086885e-02 2.384978e-03 9.999381e-01 1.542883e+02
9.998937e-01 9.403347e-03 -1.114181e-02 -7.034750e-01 -9.423055e-03 9.999541e-01 -1.717437e-03 -2.997619e+00 1.112515e-02 1.822245e-03 9.999365e-01 1.555533e+02
9.998850e-01 9.671333e-03 -1.168366e-02 -7.212308e-01 -9.694938e-03 9.999510e-01 -1.965176e-03 -3.024885e+00 1.166408e-02 2.078223e-03 9.999298e-01 1.568169e+02
9.998709e-01 9.437093e-03 -1.300483e-02 -7.581397e-01 -9.446748e-03 9.999551e-01 -6.809684e-04 -3.079341e+00 1.299782e-02 8.037345e-04 9.999152e-01 1.593422e+02
9.998535e-01 1.030765e-02 -1.366465e-02 -7.785169e-01 -1.031359e-02 9.999467e-01 -3.643023e-04 -3.107330e+00 1.366017e-02 5.051812e-04 9.999066e-01 1.606037e+02
9.998251e-01 1.103635e-02 -1.510106e-02 -8.210143e-01 -1.107364e-02 9.999358e-01 -2.387686e-03 -3.162340e+00 1.507374e-02 2.554492e-03 9.998831e-01 1.631262e+02
9.998060e-01 1.187481e-02 -1.571594e-02 -8.448485e-01 -1.191344e-02 9.999262e-01 -2.366601e-03 -3.191224e+00 1.568668e-02 2.553373e-03 9.998737e-01 1.643903e+02
9.997991e-01 1.155638e-02 -1.637606e-02 -8.676072e-01 -1.160774e-02 9.999280e-01 -3.044212e-03 -3.221845e+00 1.633971e-02 3.233690e-03 9.998613e-01 1.656519e+02
9.997696e-01 1.198696e-02 -1.780678e-02 -9.159259e-01 -1.206133e-02 9.999189e-01 -4.074819e-03 -3.282708e+00 1.775650e-02 4.288653e-03 9.998332e-01 1.681765e+02
9.997523e-01 1.233623e-02 -1.852434e-02 -9.418036e-01 -1.238731e-02 9.999198e-01 -2.645128e-03 -3.313952e+00 1.849023e-02 2.873939e-03 9.998249e-01 1.694414e+02
9.997203e-01 1.277294e-02 -1.990499e-02 -9.957698e-01 -1.281257e-02 9.999162e-01 -1.864756e-03 -3.373848e+00 1.987950e-02 2.119268e-03 9.998001e-01 1.719707e+02
9.997000e-01 1.321051e-02 -2.062505e-02 -1.024319e+00 -1.324422e-02 9.999111e-01 -1.498835e-03 -3.402447e+00 2.060342e-02 1.771549e-03 9.997862e-01 1.732343e+02
9.996607e-01 1.445123e-02 -2.167176e-02 -1.083166e+00 -1.451821e-02 9.998903e-01 -2.936385e-03 -3.461238e+00 2.162695e-02 3.250024e-03 9.997608e-01 1.757590e+02
9.996489e-01 1.465281e-02 -2.207794e-02 -1.111965e+00 -1.470976e-02 9.998889e-01 -2.418874e-03 -3.491932e+00 2.204005e-02 2.742786e-03 9.997533e-01 1.770264e+02
9.996424e-01 1.457372e-02 -2.241892e-02 -1.140940e+00 -1.465169e-02 9.998871e-01 -3.317459e-03 -3.523533e+00 2.236804e-02 3.644748e-03 9.997432e-01 1.782891e+02
9.996589e-01 1.325812e-02 -2.250071e-02 -1.167498e+00 -1.337849e-02 9.998969e-01 -5.207424e-03 -3.555449e+00 2.242935e-02 5.506673e-03 9.997333e-01 1.795492e+02
9.996814e-01 1.024882e-02 -2.306885e-02 -1.220912e+00 -1.028926e-02 9.999457e-01 -1.634951e-03 -3.617217e+00 2.305085e-02 1.871792e-03 9.997326e-01 1.820722e+02
9.996814e-01 1.002918e-02 -2.316311e-02 -1.249819e+00 -9.950237e-03 9.999443e-01 3.520889e-03 -3.644685e+00 2.319713e-02 -3.289288e-03 9.997255e-01 1.833367e+02
9.996606e-01 1.201921e-02 -2.311524e-02 -1.311919e+00 -1.202986e-02 9.999276e-01 -3.217053e-04 -3.694209e+00 2.310970e-02 5.996700e-04 9.997328e-01 1.858431e+02
9.996511e-01 1.188341e-02 -2.358974e-02 -1.371475e+00 -1.194447e-02 9.999256e-01 -2.448977e-03 -3.752664e+00 2.355889e-02 2.729890e-03 9.997187e-01 1.883388e+02
9.996551e-01 1.202913e-02 -2.334368e-02 -1.429913e+00 -1.200463e-02 9.999272e-01 1.189625e-03 -3.811043e+00 2.335630e-02 -9.089811e-04 9.997268e-01 1.908308e+02
9.997053e-01 1.146956e-02 -2.139564e-02 -1.482347e+00 -1.143659e-02 9.999332e-01 1.663004e-03 -3.868861e+00 2.141328e-02 -1.417820e-03 9.997697e-01 1.933035e+02
9.997487e-01 1.007974e-02 -2.002253e-02 -1.504387e+00 -1.008263e-02 9.999491e-01 -4.303345e-05 -3.897568e+00 2.002108e-02 2.449032e-04 9.997995e-01 1.945344e+02
9.997735e-01 1.002801e-02 -1.877428e-02 -1.525428e+00 -1.005744e-02 9.999483e-01 -1.473791e-03 -3.929306e+00 1.875854e-02 1.662279e-03 9.998227e-01 1.957610e+02
9.998262e-01 9.265399e-03 -1.617662e-02 -1.561315e+00 -9.289747e-03 9.999558e-01 -1.430490e-03 -3.994523e+00 1.616265e-02 1.580518e-03 9.998681e-01 1.981987e+02
9.998606e-01 9.654808e-03 -1.362211e-02 -1.593225e+00 -9.642126e-03 9.999530e-01 9.965228e-04 -4.055718e+00 1.363109e-02 -8.650369e-04 9.999067e-01 2.006192e+02
9.998768e-01 9.445742e-03 -1.253497e-02 -1.607052e+00 -9.436407e-03 9.999551e-01 8.038410e-04 -4.084508e+00 1.254200e-02 -6.854560e-04 9.999211e-01 2.018207e+02
9.998948e-01 1.008993e-02 -1.042026e-02 -1.629855e+00 -1.007460e-02 9.999481e-01 1.522759e-03 -4.142166e+00 1.043509e-02 -1.417618e-03 9.999446e-01 2.042033e+02
9.999104e-01 1.012366e-02 -8.754828e-03 -1.649074e+00 -1.011278e-02 9.999480e-01 1.287178e-03 -4.196218e+00 8.767405e-03 -1.198526e-03 9.999609e-01 2.065525e+02
9.999265e-01 8.942437e-03 -8.192095e-03 -1.655974e+00 -8.930852e-03 9.999590e-01 1.449907e-03 -4.223531e+00 8.204726e-03 -1.376637e-03 9.999654e-01 2.077094e+02
9.999297e-01 8.776023e-03 -7.972737e-03 -1.663162e+00 -8.760059e-03 9.999595e-01 2.035326e-03 -4.250230e+00 7.990277e-03 -1.965340e-03 9.999662e-01 2.088522e+02
9.999313e-01 8.300880e-03 -8.282961e-03 -1.670517e+00 -8.272806e-03 9.999599e-01 3.418130e-03 -4.277047e+00 8.311003e-03 -3.349370e-03 9.999599e-01 2.099818e+02
9.999233e-01 8.543601e-03 -8.972630e-03 -1.680916e+00 -8.513509e-03 9.999580e-01 3.386803e-03 -4.301812e+00 9.001190e-03 -3.310153e-03 9.999540e-01 2.110937e+02
9.999105e-01 9.129603e-03 -9.785277e-03 -1.705386e+00 -9.115221e-03 9.999573e-01 1.513563e-03 -4.351615e+00 9.798678e-03 -1.424232e-03 9.999510e-01 2.132749e+02
9.999054e-01 9.064680e-03 -1.034486e-02 -1.717659e+00 -9.051482e-03 9.999581e-01 1.322076e-03 -4.376802e+00 1.035641e-02 -1.228314e-03 9.999456e-01 2.143453e+02
9.998981e-01 8.510470e-03 -1.146091e-02 -1.730641e+00 -8.494998e-03 9.999629e-01 1.398205e-03 -4.402081e+00 1.147238e-02 -1.300701e-03 9.999334e-01 2.154046e+02
9.998818e-01 8.129220e-03 -1.304707e-02 -1.744177e+00 -8.101782e-03 9.999648e-01 2.154590e-03 -4.426871e+00 1.306412e-02 -2.048630e-03 9.999126e-01 2.164482e+02
9.998623e-01 7.075987e-03 -1.501205e-02 -1.758097e+00 -7.022485e-03 9.999688e-01 3.613773e-03 -4.450451e+00 1.503715e-02 -3.507852e-03 9.998808e-01 2.174854e+02
9.997825e-01 7.515842e-03 -1.945529e-02 -1.796549e+00 -7.402042e-03 9.999551e-01 5.914789e-03 -4.494237e+00 1.949887e-02 -5.769491e-03 9.997932e-01 2.195114e+02
9.996589e-01 7.966565e-03 -2.487172e-02 -1.844527e+00 -7.835822e-03 9.999550e-01 5.349820e-03 -4.532452e+00 2.491322e-02 -5.153103e-03 9.996763e-01 2.214612e+02
9.994888e-01 8.894846e-03 -3.070881e-02 -1.900504e+00 -8.713670e-03 9.999438e-01 6.028646e-03 -4.574348e+00 3.076072e-02 -5.757976e-03 9.995102e-01 2.233228e+02
9.993905e-01 8.840090e-03 -3.377245e-02 -1.931080e+00 -8.663861e-03 9.999481e-01 5.360979e-03 -4.594192e+00 3.381809e-02 -5.065110e-03 9.994152e-01 2.242192e+02
9.992779e-01 8.632605e-03 -3.700289e-02 -1.963226e+00 -8.456524e-03 9.999522e-01 4.912510e-03 -4.613875e+00 3.704353e-02 -4.596045e-03 9.993031e-01 2.250932e+02
9.991469e-01 9.829968e-03 -4.011115e-02 -1.999321e+00 -9.647864e-03 9.999422e-01 4.731100e-03 -4.634336e+00 4.015535e-02 -4.340075e-03 9.991840e-01 2.259462e+02
9.988454e-01 1.285424e-02 -4.628840e-02 -2.113952e+00 -1.267270e-02 9.999108e-01 4.213335e-03 -4.692285e+00 4.633843e-02 -3.621870e-03 9.989192e-01 2.283820e+02
9.988548e-01 1.291834e-02 -4.606738e-02 -2.149429e+00 -1.268396e-02 9.999051e-01 5.376447e-03 -4.710568e+00 4.613246e-02 -4.785971e-03 9.989239e-01 2.291590e+02
9.989018e-01 1.327722e-02 -4.493224e-02 -2.247910e+00 -1.312331e-02 9.999069e-01 3.718701e-03 -4.762455e+00 4.497743e-02 -3.124956e-03 9.989831e-01 2.313882e+02
9.989870e-01 1.331303e-02 -4.298534e-02 -2.309140e+00 -1.331792e-02 9.999113e-01 1.726322e-04 -4.795655e+00 4.298383e-02 4.000187e-04 9.990757e-01 2.328383e+02
9.991162e-01 1.347006e-02 -3.981679e-02 -2.364800e+00 -1.350330e-02 9.999086e-01 -5.659031e-04 -4.830531e+00 3.980553e-02 1.103062e-03 9.992068e-01 2.342776e+02
9.992651e-01 1.336426e-02 -3.592461e-02 -2.414706e+00 -1.339616e-02 9.999100e-01 -6.472486e-04 -4.864866e+00 3.591273e-02 1.128025e-03 9.993543e-01 2.357021e+02
9.994337e-01 1.322481e-02 -3.094321e-02 -2.458270e+00 -1.325259e-02 9.999119e-01 -6.927423e-04 -4.896919e+00 3.093133e-02 1.102428e-03 9.995209e-01 2.371116e+02
9.996282e-01 1.126815e-02 -2.483098e-02 -2.489243e+00 -1.126448e-02 9.999365e-01 2.877643e-04 -4.929647e+00 2.483264e-02 -7.948487e-06 9.996916e-01 2.385076e+02
9.998182e-01 1.038177e-02 -1.599609e-02 -2.520293e+00 -1.038785e-02 9.999460e-01 -2.970442e-04 -4.981740e+00 1.599214e-02 4.631559e-04 9.998720e-01 2.405753e+02
9.998505e-01 1.134175e-02 -1.304889e-02 -2.528203e+00 -1.135881e-02 9.999347e-01 -1.233928e-03 -4.998210e+00 1.303405e-02 1.381964e-03 9.999141e-01 2.412639e+02
9.998847e-01 1.126161e-02 -1.018625e-02 -2.534352e+00 -1.128179e-02 9.999345e-01 -1.926060e-03 -5.015660e+00 1.016389e-02 2.040757e-03 9.999463e-01 2.419573e+02
9.999189e-01 1.181599e-02 -4.762593e-03 -2.543393e+00 -1.181795e-02 9.999301e-01 -3.816016e-04 -5.048170e+00 4.757752e-03 4.378554e-04 9.999886e-01 2.433559e+02
9.999302e-01 1.155370e-02 -2.459278e-03 -2.545596e+00 -1.155511e-02 9.999331e-01 -5.591492e-04 -5.064282e+00 2.452654e-03 5.875280e-04 9.999968e-01 2.440590e+02
9.999351e-01 1.139254e-02 -1.714107e-04 -2.546852e+00 -1.139283e-02 9.999335e-01 -1.782130e-03 -5.080295e+00 1.510966e-04 1.783967e-03 9.999984e-01 2.447634e+02
9.999318e-01 1.157600e-02 1.542321e-03 -2.546619e+00 -1.156915e-02 9.999234e-01 -4.383648e-03 -5.094783e+00 -1.592948e-03 4.365505e-03 9.999892e-01 2.454715e+02
9.999381e-01 1.084619e-02 2.490505e-03 -2.545576e+00 -1.083126e-02 9.999237e-01 -5.935101e-03 -5.109038e+00 -2.554688e-03 5.907758e-03 9.999793e-01 2.461863e+02
9.999384e-01 1.077194e-02 2.672936e-03 -2.543734e+00 -1.075364e-02 9.999193e-01 -6.767155e-03 -5.126143e+00 -2.745615e-03 6.737994e-03 9.999735e-01 2.469081e+02
9.999458e-01 1.001294e-02 2.848720e-03 -2.542056e+00 -9.992817e-03 9.999256e-01 -6.991832e-03 -5.145191e+00 -2.918517e-03 6.962986e-03 9.999715e-01 2.476359e+02
9.999358e-01 1.092501e-02 3.021948e-03 -2.541896e+00 -1.090312e-02 9.999148e-01 -7.169908e-03 -5.164585e+00 -3.100022e-03 7.136498e-03 9.999697e-01 2.483695e+02
9.999253e-01 1.176096e-02 3.320979e-03 -2.542204e+00 -1.173454e-02 9.999002e-01 -7.865426e-03 -5.185382e+00 -3.413152e-03 7.825868e-03 9.999636e-01 2.491114e+02
9.999323e-01 1.108684e-02 3.527473e-03 -2.540944e+00 -1.105160e-02 9.998903e-01 -9.858624e-03 -5.205979e+00 -3.636387e-03 9.818971e-03 9.999452e-01 2.498573e+02
9.999656e-01 7.322526e-03 3.910257e-03 -2.535403e+00 -7.276476e-03 9.999055e-01 -1.166438e-02 -5.227370e+00 -3.995300e-03 1.163553e-02 9.999243e-01 2.506100e+02
9.999724e-01 5.633027e-03 4.841945e-03 -2.529475e+00 -5.586639e-03 9.999388e-01 -9.541481e-03 -5.263872e+00 -4.895396e-03 9.514167e-03 9.999428e-01 2.521450e+02
9.999347e-01 1.001002e-02 5.514964e-03 -2.534412e+00 -9.991019e-03 9.999441e-01 -3.461758e-03 -5.282956e+00 -5.549308e-03 3.406432e-03 9.999788e-01 2.529289e+02
9.999315e-01 8.282980e-03 8.265151e-03 -2.522827e+00 -8.277616e-03 9.999655e-01 -6.832156e-04 -5.316153e+00 -8.270525e-03 6.147536e-04 9.999656e-01 2.545107e+02
9.998814e-01 9.412307e-03 1.219179e-02 -2.516895e+00 -9.326539e-03 9.999315e-01 -7.072959e-03 -5.328791e+00 -1.225752e-02 6.958412e-03 9.999007e-01 2.553056e+02
9.998035e-01 1.155317e-02 1.610904e-02 -2.508908e+00 -1.136567e-02 9.998671e-01 -1.168301e-02 -5.345294e+00 -1.624188e-02 1.149762e-02 9.998020e-01 2.561119e+02
9.997287e-01 1.301807e-02 1.931264e-02 -2.495854e+00 -1.279623e-02 9.998512e-01 -1.156648e-02 -5.364407e+00 -1.946034e-02 1.131621e-02 9.997466e-01 2.569296e+02
9.996371e-01 8.632262e-03 2.551858e-02 -2.451908e+00 -8.485886e-03 9.999469e-01 -5.838899e-03 -5.406872e+00 -2.556763e-02 5.620232e-03 9.996573e-01 2.585928e+02
9.995828e-01 6.150285e-03 2.821921e-02 -2.426274e+00 -6.038441e-03 9.999736e-01 -4.046954e-03 -5.425049e+00 -2.824336e-02 3.874865e-03 9.995936e-01 2.594295e+02
9.994894e-01 5.930202e-03 3.139750e-02 -2.401831e+00 -5.823188e-03 9.999769e-01 -3.498755e-03 -5.445288e+00 -3.141752e-02 3.314135e-03 9.995009e-01 2.602685e+02
9.989173e-01 1.138173e-02 4.510767e-02 -2.249292e+00 -1.119240e-02 9.999274e-01 -4.447533e-03 -5.557575e+00 -4.515502e-02 3.937854e-03 9.989722e-01 2.644631e+02
9.987824e-01 1.192758e-02 4.786978e-02 -2.211671e+00 -1.172932e-02 9.999214e-01 -4.420534e-03 -5.580169e+00 -4.791874e-02 3.853672e-03 9.988438e-01 2.653026e+02
9.985364e-01 1.019645e-02 5.311482e-02 -2.120601e+00 -9.914560e-03 9.999353e-01 -5.568043e-03 -5.622751e+00 -5.316817e-02 5.033283e-03 9.985729e-01 2.669886e+02
9.984232e-01 5.720778e-03 5.584260e-02 -2.020152e+00 -5.456183e-03 9.999731e-01 -4.889568e-03 -5.662313e+00 -5.586908e-02 4.577170e-03 9.984276e-01 2.686821e+02
9.983947e-01 4.968563e-03 5.642066e-02 -1.972336e+00 -4.699585e-03 9.999769e-01 -4.899074e-03 -5.683949e+00 -5.644370e-02 4.626055e-03 9.983951e-01 2.695293e+02
9.983663e-01 4.848794e-03 5.693179e-02 -1.923826e+00 -4.581796e-03 9.999779e-01 -4.819406e-03 -5.705921e+00 -5.695390e-02 4.550683e-03 9.983664e-01 2.703816e+02
9.983677e-01 4.824387e-03 5.690876e-02 -1.875688e+00 -4.582192e-03 9.999799e-01 -4.385600e-03 -5.726987e+00 -5.692878e-02 4.117674e-03 9.983698e-01 2.712341e+02
9.984601e-01 5.007634e-03 5.524747e-02 -1.783337e+00 -4.765767e-03 9.999785e-01 -4.508777e-03 -5.773108e+00 -5.526886e-02 4.238538e-03 9.984625e-01 2.729432e+02
9.985463e-01 5.133179e-03 5.365578e-02 -1.741198e+00 -4.852447e-03 9.999738e-01 -5.361069e-03 -5.793806e+00 -5.368190e-02 5.092913e-03 9.985451e-01 2.737954e+02
9.986949e-01 7.010597e-03 5.059033e-02 -1.660663e+00 -6.694403e-03 9.999570e-01 -6.416858e-03 -5.835884e+00 -5.063314e-02 6.069810e-03 9.986989e-01 2.755035e+02
9.988683e-01 8.613455e-03 4.677598e-02 -1.585579e+00 -8.338551e-03 9.999468e-01 -6.069013e-03 -5.879709e+00 -4.682577e-02 5.672100e-03 9.988870e-01 2.772037e+02
9.991778e-01 7.024358e-03 3.992963e-02 -1.517863e+00 -6.940009e-03 9.999734e-01 -2.250700e-03 -5.921904e+00 -3.994438e-02 1.971738e-03 9.992000e-01 2.788967e+02
9.993635e-01 5.822915e-03 3.519509e-02 -1.489305e+00 -5.819062e-03 9.999830e-01 -2.119652e-04 -5.941918e+00 -3.519573e-02 7.028462e-06 9.993804e-01 2.797354e+02
9.999190e-01 3.019938e-03 1.236106e-02 -1.412086e+00 -3.051025e-03 9.999922e-01 2.496810e-03 -6.026687e+00 -1.235343e-02 -2.534321e-03 9.999205e-01 2.837879e+02
9.999589e-01 3.448345e-03 8.391040e-03 -1.411252e+00 -3.468664e-03 9.999911e-01 2.408034e-03 -6.040170e+00 -8.382662e-03 -2.437039e-03 9.999619e-01 2.845553e+02
9.944339e-01 1.193309e-02 -1.046845e-01 -1.742378e+00 -1.224625e-02 9.999222e-01 -2.349099e-03 -6.210196e+00 1.046483e-01 3.618017e-03 9.945027e-01 2.918062e+02
8.915138e-01 2.087312e-02 -4.525124e-01 -3.425572e+00 -1.529834e-02 9.997553e-01 1.597598e-02 -6.320980e+00 4.527352e-01 -7.320112e-03 8.916150e-01 2.967828e+02
8.432539e-01 1.998884e-02 -5.371437e-01 -3.968958e+00 -1.154593e-02 9.997513e-01 1.907818e-02 -6.332760e+00 5.373915e-01 -9.885924e-03 8.432750e-01 2.975634e+02
1.658405e-01 5.158130e-02 -9.848027e-01 -9.270289e+00 8.732677e-03 9.985151e-01 5.377012e-02 -6.271213e+00 9.861140e-01 -1.751722e-02 1.651438e-01 3.003291e+02
3.728192e-02 6.091022e-02 -9.974467e-01 -1.013605e+01 1.207917e-02 9.980402e-01 6.139797e-02 -6.242546e+00 9.992318e-01 -1.433736e-02 3.647311e-02 3.002712e+02
-2.861154e-02 6.761246e-02 -9.973013e-01 -1.058129e+01 1.450990e-02 9.976327e-01 6.721867e-02 -6.224323e+00 9.994853e-01 -1.254750e-02 -2.952486e-02 3.002293e+02
-5.195944e-01 9.466394e-02 -8.491528e-01 -1.421251e+01 4.594067e-02 9.955010e-01 8.286797e-02 -5.989762e+00 8.531771e-01 4.047087e-03 -5.216057e-01 2.985219e+02
-5.661043e-01 9.480093e-02 -8.188643e-01 -1.466311e+01 4.852789e-02 9.954749e-01 8.169868e-02 -5.950116e+00 8.229040e-01 6.512222e-03 -5.681432e-01 2.981811e+02
-6.809154e-01 1.056329e-01 -7.247040e-01 -1.602426e+01 6.436168e-02 9.943458e-01 8.446317e-02 -5.830931e+00 7.295285e-01 1.086911e-02 -6.838641e-01 2.969179e+02
-7.164120e-01 1.114214e-01 -6.887228e-01 -1.647064e+01 7.174229e-02 9.936971e-01 8.613348e-02 -5.783464e+00 6.939791e-01 1.229651e-02 -7.198902e-01 2.964013e+02
-7.492835e-01 1.134759e-01 -6.524550e-01 -1.690392e+01 7.593209e-02 9.934337e-01 8.557864e-02 -5.737737e+00 6.578820e-01 1.458039e-02 -7.529799e-01 2.958766e+02
-8.323704e-01 1.024434e-01 -5.446696e-01 -1.812343e+01 7.772816e-02 9.946330e-01 6.828905e-02 -5.596317e+00 5.487422e-01 1.450562e-02 -8.358658e-01 2.940467e+02
-8.757636e-01 9.783343e-02 -4.727227e-01 -1.887203e+01 7.850299e-02 9.950761e-01 6.050415e-02 -5.509383e+00 4.763144e-01 1.587719e-02 -8.791317e-01 2.926362e+02
-8.954302e-01 9.445256e-02 -4.350672e-01 -1.921381e+01 7.670849e-02 9.953527e-01 5.821294e-02 -5.472940e+00 4.385437e-01 1.875228e-02 -8.985142e-01 2.918625e+02
-9.288132e-01 9.558846e-02 -3.580067e-01 -1.984548e+01 8.161866e-02 9.952013e-01 5.396910e-02 -5.397191e+00 3.614476e-01 2.090719e-02 -9.321580e-01 2.902408e+02
-9.426026e-01 9.921231e-02 -3.188373e-01 -2.012922e+01 8.684633e-02 9.948211e-01 5.280735e-02 -5.364689e+00 3.224252e-01 2.208649e-02 -9.463372e-01 2.893905e+02
-9.646218e-01 1.026359e-01 -2.428389e-01 -2.061251e+01 9.255909e-02 9.943180e-01 5.257907e-02 -5.296130e+00 2.468556e-01 2.824196e-02 -9.686407e-01 2.875677e+02
-9.731786e-01 1.019882e-01 -2.062084e-01 -2.081155e+01 9.328698e-02 9.943057e-01 5.151404e-02 -5.265003e+00 2.102880e-01 3.089581e-02 -9.771512e-01 2.866208e+02
-9.799848e-01 1.002184e-01 -1.720061e-01 -2.097738e+01 9.367627e-02 9.945505e-01 4.575985e-02 -5.231887e+00 1.756548e-01 2.873107e-02 -9.840325e-01 2.856322e+02
-9.893987e-01 9.801091e-02 -1.071642e-01 -2.122691e+01 9.424259e-02 9.947576e-01 3.969274e-02 -5.169612e+00 1.104928e-01 2.917251e-02 -9.934487e-01 2.835931e+02
-9.943661e-01 9.483394e-02 -4.735592e-02 -2.135871e+01 9.316416e-02 9.949885e-01 3.630859e-02 -5.118237e+00 5.056189e-02 3.169215e-02 -9.982180e-01 2.814312e+02
-9.952359e-01 9.527046e-02 -2.071198e-02 -2.138358e+01 9.453364e-02 9.949394e-01 3.404260e-02 -5.092068e+00 2.385042e-02 3.192243e-02 -9.992058e-01 2.803112e+02
-9.957527e-01 9.196279e-02 4.401056e-03 -2.137724e+01 9.206004e-02 9.951590e-01 3.440270e-02 -5.068634e+00 -1.215982e-03 3.466174e-02 -9.993984e-01 2.791733e+02
-9.955379e-01 9.014441e-02 2.789736e-02 -2.134556e+01 9.107603e-02 9.952583e-01 3.414826e-02 -5.044246e+00 -2.468681e-02 3.653666e-02 -9.990274e-01 2.780075e+02
-9.949989e-01 8.744165e-02 4.828300e-02 -2.128976e+01 8.906838e-02 9.954908e-01 3.263150e-02 -5.021530e+00 -4.521193e-02 3.676879e-02 -9.983005e-01 2.768295e+02
-9.944714e-01 8.274355e-02 6.465401e-02 -2.120924e+01 8.478673e-02 9.959617e-01 2.951923e-02 -5.001358e+00 -6.195040e-02 3.483783e-02 -9.974710e-01 2.756388e+02
-9.937177e-01 7.283445e-02 8.497212e-02 -2.100190e+01 7.555378e-02 9.967131e-01 2.923372e-02 -4.965436e+00 -8.256361e-02 3.547002e-02 -9.959544e-01 2.732075e+02
-9.936305e-01 6.923457e-02 8.890975e-02 -2.088617e+01 7.224505e-02 9.969020e-01 3.109654e-02 -4.946924e+00 -8.648135e-02 3.732176e-02 -9.955542e-01 2.719630e+02
-9.937315e-01 6.743772e-02 8.916219e-02 -2.077685e+01 7.031330e-02 9.970883e-01 2.950970e-02 -4.927465e+00 -8.691252e-02 3.559400e-02 -9.955799e-01 2.707050e+02
-9.940577e-01 6.528026e-02 8.710749e-02 -2.066591e+01 6.797206e-02 9.972858e-01 2.829890e-02 -4.906062e+00 -8.502371e-02 3.405161e-02 -9.957969e-01 2.694279e+02
-9.943053e-01 6.465090e-02 8.471917e-02 -2.055522e+01 6.734172e-02 9.972998e-01 2.929534e-02 -4.883412e+00 -8.259645e-02 3.483364e-02 -9.959741e-01 2.681360e+02
-9.945887e-01 6.358020e-02 8.216374e-02 -2.044759e+01 6.626821e-02 9.973383e-01 3.041031e-02 -4.861751e+00 -8.001156e-02 3.569059e-02 -9.961548e-01 2.668306e+02
-9.949224e-01 6.316236e-02 7.835820e-02 -2.034586e+01 6.577420e-02 9.973463e-01 3.120866e-02 -4.838516e+00 -7.617905e-02 3.620413e-02 -9.964367e-01 2.655097e+02
-9.954163e-01 6.153648e-02 7.321024e-02 -2.024967e+01 6.409009e-02 9.973965e-01 3.305593e-02 -4.817703e+00 -7.098549e-02 3.759645e-02 -9.967686e-01 2.641794e+02
-9.958434e-01 6.098343e-02 6.765249e-02 -2.015628e+01 6.348814e-02 9.973506e-01 3.551046e-02 -4.799526e+00 -6.530771e-02 3.965798e-02 -9.970768e-01 2.628481e+02
-9.962213e-01 6.036625e-02 6.244236e-02 -2.007085e+01 6.277692e-02 9.973269e-01 3.739114e-02 -4.780284e+00 -6.001828e-02 4.116978e-02 -9.973479e-01 2.615173e+02
-9.965353e-01 6.012226e-02 5.746893e-02 -1.999327e+01 6.235652e-02 9.973338e-01 3.790726e-02 -4.760491e+00 -5.503663e-02 4.135948e-02 -9.976274e-01 2.601902e+02
-9.968829e-01 5.910461e-02 5.226116e-02 -1.992130e+01 6.109617e-02 9.974321e-01 3.736753e-02 -4.738614e+00 -4.991837e-02 4.044400e-02 -9.979341e-01 2.588499e+02
-9.975286e-01 5.689094e-02 4.123285e-02 -1.979675e+01 5.839868e-02 9.976319e-01 3.633289e-02 -4.696286e+00 -3.906820e-02 3.865103e-02 -9.984888e-01 2.561702e+02
-9.977634e-01 5.628839e-02 3.605180e-02 -1.974591e+01 5.768839e-02 9.975707e-01 3.904651e-02 -4.673674e+00 -3.376635e-02 4.103895e-02 -9.985868e-01 2.548239e+02
-9.979769e-01 5.761641e-02 2.687747e-02 -1.966817e+01 5.872767e-02 9.973659e-01 4.257070e-02 -4.618642e+00 -2.435391e-02 4.406302e-02 -9.987319e-01 2.521232e+02
-9.980481e-01 5.913679e-02 2.007311e-02 -1.961368e+01 5.992960e-02 9.973393e-01 4.150632e-02 -4.556415e+00 -1.756515e-02 4.262827e-02 -9.989366e-01 2.494162e+02
-9.981369e-01 5.919834e-02 1.477775e-02 -1.956928e+01 5.969545e-02 9.975733e-01 3.583310e-02 -4.501374e+00 -1.262063e-02 3.664849e-02 -9.992485e-01 2.467060e+02
-9.982308e-01 5.812437e-02 1.252122e-02 -1.955134e+01 5.856403e-02 9.975526e-01 3.819790e-02 -4.473848e+00 -1.027035e-02 3.886361e-02 -9.991918e-01 2.453382e+02
-9.981870e-01 5.937727e-02 9.849455e-03 -1.952666e+01 5.972852e-02 9.973989e-01 4.034601e-02 -4.411335e+00 -7.428201e-03 4.086115e-02 -9.991372e-01 2.425957e+02
-9.980956e-01 6.087736e-02 9.953914e-03 -1.950318e+01 6.123455e-02 9.972920e-01 4.072925e-02 -4.346093e+00 -7.447471e-03 4.126120e-02 -9.991206e-01 2.398385e+02
-9.979809e-01 6.267143e-02 1.031297e-02 -1.949325e+01 6.303017e-02 9.972411e-01 3.920854e-02 -4.316996e+00 -7.827265e-03 3.977940e-02 -9.991778e-01 2.384577e+02
-9.978852e-01 6.405743e-02 1.103267e-02 -1.948099e+01 6.442804e-02 9.972225e-01 3.736653e-02 -4.286446e+00 -8.608427e-03 3.799832e-02 -9.992407e-01 2.370732e+02
-9.977711e-01 6.561590e-02 1.214200e-02 -1.946668e+01 6.603224e-02 9.970998e-01 3.783881e-02 -4.255713e+00 -9.623957e-03 3.855623e-02 -9.992101e-01 2.356839e+02
-9.977923e-01 6.485151e-02 1.431108e-02 -1.943040e+01 6.540146e-02 9.969723e-01 4.205776e-02 -4.186692e+00 -1.154024e-02 4.290086e-02 -9.990127e-01 2.328928e+02
-9.978634e-01 6.355648e-02 1.513812e-02 -1.940660e+01 6.415142e-02 9.970246e-01 4.273659e-02 -4.152924e+00 -1.237689e-02 4.361641e-02 -9.989717e-01 2.314922e+02
-9.979663e-01 6.174237e-02 1.585104e-02 -1.938129e+01 6.236575e-02 9.971515e-01 4.241971e-02 -4.121142e+00 -1.318680e-02 4.332199e-02 -9.989741e-01 2.300914e+02
-9.980329e-01 6.046357e-02 1.656546e-02 -1.933238e+01 6.109387e-02 9.973047e-01 4.063085e-02 -4.061083e+00 -1.406413e-02 4.156297e-02 -9.990369e-01 2.272832e+02
-9.980343e-01 6.040561e-02 1.669300e-02 -1.930936e+01 6.101503e-02 9.973827e-01 3.879221e-02 -4.031202e+00 -1.430604e-02 3.973447e-02 -9.991079e-01 2.258709e+02
-9.979659e-01 6.149586e-02 1.680165e-02 -1.928821e+01 6.211767e-02 9.972907e-01 3.940344e-02 -4.003413e+00 -1.433298e-02 4.036697e-02 -9.990821e-01 2.244541e+02
-9.979743e-01 6.125772e-02 1.717213e-02 -1.926526e+01 6.190904e-02 9.972645e-01 4.038287e-02 -3.975161e+00 -1.465140e-02 4.136416e-02 -9.990367e-01 2.230339e+02
-9.979633e-01 6.139365e-02 1.732551e-02 -1.924098e+01 6.206277e-02 9.972230e-01 4.116377e-02 -3.945563e+00 -1.475020e-02 4.215519e-02 -9.990022e-01 2.216106e+02
-9.980303e-01 6.028357e-02 1.736234e-02 -1.921490e+01 6.096642e-02 9.972587e-01 4.192965e-02 -3.915755e+00 -1.478708e-02 4.290557e-02 -9.989697e-01 2.201863e+02
-9.980152e-01 6.056504e-02 1.725168e-02 -1.916474e+01 6.122045e-02 9.973062e-01 4.040353e-02 -3.851913e+00 -1.475817e-02 4.137948e-02 -9.990345e-01 2.173282e+02
-9.978891e-01 6.255050e-02 1.745961e-02 -1.911492e+01 6.325307e-02 9.970663e-01 4.310101e-02 -3.783819e+00 -1.471241e-02 4.411439e-02 -9.989182e-01 2.144523e+02
-9.978354e-01 6.341608e-02 1.740589e-02 -1.905320e+01 6.406733e-02 9.971504e-01 3.982862e-02 -3.706671e+00 -1.483052e-02 4.085755e-02 -9.990549e-01 2.115703e+02
-9.978256e-01 6.360738e-02 1.726781e-02 -1.902208e+01 6.424687e-02 9.971551e-01 3.942191e-02 -3.670204e+00 -1.471116e-02 4.044559e-02 -9.990734e-01 2.101235e+02
-9.978662e-01 6.293656e-02 1.737925e-02 -1.899038e+01 6.359881e-02 9.971484e-01 4.062271e-02 -3.634175e+00 -1.477303e-02 4.164132e-02 -9.990234e-01 2.086722e+02
-9.979070e-01 6.225054e-02 1.750851e-02 -1.892786e+01 6.290267e-02 9.972355e-01 3.955449e-02 -3.559153e+00 -1.499782e-02 4.057303e-02 -9.990640e-01 2.057582e+02
-9.979836e-01 6.106341e-02 1.732024e-02 -1.889614e+01 6.174706e-02 9.972015e-01 4.214746e-02 -3.524788e+00 -1.469810e-02 4.313194e-02 -9.989613e-01 2.042948e+02
-9.980022e-01 6.077958e-02 1.724760e-02 -1.886476e+01 6.145568e-02 9.972328e-01 4.183091e-02 -3.487637e+00 -1.465741e-02 4.280730e-02 -9.989758e-01 2.028318e+02
-9.979399e-01 6.177544e-02 1.731352e-02 -1.883712e+01 6.245196e-02 9.971756e-01 4.171989e-02 -3.453039e+00 -1.468736e-02 4.271520e-02 -9.989793e-01 2.013684e+02
-9.979145e-01 6.217060e-02 1.736122e-02 -1.880904e+01 6.283352e-02 9.971945e-01 4.068185e-02 -3.419171e+00 -1.478330e-02 4.168787e-02 -9.990213e-01 1.999091e+02
-9.978883e-01 6.268795e-02 1.700779e-02 -1.878081e+01 6.336644e-02 9.970713e-01 4.281826e-02 -3.384783e+00 -1.427379e-02 4.380556e-02 -9.989381e-01 1.984404e+02
-9.979418e-01 6.201566e-02 1.631736e-02 -1.875193e+01 6.270247e-02 9.969889e-01 4.562410e-02 -3.350644e+00 -1.343882e-02 4.655333e-02 -9.988254e-01 1.969762e+02
-9.980246e-01 6.093849e-02 1.527725e-02 -1.872357e+01 6.158334e-02 9.970387e-01 4.605726e-02 -3.313855e+00 -1.242535e-02 4.690710e-02 -9.988220e-01 1.955153e+02
-9.981625e-01 5.910499e-02 1.334739e-02 -1.867123e+01 5.966629e-02 9.971332e-01 4.653246e-02 -3.241513e+00 -1.055882e-02 4.724334e-02 -9.988276e-01 1.926001e+02
-9.981659e-01 5.927435e-02 1.230079e-02 -1.864803e+01 5.978183e-02 9.971469e-01 4.608906e-02 -3.205048e+00 -9.533794e-03 4.673989e-02 -9.988616e-01 1.911441e+02
-9.981180e-01 6.024253e-02 1.146167e-02 -1.862849e+01 6.070015e-02 9.971421e-01 4.497873e-02 -3.170622e+00 -8.719279e-03 4.558980e-02 -9.989222e-01 1.896915e+02
-9.980831e-01 6.092178e-02 1.089092e-02 -1.861037e+01 6.135043e-02 9.971150e-01 4.469666e-02 -3.138275e+00 -8.136504e-03 4.527914e-02 -9.989412e-01 1.882429e+02
-9.980962e-01 6.079152e-02 1.041410e-02 -1.859411e+01 6.120405e-02 9.970925e-01 4.539418e-02 -3.107703e+00 -7.624245e-03 4.594513e-02 -9.989149e-01 1.867945e+02
-9.981119e-01 6.067060e-02 9.575214e-03 -1.857686e+01 6.104037e-02 9.971314e-01 4.475472e-02 -3.075839e+00 -6.832451e-03 4.525469e-02 -9.989521e-01 1.853525e+02
-9.981305e-01 6.044985e-02 9.023489e-03 -1.856047e+01 6.080123e-02 9.971000e-01 4.576877e-02 -3.044236e+00 -6.230606e-03 4.623184e-02 -9.989113e-01 1.839085e+02
-9.981521e-01 6.018802e-02 8.358786e-03 -1.854600e+01 6.051800e-02 9.970409e-01 4.740273e-02 -3.011131e+00 -5.480976e-03 4.782098e-02 -9.988409e-01 1.824687e+02
-9.981562e-01 6.026515e-02 7.227764e-03 -1.853340e+01 6.054472e-02 9.969979e-01 4.826398e-02 -2.977267e+00 -4.297430e-03 4.861259e-02 -9.988085e-01 1.810316e+02
-9.981736e-01 6.018664e-02 5.196148e-03 -1.852315e+01 6.036427e-02 9.970785e-01 4.680433e-02 -2.942176e+00 -2.363972e-03 4.703251e-02 -9.988906e-01 1.796010e+02
-9.981994e-01 5.989496e-02 3.239115e-03 -1.851524e+01 5.998059e-02 9.971416e-01 4.594386e-02 -2.908289e+00 -4.780511e-04 4.605541e-02 -9.989388e-01 1.781753e+02
-9.981656e-01 6.053059e-02 1.230860e-03 -1.851072e+01 6.052063e-02 9.970345e-01 4.753230e-02 -2.873542e+00 1.649948e-03 4.751959e-02 -9.988690e-01 1.767507e+02
-9.981132e-01 6.139777e-02 -6.649709e-04 -1.851025e+01 6.128967e-02 9.968915e-01 4.950552e-02 -2.838653e+00 3.702433e-03 4.937135e-02 -9.987736e-01 1.753373e+02
-9.980410e-01 6.249892e-02 -2.828214e-03 -1.851326e+01 6.228811e-02 9.968739e-01 4.860683e-02 -2.803213e+00 5.857247e-03 4.833544e-02 -9.988140e-01 1.739296e+02
-9.980241e-01 6.264693e-02 -4.814795e-03 -1.851829e+01 6.233951e-02 9.968673e-01 4.867634e-02 -2.769552e+00 7.849135e-03 4.828000e-02 -9.988030e-01 1.725375e+02
-9.979973e-01 6.288849e-02 -6.819731e-03 -1.852671e+01 6.246779e-02 9.967776e-01 5.032034e-02 -2.736025e+00 9.962326e-03 4.979354e-02 -9.987099e-01 1.711562e+02
-9.979751e-01 6.298205e-02 -8.889852e-03 -1.853710e+01 6.243942e-02 9.966994e-01 5.188039e-02 -2.701364e+00 1.212804e-02 5.122025e-02 -9.986137e-01 1.697919e+02
-9.979020e-01 6.380086e-02 -1.100312e-02 -1.855169e+01 6.312875e-02 9.965812e-01 5.329817e-02 -2.666950e+00 1.436598e-02 5.249173e-02 -9.985180e-01 1.684471e+02
-9.978659e-01 6.404682e-02 -1.271561e-02 -1.856810e+01 6.329804e-02 9.966148e-01 5.246113e-02 -2.633527e+00 1.603253e-02 5.154429e-02 -9.985420e-01 1.671265e+02
-9.978216e-01 6.415528e-02 -1.536985e-02 -1.860503e+01 6.320942e-02 9.964465e-01 5.566746e-02 -2.565877e+00 1.888660e-02 5.457466e-02 -9.983311e-01 1.645390e+02
-9.978070e-01 6.424039e-02 -1.594981e-02 -1.864444e+01 6.329955e-02 9.965447e-01 5.377561e-02 -2.502804e+00 1.934926e-02 5.264806e-02 -9.984257e-01 1.620471e+02
-9.978557e-01 6.350305e-02 -1.585228e-02 -1.866211e+01 6.258130e-02 9.966264e-01 5.309807e-02 -2.473852e+00 1.917069e-02 5.199215e-02 -9.984635e-01 1.608371e+02
-9.977964e-01 6.454058e-02 -1.538923e-02 -1.870043e+01 6.363878e-02 9.965513e-01 5.324983e-02 -2.422217e+00 1.877294e-02 5.215313e-02 -9.984626e-01 1.584929e+02
-9.978108e-01 6.458533e-02 -1.422522e-02 -1.873344e+01 6.369579e-02 9.963979e-01 5.598298e-02 -2.370798e+00 1.778966e-02 5.495432e-02 -9.983304e-01 1.562503e+02
-9.978577e-01 6.396917e-02 -1.370752e-02 -1.874892e+01 6.309175e-02 9.963799e-01 5.697798e-02 -2.347373e+00 1.730273e-02 5.599107e-02 -9.982813e-01 1.551689e+02
-9.979400e-01 6.276388e-02 -1.328544e-02 -1.876231e+01 6.192651e-02 9.965023e-01 5.610902e-02 -2.322647e+00 1.676059e-02 5.517070e-02 -9.983363e-01 1.541173e+02
-9.978925e-01 6.371756e-02 -1.227587e-02 -1.879239e+01 6.296793e-02 9.965540e-01 5.399154e-02 -2.274461e+00 1.567378e-02 5.310476e-02 -9.984659e-01 1.520873e+02
-9.979125e-01 6.358313e-02 -1.130268e-02 -1.881642e+01 6.286866e-02 9.964982e-01 5.512573e-02 -2.230220e+00 1.476817e-02 5.430006e-02 -9.984155e-01 1.501621e+02
-9.979186e-01 6.364182e-02 -1.040490e-02 -1.883766e+01 6.296500e-02 9.964479e-01 5.591984e-02 -2.187753e+00 1.392678e-02 5.514829e-02 -9.983811e-01 1.483393e+02
-9.980088e-01 6.241967e-02 -9.070757e-03 -1.885476e+01 6.182043e-02 9.965290e-01 5.575081e-02 -2.144196e+00 1.251922e-02 5.507903e-02 -9.984035e-01 1.465989e+02
-9.977615e-01 6.631953e-02 -8.591413e-03 -1.887376e+01 6.579673e-02 9.965214e-01 5.114550e-02 -2.100874e+00 1.195347e-02 5.046571e-02 -9.986543e-01 1.449223e+02
-9.977489e-01 6.655102e-02 -8.249246e-03 -1.888627e+01 6.605312e-02 9.965391e-01 5.046446e-02 -2.059412e+00 1.157916e-02 4.980597e-02 -9.986918e-01 1.433024e+02
-9.975890e-01 6.895791e-02 -7.812209e-03 -1.890126e+01 6.850400e-02 9.964848e-01 4.821970e-02 -2.022990e+00 1.110988e-02 4.756826e-02 -9.988062e-01 1.417522e+02
-9.975003e-01 7.004178e-02 -9.344217e-03 -1.892677e+01 6.950735e-02 9.963904e-01 4.873287e-02 -1.960534e+00 1.272383e-02 4.796155e-02 -9.987681e-01 1.387654e+02
-9.973117e-01 7.254798e-02 -1.030340e-02 -1.894438e+01 7.199175e-02 9.963078e-01 4.677424e-02 -1.928158e+00 1.365873e-02 4.590674e-02 -9.988524e-01 1.373298e+02
-9.971650e-01 7.444601e-02 -1.094780e-02 -1.896431e+01 7.391846e-02 9.963560e-01 4.255269e-02 -1.905325e+00 1.407579e-02 4.162280e-02 -9.990343e-01 1.359170e+02
-9.978507e-01 6.392978e-02 -1.438580e-02 -1.901169e+01 6.341152e-02 9.974086e-01 3.398530e-02 -1.813487e+00 1.652119e-02 3.300002e-02 -9.993188e-01 1.303774e+02
-9.984597e-01 5.433894e-02 -1.119994e-02 -1.903689e+01 5.395501e-02 9.980264e-01 3.212621e-02 -1.762349e+00 1.292355e-02 3.147243e-02 -9.994211e-01 1.268317e+02
-9.985180e-01 5.404950e-02 -6.367162e-03 -1.904310e+01 5.381617e-02 9.980248e-01 3.240933e-02 -1.739549e+00 8.106295e-03 3.201864e-02 -9.994544e-01 1.253386e+02
-9.986914e-01 5.114192e-02 1.777954e-04 -1.903398e+01 5.112396e-02 9.982351e-01 3.021532e-02 -1.704964e+00 1.367788e-03 3.018486e-02 -9.995434e-01 1.237928e+02
-9.987317e-01 4.982558e-02 7.236706e-03 -1.901737e+01 5.006679e-02 9.980140e-01 3.822849e-02 -1.671608e+00 -5.317577e-03 3.854232e-02 -9.992428e-01 1.221724e+02
-9.983512e-01 5.446804e-02 1.811322e-02 -1.898110e+01 5.515388e-02 9.976840e-01 3.980659e-02 -1.606831e+00 -1.590309e-02 4.073996e-02 -9.990432e-01 1.196223e+02
-9.979786e-01 5.798391e-02 2.601031e-02 -1.894089e+01 5.889822e-02 9.976189e-01 3.588194e-02 -1.562360e+00 -2.386780e-02 3.734136e-02 -9.990175e-01 1.178410e+02
-9.975845e-01 6.049776e-02 3.413533e-02 -1.888164e+01 6.178455e-02 9.973661e-01 3.799211e-02 -1.518580e+00 -3.174699e-02 4.000937e-02 -9.986948e-01 1.159843e+02
-9.969923e-01 6.466589e-02 4.271621e-02 -1.880738e+01 6.636739e-02 9.970054e-01 3.969254e-02 -1.472691e+00 -4.002154e-02 4.240812e-02 -9.982985e-01 1.140573e+02
-9.964201e-01 6.734609e-02 5.110368e-02 -1.871096e+01 6.912801e-02 9.970303e-01 3.393931e-02 -1.425819e+00 -4.866624e-02 3.735050e-02 -9.981165e-01 1.120705e+02
-9.961594e-01 6.817787e-02 5.493905e-02 -1.865467e+01 7.001165e-02 9.970272e-01 3.217295e-02 -1.402779e+00 -5.258225e-02 3.589575e-02 -9.979713e-01 1.110501e+02
-9.958875e-01 6.818637e-02 5.965418e-02 -1.852665e+01 7.016921e-02 9.970281e-01 3.179804e-02 -1.362588e+00 -5.730871e-02 3.585316e-02 -9.977125e-01 1.089547e+02
-9.957182e-01 7.035410e-02 5.996276e-02 -1.825676e+01 7.202398e-02 9.970599e-01 2.615479e-02 -1.288139e+00 -5.794637e-02 3.036155e-02 -9.978579e-01 1.045622e+02
-9.957664e-01 6.972792e-02 5.989481e-02 -1.818725e+01 7.177999e-02 9.968804e-01 3.281891e-02 -1.269054e+00 -5.741957e-02 3.697921e-02 -9.976650e-01 1.034111e+02
-9.957485e-01 7.024849e-02 5.958279e-02 -1.811737e+01 7.242159e-02 9.967552e-01 3.512959e-02 -1.244731e+00 -5.692166e-02 3.929531e-02 -9.976050e-01 1.022464e+02
-9.959458e-01 6.860165e-02 5.818689e-02 -1.797200e+01 7.049533e-02 9.970259e-01 3.113907e-02 -1.195663e+00 -5.587765e-02 3.511473e-02 -9.978200e-01 9.988171e+01
-9.960716e-01 6.720884e-02 5.765755e-02 -1.789756e+01 6.911570e-02 9.971036e-01 3.173886e-02 -1.172886e+00 -5.535743e-02 3.559921e-02 -9.978318e-01 9.867175e+01
-9.960935e-01 6.714465e-02 5.735214e-02 -1.782503e+01 6.900526e-02 9.971314e-01 3.109974e-02 -1.151222e+00 -5.509945e-02 3.493584e-02 -9.978695e-01 9.744780e+01
-9.960740e-01 6.802731e-02 5.664779e-02 -1.775374e+01 6.981702e-02 9.971015e-01 3.023529e-02 -1.126795e+00 -5.442678e-02 3.407156e-02 -9.979363e-01 9.620855e+01
-9.962900e-01 6.700916e-02 5.400000e-02 -1.761270e+01 6.900179e-02 9.969696e-01 3.591986e-02 -1.077492e+00 -5.142940e-02 3.951269e-02 -9.978947e-01 9.367749e+01
-9.964260e-01 6.652959e-02 5.204775e-02 -1.754366e+01 6.834552e-02 9.970848e-01 3.392240e-02 -1.049972e+00 -4.963918e-02 3.735839e-02 -9.980683e-01 9.239323e+01
-9.965975e-01 6.582485e-02 4.960385e-02 -1.747710e+01 6.755603e-02 9.971336e-01 3.406954e-02 -1.022258e+00 -4.721905e-02 3.730465e-02 -9.981877e-01 9.109028e+01
-9.969251e-01 6.271703e-02 4.697842e-02 -1.740999e+01 6.433236e-02 9.973594e-01 3.369840e-02 -9.990056e-01 -4.474091e-02 3.661701e-02 -9.983273e-01 8.977477e+01
-9.969195e-01 6.515997e-02 4.365506e-02 -1.735065e+01 6.625060e-02 9.975139e-01 2.401804e-02 -9.753403e-01 -4.198151e-02 2.683622e-02 -9.987579e-01 8.845413e+01
-9.970342e-01 6.521848e-02 4.085759e-02 -1.729334e+01 6.606948e-02 9.976178e-01 1.983445e-02 -9.584784e-01 -3.946669e-02 2.247507e-02 -9.989681e-01 8.710974e+01
-9.971387e-01 6.512979e-02 3.837386e-02 -1.723975e+01 6.622563e-02 9.974114e-01 2.801191e-02 -9.440549e-01 -3.645012e-02 3.047309e-02 -9.988708e-01 8.573751e+01
-9.972765e-01 6.440234e-02 3.594408e-02 -1.718834e+01 6.565620e-02 9.972330e-01 3.486590e-02 -9.218292e-01 -3.359918e-02 3.713089e-02 -9.987454e-01 8.435171e+01
-9.974248e-01 6.351723e-02 3.330578e-02 -1.713847e+01 6.469622e-02 9.972697e-01 3.560305e-02 -8.925921e-01 -3.095344e-02 3.766612e-02 -9.988109e-01 8.295643e+01
-9.975580e-01 6.267214e-02 3.082569e-02 -1.709087e+01 6.370436e-02 9.973987e-01 3.372697e-02 -8.621183e-01 -2.863177e-02 3.560833e-02 -9.989556e-01 8.155322e+01
-9.976284e-01 6.267509e-02 2.845103e-02 -1.704828e+01 6.360032e-02 9.974340e-01 3.287022e-02 -8.330614e-01 -2.631789e-02 3.460175e-02 -9.990546e-01 8.012646e+01
-9.976295e-01 6.355908e-02 2.637506e-02 -1.700912e+01 6.442637e-02 9.973617e-01 3.344957e-02 -8.053784e-01 -2.417945e-02 3.506952e-02 -9.990923e-01 7.868382e+01
-9.975669e-01 6.527738e-02 2.447775e-02 -1.697362e+01 6.608274e-02 9.972456e-01 3.367740e-02 -7.771295e-01 -2.221196e-02 3.521301e-02 -9.991330e-01 7.722778e+01
-9.975918e-01 6.557428e-02 2.259907e-02 -1.693890e+01 6.634811e-02 9.971689e-01 3.538530e-02 -7.478602e-01 -2.021473e-02 3.679948e-02 -9.991182e-01 7.575752e+01
-9.976851e-01 6.486008e-02 2.043580e-02 -1.690538e+01 6.559901e-02 9.971283e-01 3.784062e-02 -7.187593e-01 -1.792277e-02 3.909359e-02 -9.990748e-01 7.428435e+01
-9.978054e-01 6.360369e-02 1.841371e-02 -1.687364e+01 6.431232e-02 9.970930e-01 4.085889e-02 -6.886180e-01 -1.576141e-02 4.195344e-02 -9.989952e-01 7.280871e+01
-9.979080e-01 6.251511e-02 1.647835e-02 -1.684487e+01 6.319263e-02 9.970119e-01 4.442788e-02 -6.588975e-01 -1.365170e-02 4.537624e-02 -9.988767e-01 7.133452e+01
-9.978971e-01 6.311226e-02 1.477133e-02 -1.682112e+01 6.372435e-02 9.969308e-01 4.547777e-02 -6.266962e-01 -1.185579e-02 4.632342e-02 -9.988561e-01 6.986187e+01
-9.979116e-01 6.318727e-02 1.341194e-02 -1.679851e+01 6.372374e-02 9.969847e-01 4.428062e-02 -5.936207e-01 -1.057353e-02 4.504280e-02 -9.989291e-01 6.839401e+01
-9.978895e-01 6.378877e-02 1.214630e-02 -1.677917e+01 6.425981e-02 9.969876e-01 4.343333e-02 -5.617780e-01 -9.339152e-03 4.412217e-02 -9.989825e-01 6.692462e+01
-9.978970e-01 6.384617e-02 1.119383e-02 -1.676019e+01 6.427768e-02 9.969732e-01 4.373517e-02 -5.300473e-01 -8.367630e-03 4.436270e-02 -9.989805e-01 6.545693e+01
-9.979650e-01 6.289225e-02 1.050772e-02 -1.674127e+01 6.330122e-02 9.969954e-01 4.464301e-02 -4.983233e-01 -7.668450e-03 4.521730e-02 -9.989478e-01 6.398723e+01
-9.979850e-01 6.268201e-02 9.846620e-03 -1.672374e+01 6.305887e-02 9.970263e-01 4.429629e-02 -4.662392e-01 -7.040759e-03 4.482794e-02 -9.989699e-01 6.252254e+01
-9.979786e-01 6.289153e-02 9.134442e-03 -1.670738e+01 6.321917e-02 9.971310e-01 4.162906e-02 -4.342216e-01 -6.490121e-03 4.212238e-02 -9.990914e-01 6.105928e+01
-9.979294e-01 6.371530e-02 8.792446e-03 -1.669261e+01 6.403372e-02 9.970382e-01 4.259535e-02 -4.028967e-01 -6.052430e-03 4.307016e-02 -9.990537e-01 5.958850e+01
-9.979020e-01 6.413386e-02 8.856182e-03 -1.667728e+01 6.448055e-02 9.968145e-01 4.693768e-02 -3.696661e-01 -5.817677e-03 4.741025e-02 -9.988586e-01 5.811853e+01
-9.978853e-01 6.435988e-02 9.102137e-03 -1.666067e+01 6.473547e-02 9.966556e-01 4.986952e-02 -3.318750e-01 -5.862100e-03 5.035328e-02 -9.987143e-01 5.665100e+01
-9.979060e-01 6.393729e-02 9.782009e-03 -1.664289e+01 6.434367e-02 9.967110e-01 4.926561e-02 -2.928006e-01 -6.599927e-03 4.979185e-02 -9.987378e-01 5.518855e+01
-9.978806e-01 6.419216e-02 1.066157e-02 -1.662286e+01 6.461413e-02 9.968685e-01 4.558632e-02 -2.553499e-01 -7.701897e-03 4.617858e-02 -9.989035e-01 5.373519e+01
-9.979451e-01 6.305049e-02 1.141465e-02 -1.660088e+01 6.347813e-02 9.970958e-01 4.207638e-02 -2.238776e-01 -8.728561e-03 4.271449e-02 -9.990492e-01 5.227704e+01
-9.979482e-01 6.286691e-02 1.213446e-02 -1.657777e+01 6.331780e-02 9.971398e-01 4.126693e-02 -1.950878e-01 -9.505430e-03 4.195058e-02 -9.990745e-01 5.082074e+01
-9.979863e-01 6.211617e-02 1.284571e-02 -1.655446e+01 6.261289e-02 9.971209e-01 4.277342e-02 -1.667537e-01 -1.015181e-02 4.349158e-02 -9.990022e-01 4.936683e+01
-9.979048e-01 6.325124e-02 1.361522e-02 -1.653154e+01 6.380973e-02 9.969250e-01 4.548331e-02 -1.361189e-01 -1.069648e-02 4.625679e-02 -9.988723e-01 4.791138e+01
-9.979337e-01 6.261598e-02 1.440877e-02 -1.650590e+01 6.325091e-02 9.967987e-01 4.890476e-02 -1.018661e-01 -1.130042e-02 4.971507e-02 -9.986995e-01 4.646111e+01
-9.980279e-01 6.102909e-02 1.468729e-02 -1.647825e+01 6.168075e-02 9.968925e-01 4.899851e-02 -6.682977e-02 -1.165131e-02 4.980779e-02 -9.986909e-01 4.501382e+01
-9.980346e-01 6.096175e-02 1.451392e-02 -1.645171e+01 6.155180e-02 9.971141e-01 4.443839e-02 -3.390796e-02 -1.176299e-02 4.524440e-02 -9.989067e-01 4.357573e+01
-9.980527e-01 6.078660e-02 1.399326e-02 -1.642535e+01 6.131456e-02 9.972746e-01 4.103506e-02 -4.286154e-03 -1.146074e-02 4.181313e-02 -9.990597e-01 4.213696e+01
-9.980190e-01 6.143993e-02 1.353255e-02 -1.640183e+01 6.195427e-02 9.972118e-01 4.159547e-02 2.267275e-02 -1.093920e-02 4.235146e-02 -9.990429e-01 4.069789e+01
-9.979832e-01 6.213644e-02 1.298538e-02 -1.635679e+01 6.267273e-02 9.969707e-01 4.605970e-02 8.060552e-02 -1.008406e-02 4.678063e-02 -9.988543e-01 3.782483e+01
-9.980653e-01 6.094545e-02 1.229859e-02 -1.633245e+01 6.143728e-02 9.971125e-01 4.463312e-02 1.118254e-01 -9.542891e-03 4.530235e-02 -9.989277e-01 3.639684e+01
-9.981822e-01 5.912608e-02 1.168322e-02 -1.630758e+01 5.958615e-02 9.972525e-01 4.401012e-02 1.414094e-01 -9.048970e-03 4.462627e-02 -9.989628e-01 3.497003e+01
-9.982400e-01 5.825875e-02 1.108149e-02 -1.628474e+01 5.868661e-02 9.973376e-01 4.328518e-02 1.706823e-01 -8.530246e-03 4.385933e-02 -9.990013e-01 3.354441e+01
-9.981956e-01 5.907366e-02 1.076243e-02 -1.626400e+01 5.947831e-02 9.973349e-01 4.225277e-02 1.998713e-01 -8.237723e-03 4.281666e-02 -9.990490e-01 3.212471e+01
-9.980851e-01 6.093635e-02 1.062518e-02 -1.624608e+01 6.133212e-02 9.972300e-01 4.207949e-02 2.279988e-01 -8.031575e-03 4.265057e-02 -9.990578e-01 3.070783e+01
-9.979286e-01 6.345056e-02 1.061285e-02 -1.622987e+01 6.385518e-02 9.970088e-01 4.354314e-02 2.572810e-01 -7.818268e-03 4.413062e-02 -9.989952e-01 2.928474e+01
-9.978948e-01 6.398418e-02 1.057938e-02 -1.621276e+01 6.439424e-02 9.969318e-01 4.450035e-02 2.860073e-01 -7.699599e-03 4.508792e-02 -9.989534e-01 2.786760e+01
-9.978945e-01 6.400279e-02 1.049413e-02 -1.619488e+01 6.439883e-02 9.969898e-01 4.317492e-02 3.156601e-01 -7.699227e-03 4.375982e-02 -9.990124e-01 2.645737e+01
-9.979995e-01 6.240263e-02 1.014253e-02 -1.617482e+01 6.278443e-02 9.970946e-01 4.313270e-02 3.455316e-01 -7.421471e-03 4.368320e-02 -9.990179e-01 2.505017e+01
-9.981263e-01 6.041187e-02 9.715641e-03 -1.615363e+01 6.077779e-02 9.972130e-01 4.326857e-02 3.743586e-01 -7.074629e-03 4.377798e-02 -9.990162e-01 2.364610e+01
-9.981867e-01 5.945625e-02 9.394593e-03 -1.613407e+01 5.980790e-02 9.972786e-01 4.310881e-02 4.041376e-01 -6.805939e-03 4.359250e-02 -9.990262e-01 2.224839e+01
-9.981998e-01 5.925734e-02 9.260632e-03 -1.611623e+01 5.961225e-02 9.972315e-01 4.444893e-02 4.323654e-01 -6.601068e-03 4.492095e-02 -9.989687e-01 2.085659e+01
-9.981502e-01 6.010732e-02 9.123937e-03 -1.610044e+01 6.045769e-02 9.971637e-01 4.482651e-02 4.615578e-01 -6.403658e-03 4.529519e-02 -9.989531e-01 1.947255e+01
-9.980702e-01 6.144745e-02 8.945937e-03 -1.608658e+01 6.179252e-02 9.970517e-01 4.549194e-02 4.926781e-01 -6.124199e-03 4.595694e-02 -9.989247e-01 1.808843e+01
-9.980492e-01 6.178748e-02 8.949430e-03 -1.607258e+01 6.213921e-02 9.969782e-01 4.661700e-02 5.236603e-01 -6.042040e-03 4.708216e-02 -9.988728e-01 1.670842e+01
-9.980720e-01 6.147985e-02 8.521729e-03 -1.605730e+01 6.179773e-02 9.971113e-01 4.415916e-02 5.539333e-01 -5.782215e-03 4.460063e-02 -9.989882e-01 1.533299e+01
-9.982061e-01 5.935397e-02 7.858637e-03 -1.604039e+01 5.962051e-02 9.974311e-01 3.970658e-02 5.822458e-01 -5.481706e-03 4.010388e-02 -9.991805e-01 1.396230e+01
-9.984388e-01 5.533209e-02 7.635271e-03 -1.601956e+01 5.558142e-02 9.977448e-01 3.763058e-02 6.052059e-01 -5.535874e-03 3.799620e-02 -9.992626e-01 1.259501e+01
-9.986130e-01 5.206469e-02 7.830086e-03 -1.599987e+01 5.233384e-02 9.978530e-01 3.937758e-02 6.277813e-01 -5.763094e-03 3.973274e-02 -9.991937e-01 1.122152e+01
-9.986657e-01 5.099182e-02 8.161612e-03 -1.598184e+01 5.129300e-02 9.977852e-01 4.235195e-02 6.536360e-01 -5.983933e-03 4.271407e-02 -9.990694e-01 9.852998e+00
-9.986022e-01 5.221129e-02 8.223331e-03 -1.596753e+01 5.252303e-02 9.976560e-01 4.386144e-02 6.821976e-01 -5.913994e-03 4.423204e-02 -9.990038e-01 8.487382e+00
-9.983719e-01 5.637386e-02 8.693603e-03 -1.595764e+01 5.671841e-02 9.973086e-01 4.646100e-02 7.126679e-01 -6.051019e-03 4.687843e-02 -9.988823e-01 7.122797e+00
-9.980954e-01 6.101955e-02 9.065314e-03 -1.594956e+01 6.138594e-02 9.969603e-01 4.797761e-02 7.443265e-01 -6.110186e-03 4.844271e-02 -9.988073e-01 5.763789e+00
-9.978490e-01 6.489754e-02 9.256706e-03 -1.592590e+01 6.524991e-02 9.968564e-01 4.494122e-02 8.125999e-01 -6.311033e-03 4.544854e-02 -9.989468e-01 3.038918e+00
-9.978945e-01 6.425028e-02 8.864203e-03 -1.590918e+01 6.456916e-02 9.970187e-01 4.224322e-02 8.446651e-01 -6.123639e-03 4.272662e-02 -9.990680e-01 1.676097e+00
-9.980357e-01 6.206958e-02 8.496662e-03 -1.588963e+01 6.237150e-02 9.971814e-01 4.170102e-02 8.754178e-01 -5.884349e-03 4.214905e-02 -9.990940e-01 3.089439e-01
-9.981426e-01 6.035870e-02 8.262218e-03 -1.587121e+01 6.065482e-02 9.972680e-01 4.215947e-02 9.045038e-01 -5.694956e-03 4.258229e-02 -9.990767e-01 -1.063172e+00
-9.981915e-01 5.958268e-02 7.982717e-03 -1.585397e+01 5.986557e-02 9.973312e-01 4.179185e-02 9.332548e-01 -5.471342e-03 4.219415e-02 -9.990945e-01 -2.436523e+00
-9.981810e-01 5.978109e-02 7.806611e-03 -1.583843e+01 6.004647e-02 9.973962e-01 3.993950e-02 9.601236e-01 -5.398658e-03 4.033560e-02 -9.991716e-01 -3.813595e+00
-9.982110e-01 5.929823e-02 7.650330e-03 -1.582320e+01 5.955514e-02 9.974449e-01 3.945702e-02 9.870965e-01 -5.291051e-03 3.984204e-02 -9.991920e-01 -5.192326e+00
-9.982221e-01 5.911473e-02 7.621830e-03 -1.580825e+01 5.937414e-02 9.974291e-01 4.012206e-02 1.014088e+00 -5.230431e-03 4.050326e-02 -9.991657e-01 -6.576470e+00
-9.984120e-01 5.589645e-02 7.002522e-03 -1.577390e+01 5.613218e-02 9.976267e-01 3.987574e-02 1.070725e+00 -4.756991e-03 4.020548e-02 -9.991801e-01 -9.357139e+00
-9.985480e-01 5.343326e-02 6.838777e-03 -1.575586e+01 5.367726e-02 9.976462e-01 4.267025e-02 1.100590e+00 -4.542669e-03 4.297538e-02 -9.990658e-01 -1.075522e+01
-9.986392e-01 5.173857e-02 6.549272e-03 -1.573852e+01 5.197258e-02 9.977273e-01 4.288286e-02 1.129671e+00 -4.315691e-03 4.316488e-02 -9.990587e-01 -1.214993e+01
-9.986651e-01 5.129537e-02 6.064406e-03 -1.572233e+01 5.149608e-02 9.978863e-01 3.963645e-02 1.159922e+00 -4.018422e-03 3.989583e-02 -9.991958e-01 -1.354746e+01
-9.987259e-01 5.009593e-02 6.075486e-03 -1.570577e+01 5.029395e-02 9.979864e-01 3.864713e-02 1.188722e+00 -4.127190e-03 3.890344e-02 -9.992345e-01 -1.495103e+01
-9.987346e-01 4.987561e-02 6.450228e-03 -1.569090e+01 5.009362e-02 9.979506e-01 3.981517e-02 1.214563e+00 -4.451203e-03 4.008790e-02 -9.991863e-01 -1.635914e+01
-9.988395e-01 4.771289e-02 6.570235e-03 -1.565947e+01 4.790896e-02 9.982765e-01 3.389294e-02 1.258378e+00 -4.941782e-03 3.416838e-02 -9.994039e-01 -1.917351e+01
-9.988650e-01 4.714921e-02 6.758016e-03 -1.564353e+01 4.734747e-02 9.983327e-01 3.301464e-02 1.279114e+00 -5.190135e-03 3.329713e-02 -9.994320e-01 -2.058415e+01
-9.988259e-01 4.792008e-02 7.108967e-03 -1.562986e+01 4.814156e-02 9.982201e-01 3.520011e-02 1.298206e+00 -5.409522e-03 3.550102e-02 -9.993550e-01 -2.200393e+01
-9.986792e-01 5.080472e-02 7.668109e-03 -1.561782e+01 5.104820e-02 9.980521e-01 3.586218e-02 1.320134e+00 -5.831205e-03 3.620625e-02 -9.993273e-01 -2.342439e+01
-9.985784e-01 5.266642e-02 8.207361e-03 -1.560601e+01 5.292318e-02 9.979830e-01 3.505759e-02 1.342475e+00 -6.344450e-03 3.544210e-02 -9.993516e-01 -2.484504e+01
-9.985995e-01 5.219932e-02 8.624543e-03 -1.559027e+01 5.247315e-02 9.979963e-01 3.535317e-02 1.362532e+00 -6.761851e-03 3.575620e-02 -9.993377e-01 -2.626783e+01
-9.986265e-01 5.170082e-02 8.491415e-03 -1.557331e+01 5.195665e-02 9.980928e-01 3.333387e-02 1.381668e+00 -6.751833e-03 3.372927e-02 -9.994082e-01 -2.768798e+01
-9.986996e-01 5.013583e-02 9.247076e-03 -1.553676e+01 5.045358e-02 9.979988e-01 3.811475e-02 1.423844e+00 -7.317657e-03 3.853173e-02 -9.992306e-01 -3.054783e+01
-9.984151e-01 5.523641e-02 1.078343e-02 -1.550772e+01 5.560162e-02 9.977612e-01 3.716145e-02 1.474487e+00 -8.706622e-03 3.770212e-02 -9.992511e-01 -3.339613e+01
-9.982982e-01 5.717049e-02 1.150016e-02 -1.549326e+01 5.756597e-02 9.976318e-01 3.764192e-02 1.496909e+00 -9.320924e-03 3.823987e-02 -9.992251e-01 -3.481999e+01
-9.982158e-01 5.851036e-02 1.190891e-02 -1.547662e+01 5.893325e-02 9.975016e-01 3.895420e-02 1.519635e+00 -9.599936e-03 3.958653e-02 -9.991700e-01 -3.624448e+01
-9.980951e-01 6.048764e-02 1.213909e-02 -1.546088e+01 6.092067e-02 9.973724e-01 3.920397e-02 1.542757e+00 -9.735842e-03 3.986881e-02 -9.991575e-01 -3.766558e+01
-9.978350e-01 6.448159e-02 1.294394e-02 -1.542668e+01 6.496352e-02 9.970406e-01 4.110680e-02 1.593713e+00 -1.025500e-02 4.185868e-02 -9.990709e-01 -4.049901e+01
-9.977114e-01 6.633606e-02 1.309394e-02 -1.540927e+01 6.683278e-02 9.968766e-01 4.207560e-02 1.621146e+00 -1.026191e-02 4.285441e-02 -9.990286e-01 -4.191388e+01
-9.975562e-01 6.863974e-02 1.304847e-02 -1.539245e+01 6.909955e-02 9.968530e-01 3.884983e-02 1.647343e+00 -1.034077e-02 3.965652e-02 -9.991599e-01 -4.332259e+01
-9.973844e-01 7.107147e-02 1.316364e-02 -1.537523e+01 7.147924e-02 9.968743e-01 3.364828e-02 1.670185e+00 -1.073107e-02 3.450119e-02 -9.993471e-01 -4.472465e+01
-9.973255e-01 7.182933e-02 1.350404e-02 -1.533783e+01 7.227029e-02 9.967482e-01 3.563565e-02 1.710257e+00 -1.090045e-02 3.651628e-02 -9.992736e-01 -4.753795e+01
-9.973876e-01 7.099656e-02 1.332579e-02 -1.529715e+01 7.143116e-02 9.968098e-01 3.560447e-02 1.757778e+00 -1.075548e-02 3.646333e-02 -9.992771e-01 -5.034660e+01
-9.974228e-01 7.049477e-02 1.334801e-02 -1.525676e+01 7.094330e-02 9.968014e-01 3.679631e-02 1.808697e+00 -1.071136e-02 3.764843e-02 -9.992336e-01 -5.315272e+01
-9.974727e-01 7.007673e-02 1.172164e-02 -1.521771e+01 7.043414e-02 9.969531e-01 3.351899e-02 1.859642e+00 -9.337023e-03 3.425988e-02 -9.993694e-01 -5.594950e+01
-9.974996e-01 6.986203e-02 1.067253e-02 -1.519945e+01 7.019448e-02 9.969250e-01 3.483105e-02 1.883021e+00 -8.206342e-03 3.549311e-02 -9.993362e-01 -5.735212e+01
-9.974445e-01 7.074861e-02 9.959040e-03 -1.518410e+01 7.105641e-02 9.968584e-01 3.498852e-02 1.905888e+00 -7.452364e-03 3.560676e-02 -9.993381e-01 -5.875141e+01
-9.974123e-01 7.141855e-02 8.250467e-03 -1.515697e+01 7.165585e-02 9.968711e-01 3.336899e-02 1.949198e+00 -5.841488e-03 3.387383e-02 -9.994091e-01 -6.154936e+01
-9.974611e-01 7.082439e-02 7.441251e-03 -1.514226e+01 7.104011e-02 9.968779e-01 3.446403e-02 1.969588e+00 -4.977126e-03 3.490515e-02 -9.993782e-01 -6.295149e+01
-9.975182e-01 7.009872e-02 6.600210e-03 -1.512801e+01 7.028769e-02 9.969132e-01 3.498168e-02 1.989950e+00 -4.127665e-03 3.535878e-02 -9.993662e-01 -6.435076e+01
-9.976038e-01 6.893953e-02 5.836322e-03 -1.511338e+01 6.910363e-02 9.969812e-01 3.539958e-02 2.010300e+00 -3.378274e-03 3.571806e-02 -9.993562e-01 -6.575074e+01
-9.976086e-01 6.892245e-02 5.171941e-03 -1.510121e+01 6.906309e-02 9.969809e-01 3.548840e-02 2.031551e+00 -2.710379e-03 3.576072e-02 -9.993567e-01 -6.714653e+01
-9.975525e-01 6.975974e-02 4.749880e-03 -1.508303e+01 6.988353e-02 9.969428e-01 3.494575e-02 2.071234e+00 -2.297553e-03 3.519215e-02 -9.993779e-01 -6.993462e+01
-9.975162e-01 7.024302e-02 5.223299e-03 -1.506438e+01 7.037346e-02 9.970212e-01 3.156201e-02 2.102811e+00 -2.990730e-03 3.185120e-02 -9.994882e-01 -7.270839e+01
-9.973383e-01 7.261206e-02 6.626743e-03 -1.504316e+01 7.279938e-02 9.967420e-01 3.472240e-02 2.130723e+00 -4.083888e-03 3.511240e-02 -9.993750e-01 -7.547624e+01
-9.972610e-01 7.354770e-02 7.823469e-03 -1.503084e+01 7.378874e-02 9.965841e-01 3.708515e-02 2.146554e+00 -5.069218e-03 3.756085e-02 -9.992815e-01 -7.685642e+01
-9.971982e-01 7.425921e-02 9.013432e-03 -1.501678e+01 7.454127e-02 9.965473e-01 3.656561e-02 2.163460e+00 -6.266979e-03 3.713503e-02 -9.992906e-01 -7.822646e+01
-9.972048e-01 7.410788e-02 9.521483e-03 -1.499833e+01 7.438356e-02 9.966868e-01 3.290164e-02 2.179823e+00 -7.051666e-03 3.351791e-02 -9.994132e-01 -7.959325e+01
-9.974315e-01 7.094710e-02 9.843520e-03 -1.495957e+01 7.122432e-02 9.969642e-01 3.145664e-02 2.200916e+00 -7.581880e-03 3.207694e-02 -9.994567e-01 -8.231728e+01
-9.973876e-01 7.151375e-02 1.018872e-02 -1.492467e+01 7.185845e-02 9.966573e-01 3.886684e-02 2.232509e+00 -7.375146e-03 3.949744e-02 -9.991925e-01 -8.503495e+01
-9.973415e-01 7.222395e-02 9.672534e-03 -1.489187e+01 7.253602e-02 9.966730e-01 3.716616e-02 2.268643e+00 -6.956067e-03 3.776896e-02 -9.992623e-01 -8.772673e+01
-9.974807e-01 7.051089e-02 7.777308e-03 -1.485657e+01 7.073804e-02 9.969025e-01 3.437215e-02 2.296993e+00 -5.329608e-03 3.483570e-02 -9.993789e-01 -9.040801e+01
-9.975926e-01 6.907079e-02 6.191566e-03 -1.482426e+01 6.925341e-02 9.969124e-01 3.700800e-02 2.326927e+00 -3.616278e-03 3.734769e-02 -9.992958e-01 -9.307672e+01
-9.975990e-01 6.908942e-02 4.782445e-03 -1.479798e+01 6.921422e-02 9.969976e-01 3.471631e-02 2.357904e+00 -2.369557e-03 3.496396e-02 -9.993858e-01 -9.572436e+01
-9.976264e-01 6.877106e-02 3.472441e-03 -1.477603e+01 6.885297e-02 9.969242e-01 3.743363e-02 2.389834e+00 -8.874102e-04 3.758386e-02 -9.992931e-01 -9.836341e+01
-9.976105e-01 6.906941e-02 1.670244e-03 -1.475854e+01 6.908340e-02 9.969045e-01 3.753403e-02 2.426874e+00 9.273786e-04 3.755972e-02 -9.992940e-01 -1.009838e+02
-9.976217e-01 6.892705e-02 2.303922e-04 -1.474410e+01 6.888804e-02 9.969325e-01 3.714793e-02 2.462669e+00 2.330812e-03 3.707545e-02 -9.993098e-01 -1.035926e+02
-9.976351e-01 6.872422e-02 -1.069147e-03 -1.473425e+01 6.863915e-02 9.969695e-01 3.661297e-02 2.498308e+00 3.582105e-03 3.645299e-02 -9.993290e-01 -1.061858e+02
-9.976375e-01 6.867199e-02 -1.894302e-03 -1.473066e+01 6.856168e-02 9.970143e-01 3.551985e-02 2.514949e+00 4.327866e-03 3.530605e-02 -9.993672e-01 -1.074728e+02
-9.975813e-01 6.945416e-02 -2.756067e-03 -1.472729e+01 6.931596e-02 9.969826e-01 3.494145e-02 2.547386e+00 5.174580e-03 3.466590e-02 -9.993856e-01 -1.100459e+02
-9.975384e-01 7.007642e-02 -2.521275e-03 -1.472479e+01 6.993704e-02 9.968752e-01 3.672210e-02 2.582153e+00 5.086750e-03 3.645537e-02 -9.993223e-01 -1.126054e+02
-9.975349e-01 7.013503e-02 -2.293968e-03 -1.471960e+01 7.000618e-02 9.968875e-01 3.625377e-02 2.617244e+00 4.829488e-03 3.600380e-02 -9.993400e-01 -1.151477e+02
-9.974808e-01 7.090842e-02 -2.022760e-03 -1.471780e+01 7.078658e-02 9.968146e-01 3.674006e-02 2.634202e+00 4.621496e-03 3.650431e-02 -9.993228e-01 -1.164111e+02
-9.974833e-01 7.088889e-02 -1.379394e-03 -1.471284e+01 7.078300e-02 9.967442e-01 3.861105e-02 2.667793e+00 4.111998e-03 3.841624e-02 -9.992534e-01 -1.189238e+02
-9.974995e-01 7.066122e-02 -1.290068e-03 -1.470566e+01 7.056123e-02 9.967820e-01 3.803523e-02 2.703911e+00 3.973532e-03 3.784909e-02 -9.992756e-01 -1.214141e+02
-9.975252e-01 7.028078e-02 -2.044132e-03 -1.470054e+01 7.015567e-02 9.968359e-01 3.736675e-02 2.735913e+00 4.663829e-03 3.713086e-02 -9.992995e-01 -1.238671e+02
-9.975902e-01 6.930192e-02 -3.333687e-03 -1.469881e+01 6.912645e-02 9.968874e-01 3.790665e-02 2.751503e+00 5.950314e-03 3.758485e-02 -9.992757e-01 -1.250815e+02
-9.977402e-01 6.694356e-02 -5.746508e-03 -1.469852e+01 6.666242e-02 9.969766e-01 3.992097e-02 2.784821e+00 8.401586e-03 3.944767e-02 -9.991863e-01 -1.274852e+02
-9.977434e-01 6.662080e-02 -8.357317e-03 -1.470614e+01 6.626589e-02 9.971051e-01 3.728557e-02 2.817529e+00 1.081712e-02 3.664762e-02 -9.992697e-01 -1.298453e+02
-9.976491e-01 6.794622e-02 -8.924767e-03 -1.471896e+01 6.755099e-02 9.969567e-01 3.891207e-02 2.848691e+00 1.154154e-02 3.821770e-02 -9.992028e-01 -1.321621e+02
-9.976135e-01 6.850765e-02 -8.606301e-03 -1.472488e+01 6.809693e-02 9.968227e-01 4.131803e-02 2.863999e+00 1.140956e-02 4.063336e-02 -9.991090e-01 -1.332996e+02
-9.974696e-01 7.057097e-02 -8.609803e-03 -1.473334e+01 7.014963e-02 9.966483e-01 4.208462e-02 2.880267e+00 1.155090e-02 4.137414e-02 -9.990770e-01 -1.344174e+02
-9.973322e-01 7.249416e-02 -8.554776e-03 -1.474314e+01 7.208322e-02 9.965455e-01 4.124449e-02 2.895211e+00 1.151521e-02 4.051780e-02 -9.991125e-01 -1.355140e+02
-9.974585e-01 7.069405e-02 -8.881130e-03 -1.474619e+01 7.025830e-02 9.966296e-01 4.234544e-02 2.913166e+00 1.184477e-02 4.161384e-02 -9.990636e-01 -1.365942e+02
-9.974491e-01 7.084432e-02 -8.740709e-03 -1.475233e+01 7.037702e-02 9.964825e-01 4.549437e-02 2.928943e+00 1.193298e-02 4.476317e-02 -9.989264e-01 -1.376542e+02
-9.974949e-01 6.969297e-02 -1.211483e-02 -1.476466e+01 6.910044e-02 9.966437e-01 4.389185e-02 2.964758e+00 1.513313e-02 4.294475e-02 -9.989628e-01 -1.396957e+02
-9.974166e-01 7.034883e-02 -1.453474e-02 -1.478487e+01 6.963502e-02 9.965635e-01 4.485647e-02 2.993256e+00 1.764039e-02 4.372846e-02 -9.988877e-01 -1.416311e+02
-9.973286e-01 7.143360e-02 -1.525850e-02 -1.479743e+01 7.067695e-02 9.964649e-01 4.541408e-02 3.006784e+00 1.844865e-02 4.421434e-02 -9.988517e-01 -1.425562e+02
-9.972718e-01 7.230600e-02 -1.485943e-02 -1.480845e+01 7.156572e-02 9.964001e-01 4.544338e-02 3.020005e+00 1.809177e-02 4.425597e-02 -9.988564e-01 -1.434522e+02
-9.969561e-01 7.764157e-02 -7.091003e-03 -1.482330e+01 7.726579e-02 9.960747e-01 4.318641e-02 3.044707e+00 1.041623e-02 4.250706e-02 -9.990419e-01 -1.451550e+02
-9.916589e-01 8.301968e-02 9.859229e-02 -1.459929e+01 8.765648e-02 9.951934e-01 4.366123e-02 3.086043e+00 -9.449367e-02 5.193930e-02 -9.941696e-01 -1.489260e+02
-9.829437e-01 8.228185e-02 1.644732e-01 -1.436420e+01 8.974881e-02 9.952207e-01 3.848285e-02 3.087775e+00 -1.605207e-01 5.258774e-02 -9.856306e-01 -1.502250e+02
-9.651190e-01 8.402038e-02 2.479637e-01 -1.403648e+01 9.351823e-02 9.952580e-01 2.675483e-02 3.090778e+00 -2.445399e-01 4.901071e-02 -9.683998e-01 -1.514162e+02
-5.852209e-01 6.054081e-02 8.086107e-01 -1.046589e+01 8.320129e-02 9.964289e-01 -1.438702e-02 2.901563e+00 -8.065941e-01 5.885785e-02 -5.881681e-01 -1.558564e+02
-4.036625e-01 5.054141e-02 9.135109e-01 -9.106293e+00 7.023344e-02 9.972384e-01 -2.413901e-02 2.815747e+00 -9.122083e-01 5.441499e-02 -4.060975e-01 -1.564059e+02
-2.728866e-01 5.136584e-02 9.606740e-01 -8.174402e+00 6.579334e-02 9.972321e-01 -3.463148e-02 2.755500e+00 -9.597938e-01 5.375547e-02 -2.755108e-01 -1.566351e+02
2.153441e-01 -2.536548e-03 9.765349e-01 -4.779011e+00 3.856752e-02 9.992385e-01 -5.909337e-03 2.569364e+00 -9.757764e-01 3.893506e-02 2.152780e-01 -1.562439e+02
4.215235e-01 -1.487379e-02 9.066955e-01 -3.375344e+00 3.687970e-02 9.993194e-01 -7.521703e-04 2.534833e+00 -9.060673e-01 3.375570e-02 4.217851e-01 -1.555541e+02
4.860041e-01 -2.068115e-02 8.737118e-01 -2.922418e+00 3.713383e-02 9.993058e-01 2.998246e-03 2.530704e+00 -8.731673e-01 3.098709e-02 4.864347e-01 -1.552209e+02
7.087768e-01 -2.439897e-02 7.050107e-01 -1.268487e+00 3.271882e-02 9.994631e-01 1.695776e-03 2.493093e+00 -7.046737e-01 2.186519e-02 7.091946e-01 -1.536401e+02
7.533520e-01 -2.429471e-02 6.571685e-01 -8.983582e-01 3.466894e-02 9.993949e-01 -2.796695e-03 2.487045e+00 -6.567030e-01 2.489022e-02 7.537385e-01 -1.531409e+02
7.940748e-01 -2.464464e-02 6.073202e-01 -5.510777e-01 3.456624e-02 9.993916e-01 -4.640924e-03 2.478814e+00 -6.068364e-01 2.467801e-02 7.944436e-01 -1.526325e+02
9.237462e-01 -2.721279e-02 3.820373e-01 5.523554e-01 2.945011e-02 9.995662e-01 -8.987232e-06 2.433161e+00 -3.818713e-01 1.125934e-02 9.241469e-01 -1.502166e+02
9.449167e-01 -2.612841e-02 3.262664e-01 7.484821e-01 2.743938e-02 9.996233e-01 5.843422e-04 2.422189e+00 -3.261587e-01 8.400390e-03 9.452777e-01 -1.495497e+02
9.612644e-01 -2.039293e-02 2.748725e-01 9.129124e-01 2.153763e-02 9.997674e-01 -1.146595e-03 2.410623e+00 -2.747852e-01 7.022281e-03 9.614800e-01 -1.488380e+02
9.821288e-01 -8.921973e-03 1.879984e-01 1.163229e+00 9.897660e-03 9.999420e-01 -4.251735e-03 2.393425e+00 -1.879496e-01 6.036495e-03 9.821601e-01 -1.473483e+02
9.883609e-01 -8.628201e-03 1.518828e-01 1.265054e+00 9.235369e-03 9.999519e-01 -3.292598e-03 2.383452e+00 -1.518471e-01 4.656968e-03 9.883930e-01 -1.465668e+02
9.929339e-01 -8.521186e-03 1.183626e-01 1.348496e+00 8.772109e-03 9.999602e-01 -1.599113e-03 2.371923e+00 -1.183442e-01 2.626103e-03 9.929692e-01 -1.457604e+02
9.961040e-01 -7.528316e-03 8.786447e-02 1.407670e+00 7.622948e-03 9.999706e-01 -7.415101e-04 2.359471e+00 -8.785631e-02 1.408408e-03 9.961322e-01 -1.449267e+02
9.992350e-01 5.962875e-04 3.910348e-02 1.463451e+00 -5.387739e-04 9.999987e-01 -1.481331e-03 2.332663e+00 -3.910432e-02 1.459130e-03 9.992341e-01 -1.431977e+02
9.997137e-01 5.769106e-03 2.322264e-02 1.469675e+00 -5.710986e-03 9.999804e-01 -2.568352e-03 2.319985e+00 -2.323700e-02 2.434993e-03 9.997270e-01 -1.423032e+02
9.998497e-01 1.438674e-02 9.678533e-03 1.471319e+00 -1.435034e-02 9.998897e-01 -3.820593e-03 2.290968e+00 -9.732432e-03 3.681128e-03 9.999459e-01 -1.404509e+02
9.998449e-01 1.528506e-02 8.754673e-03 1.479967e+00 -1.525879e-02 9.998789e-01 -3.059588e-03 2.274698e+00 -8.800379e-03 2.925528e-03 9.999570e-01 -1.394923e+02
9.998714e-01 1.399469e-02 7.827091e-03 1.489345e+00 -1.398086e-02 9.999006e-01 -1.819670e-03 2.260154e+00 -7.851779e-03 1.710007e-03 9.999677e-01 -1.385154e+02
9.999186e-01 1.176204e-02 4.944630e-03 1.504842e+00 -1.175716e-02 9.999303e-01 -1.014327e-03 2.234017e+00 -4.956216e-03 9.561103e-04 9.999873e-01 -1.365045e+02
9.999230e-01 1.212913e-02 2.635547e-03 1.505414e+00 -1.212491e-02 9.999252e-01 -1.610297e-03 2.220167e+00 -2.654882e-03 1.578218e-03 9.999952e-01 -1.354735e+02
9.999310e-01 1.172534e-02 6.855855e-04 1.504501e+00 -1.172483e-02 9.999310e-01 -7.339802e-04 2.205688e+00 -6.941440e-04 7.258918e-04 9.999995e-01 -1.344219e+02
9.999307e-01 1.172244e-02 -1.101900e-03 1.503329e+00 -1.172044e-02 9.999297e-01 1.805016e-03 2.190202e+00 1.122982e-03 -1.791975e-03 9.999978e-01 -1.333518e+02
9.999438e-01 1.017712e-02 -2.970131e-03 1.501627e+00 -1.016840e-02 9.999440e-01 2.934698e-03 2.176140e+00 2.999832e-03 -2.904330e-03 9.999913e-01 -1.322648e+02
9.999420e-01 9.050453e-03 -5.833740e-03 1.491650e+00 -9.051606e-03 9.999590e-01 -1.708351e-04 2.144473e+00 5.831955e-03 2.236305e-04 9.999830e-01 -1.300390e+02
9.999362e-01 8.822615e-03 -7.058630e-03 1.482380e+00 -8.824962e-03 9.999610e-01 -3.011758e-04 2.128143e+00 7.055699e-03 3.634494e-04 9.999751e-01 -1.288996e+02
9.999224e-01 9.719678e-03 -7.790702e-03 1.470024e+00 -9.722542e-03 9.999527e-01 -3.295456e-04 2.111152e+00 7.787131e-03 4.052662e-04 9.999696e-01 -1.277441e+02
9.999140e-01 1.025224e-02 -8.175770e-03 1.458443e+00 -1.026282e-02 9.999465e-01 -1.251767e-03 2.092643e+00 8.162501e-03 1.335566e-03 9.999658e-01 -1.265764e+02
9.999148e-01 1.022533e-02 -8.118666e-03 1.447721e+00 -1.024296e-02 9.999452e-01 -2.132941e-03 2.073753e+00 8.096413e-03 2.215919e-03 9.999648e-01 -1.253883e+02
9.999199e-01 1.084179e-02 -6.535539e-03 1.426398e+00 -1.084800e-02 9.999407e-01 -9.156124e-04 2.032685e+00 6.525225e-03 9.864371e-04 9.999782e-01 -1.229654e+02
9.999226e-01 1.136649e-02 -5.062827e-03 1.418040e+00 -1.138007e-02 9.999317e-01 -2.661598e-03 2.009877e+00 5.032229e-03 2.719008e-03 9.999837e-01 -1.217344e+02
9.999270e-01 1.164681e-02 -3.221536e-03 1.413177e+00 -1.166704e-02 9.999119e-01 -6.332524e-03 1.984400e+00 3.147499e-03 6.369647e-03 9.999748e-01 -1.204917e+02
9.999382e-01 1.100924e-02 -1.526074e-03 1.410381e+00 -1.102253e-02 9.998988e-01 -8.986750e-03 1.956743e+00 1.426983e-03 9.003015e-03 9.999585e-01 -1.192315e+02
9.999653e-01 8.308351e-03 -6.239788e-04 1.405768e+00 -8.313458e-03 9.999277e-01 -8.681081e-03 1.897027e+00 5.518086e-04 8.685966e-03 9.999621e-01 -1.166572e+02
9.999724e-01 7.237877e-03 -1.684790e-03 1.402662e+00 -7.251946e-03 9.999376e-01 -8.498931e-03 1.864276e+00 1.623171e-03 8.510913e-03 9.999625e-01 -1.153483e+02
9.999684e-01 7.392424e-03 -2.942274e-03 1.396732e+00 -7.426026e-03 9.999054e-01 -1.157771e-02 1.832056e+00 2.856409e-03 1.159919e-02 9.999287e-01 -1.140291e+02
9.999343e-01 7.785340e-03 -8.409924e-03 1.369687e+00 -7.883585e-03 9.999003e-01 -1.171244e-02 1.767521e+00 8.317901e-03 1.177797e-02 9.998960e-01 -1.113405e+02
9.999150e-01 7.049963e-03 -1.096645e-02 1.351798e+00 -7.158844e-03 9.999251e-01 -9.921033e-03 1.734254e+00 1.089569e-02 9.998696e-03 9.998907e-01 -1.099726e+02
9.998908e-01 8.118665e-03 -1.234841e-02 1.330549e+00 -8.244633e-03 9.999141e-01 -1.018451e-02 1.700357e+00 1.226467e-02 1.028521e-02 9.998719e-01 -1.085928e+02
9.998774e-01 7.803456e-03 -1.357941e-02 1.308290e+00 -7.958173e-03 9.999036e-01 -1.137688e-02 1.668467e+00 1.348933e-02 1.148355e-02 9.998431e-01 -1.072003e+02
9.998665e-01 6.969211e-03 -1.477678e-02 1.284827e+00 -7.144612e-03 9.999042e-01 -1.185059e-02 1.635925e+00 1.469278e-02 1.195459e-02 9.998206e-01 -1.057911e+02
9.998518e-01 6.986507e-03 -1.573240e-02 1.259616e+00 -7.196031e-03 9.998856e-01 -1.330096e-02 1.601652e+00 1.563767e-02 1.341220e-02 9.997878e-01 -1.043679e+02
9.998208e-01 8.762031e-03 -1.678195e-02 1.230259e+00 -8.989554e-03 9.998680e-01 -1.353036e-02 1.565326e+00 1.666119e-02 1.367879e-02 9.997676e-01 -1.029321e+02
9.998211e-01 8.364186e-03 -1.696268e-02 1.202212e+00 -8.570344e-03 9.998898e-01 -1.211747e-02 1.530047e+00 1.685946e-02 1.226068e-02 9.997827e-01 -1.014787e+02
9.998095e-01 1.030041e-02 -1.657864e-02 1.170075e+00 -1.045481e-02 9.999025e-01 -9.253150e-03 1.495851e+00 1.648172e-02 9.424713e-03 9.998198e-01 -1.000076e+02
9.998152e-01 1.049543e-02 -1.610808e-02 1.142136e+00 -1.061219e-02 9.999179e-01 -7.180130e-03 1.463280e+00 1.603140e-02 7.349744e-03 9.998445e-01 -9.852911e+01
9.998297e-01 9.547110e-03 -1.579432e-02 1.115543e+00 -9.625478e-03 9.999417e-01 -4.893114e-03 1.436157e+00 1.574669e-02 5.044309e-03 9.998633e-01 -9.702601e+01
9.998310e-01 1.018513e-02 -1.530751e-02 1.089274e+00 -1.016702e-02 9.999475e-01 1.261045e-03 1.410680e+00 1.531956e-02 -1.105199e-03 9.998820e-01 -9.551571e+01
9.998313e-01 1.055264e-02 -1.503758e-02 1.062982e+00 -1.044967e-02 9.999215e-01 6.909875e-03 1.390693e+00 1.510932e-02 -6.751569e-03 9.998631e-01 -9.400229e+01
9.998229e-01 1.132651e-02 -1.503073e-02 1.036568e+00 -1.118018e-02 9.998896e-01 9.784020e-03 1.374673e+00 1.513989e-02 -9.614238e-03 9.998392e-01 -9.249143e+01
9.998011e-01 1.312047e-02 -1.502431e-02 1.009148e+00 -1.294293e-02 9.998459e-01 1.185390e-02 1.361424e+00 1.517752e-02 -1.165708e-02 9.998169e-01 -9.098226e+01
9.998064e-01 1.258318e-02 -1.512788e-02 9.847340e-01 -1.239264e-02 9.998435e-01 1.262391e-02 1.348472e+00 1.528436e-02 -1.243399e-02 9.998059e-01 -8.947609e+01
9.998065e-01 1.207195e-02 -1.552940e-02 9.616474e-01 -1.190394e-02 9.998701e-01 1.086670e-02 1.333401e+00 1.565857e-02 -1.067974e-02 9.998204e-01 -8.797323e+01
9.998224e-01 1.129864e-02 -1.508499e-02 9.399983e-01 -1.117443e-02 9.999031e-01 8.293534e-03 1.316473e+00 1.517723e-02 -8.123493e-03 9.998518e-01 -8.646690e+01
9.998417e-01 1.069229e-02 -1.421860e-02 9.191412e-01 -1.057739e-02 9.999110e-01 8.131852e-03 1.298308e+00 1.430429e-02 -7.980167e-03 9.998659e-01 -8.496724e+01
9.998529e-01 1.094089e-02 -1.320999e-02 8.995469e-01 -1.079722e-02 9.998823e-01 1.089828e-02 1.282847e+00 1.332768e-02 -1.075405e-02 9.998534e-01 -8.345436e+01
9.998786e-01 9.161384e-03 -1.260632e-02 8.834484e-01 -9.026229e-03 9.999016e-01 1.073679e-02 1.268237e+00 1.270345e-02 -1.062170e-02 9.998629e-01 -8.194950e+01
9.998867e-01 8.924084e-03 -1.212064e-02 8.679533e-01 -8.815571e-03 9.999208e-01 8.977002e-03 1.252710e+00 1.219980e-02 -8.869132e-03 9.998863e-01 -8.044554e+01
9.998970e-01 8.621624e-03 -1.147891e-02 8.520469e-01 -8.521275e-03 9.999253e-01 8.762624e-03 1.234831e+00 1.155360e-02 -8.663904e-03 9.998957e-01 -7.894240e+01
9.999072e-01 8.068648e-03 -1.097549e-02 8.381739e-01 -7.948384e-03 9.999083e-01 1.095748e-02 1.219714e+00 1.106290e-02 -1.086922e-02 9.998797e-01 -7.743960e+01
9.999213e-01 7.106468e-03 -1.034404e-02 8.255732e-01 -6.970239e-03 9.998893e-01 1.314694e-02 1.207956e+00 1.043632e-02 -1.307380e-02 9.998601e-01 -7.593444e+01
9.999246e-01 6.616504e-03 -1.034792e-02 8.134235e-01 -6.463607e-03 9.998704e-01 1.474004e-02 1.199179e+00 1.044411e-02 -1.467204e-02 9.998378e-01 -7.443200e+01
9.999226e-01 6.162919e-03 -1.080590e-02 8.003155e-01 -6.012655e-03 9.998855e-01 1.388361e-02 1.189369e+00 1.089023e-02 -1.381756e-02 9.998452e-01 -7.293636e+01
9.999143e-01 6.437677e-03 -1.140311e-02 7.849788e-01 -6.330936e-03 9.999360e-01 9.372277e-03 1.176896e+00 1.146272e-02 -9.299279e-03 9.998911e-01 -7.144336e+01
9.998804e-01 9.638168e-03 -1.209595e-02 7.639540e-01 -9.555515e-03 9.999307e-01 6.872532e-03 1.160600e+00 1.216135e-02 -6.756125e-03 9.999032e-01 -6.995600e+01
9.998636e-01 1.080134e-02 -1.249375e-02 7.450432e-01 -1.069166e-02 9.999040e-01 8.812699e-03 1.144297e+00 1.258774e-02 -8.677916e-03 9.998831e-01 -6.846260e+01
9.998444e-01 1.216311e-02 -1.277391e-02 7.252411e-01 -1.203053e-02 9.998735e-01 1.040533e-02 1.128317e+00 1.289886e-02 -1.025003e-02 9.998643e-01 -6.697132e+01
9.998662e-01 8.101700e-03 -1.421152e-02 6.946295e-01 -7.985012e-03 9.999341e-01 8.248548e-03 1.096104e+00 1.427741e-02 -8.133963e-03 9.998650e-01 -6.400515e+01
9.998632e-01 7.168635e-03 -1.490508e-02 6.777408e-01 -6.996316e-03 9.999084e-01 1.158139e-02 1.080622e+00 1.498673e-02 -1.147552e-02 9.998218e-01 -6.252551e+01
9.998523e-01 6.260061e-03 -1.600617e-02 6.587746e-01 -6.098097e-03 9.999299e-01 1.014782e-02 1.067484e+00 1.606858e-02 -1.004871e-02 9.998204e-01 -6.104536e+01
9.998328e-01 5.763396e-03 -1.735357e-02 6.370383e-01 -5.662902e-03 9.999669e-01 5.834658e-03 1.049226e+00 1.738662e-02 -5.735409e-03 9.998324e-01 -5.957557e+01
9.998140e-01 5.161769e-03 -1.858173e-02 6.135026e-01 -5.039257e-03 9.999653e-01 6.634012e-03 1.030981e+00 1.861533e-02 -6.539139e-03 9.998053e-01 -5.810346e+01
9.997897e-01 5.268217e-03 -1.981739e-02 5.856644e-01 -5.036417e-03 9.999185e-01 1.172866e-02 1.015669e+00 1.987756e-02 -1.162638e-02 9.997348e-01 -5.662762e+01
9.997643e-01 4.956661e-03 -2.113885e-02 5.571177e-01 -4.709208e-03 9.999200e-01 1.173985e-02 1.005763e+00 2.119535e-02 -1.163754e-02 9.997076e-01 -5.516060e+01
9.997430e-01 5.421569e-03 -2.201151e-02 5.253982e-01 -5.191608e-03 9.999315e-01 1.049109e-02 9.957028e-01 2.206689e-02 -1.037411e-02 9.997027e-01 -5.369802e+01
9.997366e-01 6.646111e-03 -2.196887e-02 4.907091e-01 -6.412830e-03 9.999225e-01 1.067225e-02 9.846881e-01 2.203810e-02 -1.052855e-02 9.997017e-01 -5.223668e+01
9.997252e-01 7.966123e-03 -2.204857e-02 4.561315e-01 -7.729505e-03 9.999118e-01 1.079625e-02 9.709516e-01 2.213263e-02 -1.062286e-02 9.996986e-01 -5.077854e+01
9.997206e-01 8.051061e-03 -2.222549e-02 4.235407e-01 -7.821933e-03 9.999155e-01 1.037708e-02 9.558653e-01 2.230716e-02 -1.020033e-02 9.996991e-01 -4.932287e+01
9.997240e-01 7.722918e-03 -2.218627e-02 3.928533e-01 -7.512660e-03 9.999262e-01 9.544790e-03 9.391869e-01 2.225835e-02 -9.375475e-03 9.997083e-01 -4.786940e+01
9.997396e-01 7.072866e-03 -2.169461e-02 3.621644e-01 -6.865575e-03 9.999302e-01 9.614648e-03 9.230089e-01 2.176110e-02 -9.463196e-03 9.997184e-01 -4.641797e+01
9.997566e-01 6.034064e-03 -2.122182e-02 3.335672e-01 -5.829469e-03 9.999360e-01 9.689560e-03 9.069681e-01 2.127893e-02 -9.563487e-03 9.997278e-01 -4.496842e+01
9.997953e-01 3.823003e-03 -1.986628e-02 2.806278e-01 -3.598325e-03 9.999293e-01 1.133304e-02 8.754699e-01 1.990820e-02 -1.125923e-02 9.997384e-01 -4.207912e+01
9.998119e-01 4.019898e-03 -1.897195e-02 2.543730e-01 -3.804325e-03 9.999279e-01 1.138521e-02 8.594365e-01 1.901635e-02 -1.131089e-02 9.997552e-01 -4.063656e+01
9.998350e-01 5.004731e-03 -1.746088e-02 2.029690e-01 -4.864234e-03 9.999555e-01 8.079647e-03 8.253285e-01 1.750054e-02 -7.993378e-03 9.998149e-01 -3.776252e+01
9.998441e-01 6.189759e-03 -1.653956e-02 1.777994e-01 -6.067079e-03 9.999538e-01 7.457353e-03 8.063360e-01 1.658496e-02 -7.355841e-03 9.998354e-01 -3.632796e+01
9.998442e-01 8.141479e-03 -1.566539e-02 1.537249e-01 -7.988071e-03 9.999197e-01 9.830733e-03 7.865138e-01 1.574417e-02 -9.704062e-03 9.998290e-01 -3.489508e+01
9.998526e-01 8.906088e-03 -1.468173e-02 1.326690e-01 -8.737024e-03 9.998952e-01 1.153962e-02 7.682861e-01 1.478297e-02 -1.140964e-02 9.998256e-01 -3.346381e+01
9.998653e-01 9.263287e-03 -1.355059e-02 1.133742e-01 -9.110795e-03 9.998949e-01 1.127242e-02 7.522313e-01 1.365359e-02 -1.114744e-02 9.998447e-01 -3.203604e+01
9.998785e-01 9.482928e-03 -1.237535e-02 9.746084e-02 -9.363547e-03 9.999094e-01 9.669376e-03 7.352840e-01 1.246592e-02 -9.552322e-03 9.998767e-01 -3.061396e+01
9.999053e-01 8.379982e-03 -1.091685e-02 8.482880e-02 -8.301671e-03 9.999396e-01 7.199262e-03 7.168959e-01 1.097653e-02 -7.107951e-03 9.999145e-01 -2.919399e+01
9.999173e-01 8.547511e-03 -9.614706e-03 7.224084e-02 -8.469286e-03 9.999309e-01 8.147705e-03 6.980984e-01 9.683685e-03 -8.065599e-03 9.999206e-01 -2.777753e+01
9.999358e-01 9.104301e-03 -6.743385e-03 5.256871e-02 -9.066955e-03 9.999435e-01 5.548381e-03 6.586934e-01 6.793519e-03 -5.486882e-03 9.999619e-01 -2.494768e+01
9.999246e-01 1.096660e-02 -5.529149e-03 4.390241e-02 -1.096725e-02 9.999398e-01 -8.612968e-05 6.329309e-01 5.527872e-03 1.467634e-04 9.999847e-01 -2.354342e+01
9.999235e-01 1.188897e-02 -3.418280e-03 3.232865e-02 -1.190120e-02 9.999227e-01 -3.578946e-03 5.653751e-01 3.375467e-03 3.619354e-03 9.999878e-01 -2.073844e+01
9.999317e-01 1.138156e-02 -2.646028e-03 2.925888e-02 -1.139097e-02 9.999287e-01 -3.566734e-03 5.295576e-01 2.605245e-03 3.596631e-03 9.999901e-01 -1.934063e+01
9.999493e-01 9.889531e-03 -1.899619e-03 2.516131e-02 -9.889237e-03 9.999511e-01 1.651180e-04 4.624741e-01 1.901160e-03 -1.463231e-04 9.999982e-01 -1.655026e+01
9.999673e-01 7.807279e-03 -2.093571e-03 2.354535e-02 -7.810553e-03 9.999683e-01 -1.559480e-03 3.987551e-01 2.081330e-03 1.575781e-03 9.999966e-01 -1.378259e+01
9.999593e-01 8.224788e-03 -3.700336e-03 1.528089e-02 -8.229507e-03 9.999653e-01 -1.261366e-03 3.343854e-01 3.689834e-03 1.291767e-03 9.999924e-01 -1.102737e+01
9.999551e-01 8.112711e-03 -4.908754e-03 8.955879e-03 -8.114698e-03 9.999670e-01 -3.847374e-04 3.016035e-01 4.905472e-03 4.245538e-04 9.999879e-01 -9.654739e+00
9.999418e-01 8.783783e-03 -6.258949e-03 -5.365659e-04 -8.784483e-03 9.999614e-01 -8.411024e-05 2.716196e-01 6.257969e-03 1.390877e-04 9.999804e-01 -8.285137e+00
9.999346e-01 7.699825e-03 -8.456563e-03 -2.044470e-02 -7.705608e-03 9.999701e-01 -6.513404e-04 2.108318e-01 8.451296e-03 7.164614e-04 9.999640e-01 -5.548032e+00
9.999335e-01 7.117782e-03 -9.073195e-03 -4.437224e-02 -7.146580e-03 9.999695e-01 -3.145252e-03 1.473329e-01 9.050532e-03 3.209885e-03 9.999539e-01 -2.818515e+00
9.999193e-01 8.189613e-03 -9.713120e-03 -7.289734e-02 -8.207802e-03 9.999646e-01 -1.834026e-03 7.816926e-02 9.697757e-03 1.913602e-03 9.999512e-01 -9.070031e-02
9.999040e-01 9.472990e-03 -1.011565e-02 -1.031707e-01 -9.500380e-03 9.999513e-01 -2.662938e-03 1.177150e-02 1.008993e-02 2.758785e-03 9.999453e-01 2.629005e+00
9.998955e-01 9.970539e-03 -1.046973e-02 -1.318827e-01 -9.995602e-03 9.999473e-01 -2.344029e-03 -5.346280e-02 1.044581e-02 2.448436e-03 9.999425e-01 5.344099e+00
9.998965e-01 9.450261e-03 -1.085044e-02 -1.750950e-01 -9.474104e-03 9.999528e-01 -2.147965e-03 -1.546373e-01 1.082963e-02 2.250541e-03 9.999388e-01 9.415895e+00
9.996411e-01 1.133862e-02 -2.427072e-02 -8.597866e-01 -1.108281e-02 9.998819e-01 1.064876e-02 -1.174664e+00 2.438860e-02 -1.037595e-02 9.996487e-01 5.943408e+01
9.997005e-01 1.353066e-02 -2.039217e-02 -1.337076e+00 -1.339298e-02 9.998867e-01 6.873380e-03 -1.406295e+00 2.048286e-02 -6.598208e-03 9.997684e-01 7.672276e+01
9.999395e-01 9.289105e-03 5.899274e-03 -1.363832e+00 -9.294397e-03 9.999564e-01 8.698777e-04 -1.705257e+00 -5.890937e-03 -9.246544e-04 9.999822e-01 9.214962e+01
9.999948e-01 1.952887e-03 -2.563672e-03 -1.341283e+00 -1.951049e-03 9.999978e-01 7.193127e-04 -1.790649e+00 2.565071e-03 -7.143063e-04 9.999965e-01 9.639851e+01
9.985334e-01 1.416334e-02 -5.225390e-02 -1.686244e+00 -1.423269e-02 9.998982e-01 -9.552021e-04 -2.034406e+00 5.223506e-02 1.697515e-03 9.986334e-01 1.071475e+02
9.995400e-01 2.951898e-02 -6.963941e-03 -1.958712e+00 -2.954090e-02 9.995588e-01 -3.065392e-03 -2.187910e+00 6.870383e-03 3.269703e-03 9.999711e-01 1.150263e+02
9.995419e-01 2.782959e-02 1.189496e-02 -1.940135e+00 -2.777611e-02 9.996034e-01 -4.637968e-03 -2.235787e+00 -1.201931e-02 4.305447e-03 9.999185e-01 1.173414e+02
9.990366e-01 2.423355e-02 3.658675e-02 -1.833080e+00 -2.408414e-02 9.996997e-01 -4.519283e-03 -2.312120e+00 -3.668528e-02 3.633769e-03 9.993203e-01 1.208659e+02
9.982176e-01 2.822631e-02 5.258225e-02 -1.665951e+00 -2.812578e-02 9.996009e-01 -2.651062e-03 -2.387598e+00 -5.263609e-02 1.167420e-03 9.986131e-01 1.244659e+02
9.976752e-01 3.041028e-02 6.098786e-02 -1.454190e+00 -3.042619e-02 9.995368e-01 -6.682034e-04 -2.455779e+00 -6.097994e-02 -1.188977e-03 9.981383e-01 1.281428e+02
9.997759e-01 1.276794e-02 -1.688436e-02 -1.476326e+00 -1.283877e-02 9.999092e-01 -4.093273e-03 -3.583634e+00 1.683057e-02 4.309131e-03 9.998491e-01 1.808386e+02
9.998537e-01 1.174643e-02 -1.243052e-02 -1.539735e+00 -1.172437e-02 9.999295e-01 1.846303e-03 -3.680137e+00 1.245134e-02 -1.700292e-03 9.999210e-01 1.850616e+02
9.991677e-01 1.062093e-02 -3.938547e-02 -2.106014e+00 -1.024246e-02 9.998995e-01 9.798736e-03 -4.755443e+00 3.948559e-02 -9.387173e-03 9.991761e-01 2.295125e+02
9.998777e-01 1.091797e-02 -1.119574e-02 -2.457471e+00 -1.091986e-02 9.999403e-01 -1.069537e-04 -5.032857e+00 1.119391e-02 2.291972e-04 9.999373e-01 2.406138e+02
9.999332e-01 1.088235e-02 3.893034e-03 -2.493249e+00 -1.086468e-02 9.999307e-01 -4.530871e-03 -5.131839e+00 -3.942070e-03 4.488272e-03 9.999822e-01 2.458164e+02
9.996032e-01 6.624154e-03 2.737855e-02 -2.379400e+00 -6.420206e-03 9.999510e-01 -7.530449e-03 -5.472421e+00 -2.742710e-02 7.351684e-03 9.995968e-01 2.608436e+02
9.993047e-01 7.187293e-03 3.658430e-02 -2.144562e+00 -6.879141e-03 9.999398e-01 -8.542033e-03 -5.657825e+00 -3.664349e-02 8.284425e-03 9.992941e-01 2.678693e+02
9.994858e-01 5.387659e-03 3.160784e-02 -1.923694e+00 -5.211505e-03 9.999704e-01 -5.652905e-03 -5.837506e+00 -3.163736e-02 5.485273e-03 9.994844e-01 2.743868e+02
9.998377e-01 1.107780e-02 1.420800e-02 -1.834878e+00 -1.107304e-02 9.999386e-01 -4.138802e-04 -6.011766e+00 -1.421172e-02 2.564879e-04 9.998990e-01 2.809067e+02
9.999039e-01 1.030296e-02 9.271631e-03 -1.820378e+00 -1.029719e-02 9.999467e-01 -6.701255e-04 -6.076007e+00 -9.278042e-03 5.745899e-04 9.999568e-01 2.836626e+02
9.998455e-01 1.726903e-02 3.272629e-03 -1.835812e+00 -1.725374e-02 9.998403e-01 -4.644346e-03 -6.208970e+00 -3.352309e-03 4.587163e-03 9.999839e-01 2.888905e+02
9.997806e-01 2.064512e-02 3.544867e-03 -1.841599e+00 -2.061808e-02 9.997592e-01 -7.504371e-03 -6.257807e+00 -3.698942e-03 7.429635e-03 9.999656e-01 2.905416e+02
9.997049e-01 2.378395e-02 4.943895e-03 -1.844053e+00 -2.373936e-02 9.996786e-01 -8.890345e-03 -6.305431e+00 -5.153753e-03 8.770356e-03 9.999483e-01 2.921857e+02
9.996044e-01 2.695498e-02 8.028663e-03 -1.840209e+00 -2.687211e-02 9.995862e-01 -1.025729e-02 -6.360716e+00 -8.301826e-03 1.003748e-02 9.999152e-01 2.938122e+02
9.995716e-01 2.743437e-02 1.020005e-02 -1.829836e+00 -2.736189e-02 9.995998e-01 -7.179074e-03 -6.414405e+00 -1.039292e-02 6.896905e-03 9.999222e-01 2.954284e+02
9.996482e-01 2.500295e-02 8.856661e-03 -1.817940e+00 -2.497842e-02 9.996838e-01 -2.870060e-03 -6.464190e+00 -8.925621e-03 2.647825e-03 9.999567e-01 2.970309e+02
9.996795e-01 2.422393e-02 7.353445e-03 -1.814744e+00 -2.421551e-02 9.997060e-01 -1.231507e-03 -6.486179e+00 -7.381115e-03 1.053046e-03 9.999722e-01 2.978283e+02
9.997434e-01 2.221300e-02 4.447164e-03 -1.809517e+00 -2.221642e-02 9.997529e-01 7.179632e-04 -6.524789e+00 -4.430117e-03 -8.165782e-04 9.999899e-01 2.994226e+02
