4.464541 0.0000000 0.0000000 0.0000000 0.0000000 0.0000000 0.0000000 1.0000000
4.568398 0.0009658 -0.0007399 0.0473335 0.0008316 0.0103251 -0.0006593 0.9999461
4.672274 0.0033459 -0.0016095 0.0951113 0.0013571 0.0231352 -0.0021636 0.9997291
4.776128 0.0068233 -0.0024583 0.1432941 0.0015720 0.0385762 -0.0032172 0.9992493
4.880125 0.0121990 -0.0036392 0.1911627 0.0015792 0.0552845 -0.0037376 0.9984624
4.984148 0.0194106 -0.0048026 0.2392317 0.0019460 0.0724934 -0.0036178 0.9973605
5.088126 0.0283817 -0.0058498 0.2868730 0.0027156 0.0893434 -0.0032232 0.9959919
5.192023 0.0390196 -0.0070661 0.3349216 0.0037470 0.1056205 -0.0034758 0.9943934
5.295877 0.0508304 -0.0083323 0.3822487 0.0053096 0.1219577 -0.0038191 0.9925138
5.399752 0.0645020 -0.0098726 0.4289348 0.0076104 0.1380042 -0.0021780 0.9904000
5.503628 0.0801333 -0.0116418 0.4752410 0.0105723 0.1535415 0.0010714 0.9880850
5.607400 0.0969962 -0.0134743 0.5211335 0.0135974 0.1687593 0.0041322 0.9855548
5.711251 0.1155968 -0.0157363 0.5663073 0.0162196 0.1829916 0.0072610 0.9829538
5.815003 0.1353282 -0.0180822 0.6107607 0.0188777 0.1968936 0.0113982 0.9801769
5.918752 0.1562318 -0.0210626 0.6548268 0.0237201 0.2100263 0.0140097 0.9773076
6.022375 0.1782104 -0.0239909 0.6982951 0.0315213 0.2228664 0.0151474 0.9742215
6.229773 0.2236253 -0.0319415 0.7825922 0.0474062 0.2488986 0.0118851 0.9672956
6.333503 0.2484089 -0.0367556 0.8235835 0.0525416 0.2614338 0.0127313 0.9637062
6.540880 0.3008968 -0.0474967 0.9039566 0.0535840 0.2856184 0.0152929 0.9567220
6.644505 0.3288840 -0.0527653 0.9435623 0.0509783 0.2963406 0.0179657 0.9535517
6.851878 0.3863025 -0.0626719 1.0198164 0.0494085 0.3131817 0.0239321 0.9481051
6.955504 0.4153821 -0.0673121 1.0572639 0.0511489 0.3192663 0.0255316 0.9459392
7.059005 0.4445981 -0.0719620 1.0939561 0.0523160 0.3245983 0.0255153 0.9440593
7.266377 0.5035832 -0.0818472 1.1668526 0.0516076 0.3365405 0.0223343 0.9399884
7.473752 0.5661909 -0.0906874 1.2388245 0.0534903 0.3451723 0.0246370 0.9366899
7.681003 0.6285071 -0.0995695 1.3118254 0.0561034 0.3472100 0.0236391 0.9358091
7.888275 0.6932567 -0.1093609 1.3882709 0.0556645 0.3420445 0.0237423 0.9377331
8.095633 0.7583348 -0.1198634 1.4682329 0.0551130 0.3341936 0.0224909 0.9406229
8.303130 0.8258788 -0.1306391 1.5536457 0.0540669 0.3283354 0.0191306 0.9428185
8.510755 0.8951819 -0.1417262 1.6416496 0.0519567 0.3276664 0.0159579 0.9432288
8.718382 0.9646834 -0.1530172 1.7302009 0.0509596 0.3285143 0.0159270 0.9429888
8.925883 1.0370624 -0.1644681 1.8217005 0.0502377 0.3288502 0.0162165 0.9429055
9.133505 1.1116433 -0.1764161 1.9154191 0.0493410 0.3290121 0.0152014 0.9429133
9.341007 1.1861584 -0.1879566 2.0094633 0.0487657 0.3287238 0.0144159 0.9430560
9.548508 1.2614495 -0.1997990 2.1035964 0.0468764 0.3266155 0.0155808 0.9438655
9.755883 1.3348880 -0.2110223 2.1983323 0.0459848 0.3240509 0.0158859 0.9447878
9.963509 1.4068923 -0.2225594 2.2913661 0.0463542 0.3224334 0.0158971 0.9453229
10.171130 1.4786788 -0.2345801 2.3845689 0.0482150 0.3245892 0.0142782 0.9445175
10.378880 1.5517976 -0.2464151 2.4769461 0.0476159 0.3300915 0.0142296 0.9426398
10.586510 1.6260576 -0.2581406 2.5680356 0.0450518 0.3357964 0.0144117 0.9407462
10.690390 1.6636535 -0.2637421 2.6129627 0.0465549 0.3385066 0.0148844 0.9396937
10.898010 1.7371248 -0.2750144 2.7000089 0.0478611 0.3439192 0.0137855 0.9376774
11.001750 1.7743807 -0.2805017 2.7437537 0.0481836 0.3460248 0.0130848 0.9368960
11.209130 1.8496548 -0.2911198 2.8310995 0.0438521 0.3493620 0.0154605 0.9358334
11.312890 1.8873799 -0.2962193 2.8745365 0.0389996 0.3504955 0.0170196 0.9355973
11.520390 1.9608728 -0.3053908 2.9594960 0.0405468 0.3522798 0.0169293 0.9348627
11.624010 1.9973159 -0.3097031 3.0015545 0.0440185 0.3531903 0.0165561 0.9343687
11.831510 2.0729289 -0.3198333 3.0850384 0.0456661 0.3530713 0.0210091 0.9342451
11.935260 2.1103468 -0.3242473 3.1271269 0.0439591 0.3527507 0.0204728 0.9344599
12.142640 2.1830790 -0.3331592 3.2112491 0.0380546 0.3522052 0.0201604 0.9349315
12.246380 2.2189326 -0.3372046 3.2536368 0.0360948 0.3520993 0.0162826 0.9351246
12.350150 2.2550814 -0.3413026 3.2958763 0.0340607 0.3512769 0.0129852 0.9355618
12.453880 2.2910900 -0.3454251 3.3373220 0.0340672 0.3501350 0.0148666 0.9359615
12.557630 2.3276749 -0.3495453 3.3790722 0.0355267 0.3484507 0.0165579 0.9365072
12.661390 2.3629143 -0.3533941 3.4204531 0.0370583 0.3454100 0.0170338 0.9375651
12.765050 2.3983166 -0.3573169 3.4625237 0.0379060 0.3412502 0.0193194 0.9390092
12.868760 2.4334490 -0.3618568 3.5042138 0.0389369 0.3366607 0.0231251 0.9405364
13.076170 2.5003564 -0.3695685 3.5900354 0.0379928 0.3255649 0.0204860 0.9445339
13.179930 2.5326688 -0.3735732 3.6333256 0.0362924 0.3195083 0.0208248 0.9466592
13.283680 2.5647190 -0.3776453 3.6770370 0.0360564 0.3135988 0.0205246 0.9486488
13.387430 2.5960214 -0.3816277 3.7210636 0.0356472 0.3073805 0.0209381 0.9506882
13.491130 2.6274393 -0.3855667 3.7650921 0.0362980 0.3006390 0.0213920 0.9528069
13.594890 2.6577263 -0.3903109 3.8093917 0.0383864 0.2941444 0.0207746 0.9547638
13.698760 2.6868589 -0.3944754 3.8537526 0.0434370 0.2882468 0.0209796 0.9563404
13.906260 2.7438450 -0.4038766 3.9443531 0.0442737 0.2755525 0.0191524 0.9600749
14.113800 2.7982752 -0.4142505 4.0358496 0.0431312 0.2642854 0.0179737 0.9633119
14.217640 2.8246021 -0.4195232 4.0820603 0.0457084 0.2608239 0.0146958 0.9641917
14.425390 2.8757355 -0.4296274 4.1736131 0.0499309 0.2566754 0.0081320 0.9651728
14.633120 2.9271197 -0.4413379 4.2661395 0.0500162 0.2520495 0.0078311 0.9663892
14.840760 2.9769883 -0.4524955 4.3594923 0.0459040 0.2467193 0.0066036 0.9679766
14.944510 3.0020032 -0.4579336 4.4066300 0.0445586 0.2437803 0.0058097 0.9687889
15.152010 3.0490851 -0.4685089 4.5009770 0.0445528 0.2379525 -0.0024364 0.9702514
15.359530 3.0962827 -0.4800854 4.5942163 0.0479860 0.2308962 -0.0013105 0.9717935
15.670890 3.1654849 -0.4968992 4.7386389 0.0434916 0.2202094 -0.0016318 0.9744812
15.878390 3.2089317 -0.5080819 4.8344870 0.0463743 0.2138195 -0.0032725 0.9757663
16.086050 3.2514262 -0.5196661 4.9305348 0.0464395 0.2066513 -0.0040164 0.9773037
16.293510 3.2939181 -0.5313329 5.0281024 0.0467516 0.1985516 -0.0009650 0.9789743
16.501030 3.3329904 -0.5431154 5.1279101 0.0462661 0.1922398 -0.0040560 0.9802484
16.812390 3.3916340 -0.5597917 5.2762556 0.0459205 0.1844772 -0.0034407 0.9817574
17.123760 3.4493110 -0.5774928 5.4258046 0.0450381 0.1760598 0.0042090 0.9833396
17.435140 3.5029271 -0.5938603 5.5764809 0.0465070 0.1698303 0.0028248 0.9843712
17.642890 3.5372984 -0.6052947 5.6767344 0.0455970 0.1686891 0.0014730 0.9846130
17.850540 3.5727243 -0.6162255 5.7767572 0.0406958 0.1674480 0.0024104 0.9850377
18.058140 3.6068525 -0.6268826 5.8751311 0.0420036 0.1662852 0.0029030 0.9851784
18.265770 3.6399307 -0.6366481 5.9729619 0.0433354 0.1665042 -0.0000839 0.9850880
18.369580 3.6564829 -0.6421471 6.0213270 0.0428323 0.1661753 -0.0010658 0.9851649
18.577160 3.6891761 -0.6523567 6.1174841 0.0443945 0.1656944 -0.0004345 0.9851773
18.784860 3.7204936 -0.6635820 6.2138219 0.0456183 0.1658292 -0.0077494 0.9850683
18.888520 3.7370541 -0.6688333 6.2616520 0.0475532 0.1655886 -0.0069683 0.9850231
19.096040 3.7684202 -0.6803756 6.3553119 0.0483639 0.1646306 -0.0070165 0.9851439
19.199890 3.7839384 -0.6858844 6.4015961 0.0479173 0.1639683 -0.0030014 0.9852965
19.303520 3.8006868 -0.6914962 6.4486489 0.0462874 0.1619458 -0.0001613 0.9857134
19.407390 3.8166034 -0.6970504 6.4956031 0.0437503 0.1609660 0.0020236 0.9859877
19.511150 3.8318329 -0.7022280 6.5415783 0.0435975 0.1589707 0.0035485 0.9863138
19.614770 3.8468168 -0.7074593 6.5872979 0.0462290 0.1563856 0.0034360 0.9866076
19.718390 3.8611941 -0.7126877 6.6330881 0.0478177 0.1532047 0.0041429 0.9870282
19.822140 3.8756497 -0.7176430 6.6796708 0.0481622 0.1488988 0.0036269 0.9876722
19.925670 3.8890867 -0.7229221 6.7259398 0.0460351 0.1442283 0.0049126 0.9884608
20.029410 3.9022453 -0.7282686 6.7716846 0.0453101 0.1381657 0.0070067 0.9893473
20.132890 3.9149852 -0.7334385 6.8178096 0.0466438 0.1312077 0.0090336 0.9902158
20.236640 3.9268398 -0.7383538 6.8637033 0.0473021 0.1240498 0.0084654 0.9911118
20.340390 3.9379463 -0.7435265 6.9095192 0.0473520 0.1170199 0.0094919 0.9919547
20.444020 3.9479678 -0.7487170 6.9546723 0.0483588 0.1102542 0.0093139 0.9926826
20.547770 3.9564524 -0.7543646 6.9985747 0.0513034 0.1036606 0.0075906 0.9932597
20.651520 3.9643412 -0.7597294 7.0427413 0.0558229 0.0973603 0.0037313 0.9936754
20.755270 3.9717824 -0.7652522 7.0869789 0.0596680 0.0905569 0.0013578 0.9941013
20.859140 3.9791667 -0.7710204 7.1317453 0.0600403 0.0839526 0.0010294 0.9946588
20.962890 3.9857907 -0.7771220 7.1762624 0.0579133 0.0779029 -0.0006602 0.9952772
21.066770 3.9914088 -0.7832842 7.2208500 0.0566846 0.0728351 -0.0025197 0.9957287
21.274520 4.0018239 -0.7953950 7.3087602 0.0635931 0.0651586 -0.0071324 0.9958209
21.378530 4.0070524 -0.8011968 7.3527675 0.0650072 0.0636376 -0.0085614 0.9958168
21.482520 4.0126014 -0.8074980 7.3970699 0.0624803 0.0634896 -0.0095567 0.9959789
21.586400 4.0181136 -0.8141040 7.4409475 0.0602852 0.0644064 -0.0100513 0.9960504
21.794280 4.0297818 -0.8257491 7.5276947 0.0591731 0.0673175 -0.0084882 0.9959392
22.002150 4.0425029 -0.8374444 7.6143389 0.0586202 0.0711543 -0.0082268 0.9957073
22.210070 4.0558095 -0.8487079 7.7002249 0.0577427 0.0765480 -0.0091517 0.9953504
22.417770 4.0693040 -0.8602043 7.7840233 0.0564899 0.0822180 -0.0079948 0.9949800
22.521520 4.0758953 -0.8656199 7.8253851 0.0570221 0.0850843 -0.0090527 0.9946995
22.729170 4.0905437 -0.8769674 7.9083672 0.0593448 0.0882120 -0.0096939 0.9942851
22.936520 4.1057420 -0.8879731 7.9902825 0.0595737 0.0884836 -0.0066752 0.9942721
23.040140 4.1128640 -0.8937033 8.0309877 0.0577867 0.0866191 -0.0054690 0.9945491
23.247420 4.1255507 -0.9050097 8.1113367 0.0580341 0.0772703 -0.0034067 0.9953139
23.351020 4.1313224 -0.9104251 8.1510525 0.0582131 0.0698115 -0.0019205 0.9958584
23.454650 4.1358609 -0.9156117 8.1910210 0.0569552 0.0622619 -0.0025809 0.9964301
23.558270 4.1396995 -0.9209027 8.2310200 0.0543777 0.0538989 -0.0046763 0.9970537
23.662020 4.1426878 -0.9259505 8.2709265 0.0509140 0.0458731 -0.0052914 0.9976349
23.765650 4.1449618 -0.9304091 8.3104248 0.0473896 0.0376006 -0.0053921 0.9981540
23.869400 4.1467409 -0.9348000 8.3498735 0.0437234 0.0287172 -0.0056740 0.9986147
23.973020 4.1474628 -0.9391026 8.3889284 0.0406533 0.0203142 -0.0066264 0.9989448
24.076780 4.1476417 -0.9432509 8.4276657 0.0393652 0.0112720 -0.0073692 0.9991341
24.180540 4.1473384 -0.9470071 8.4656820 0.0386421 0.0022464 -0.0067687 0.9992276
24.387900 4.1438332 -0.9537607 8.5410795 0.0374178 -0.0144882 -0.0102681 0.9991419
24.595400 4.1389551 -0.9605169 8.6159849 0.0337356 -0.0277925 -0.0101344 0.9989929
24.803110 4.1330891 -0.9668764 8.6893234 0.0347726 -0.0384748 -0.0115962 0.9985871
25.010540 4.1249666 -0.9736194 8.7604866 0.0429805 -0.0476262 -0.0141354 0.9978400
25.218040 4.1168242 -0.9801618 8.8330383 0.0456689 -0.0552085 -0.0108825 0.9973705
25.425520 4.1063333 -0.9869143 8.9062490 0.0357894 -0.0600739 -0.0153082 0.9974347
25.633210 4.0967507 -0.9937831 8.9790983 0.0314972 -0.0614851 -0.0138146 0.9975153
25.840800 4.0869155 -0.9992215 9.0514412 0.0328942 -0.0627265 -0.0106676 0.9974315
26.048150 4.0767503 -1.0045094 9.1258183 0.0297697 -0.0649787 -0.0123030 0.9973666
26.255540 4.0661035 -1.0096346 9.2001619 0.0260185 -0.0687342 -0.0116527 0.9972276
26.462800 4.0543675 -1.0147084 9.2752466 0.0234226 -0.0760129 -0.0103175 0.9967783
26.670290 4.0407591 -1.0201383 9.3499107 0.0232819 -0.0869100 -0.0103823 0.9958900
26.877670 4.0245371 -1.0245374 9.4249334 0.0266526 -0.0989491 -0.0118380 0.9946650
27.085020 4.0071507 -1.0294498 9.5008392 0.0252503 -0.1112084 -0.0113181 0.9934118
27.292530 3.9868226 -1.0339822 9.5775642 0.0236445 -0.1230267 -0.0132087 0.9920337
27.500020 3.9646323 -1.0381844 9.6541109 0.0225397 -0.1316835 -0.0175521 0.9908801
27.603900 3.9528892 -1.0403565 9.6934805 0.0209176 -0.1337021 -0.0179578 0.9906380
27.811650 3.9309351 -1.0447694 9.7731800 0.0202300 -0.1351792 -0.0142777 0.9905117
27.915520 3.9195244 -1.0470612 9.8140774 0.0206776 -0.1345689 -0.0137491 0.9905931
28.019400 3.9082911 -1.0492054 9.8551636 0.0218782 -0.1342186 -0.0120595 0.9906368
28.123280 3.8971932 -1.0512185 9.8966036 0.0213712 -0.1342813 -0.0102467 0.9906598
28.227150 3.8856788 -1.0533040 9.9385920 0.0188283 -0.1338995 -0.0092217 0.9907731
28.330900 3.8741148 -1.0555707 9.9809465 0.0172523 -0.1332799 -0.0088578 0.9908887
28.434770 3.8623924 -1.0578047 10.0234013 0.0159703 -0.1322745 -0.0083550 0.9910492
28.642420 3.8392279 -1.0616146 10.1082401 0.0156513 -0.1305087 -0.0099219 0.9912739
28.849900 3.8168845 -1.0658468 10.1924791 0.0181380 -0.1290855 -0.0091760 0.9914251
29.057520 3.7943015 -1.0704302 10.2768507 0.0223652 -0.1281050 -0.0100451 0.9914575
29.264900 3.7712493 -1.0754821 10.3625412 0.0187478 -0.1265156 -0.0117826 0.9917175
29.368650 3.7602332 -1.0775219 10.4050007 0.0188187 -0.1252857 -0.0134117 0.9918515
29.576300 3.7379932 -1.0820585 10.4904623 0.0179520 -0.1187204 -0.0145809 0.9926583
29.783900 3.7189252 -1.0872324 10.5766068 0.0187285 -0.1090373 -0.0127919 0.9937789
29.991660 3.7018783 -1.0914429 10.6612253 0.0202673 -0.0973692 -0.0140053 0.9949434
30.199280 3.6872730 -1.0959384 10.7477894 0.0130099 -0.0873303 -0.0094095 0.9960500
30.303050 3.6803770 -1.0976936 10.7907925 0.0102965 -0.0837225 -0.0091683 0.9963937
30.510400 3.6653857 -1.1007855 10.8777161 0.0084421 -0.0798790 -0.0116881 0.9967003
30.614030 3.6585228 -1.1023352 10.9214592 0.0080517 -0.0792040 -0.0112144 0.9967628
30.821410 3.6435418 -1.1049601 11.0087833 0.0098521 -0.0782247 -0.0133086 0.9967982
30.925160 3.6361854 -1.1064464 11.0520811 0.0093747 -0.0783796 -0.0138159 0.9967837
31.028780 3.6290276 -1.1078930 11.0956163 0.0086199 -0.0792920 -0.0143444 0.9967110
31.132530 3.6217372 -1.1095672 11.1392269 0.0077805 -0.0799444 -0.0138955 0.9966721
31.236300 3.6145682 -1.1108979 11.1830359 0.0076077 -0.0807899 -0.0122791 0.9966265
31.340050 3.6070013 -1.1120032 11.2270632 0.0070493 -0.0823245 -0.0120678 0.9965076
31.443650 3.5992072 -1.1134106 11.2712679 0.0059492 -0.0846250 -0.0130461 0.9963097
31.547410 3.5910110 -1.1147695 11.3156557 0.0034029 -0.0873236 -0.0142540 0.9960722
31.651030 3.5824628 -1.1155438 11.3603725 0.0015013 -0.0898353 -0.0148222 0.9958452
31.754790 3.5740964 -1.1166670 11.4045286 0.0011299 -0.0922581 -0.0155183 0.9956136
31.858530 3.5648148 -1.1176775 11.4486761 0.0029400 -0.0943150 -0.0183254 0.9953694
32.066030 3.5454721 -1.1193976 11.5373850 0.0063755 -0.0989315 -0.0221357 0.9948276
32.273410 3.5257206 -1.1218709 11.6272583 0.0069579 -0.1032881 -0.0243168 0.9943299
32.480910 3.5053864 -1.1241535 11.7161036 0.0083684 -0.1078393 -0.0245708 0.9938294
32.688280 3.4842150 -1.1266370 11.8053389 0.0078895 -0.1123255 -0.0230808 0.9933720
32.895660 3.4628453 -1.1295338 11.8943138 0.0090291 -0.1169909 -0.0217941 0.9928527
32.999410 3.4509640 -1.1308863 11.9386940 0.0080912 -0.1190705 -0.0247714 0.9925438
33.206780 3.4278152 -1.1338778 12.0274048 0.0090790 -0.1238060 -0.0249593 0.9919509
33.414280 3.4037139 -1.1363150 12.1162529 0.0155244 -0.1277475 -0.0274595 0.9913050
33.621780 3.3785999 -1.1393267 12.2055397 0.0084060 -0.1303916 -0.0308754 0.9909461
33.829280 3.3538837 -1.1409589 12.2944803 -0.0018851 -0.1318762 -0.0318233 0.9907535
33.933050 3.3413801 -1.1417869 12.3388052 -0.0031783 -0.1330035 -0.0328704 0.9905652
34.140410 3.3165169 -1.1427914 12.4261513 0.0021995 -0.1370415 -0.0311117 0.9900742
34.244030 3.3036981 -1.1433183 12.4698839 0.0044551 -0.1394696 -0.0308518 0.9897356
34.451530 3.2774475 -1.1449730 12.5575581 0.0067668 -0.1440482 -0.0296671 0.9891027
34.658910 3.2501521 -1.1467876 12.6459579 0.0035254 -0.1479270 -0.0288621 0.9885707
34.866280 3.2222733 -1.1479298 12.7348289 -0.0023808 -0.1508641 -0.0284070 0.9881434
35.073910 3.1935585 -1.1478232 12.8241739 -0.0084157 -0.1526928 -0.0278368 0.9878457
35.385050 3.1488476 -1.1483537 12.9556761 0.0030606 -0.1548898 -0.0318439 0.9874136
35.592410 3.1192372 -1.1489743 13.0448484 0.0060394 -0.1553161 -0.0310724 0.9873576
35.799780 3.0899367 -1.1509465 13.1331339 0.0023155 -0.1561709 -0.0317791 0.9872160
36.110910 3.0464156 -1.1526803 13.2657375 -0.0001651 -0.1583118 -0.0288761 0.9869668
36.318290 3.0154281 -1.1537052 13.3549757 -0.0011570 -0.1592004 -0.0307870 0.9867654
36.525780 2.9855697 -1.1547705 13.4432163 0.0014388 -0.1608834 -0.0295784 0.9865291
36.733280 2.9546938 -1.1552795 13.5323381 -0.0010066 -0.1636049 -0.0290567 0.9860974
36.940790 2.9237139 -1.1561143 13.6202507 -0.0021811 -0.1681720 -0.0273082 0.9853770
37.148290 2.8908839 -1.1566304 13.7080660 0.0005846 -0.1726653 -0.0298347 0.9845284
37.355660 2.8580327 -1.1579052 13.7951336 0.0032302 -0.1798078 -0.0273735 0.9833155
37.563030 2.8234651 -1.1594045 13.8828602 0.0023764 -0.1907753 -0.0227186 0.9813679
37.770280 2.7854176 -1.1602476 13.9686460 0.0014896 -0.2054740 -0.0228904 0.9783937
37.977790 2.7443931 -1.1611775 14.0536270 -0.0030813 -0.2201076 -0.0245215 0.9751625
38.185280 2.7005548 -1.1610975 14.1375122 -0.0008922 -0.2312827 -0.0297199 0.9724321
38.393160 2.6556032 -1.1608343 14.2211094 0.0016289 -0.2356125 -0.0344783 0.9712340
38.601160 2.6116843 -1.1617856 14.3042927 0.0067225 -0.2294267 -0.0412315 0.9724290
38.809290 2.5693853 -1.1625576 14.3909721 0.0098778 -0.2175534 -0.0387381 0.9752294
39.017160 2.5313964 -1.1647424 14.4762144 0.0085955 -0.2061782 -0.0396672 0.9776723
39.225040 2.4948223 -1.1665424 14.5643644 0.0088472 -0.1960888 -0.0361545 0.9798794
39.432660 2.4593928 -1.1688125 14.6532850 0.0105712 -0.1869860 -0.0349802 0.9816827
39.640160 2.4250293 -1.1707047 14.7428875 0.0077961 -0.1804122 -0.0380588 0.9828236
39.847560 2.3914225 -1.1721523 14.8312235 0.0031730 -0.1749317 -0.0401632 0.9837559
40.055040 2.3577445 -1.1733757 14.9192734 0.0092187 -0.1718279 -0.0441792 0.9840927
40.262420 2.3254724 -1.1755171 15.0091324 0.0192287 -0.1706456 -0.0427064 0.9842187
40.573540 2.2757120 -1.1809065 15.1453762 0.0155277 -0.1693058 -0.0438220 0.9844664
40.884790 2.2250054 -1.1848161 15.2824669 0.0126596 -0.1721651 -0.0420984 0.9840867
41.092170 2.1903315 -1.1870463 15.3743553 0.0127652 -0.1765217 -0.0427939 0.9832832
41.299420 2.1541271 -1.1895094 15.4662819 0.0140840 -0.1807382 -0.0451770 0.9823922
41.506790 2.1176054 -1.1924671 15.5588131 0.0171597 -0.1864074 -0.0412575 0.9814559
41.714170 2.0792875 -1.1952685 15.6516762 0.0172905 -0.1946844 -0.0412637 0.9798450
41.921540 2.0379443 -1.1979886 15.7445650 0.0116060 -0.2021659 -0.0456266 0.9782190
42.128920 1.9949468 -1.1999629 15.8378973 0.0067082 -0.2100504 -0.0492305 0.9764273
42.232670 1.9734180 -1.2003278 15.8841267 0.0084251 -0.2146585 -0.0489183 0.9754270
42.440040 1.9286882 -1.2019747 15.9760408 0.0158131 -0.2237896 -0.0468224 0.9733837
42.647420 1.8822582 -1.2056990 16.0670834 0.0192912 -0.2321768 -0.0402404 0.9716493
42.854790 1.8345126 -1.2085456 16.1599560 0.0145025 -0.2409781 -0.0353194 0.9697793
43.062290 1.7836876 -1.2108060 16.2529335 0.0079763 -0.2497060 -0.0341358 0.9676870
43.269790 1.7296919 -1.2121291 16.3456669 0.0072231 -0.2575124 -0.0376031 0.9655160
43.373560 1.7020060 -1.2127633 16.3916969 0.0065520 -0.2611373 -0.0400127 0.9644498
43.581040 1.6467661 -1.2134104 16.4832802 0.0056235 -0.2665093 -0.0396094 0.9630017
43.684940 1.6190060 -1.2133707 16.5287991 0.0079412 -0.2693547 -0.0380215 0.9622574
43.892430 1.5618851 -1.2145813 16.6200027 0.0091569 -0.2750053 -0.0370038 0.9606867
43.996060 1.5321122 -1.2151622 16.6659946 0.0073482 -0.2775055 -0.0395991 0.9598795
44.203560 1.4722353 -1.2159606 16.7575378 0.0054239 -0.2827072 -0.0408331 0.9583214
44.411040 1.4114826 -1.2167236 16.8476639 0.0101670 -0.2880989 -0.0403397 0.9566966
44.618540 1.3507143 -1.2181416 16.9382820 0.0083868 -0.2936251 -0.0356846 0.9552175
44.722330 1.3197509 -1.2191159 16.9834290 0.0071914 -0.2964462 -0.0331728 0.9544462
44.929790 1.2573726 -1.2203598 17.0730515 0.0051469 -0.3027171 -0.0279883 0.9526555
45.033540 1.2253370 -1.2209784 17.1173916 0.0040919 -0.3053077 -0.0292712 0.9517950
45.137340 1.1929147 -1.2214221 17.1614838 0.0038747 -0.3073530 -0.0291661 0.9511406
45.241040 1.1609132 -1.2218657 17.2053165 0.0049443 -0.3102280 -0.0290401 0.9502057
45.344810 1.1281896 -1.2223647 17.2488613 0.0053572 -0.3126600 -0.0306933 0.9493540
45.448540 1.0957638 -1.2226871 17.2924900 0.0043492 -0.3153541 -0.0274138 0.9485680
45.552290 1.0622963 -1.2229928 17.3360691 0.0033823 -0.3183138 -0.0292680 0.9475274
45.656170 1.0287998 -1.2231922 17.3788090 0.0045818 -0.3204880 -0.0280099 0.9468273
45.759920 0.9959263 -1.2230996 17.4213047 0.0035382 -0.3231430 -0.0265275 0.9459717
45.863670 0.9626734 -1.2235358 17.4633331 0.0029299 -0.3252800 -0.0292042 0.9451621
45.967420 0.9285436 -1.2239178 17.5049858 0.0019538 -0.3266436 -0.0322781 0.9445943
46.071290 0.8952596 -1.2237214 17.5469666 0.0016890 -0.3286151 -0.0326089 0.9438993
46.175050 0.8623781 -1.2234192 17.5886612 -0.0013566 -0.3298917 -0.0326015 0.9434547
46.382670 0.7948288 -1.2233496 17.6713009 0.0012038 -0.3321735 -0.0325198 0.9426568
46.486540 0.7616355 -1.2232250 17.7125835 0.0048093 -0.3327194 -0.0303726 0.9425244
46.694170 0.6942538 -1.2236145 17.7958946 0.0036226 -0.3318067 -0.0310510 0.9428293
46.798050 0.6603828 -1.2238879 17.8381672 0.0011890 -0.3308939 -0.0320807 0.9431217
47.005800 0.5927102 -1.2237173 17.9228210 0.0011175 -0.3266977 -0.0327675 0.9445600
47.213560 0.5260998 -1.2239420 18.0082111 0.0061554 -0.3203948 -0.0338530 0.9466590
47.421170 0.4606959 -1.2244780 18.0955200 0.0069806 -0.3129518 -0.0332088 0.9491626
47.628800 0.3960142 -1.2255665 18.1841850 0.0059744 -0.3051921 -0.0349921 0.9516289
47.836440 0.3325832 -1.2257366 18.2752171 0.0004228 -0.2965482 -0.0388350 0.9542279
48.043920 0.2703926 -1.2257845 18.3665714 0.0062384 -0.2886889 -0.0388306 0.9566149
48.251420 0.2100373 -1.2264477 18.4596462 0.0082162 -0.2818524 -0.0360083 0.9587467
48.458800 0.1498851 -1.2278997 18.5542507 0.0061728 -0.2754527 -0.0364282 0.9606044
48.666190 0.0907291 -1.2281915 18.6498089 0.0052149 -0.2700330 -0.0369091 0.9621292
48.873550 0.0317810 -1.2288860 18.7459984 0.0054629 -0.2647232 -0.0397764 0.9634883
49.080930 -0.0259388 -1.2299006 18.8431244 0.0063373 -0.2601940 -0.0413807 0.9646484
49.288320 -0.0828579 -1.2301465 18.9409962 0.0070371 -0.2561448 -0.0412035 0.9657342
49.495800 -0.1389996 -1.2315980 19.0391331 0.0062094 -0.2522655 -0.0415312 0.9667464
49.703170 -0.1947412 -1.2323906 19.1379948 0.0056950 -0.2485298 -0.0439572 0.9676096
49.910550 -0.2492623 -1.2336884 19.2371674 0.0075183 -0.2452003 -0.0443476 0.9684284
50.014170 -0.2756453 -1.2341542 19.2865829 0.0074495 -0.2441832 -0.0436970 0.9687155
50.221580 -0.3298656 -1.2354051 19.3862133 -0.0000716 -0.2426774 -0.0417477 0.9692084
50.428990 -0.3832761 -1.2352858 19.4858913 -0.0022413 -0.2417711 -0.0404581 0.9694869
50.532690 -0.4096994 -1.2351204 19.5356350 0.0009497 -0.2417159 -0.0387013 0.9695745
50.636450 -0.4359736 -1.2351990 19.5850964 0.0042675 -0.2414022 -0.0366242 0.9697244
50.740210 -0.4625935 -1.2357585 19.6352386 0.0051849 -0.2408793 -0.0353498 0.9698973
50.843990 -0.4892448 -1.2364546 19.6855087 0.0038134 -0.2402187 -0.0341700 0.9701097
50.947600 -0.5160901 -1.2367666 19.7360439 0.0015548 -0.2396166 -0.0332750 0.9702960
51.051200 -0.5421863 -1.2370805 19.7863770 -0.0009095 -0.2393385 -0.0315412 0.9704233
51.154950 -0.5682980 -1.2373996 19.8365669 -0.0027410 -0.2390346 -0.0308590 0.9705167
51.258560 -0.5942798 -1.2371427 19.8863392 -0.0032442 -0.2389219 -0.0298042 0.9705759
51.362310 -0.6201553 -1.2372932 19.9362316 -0.0022175 -0.2390644 -0.0287241 0.9705762
51.465930 -0.6466331 -1.2374833 19.9863243 -0.0012765 -0.2392039 -0.0273599 0.9705830
51.569680 -0.6731604 -1.2375058 20.0366001 -0.0014611 -0.2392175 -0.0275955 0.9705727
51.673320 -0.6995028 -1.2377492 20.0869141 -0.0033616 -0.2390994 -0.0271365 0.9706100
51.776930 -0.7259961 -1.2376957 20.1370125 -0.0038011 -0.2388694 -0.0271927 0.9706634
51.880670 -0.7522126 -1.2376115 20.1870880 -0.0029430 -0.2385637 -0.0264051 0.9707633
51.984300 -0.7781850 -1.2378470 20.2367439 -0.0023464 -0.2384106 -0.0256131 0.9708238
52.191670 -0.8311512 -1.2378447 20.3368702 -0.0039132 -0.2379924 -0.0250287 0.9709366
52.399170 -0.8832164 -1.2376873 20.4368382 -0.0059886 -0.2384827 -0.0220894 0.9708771
52.606680 -0.9341974 -1.2375243 20.5356312 -0.0091558 -0.2392077 -0.0164246 0.9707863
52.814180 -0.9851258 -1.2370872 20.6337528 -0.0117919 -0.2402649 -0.0122291 0.9705587
52.917930 -1.0103366 -1.2363229 20.6821804 -0.0124021 -0.2409549 -0.0109119 0.9703957
53.021680 -1.0357150 -1.2358774 20.7304478 -0.0137670 -0.2417524 -0.0103984 0.9701846
53.125430 -1.0614462 -1.2354220 20.7781830 -0.0140592 -0.2424578 -0.0101626 0.9700068
53.332930 -1.1113063 -1.2342540 20.8711281 -0.0148931 -0.2439884 -0.0090785 0.9696213
53.436550 -1.1358169 -1.2336528 20.9167843 -0.0162603 -0.2447622 -0.0091223 0.9694039
53.644050 -1.1848524 -1.2319064 21.0064754 -0.0209126 -0.2452918 -0.0137172 0.9691266
53.747800 -1.2088884 -1.2305942 21.0498409 -0.0230196 -0.2449958 -0.0178993 0.9690855
53.955300 -1.2558322 -1.2276515 21.1344223 -0.0236700 -0.2443737 -0.0246942 0.9690776
54.162800 -1.3009107 -1.2246675 21.2153225 -0.0222212 -0.2431164 -0.0296516 0.9692891
54.370180 -1.3426733 -1.2217281 21.2934761 -0.0204378 -0.2427625 -0.0293179 0.9694272
54.473930 -1.3633381 -1.2201909 21.3319778 -0.0203422 -0.2423951 -0.0290947 0.9695279
54.681310 -1.4033667 -1.2176901 21.4067822 -0.0197265 -0.2412442 -0.0294131 0.9698180
54.785060 -1.4227298 -1.2163681 21.4437523 -0.0198736 -0.2394479 -0.0301113 0.9702387
54.992680 -1.4604313 -1.2140863 21.5155907 -0.0207413 -0.2328749 -0.0327712 0.9717330
55.200180 -1.4956046 -1.2120780 21.5856800 -0.0167828 -0.2261034 -0.0344167 0.9733504
55.304050 -1.5127865 -1.2110204 21.6207142 -0.0135597 -0.2220891 -0.0354432 0.9742876
55.511680 -1.5458078 -1.2090106 21.6919937 -0.0125444 -0.2111013 -0.0366318 0.9766970
55.719180 -1.5773716 -1.2069845 21.7651443 -0.0182465 -0.1993844 -0.0392702 0.9789641
55.926680 -1.6074170 -1.2041820 21.8403111 -0.0209222 -0.1882216 -0.0383283 0.9811554
56.134050 -1.6354269 -1.2020117 21.9157047 -0.0185269 -0.1788439 -0.0343844 0.9831019
56.341580 -1.6626902 -1.1994175 21.9938431 -0.0162211 -0.1724567 -0.0273457 0.9845038
56.549070 -1.6902776 -1.1965302 22.0744076 -0.0264127 -0.1670224 -0.0247409 0.9852887
56.756680 -1.7186887 -1.1921314 22.1566219 -0.0410834 -0.1616762 -0.0295733 0.9855447
56.964280 -1.7459468 -1.1864138 22.2396278 -0.0416991 -0.1557960 -0.0302522 0.9864450
57.171890 -1.7718048 -1.1801559 22.3233967 -0.0435179 -0.1495159 -0.0279542 0.9874056
57.379330 -1.7965809 -1.1736221 22.4089203 -0.0489240 -0.1430281 -0.0246436 0.9882014
57.586810 -1.8200530 -1.1666031 22.4929333 -0.0490587 -0.1371921 -0.0218186 0.9890882
57.690560 -1.8313156 -1.1631871 22.5344925 -0.0486718 -0.1340896 -0.0215247 0.9895391
57.794300 -1.8422422 -1.1597272 22.5758705 -0.0487111 -0.1307604 -0.0217564 0.9899776
57.898200 -1.8529158 -1.1564326 22.6168518 -0.0488714 -0.1265050 -0.0224564 0.9905068
58.105810 -1.8722758 -1.1498286 22.6982689 -0.0486640 -0.1164016 -0.0205345 0.9917968
58.209680 -1.8810921 -1.1465880 22.7382011 -0.0488675 -0.1108786 -0.0200434 0.9924294
58.313440 -1.8893281 -1.1434971 22.7777443 -0.0497657 -0.1058338 -0.0202393 0.9929315
58.417310 -1.8970094 -1.1407295 22.8170528 -0.0488100 -0.1004240 -0.0185670 0.9935733
58.521060 -1.9041613 -1.1380302 22.8556519 -0.0462621 -0.0950770 -0.0182063 0.9942277
58.624930 -1.9113388 -1.1352806 22.8942280 -0.0412007 -0.0888471 -0.0207334 0.9949768
58.728680 -1.9179654 -1.1325085 22.9325829 -0.0370118 -0.0817162 -0.0238653 0.9956822
58.832680 -1.9236569 -1.1304071 22.9710770 -0.0340272 -0.0731728 -0.0246965 0.9964326
58.936580 -1.9279085 -1.1285200 23.0096931 -0.0322088 -0.0636450 -0.0230738 0.9971858
59.040430 -1.9314083 -1.1266119 23.0485592 -0.0295713 -0.0532667 -0.0210280 0.9979209
59.144310 -1.9340022 -1.1253141 23.0876904 -0.0263639 -0.0426880 -0.0186976 0.9985655
59.352060 -1.9365116 -1.1230230 23.1664162 -0.0200286 -0.0222192 -0.0117130 0.9994838
59.559560 -1.9366153 -1.1205817 23.2475204 -0.0213805 -0.0035077 -0.0090966 0.9997239
59.766940 -1.9348121 -1.1183519 23.3304234 -0.0302533 0.0108062 -0.0077673 0.9994537
59.974310 -1.9318922 -1.1149917 23.4142570 -0.0339908 0.0198535 -0.0085658 0.9991882
60.285560 -1.9258578 -1.1086388 23.5413589 -0.0388458 0.0313967 -0.0132454 0.9986640
60.493060 -1.9217551 -1.1052322 23.6250629 -0.0238024 0.0376869 -0.0248706 0.9986964
60.700580 -1.9156902 -1.1024771 23.7099152 -0.0159364 0.0417268 -0.0278893 0.9986126
60.907960 -1.9099131 -1.1006550 23.7973423 -0.0243118 0.0413729 -0.0320323 0.9983342
61.218940 -1.9022230 -1.1005713 23.9218063 0.0053668 0.0347975 -0.0377795 0.9986656
61.426430 -1.8984812 -1.1020834 24.0051193 -0.0019507 0.0314577 -0.0419043 0.9986244
61.737600 -1.8923693 -1.1048582 24.1254749 0.0015564 0.0273828 -0.0383779 0.9988868
61.945060 -1.8885691 -1.1073771 24.2031326 0.0056048 0.0246696 -0.0354661 0.9990506
62.152610 -1.8850527 -1.1102263 24.2786217 0.0109108 0.0245122 -0.0339088 0.9990647
62.360060 -1.8826151 -1.1129485 24.3522110 0.0150536 0.0259476 -0.0378163 0.9988343
62.567930 -1.8792458 -1.1169004 24.4239883 0.0168330 0.0358821 -0.0424412 0.9983125
62.879830 -1.8676475 -1.1236250 24.5267887 0.0186289 0.0628306 -0.0399846 0.9970489
63.191440 -1.8515512 -1.1303570 24.6202393 0.0206191 0.0891432 -0.0360503 0.9951526
63.399310 -1.8398064 -1.1342043 24.6764545 0.0194579 0.1078684 -0.0379198 0.9932512
63.710810 -1.8192811 -1.1412731 24.7486343 0.0281903 0.1332800 -0.0312084 0.9901857
64.022190 -1.8004376 -1.1470410 24.8081799 0.0413698 0.1522339 -0.0306333 0.9870030
64.437070 -1.7754768 -1.1548132 24.8747139 0.0446409 0.1667509 -0.0198943 0.9847870
64.851690 -1.7585920 -1.1611296 24.9268837 0.0398657 0.1758166 -0.0275007 0.9832309
65.162710 -1.7475034 -1.1645584 24.9541950 0.0429849 0.1782363 -0.0223337 0.9827946
65.577440 -1.7354617 -1.1684930 24.9850502 0.0437171 0.1732352 -0.0170178 0.9837626
65.992190 -1.7255634 -1.1720637 25.0157833 0.0449854 0.1642112 -0.0168396 0.9852550
66.510690 -1.7137325 -1.1763003 25.0628567 0.0427678 0.1479621 -0.0258420 0.9877299
66.718090 -1.7078245 -1.1791312 25.0869026 0.0404379 0.1387504 -0.0269396 0.9891347
66.925440 -1.7007896 -1.1824638 25.1128483 0.0391436 0.1269830 -0.0213565 0.9909021
67.132820 -1.6946417 -1.1850049 25.1408558 0.0395236 0.1109193 -0.0185197 0.9928705
67.340070 -1.6903894 -1.1881255 25.1706905 0.0382791 0.0915776 -0.0180755 0.9948977
67.962080 -1.6863215 -1.1969069 25.2741394 0.0406004 0.0210727 -0.0263973 0.9986044
68.169320 -1.6878966 -1.2005503 25.3136597 0.0392095 -0.0048829 -0.0258852 0.9988837
68.376700 -1.6920881 -1.2041208 25.3566628 0.0384932 -0.0311342 -0.0275899 0.9983926
68.687820 -1.7031616 -1.2095462 25.4276714 0.0377347 -0.0673566 -0.0271088 0.9966465
68.895320 -1.7136537 -1.2137494 25.4792938 0.0370064 -0.0873008 -0.0271755 0.9951234
69.102840 -1.7263840 -1.2181280 25.5356598 0.0366495 -0.1058115 -0.0264486 0.9933586
69.310320 -1.7419052 -1.2225957 25.5945511 0.0358247 -0.1244459 -0.0230848 0.9913107
69.517690 -1.7606804 -1.2275435 25.6566849 0.0355037 -0.1425483 -0.0213274 0.9889209
69.725320 -1.7830564 -1.2327400 25.7222385 0.0359389 -0.1578691 -0.0230186 0.9865373
69.932840 -1.8085029 -1.2372742 25.7909470 0.0343315 -0.1695820 -0.0246148 0.9846103
70.140570 -1.8358110 -1.2425640 25.8631592 0.0318360 -0.1775003 -0.0259309 0.9832638
70.348200 -1.8650213 -1.2472776 25.9390507 0.0314809 -0.1823629 -0.0270395 0.9823551
70.555820 -1.8964721 -1.2528644 26.0175838 0.0315815 -0.1855116 -0.0282292 0.9817287
70.763330 -1.9293268 -1.2578301 26.0996742 0.0323472 -0.1886148 -0.0265986 0.9811578
70.970820 -1.9638374 -1.2640485 26.1845798 0.0334094 -0.1915974 -0.0260377 0.9805592
71.178440 -1.9998987 -1.2707498 26.2714214 0.0339646 -0.1941670 -0.0239441 0.9800879
71.385950 -2.0368328 -1.2773056 26.3610840 0.0342029 -0.1964086 -0.0215997 0.9796873
71.593330 -2.0765262 -1.2841535 26.4529190 0.0371224 -0.1976722 -0.0212772 0.9793339
71.904720 -2.1372807 -1.2953154 26.5951538 0.0366779 -0.1981795 -0.0229110 0.9792113
72.215950 -2.2006860 -1.3069381 26.7434177 0.0360426 -0.1992333 -0.0208763 0.9790665
72.423450 -2.2443104 -1.3149915 26.8452225 0.0358246 -0.2000121 -0.0190929 0.9789521
72.734700 -2.3114476 -1.3278642 27.0029449 0.0357478 -0.2018057 -0.0180201 0.9786071
73.045950 -2.3829637 -1.3413844 27.1636295 0.0353132 -0.2020908 -0.0189465 0.9785465
73.357220 -2.4545875 -1.3529487 27.3280373 0.0386930 -0.1983308 -0.0228656 0.9791041
73.564950 -2.5030468 -1.3623140 27.4385204 0.0419827 -0.1890237 -0.0278416 0.9806795
73.772700 -2.5480123 -1.3727152 27.5528297 0.0439726 -0.1748173 -0.0312680 0.9831214
73.980600 -2.5889995 -1.3833424 27.6702538 0.0419519 -0.1580504 -0.0333745 0.9859748
74.292330 -2.6432159 -1.4001697 27.8471527 0.0457443 -0.1299828 -0.0346698 0.9898535
74.500110 -2.6724043 -1.4119871 27.9674320 0.0458839 -0.1088564 -0.0345334 0.9923973
74.707830 -2.6966245 -1.4249636 28.0880470 0.0472792 -0.0845332 -0.0338197 0.9947236
74.811700 -2.7060192 -1.4317025 28.1488342 0.0508988 -0.0715619 -0.0346929 0.9955323
74.915450 -2.7139111 -1.4387896 28.2103195 0.0535180 -0.0580689 -0.0349420 0.9962645
75.019330 -2.7207344 -1.4463680 28.2722778 0.0561850 -0.0433142 -0.0376373 0.9967701
75.123330 -2.7255156 -1.4543216 28.3341503 0.0583082 -0.0276977 -0.0353650 0.9972875
75.227100 -2.7280855 -1.4626881 28.3956985 0.0596477 -0.0125046 -0.0375452 0.9974348
75.330950 -2.7285805 -1.4713491 28.4581356 0.0617917 0.0019506 -0.0356209 0.9974513
75.434820 -2.7273676 -1.4803444 28.5202942 0.0649115 0.0158118 -0.0341062 0.9971827
75.538570 -2.7242029 -1.4892343 28.5824623 0.0672841 0.0288047 -0.0315694 0.9968182
75.642200 -2.7194285 -1.4987621 28.6451569 0.0680232 0.0406204 -0.0300412 0.9964037
75.745950 -2.7139118 -1.5084121 28.7078190 0.0684180 0.0521922 -0.0293731 0.9958575
75.849580 -2.7062018 -1.5182954 28.7702198 0.0697690 0.0629954 -0.0295378 0.9951339
75.953320 -2.6974254 -1.5280203 28.8333168 0.0716866 0.0739897 -0.0292691 0.9942484
76.056950 -2.6873066 -1.5381414 28.8963013 0.0722911 0.0844128 -0.0279905 0.9934108
76.160580 -2.6758094 -1.5486327 28.9587746 0.0708202 0.0932433 -0.0258922 0.9927838
76.367700 -2.6495748 -1.5689346 29.0837173 0.0724133 0.1038378 -0.0198650 0.9917557
76.574950 -2.6223204 -1.5903447 29.2101974 0.0742927 0.1091040 -0.0189433 0.9910691
76.782200 -2.5943296 -1.6120895 29.3373432 0.0751165 0.1127023 -0.0196877 0.9905898
76.989560 -2.5648706 -1.6342568 29.4657269 0.0783170 0.1160939 -0.0182599 0.9899774
77.196950 -2.5333869 -1.6569731 29.5974350 0.0765357 0.1191207 -0.0179012 0.9897637
77.404200 -2.5016584 -1.6798921 29.7301617 0.0749587 0.1209009 -0.0193997 0.9896402
77.611580 -2.4698861 -1.7026975 29.8643208 0.0789298 0.1210633 -0.0191464 0.9893165
77.818950 -2.4365599 -1.7267433 30.0006695 0.0789280 0.1207435 -0.0189470 0.9893596
78.026330 -2.4037659 -1.7510352 30.1394253 0.0795285 0.1213939 -0.0215786 0.9891780
78.233830 -2.3694489 -1.7759364 30.2808723 0.0784997 0.1239669 -0.0219054 0.9889339
78.441200 -2.3337042 -1.8013374 30.4239216 0.0793413 0.1262677 -0.0213465 0.9885877
78.648580 -2.2962761 -1.8268570 30.5696163 0.0790820 0.1294421 -0.0212497 0.9882000
78.855950 -2.2575307 -1.8541484 30.7174835 0.0777142 0.1332394 -0.0218078 0.9877915
79.063330 -2.2169335 -1.8804532 30.8675175 0.0779485 0.1365698 -0.0229421 0.9872925
79.270830 -2.1755338 -1.9070301 31.0178261 0.0783993 0.1394057 -0.0221740 0.9868779
79.478210 -2.1315281 -1.9339482 31.1690636 0.0794408 0.1419585 -0.0222386 0.9864291
79.685700 -2.0857735 -1.9623810 31.3204556 0.0787988 0.1448093 -0.0226931 0.9860558
79.996970 -2.0155096 -2.0038102 31.5510368 0.0793931 0.1503442 -0.0217624 0.9852003
80.307980 -1.9442985 -2.0467136 31.7849979 0.0800930 0.1543039 -0.0210839 0.9845460
80.515330 -1.8944395 -2.0750816 31.9418716 0.0802493 0.1556602 -0.0211447 0.9843184
80.722740 -1.8426809 -2.1056504 32.1012650 0.0807046 0.1566440 -0.0195083 0.9841589
80.826440 -1.8166319 -2.1206958 32.1812859 0.0798972 0.1570112 -0.0186125 0.9841837
81.033840 -1.7647909 -2.1502075 32.3423462 0.0800768 0.1582616 -0.0192760 0.9839560
81.137500 -1.7385068 -2.1652575 32.4235954 0.0789364 0.1588505 -0.0199717 0.9839393
81.241210 -1.7123477 -2.1803892 32.5055466 0.0779091 0.1597729 -0.0193570 0.9838842
81.344940 -1.6856436 -2.1952267 32.5868263 0.0781235 0.1601544 -0.0187840 0.9838163
81.448590 -1.6583956 -2.2098184 32.6681862 0.0791716 0.1599850 -0.0186489 0.9837626
81.552330 -1.6316609 -2.2254300 32.7492485 0.0792378 0.1600843 -0.0186730 0.9837407
81.759710 -1.5786518 -2.2556546 32.9123421 0.0789833 0.1604234 -0.0186290 0.9837067
81.863460 -1.5515206 -2.2711611 32.9936142 0.0792585 0.1600723 -0.0188745 0.9837371
82.070830 -1.4972839 -2.3015366 33.1568909 0.0811485 0.1592194 -0.0177371 0.9837426
82.174460 -1.4714251 -2.3167765 33.2380142 0.0810196 0.1586217 -0.0169205 0.9838641
82.278210 -1.4447727 -2.3322001 33.3194389 0.0802895 0.1574227 -0.0152606 0.9841437
82.381960 -1.4182333 -2.3476913 33.4016762 0.0798389 0.1565481 -0.0148330 0.9843264
82.485710 -1.3918277 -2.3632193 33.4834328 0.0795308 0.1560123 -0.0152505 0.9844300
82.589430 -1.3661492 -2.3781884 33.5647392 0.0794077 0.1556945 -0.0145388 0.9845010
82.693080 -1.3393910 -2.3928385 33.6453247 0.0798923 0.1547762 -0.0146805 0.9846045
82.796920 -1.3144827 -2.4080162 33.7262192 0.0799194 0.1547177 -0.0144717 0.9846146
82.900600 -1.2887872 -2.4230270 33.8069191 0.0798703 0.1542063 -0.0145831 0.9846972
83.004230 -1.2640729 -2.4385710 33.8873558 0.0796486 0.1540604 -0.0156913 0.9847209
83.107850 -1.2389799 -2.4534433 33.9682961 0.0792027 0.1540263 -0.0166229 0.9847469
83.315210 -1.1880928 -2.4831257 34.1291084 0.0780211 0.1533835 -0.0145551 0.9849743
83.418960 -1.1622690 -2.4977176 34.2097893 0.0782290 0.1528239 -0.0108724 0.9850923
83.522590 -1.1368759 -2.5127194 34.2910271 0.0794484 0.1522177 -0.0099573 0.9850982
83.626210 -1.1109049 -2.5284028 34.3722229 0.0806127 0.1518598 -0.0106558 0.9850516
83.833580 -1.0606719 -2.5586600 34.5347824 0.0797070 0.1511945 -0.0131346 0.9851977
83.937350 -1.0355988 -2.5736358 34.6164322 0.0793995 0.1507096 -0.0137598 0.9852883
84.144710 -0.9864607 -2.6031895 34.7780266 0.0793412 0.1499313 -0.0162308 0.9853741
84.352100 -0.9370613 -2.6326365 34.9403267 0.0782546 0.1496845 -0.0172537 0.9854811
84.455710 -0.9121252 -2.6473379 35.0210686 0.0789092 0.1497787 -0.0161315 0.9854336
84.559380 -0.8877611 -2.6622260 35.1013489 0.0792635 0.1497770 -0.0154017 0.9854171
84.662980 -0.8629286 -2.6766818 35.1815414 0.0792774 0.1494384 -0.0143495 0.9854833
84.766730 -0.8382804 -2.6916759 35.2617035 0.0784903 0.1488062 -0.0136445 0.9856520
84.870340 -0.8143348 -2.7059481 35.3412361 0.0795345 0.1480816 -0.0137016 0.9856766
85.077720 -0.7673338 -2.7358685 35.4992638 0.0804312 0.1470905 -0.0166406 0.9857070
85.181330 -0.7448915 -2.7510302 35.5778580 0.0792342 0.1466593 -0.0183802 0.9858373
85.388710 -0.6989681 -2.7801595 35.7335930 0.0770342 0.1461911 -0.0176124 0.9860952
85.492460 -0.6752347 -2.7946608 35.8106651 0.0764280 0.1459275 -0.0160901 0.9862074
85.699750 -0.6302342 -2.8223445 35.9629211 0.0772344 0.1462998 -0.0162508 0.9860868
85.803450 -0.6078541 -2.8363645 36.0385323 0.0767235 0.1469156 -0.0166826 0.9860279
86.010840 -0.5627566 -2.8641670 36.1871452 0.0763263 0.1473592 -0.0175209 0.9859780
86.114460 -0.5407707 -2.8776033 36.2601318 0.0757532 0.1477227 -0.0173271 0.9859712
86.321830 -0.4979401 -2.9038985 36.4025917 0.0726310 0.1489042 -0.0176898 0.9860220
86.529210 -0.4568549 -2.9287682 36.5377693 0.0757883 0.1492189 -0.0167285 0.9857535
86.736730 -0.4171549 -2.9531028 36.6665306 0.0750647 0.1489525 -0.0161013 0.9858596
86.944090 -0.3800315 -2.9757333 36.7907448 0.0737268 0.1475105 -0.0162018 0.9861757
87.047710 -0.3627106 -2.9864357 36.8486671 0.0728957 0.1464404 -0.0166661 0.9863892
87.151360 -0.3458273 -2.9964635 36.9059715 0.0717583 0.1452545 -0.0158937 0.9866607
87.254960 -0.3296589 -3.0064719 36.9603310 0.0698622 0.1441623 -0.0157748 0.9869588
87.358710 -0.3147444 -3.0158930 37.0132065 0.0689891 0.1437624 -0.0166760 0.9870637
87.462460 -0.2999367 -3.0249169 37.0637512 0.0696947 0.1433463 -0.0163676 0.9870799
87.566210 -0.2858928 -3.0332623 37.1117668 0.0708401 0.1429480 -0.0162004 0.9870588
87.773590 -0.2601086 -3.0496373 37.2011795 0.0709189 0.1426736 -0.0175400 0.9870700
87.877340 -0.2482639 -3.0571103 37.2425232 0.0706759 0.1442882 -0.0193443 0.9868190
88.085210 -0.2250486 -3.0709414 37.3187180 0.0707620 0.1573681 -0.0229697 0.9847337
88.293330 -0.2001134 -3.0839679 37.3858032 0.0718046 0.1834190 -0.0248794 0.9800931
88.501590 -0.1705614 -3.0960376 37.4469490 0.0751751 0.2186915 -0.0218203 0.9726493
88.710100 -0.1372081 -3.1079385 37.5029984 0.0749318 0.2650699 -0.0199088 0.9611071
88.918590 -0.0988327 -3.1187282 37.5537491 0.0736943 0.3170970 -0.0175022 0.9453636
89.127090 -0.0561552 -3.1295354 37.5971146 0.0758150 0.3748702 -0.0148616 0.9238526
89.335590 -0.0095469 -3.1391337 37.6329002 0.0793384 0.4348787 -0.0138817 0.8968797
89.647840 0.0675961 -3.1533053 37.6715622 0.0843715 0.5198298 -0.0042326 0.8500827
89.855840 0.1237771 -3.1618752 37.6898422 0.0832595 0.5740020 -0.0011886 0.8146092
90.063710 0.1820566 -3.1708779 37.6996422 0.0872937 0.6252071 0.0050041 0.7755455
90.271490 0.2426021 -3.1784389 37.7031784 0.0916227 0.6752763 0.0025204 0.7318476
90.479340 0.3062369 -3.1858985 37.6978645 0.0914691 0.7218332 0.0043725 0.6859819
90.583090 0.3386653 -3.1895828 37.6920776 0.0904128 0.7442806 0.0065914 0.6616861
90.790840 0.4036541 -3.1962981 37.6733551 0.0923365 0.7871611 0.0066094 0.6097603
90.998490 0.4686557 -3.2024145 37.6447258 0.0939844 0.8265827 0.0048795 0.5548912
91.102090 0.5009721 -3.2055254 37.6270332 0.0941810 0.8442467 0.0050619 0.5275906
91.309470 0.5665007 -3.2110548 37.5831757 0.0945947 0.8747789 0.0073553 0.4751416
91.516590 0.6314380 -3.2172389 37.5319595 0.0952368 0.8985328 0.0084367 0.4283661
91.620220 0.6625321 -3.2195740 37.5028000 0.0967048 0.9076449 0.0081882 0.4083650
91.723710 0.6937550 -3.2214916 37.4711075 0.0967781 0.9149655 0.0082174 0.3916692
91.827240 0.7247370 -3.2240195 37.4384308 0.0967667 0.9208878 0.0098109 0.3774993
92.034130 0.7872542 -3.2289560 37.3692436 0.0906560 0.9301885 0.0135323 0.3554541
92.241220 0.8493347 -3.2332687 37.2954559 0.0851846 0.9375435 0.0152714 0.3369311
92.448600 0.9110605 -3.2364023 37.2171059 0.0766128 0.9448466 0.0167997 0.3179831
92.655970 0.9706982 -3.2386224 37.1346741 0.0680148 0.9520880 0.0199406 0.2974975
92.863470 1.0277835 -3.2394629 37.0482140 0.0562475 0.9595859 0.0243224 0.2746626
93.070970 1.0799623 -3.2384987 36.9580269 0.0504157 0.9666536 0.0262032 0.2497046
93.278470 1.1271423 -3.2361186 36.8634338 0.0482985 0.9729665 0.0306756 0.2237466
93.382090 1.1491429 -3.2347343 36.8147888 0.0484520 0.9755980 0.0338677 0.2114564
93.589470 1.1904156 -3.2306602 36.7147255 0.0492554 0.9793127 0.0388959 0.1923737
93.693120 1.2108932 -3.2280929 36.6639786 0.0479597 0.9804201 0.0406463 0.1866126
93.900350 1.2515230 -3.2220140 36.5598679 0.0438937 0.9812539 0.0457193 0.1819998
94.003970 1.2733059 -3.2185347 36.5075607 0.0390174 0.9815217 0.0465020 0.1814672
94.211350 1.3161731 -3.2115703 36.4009438 0.0345584 0.9815297 0.0417314 0.1834769
94.522220 1.3830349 -3.2033508 36.2380905 0.0369765 0.9803033 0.0342651 0.1909557
94.729720 1.4307544 -3.1989379 36.1260681 0.0347318 0.9793533 0.0343284 0.1961691
94.937220 1.4803499 -3.1942954 36.0115433 0.0337563 0.9793758 0.0287258 0.1971252
95.144720 1.5313524 -3.1901968 35.8941269 0.0324110 0.9792056 0.0285867 0.1982139
95.248350 1.5572759 -3.1877046 35.8352318 0.0332643 0.9790047 0.0299450 0.1988630
95.455870 1.6083692 -3.1834462 35.7162056 0.0341493 0.9783827 0.0334483 0.2012023
95.663110 1.6602623 -3.1790779 35.5978012 0.0361050 0.9775531 0.0341088 0.2047509
95.870470 1.7126335 -3.1743891 35.4803772 0.0382941 0.9765123 0.0355000 0.2090384
96.077860 1.7661402 -3.1703143 35.3649826 0.0388291 0.9756034 0.0337202 0.2134320
96.285350 1.8200766 -3.1660452 35.2502403 0.0390263 0.9750041 0.0348648 0.2159363
96.596600 1.9006368 -3.1601067 35.0801659 0.0399937 0.9744989 0.0332221 0.2182860
96.803990 1.9546866 -3.1561875 34.9678841 0.0388064 0.9744757 0.0360993 0.2181466
97.115100 2.0324724 -3.1504862 34.8034592 0.0403045 0.9741906 0.0349770 0.2193282
97.529990 2.1352580 -3.1431718 34.5926819 0.0400002 0.9731714 0.0347009 0.2239046
97.841240 2.2107594 -3.1379049 34.4422913 0.0396780 0.9722471 0.0344641 0.2279768
98.048750 2.2593660 -3.1348991 34.3466454 0.0393228 0.9717906 0.0338238 0.2300713
98.359970 2.3273709 -3.1305981 34.2136192 0.0368982 0.9715251 0.0329530 0.2317146
98.567470 2.3701787 -3.1278012 34.1306686 0.0392242 0.9708855 0.0361633 0.2335275
98.878600 2.4284329 -3.1249087 34.0201836 0.0367279 0.9701955 0.0376710 0.2365432
99.086100 2.4626667 -3.1232619 33.9556274 0.0373606 0.9697819 0.0366995 0.2382864
99.500850 2.5207763 -3.1199586 33.8471985 0.0381620 0.9694747 0.0346198 0.2397166
99.811980 2.5543118 -3.1180189 33.7833214 0.0409957 0.9689986 0.0363733 0.2409108
100.226700 2.5885515 -3.1161358 33.7192307 0.0410315 0.9688014 0.0355498 0.2418188
100.537900 2.6082666 -3.1148629 33.6822853 0.0423348 0.9686754 0.0326728 0.2425041
100.952600 2.6337738 -3.1139131 33.6353645 0.0435243 0.9687468 0.0327105 0.2420026
101.160000 2.6457555 -3.1130772 33.6119041 0.0426528 0.9687476 0.0315347 0.2423105
101.574700 2.6700056 -3.1110370 33.5653610 0.0438571 0.9685426 0.0322658 0.2428183
101.782100 2.6823606 -3.1103230 33.5437775 0.0434979 0.9686572 0.0320430 0.2424549
101.989600 2.6944711 -3.1099422 33.5241814 0.0433269 0.9687517 0.0321195 0.2420975
102.197000 2.7040620 -3.1096861 33.5040779 0.0437340 0.9686292 0.0331806 0.2423715
102.404500 2.7132189 -3.1089971 33.4864464 0.0427231 0.9686630 0.0319861 0.2425772
102.611900 2.7220390 -3.1081550 33.4699745 0.0440501 0.9686193 0.0313989 0.2425911
103.441500 2.7564213 -3.1063426 33.4082718 0.0414935 0.9687920 0.0310849 0.2423925
103.856400 2.7739305 -3.1060057 33.3762894 0.0424648 0.9686111 0.0284550 0.2432685
104.063700 2.7856472 -3.1055307 33.3545723 0.0442575 0.9682593 0.0255279 0.2446704
104.271000 2.8016529 -3.1047604 33.3273544 0.0440566 0.9674789 0.0231813 0.2480044
104.478200 2.8210638 -3.1039944 33.2935333 0.0468016 0.9659958 0.0225189 0.2532876
104.685700 2.8445721 -3.1032414 33.2547493 0.0468754 0.9640083 0.0207030 0.2608870
104.893000 2.8716900 -3.1029413 33.2104836 0.0504550 0.9612618 0.0211183 0.2701556
105.100500 2.9035156 -3.1023355 33.1618958 0.0512775 0.9583526 0.0232895 0.2799797
105.307700 2.9400485 -3.1019666 33.1095772 0.0512684 0.9554409 0.0212651 0.2899172
105.515300 2.9800708 -3.1013384 33.0522919 0.0535543 0.9524655 0.0257205 0.2987972
105.722600 3.0250709 -3.1008184 32.9923019 0.0501652 0.9501039 0.0276468 0.3066296
105.930200 3.0732667 -3.0998776 32.9288864 0.0464034 0.9486017 0.0284053 0.3117605
106.137900 3.1252377 -3.0983319 32.8618202 0.0416060 0.9482711 0.0284500 0.3134350
106.345500 3.1783037 -3.0963073 32.7910500 0.0427736 0.9474229 0.0288635 0.3157959
106.553000 3.2351909 -3.0944321 32.7169418 0.0420480 0.9469707 0.0240641 0.3176466
106.760500 3.2946415 -3.0939274 32.6409950 0.0430735 0.9465892 0.0186958 0.3190047
107.071800 3.3901789 -3.0935550 32.5184898 0.0415037 0.9460408 0.0214115 0.3206646
107.382900 3.4916813 -3.0923769 32.3892593 0.0417668 0.9447384 0.0236116 0.3242950
107.590200 3.5633581 -3.0907793 32.2993660 0.0423311 0.9431967 0.0242283 0.3286350
107.797600 3.6371493 -3.0901768 32.2087708 0.0450762 0.9411942 0.0270787 0.3337490
108.005000 3.7116895 -3.0895753 32.1185493 0.0465247 0.9396825 0.0261004 0.3378625
108.212500 3.7866876 -3.0899866 32.0292587 0.0460174 0.9390921 0.0229806 0.3397946
108.420000 3.8621597 -3.0906014 31.9401531 0.0439955 0.9395761 0.0209178 0.3388563
108.627500 3.9374385 -3.0913057 31.8509521 0.0423619 0.9403145 0.0209437 0.3370097
108.835100 4.0113802 -3.0912941 31.7599258 0.0443440 0.9409586 0.0219600 0.3348854
109.042600 4.0858254 -3.0922232 31.6685200 0.0446237 0.9418701 0.0202707 0.3323832
109.250100 4.1600523 -3.0928659 31.5766563 0.0447985 0.9428087 0.0204598 0.3296759
109.561200 4.2708941 -3.0938642 31.4361706 0.0454403 0.9440723 0.0196248 0.3260024
109.665000 4.3083425 -3.0943167 31.3888702 0.0459676 0.9445086 0.0186893 0.3247172
109.872400 4.3830118 -3.0951526 31.2932453 0.0456554 0.9447982 0.0187016 0.3239168
109.976100 4.4203281 -3.0958571 31.2457676 0.0448918 0.9448345 0.0195704 0.3238664
110.079700 4.4578619 -3.0962801 31.1979389 0.0449633 0.9448174 0.0191749 0.3239299
110.183500 4.4957285 -3.0969326 31.1498222 0.0443489 0.9447879 0.0183975 0.3241459
110.287200 4.5334702 -3.0972154 31.1021461 0.0441755 0.9446507 0.0175972 0.3246137
110.390900 4.5713863 -3.0979981 31.0539398 0.0449860 0.9443462 0.0182903 0.3253489
110.494600 4.6095858 -3.0986023 31.0051880 0.0455421 0.9440637 0.0184033 0.3260842
110.702000 4.6860232 -3.1003828 30.9092464 0.0458997 0.9435707 0.0153846 0.3276139
110.805600 4.7245393 -3.1009603 30.8616600 0.0458893 0.9432743 0.0148039 0.3284945
111.012900 4.8023190 -3.1029260 30.7654285 0.0439142 0.9424139 0.0178116 0.3310745
111.220200 4.8796277 -3.1047106 30.6708374 0.0448262 0.9417138 0.0187014 0.3328905
111.427600 4.9564157 -3.1061711 30.5772152 0.0459548 0.9409983 0.0176790 0.3348100
111.635000 5.0324631 -3.1083202 30.4838257 0.0473112 0.9401954 0.0163259 0.3369387
111.842400 5.1088133 -3.1106591 30.3928699 0.0466229 0.9395309 0.0153591 0.3389278
112.049700 5.1846905 -3.1129985 30.3024178 0.0444336 0.9390008 0.0193054 0.3404857
112.257100 5.2606177 -3.1143830 30.2131271 0.0422426 0.9393948 0.0157521 0.3398601
112.360900 5.2978830 -3.1154559 30.1689720 0.0426612 0.9397168 0.0148050 0.3389591
112.464600 5.3347282 -3.1164913 30.1244793 0.0449128 0.9400975 0.0146821 0.3376152
112.568200 5.3707833 -3.1177311 30.0801678 0.0475241 0.9403905 0.0164034 0.3363600
112.672000 5.4067879 -3.1190004 30.0356293 0.0491630 0.9406387 0.0166083 0.3354192
112.775600 5.4423542 -3.1200378 29.9919224 0.0497634 0.9409364 0.0165670 0.3344963
112.879400 5.4776015 -3.1211355 29.9485207 0.0505284 0.9412404 0.0168846 0.3335091
112.983000 5.5122890 -3.1223183 29.9058456 0.0496242 0.9417017 0.0159460 0.3323870
113.086700 5.5465574 -3.1241074 29.8640671 0.0492731 0.9422382 0.0137848 0.3310126
113.190500 5.5795746 -3.1257474 29.8239136 0.0490031 0.9427758 0.0087098 0.3296916
113.294100 5.6118331 -3.1272895 29.7842045 0.0493692 0.9432120 0.0053682 0.3284584
113.501500 5.6732264 -3.1315930 29.7071152 0.0485794 0.9436821 0.0063264 0.3272064
113.605200 5.7024002 -3.1335499 29.6698093 0.0499234 0.9437402 0.0085162 0.3267865
113.812600 5.7570643 -3.1375754 29.6001930 0.0519514 0.9438921 0.0082702 0.3260374
114.020100 5.8064857 -3.1410055 29.5363235 0.0562603 0.9437062 0.0049547 0.3259277
114.331400 5.8740697 -3.1466081 29.4501934 0.0550929 0.9435568 0.0064046 0.3265338
114.953800 5.9931870 -3.1557481 29.3013535 0.0516292 0.9441132 0.0032857 0.3255363
115.264900 6.0466127 -3.1599364 29.2346210 0.0493768 0.9445412 0.0025177 0.3246498
115.783500 6.1256118 -3.1657350 29.1324902 0.0551458 0.9446146 0.0037309 0.3234939
116.198300 6.1814961 -3.1705620 29.0610390 0.0570260 0.9442033 0.0008703 0.3243878
116.613300 6.2298846 -3.1748700 28.9988403 0.0621176 0.9423480 -0.0014565 0.3288153
117.028000 6.2718740 -3.1789649 28.9493999 0.0592901 0.9408662 -0.0039220 0.3335268
117.442900 6.3035631 -3.1829953 28.9104958 0.0610516 0.9397027 -0.0048889 0.3364633
117.961500 6.3337994 -3.1861181 28.8739147 0.0621142 0.9399912 -0.0081076 0.3353991
118.376300 6.3521304 -3.1882625 28.8521576 0.0617696 0.9397263 -0.0094478 0.3361692
118.998500 6.3724527 -3.1906252 28.8278675 0.0614563 0.9393091 -0.0110245 0.3373426
119.620700 6.3858547 -3.1921711 28.8119011 0.0624140 0.9390053 -0.0118242 0.3379848
120.242900 6.3932858 -3.1930711 28.8031158 0.0624286 0.9388425 -0.0126293 0.3384048
121.590900 6.4055929 -3.1946318 28.7880917 0.0626387 0.9386854 -0.0137110 0.3387598
122.005600 6.4144187 -3.1957471 28.7786713 0.0619746 0.9388981 -0.0136583 0.3382942
122.316800 6.4228077 -3.1968243 28.7682571 0.0624950 0.9387650 -0.0135761 0.3385708
122.524300 6.4294739 -3.1974912 28.7600422 0.0627190 0.9387801 -0.0137799 0.3384793
122.939000 6.4450965 -3.1995571 28.7410603 0.0620179 0.9386993 -0.0133458 0.3388499
123.353600 6.4625092 -3.2016401 28.7195110 0.0630485 0.9386701 -0.0136551 0.3387282
123.561000 6.4716535 -3.2026665 28.7080669 0.0647918 0.9384975 -0.0127552 0.3389126
123.768500 6.4806604 -3.2041960 28.6975079 0.0656883 0.9386048 -0.0114329 0.3384897
123.975900 6.4891043 -3.2054713 28.6879635 0.0651454 0.9387043 -0.0115680 0.3383143
124.287000 6.5000038 -3.2068088 28.6745892 0.0649902 0.9384719 -0.0109472 0.3390086
124.494400 6.5058999 -3.2076266 28.6678257 0.0643702 0.9383571 -0.0102789 0.3394653
