5.088126 0.0000000 0.0000000 0.0000000 0.0000000 0.0000000 0.0000000 1.0000000
5.192023 0.0024132 -0.0012583 0.0640097 0.0009401 0.0164234 -0.0003222 0.9998646
5.295877 0.0064910 -0.0026179 0.1281411 0.0024483 0.0328578 -0.0006881 0.9994568
5.399752 0.0133946 -0.0042536 0.1915790 0.0045812 0.0489944 0.0011169 0.9987879
5.503628 0.0227828 -0.0059389 0.2551667 0.0073122 0.0646823 0.0045126 0.9978689
5.607400 0.0341220 -0.0079475 0.3183326 0.0100448 0.0800308 0.0077841 0.9967114
5.711251 0.0474291 -0.0105893 0.3811669 0.0122787 0.0944866 0.0110935 0.9953886
5.815003 0.0625877 -0.0130176 0.4431908 0.0146179 0.1085832 0.0153597 0.9938612
5.918752 0.0792241 -0.0165538 0.5047581 0.0191589 0.1218818 0.0184755 0.9921877
6.022375 0.0970488 -0.0201063 0.5658268 0.0266595 0.1351266 0.0200910 0.9902658
6.126131 0.1160546 -0.0247011 0.6260870 0.0352047 0.1482356 0.0196243 0.9881304
6.229773 0.1365351 -0.0293692 0.6853852 0.0427963 0.1615138 0.0184451 0.9857695
6.333503 0.1587645 -0.0350050 0.7440162 0.0479322 0.1744943 0.0195386 0.9832968
6.437129 0.1826676 -0.0414914 0.8021491 0.0494953 0.1871046 0.0203040 0.9808822
6.540880 0.2083538 -0.0480557 0.8598125 0.0487412 0.1990180 0.0222805 0.9785293
6.644505 0.2349862 -0.0544724 0.9170704 0.0458196 0.2100766 0.0247113 0.9762980
6.748254 0.2631197 -0.0605918 0.9731784 0.0439124 0.2197750 0.0290875 0.9741276
6.851878 0.2912622 -0.0662328 1.0282763 0.0437520 0.2273202 0.0302018 0.9723678
6.955504 0.3199598 -0.0718659 1.0830610 0.0452400 0.2335463 0.0318220 0.9707713
7.162754 0.3778517 -0.0831255 1.1906625 0.0468317 0.2449252 0.0285850 0.9679883
7.266377 0.4067845 -0.0889466 1.2434382 0.0460292 0.2513588 0.0285003 0.9663787
7.473752 0.4697671 -0.0998524 1.3491478 0.0475677 0.2602139 0.0309441 0.9638820
7.681003 0.5322424 -0.1106175 1.4560757 0.0502412 0.2622971 0.0303227 0.9632012
7.888275 0.5967882 -0.1223648 1.5680792 0.0497766 0.2570796 0.0304895 0.9646257
8.095633 0.6615992 -0.1343202 1.6850548 0.0495231 0.2489002 0.0290482 0.9668259
8.303130 0.7275176 -0.1475989 1.8091047 0.0486076 0.2428400 0.0257139 0.9685065
8.510755 0.7951555 -0.1605166 1.9368026 0.0468185 0.2421836 0.0222635 0.9688444
8.718382 0.8643839 -0.1739892 2.0674942 0.0459770 0.2429881 0.0222452 0.9686837
8.925883 0.9364377 -0.1880911 2.2016268 0.0451570 0.2431689 0.0226718 0.9686670
9.133505 1.0097464 -0.2023541 2.3384125 0.0443780 0.2432977 0.0217024 0.9686928
9.341007 1.0840175 -0.2157602 2.4768429 0.0439967 0.2428414 0.0207261 0.9688461
9.548508 1.1557705 -0.2303665 2.6124380 0.0418535 0.2409607 0.0215172 0.9693933
9.755883 1.2269757 -0.2428753 2.7491026 0.0411569 0.2383827 0.0216901 0.9700564
9.963509 1.2981610 -0.2567566 2.8852787 0.0415021 0.2365290 0.0217109 0.9704949
10.171130 1.3681535 -0.2712317 3.0198486 0.0435160 0.2386368 0.0203703 0.9699196
10.378880 1.4394480 -0.2852488 3.1539898 0.0429516 0.2443481 0.0203206 0.9685227
10.586510 1.5129747 -0.2994386 3.2869685 0.0403996 0.2502006 0.0199996 0.9671440
10.690390 1.5498576 -0.3062885 3.3521357 0.0417360 0.2530506 0.0208181 0.9663281
10.898010 1.6234918 -0.3195384 3.4808586 0.0432729 0.2586240 0.0199293 0.9648025
11.001750 1.6606003 -0.3264386 3.5447717 0.0434684 0.2608167 0.0192081 0.9642179
11.209130 1.7363620 -0.3389855 3.6725144 0.0389194 0.2640336 0.0212082 0.9634945
11.312890 1.7739773 -0.3449196 3.7357976 0.0339836 0.2651772 0.0222248 0.9633443
11.520390 1.8479338 -0.3558640 3.8600664 0.0355507 0.2669530 0.0224993 0.9627907
11.727800 1.9230210 -0.3669028 3.9825125 0.0401521 0.2678854 0.0252348 0.9622830
11.935260 1.9977323 -0.3779518 4.1052551 0.0386643 0.2674639 0.0265901 0.9624246
12.142640 2.0697286 -0.3879217 4.2273421 0.0329691 0.2667821 0.0256117 0.9628522
12.350150 2.1402576 -0.3975370 4.3497963 0.0296036 0.2658672 0.0182935 0.9633814
12.453880 2.1762583 -0.4021064 4.4102383 0.0295025 0.2646608 0.0200508 0.9636816
12.661390 2.2471385 -0.4112830 4.5306120 0.0323082 0.2598112 0.0225323 0.9648557
12.765050 2.2826588 -0.4158035 4.5917735 0.0329812 0.2554054 0.0248556 0.9659516
12.868760 2.3170195 -0.4209888 4.6521411 0.0336260 0.2507215 0.0283959 0.9670583
12.972400 2.3496456 -0.4255922 4.7132120 0.0335676 0.2452671 0.0268090 0.9685032
13.076170 2.3813963 -0.4301169 4.7750864 0.0327693 0.2392907 0.0257113 0.9700541
13.179930 2.4127257 -0.4350452 4.8371367 0.0309869 0.2328679 0.0263472 0.9716575
13.283680 2.4430270 -0.4396706 4.8993182 0.0308330 0.2267487 0.0259815 0.9731184
13.387430 2.4721754 -0.4442878 4.9616222 0.0304022 0.2203747 0.0263078 0.9745864
13.491130 2.5010872 -0.4486647 5.0238295 0.0311441 0.2136493 0.0267931 0.9760462
13.594890 2.5288577 -0.4542271 5.0864034 0.0332752 0.2070831 0.0263320 0.9774027
13.698760 2.5554409 -0.4590247 5.1484547 0.0382384 0.2009174 0.0268338 0.9784938
13.802490 2.5811880 -0.4643440 5.2109017 0.0407841 0.1942361 0.0260491 0.9797604
14.010030 2.6303446 -0.4762650 5.3376489 0.0374910 0.1814744 0.0255878 0.9823475
14.113800 2.6534047 -0.4820328 5.4010496 0.0383901 0.1764091 0.0239290 0.9832769
14.217640 2.6754761 -0.4882945 5.4643035 0.0411998 0.1728508 0.0209154 0.9838637
14.321530 2.6972013 -0.4941461 5.5275269 0.0445849 0.1703497 0.0172222 0.9842238
14.425390 2.7192302 -0.5005044 5.5915556 0.0460542 0.1685342 0.0151722 0.9845024
14.529260 2.7406666 -0.5076885 5.6548600 0.0458521 0.1665894 0.0146882 0.9848502
14.736910 2.7822182 -0.5208138 5.7822351 0.0441950 0.1613426 0.0131167 0.9858211
14.840760 2.8036005 -0.5276040 5.8468509 0.0421963 0.1583353 0.0133818 0.9863926
15.048260 2.8434439 -0.5404900 5.9753847 0.0408474 0.1522687 0.0079654 0.9874625
15.255760 2.8808851 -0.5539072 6.1041689 0.0434894 0.1456013 0.0051991 0.9883733
15.567140 2.9360316 -0.5742425 6.2981839 0.0417427 0.1347288 0.0060266 0.9899845
15.670890 2.9534426 -0.5810341 6.3640738 0.0403529 0.1310468 0.0054059 0.9905398
15.878390 2.9863243 -0.5939032 6.4941788 0.0438333 0.1245458 0.0043459 0.9912356
15.982160 3.0014544 -0.6009717 6.5573921 0.0441450 0.1210753 0.0037660 0.9916541
16.189760 3.0316789 -0.6147985 6.6864657 0.0434329 0.1132891 0.0054710 0.9925972
16.293510 3.0467734 -0.6223506 6.7517371 0.0436344 0.1091344 0.0067679 0.9930458
16.501030 3.0737219 -0.6351664 6.8835225 0.0438901 0.1024556 0.0041569 0.9937602
16.708640 3.0985010 -0.6489826 7.0138125 0.0431018 0.0971604 0.0040086 0.9943269
16.916160 3.1235588 -0.6623381 7.1452961 0.0437949 0.0923000 0.0050432 0.9947549
17.227520 3.1598089 -0.6827102 7.3432984 0.0413266 0.0840271 0.0126361 0.9955260
17.435140 3.1805305 -0.6955109 7.4750395 0.0433638 0.0801591 0.0105195 0.9957829
17.642890 3.2003789 -0.7091807 7.6062975 0.0424695 0.0790279 0.0087783 0.9959286
17.850540 3.2217200 -0.7220553 7.7382736 0.0376425 0.0777639 0.0092296 0.9962181
18.058140 3.2414143 -0.7342757 7.8671107 0.0389513 0.0767584 0.0090856 0.9962472
18.265770 3.2602358 -0.7461635 7.9949946 0.0405417 0.0769468 0.0070320 0.9961858
18.369580 3.2699203 -0.7526870 8.0581350 0.0400720 0.0764514 0.0059573 0.9962499
18.577160 3.2887850 -0.7650488 8.1848135 0.0415843 0.0759983 0.0070931 0.9962152
18.784860 3.3060048 -0.7782830 8.3110809 0.0434238 0.0760381 -0.0005203 0.9961588
18.888520 3.3157859 -0.7846410 8.3742561 0.0453039 0.0758164 0.0006147 0.9960919
19.096040 3.3337750 -0.7985705 8.4983845 0.0462049 0.0748271 0.0008557 0.9961252
19.199890 3.3429627 -0.8052654 8.5596561 0.0453958 0.0739044 0.0051413 0.9962183
19.303520 3.3527114 -0.8120481 8.6218071 0.0434941 0.0720545 0.0077478 0.9964218
19.407390 3.3618386 -0.8186381 8.6837435 0.0408162 0.0710729 0.0094930 0.9965905
19.511150 3.3702428 -0.8247460 8.7444277 0.0406361 0.0690944 0.0113892 0.9967171
19.614770 3.3785110 -0.8312179 8.8046236 0.0430930 0.0664499 0.0113865 0.9967937
19.718390 3.3859811 -0.8374121 8.8645229 0.0446688 0.0631470 0.0123645 0.9969274
19.822140 3.3932080 -0.8433676 8.9257269 0.0450766 0.0588934 0.0120727 0.9971730
19.925670 3.3996201 -0.8495550 8.9864483 0.0429736 0.0540445 0.0128577 0.9975305
20.029410 3.4055679 -0.8560892 9.0466785 0.0419940 0.0480317 0.0147681 0.9978534
20.132890 3.4106417 -0.8621064 9.1068048 0.0433498 0.0411393 0.0169091 0.9980693
20.236640 3.4150777 -0.8683843 9.1671658 0.0439077 0.0338267 0.0168414 0.9983207
20.444020 3.4202247 -0.8810050 9.2851267 0.0448365 0.0200991 0.0177569 0.9986343
20.547770 3.4210825 -0.8875024 9.3428516 0.0481792 0.0135183 0.0156272 0.9986250
20.755270 3.4202776 -0.9011441 9.4568157 0.0570124 0.0002871 0.0101886 0.9983214
20.859140 3.4192669 -0.9083055 9.5137434 0.0573772 -0.0063351 0.0102619 0.9982798
20.962890 3.4173875 -0.9154546 9.5703402 0.0555964 -0.0122124 0.0079585 0.9983469
21.170640 3.4115839 -0.9304670 9.6828461 0.0578818 -0.0220881 0.0043517 0.9980696
21.274520 3.4079695 -0.9377322 9.7378550 0.0618159 -0.0253010 0.0026170 0.9977634
21.378530 3.4042482 -0.9448009 9.7934217 0.0633428 -0.0267434 0.0015442 0.9976323
21.482520 3.4010479 -0.9524949 9.8498478 0.0610431 -0.0269619 0.0002622 0.9977709
21.586400 3.3978655 -0.9606032 9.9059687 0.0589496 -0.0260409 -0.0005195 0.9979211
21.690420 3.3951778 -0.9679655 9.9613342 0.0574465 -0.0246059 0.0003762 0.9980453
21.794280 3.3925757 -0.9748918 10.0164557 0.0576942 -0.0230832 0.0010708 0.9980668
21.898270 3.3901396 -0.9823540 10.0715599 0.0575804 -0.0212581 0.0018830 0.9981127
22.002150 3.3881378 -0.9896253 10.1269588 0.0569345 -0.0190035 0.0014646 0.9981959
22.106150 3.3860793 -0.9964520 10.1815596 0.0570023 -0.0162562 0.0011418 0.9982410
22.210070 3.3845143 -1.0035340 10.2364721 0.0560902 -0.0134577 0.0007424 0.9983347
22.313900 3.3831954 -1.0107511 10.2913895 0.0547624 -0.0103455 0.0018190 0.9984441
22.521520 3.3811786 -1.0244547 10.3991337 0.0553166 -0.0048857 0.0003942 0.9984568
22.625400 3.3809264 -1.0314372 10.4530277 0.0565029 -0.0030788 0.0000887 0.9983977
22.729170 3.3804781 -1.0382664 10.5059528 0.0576870 -0.0017313 -0.0000264 0.9983332
22.832900 3.3806117 -1.0450453 10.5593672 0.0583906 -0.0010210 0.0014561 0.9982922
23.040140 3.3802483 -1.0589383 10.6650562 0.0556888 -0.0032731 0.0044064 0.9984331
23.247420 3.3779588 -1.0727520 10.7690401 0.0559854 -0.0127168 0.0062464 0.9983311
23.454650 3.3727396 -1.0859374 10.8719358 0.0550333 -0.0277939 0.0069037 0.9980738
23.662020 3.3631465 -1.0991743 10.9749928 0.0491998 -0.0442938 0.0040256 0.9977982
23.869400 3.3502257 -1.1102521 11.0754452 0.0419143 -0.0615026 0.0035902 0.9972200
23.973020 3.3424487 -1.1155304 11.1249619 0.0390854 -0.0701147 0.0022301 0.9967704
24.180540 3.3245177 -1.1252820 11.2212162 0.0373009 -0.0880872 0.0017613 0.9954126
24.284160 3.3141859 -1.1298097 11.2682438 0.0368771 -0.0967153 0.0010217 0.9946282
24.491650 3.2912407 -1.1383282 11.3609934 0.0344047 -0.1118710 -0.0029158 0.9931227
24.595400 3.2798173 -1.1424011 11.4072399 0.0327501 -0.1180475 -0.0017749 0.9924662
24.699270 3.2681525 -1.1463747 11.4528589 0.0321643 -0.1235837 -0.0008037 0.9918124
24.803110 3.2564387 -1.1505979 11.4968967 0.0337040 -0.1288581 -0.0026021 0.9910867
24.906780 3.2426953 -1.1546350 11.5415859 0.0373901 -0.1333023 -0.0046550 0.9903589
25.010540 3.2298279 -1.1590394 11.5846529 0.0422177 -0.1377957 -0.0041361 0.9895519
25.218040 3.2034981 -1.1672873 11.6728983 0.0445344 -0.1453860 -0.0007417 0.9883719
25.425520 3.1741319 -1.1759963 11.7620087 0.0349868 -0.1504780 -0.0057553 0.9879773
25.633210 3.1455839 -1.1843952 11.8504524 0.0306134 -0.1518884 -0.0048017 0.9879118
25.840800 3.1173995 -1.1911062 11.9388847 0.0317626 -0.1532885 -0.0014009 0.9876699
26.048150 3.0878565 -1.1970588 12.0287304 0.0290883 -0.1555513 -0.0034915 0.9873933
26.359150 3.0409951 -1.2072942 12.1642132 0.0238780 -0.1622587 -0.0025869 0.9864559
26.670290 2.9903784 -1.2172531 12.2994623 0.0223587 -0.1768882 -0.0023068 0.9839743
26.981280 2.9341073 -1.2261307 12.4335251 0.0259323 -0.1948777 -0.0029406 0.9804803
27.292530 2.8722353 -1.2356249 12.5687704 0.0227483 -0.2125197 -0.0051577 0.9768783
27.396270 2.8499653 -1.2383780 12.6136236 0.0217822 -0.2173416 -0.0075552 0.9758233
27.603900 2.8041315 -1.2441500 12.7047606 0.0202435 -0.2230823 -0.0098293 0.9745398
27.707780 2.7809236 -1.2464573 12.7518501 0.0187000 -0.2242909 -0.0087326 0.9743037
27.811650 2.7583165 -1.2491349 12.7989836 0.0194700 -0.2245408 -0.0062871 0.9742499
27.915520 2.7348366 -1.2519014 12.8470125 0.0199049 -0.2239069 -0.0057786 0.9743901
28.019400 2.7117317 -1.2546118 12.8950939 0.0208705 -0.2235615 -0.0038680 0.9744587
28.123280 2.6886265 -1.2570057 12.9443951 0.0202583 -0.2237586 -0.0022863 0.9744313
28.227150 2.6650343 -1.2596018 12.9938602 0.0175413 -0.2234949 -0.0014350 0.9745462
28.330900 2.6405528 -1.2623347 13.0432396 0.0160324 -0.2224895 -0.0013304 0.9748024
28.434770 2.6163535 -1.2648805 13.0929785 0.0148526 -0.2215748 -0.0010358 0.9750297
28.642420 2.5676816 -1.2694451 13.1927519 0.0147707 -0.2196861 -0.0026391 0.9754552
28.849900 2.5197041 -1.2750828 13.2950068 0.0169689 -0.2184507 -0.0016067 0.9756991
28.953800 2.4961801 -1.2775155 13.3444405 0.0201873 -0.2179977 -0.0012580 0.9757397
29.161270 2.4494045 -1.2831451 13.4446707 0.0199737 -0.2167000 -0.0029784 0.9760293
29.368650 2.4006352 -1.2894288 13.5464563 0.0181497 -0.2145514 -0.0058847 0.9765263
29.472530 2.3769536 -1.2925626 13.5966530 0.0178161 -0.2119015 -0.0075807 0.9770992
29.680170 2.3323562 -1.2983404 13.6986217 0.0170990 -0.2038365 -0.0070336 0.9788303
29.783900 2.3115528 -1.3017615 13.7492313 0.0178491 -0.1987279 -0.0055807 0.9798763
29.991660 2.2700365 -1.3066856 13.8518820 0.0195097 -0.1869652 -0.0064814 0.9821514
30.095530 2.2503495 -1.3092690 13.9041443 0.0158736 -0.1812447 -0.0039708 0.9833019
30.199280 2.2316313 -1.3121083 13.9570131 0.0117350 -0.1770332 -0.0026459 0.9841313
30.303050 2.2129140 -1.3142706 14.0092888 0.0090294 -0.1734005 -0.0026264 0.9848065
30.510400 2.1749001 -1.3180861 14.1139793 0.0072701 -0.1697561 -0.0048919 0.9854472
30.717780 2.1365304 -1.3211890 14.2201328 0.0080995 -0.1682775 -0.0047860 0.9856948
30.821410 2.1175189 -1.3230791 14.2725811 0.0088036 -0.1680306 -0.0066915 0.9857197
30.925160 2.0986629 -1.3249420 14.3248205 0.0083609 -0.1683104 -0.0071667 0.9856725
31.132530 2.0606790 -1.3284988 14.4305983 0.0068018 -0.1698631 -0.0072939 0.9854172
31.236300 2.0420194 -1.3299924 14.4836044 0.0065402 -0.1708688 -0.0058092 0.9852549
31.340050 2.0221298 -1.3312712 14.5370407 0.0059363 -0.1723130 -0.0055442 0.9850088
31.443650 2.0020757 -1.3327376 14.5904131 0.0051153 -0.1744768 -0.0066018 0.9846259
31.547410 1.9817032 -1.3343093 14.6434441 0.0026865 -0.1770876 -0.0080045 0.9841589
31.754790 1.9396286 -1.3366300 14.7513657 0.0006122 -0.1818822 -0.0095222 0.9832740
31.962280 1.8958665 -1.3382396 14.8571482 0.0054464 -0.1861832 -0.0145655 0.9823920
32.169650 1.8510460 -1.3411533 14.9634619 0.0061323 -0.1905732 -0.0176605 0.9814950
32.377150 1.8044997 -1.3436068 15.0707455 0.0087763 -0.1943921 -0.0186103 0.9807081
32.584530 1.7580378 -1.3468810 15.1795321 0.0078964 -0.1992854 -0.0188754 0.9797279
32.791900 1.7115706 -1.3503582 15.2866068 0.0082132 -0.2040021 -0.0154002 0.9788148
32.999410 1.6621464 -1.3534251 15.3933668 0.0085524 -0.2082835 -0.0185613 0.9778550
33.206780 1.6122532 -1.3569403 15.4992085 0.0096227 -0.2127894 -0.0188082 0.9768696
33.518170 1.5350519 -1.3623741 15.6589489 0.0146281 -0.2181072 -0.0233437 0.9755359
33.725530 1.4828058 -1.3649906 15.7669315 0.0033900 -0.2200588 -0.0242886 0.9751783
33.933050 1.4295952 -1.3669912 15.8747530 -0.0019946 -0.2217982 -0.0272693 0.9747092
34.140410 1.3774158 -1.3679793 15.9800529 0.0033605 -0.2256422 -0.0254695 0.9738715
34.347780 1.3237675 -1.3701220 16.0860291 0.0064602 -0.2303618 -0.0235428 0.9727988
34.555160 1.2691467 -1.3720020 16.1917343 0.0069114 -0.2345831 -0.0227827 0.9718045
34.658910 1.2415680 -1.3730274 16.2444935 0.0043767 -0.2363634 -0.0228820 0.9713854
34.762530 1.2136172 -1.3736980 16.2974262 0.0014423 -0.2378720 -0.0226433 0.9710314
34.866280 1.1854547 -1.3742151 16.3505878 -0.0013422 -0.2391954 -0.0228336 0.9707020
34.970030 1.1570872 -1.3742628 16.4036179 -0.0039550 -0.2402999 -0.0225769 0.9704280
35.177560 1.0995357 -1.3739512 16.5096092 -0.0076567 -0.2417603 -0.0232140 0.9700280
35.385050 1.0420853 -1.3749275 16.6134300 0.0042251 -0.2432421 -0.0256772 0.9696165
35.488660 1.0134729 -1.3749547 16.6665859 0.0084505 -0.2438878 -0.0247175 0.9694516
35.592410 0.9843500 -1.3754314 16.7198429 0.0073193 -0.2436672 -0.0248069 0.9695140
35.799780 0.9260164 -1.3774390 16.8259220 0.0038023 -0.2444821 -0.0253404 0.9693152
36.007180 0.8691026 -1.3789039 16.9319973 0.0032942 -0.2460900 -0.0221130 0.9689891
36.214530 0.8092991 -1.3808054 17.0385723 -0.0003695 -0.2470978 -0.0238911 0.9686959
36.422040 0.7497690 -1.3818429 17.1448879 0.0020643 -0.2483253 -0.0234670 0.9683902
36.629530 0.6901347 -1.3824742 17.2509193 0.0015888 -0.2501345 -0.0216848 0.9679669
36.837040 0.6308079 -1.3838084 17.3572636 -0.0010908 -0.2540612 -0.0223253 0.9669299
36.940790 0.6000690 -1.3842936 17.4095192 -0.0011430 -0.2563083 -0.0210624 0.9663649
37.148290 0.5379534 -1.3851396 17.5139389 0.0018295 -0.2607382 -0.0233973 0.9651242
37.355660 0.4750089 -1.3864189 17.6190090 0.0044724 -0.2677937 -0.0206215 0.9632452
37.563030 0.4104330 -1.3886528 17.7225552 0.0031594 -0.2784053 -0.0159625 0.9603258
37.770280 0.3419819 -1.3902161 17.8241425 0.0021687 -0.2930548 -0.0159166 0.9559607
37.977790 0.2697250 -1.3916529 17.9228821 -0.0021339 -0.3073113 -0.0178616 0.9514390
38.185280 0.1943182 -1.3917130 18.0192280 0.0005431 -0.3181889 -0.0228256 0.9477524
38.393160 0.1178561 -1.3917437 18.1144142 0.0036537 -0.3222744 -0.0276610 0.9462351
38.601160 0.0424647 -1.3932236 18.2103939 0.0092480 -0.3162541 -0.0338736 0.9480245
38.809290 -0.0275947 -1.3949894 18.3080692 0.0119073 -0.3049345 -0.0308560 0.9517989
39.017160 -0.0963703 -1.3973912 18.4075603 0.0108743 -0.2936178 -0.0321039 0.9553217
39.225040 -0.1619893 -1.4002213 18.5096512 0.0105077 -0.2839606 -0.0281496 0.9583650
39.536410 -0.2596559 -1.4045112 18.6654148 0.0116080 -0.2714271 -0.0287575 0.9619592
39.743820 -0.3229114 -1.4063385 18.7677555 0.0072859 -0.2652182 -0.0334586 0.9635802
39.951290 -0.3861547 -1.4077277 18.8739700 0.0071412 -0.2614420 -0.0348225 0.9645644
40.158660 -0.4471031 -1.4108424 18.9760876 0.0175775 -0.2594329 -0.0353668 0.9649532
40.366160 -0.5094599 -1.4145244 19.0812874 0.0210156 -0.2578560 -0.0352478 0.9653115
40.573540 -0.5722158 -1.4194280 19.1893215 0.0177258 -0.2572930 -0.0358512 0.9655055
40.884790 -0.6675041 -1.4244330 19.3516636 0.0147993 -0.2602841 -0.0344516 0.9648038
41.092170 -0.7323084 -1.4279708 19.4596672 0.0147083 -0.2646255 -0.0349597 0.9636051
41.299420 -0.7994741 -1.4308090 19.5677948 0.0163770 -0.2686533 -0.0372727 0.9623762
41.506790 -0.8665985 -1.4347982 19.6756134 0.0190740 -0.2742586 -0.0331211 0.9608961
41.714170 -0.9362547 -1.4386507 19.7842522 0.0191707 -0.2823809 -0.0329539 0.9585445
41.921540 -1.0105232 -1.4418210 19.8923130 0.0141278 -0.2895899 -0.0379352 0.9562944
42.128920 -1.0865713 -1.4444286 20.0005074 0.0096981 -0.2972784 -0.0418459 0.9538241
42.336290 -1.1634325 -1.4463105 20.1072712 0.0145213 -0.3061039 -0.0398008 0.9510549
42.647420 -1.2829748 -1.4518596 20.2661724 0.0217558 -0.3189763 -0.0317925 0.9469794
42.854790 -1.3652847 -1.4556686 20.3721447 0.0167519 -0.3273723 -0.0274374 0.9443484
43.062290 -1.4512868 -1.4593011 20.4777489 0.0099967 -0.3357726 -0.0266686 0.9415124
43.166060 -1.4958529 -1.4602544 20.5306644 0.0089829 -0.3395161 -0.0276403 0.9401511
43.269790 -1.5411268 -1.4609395 20.5830708 0.0098003 -0.3434622 -0.0300418 0.9386348
43.373560 -1.5868224 -1.4620203 20.6350651 0.0092028 -0.3470364 -0.0323863 0.9372471
43.581040 -1.6780815 -1.4633874 20.7379608 0.0082169 -0.3521281 -0.0320655 0.9353663
43.684940 -1.7239383 -1.4638208 20.7893848 0.0103190 -0.3548685 -0.0303587 0.9343662
43.892430 -1.8171539 -1.4659418 20.8919697 0.0114625 -0.3605107 -0.0292864 0.9322248
44.099960 -1.9135484 -1.4675338 20.9939995 0.0077409 -0.3651478 -0.0335326 0.9303132
44.307300 -2.0096183 -1.4683355 21.0949268 0.0104434 -0.3706797 -0.0333768 0.9281021
44.618540 -2.1554306 -1.4715409 21.2445278 0.0106949 -0.3786183 -0.0273444 0.9250871
44.722330 -2.2048283 -1.4728857 21.2941799 0.0094240 -0.3813277 -0.0250834 0.9240515
44.929790 -2.3032832 -1.4751384 21.3923531 0.0069378 -0.3874733 -0.0200616 0.9216365
45.033540 -2.3534009 -1.4762030 21.4405727 0.0060324 -0.3901117 -0.0214487 0.9204980
45.241040 -2.4548051 -1.4780892 21.5358810 0.0066368 -0.3946941 -0.0210404 0.9185477
45.344810 -2.5065644 -1.4784533 21.5839500 0.0074099 -0.3971235 -0.0224327 0.9174611
45.552290 -2.6081305 -1.4801364 21.6773529 0.0052761 -0.4025320 -0.0211743 0.9151458
45.656170 -2.6599543 -1.4807682 21.7237759 0.0063006 -0.4047593 -0.0197423 0.9141884
45.863670 -2.7623239 -1.4819136 21.8152714 0.0047909 -0.4095823 -0.0209003 0.9120212
45.967420 -2.8148024 -1.4829886 21.8595791 0.0041295 -0.4108717 -0.0243879 0.9113576
46.175050 -2.9184396 -1.4826065 21.9495373 0.0009392 -0.4138021 -0.0248631 0.9100268
46.382670 -3.0218194 -1.4831085 22.0381908 0.0035668 -0.4160317 -0.0246441 0.9090091
46.590420 -3.1240773 -1.4842151 22.1263714 0.0066228 -0.4162999 -0.0220946 0.9089347
46.798050 -3.2279477 -1.4851439 22.2160530 0.0034856 -0.4147895 -0.0240837 0.9095920
46.901920 -3.2797017 -1.4857020 22.2613049 0.0029479 -0.4133164 -0.0244576 0.9102542
47.109670 -3.3831613 -1.4866668 22.3522835 0.0060635 -0.4080674 -0.0256789 0.9125705
47.213560 -3.4340794 -1.4866890 22.3981667 0.0083336 -0.4048234 -0.0252683 0.9140077
47.317420 -3.4860721 -1.4872289 22.4448185 0.0095837 -0.4012420 -0.0246466 0.9155903
47.525050 -3.5872891 -1.4893588 22.5407238 0.0091435 -0.3939195 -0.0244192 0.9187750
47.732670 -3.6894822 -1.4904457 22.6387024 0.0053577 -0.3858841 -0.0285637 0.9220894
47.836440 -3.7396128 -1.4906734 22.6884499 0.0030815 -0.3816669 -0.0310962 0.9237716
48.043920 -3.8374071 -1.4912486 22.7877941 0.0085923 -0.3740376 -0.0302378 0.9268807
48.251420 -3.9330153 -1.4925109 22.8902397 0.0102242 -0.3676023 -0.0271057 0.9295318
48.458800 -4.0286517 -1.4942522 22.9945374 0.0083390 -0.3615686 -0.0274809 0.9319031
48.666190 -4.1246057 -1.4961255 23.1007519 0.0073709 -0.3562915 -0.0286607 0.9339061
48.873550 -4.2208519 -1.4975947 23.2082443 0.0078691 -0.3511377 -0.0315204 0.9357600
49.080930 -4.3161540 -1.4991028 23.3170853 0.0088383 -0.3467071 -0.0330029 0.9373510
49.288320 -4.4103336 -1.5002856 23.4268055 0.0093325 -0.3427033 -0.0329629 0.9388188
49.495800 -4.5036187 -1.5025004 23.5375404 0.0086049 -0.3390072 -0.0334257 0.9401504
49.703170 -4.5962448 -1.5042734 23.6486855 0.0081357 -0.3352277 -0.0360480 0.9414121
49.910550 -4.6876597 -1.5061423 23.7607937 0.0099623 -0.3318122 -0.0361722 0.9425991
50.117990 -4.7784600 -1.5077841 23.8740540 0.0071314 -0.3301843 -0.0349085 0.9432438
50.325300 -4.8691444 -1.5087080 23.9881401 -0.0002440 -0.3293635 -0.0343647 0.9435776
50.532690 -4.9587812 -1.5089235 24.1010361 0.0033029 -0.3287351 -0.0314438 0.9438928
50.636450 -5.0039372 -1.5091616 24.1574821 0.0063944 -0.3282492 -0.0293357 0.9441139
50.843990 -5.0939751 -1.5109848 24.2711678 0.0060983 -0.3271026 -0.0275601 0.9445672
50.947600 -5.1393166 -1.5117265 24.3289051 0.0033125 -0.3265921 -0.0260742 0.9447998
51.051200 -5.1835089 -1.5121958 24.3859959 0.0009547 -0.3264164 -0.0249851 0.9448953
51.154950 -5.2284212 -1.5126256 24.4429855 -0.0010361 -0.3260443 -0.0242677 0.9450424
51.258560 -5.2727098 -1.5127578 24.4995346 -0.0016895 -0.3259258 -0.0236100 0.9450990
51.362310 -5.3165741 -1.5131593 24.5555897 -0.0006724 -0.3259440 -0.0226713 0.9451170
51.465930 -5.3608513 -1.5134473 24.6120243 0.0002251 -0.3262092 -0.0212287 0.9450592
51.569680 -5.4053564 -1.5137678 24.6682568 -0.0000095 -0.3262254 -0.0213435 0.9450510
51.673320 -5.4498763 -1.5143133 24.7248363 -0.0020268 -0.3260520 -0.0210474 0.9451153
51.776930 -5.4947305 -1.5142308 24.7813644 -0.0023675 -0.3257026 -0.0211535 0.9452326
51.880670 -5.5391440 -1.5145332 24.8379478 -0.0017169 -0.3254037 -0.0202898 0.9453559
51.984300 -5.5829849 -1.5145186 24.8941193 -0.0010214 -0.3252252 -0.0194131 0.9454367
52.088050 -5.6272039 -1.5146767 24.9506569 -0.0017108 -0.3250940 -0.0186625 0.9454960
52.295430 -5.7155619 -1.5151041 25.0637836 -0.0040067 -0.3252478 -0.0175237 0.9454579
52.399170 -5.7594051 -1.5155507 25.1198063 -0.0054640 -0.3253721 -0.0158383 0.9454376
52.606680 -5.8457770 -1.5152181 25.2320271 -0.0088711 -0.3261899 -0.0107263 0.9452018
52.710430 -5.8890862 -1.5148737 25.2878265 -0.0102872 -0.3265462 -0.0070699 0.9450988
52.917930 -5.9739718 -1.5137708 25.3970833 -0.0126095 -0.3279945 -0.0052561 0.9445809
53.125430 -6.0593133 -1.5128769 25.5042667 -0.0143953 -0.3292765 -0.0042787 0.9441141
53.332930 -6.1421809 -1.5119172 25.6090546 -0.0153230 -0.3309726 -0.0034610 0.9435096
53.644050 -6.2650108 -1.5097854 25.7598801 -0.0210858 -0.3319077 -0.0086007 0.9430370
53.851550 -6.3433852 -1.5067757 25.8552475 -0.0228647 -0.3313338 -0.0171107 0.9430813
54.162800 -6.4552641 -1.5016056 25.9923439 -0.0213170 -0.3301253 -0.0240623 0.9433896
54.370180 -6.5259819 -1.4980084 26.0800838 -0.0193607 -0.3295135 -0.0242297 0.9436413
54.681310 -6.6265993 -1.4931853 26.2061481 -0.0187826 -0.3280385 -0.0242298 0.9441668
54.888800 -6.6904025 -1.4904110 26.2864857 -0.0189893 -0.3233777 -0.0273274 0.9456847
55.200180 -6.7805014 -1.4867389 26.4051952 -0.0155095 -0.3133897 -0.0293036 0.9490457
55.407810 -6.8388195 -1.4840274 26.4854221 -0.0106244 -0.3046274 -0.0299660 0.9519408
55.615430 -6.8960099 -1.4818459 26.5683460 -0.0141867 -0.2929024 -0.0336840 0.9554436
55.926680 -6.9790182 -1.4770221 26.6980743 -0.0196244 -0.2762745 -0.0338072 0.9602835
56.134050 -7.0318432 -1.4739287 26.7865696 -0.0175605 -0.2672046 -0.0296181 0.9630244
56.341580 -7.0834494 -1.4706022 26.8776112 -0.0159749 -0.2609327 -0.0224070 0.9649647
56.549070 -7.1360860 -1.4668241 26.9720154 -0.0263660 -0.2556779 -0.0206035 0.9661828
56.652940 -7.1634498 -1.4640148 27.0198231 -0.0338259 -0.2532395 -0.0236037 0.9665239
56.860440 -7.2172122 -1.4574337 27.1163902 -0.0419273 -0.2473304 -0.0264023 0.9676635
57.068060 -7.2686911 -1.4498165 27.2129898 -0.0407003 -0.2416363 -0.0268858 0.9691401
57.275560 -7.3196554 -1.4409461 27.3129673 -0.0460784 -0.2355026 -0.0240002 0.9704840
57.483060 -7.3689213 -1.4323601 27.4132652 -0.0497784 -0.2295306 -0.0206915 0.9718074
57.586810 -7.3928895 -1.4277225 27.4631538 -0.0491963 -0.2266566 -0.0194104 0.9725378
57.794300 -7.4397664 -1.4188907 27.5614586 -0.0489383 -0.2202687 -0.0193833 0.9740180
58.001930 -7.4846816 -1.4101615 27.6593380 -0.0490173 -0.2112937 -0.0193443 0.9760011
58.105810 -7.5056129 -1.4060124 27.7079849 -0.0491420 -0.2062239 -0.0182405 0.9770998
58.313440 -7.5455980 -1.3976860 27.8041096 -0.0503961 -0.1958069 -0.0177702 0.9791855
58.521060 -7.5821762 -1.3902428 27.8984795 -0.0470284 -0.1852150 -0.0156347 0.9814475
58.728680 -7.6168690 -1.3829284 27.9912529 -0.0375178 -0.1721374 -0.0199760 0.9841555
58.936580 -7.6471868 -1.3773187 28.0860348 -0.0328569 -0.1542499 -0.0184908 0.9873123
59.040430 -7.6607428 -1.3749717 28.1341686 -0.0307317 -0.1438947 -0.0167206 0.9889744
59.144310 -7.6726565 -1.3728666 28.1825676 -0.0276241 -0.1335826 -0.0141028 0.9905522
59.352060 -7.6945648 -1.3695951 28.2818680 -0.0221649 -0.1130880 -0.0062829 0.9933178
59.559560 -7.7140727 -1.3658929 28.3842812 -0.0239076 -0.0942880 -0.0039880 0.9952499
59.766940 -7.7310591 -1.3620026 28.4899616 -0.0327926 -0.0801214 -0.0038002 0.9962383
59.974310 -7.7467051 -1.3568687 28.5966625 -0.0364055 -0.0711909 -0.0049253 0.9967859
60.181800 -7.7618632 -1.3506495 28.7050095 -0.0398628 -0.0631738 -0.0071665 0.9971803
60.389310 -7.7763495 -1.3456944 28.8122253 -0.0351310 -0.0563880 -0.0173289 0.9976402
60.596810 -7.7893524 -1.3407651 28.9181461 -0.0172036 -0.0512331 -0.0190315 0.9983572
60.804180 -7.8027415 -1.3373199 29.0287819 -0.0223279 -0.0486295 -0.0267873 0.9982079
61.011600 -7.8147631 -1.3357811 29.1371765 -0.0169392 -0.0511099 -0.0294086 0.9981162
61.218940 -7.8277278 -1.3349686 29.2418022 0.0052251 -0.0558506 -0.0306501 0.9979549
61.426430 -7.8419967 -1.3358907 29.3487797 -0.0015867 -0.0594178 -0.0350307 0.9976171
61.633820 -7.8557191 -1.3380659 29.4525795 -0.0034657 -0.0618228 -0.0334318 0.9975210
61.841310 -7.8690562 -1.3398440 29.5526066 0.0046297 -0.0649015 -0.0295720 0.9974427
62.048840 -7.8818989 -1.3428394 29.6498661 0.0074338 -0.0664376 -0.0261990 0.9974189
62.256400 -7.8953805 -1.3454372 29.7445145 0.0130360 -0.0658107 -0.0267530 0.9973882
62.463960 -7.9085350 -1.3498005 29.8361683 0.0159987 -0.0614086 -0.0318310 0.9974767
62.671810 -7.9183545 -1.3540636 29.9266376 0.0181384 -0.0465070 -0.0345376 0.9981560
62.983690 -7.9244394 -1.3619138 30.0557461 0.0188955 -0.0191004 -0.0293868 0.9992070
63.191440 -7.9242363 -1.3671492 30.1358624 0.0199057 -0.0016696 -0.0269151 0.9994381
63.503190 -7.9196939 -1.3741145 30.2434177 0.0190836 0.0264578 -0.0276488 0.9990852
63.814680 -7.9089980 -1.3819770 30.3336735 0.0321545 0.0499645 -0.0190113 0.9980522
64.022190 -7.9028959 -1.3861730 30.3856792 0.0397049 0.0619551 -0.0201454 0.9970854
64.333310 -7.8911948 -1.3932381 30.4549313 0.0425470 0.0741123 -0.0131198 0.9962555
64.748080 -7.8792796 -1.4016036 30.5305252 0.0385477 0.0839993 -0.0158154 0.9955943
65.162710 -7.8694725 -1.4071159 30.5827084 0.0402016 0.0881426 -0.0115403 0.9952294
65.681060 -7.8596458 -1.4124477 30.6356525 0.0395985 0.0805099 -0.0035261 0.9959607
66.095940 -7.8550677 -1.4168477 30.6768093 0.0427503 0.0712776 -0.0072956 0.9965132
66.718090 -7.8502860 -1.4241267 30.7609940 0.0383700 0.0483201 -0.0161400 0.9979641
66.925440 -7.8472643 -1.4278842 30.7952442 0.0367376 0.0364023 -0.0107243 0.9986041
67.132820 -7.8460789 -1.4308090 30.8316498 0.0369567 0.0202785 -0.0078117 0.9990805
67.340070 -7.8477230 -1.4344020 30.8700676 0.0358776 0.0008831 -0.0075953 0.9993269
67.858320 -7.8620257 -1.4427073 30.9786549 0.0402677 -0.0570133 -0.0170148 0.9974159
68.065690 -7.8713307 -1.4470229 31.0266247 0.0387559 -0.0825526 -0.0144072 0.9957286
68.273070 -7.8848758 -1.4513589 31.0781002 0.0381458 -0.1087031 -0.0157148 0.9932178
68.480320 -7.9020586 -1.4557626 31.1331348 0.0380726 -0.1345573 -0.0166328 0.9900344
68.687820 -7.9231434 -1.4603275 31.1925545 0.0374119 -0.1577427 -0.0160848 0.9866402
68.895320 -7.9482489 -1.4658172 31.2560730 0.0367105 -0.1775535 -0.0160679 0.9832949
69.206570 -7.9934602 -1.4742550 31.3589134 0.0357412 -0.2048634 -0.0140107 0.9780375
69.413950 -8.0290699 -1.4798850 31.4313946 0.0350467 -0.2233755 -0.0101538 0.9740493
69.621440 -8.0703096 -1.4864576 31.5070324 0.0357878 -0.2397161 -0.0110823 0.9701199
69.932840 -8.1404247 -1.4960344 31.6272678 0.0344818 -0.2584103 -0.0136593 0.9653230
70.140570 -8.1918755 -1.5029390 31.7123013 0.0321738 -0.2660775 -0.0150915 0.9632964
70.348200 -8.2472115 -1.5092460 31.8023262 0.0319153 -0.2708353 -0.0162678 0.9619589
70.555820 -8.3053741 -1.5163387 31.8946114 0.0322393 -0.2739777 -0.0173728 0.9610385
70.763330 -8.3663092 -1.5232981 31.9914932 0.0327205 -0.2770608 -0.0156730 0.9601672
70.970820 -8.4304676 -1.5309387 32.0911751 0.0339311 -0.2797970 -0.0148668 0.9593442
71.178440 -8.4960709 -1.5398911 32.1931267 0.0342611 -0.2824815 -0.0127383 0.9585761
71.489570 -8.5994997 -1.5527498 32.3524971 0.0358684 -0.2854868 -0.0105801 0.9576527
71.697200 -8.6715555 -1.5627908 32.4621735 0.0385164 -0.2863122 -0.0094626 0.9573151
71.904720 -8.7455912 -1.5730029 32.5747032 0.0366413 -0.2866833 -0.0109142 0.9572622
72.112200 -8.8209047 -1.5824666 32.6895218 0.0357851 -0.2874406 -0.0099422 0.9570781
72.319700 -8.8976068 -1.5925466 32.8055420 0.0358770 -0.2882490 -0.0074595 0.9568540
72.527200 -8.9769630 -1.6036468 32.9267731 0.0350830 -0.2895903 -0.0057810 0.9564900
72.734700 -9.0590563 -1.6149592 33.0486259 0.0351062 -0.2903504 -0.0057279 0.9562591
72.942200 -9.1432161 -1.6261845 33.1730003 0.0355835 -0.2911999 -0.0059415 0.9559817
73.149700 -9.2290020 -1.6379970 33.2998428 0.0353454 -0.2905309 -0.0087407 0.9561726
73.357220 -9.3154535 -1.6494942 33.4270859 0.0380583 -0.2872919 -0.0098931 0.9570355
73.461070 -9.3586073 -1.6553249 33.4905968 0.0400021 -0.2836008 -0.0123297 0.9580284
73.668820 -9.4446669 -1.6684604 33.6231308 0.0434827 -0.2720235 -0.0166457 0.9611636
73.772700 -9.4862032 -1.6750612 33.6916084 0.0440674 -0.2645935 -0.0180081 0.9631844
73.876700 -9.5269556 -1.6821380 33.7608147 0.0433727 -0.2564592 -0.0186673 0.9654009
73.980600 -9.5671320 -1.6889724 33.8310432 0.0420356 -0.2479064 -0.0203078 0.9676585
74.084450 -9.6056576 -1.6958570 33.9019012 0.0421249 -0.2390951 -0.0209021 0.9698567
74.188450 -9.6426048 -1.7033553 33.9741859 0.0435213 -0.2300405 -0.0206816 0.9719874
74.292330 -9.6784801 -1.7103153 34.0463600 0.0458406 -0.2204415 -0.0209698 0.9740967
74.396200 -9.7123289 -1.7177691 34.1190987 0.0467115 -0.2103943 -0.0209905 0.9762744
74.603820 -9.7754383 -1.7339175 34.2679939 0.0449482 -0.1879974 -0.0204758 0.9809268
74.707830 -9.8045349 -1.7416488 34.3439255 0.0470057 -0.1756373 -0.0203864 0.9831207
74.811700 -9.8315868 -1.7503638 34.4198837 0.0504795 -0.1626563 -0.0211383 0.9851639
75.019330 -9.8795586 -1.7691938 34.5743866 0.0557340 -0.1345439 -0.0237293 0.9890544
75.123330 -9.9005651 -1.7790736 34.6522598 0.0574854 -0.1189458 -0.0215210 0.9910016
75.227100 -9.9185991 -1.7893091 34.7304382 0.0588857 -0.1038119 -0.0234562 0.9925751
75.330950 -9.9337358 -1.7997671 34.8095245 0.0608109 -0.0894300 -0.0213395 0.9939059
75.538570 -9.9576540 -1.8223561 34.9696922 0.0654755 -0.0625197 -0.0170430 0.9957479
75.642200 -9.9656467 -1.8340566 35.0510902 0.0660410 -0.0508285 -0.0155231 0.9964005
75.849580 -9.9778433 -1.8581352 35.2149162 0.0675532 -0.0284479 -0.0149541 0.9971979
76.056950 -9.9833632 -1.8819939 35.3783607 0.0696497 -0.0070247 -0.0133180 0.9974579
76.264200 -9.9815340 -1.9074852 35.5464935 0.0672773 0.0082742 -0.0088016 0.9976612
76.471330 -9.9765987 -1.9327527 35.7124786 0.0703731 0.0155591 -0.0034941 0.9973933
76.678580 -9.9710674 -1.9582255 35.8797264 0.0706997 0.0195186 -0.0045449 0.9972963
76.885860 -9.9643116 -1.9847895 36.0482674 0.0734620 0.0230586 -0.0038637 0.9970239
77.093250 -9.9562578 -2.0116014 36.2213860 0.0746339 0.0263925 -0.0025293 0.9968585
77.300580 -9.9471025 -2.0391345 36.3990364 0.0708983 0.0290296 -0.0031135 0.9970562
77.507830 -9.9373827 -2.0676610 36.5764999 0.0734986 0.0299017 -0.0045370 0.9968366
77.715200 -9.9271708 -2.0965006 36.7578850 0.0751134 0.0296391 -0.0033858 0.9967287
77.922710 -9.9180107 -2.1259952 36.9412193 0.0752598 0.0300366 -0.0055774 0.9966959
78.130080 -9.9083462 -2.1554837 37.1276321 0.0749761 0.0316088 -0.0066332 0.9966621
78.337450 -9.8975267 -2.1866775 37.3170013 0.0748755 0.0342306 -0.0065038 0.9965840
78.544830 -9.8839722 -2.2174428 37.5097885 0.0751663 0.0368159 -0.0067444 0.9964683
78.752330 -9.8697414 -2.2494624 37.7042656 0.0744823 0.0403481 -0.0070149 0.9963810
78.959710 -9.8536339 -2.2803760 37.9010277 0.0739747 0.0438557 -0.0078949 0.9962641
79.167080 -9.8375845 -2.3115616 38.0979309 0.0747592 0.0469284 -0.0080653 0.9960641
79.374460 -9.8182507 -2.3443880 38.2990532 0.0754555 0.0494344 -0.0071443 0.9958974
79.478210 -9.8087292 -2.3606150 38.3999939 0.0757591 0.0509061 -0.0074579 0.9957979
79.581950 -9.7989302 -2.3776033 38.5018883 0.0755536 0.0526093 -0.0074478 0.9957251
79.685700 -9.7881908 -2.3938875 38.6039505 0.0753699 0.0543166 -0.0077308 0.9956452
79.789450 -9.7767391 -2.4109263 38.7076225 0.0754012 0.0562813 -0.0070806 0.9955385
79.996970 -9.7522125 -2.4450226 38.9149818 0.0756001 0.0598530 -0.0065493 0.9953187
80.100580 -9.7398081 -2.4619694 39.0192490 0.0758944 0.0610925 -0.0064942 0.9952214
80.307980 -9.7149963 -2.4964974 39.2312279 0.0763844 0.0635424 -0.0060175 0.9950334
80.411710 -9.7021418 -2.5137441 39.3377075 0.0764735 0.0645100 -0.0060116 0.9949644
80.515330 -9.6887178 -2.5316362 39.4444962 0.0764423 0.0651006 -0.0054023 0.9949318
80.619080 -9.6745796 -2.5499275 39.5519142 0.0768454 0.0656971 -0.0048154 0.9948646
80.722740 -9.6601706 -2.5677083 39.6602898 0.0769791 0.0661769 -0.0045287 0.9948238
80.826440 -9.6456289 -2.5860724 39.7694092 0.0761020 0.0666582 -0.0037135 0.9948625
80.930080 -9.6315765 -2.6038094 39.8785210 0.0765187 0.0671947 -0.0040354 0.9947932
81.033840 -9.6169376 -2.6222069 39.9885406 0.0762019 0.0677955 -0.0043776 0.9947753
81.137500 -9.6021128 -2.6405153 40.0994682 0.0752484 0.0683921 -0.0048818 0.9948047
81.241210 -9.5878057 -2.6588821 40.2098579 0.0741659 0.0692684 -0.0043589 0.9948278
81.344940 -9.5720015 -2.6768773 40.3209877 0.0743451 0.0694810 -0.0036114 0.9948026
81.448590 -9.5564251 -2.6952538 40.4318542 0.0751629 0.0693705 -0.0033995 0.9947496
81.552330 -9.5408764 -2.7136116 40.5427666 0.0754968 0.0694302 -0.0033432 0.9947203
81.759710 -9.5111008 -2.7505267 40.7646599 0.0751803 0.0696674 -0.0033266 0.9947277
81.863460 -9.4954491 -2.7695427 40.8752708 0.0753842 0.0693159 -0.0036649 0.9947357
82.070830 -9.4644146 -2.8066115 41.0973778 0.0770878 0.0685315 -0.0022598 0.9946637
82.174460 -9.4503689 -2.8252196 41.2074432 0.0768631 0.0679053 -0.0014749 0.9947255
82.278210 -9.4354858 -2.8437433 41.3177452 0.0760512 0.0666924 0.0001091 0.9948710
82.381960 -9.4212475 -2.8623757 41.4287949 0.0755526 0.0659116 0.0003548 0.9949610
82.485710 -9.4066277 -2.8809266 41.5397186 0.0754380 0.0652902 0.0001524 0.9950107
82.589430 -9.3934641 -2.8989124 41.6491928 0.0752483 0.0651273 0.0006781 0.9950355
82.693080 -9.3785448 -2.9168787 41.7584457 0.0756920 0.0643650 0.0004863 0.9950516
82.796920 -9.3655777 -2.9351733 41.8679161 0.0757339 0.0642024 0.0009255 0.9950586
82.900600 -9.3516111 -2.9536431 41.9774246 0.0756806 0.0637631 0.0007744 0.9950910
83.004230 -9.3391266 -2.9725306 42.0861359 0.0755372 0.0637171 -0.0004021 0.9951051
83.107850 -9.3255444 -2.9905047 42.1960907 0.0751868 0.0634785 -0.0015526 0.9951457
83.211580 -9.3110676 -3.0086153 42.3058281 0.0746831 0.0631289 -0.0001225 0.9952071
83.315210 -9.2974758 -3.0266194 42.4147148 0.0739095 0.0626385 0.0008569 0.9952955
83.418960 -9.2836208 -3.0446379 42.5242538 0.0737218 0.0621517 0.0041048 0.9953318
83.522590 -9.2699804 -3.0627472 42.6342850 0.0749215 0.0615248 0.0053020 0.9952755
83.626210 -9.2564297 -3.0806348 42.7453575 0.0764615 0.0613703 0.0047894 0.9951705
83.729960 -9.2423935 -3.1001108 42.8553848 0.0764679 0.0610104 0.0036448 0.9951970
83.937350 -9.2164574 -3.1365011 43.0765839 0.0755063 0.0598974 0.0016758 0.9953433
84.144710 -9.1913433 -3.1727991 43.2958298 0.0755662 0.0590270 -0.0008733 0.9953918
84.352100 -9.1662922 -3.2090621 43.5156708 0.0745755 0.0586416 -0.0019567 0.9954877
84.455710 -9.1534328 -3.2273118 43.6255646 0.0750195 0.0587957 -0.0007453 0.9954469
84.559380 -9.1412554 -3.2455256 43.7348251 0.0754022 0.0588421 -0.0000038 0.9954156
84.662980 -9.1285238 -3.2633255 43.8441505 0.0752516 0.0585601 0.0011118 0.9954429
84.766730 -9.1157150 -3.2814875 43.9530449 0.0744786 0.0579155 0.0016629 0.9955381
84.870340 -9.1034575 -3.2988863 44.0605507 0.0755267 0.0571350 0.0018906 0.9955038
85.077720 -9.0806952 -3.3356502 44.2736168 0.0766126 0.0561303 -0.0009894 0.9954792
85.285090 -9.0592775 -3.3720860 44.4853134 0.0745216 0.0551061 -0.0029435 0.9956913
85.388710 -9.0473881 -3.3897021 44.5919075 0.0735009 0.0549037 -0.0021020 0.9957805
85.596110 -9.0247707 -3.4240091 44.7994804 0.0731060 0.0547621 -0.0009999 0.9958191
85.699750 -9.0140257 -3.4405794 44.9024506 0.0736503 0.0552066 -0.0010078 0.9957544
85.907110 -8.9918823 -3.4748459 45.1047668 0.0729740 0.0560196 -0.0016697 0.9957579
86.010840 -8.9804249 -3.4915481 45.2041817 0.0729461 0.0561834 -0.0021593 0.9957498
86.114460 -8.9695692 -3.5080276 45.3032341 0.0723263 0.0564947 -0.0018386 0.9957780
86.218210 -8.9591398 -3.5243564 45.4006195 0.0708438 0.0570272 -0.0023990 0.9958531
86.425590 -8.9383163 -3.5561914 45.5901604 0.0697702 0.0578069 -0.0024494 0.9958838
86.529210 -8.9274521 -3.5711720 45.6819534 0.0724619 0.0579241 -0.0013847 0.9956868
86.632980 -8.9170876 -3.5867040 45.7712593 0.0726377 0.0580868 -0.0015113 0.9956643
86.840340 -8.8969946 -3.6157455 45.9440231 0.0703640 0.0568558 -0.0004826 0.9958996
87.047710 -8.8791609 -3.6433096 46.1076355 0.0694401 0.0550327 -0.0016374 0.9960657
87.151360 -8.8711271 -3.6556344 46.1848984 0.0682570 0.0536380 -0.0009449 0.9962244
87.358710 -8.8571272 -3.6790810 46.3298416 0.0656614 0.0521553 -0.0022091 0.9964756
87.566210 -8.8439894 -3.7011216 46.4639969 0.0673005 0.0515669 -0.0016505 0.9963979
87.877340 -8.8256054 -3.7305157 46.6414909 0.0673893 0.0526639 -0.0045257 0.9963256
88.189210 -8.8054876 -3.7554038 46.7935104 0.0679900 0.0775870 -0.0102468 0.9946118
88.501590 -8.7736292 -3.7767665 46.9254684 0.0720119 0.1280859 -0.0070503 0.9891201
88.710100 -8.7441692 -3.7912910 47.0062485 0.0712235 0.1754045 -0.0054980 0.9819013
88.918590 -8.7066765 -3.8042839 47.0807800 0.0692708 0.2286463 -0.0036618 0.9710350
89.127090 -8.6614933 -3.8170137 47.1470985 0.0708760 0.2879798 -0.0012063 0.9550093
89.335590 -8.6096563 -3.8285902 47.2046814 0.0738237 0.3502091 -0.0001522 0.9337578
89.647840 -8.5193567 -3.8447313 47.2733040 0.0775722 0.4391876 0.0091422 0.8949934
89.855840 -8.4512892 -3.8547463 47.3103905 0.0756265 0.4964126 0.0115248 0.8647094
89.959740 -8.4149055 -3.8599234 47.3248482 0.0766944 0.5239530 0.0149620 0.8481553
90.167590 -8.3399572 -3.8693519 47.3476181 0.0816005 0.5779992 0.0168015 0.8117734
90.375470 -8.2596645 -3.8775930 47.3621292 0.0842912 0.6306480 0.0152384 0.7713273
90.479340 -8.2167530 -3.8818567 47.3655739 0.0827232 0.6556154 0.0163240 0.7503725
90.583090 -8.1732969 -3.8863075 47.3661499 0.0811646 0.6802804 0.0181536 0.7282180
90.686970 -8.1289921 -3.8903937 47.3638916 0.0814852 0.7044480 0.0182123 0.7048273
90.790840 -8.0844641 -3.8939152 47.3582649 0.0828150 0.7278966 0.0178006 0.6804347
90.998490 -7.9936671 -3.9007049 47.3373451 0.0845369 0.7722545 0.0156920 0.6294682
91.205840 -7.8992877 -3.9075909 47.3047104 0.0848817 0.8111164 0.0169866 0.5784433
91.412970 -7.8039250 -3.9132881 47.2583046 0.0846512 0.8426756 0.0178292 0.5314265
91.516590 -7.7561755 -3.9166877 47.2319527 0.0851334 0.8557547 0.0178578 0.5100170
91.723710 -7.6604996 -3.9215555 47.1692200 0.0866008 0.8756772 0.0174661 0.4747470
91.930590 -7.5637021 -3.9276917 47.0982437 0.0840100 0.8889630 0.0212252 0.4497073
92.137720 -7.4660640 -3.9323652 47.0212402 0.0770776 0.8987464 0.0219946 0.4310803
92.344860 -7.3685250 -3.9364297 46.9372292 0.0711896 0.9073209 0.0236480 0.4136925
92.552220 -7.2703209 -3.9387093 46.8490753 0.0603457 0.9165251 0.0232161 0.3947165
92.655970 -7.2221565 -3.9390430 46.8021202 0.0572545 0.9210160 0.0251809 0.3844703
92.863470 -7.1284065 -3.9391553 46.7039795 0.0453466 0.9303624 0.0281536 0.3627353
93.070970 -7.0389452 -3.9373679 46.6000481 0.0393533 0.9396623 0.0291717 0.3385780
93.278470 -6.9542904 -3.9341984 46.4891357 0.0368574 0.9484249 0.0333156 0.3130844
93.382090 -6.9135742 -3.9322143 46.4315376 0.0365227 0.9522460 0.0363000 0.3009584
93.589470 -6.8353186 -3.9266033 46.3109856 0.0368682 0.9577366 0.0411936 0.2822842
93.693120 -6.7964988 -3.9232798 46.2496109 0.0353578 0.9593036 0.0428161 0.2768634
93.900350 -6.7177458 -3.9150739 46.1238670 0.0308120 0.9606062 0.0473331 0.2721140
94.003970 -6.6766639 -3.9104369 46.0607681 0.0261510 0.9608636 0.0476922 0.2716295
94.211350 -6.5952682 -3.9010198 45.9323273 0.0221096 0.9605902 0.0424606 0.2738153
94.418590 -6.5115728 -3.8931980 45.8024635 0.0236823 0.9594118 0.0356780 0.2787386
94.625970 -6.4240746 -3.8867457 45.6684875 0.0245944 0.9576764 0.0360820 0.2845157
94.833490 -6.3330708 -3.8814082 45.5356445 0.0222804 0.9570332 0.0323747 0.2873030
94.937220 -6.2868953 -3.8775635 45.4669838 0.0230523 0.9571297 0.0296759 0.2872118
95.144720 -6.1930718 -3.8713796 45.3268929 0.0215743 0.9568086 0.0290147 0.2884613
95.248350 -6.1452713 -3.8679547 45.2565918 0.0217560 0.9566085 0.0301968 0.2889895
95.455870 -6.0495143 -3.8632305 45.1137428 0.0222991 0.9557716 0.0341041 0.2912735
95.663110 -5.9530940 -3.8570883 44.9729462 0.0242725 0.9546868 0.0348018 0.2945722
95.870470 -5.8564258 -3.8510389 44.8329964 0.0265562 0.9532537 0.0366288 0.2987648
96.077860 -5.7587733 -3.8454156 44.6957817 0.0271714 0.9519035 0.0349063 0.3031881
96.285350 -5.6596222 -3.8397088 44.5595970 0.0271426 0.9511696 0.0360239 0.3053554
96.596600 -5.5136843 -3.8315251 44.3578682 0.0283195 0.9504064 0.0345698 0.3077834
96.907730 -5.3691669 -3.8235364 44.1618690 0.0256886 0.9503452 0.0372424 0.3078915
97.218890 -5.2286453 -3.8159735 43.9685478 0.0279988 0.9497517 0.0364579 0.3096105
97.633720 -5.0435557 -3.8070064 43.7220840 0.0284429 0.9480421 0.0379848 0.3145860
97.945070 -4.9099236 -3.8008001 43.5483856 0.0265459 0.9469254 0.0355118 0.3183811
98.463720 -4.7045579 -3.7920444 43.2860222 0.0244840 0.9460718 0.0361463 0.3210018
98.878600 -4.5630980 -3.7852259 43.1070862 0.0229727 0.9446793 0.0392615 0.3248258
99.397230 -4.4238291 -3.7788234 42.9307976 0.0263375 0.9435582 0.0375410 0.3280166
100.226700 -4.2810607 -3.7725041 42.7496910 0.0270567 0.9426536 0.0377424 0.3305263
101.367400 -4.1565895 -3.7654128 42.5961189 0.0282012 0.9426644 0.0336979 0.3308368
102.197000 -4.0756402 -3.7627881 42.4965134 0.0301118 0.9426095 0.0357507 0.3306092
103.441500 -3.9835694 -3.7579138 42.3847275 0.0282439 0.9427642 0.0336311 0.3305554
104.167400 -3.9186728 -3.7553341 42.3060417 0.0312776 0.9416735 0.0268985 0.3339897
104.478200 -3.8707907 -3.7534726 42.2499390 0.0340206 0.9390090 0.0254465 0.3412583
104.789400 -3.8080437 -3.7519872 42.1807213 0.0357392 0.9346718 0.0239163 0.3529015
104.996700 -3.7588186 -3.7505813 42.1267090 0.0385996 0.9308849 0.0258158 0.3623492
105.204100 -3.7015891 -3.7495363 42.0693207 0.0383846 0.9270833 0.0253749 0.3720205
105.307700 -3.6706650 -3.7489378 42.0388565 0.0385821 0.9251689 0.0249245 0.3767662
105.515300 -3.6044364 -3.7477169 41.9738388 0.0403344 0.9214305 0.0297235 0.3852993
105.618900 -3.5688131 -3.7467990 41.9403343 0.0398273 0.9196312 0.0307266 0.3895485
105.722600 -3.5312037 -3.7460830 41.9065323 0.0366532 0.9182962 0.0313242 0.3929471
105.826500 -3.4922554 -3.7449398 41.8714371 0.0352697 0.9172611 0.0327742 0.3953655
105.930200 -3.4521966 -3.7438993 41.8351936 0.0330178 0.9163116 0.0319200 0.3978239
106.034100 -3.4109604 -3.7427738 41.7984009 0.0313364 0.9160144 0.0318434 0.3986499
106.137900 -3.3682234 -3.7411475 41.7602005 0.0282162 0.9156901 0.0315857 0.3996471
106.241700 -3.3252487 -3.7394545 41.7211990 0.0290026 0.9150868 0.0318842 0.4009469
106.345500 -3.2805088 -3.7379377 41.6806984 0.0290396 0.9147557 0.0319882 0.4016907
106.449200 -3.2347436 -3.7365940 41.6393051 0.0299854 0.9145365 0.0320087 0.4021184
106.553000 -3.1873901 -3.7349622 41.5977974 0.0281885 0.9141999 0.0272885 0.4033600
106.656800 -3.1386199 -3.7335989 41.5552673 0.0271253 0.9140069 0.0236771 0.4040978
106.760500 -3.0902157 -3.7329652 41.5115700 0.0295384 0.9136302 0.0218261 0.4048838
106.968000 -2.9878991 -3.7310414 41.4198647 0.0303685 0.9131016 0.0242260 0.4058774
107.175500 -2.8796513 -3.7296159 41.3249550 0.0275844 0.9124348 0.0251801 0.4075142
107.382900 -2.7686079 -3.7274911 41.2267761 0.0285048 0.9112052 0.0268252 0.4100890
107.590200 -2.6522694 -3.7244499 41.1267052 0.0287314 0.9092960 0.0275529 0.4142417
107.797600 -2.5323522 -3.7222264 41.0250893 0.0314076 0.9068266 0.0307858 0.4192033
108.005000 -2.4108608 -3.7204056 40.9238091 0.0327410 0.9049695 0.0300098 0.4231520
108.212500 -2.2894537 -3.7193668 40.8239861 0.0326207 0.9041498 0.0269217 0.4251167
108.420000 -2.1670864 -3.7186248 40.7249489 0.0307384 0.9047650 0.0244721 0.4240949
108.523700 -2.1062169 -3.7185688 40.6751595 0.0294239 0.9052254 0.0235429 0.4232576
108.731200 -1.9850160 -3.7172513 40.5738449 0.0306089 0.9059367 0.0251251 0.4215574
108.938900 -1.8643271 -3.7166762 40.4720078 0.0307026 0.9070770 0.0244833 0.4191291
109.146400 -1.7427557 -3.7165062 40.3685455 0.0314472 0.9081644 0.0240762 0.4167358
109.457600 -1.5594302 -3.7159994 40.2099457 0.0316249 0.9098957 0.0237143 0.4129496
109.665000 -1.4378219 -3.7153716 40.1036873 0.0330233 0.9109648 0.0222593 0.4105569
109.872400 -1.3152332 -3.7148209 39.9956512 0.0327538 0.9113144 0.0221467 0.4098083
110.079700 -1.1928563 -3.7151196 39.8874016 0.0320897 0.9113048 0.0225361 0.4098607
110.287200 -1.0680747 -3.7152903 39.7786865 0.0313930 0.9110523 0.0209791 0.4105581
110.494600 -0.9421610 -3.7162681 39.6686897 0.0323849 0.9104329 0.0219794 0.4118010
110.702000 -0.8173983 -3.7172666 39.5597420 0.0329925 0.9097040 0.0189889 0.4135089
110.909200 -0.6902818 -3.7178330 39.4520950 0.0319799 0.9088888 0.0192068 0.4153668
111.220200 -0.5021789 -3.7194772 39.2925797 0.0316558 0.9073792 0.0223206 0.4185245
111.427600 -0.3767143 -3.7202141 39.1880150 0.0327816 0.9065686 0.0215718 0.4202301
111.635000 -0.2529473 -3.7216530 39.0836716 0.0341237 0.9055851 0.0203600 0.4222993
111.738700 -0.1911357 -3.7224154 39.0325241 0.0344150 0.9051948 0.0191402 0.4231685
111.842400 -0.1293171 -3.7229919 38.9817886 0.0337025 0.9046896 0.0193006 0.4242975
111.946100 -0.0671997 -3.7238553 38.9310760 0.0315520 0.9043127 0.0209840 0.4251855
112.049700 -0.0059205 -3.7248285 38.8803444 0.0308674 0.9040172 0.0230009 0.4257595
112.153500 0.0553322 -3.7248571 38.8314857 0.0294608 0.9041252 0.0216055 0.4257028
112.360900 0.1765533 -3.7259758 38.7325554 0.0293575 0.9048583 0.0183795 0.4243016
112.464600 0.2360481 -3.7265413 38.6829567 0.0318404 0.9053937 0.0185251 0.4229720
112.568200 0.2951360 -3.7273898 38.6325264 0.0344440 0.9057860 0.0205050 0.4218351
112.672000 0.3540091 -3.7282221 38.5825958 0.0360340 0.9061291 0.0206858 0.4209557
112.775600 0.4120975 -3.7286496 38.5329933 0.0371017 0.9064797 0.0207736 0.4201030
112.879400 0.4695228 -3.7295952 38.4844589 0.0374879 0.9069529 0.0211644 0.4190266
113.086700 0.5823935 -3.7323244 38.3893547 0.0366579 0.9081415 0.0179818 0.4166676
113.190500 0.6363400 -3.7336929 38.3440895 0.0368467 0.9087691 0.0128103 0.4154719
113.294100 0.6890699 -3.7351813 38.2991676 0.0375249 0.9092579 0.0095224 0.4144289
113.397800 0.7403535 -3.7373128 38.2555122 0.0361080 0.9096208 0.0080444 0.4137892
113.501500 0.7900314 -3.7396624 38.2117500 0.0367716 0.9098630 0.0104028 0.4131452
113.709000 0.8829847 -3.7438195 38.1294823 0.0392754 0.9100568 0.0131021 0.4124106
113.812600 0.9275864 -3.7465374 38.0913506 0.0399089 0.9102757 0.0127589 0.4118769
114.020100 1.0090919 -3.7506034 38.0185585 0.0446085 0.9100745 0.0100008 0.4119156
114.331400 1.1212244 -3.7566698 37.9213753 0.0433384 0.9099627 0.0112991 0.4122646
114.850000 1.2868793 -3.7646687 37.7780533 0.0405117 0.9102488 0.0064145 0.4120253
115.161100 1.3769900 -3.7704968 37.7005043 0.0376543 0.9107721 0.0070380 0.4111288
115.576100 1.4861020 -3.7759776 37.6029205 0.0420701 0.9110408 0.0086010 0.4100742
115.990900 1.5836629 -3.7806206 37.5167122 0.0450299 0.9107918 0.0084383 0.4103163
116.302000 1.6490964 -3.7853296 37.4587021 0.0479012 0.9102097 0.0050303 0.4113376
116.613300 1.7085674 -3.7888801 37.4075584 0.0508350 0.9084396 0.0043147 0.4148911
116.924200 1.7616358 -3.7922347 37.3641014 0.0482580 0.9069369 0.0017664 0.4184895
117.339100 1.8171312 -3.7971578 37.3179245 0.0500357 0.9050734 0.0019580 0.4222969
117.650400 1.8510280 -3.8000040 37.2901497 0.0501068 0.9053022 -0.0010098 0.4218012
118.065100 1.8868194 -3.8026228 37.2601013 0.0514217 0.9052023 -0.0024779 0.4218511
118.376300 1.9085928 -3.8043523 37.2425728 0.0511872 0.9050512 -0.0036338 0.4221954
118.791000 1.9321417 -3.8062901 37.2228355 0.0514110 0.9046449 -0.0042440 0.4230324
119.309600 1.9540031 -3.8081114 37.2056808 0.0517028 0.9043776 -0.0053834 0.4235550
120.242900 1.9759856 -3.8100708 37.1874619 0.0520735 0.9039704 -0.0066603 0.4243600
121.383400 1.9910572 -3.8115141 37.1746101 0.0525033 0.9037489 -0.0078106 0.4247591
121.694500 1.9993567 -3.8122482 37.1683502 0.0522836 0.9038844 -0.0076137 0.4245014
122.420500 2.0295470 -3.8150373 37.1431465 0.0525474 0.9037643 -0.0075755 0.4247252
122.628000 2.0411799 -3.8159328 37.1337776 0.0525165 0.9037462 -0.0077444 0.4247645
122.835200 2.0539794 -3.8171182 37.1230316 0.0523323 0.9037445 -0.0075753 0.4247939
123.042600 2.0679185 -3.8184104 37.1120186 0.0515996 0.9037727 -0.0074907 0.4248250
123.250000 2.0820501 -3.8197081 37.0998726 0.0525594 0.9037306 -0.0076813 0.4247936
123.457400 2.0970178 -3.8211215 37.0869064 0.0533790 0.9036599 -0.0072201 0.4248499
123.664800 2.1116962 -3.8226285 37.0740280 0.0554176 0.9036860 -0.0055261 0.4245585
123.872100 2.1259663 -3.8244209 37.0628281 0.0547411 0.9036839 -0.0051741 0.4246553
124.079600 2.1388981 -3.8255792 37.0521698 0.0547302 0.9036966 -0.0051628 0.4246297
124.390600 2.1556447 -3.8271127 37.0388603 0.0541217 0.9034986 -0.0043758 0.4251376
