4.776128 0.0000000 0.0000000 0.0000000 0.0000000 0.0000000 0.0000000 1.0000000
4.880125 0.0017383 -0.0008324 0.0474789 0.0000517 0.0166476 -0.0006044 0.9998612
4.984148 0.0051332 -0.0017994 0.0947095 0.0003698 0.0339237 -0.0003034 0.9994243
5.088126 0.0104146 -0.0026370 0.1422076 0.0010272 0.0507334 -0.0000817 0.9987117
5.192023 0.0172166 -0.0037715 0.1895034 0.0019222 0.0670002 -0.0001784 0.9977511
5.295877 0.0252740 -0.0048536 0.2366265 0.0035011 0.0832778 -0.0005755 0.9965200
5.399752 0.0350608 -0.0061426 0.2832303 0.0056768 0.0994675 0.0012084 0.9950239
5.503628 0.0468557 -0.0074358 0.3297309 0.0086436 0.1150688 0.0045162 0.9933097
5.607400 0.0598932 -0.0091018 0.3757412 0.0114991 0.1304089 0.0078744 0.9913623
5.711251 0.0746024 -0.0109998 0.4214793 0.0139407 0.1447971 0.0109843 0.9893022
5.815003 0.0905377 -0.0131150 0.4664648 0.0162995 0.1588529 0.0151115 0.9870520
5.918752 0.1077044 -0.0156520 0.5109838 0.0211523 0.1719597 0.0178972 0.9847142
6.022375 0.1256198 -0.0183691 0.5550718 0.0287034 0.1850217 0.0191056 0.9821293
6.126131 0.1443547 -0.0219335 0.5982856 0.0372384 0.1979988 0.0183419 0.9793229
6.229773 0.1640035 -0.0255523 0.6412314 0.0446618 0.2112603 0.0166348 0.9762672
6.333503 0.1852133 -0.0299639 0.6833665 0.0497829 0.2239949 0.0176130 0.9731587
6.437129 0.2075777 -0.0348572 0.7251182 0.0514807 0.2365124 0.0184664 0.9700879
6.644505 0.2551054 -0.0449539 0.8068752 0.0479463 0.2592799 0.0231123 0.9643344
6.748254 0.2806409 -0.0494442 0.8467914 0.0462941 0.2687744 0.0274568 0.9616981
6.851878 0.3058051 -0.0539845 0.8859814 0.0461024 0.2762602 0.0288284 0.9595435
6.955504 0.3314358 -0.0583794 0.9243889 0.0477384 0.2823866 0.0304851 0.9576270
7.162754 0.3826958 -0.0667803 1.0006224 0.0491736 0.2936962 0.0269538 0.9542526
7.370130 0.4353438 -0.0752682 1.0740569 0.0488992 0.3047585 0.0283130 0.9507521
7.577401 0.4903029 -0.0837379 1.1488980 0.0514195 0.3109264 0.0296472 0.9485788
7.784655 0.5476952 -0.0921492 1.2266744 0.0526391 0.3088107 0.0298262 0.9491973
8.095633 0.6347504 -0.1058916 1.3505861 0.0519563 0.2975453 0.0271702 0.9529056
8.303130 0.6937783 -0.1158795 1.4386013 0.0509523 0.2916503 0.0238955 0.9548681
8.510755 0.7544975 -0.1262089 1.5298502 0.0489059 0.2910504 0.0207531 0.9552315
8.718382 0.8170389 -0.1366219 1.6232009 0.0480296 0.2918525 0.0206078 0.9550343
8.925883 0.8808805 -0.1474200 1.7182699 0.0471715 0.2921190 0.0209451 0.9549883
9.133505 0.9472713 -0.1584100 1.8160757 0.0463639 0.2921387 0.0201275 0.9550394
9.341007 1.0130166 -0.1693011 1.9136717 0.0457643 0.2918174 0.0196364 0.9551768
9.548508 1.0783154 -0.1802188 2.0107141 0.0437939 0.2897936 0.0202677 0.9558719
9.755883 1.1422321 -0.1908237 2.1089411 0.0428091 0.2874656 0.0203676 0.9566170
10.171130 1.2692668 -0.2117564 2.3026185 0.0453708 0.2877066 0.0191222 0.9564522
10.378880 1.3336161 -0.2227860 2.3992548 0.0447323 0.2933565 0.0188815 0.9547693
10.690390 1.4328749 -0.2386015 2.5397472 0.0436127 0.3015598 0.0197377 0.9522447
10.898010 1.4980177 -0.2487216 2.6308200 0.0451368 0.3071386 0.0187983 0.9504079
11.105390 1.5639579 -0.2590211 2.7212183 0.0447942 0.3111760 0.0186504 0.9491128
11.312890 1.6307530 -0.2681882 2.8115363 0.0360957 0.3136730 0.0217061 0.9485965
11.624010 1.7292769 -0.2797985 2.9436638 0.0412964 0.3161602 0.0211607 0.9475703
11.831510 1.7958289 -0.2886524 3.0301530 0.0428363 0.3160924 0.0254516 0.9474190
12.038930 1.8613091 -0.2967662 3.1179445 0.0387574 0.3155169 0.0252171 0.9477927
12.142640 1.8938478 -0.3007608 3.1618280 0.0354705 0.3150321 0.0244691 0.9481022
12.350150 1.9572934 -0.3084470 3.2496824 0.0316705 0.3141172 0.0175439 0.9486936
12.453880 1.9892732 -0.3121559 3.2929852 0.0315722 0.3130179 0.0191329 0.9490294
12.661390 2.0527797 -0.3192753 3.3795841 0.0346676 0.3082530 0.0215996 0.9504271
12.765050 2.0845625 -0.3229114 3.4233851 0.0353814 0.3038528 0.0239619 0.9517602
12.868760 2.1153107 -0.3268785 3.4668152 0.0362378 0.2993507 0.0273409 0.9530627
12.972400 2.1449788 -0.3305357 3.5109241 0.0361075 0.2939676 0.0257842 0.9547850
13.076170 2.1742933 -0.3341049 3.5557141 0.0353307 0.2879119 0.0248243 0.9566830
13.179930 2.2028792 -0.3378655 3.6006567 0.0336146 0.2816575 0.0252759 0.9585928
13.283680 2.2307363 -0.3415988 3.6457365 0.0334410 0.2756697 0.0249943 0.9603453
13.387430 2.2578344 -0.3452601 3.6912322 0.0330131 0.2694427 0.0253327 0.9621170
13.491130 2.2847636 -0.3487330 3.7363999 0.0337894 0.2627307 0.0258397 0.9639311
13.698760 2.3361464 -0.3567917 3.8278964 0.0409584 0.2502352 0.0254312 0.9669840
13.802490 2.3608131 -0.3609969 3.8738592 0.0434103 0.2435864 0.0241981 0.9686050
13.906260 2.3849313 -0.3654228 3.9205947 0.0417660 0.2374091 0.0232120 0.9702339
14.010030 2.4082196 -0.3704764 3.9671497 0.0399979 0.2310640 0.0239453 0.9718211
14.113800 2.4308770 -0.3748868 4.0139985 0.0407974 0.2260429 0.0215624 0.9730238
14.321530 2.4752536 -0.3847466 4.1083903 0.0466344 0.2198323 0.0146424 0.9743124
14.425390 2.4964509 -0.3897111 4.1552072 0.0480063 0.2182528 0.0127210 0.9746278
14.529260 2.5179305 -0.3952928 4.2020960 0.0478791 0.2163008 0.0122851 0.9750746
14.633120 2.5389204 -0.4006203 4.2487578 0.0479370 0.2138434 0.0117557 0.9756202
14.736910 2.5597351 -0.4056179 4.2959909 0.0460852 0.2110416 0.0106718 0.9763318
14.840760 2.5804262 -0.4108521 4.3430610 0.0441254 0.2082784 0.0111534 0.9770101
14.944510 2.6009223 -0.4158729 4.3909121 0.0428136 0.2054428 0.0099728 0.9776813
15.048260 2.6213479 -0.4211364 4.4392529 0.0424360 0.2022588 0.0057047 0.9783956
15.152010 2.6405246 -0.4261557 4.4875431 0.0430194 0.1992386 0.0017583 0.9790047
15.359530 2.6798654 -0.4368335 4.5824809 0.0466174 0.1919181 0.0030309 0.9802985
15.567140 2.7174020 -0.4478683 4.6796451 0.0432304 0.1849607 0.0025454 0.9817913
15.774640 2.7537181 -0.4580842 4.7772684 0.0437260 0.1779964 0.0007933 0.9830589
15.982160 2.7878997 -0.4690215 4.8744960 0.0453830 0.1714653 -0.0002810 0.9841443
16.189760 2.8201706 -0.4793847 4.9694223 0.0448552 0.1640116 0.0011169 0.9854375
16.293510 2.8370545 -0.4844556 5.0146189 0.0453501 0.1595166 0.0024484 0.9861500
16.501030 2.8671653 -0.4954191 5.1105080 0.0450476 0.1526939 0.0001529 0.9872463
16.708640 2.8959692 -0.5058776 5.2073283 0.0443275 0.1475527 -0.0002733 0.9880603
16.916160 2.9248738 -0.5165017 5.3039265 0.0449548 0.1426129 0.0008550 0.9887567
17.123760 2.9527466 -0.5267853 5.4007235 0.0434739 0.1369662 0.0075909 0.9895922
17.331410 2.9794858 -0.5368979 5.4970307 0.0439207 0.1323478 0.0072636 0.9902031
17.539040 3.0042830 -0.5471451 5.5930462 0.0445666 0.1297608 0.0051019 0.9905301
17.746640 3.0298240 -0.5574039 5.6894836 0.0415986 0.1285662 0.0061511 0.9908090
17.954270 3.0546384 -0.5668636 5.7850685 0.0380251 0.1277205 0.0057700 0.9910642
18.161890 3.0791473 -0.5765144 5.8792644 0.0422165 0.1268686 0.0060960 0.9910020
18.369580 3.1028678 -0.5859498 5.9732270 0.0414973 0.1265357 0.0032509 0.9910883
18.577160 3.1271267 -0.5956473 6.0678196 0.0431030 0.1259869 0.0044361 0.9910851
18.784860 3.1500516 -0.6059288 6.1624641 0.0445713 0.1260692 -0.0030513 0.9910150
18.888520 3.1622245 -0.6109576 6.2092338 0.0463744 0.1257963 -0.0020856 0.9909694
19.096040 3.1853802 -0.6215351 6.3008075 0.0474260 0.1245663 -0.0014330 0.9910762
19.199890 3.1969392 -0.6268132 6.3460898 0.0467267 0.1237564 0.0028828 0.9912077
19.407390 3.2204368 -0.6370336 6.4374828 0.0424628 0.1208308 0.0079453 0.9917327
19.511150 3.2314229 -0.6418932 6.4828095 0.0423105 0.1188368 0.0099997 0.9919615
19.614770 3.2422388 -0.6467954 6.5269918 0.0448092 0.1162332 0.0094747 0.9921654
19.822140 3.2625728 -0.6565481 6.6179399 0.0466920 0.1087075 0.0097859 0.9929284
19.925670 3.2719488 -0.6616963 6.6629310 0.0444448 0.1038445 0.0115009 0.9935334
20.132890 3.2896314 -0.6718044 6.7528925 0.0449415 0.0907769 0.0161042 0.9947263
20.236640 3.2973943 -0.6764104 6.7979999 0.0456132 0.0835310 0.0154465 0.9953409
20.444020 3.3107030 -0.6860033 6.8875766 0.0468879 0.0697326 0.0166662 0.9963238
20.651520 3.3198566 -0.6962909 6.9739070 0.0546382 0.0567752 0.0106492 0.9968339
20.755270 3.3234313 -0.7015158 7.0169640 0.0585816 0.0500629 0.0082182 0.9969926
20.962890 3.3299890 -0.7126139 7.1024017 0.0569735 0.0372999 0.0062447 0.9976591
21.274520 3.3347869 -0.7296879 7.2276154 0.0629125 0.0245610 0.0001728 0.9977168
21.378530 3.3365972 -0.7349395 7.2692313 0.0644647 0.0228447 -0.0005832 0.9976583
21.586400 3.3407063 -0.7469526 7.3527322 0.0598047 0.0234067 -0.0024133 0.9979327
21.794280 3.3436337 -0.7575911 7.4318447 0.0584085 0.0267406 -0.0011114 0.9979339
22.002150 3.3490219 -0.7688155 7.5138803 0.0577088 0.0305521 0.0000053 0.9978659
22.210070 3.3547380 -0.7788316 7.5958471 0.0570102 0.0360563 -0.0013975 0.9977213
22.417770 3.3613846 -0.7896219 7.6764364 0.0556142 0.0416982 -0.0004599 0.9975811
22.625400 3.3681245 -0.7999303 7.7555985 0.0573396 0.0463943 -0.0014972 0.9972751
22.832900 3.3760245 -0.8102231 7.8346357 0.0592964 0.0482886 0.0000081 0.9970718
22.936520 3.3799746 -0.8153088 7.8737721 0.0585599 0.0479603 0.0015197 0.9971300
23.143770 3.3867419 -0.8260821 7.9511619 0.0564924 0.0422175 0.0033237 0.9975045
23.247420 3.3894837 -0.8310574 7.9893074 0.0569942 0.0365808 0.0047976 0.9976926
23.351020 3.3917453 -0.8360322 8.0273495 0.0571656 0.0292784 0.0062464 0.9979157
23.454650 3.3931367 -0.8409181 8.0651264 0.0559555 0.0215913 0.0056576 0.9981837
23.558270 3.3936090 -0.8457117 8.1029310 0.0536171 0.0133472 0.0032641 0.9984670
23.765650 3.3926268 -0.8545813 8.1779852 0.0467241 -0.0032102 0.0025100 0.9988995
23.869400 3.3913116 -0.8586699 8.2152853 0.0431784 -0.0120738 0.0021847 0.9989920
23.973020 3.3889759 -0.8627098 8.2521238 0.0401804 -0.0204868 0.0009969 0.9989819
24.076780 3.3863637 -0.8667465 8.2886019 0.0387596 -0.0297267 0.0003715 0.9988062
24.180540 3.3830116 -0.8701952 8.3245277 0.0381637 -0.0387077 0.0008792 0.9985211
24.284160 3.3789845 -0.8735920 8.3599634 0.0377279 -0.0474831 0.0001058 0.9981593
24.491650 3.3689389 -0.8799677 8.4299631 0.0350905 -0.0626954 -0.0038723 0.9974081
24.595400 3.3637388 -0.8829316 8.4648075 0.0334740 -0.0687800 -0.0023718 0.9970673
24.803110 3.3527808 -0.8892710 8.5332937 0.0344868 -0.0796039 -0.0036974 0.9962230
25.010540 3.3394744 -0.8956912 8.5990467 0.0429123 -0.0885441 -0.0056441 0.9951314
25.321770 3.3182628 -0.9051691 8.7003222 0.0413029 -0.0987699 -0.0043353 0.9942433
25.529390 3.3031228 -0.9119954 8.7687988 0.0313161 -0.1018682 -0.0077050 0.9942750
25.737020 3.2890570 -0.9174064 8.8366995 0.0327439 -0.1031175 -0.0045726 0.9941196
25.840800 3.2816167 -0.9196615 8.8706236 0.0329516 -0.1037125 -0.0032186 0.9940561
26.048150 3.2663321 -0.9247289 8.9388981 0.0298900 -0.1059040 -0.0049745 0.9939145
26.151900 3.2584326 -0.9272810 8.9738140 0.0274312 -0.1074566 -0.0052049 0.9938176
26.359150 3.2422068 -0.9321173 9.0429430 0.0250065 -0.1129245 -0.0038308 0.9932814
26.566610 3.2243474 -0.9367303 9.1124859 0.0229732 -0.1219027 -0.0028359 0.9922721
26.773900 3.2047915 -0.9416311 9.1809120 0.0254187 -0.1335836 -0.0041194 0.9907029
26.981280 3.1829934 -0.9460217 9.2508526 0.0272951 -0.1458662 -0.0043651 0.9889181
27.188790 3.1592572 -0.9511760 9.3215265 0.0246233 -0.1577412 -0.0051485 0.9871600
27.396270 3.1334627 -0.9556422 9.3919811 0.0229796 -0.1685344 -0.0088058 0.9853885
27.603900 3.1058078 -0.9602186 9.4642277 0.0213211 -0.1743334 -0.0109922 0.9843944
27.811650 3.0782177 -0.9643015 9.5382881 0.0206633 -0.1755773 -0.0075144 0.9842201
27.915520 3.0641427 -0.9665221 9.5757608 0.0210854 -0.1748415 -0.0070386 0.9843456
28.123280 3.0367954 -0.9705293 9.6520605 0.0215875 -0.1745681 -0.0030922 0.9844036
28.330900 3.0087483 -0.9752685 9.7306719 0.0172263 -0.1736494 -0.0017545 0.9846553
28.538650 2.9800673 -0.9792757 9.8098221 0.0158523 -0.1721088 -0.0020133 0.9849483
28.746150 2.9516613 -0.9830054 9.8891354 0.0161925 -0.1702333 -0.0029164 0.9852664
28.953800 2.9237621 -0.9875711 9.9681749 0.0210613 -0.1692814 -0.0014310 0.9853417
29.161270 2.8950229 -0.9921013 10.0479603 0.0207838 -0.1676433 -0.0033093 0.9856231
29.368650 2.8670976 -0.9964803 10.1279383 0.0190570 -0.1659039 -0.0058902 0.9859402
29.576300 2.8395228 -1.0016042 10.2076273 0.0179242 -0.1594492 -0.0079135 0.9870117
29.783900 2.8145001 -1.0063702 10.2884092 0.0187042 -0.1496368 -0.0057116 0.9885476
29.991660 2.7915354 -1.0101788 10.3686132 0.0204033 -0.1381154 -0.0064509 0.9901850
30.199280 2.7710602 -1.0145510 10.4499359 0.0128347 -0.1282954 -0.0020634 0.9916508
30.406780 2.7505081 -1.0179472 10.5309973 0.0090567 -0.1224416 -0.0047949 0.9924228
30.510400 2.7394011 -1.0193481 10.5723143 0.0082732 -0.1207539 -0.0045967 0.9926373
30.717780 2.7183101 -1.0221921 10.6552000 0.0088739 -0.1192350 -0.0049399 0.9928141
30.821410 2.7082767 -1.0233564 10.6960926 0.0096510 -0.1191031 -0.0063244 0.9928148
30.925160 2.6977215 -1.0249250 10.7371063 0.0091837 -0.1191834 -0.0070140 0.9928050
31.028780 2.6869023 -1.0261186 10.7788849 0.0085703 -0.1198904 -0.0075894 0.9927211
31.132530 2.6765616 -1.0278311 10.8203545 0.0075870 -0.1206980 -0.0071549 0.9926345
31.236300 2.6660531 -1.0289925 10.8619537 0.0075120 -0.1214807 -0.0056554 0.9925492
31.340050 2.6552823 -1.0301938 10.9037523 0.0068604 -0.1229881 -0.0053627 0.9923699
31.443650 2.6442928 -1.0315168 10.9457512 0.0058748 -0.1253472 -0.0064225 0.9920748
31.547410 2.6328225 -1.0328192 10.9878435 0.0033625 -0.1280246 -0.0077970 0.9917346
31.651030 2.6208789 -1.0335298 11.0300121 0.0015467 -0.1303494 -0.0083927 0.9914314
31.858530 2.5969400 -1.0357400 11.1144056 0.0031964 -0.1349099 -0.0119717 0.9907804
32.066030 2.5711570 -1.0373648 11.1988564 0.0068433 -0.1394373 -0.0157108 0.9900826
32.273410 2.5448093 -1.0402673 11.2839823 0.0073778 -0.1436923 -0.0182831 0.9894260
32.480910 2.5182834 -1.0424232 11.3680658 0.0088441 -0.1483172 -0.0181747 0.9887333
32.688280 2.4908028 -1.0448056 11.4522953 0.0084141 -0.1527970 -0.0166886 0.9880809
32.895660 2.4633281 -1.0477782 11.5365391 0.0095401 -0.1575205 -0.0154326 0.9873490
32.999410 2.4482348 -1.0491922 11.5784645 0.0086767 -0.1595561 -0.0183278 0.9869806
33.206780 2.4188805 -1.0520934 11.6621542 0.0097867 -0.1642871 -0.0183846 0.9861926
33.414280 2.3884158 -1.0546075 11.7465134 0.0162924 -0.1681311 -0.0204799 0.9854172
33.621780 2.3569598 -1.0577750 11.8308153 0.0092950 -0.1707574 -0.0243189 0.9849691
33.725530 2.3420119 -1.0586967 11.8733110 0.0032640 -0.1717706 -0.0235968 0.9848489
33.829280 2.3262863 -1.0593092 11.9151793 -0.0008675 -0.1724419 -0.0254066 0.9846916
33.933050 2.3108110 -1.0602405 11.9564676 -0.0021155 -0.1736084 -0.0265031 0.9844558
34.036660 2.2954435 -1.0607418 11.9977274 0.0002257 -0.1752468 -0.0260305 0.9841803
34.140410 2.2800150 -1.0612230 12.0385160 0.0032288 -0.1775888 -0.0247494 0.9837882
34.347780 2.2482493 -1.0631214 12.1206160 0.0063576 -0.1822906 -0.0229799 0.9829556
34.555160 2.2156234 -1.0647899 12.2031536 0.0069189 -0.1867024 -0.0223134 0.9821387
34.762530 2.1819403 -1.0661891 12.2863007 0.0015351 -0.1900032 -0.0219127 0.9815377
34.970030 2.1474388 -1.0670389 12.3695602 -0.0039443 -0.1924033 -0.0216178 0.9810699
35.177560 2.1124234 -1.0672010 12.4533844 -0.0077785 -0.1940433 -0.0220136 0.9807151
35.385050 2.0768805 -1.0679452 12.5352182 0.0040742 -0.1954847 -0.0249994 0.9803796
35.592410 2.0413339 -1.0684628 12.6183176 0.0071740 -0.1957319 -0.0243142 0.9803298
35.799780 2.0063562 -1.0704527 12.7010469 0.0034340 -0.1965732 -0.0247914 0.9801697
36.110910 1.9537901 -1.0723648 12.8261671 0.0008898 -0.1987850 -0.0220197 0.9797953
36.318290 1.9172082 -1.0736196 12.9097433 -0.0000460 -0.1997240 -0.0237893 0.9795634
36.525780 1.8811603 -1.0748217 12.9929647 0.0026285 -0.2013621 -0.0227021 0.9792503
36.733280 1.8442768 -1.0756402 13.0766449 0.0001270 -0.2041967 -0.0222257 0.9786776
36.940790 1.8072979 -1.0763943 13.1590662 -0.0010200 -0.2087859 -0.0203299 0.9777495
37.148290 1.7687064 -1.0773998 13.2399521 0.0019547 -0.2129652 -0.0232464 0.9767812
37.459410 1.7103652 -1.0795419 13.3632193 0.0046322 -0.2252736 -0.0184348 0.9741101
37.563030 1.6898394 -1.0806317 13.4039898 0.0034883 -0.2311311 -0.0158335 0.9727875
37.770280 1.6467277 -1.0817653 13.4836779 0.0026335 -0.2458106 -0.0157979 0.9691856
37.977790 1.6004710 -1.0829093 13.5628176 -0.0016809 -0.2604849 -0.0177487 0.9653133
38.081530 1.5762606 -1.0831738 13.6009054 -0.0013156 -0.2662857 -0.0202760 0.9636800
38.289160 1.5272623 -1.0834954 13.6771946 0.0023740 -0.2747072 -0.0250442 0.9611988
38.393160 1.5023942 -1.0838503 13.7156963 0.0034709 -0.2755628 -0.0277608 0.9608759
38.497160 1.4776289 -1.0843219 13.7537947 0.0058629 -0.2735119 -0.0318186 0.9613243
38.705160 1.4294695 -1.0857270 13.8315077 0.0115215 -0.2637019 -0.0355306 0.9638808
38.913290 1.3850132 -1.0877552 13.9111290 0.0104813 -0.2519635 -0.0317797 0.9671580
39.121160 1.3423358 -1.0900214 13.9905653 0.0096849 -0.2410655 -0.0320919 0.9699298
39.328910 1.3020506 -1.0919442 14.0713825 0.0110875 -0.2315626 -0.0282331 0.9723470
39.536410 1.2616525 -1.0941752 14.1511478 0.0117278 -0.2236106 -0.0305707 0.9741284
39.743820 1.2222973 -1.0958691 14.2324429 0.0071762 -0.2175162 -0.0345814 0.9754175
39.951290 1.1830268 -1.0972660 14.3162451 0.0069047 -0.2137385 -0.0359938 0.9762031
40.158660 1.1442174 -1.0995108 14.3977413 0.0174997 -0.2116057 -0.0370693 0.9764951
40.469910 1.0862117 -1.1050817 14.5226278 0.0188723 -0.2093798 -0.0381257 0.9769086
40.781040 1.0281914 -1.1099523 14.6500864 0.0147152 -0.2107834 -0.0363013 0.9767477
41.092170 0.9676312 -1.1137602 14.7771254 0.0143965 -0.2168242 -0.0363117 0.9754289
41.299420 0.9257387 -1.1162063 14.8621893 0.0158890 -0.2209838 -0.0385389 0.9743862
41.506790 0.8837079 -1.1193182 14.9475298 0.0188930 -0.2265963 -0.0345529 0.9731923
41.714170 0.8397081 -1.1224898 15.0335331 0.0190095 -0.2347796 -0.0345840 0.9712472
41.921540 0.7925566 -1.1249706 15.1195488 0.0137413 -0.2421800 -0.0393406 0.9693360
42.128920 0.7438215 -1.1268319 15.2057190 0.0093601 -0.2498692 -0.0432080 0.9672698
42.336290 0.6948571 -1.1286427 15.2905121 0.0141572 -0.2589094 -0.0414088 0.9649097
42.543790 0.6440771 -1.1314135 15.3752632 0.0204689 -0.2678193 -0.0372847 0.9625298
42.751180 0.5917534 -1.1348708 15.4595661 0.0198304 -0.2760480 -0.0299701 0.9604717
42.958540 0.5372962 -1.1377957 15.5440502 0.0126216 -0.2851135 -0.0281612 0.9579968
43.166060 0.4799943 -1.1399204 15.6287308 0.0091777 -0.2931053 -0.0289870 0.9555966
43.373560 0.4205332 -1.1416706 15.7118158 0.0090245 -0.3005449 -0.0338577 0.9531238
43.581040 0.3606697 -1.1429435 15.7949095 0.0081324 -0.3058940 -0.0334423 0.9514433
43.788690 0.3004415 -1.1442616 15.8776159 0.0117172 -0.3119960 -0.0307440 0.9495136
43.996060 0.2370148 -1.1456605 15.9596729 0.0100298 -0.3166191 -0.0336969 0.9479010
44.203560 0.1735110 -1.1471237 16.0419025 0.0081042 -0.3219593 -0.0348420 0.9460775
44.514790 0.0768603 -1.1493397 16.1633091 0.0123250 -0.3300923 -0.0315583 0.9433405
44.722330 0.0118427 -1.1514957 16.2438564 0.0097995 -0.3355873 -0.0270837 0.9415687
44.929790 -0.0538455 -1.1532270 16.3237171 0.0074411 -0.3419121 -0.0216522 0.9394530
45.033540 -0.0876980 -1.1539948 16.3630733 0.0066684 -0.3444495 -0.0231831 0.9384949
45.137340 -0.1218374 -1.1547749 16.4021969 0.0063565 -0.3464327 -0.0231319 0.9377680
45.241040 -0.1556390 -1.1555830 16.4408417 0.0074380 -0.3491335 -0.0231587 0.9367573
45.344810 -0.1899751 -1.1563483 16.4794312 0.0079863 -0.3515630 -0.0247833 0.9358020
45.448540 -0.2234615 -1.1568818 16.5177345 0.0069380 -0.3542278 -0.0214896 0.9348865
45.552290 -0.2583020 -1.1576171 16.5563869 0.0059538 -0.3572724 -0.0232850 0.9336910
45.656170 -0.2931582 -1.1581508 16.5941334 0.0070942 -0.3594621 -0.0219327 0.9328750
45.759920 -0.3277606 -1.1585582 16.6316624 0.0059980 -0.3619701 -0.0206878 0.9319409
45.863670 -0.3624195 -1.1592222 16.6686878 0.0055150 -0.3640414 -0.0231790 0.9310780
45.967420 -0.3980624 -1.1599770 16.7055798 0.0047378 -0.3654994 -0.0264191 0.9304245
46.071290 -0.4328973 -1.1599348 16.7426262 0.0046091 -0.3673870 -0.0267708 0.9296714
46.175050 -0.4677323 -1.1601988 16.7797012 0.0015135 -0.3685921 -0.0270848 0.9291953
46.278790 -0.5030287 -1.1605285 16.8163071 0.0019404 -0.3697886 -0.0281124 0.9286885
46.382670 -0.5379909 -1.1606557 16.8526211 0.0041659 -0.3707606 -0.0270175 0.9283261
46.590420 -0.6074280 -1.1614504 16.9257641 0.0073821 -0.3711278 -0.0244072 0.9282317
46.798050 -0.6776894 -1.1625118 16.9997578 0.0040527 -0.3696293 -0.0262928 0.9287984
47.005800 -0.7481415 -1.1631751 17.0745983 0.0039445 -0.3656058 -0.0271100 0.9303665
47.213560 -0.8169515 -1.1641257 17.1498127 0.0090633 -0.3595589 -0.0281196 0.9326546
47.421170 -0.8854881 -1.1652691 17.2267551 0.0098866 -0.3521600 -0.0275267 0.9354827
47.628800 -0.9534693 -1.1667882 17.3056202 0.0089271 -0.3446398 -0.0292128 0.9382378
47.836440 -1.0205183 -1.1679957 17.3859673 0.0034144 -0.3359251 -0.0335130 0.9412861
48.043920 -1.0854024 -1.1687706 17.4668636 0.0089998 -0.3283283 -0.0331747 0.9439380
48.355050 -1.1814828 -1.1708140 17.5921135 0.0096888 -0.3184097 -0.0304609 0.9474141
48.562550 -1.2452766 -1.1722326 17.6768894 0.0082475 -0.3125502 -0.0301157 0.9493879
48.873550 -1.3399985 -1.1741699 17.8060627 0.0081637 -0.3048699 -0.0338570 0.9517570
49.080930 -1.4035304 -1.1759118 17.8939991 0.0090060 -0.3000828 -0.0356728 0.9532034
49.288320 -1.4647223 -1.1767721 17.9823303 0.0094379 -0.2962090 -0.0353573 0.9544218
49.599420 -1.5559702 -1.1790451 18.1158695 0.0086375 -0.2909094 -0.0372065 0.9559879
49.703170 -1.5863222 -1.1798174 18.1605759 0.0081485 -0.2887716 -0.0379935 0.9566091
49.910550 -1.6460017 -1.1817833 18.2506218 0.0099682 -0.2854534 -0.0385732 0.9575642
50.014170 -1.6757746 -1.1824665 18.2956200 0.0098308 -0.2841622 -0.0379037 0.9579762
50.221580 -1.7347546 -1.1836805 18.3864212 0.0025990 -0.2829984 -0.0362865 0.9584302
50.428990 -1.7936666 -1.1842425 18.4769363 0.0003894 -0.2821022 -0.0353810 0.9587317
50.532690 -1.8226954 -1.1842664 18.5219307 0.0035193 -0.2819374 -0.0334298 0.9588438
50.740210 -1.8811550 -1.1852320 18.6125183 0.0077054 -0.2810864 -0.0300514 0.9591809
50.843990 -1.9101809 -1.1862358 18.6578388 0.0063217 -0.2804670 -0.0292709 0.9593964
50.947600 -1.9394345 -1.1870078 18.7035675 0.0038513 -0.2798905 -0.0282920 0.9596072
51.051200 -1.9681026 -1.1875024 18.7496319 0.0014594 -0.2798248 -0.0267979 0.9596759
51.154950 -1.9973160 -1.1880733 18.7955971 -0.0004613 -0.2795074 -0.0263182 0.9597827
51.258560 -2.0266919 -1.1879320 18.8411674 -0.0009309 -0.2791234 -0.0251479 0.9599255
51.362310 -2.0554016 -1.1882933 18.8868198 0.0000759 -0.2792829 -0.0241628 0.9599048
51.465930 -2.0845671 -1.1887459 18.9324894 0.0010116 -0.2794672 -0.0226998 0.9598864
51.569680 -2.1139631 -1.1891222 18.9781780 0.0007609 -0.2794223 -0.0229856 0.9598929
51.673320 -2.1431558 -1.1895658 19.0241222 -0.0011373 -0.2793193 -0.0226138 0.9599313
51.776930 -2.1724696 -1.1899580 19.0697899 -0.0017313 -0.2790565 -0.0225602 0.9600081
51.880670 -2.2014256 -1.1901854 19.1153145 -0.0009246 -0.2787956 -0.0217102 0.9601046
51.984300 -2.2302544 -1.1904578 19.1607895 -0.0002567 -0.2786450 -0.0208772 0.9601672
52.088050 -2.2593482 -1.1907212 19.2063751 -0.0008805 -0.2784562 -0.0202093 0.9602359
52.191670 -2.2884076 -1.1910908 19.2520428 -0.0020164 -0.2783876 -0.0202235 0.9602538
52.295430 -2.3171997 -1.1912659 19.2975349 -0.0030455 -0.2785776 -0.0191131 0.9602187
52.502930 -2.3744278 -1.1917324 19.3880234 -0.0057042 -0.2790057 -0.0147398 0.9601594
52.606680 -2.4026906 -1.1916353 19.4331341 -0.0074282 -0.2793411 -0.0121026 0.9600869
52.710430 -2.4309335 -1.1916220 19.4784203 -0.0087327 -0.2798640 -0.0084016 0.9599632
52.917930 -2.4871292 -1.1911718 19.5671062 -0.0110398 -0.2812507 -0.0064930 0.9595489
53.125430 -2.5424728 -1.1905280 19.6537037 -0.0126365 -0.2827504 -0.0052750 0.9590958
53.229180 -2.5697510 -1.1904063 19.6957760 -0.0130486 -0.2834184 -0.0050405 0.9588943
53.436550 -2.6236794 -1.1895026 19.7794189 -0.0148851 -0.2852073 -0.0042173 0.9583410
53.644050 -2.6772568 -1.1884326 19.8606319 -0.0195095 -0.2856650 -0.0089226 0.9580894
53.851550 -2.7292848 -1.1861491 19.9386406 -0.0216627 -0.2851833 -0.0169219 0.9580787
54.162800 -2.8032751 -1.1828390 20.0496120 -0.0203094 -0.2838537 -0.0244760 0.9583400
54.370180 -2.8499863 -1.1804918 20.1207142 -0.0185137 -0.2832150 -0.0243300 0.9585690
54.577570 -2.8945508 -1.1784575 20.1894989 -0.0182175 -0.2827092 -0.0241912 0.9587275
54.785060 -2.9373581 -1.1764010 20.2564621 -0.0181262 -0.2801287 -0.0249139 0.9594679
54.992680 -2.9786048 -1.1744453 20.3214207 -0.0188733 -0.2737480 -0.0274938 0.9612231
55.304050 -3.0370884 -1.1722447 20.4161797 -0.0117192 -0.2627368 -0.0299439 0.9643316
55.511680 -3.0739880 -1.1701090 20.4811993 -0.0104691 -0.2520190 -0.0306999 0.9671786
55.822930 -3.1268504 -1.1680150 20.5813560 -0.0181938 -0.2347822 -0.0343510 0.9712704
56.030430 -3.1602678 -1.1659282 20.6499386 -0.0185534 -0.2241578 -0.0326306 0.9738297
56.341580 -3.2080581 -1.1629729 20.7559757 -0.0148733 -0.2138156 -0.0227715 0.9764953
56.652940 -3.2568913 -1.1583825 20.8666267 -0.0327907 -0.2059586 -0.0229640 0.9777415
56.860440 -3.2894294 -1.1535677 20.9413338 -0.0409201 -0.2000357 -0.0252315 0.9786085
57.068060 -3.3208058 -1.1481453 21.0165272 -0.0397196 -0.1942021 -0.0252503 0.9798318
57.275560 -3.3513763 -1.1420323 21.0941963 -0.0450048 -0.1880067 -0.0223558 0.9808814
57.483060 -3.3807092 -1.1359104 21.1721840 -0.0484924 -0.1819918 -0.0188829 0.9819220
57.586810 -3.3949599 -1.1326898 21.2109756 -0.0478786 -0.1790643 -0.0176935 0.9825124
57.690560 -3.4089139 -1.1295418 21.2492790 -0.0475211 -0.1760227 -0.0174772 0.9830831
57.794300 -3.4225550 -1.1264244 21.2873993 -0.0475892 -0.1726695 -0.0176478 0.9836712
57.898200 -3.4360402 -1.1234443 21.3252678 -0.0478169 -0.1684232 -0.0184747 0.9843810
58.001930 -3.4486835 -1.1204014 21.3628159 -0.0478352 -0.1636115 -0.0177522 0.9852045
58.105810 -3.4607856 -1.1174332 21.4003391 -0.0477879 -0.1583649 -0.0167158 0.9860819
58.209680 -3.4723048 -1.1143539 21.4373837 -0.0479718 -0.1529344 -0.0163025 0.9869367
58.313440 -3.4834366 -1.1115570 21.4742393 -0.0489860 -0.1477944 -0.0164886 0.9876666
58.417310 -3.4936709 -1.1088539 21.5106030 -0.0479699 -0.1425347 -0.0145926 0.9885190
58.521060 -3.5035403 -1.1064091 21.5463009 -0.0455419 -0.1371365 -0.0142273 0.9894024
58.624930 -3.5133410 -1.1038473 21.5821381 -0.0404474 -0.1309792 -0.0164393 0.9904233
58.728680 -3.5227070 -1.1013618 21.6177177 -0.0362563 -0.1238376 -0.0195223 0.9914477
58.936580 -3.5382066 -1.0974897 21.6897087 -0.0314302 -0.1057951 -0.0181992 0.9937245
59.144310 -3.5501437 -1.0946182 21.7626362 -0.0260974 -0.0850003 -0.0143323 0.9959360
59.352060 -3.5591512 -1.0928311 21.8366814 -0.0203756 -0.0644047 -0.0066951 0.9976934
59.559560 -3.5660269 -1.0903898 21.9138889 -0.0218784 -0.0456116 -0.0041354 0.9987110
59.870680 -3.5731792 -1.0862855 22.0315151 -0.0334022 -0.0263066 -0.0031209 0.9990909
60.078080 -3.5769830 -1.0825133 22.1109295 -0.0358157 -0.0183364 -0.0065182 0.9991689
60.285560 -3.5796025 -1.0782756 22.1917744 -0.0392854 -0.0108226 -0.0095498 0.9991238
60.493060 -3.5827169 -1.0751652 22.2708092 -0.0240038 -0.0043293 -0.0198759 0.9995049
60.700580 -3.5835528 -1.0721663 22.3519802 -0.0158260 -0.0004780 -0.0225924 0.9996194
60.907960 -3.5851641 -1.0704161 22.4352474 -0.0241238 -0.0008189 -0.0270536 0.9993425
61.218940 -3.5880656 -1.0701137 22.5536957 0.0058347 -0.0071778 -0.0314988 0.9994610
61.426430 -3.5913024 -1.0712649 22.6334133 -0.0012232 -0.0104812 -0.0359196 0.9992990
61.737600 -3.5952189 -1.0737307 22.7485409 0.0020658 -0.0144810 -0.0320580 0.9993790
61.945060 -3.5980697 -1.0759054 22.8228817 0.0061343 -0.0171459 -0.0291427 0.9994094
62.152610 -3.6006496 -1.0785061 22.8944454 0.0113072 -0.0172308 -0.0271132 0.9994199
62.360060 -3.6040108 -1.0813961 22.9643917 0.0154152 -0.0158473 -0.0310356 0.9992738
62.567930 -3.6063249 -1.0850178 23.0328121 0.0173214 -0.0059389 -0.0356322 0.9991972
62.775810 -3.6050670 -1.0889834 23.0994873 0.0191681 0.0118592 -0.0350920 0.9991299
63.087560 -3.5978394 -1.0952221 23.1929321 0.0203460 0.0383319 -0.0294047 0.9986251
63.295440 -3.5916491 -1.0988597 23.2496071 0.0203182 0.0563161 -0.0296373 0.9977661
63.607060 -3.5791223 -1.1048419 23.3251591 0.0225934 0.0836750 -0.0272188 0.9958650
63.918440 -3.5651202 -1.1104817 23.3873501 0.0377322 0.1053164 -0.0212251 0.9934959
64.125960 -3.5565195 -1.1136863 23.4235420 0.0430148 0.1155404 -0.0223938 0.9921183
64.437070 -3.5425317 -1.1192400 23.4713192 0.0436155 0.1254360 -0.0118494 0.9910717
64.748080 -3.5328939 -1.1239656 23.5113411 0.0400515 0.1326847 -0.0184484 0.9901769
65.059060 -3.5239797 -1.1273087 23.5413990 0.0409656 0.1362697 -0.0164503 0.9896877
65.577440 -3.5125811 -1.1317924 23.5802040 0.0425173 0.1317471 -0.0090205 0.9903300
66.095940 -3.5043228 -1.1360103 23.6180649 0.0445618 0.1199888 -0.0101914 0.9917223
66.407070 -3.4994338 -1.1382642 23.6455097 0.0435100 0.1105934 -0.0136884 0.9928185
66.821690 -3.4920480 -1.1430752 23.6923981 0.0391651 0.0912122 -0.0155729 0.9949391
67.029070 -3.4880481 -1.1457838 23.7187634 0.0383807 0.0774842 -0.0118681 0.9961838
67.340070 -3.4847589 -1.1497581 23.7611561 0.0376704 0.0497592 -0.0103064 0.9979973
67.858320 -3.4877324 -1.1561232 23.8416748 0.0414927 -0.0079553 -0.0201113 0.9989047
68.065690 -3.4910228 -1.1594741 23.8776474 0.0401049 -0.0335806 -0.0175779 0.9984763
68.273070 -3.4972756 -1.1629313 23.9165764 0.0393162 -0.0598010 -0.0188066 0.9972584
68.480320 -3.5059588 -1.1662958 23.9584770 0.0392829 -0.0857722 -0.0198647 0.9953418
68.687820 -3.5171776 -1.1699444 24.0038948 0.0385290 -0.1091886 -0.0193112 0.9930863
68.895320 -3.5312390 -1.1740669 24.0524693 0.0379129 -0.1290906 -0.0194558 0.9907168
69.102840 -3.5478652 -1.1781256 24.1045799 0.0377581 -0.1473936 -0.0187219 0.9881796
69.310320 -3.5672524 -1.1826438 24.1591225 0.0368477 -0.1658708 -0.0154453 0.9853378
69.517690 -3.5898960 -1.1875647 24.2168331 0.0365727 -0.1839376 -0.0136848 0.9821619
69.725320 -3.6166370 -1.1926005 24.2773857 0.0371731 -0.1991019 -0.0152941 0.9791541
69.932840 -3.6461942 -1.1972893 24.3409176 0.0356411 -0.2108161 -0.0168028 0.9767312
70.140570 -3.6781671 -1.2024240 24.4072876 0.0334095 -0.2185284 -0.0184054 0.9750848
70.348200 -3.7124102 -1.2072043 24.4773178 0.0331103 -0.2233118 -0.0194367 0.9739906
70.555820 -3.7483649 -1.2129229 24.5494022 0.0332161 -0.2264544 -0.0205365 0.9732386
70.763330 -3.7864077 -1.2183493 24.6252136 0.0338453 -0.2295389 -0.0189688 0.9725258
71.074690 -3.8475213 -1.2274985 24.7430038 0.0358594 -0.2334611 -0.0177632 0.9715423
71.282190 -3.8887413 -1.2341751 24.8239155 0.0358762 -0.2358821 -0.0152009 0.9710003
71.489570 -3.9327300 -1.2412268 24.9073067 0.0372939 -0.2377256 -0.0146053 0.9705063
71.697200 -3.9775798 -1.2486482 24.9926567 0.0400334 -0.2385351 -0.0134736 0.9702148
72.008470 -4.0475445 -1.2602909 25.1246815 0.0370213 -0.2391264 -0.0153138 0.9701616
72.215950 -4.0956030 -1.2680128 25.2155056 0.0373555 -0.2399371 -0.0127442 0.9699857
72.423450 -4.1448550 -1.2760277 25.3087654 0.0371398 -0.2407793 -0.0109803 0.9698069
72.734700 -4.2217374 -1.2889982 25.4526215 0.0370016 -0.2422827 -0.0105783 0.9694421
73.045950 -4.3032351 -1.3025446 25.6014538 0.0367371 -0.2426260 -0.0112924 0.9693583
73.253450 -4.3578606 -1.3112204 25.7020683 0.0380974 -0.2408646 -0.0146015 0.9697008
73.461070 -4.4128046 -1.3204044 25.8050671 0.0415763 -0.2349526 -0.0175696 0.9709583
73.772700 -4.4935985 -1.3356062 25.9634056 0.0456073 -0.2152147 -0.0237811 0.9752113
73.980600 -4.5426292 -1.3458934 26.0721607 0.0435972 -0.1983242 -0.0257637 0.9788274
74.292330 -4.6085114 -1.3625840 26.2383118 0.0474066 -0.1704412 -0.0268396 0.9838608
74.500110 -4.6459455 -1.3739423 26.3508110 0.0474542 -0.1494095 -0.0266489 0.9872764
74.707830 -4.6784391 -1.3864788 26.4645729 0.0487728 -0.1252248 -0.0259118 0.9905900
74.811700 -4.6922793 -1.3929826 26.5223618 0.0523654 -0.1122448 -0.0265437 0.9919447
74.915450 -4.7047863 -1.3997767 26.5805798 0.0549772 -0.0986912 -0.0266499 0.9932408
75.019330 -4.7160144 -1.4072686 26.6392612 0.0576354 -0.0840078 -0.0292887 0.9943656
75.123330 -4.7254405 -1.4149032 26.6981277 0.0595699 -0.0683817 -0.0270167 0.9955127
75.227100 -4.7328439 -1.4228551 26.7568970 0.0609717 -0.0532213 -0.0291369 0.9962937
75.330950 -4.7382851 -1.4313446 26.8162994 0.0628389 -0.0386897 -0.0272302 0.9969016
75.434820 -4.7418036 -1.4397709 26.8758469 0.0659008 -0.0248947 -0.0255861 0.9971874
75.538570 -4.7436557 -1.4484553 26.9355278 0.0680082 -0.0118251 -0.0228989 0.9973518
75.642200 -4.7439537 -1.4573628 26.9959679 0.0687151 0.0000175 -0.0213457 0.9974079
75.745950 -4.7434063 -1.4666754 27.0561924 0.0689425 0.0115040 -0.0205165 0.9973433
75.849580 -4.7409406 -1.4759706 27.1170158 0.0703221 0.0224137 -0.0208623 0.9970543
76.056950 -4.7330689 -1.4950882 27.2388687 0.0724828 0.0440741 -0.0193566 0.9962073
76.160580 -4.7267761 -1.5050139 27.2999630 0.0709283 0.0528527 -0.0170226 0.9959347
76.367700 -4.7111697 -1.5238317 27.4211273 0.0722896 0.0633753 -0.0110996 0.9953063
76.574950 -4.6950264 -1.5441588 27.5437622 0.0740754 0.0687690 -0.0099258 0.9948292
76.782200 -4.6779795 -1.5639673 27.6673965 0.0752339 0.0723051 -0.0105015 0.9944856
76.989560 -4.6598067 -1.5849284 27.7916317 0.0782457 0.0757317 -0.0089573 0.9940131
77.196950 -4.6400747 -1.6065102 27.9193935 0.0762772 0.0787274 -0.0087396 0.9939353
77.404200 -4.6204791 -1.6276267 28.0484924 0.0749952 0.0806493 -0.0102445 0.9938644
77.611580 -4.6001182 -1.6495031 28.1789780 0.0787714 0.0808221 -0.0098970 0.9935617
77.818950 -4.5789704 -1.6720368 28.3121319 0.0788827 0.0806431 -0.0095825 0.9935705
78.026330 -4.5578513 -1.6949159 28.4468536 0.0795727 0.0812058 -0.0120912 0.9934423
78.233830 -4.5353022 -1.7185659 28.5848846 0.0785298 0.0835572 -0.0123427 0.9933272
78.441200 -4.5119977 -1.7421283 28.7239742 0.0795137 0.0858125 -0.0117134 0.9930642
78.648580 -4.4874821 -1.7660705 28.8652897 0.0791810 0.0888996 -0.0116394 0.9928201
78.855950 -4.4616089 -1.7917826 29.0090199 0.0778857 0.0926780 -0.0118938 0.9925740
79.063330 -4.4349618 -1.8160228 29.1534176 0.0781594 0.0959895 -0.0131715 0.9922216
79.270830 -4.4074717 -1.8407447 29.2992096 0.0786713 0.0987948 -0.0122973 0.9919170
79.478210 -4.3767405 -1.8661375 29.4464664 0.0797220 0.1011014 -0.0118118 0.9916065
79.685700 -4.3465323 -1.8927414 29.5947895 0.0791445 0.1046890 -0.0126116 0.9912705
79.893210 -4.3137126 -1.9190414 29.7442532 0.0789993 0.1084763 -0.0124314 0.9908771
80.204330 -4.2638936 -1.9585769 29.9720306 0.0804118 0.1128803 -0.0112470 0.9902856
80.411710 -4.2286015 -1.9862669 30.1253109 0.0802658 0.1146413 -0.0109070 0.9900989
80.619080 -4.1934872 -2.0140402 30.2800388 0.0807366 0.1161909 -0.0099144 0.9898904
80.826440 -4.1558471 -2.0418732 30.4356136 0.0800467 0.1169343 -0.0087926 0.9898695
80.930080 -4.1381779 -2.0554144 30.5143299 0.0804516 0.1178199 -0.0092856 0.9897271
81.137500 -4.1007929 -2.0832665 30.6734028 0.0793393 0.1191631 -0.0100623 0.9896485
81.241210 -4.0819702 -2.0977216 30.7538757 0.0782167 0.1200706 -0.0095487 0.9896333
81.448590 -4.0427570 -2.1264298 30.9112949 0.0788104 0.1201473 -0.0092415 0.9895798
81.552330 -4.0236211 -2.1405644 30.9910812 0.0791832 0.1203711 -0.0090103 0.9895250
81.759710 -3.9853072 -2.1689320 31.1507626 0.0788970 0.1206866 -0.0090704 0.9895089
81.863460 -3.9654284 -2.1835439 31.2305069 0.0792822 0.1203308 -0.0091656 0.9895205
82.070830 -3.9263341 -2.2125807 31.3898067 0.0808267 0.1195821 -0.0077023 0.9894988
82.174460 -3.9074833 -2.2268705 31.4692879 0.0806719 0.1189011 -0.0069946 0.9895988
82.278210 -3.8883564 -2.2412894 31.5487766 0.0798625 0.1177448 -0.0053422 0.9898129
82.381960 -3.8695405 -2.2554905 31.6288300 0.0794825 0.1169412 -0.0051166 0.9899399
82.485710 -3.8506746 -2.2697644 31.7090111 0.0793741 0.1164829 -0.0055081 0.9900006
82.589430 -3.8330312 -2.2835541 31.7882519 0.0792166 0.1162716 -0.0048666 0.9900414
82.796920 -3.7958994 -2.3118079 31.9457378 0.0795727 0.1153415 -0.0048245 0.9901218
82.900600 -3.7769618 -2.3264630 32.0243378 0.0793367 0.1146652 -0.0050085 0.9902184
83.004230 -3.7594223 -2.3407762 32.1030273 0.0793031 0.1147088 -0.0059858 0.9902107
83.107850 -3.7411463 -2.3549099 32.1823044 0.0787624 0.1144727 -0.0071264 0.9902735
83.211580 -3.7225189 -2.3687313 32.2610474 0.0783093 0.1141819 -0.0057902 0.9903517
83.315210 -3.7040842 -2.3825767 32.3395615 0.0775469 0.1136447 -0.0048193 0.9904788
83.418960 -3.6857414 -2.3962827 32.4178543 0.0775786 0.1131369 -0.0013980 0.9905451
83.522590 -3.6670141 -2.4102349 32.4970169 0.0788299 0.1123618 -0.0003483 0.9905355
83.626210 -3.6484601 -2.4240949 32.5763435 0.0803572 0.1120441 -0.0008045 0.9904485
83.729960 -3.6311276 -2.4385290 32.6557083 0.0804275 0.1121433 -0.0020760 0.9904297
83.937350 -3.5953472 -2.4662292 32.8139000 0.0793767 0.1109134 -0.0038855 0.9906475
84.144710 -3.5602121 -2.4942517 32.9723015 0.0793446 0.1100685 -0.0063780 0.9907314
84.352100 -3.5255883 -2.5223091 33.1307259 0.0781926 0.1097986 -0.0073377 0.9908463
84.455710 -3.5081458 -2.5360463 33.2096138 0.0788365 0.1099863 -0.0061224 0.9907827
84.559380 -3.4908242 -2.5500371 33.2878189 0.0792116 0.1098351 -0.0053879 0.9907738
84.662980 -3.4733899 -2.5638783 33.3664017 0.0790509 0.1095630 -0.0041967 0.9908226
84.766730 -3.4558818 -2.5777910 33.4445953 0.0783092 0.1088984 -0.0036272 0.9909570
84.870340 -3.4389739 -2.5912344 33.5216599 0.0793180 0.1081032 -0.0036154 0.9909638
85.077720 -3.4061396 -2.6192832 33.6752090 0.0803144 0.1070142 -0.0064299 0.9909875
85.181330 -3.3905327 -2.6335657 33.7513390 0.0792418 0.1064248 -0.0081874 0.9911243
85.285090 -3.3750033 -2.6471183 33.8267746 0.0782214 0.1060915 -0.0083476 0.9912398
85.388710 -3.3589036 -2.6606705 33.9030418 0.0770987 0.1060027 -0.0074972 0.9913440
85.492460 -3.3428972 -2.6741889 33.9775162 0.0764345 0.1057872 -0.0060938 0.9914281
85.596110 -3.3266313 -2.6874657 34.0519028 0.0766236 0.1056104 -0.0061660 0.9914319
85.699750 -3.3114023 -2.7002707 34.1255188 0.0772007 0.1061641 -0.0060982 0.9913284
85.803450 -3.2958252 -2.7135639 34.1991425 0.0767074 0.1067138 -0.0064798 0.9913053
85.907110 -3.2803266 -2.7264276 34.2721214 0.0765315 0.1071361 -0.0070756 0.9912692
86.010840 -3.2646358 -2.7393827 34.3433228 0.0763490 0.1073374 -0.0075956 0.9912577
86.218210 -3.2341242 -2.7647285 34.4842033 0.0741539 0.1080818 -0.0075737 0.9913436
86.425590 -3.2050354 -2.7889326 34.6192970 0.0731589 0.1088887 -0.0075760 0.9913293
86.529210 -3.1901255 -2.8001900 34.6844254 0.0759008 0.1088806 -0.0066890 0.9911304
86.736730 -3.1619556 -2.8231568 34.8102112 0.0750502 0.1084775 -0.0060911 0.9912432
86.944090 -3.1361680 -2.8444767 34.9316139 0.0737640 0.1071468 -0.0062046 0.9914837
87.047710 -3.1239638 -2.8545036 34.9878960 0.0729415 0.1059368 -0.0066747 0.9916715
87.254960 -3.1010764 -2.8735893 35.0975151 0.0698819 0.1037188 -0.0062064 0.9921292
87.462460 -3.0806959 -2.8909631 35.1986008 0.0697249 0.1029743 -0.0067988 0.9922140
87.669860 -3.0621781 -2.9065144 35.2898827 0.0710826 0.1024249 -0.0068813 0.9921739
87.877340 -3.0455360 -2.9211078 35.3732376 0.0708610 0.1040740 -0.0098744 0.9919928
88.293330 -3.0102358 -2.9463894 35.5136948 0.0719680 0.1432251 -0.0152735 0.9869518
88.501590 -2.9865172 -2.9574459 35.5748940 0.0751921 0.1788249 -0.0119470 0.9809307
88.710100 -2.9588954 -2.9684057 35.6312981 0.0745206 0.2256716 -0.0103091 0.9712943
88.918590 -2.9260647 -2.9784842 35.6825829 0.0727145 0.2782435 -0.0079797 0.9577210
89.127090 -2.8881884 -2.9883103 35.7271652 0.0744969 0.3366169 -0.0053271 0.9386751
89.439590 -2.8235586 -3.0007932 35.7803421 0.0802793 0.4267661 -0.0008824 0.9007914
89.751840 -2.7500820 -3.0132487 35.8197632 0.0805185 0.5126670 0.0057479 0.8547844
89.959740 -2.6964433 -3.0211029 35.8377380 0.0809994 0.5668744 0.0114310 0.8197328
90.167590 -2.6399269 -3.0280805 35.8488693 0.0861013 0.6190105 0.0131854 0.7805374
90.271490 -2.6108043 -3.0312760 35.8519821 0.0875942 0.6447220 0.0115061 0.7592947
90.479340 -2.5490520 -3.0376391 35.8523827 0.0870292 0.6933299 0.0130396 0.7152269
90.686970 -2.4858105 -3.0437782 35.8442497 0.0860434 0.7396145 0.0152252 0.6673343
90.894590 -2.4220824 -3.0489624 35.8269386 0.0877918 0.7830757 0.0138309 0.6155434
90.998490 -2.3897381 -3.0514190 35.8149681 0.0887073 0.8035093 0.0129064 0.5885043
91.102090 -2.3573565 -3.0542462 35.8010483 0.0886753 0.8223907 0.0130041 0.5618195
91.205840 -2.3239291 -3.0564339 35.7839203 0.0890776 0.8396013 0.0144267 0.5356554
91.412970 -2.2588408 -3.0609703 35.7429771 0.0887814 0.8686260 0.0156522 0.4871978
91.620220 -2.1933169 -3.0649319 35.6945419 0.0905938 0.8905666 0.0152237 0.4454796
91.827240 -2.1289167 -3.0686564 35.6382141 0.0905265 0.9050761 0.0168274 0.4151616
92.034130 -2.0634806 -3.0727336 35.5776176 0.0843521 0.9153236 0.0203710 0.3932588
92.137720 -2.0308127 -3.0743723 35.5456047 0.0811725 0.9195155 0.0205354 0.3840320
92.344860 -1.9664619 -3.0764019 35.4773369 0.0757073 0.9271340 0.0223671 0.3663205
92.448600 -1.9340860 -3.0775867 35.4422226 0.0700765 0.9313069 0.0225424 0.3567192
92.655970 -1.8706530 -3.0787036 35.3682823 0.0614068 0.9393239 0.0251061 0.3365553
92.863470 -1.8093253 -3.0788496 35.2900391 0.0492305 0.9476784 0.0289094 0.3140798
93.070970 -1.7523720 -3.0771220 35.2079010 0.0432565 0.9556911 0.0303210 0.2895928
93.278470 -1.6997457 -3.0741301 35.1214142 0.0408020 0.9630738 0.0345430 0.2638766
93.382090 -1.6749575 -3.0724967 35.0766792 0.0406251 0.9661829 0.0376491 0.2518385
93.589470 -1.6276250 -3.0678353 34.9842224 0.0411126 0.9706779 0.0425225 0.2329938
93.796720 -1.5802182 -3.0621321 34.8889656 0.0379911 0.9727250 0.0468759 0.2239763
94.003970 -1.5306482 -3.0554063 34.7915421 0.0308179 0.9733126 0.0498783 0.2218670
94.314990 -1.4558033 -3.0446417 34.6408386 0.0284085 0.9727910 0.0411475 0.2262248
94.625970 -1.3768382 -3.0364254 34.4882927 0.0289733 0.9708163 0.0384603 0.2349406
94.937220 -1.2933671 -3.0278909 34.3328667 0.0270403 0.9703946 0.0316933 0.2379050
95.144720 -1.2359766 -3.0234375 34.2254028 0.0254045 0.9701607 0.0313466 0.2390822
95.352090 -1.1779230 -3.0188491 34.1157188 0.0268960 0.9695975 0.0345215 0.2407604
95.455870 -1.1481377 -3.0160108 34.0616989 0.0261308 0.9692794 0.0359421 0.2419149
95.663110 -1.0892763 -3.0116498 33.9538956 0.0284112 0.9683467 0.0371003 0.2451958
95.870470 -1.0299901 -3.0065432 33.8462219 0.0308196 0.9671333 0.0388638 0.2493849
96.077860 -0.9700173 -3.0018792 33.7405357 0.0313227 0.9660391 0.0371070 0.2537920
96.285350 -0.9091124 -2.9969637 33.6353073 0.0314298 0.9653495 0.0381784 0.2562323
96.492870 -0.8486372 -2.9923069 33.5310211 0.0312561 0.9648976 0.0377513 0.2580125
96.803990 -0.7582905 -2.9857476 33.3766518 0.0311821 0.9647298 0.0395116 0.2583851
97.115100 -0.6711997 -2.9787464 33.2265778 0.0326709 0.9644288 0.0382638 0.2595100
97.529990 -0.5570367 -2.9704714 33.0349121 0.0327346 0.9632000 0.0381431 0.2640439
97.841240 -0.4735883 -2.9645855 32.8980141 0.0323874 0.9620765 0.0380458 0.2681648
98.048750 -0.4196575 -2.9608896 32.8109322 0.0321632 0.9615264 0.0373270 0.2702577
98.359970 -0.3441018 -2.9559364 32.6900024 0.0295866 0.9612076 0.0364022 0.2718076
98.567470 -0.2968838 -2.9528263 32.6144791 0.0316439 0.9605169 0.0397522 0.2735427
98.878600 -0.2325419 -2.9491992 32.5139198 0.0289800 0.9596857 0.0411930 0.2765261
99.086100 -0.1948964 -2.9469814 32.4553223 0.0296174 0.9592258 0.0401385 0.2782041
99.397230 -0.1455950 -2.9438534 32.3787994 0.0326367 0.9587930 0.0392412 0.2794834
99.708350 -0.1047638 -2.9418423 32.3174477 0.0301463 0.9586897 0.0394449 0.2800881
100.019300 -0.0733247 -2.9394701 32.2675400 0.0329983 0.9583837 0.0388316 0.2808985
100.330500 -0.0484612 -2.9384568 32.2288551 0.0334759 0.9581548 0.0396231 0.2815116
100.537900 -0.0343756 -2.9372587 32.2068596 0.0348882 0.9579902 0.0366171 0.2823060
100.848900 -0.0135560 -2.9358888 32.1744576 0.0363833 0.9579697 0.0365105 0.2822009
101.056200 0.0006614 -2.9352989 32.1532936 0.0358431 0.9581344 0.0361719 0.2817539
101.263600 0.0143226 -2.9342189 32.1322021 0.0349664 0.9580898 0.0351709 0.2821424
101.678400 0.0407433 -2.9322417 32.0901451 0.0366444 0.9579151 0.0364152 0.2823647
101.885900 0.0538094 -2.9312994 32.0711861 0.0358491 0.9579973 0.0356956 0.2822799
102.093200 0.0662816 -2.9309475 32.0536880 0.0363213 0.9580938 0.0367732 0.2817532
102.923000 0.1059992 -2.9287384 31.9923382 0.0360688 0.9580560 0.0372325 0.2818536
103.545200 0.1333392 -2.9271984 31.9513950 0.0344164 0.9581191 0.0351818 0.2821092
103.752600 0.1428910 -2.9266233 31.9371681 0.0344063 0.9580626 0.0338501 0.2824649
104.167400 0.1694220 -2.9248121 31.8969994 0.0371243 0.9572234 0.0282178 0.2855676
104.374600 0.1887518 -2.9244626 31.8692932 0.0381137 0.9558562 0.0273400 0.2900668
104.582000 0.2119496 -2.9227891 31.8364582 0.0407219 0.9539630 0.0255336 0.2960479
104.789400 0.2397957 -2.9221494 31.7988129 0.0415320 0.9511952 0.0249728 0.3047607
104.996700 0.2713682 -2.9212270 31.7565022 0.0443022 0.9479303 0.0267534 0.3142448
105.204100 0.3081228 -2.9201443 31.7111320 0.0443329 0.9446030 0.0261923 0.3241508
105.411500 0.3489891 -2.9190841 31.6613846 0.0454242 0.9412503 0.0284095 0.3334329
105.618900 0.3939274 -2.9177141 31.6083641 0.0461172 0.9380128 0.0312632 0.3420931
105.722600 0.4184279 -2.9173174 31.5813885 0.0430052 0.9368830 0.0322147 0.3454897
105.826500 0.4437153 -2.9163818 31.5532360 0.0416322 0.9359484 0.0336292 0.3480465
106.034100 0.4966905 -2.9145319 31.4949131 0.0377172 0.9349204 0.0327523 0.3513238
106.137900 0.5242321 -2.9134147 31.4650459 0.0345583 0.9347182 0.0327918 0.3521822
106.241700 0.5521806 -2.9121222 31.4335327 0.0353485 0.9341515 0.0330173 0.3535835
106.345500 0.5812023 -2.9108076 31.4012699 0.0355853 0.9338585 0.0330786 0.3543272
106.553000 0.6417788 -2.9085450 31.3348598 0.0347312 0.9333976 0.0284038 0.3560280
106.656800 0.6726027 -2.9076612 31.3013611 0.0337290 0.9331836 0.0249992 0.3569394
106.864200 0.7365721 -2.9059868 31.2302341 0.0385324 0.9325070 0.0243064 0.3582667
107.071800 0.8052644 -2.9051766 31.1569233 0.0349390 0.9322541 0.0257390 0.3591923
107.279100 0.8761269 -2.9033847 31.0800495 0.0344827 0.9313117 0.0264939 0.3616179
107.486500 0.9502755 -2.9017532 31.0006676 0.0356807 0.9299992 0.0286135 0.3647047
107.693900 1.0265771 -2.8999505 30.9205952 0.0371548 0.9279079 0.0302102 0.3697212
107.901200 1.1055872 -2.8982739 30.8395462 0.0399996 0.9259261 0.0320353 0.3742121
108.108700 1.1844378 -2.8971465 30.7593613 0.0414332 0.9247192 0.0298431 0.3772097
108.316200 1.2634426 -2.8965952 30.6801624 0.0394918 0.9247566 0.0266184 0.3775672
108.523700 1.3423773 -2.8964105 30.6009636 0.0365689 0.9254473 0.0248400 0.3762885
108.731200 1.4205295 -2.8955328 30.5208168 0.0375019 0.9260933 0.0262800 0.3745051
108.938900 1.4981893 -2.8949931 30.4404373 0.0375696 0.9271160 0.0256224 0.3720052
109.146400 1.5754218 -2.8946404 30.3589649 0.0383714 0.9279867 0.0251731 0.3697766
109.457600 1.6926181 -2.8941405 30.2344666 0.0385317 0.9295101 0.0248270 0.3659372
109.665000 1.7703490 -2.8936737 30.1510658 0.0397139 0.9304572 0.0233162 0.3634948
109.872400 1.8488156 -2.8930891 30.0664272 0.0394851 0.9307854 0.0232071 0.3626856
110.079700 1.9268159 -2.8932431 29.9813156 0.0389104 0.9307013 0.0237464 0.3629288
110.287200 2.0070784 -2.8932362 29.8955650 0.0381359 0.9305296 0.0221688 0.3635504
110.494600 2.0880556 -2.8938153 29.8087177 0.0391182 0.9299332 0.0230936 0.3649117
110.702000 2.1684434 -2.8944564 29.7231216 0.0396723 0.9293510 0.0201882 0.3665042
110.805600 2.2093263 -2.8944860 29.6807098 0.0397514 0.9290398 0.0197057 0.3673100
111.012900 2.2910898 -2.8951118 29.5950890 0.0376689 0.9280446 0.0225397 0.3698734
111.220200 2.3732369 -2.8955538 29.5106392 0.0385420 0.9273086 0.0233675 0.3715740
111.427600 2.4545989 -2.8960049 29.4273949 0.0393895 0.9265741 0.0224552 0.3733693
111.635000 2.5348480 -2.8965855 29.3445339 0.0408573 0.9257243 0.0209921 0.3753991
111.738700 2.5748131 -2.8973567 29.3036251 0.0409217 0.9253493 0.0198796 0.3763760
111.946100 2.6555717 -2.8984735 29.2224903 0.0383702 0.9245672 0.0219560 0.3784456
112.049700 2.6956117 -2.8990839 29.1822929 0.0379425 0.9243495 0.0239754 0.3788977
112.257100 2.7753637 -2.8994598 29.1027317 0.0358254 0.9247674 0.0204370 0.3782911
112.360900 2.8144965 -2.8998117 29.0636101 0.0361806 0.9251300 0.0193683 0.3774259
112.464600 2.8533084 -2.9002757 29.0240841 0.0385702 0.9255891 0.0194147 0.3760587
112.672000 2.9300871 -2.9017236 28.9439583 0.0426686 0.9262712 0.0214654 0.3738186
112.775600 2.9673791 -2.9020264 28.9049377 0.0433920 0.9265790 0.0214820 0.3729706
112.983000 3.0413151 -2.9033787 28.8276081 0.0435858 0.9273676 0.0211443 0.3710020
113.190500 3.1129932 -2.9054079 28.7535172 0.0431142 0.9285246 0.0137085 0.3685042
113.294100 3.1476433 -2.9064372 28.7173710 0.0435224 0.9290211 0.0102991 0.3673141
113.397800 3.1811001 -2.9078538 28.6824894 0.0421117 0.9293472 0.0088118 0.3666917
113.501500 3.2135785 -2.9094901 28.6476688 0.0429779 0.9295660 0.0112256 0.3659699
113.605200 3.2448659 -2.9111958 28.6139965 0.0438551 0.9296697 0.0134097 0.3655285
113.709000 3.2744691 -2.9125090 28.5816402 0.0453006 0.9297104 0.0137932 0.3652343
113.812600 3.3033490 -2.9140406 28.5508633 0.0462188 0.9298591 0.0132928 0.3647591
113.916400 3.3301878 -2.9153407 28.5212841 0.0500287 0.9297587 0.0114486 0.3645747
114.123900 3.3814900 -2.9184675 28.4661598 0.0502411 0.9297264 0.0107546 0.3646490
114.331400 3.4294064 -2.9213085 28.4150124 0.0494606 0.9295689 0.0116730 0.3651289
114.642500 3.4957950 -2.9248590 28.3452454 0.0466994 0.9299285 0.0056000 0.3647201
114.953800 3.5570562 -2.9286466 28.2801743 0.0461852 0.9301484 0.0085562 0.3641670
115.264900 3.6143472 -2.9320309 28.2193050 0.0437739 0.9305906 0.0076226 0.3633550
115.472400 3.6494234 -2.9337101 28.1799908 0.0469239 0.9306267 0.0088224 0.3628418
115.887100 3.7147009 -2.9371262 28.1091175 0.0501472 0.9305202 0.0088967 0.3626821
116.198300 3.7589126 -2.9403605 28.0616417 0.0514378 0.9302987 0.0063503 0.3631226
116.509400 3.7979982 -2.9431469 28.0182610 0.0569848 0.9289131 0.0050223 0.3658524
116.716700 3.8227246 -2.9446561 27.9927731 0.0559926 0.9278268 0.0033405 0.3687697
117.028000 3.8553317 -2.9472210 27.9604549 0.0538617 0.9265376 0.0018359 0.3723218
117.235400 3.8732860 -2.9486852 27.9416866 0.0549149 0.9255879 0.0019767 0.3745231
117.650400 3.9037418 -2.9517725 27.9106445 0.0555299 0.9255058 -0.0010967 0.3746388
117.857700 3.9159634 -2.9527020 27.8977280 0.0566641 0.9257019 -0.0015396 0.3739825
118.479900 3.9453773 -2.9551976 27.8681431 0.0555869 0.9251897 -0.0045067 0.3753848
118.894800 3.9596326 -2.9566574 27.8535023 0.0564469 0.9248154 -0.0047058 0.3761757
119.620700 3.9769092 -2.9581871 27.8362980 0.0572514 0.9244594 -0.0059689 0.3769104
120.968600 3.9896421 -2.9593751 27.8234959 0.0577951 0.9241771 -0.0082868 0.3774755
121.279700 3.9931791 -2.9598114 27.8199825 0.0577219 0.9241610 -0.0080220 0.3775319
122.005600 4.0071497 -2.9611905 27.8063011 0.0569591 0.9242633 -0.0078943 0.3773999
122.835200 4.0355754 -2.9640131 27.7768345 0.0574458 0.9240791 -0.0076902 0.3777812
123.042600 4.0446773 -2.9648638 27.7677422 0.0566630 0.9240882 -0.0076526 0.3778778
123.250000 4.0538402 -2.9658647 27.7582798 0.0576321 0.9240676 -0.0078116 0.3777786
123.457400 4.0635219 -2.9669316 27.7480183 0.0584502 0.9240022 -0.0073126 0.3778228
123.664800 4.0731258 -2.9678633 27.7374115 0.0605778 0.9239558 -0.0058507 0.3776264
124.079600 4.0909152 -2.9699528 27.7197704 0.0599585 0.9239686 -0.0055162 0.3776992
124.287000 4.0984006 -2.9706571 27.7122421 0.0597934 0.9237849 -0.0050682 0.3781806
124.494400 4.1047263 -2.9713509 27.7062626 0.0590979 0.9236963 -0.0044550 0.3785137
