3.842137 0.0000000 0.0000000 0.0000000 0.0000000 0.0000000 0.0000000 1.0000000
3.945774 0.0005551 -0.0004522 0.0510307 -0.0018708 0.0057748 -0.0004341 0.9999815
4.049501 0.0019760 -0.0010991 0.1015504 -0.0039093 0.0118917 -0.0003634 0.9999216
4.153250 0.0038455 -0.0016890 0.1532500 -0.0051258 0.0185144 -0.0004833 0.9998153
4.257002 0.0065164 -0.0020511 0.2044958 -0.0053063 0.0256683 -0.0003976 0.9996564
4.360751 0.0098913 -0.0025839 0.2557530 -0.0047726 0.0329909 -0.0005629 0.9994441
4.464541 0.0142621 -0.0028102 0.3075888 -0.0040879 0.0413756 -0.0002581 0.9991353
4.568398 0.0199818 -0.0034315 0.3589297 -0.0034587 0.0515499 -0.0009279 0.9986640
4.672274 0.0267934 -0.0040376 0.4106033 -0.0029457 0.0643298 -0.0025151 0.9979212
4.776128 0.0348472 -0.0047353 0.4625604 -0.0028232 0.0797025 -0.0036203 0.9968081
4.880125 0.0450365 -0.0054025 0.5140876 -0.0027384 0.0963245 -0.0042548 0.9953371
4.984148 0.0571785 -0.0062042 0.5656540 -0.0023325 0.1135234 -0.0041309 0.9935240
5.088126 0.0713323 -0.0070231 0.6168354 -0.0016304 0.1302235 -0.0039042 0.9914756
5.192023 0.0871424 -0.0079658 0.6680039 -0.0006607 0.1464707 -0.0041629 0.9892060
5.399752 0.1237511 -0.0103731 0.7690216 0.0031107 0.1786074 -0.0034307 0.9839095
5.503628 0.1450412 -0.0115428 0.8183718 0.0064488 0.1941373 -0.0004053 0.9809531
5.711251 0.1923212 -0.0155268 0.9148924 0.0123744 0.2232360 0.0058991 0.9746680
5.918752 0.2444655 -0.0207909 1.0078053 0.0200625 0.2500158 0.0120145 0.9679593
6.126131 0.2996105 -0.0271634 1.0979689 0.0361266 0.2756490 0.0105373 0.9605215
6.333503 0.3597965 -0.0362683 1.1848459 0.0490378 0.3010230 0.0094922 0.9523079
6.644505 0.4586354 -0.0526978 1.3088400 0.0475539 0.3355503 0.0145370 0.9407089
6.851878 0.5282871 -0.0627001 1.3877541 0.0463948 0.3521970 0.0204728 0.9345511
7.059005 0.5992852 -0.0725058 1.4645931 0.0492074 0.3635089 0.0216379 0.9300385
7.266377 0.6711392 -0.0824468 1.5392239 0.0485483 0.3751417 0.0185605 0.9255092
7.473752 0.7456031 -0.0917057 1.6121231 0.0504785 0.3836879 0.0206301 0.9218513
7.681003 0.8200647 -0.1010915 1.6861671 0.0530391 0.3857279 0.0198269 0.9208733
7.888275 0.8978856 -0.1112000 1.7639968 0.0525352 0.3806270 0.0199761 0.9230190
8.095633 0.9763591 -0.1218577 1.8457048 0.0519693 0.3729480 0.0185140 0.9262107
8.303130 1.0584581 -0.1331101 1.9338644 0.0506779 0.3671852 0.0153079 0.9286401
8.510755 1.1429716 -0.1441523 2.0249255 0.0484927 0.3666480 0.0119885 0.9290177
8.718382 1.2279836 -0.1560391 2.1161489 0.0474823 0.3673974 0.0120800 0.9287726
8.925883 1.3172071 -0.1682162 2.2111325 0.0468003 0.3676297 0.0124336 0.9287107
9.133505 1.4075857 -0.1805320 2.3074474 0.0458511 0.3677707 0.0116710 0.9287121
9.341007 1.4986280 -0.1925996 2.4046292 0.0452469 0.3674015 0.0109430 0.9288967
9.548508 1.5897834 -0.2047127 2.5014884 0.0433935 0.3653276 0.0118441 0.9297916
9.755883 1.6784892 -0.2160555 2.5986276 0.0425829 0.3629242 0.0122898 0.9307640
9.963509 1.7661694 -0.2276191 2.6938393 0.0429938 0.3612106 0.0120885 0.9314141
10.171130 1.8538558 -0.2402203 2.7900407 0.0447546 0.3632480 0.0106164 0.9305564
10.378880 1.9423387 -0.2522274 2.8853154 0.0442499 0.3687720 0.0106981 0.9284044
10.586510 2.0322509 -0.2644102 2.9790986 0.0416795 0.3744876 0.0108116 0.9262316
10.690390 2.0776508 -0.2702159 3.0248291 0.0431664 0.3770334 0.0113222 0.9251239
10.794130 2.1217031 -0.2757815 3.0697269 0.0440100 0.3799313 0.0107894 0.9239042
11.001750 2.2099457 -0.2869860 3.1578381 0.0449171 0.3845932 0.0093846 0.9219449
11.209130 2.3001275 -0.2979623 3.2463329 0.0407159 0.3878193 0.0120357 0.9207571
11.312890 2.3449090 -0.3031326 3.2901747 0.0358445 0.3889542 0.0136624 0.9204581
11.520390 2.4327922 -0.3124148 3.3761041 0.0373864 0.3906644 0.0135137 0.9196744
11.727800 2.5214930 -0.3221731 3.4604316 0.0424057 0.3914653 0.0158449 0.9190787
12.038930 2.6550746 -0.3362159 3.5882156 0.0385870 0.3906984 0.0173837 0.9195454
12.246380 2.7408037 -0.3446513 3.6733451 0.0330628 0.3902126 0.0130743 0.9200380
12.453880 2.8274162 -0.3530920 3.7582107 0.0311471 0.3881262 0.0121900 0.9209991
12.661390 2.9128623 -0.3610784 3.8414054 0.0343389 0.3831660 0.0142896 0.9229304
12.765050 2.9552920 -0.3651624 3.8839865 0.0352265 0.3790483 0.0167663 0.9245542
12.972400 3.0367210 -0.3736594 3.9690018 0.0359929 0.3693913 0.0185901 0.9283906
13.076170 3.0767164 -0.3775310 4.0126357 0.0351503 0.3634603 0.0177534 0.9307770
13.179930 3.1160517 -0.3815840 4.0567274 0.0335228 0.3573582 0.0184098 0.9331840
13.283680 3.1542835 -0.3855146 4.1009431 0.0332613 0.3514668 0.0181089 0.9354340
13.491130 3.2294652 -0.3932483 4.1907620 0.0336153 0.3388191 0.0188547 0.9400617
13.594890 3.2662511 -0.3979808 4.2362976 0.0357148 0.3325303 0.0181439 0.9422414
13.698760 3.3016667 -0.4022157 4.2815537 0.0406260 0.3265581 0.0179698 0.9441326
13.802490 3.3370872 -0.4066415 4.3275247 0.0431209 0.3198933 0.0167787 0.9463231
13.906260 3.3714592 -0.4115255 4.3742619 0.0414411 0.3139568 0.0161354 0.9483952
14.010030 3.4052644 -0.4169962 4.4209237 0.0398051 0.3076087 0.0170802 0.9505265
14.113800 3.4377601 -0.4219185 4.4678941 0.0403254 0.3029055 0.0149123 0.9520503
14.217640 3.4703128 -0.4273515 4.5153136 0.0428429 0.2993461 0.0118411 0.9531087
14.321530 3.5020087 -0.4323342 4.5623784 0.0456105 0.2968460 0.0075306 0.9538057
14.425390 3.5342181 -0.4378019 4.6100907 0.0468332 0.2951443 0.0054577 0.9542885
14.633120 3.5971932 -0.4495019 4.7050033 0.0466412 0.2907369 0.0040988 0.9556568
14.840760 3.6590536 -0.4607883 4.8006067 0.0426212 0.2852414 0.0034196 0.9575015
14.944510 3.6895838 -0.4666404 4.8487525 0.0410929 0.2823370 0.0029460 0.9584302
15.152010 3.7484272 -0.4773720 4.9457488 0.0407683 0.2763607 -0.0051268 0.9601752
15.255760 3.7775671 -0.4829481 4.9936452 0.0427852 0.2730051 -0.0048486 0.9610485
15.463280 3.8360696 -0.4938160 5.0904541 0.0437271 0.2658161 -0.0043937 0.9630215
15.670890 3.8925657 -0.5055401 5.1884708 0.0399697 0.2588178 -0.0040005 0.9650906
15.878390 3.9479551 -0.5165012 5.2867255 0.0429790 0.2521969 -0.0058039 0.9667036
16.086050 4.0007753 -0.5283488 5.3863697 0.0428682 0.2453756 -0.0066475 0.9684570
16.293510 4.0534034 -0.5400701 5.4843898 0.0432322 0.2372564 -0.0034726 0.9704784
16.604760 4.1279125 -0.5573946 5.6361670 0.0418808 0.2279079 -0.0083224 0.9727460
16.916160 4.2016973 -0.5744705 5.7873254 0.0425397 0.2205344 -0.0052866 0.9744368
17.227520 4.2738776 -0.5909880 5.9404325 0.0412898 0.2123145 0.0025752 0.9763253
17.539040 4.3414602 -0.6076772 6.0941978 0.0426368 0.2077407 -0.0007626 0.9772540
17.746640 4.3862486 -0.6188570 6.1966653 0.0395063 0.2069671 -0.0003593 0.9775499
17.954270 4.4311719 -0.6294937 6.2983365 0.0358712 0.2058599 0.0002810 0.9779238
18.161890 4.4754720 -0.6397657 6.3984437 0.0399999 0.2049779 -0.0003175 0.9779488
18.369580 4.5183210 -0.6501639 6.4979854 0.0388937 0.2046616 -0.0029548 0.9780553
18.577160 4.5612812 -0.6601192 6.5972214 0.0406983 0.2041278 -0.0023171 0.9780952
18.784860 4.6022472 -0.6708097 6.6962781 0.0415898 0.2044439 -0.0104225 0.9779388
18.888520 4.6237769 -0.6763034 6.7454166 0.0434567 0.2041063 -0.0093169 0.9779393
19.096040 4.6654177 -0.6876236 6.8420410 0.0446049 0.2028890 -0.0084975 0.9781484
19.199890 4.6860886 -0.6933345 6.8895941 0.0441740 0.2020127 -0.0042304 0.9783770
19.407390 4.7277360 -0.7043140 6.9854746 0.0401800 0.1991991 0.0009991 0.9791344
19.511150 4.7476735 -0.7092374 7.0332365 0.0402790 0.1972436 0.0027063 0.9795229
19.614770 4.7672729 -0.7145955 7.0796442 0.0427558 0.1945610 0.0021477 0.9799558
19.822140 4.8054328 -0.7250632 7.1753635 0.0446241 0.1870571 0.0027515 0.9813311
19.925670 4.8235459 -0.7304248 7.2230129 0.0425026 0.1822817 0.0043249 0.9823177
20.132890 4.8586569 -0.7410626 7.3186879 0.0433207 0.1694477 0.0087048 0.9845482
20.236640 4.8744345 -0.7459136 7.3655677 0.0438207 0.1622269 0.0080081 0.9857475
20.444020 4.9035778 -0.7558540 7.4596834 0.0450037 0.1488845 0.0085074 0.9877933
20.547770 4.9167266 -0.7613506 7.5057902 0.0479700 0.1420767 0.0064598 0.9886715
20.755270 4.9398503 -0.7721788 7.5970392 0.0560112 0.1291230 -0.0002489 0.9900454
20.859140 4.9512382 -0.7780898 7.6435595 0.0562840 0.1225268 -0.0004322 0.9908679
21.066770 4.9709826 -0.7898445 7.7354345 0.0529090 0.1115137 -0.0044490 0.9923434
21.274520 4.9895482 -0.8018792 7.8259850 0.0596882 0.1035746 -0.0084279 0.9927933
21.482520 5.0083127 -0.8139277 7.9178982 0.0586038 0.1018202 -0.0102993 0.9930217
21.690420 5.0272231 -0.8263777 8.0086985 0.0549909 0.1041146 -0.0100191 0.9929934
22.002150 5.0563297 -0.8439903 8.1430054 0.0545705 0.1098039 -0.0085636 0.9924172
22.106150 5.0668049 -0.8494178 8.1877832 0.0546989 0.1123845 -0.0092904 0.9921147
22.313900 5.0881333 -0.8610487 8.2758522 0.0525500 0.1179728 -0.0079212 0.9915938
22.417770 5.0983963 -0.8664764 8.3187246 0.0524329 0.1207430 -0.0085967 0.9912608
22.625400 5.1201305 -0.8776774 8.4050550 0.0541108 0.1252419 -0.0096656 0.9906024
22.832900 5.1427107 -0.8889523 8.4906912 0.0560249 0.1271482 -0.0085668 0.9902632
22.936520 5.1539221 -0.8943514 8.5332003 0.0554988 0.1268157 -0.0069841 0.9903479
23.143770 5.1751270 -0.9059610 8.6177435 0.0535601 0.1211406 -0.0050386 0.9911765
23.247420 5.1848917 -0.9113246 8.6593876 0.0541948 0.1155017 -0.0034653 0.9918217
23.351020 5.1941137 -0.9165890 8.7011614 0.0545603 0.1082309 -0.0021498 0.9926251
23.454650 5.2022524 -0.9217895 8.7427502 0.0532741 0.1006376 -0.0026788 0.9934922
23.558270 5.2092953 -0.9270380 8.7846899 0.0506171 0.0925852 -0.0047158 0.9944062
23.662020 5.2159038 -0.9320164 8.8265400 0.0471715 0.0843651 -0.0051475 0.9953044
23.765650 5.2216101 -0.9364662 8.8681993 0.0436468 0.0761341 -0.0050578 0.9961290
23.869400 5.2268105 -0.9408544 8.9098053 0.0399688 0.0672643 -0.0050980 0.9969212
23.973020 5.2308817 -0.9450620 8.9511662 0.0369421 0.0587843 -0.0060153 0.9975688
24.180540 5.2369466 -0.9528682 9.0319357 0.0349316 0.0407227 -0.0060719 0.9985412
24.387900 5.2395406 -0.9596635 9.1116295 0.0335457 0.0239154 -0.0091135 0.9991094
24.595400 5.2405581 -0.9662540 9.1908188 0.0299033 0.0105448 -0.0092550 0.9994543
24.699270 5.2405963 -0.9694915 9.2299871 0.0294217 0.0050219 -0.0082978 0.9995200
24.906780 5.2382469 -0.9760255 9.3060284 0.0340510 -0.0045301 -0.0130793 0.9993243
25.114270 5.2356791 -0.9828954 9.3814335 0.0424750 -0.0132180 -0.0103682 0.9989563
25.321770 5.2316365 -0.9893500 9.4585266 0.0374029 -0.0194797 -0.0114583 0.9990447
25.529390 5.2265172 -0.9962572 9.5372190 0.0272943 -0.0222485 -0.0143754 0.9992764
25.737020 5.2230382 -1.0018603 9.6157341 0.0289036 -0.0234309 -0.0112038 0.9992447
25.944520 5.2180986 -1.0063900 9.6951227 0.0280653 -0.0247796 -0.0113892 0.9992340
26.151900 5.2131677 -1.0119529 9.7752390 0.0235565 -0.0277406 -0.0114484 0.9992720
26.359150 5.2074223 -1.0169721 9.8555069 0.0212268 -0.0331764 -0.0101488 0.9991725
26.566610 5.2000933 -1.0217242 9.9362726 0.0190818 -0.0423114 -0.0086878 0.9988844
26.773900 5.1905856 -1.0265685 10.0160484 0.0215006 -0.0541450 -0.0101684 0.9982498
26.981280 5.1789560 -1.0312279 10.0975494 0.0231701 -0.0665847 -0.0104484 0.9974570
27.188790 5.1652422 -1.0360837 10.1795692 0.0205556 -0.0784616 -0.0111223 0.9966431
27.396270 5.1492863 -1.0402607 10.2618923 0.0185559 -0.0894128 -0.0143262 0.9957187
27.603900 5.1315637 -1.0448687 10.3465862 0.0166489 -0.0953784 -0.0164015 0.9951667
27.811650 5.1142397 -1.0488405 10.4336643 0.0162177 -0.0965958 -0.0130056 0.9951066
27.915520 5.1056137 -1.0509048 10.4776764 0.0167347 -0.0960041 -0.0125009 0.9951617
28.019400 5.0970631 -1.0527894 10.5221825 0.0180498 -0.0956296 -0.0105938 0.9951969
28.123280 5.0886383 -1.0546478 10.5671625 0.0176466 -0.0955951 -0.0087830 0.9952251
28.330900 5.0705805 -1.0587394 10.6589622 0.0135568 -0.0942778 -0.0074888 0.9954255
28.434770 5.0616479 -1.0607735 10.7048311 0.0124365 -0.0932837 -0.0073091 0.9955351
28.642420 5.0438819 -1.0640429 10.7973013 0.0120826 -0.0915001 -0.0087089 0.9956937
28.849900 5.0269489 -1.0681947 10.8908386 0.0145956 -0.0901799 -0.0081485 0.9957852
28.953800 5.0183997 -1.0701880 10.9369888 0.0177129 -0.0898101 -0.0082213 0.9957674
29.161270 5.0014172 -1.0745679 11.0299597 0.0172749 -0.0883580 -0.0100702 0.9958881
29.264900 4.9930940 -1.0769061 11.0763636 0.0152841 -0.0878528 -0.0109131 0.9959564
29.368650 4.9842153 -1.0791240 11.1229086 0.0151924 -0.0862736 -0.0127927 0.9960735
29.472530 4.9758687 -1.0814730 11.1692810 0.0147077 -0.0836663 -0.0143165 0.9962824
29.680170 4.9611225 -1.0859096 11.2623415 0.0141087 -0.0752518 -0.0136611 0.9969712
29.783900 4.9549427 -1.0886383 11.3085079 0.0150340 -0.0700016 -0.0122535 0.9973583
29.991660 4.9434280 -1.0924037 11.4005013 0.0165425 -0.0581640 -0.0136555 0.9980766
30.095530 4.9387698 -1.0944370 11.4469166 0.0132704 -0.0523616 -0.0108100 0.9984815
30.199280 4.9353228 -1.0964338 11.4935522 0.0095246 -0.0482509 -0.0085733 0.9987530
30.303050 4.9310513 -1.0981483 11.5403099 0.0068058 -0.0443276 -0.0084775 0.9989579
30.406780 4.9265318 -1.0996424 11.5868130 0.0055704 -0.0419905 -0.0113455 0.9990380
30.510400 4.9224401 -1.1009440 11.6338520 0.0048058 -0.0404907 -0.0106294 0.9991118
30.717780 4.9146247 -1.1034718 11.7277460 0.0054466 -0.0391728 -0.0105877 0.9991615
30.821410 4.9102993 -1.1046767 11.7747822 0.0060129 -0.0388671 -0.0123278 0.9991502
31.028780 4.9016695 -1.1071357 11.8694048 0.0047918 -0.0398556 -0.0138837 0.9990975
31.236300 4.8939686 -1.1094990 11.9633331 0.0039743 -0.0415744 -0.0109433 0.9990675
31.443650 4.8846703 -1.1115893 12.0587902 0.0023728 -0.0452531 -0.0117583 0.9989035
31.651030 4.8740010 -1.1132433 12.1540575 -0.0021939 -0.0504086 -0.0136424 0.9986331
31.858530 4.8625526 -1.1151916 12.2497473 -0.0008756 -0.0549091 -0.0167347 0.9983507
32.066030 4.8494949 -1.1161287 12.3460197 0.0024125 -0.0595356 -0.0211806 0.9979985
32.273410 4.8359165 -1.1183810 12.4428988 0.0028056 -0.0638811 -0.0234442 0.9976782
32.480910 4.8218498 -1.1202576 12.5386772 0.0042190 -0.0684775 -0.0238987 0.9973574
32.688280 4.8067417 -1.1222591 12.6353760 0.0038212 -0.0730061 -0.0221429 0.9970784
32.895660 4.7912726 -1.1246045 12.7316570 0.0050726 -0.0775533 -0.0212094 0.9967497
33.103170 4.7740178 -1.1266474 12.8278446 0.0034824 -0.0822105 -0.0256745 0.9962782
33.310530 4.7569461 -1.1295518 12.9236603 0.0086813 -0.0867399 -0.0234408 0.9959173
33.518170 4.7376213 -1.1316643 13.0202742 0.0095034 -0.0899276 -0.0295593 0.9954642
33.725530 4.7193508 -1.1337923 13.1181469 -0.0020029 -0.0921107 -0.0286706 0.9953339
33.829280 4.7095451 -1.1343455 13.1669655 -0.0063284 -0.0928327 -0.0299923 0.9952098
33.933050 4.7000170 -1.1349678 13.2146902 -0.0076346 -0.0939490 -0.0310036 0.9950649
34.036660 4.6905208 -1.1351708 13.2624063 -0.0053494 -0.0955582 -0.0306048 0.9949389
34.140410 4.6808376 -1.1350656 13.3097734 -0.0020885 -0.0979042 -0.0298095 0.9947471
34.244030 4.6709476 -1.1355015 13.3574476 0.0001042 -0.1003371 -0.0295496 0.9945146
34.347780 4.6608005 -1.1360464 13.4047260 0.0012990 -0.1026490 -0.0285776 0.9943062
34.451530 4.6501012 -1.1367006 13.4519272 0.0025173 -0.1047887 -0.0284314 0.9940848
34.555160 4.6397038 -1.1374632 13.5003586 0.0016730 -0.1070268 -0.0278548 0.9938645
34.762530 4.6180801 -1.1382591 13.5964365 -0.0036783 -0.1104352 -0.0267345 0.9935169
34.970030 4.5955558 -1.1382921 13.6936121 -0.0090819 -0.1129771 -0.0258537 0.9932197
35.177560 4.5723910 -1.1375437 13.7900877 -0.0128071 -0.1145068 -0.0261948 0.9929945
35.385050 4.5485020 -1.1375860 13.8852463 -0.0012225 -0.1161096 -0.0301958 0.9927766
35.592410 4.5245934 -1.1378050 13.9817600 0.0018240 -0.1163347 -0.0299071 0.9927580
35.696160 4.5127215 -1.1386281 14.0306702 -0.0012915 -0.1165544 -0.0306395 0.9927108
35.903530 4.4892888 -1.1395077 14.1268845 -0.0013847 -0.1179444 -0.0285725 0.9926081
36.110910 4.4655499 -1.1400917 14.2245808 -0.0041775 -0.1194944 -0.0268573 0.9924628
36.318290 4.4407153 -1.1405582 14.3221474 -0.0052438 -0.1206557 -0.0285389 0.9922702
36.525780 4.4158626 -1.1411040 14.4188366 -0.0025417 -0.1221537 -0.0274134 0.9921293
36.733280 4.3902140 -1.1413925 14.5164814 -0.0050678 -0.1248855 -0.0267071 0.9917987
36.940790 4.3651195 -1.1414400 14.6121092 -0.0059602 -0.1295989 -0.0249790 0.9912339
37.252040 4.3240466 -1.1416842 14.7516632 -0.0011245 -0.1368119 -0.0276812 0.9902096
37.563030 4.2813358 -1.1434084 14.8938322 -0.0010738 -0.1520601 -0.0211323 0.9881448
37.770280 4.2491713 -1.1439703 14.9868870 -0.0022036 -0.1670772 -0.0207480 0.9857230
37.977790 4.2130961 -1.1444069 15.0791588 -0.0067132 -0.1817238 -0.0219889 0.9830808
38.185280 4.1743770 -1.1439046 15.1703186 -0.0046387 -0.1931018 -0.0273112 0.9807876
38.393160 4.1344414 -1.1433406 15.2607746 -0.0023690 -0.1974277 -0.0323786 0.9797797
38.497160 4.1142445 -1.1435560 15.3060789 -0.0004078 -0.1953245 -0.0362870 0.9800671
38.601160 4.0948229 -1.1437368 15.3519955 0.0024429 -0.1911464 -0.0391792 0.9807763
38.809290 4.0590353 -1.1443018 15.4447994 0.0055958 -0.1794542 -0.0367819 0.9830626
39.017160 4.0256524 -1.1459877 15.5370340 0.0044159 -0.1676630 -0.0384017 0.9850863
39.225040 3.9951966 -1.1477475 15.6310816 0.0046103 -0.1576352 -0.0345686 0.9868814
39.536410 3.9507582 -1.1501871 15.7734098 0.0057588 -0.1447435 -0.0357997 0.9888046
39.743820 3.9219108 -1.1511210 15.8680410 0.0008834 -0.1384194 -0.0394751 0.9895863
39.951290 3.8937857 -1.1522174 15.9639397 0.0003331 -0.1343734 -0.0409195 0.9900855
40.262420 3.8513694 -1.1550733 16.1082306 0.0146244 -0.1312904 -0.0424084 0.9903285
40.573540 3.8106713 -1.1598911 16.2560787 0.0110048 -0.1299049 -0.0437458 0.9904999
40.988410 3.7561741 -1.1644135 16.4552937 0.0079678 -0.1356035 -0.0418285 0.9898478
41.195790 3.7262182 -1.1656944 16.5551224 0.0082201 -0.1394629 -0.0444659 0.9891943
41.506790 3.6803603 -1.1692159 16.7046642 0.0126860 -0.1474846 -0.0407601 0.9881427
41.714170 3.6480331 -1.1718674 16.8051529 0.0127896 -0.1558534 -0.0408979 0.9868503
41.921540 3.6122649 -1.1743090 16.9065952 0.0068466 -0.1634767 -0.0448517 0.9855033
42.128920 3.5744600 -1.1753114 17.0081902 0.0020981 -0.1712328 -0.0483303 0.9840422
42.232670 3.5555117 -1.1757536 17.0585442 0.0036477 -0.1757972 -0.0480699 0.9832453
42.440040 3.5161095 -1.1765599 17.1584873 0.0113272 -0.1849207 -0.0464047 0.9815919
42.647420 3.4752903 -1.1793284 17.2586155 0.0153788 -0.1935588 -0.0401864 0.9801447
42.854790 3.4330194 -1.1820803 17.3598671 0.0107180 -0.2024498 -0.0349290 0.9786109
43.062290 3.3874910 -1.1840490 17.4616356 0.0042058 -0.2112653 -0.0333590 0.9768503
43.166060 3.3632998 -1.1843938 17.5124645 0.0030909 -0.2150472 -0.0341351 0.9760020
43.269790 3.3384390 -1.1848472 17.5633850 0.0033238 -0.2191228 -0.0366975 0.9750013
43.477330 3.2878542 -1.1851977 17.6643982 0.0010872 -0.2254901 -0.0382331 0.9734944
43.581040 3.2625413 -1.1855714 17.7145023 0.0015438 -0.2280555 -0.0386287 0.9728803
43.788690 3.2115839 -1.1860065 17.8147144 0.0052245 -0.2342527 -0.0359788 0.9714957
43.996060 3.1577103 -1.1864192 17.9149742 0.0032687 -0.2391982 -0.0385583 0.9701993
44.099960 3.1303642 -1.1867522 17.9658413 0.0007086 -0.2417691 -0.0396519 0.9695231
44.307300 3.0754161 -1.1868837 18.0647011 0.0035162 -0.2471850 -0.0404956 0.9681153
44.514790 3.0200546 -1.1875625 18.1637573 0.0056471 -0.2529551 -0.0366081 0.9667687
44.722330 2.9636030 -1.1889381 18.2626381 0.0033803 -0.2585476 -0.0319968 0.9654626
44.826160 2.9350247 -1.1890547 18.3114738 0.0032117 -0.2618668 -0.0299943 0.9646325
45.033540 2.8770423 -1.1899552 18.4088364 0.0005668 -0.2675925 -0.0280023 0.9631250
45.137340 2.8470204 -1.1901505 18.4566784 0.0003328 -0.2695082 -0.0278916 0.9625940
45.241040 2.8176789 -1.1904538 18.5042400 0.0013367 -0.2723810 -0.0277367 0.9617887
45.344810 2.7877281 -1.1906929 18.5515366 0.0017782 -0.2748811 -0.0294353 0.9610259
45.448540 2.7582102 -1.1907800 18.5988693 0.0009062 -0.2776000 -0.0260626 0.9603427
45.552290 2.7276592 -1.1909584 18.6461964 -0.0002143 -0.2806565 -0.0278339 0.9594046
45.656170 2.6969149 -1.1908562 18.6928635 0.0010744 -0.2829578 -0.0265841 0.9587633
45.759920 2.6664624 -1.1907420 18.7391796 0.0000118 -0.2855109 -0.0252524 0.9580427
45.863670 2.6358829 -1.1909035 18.7849293 -0.0006636 -0.2877571 -0.0277352 0.9573015
45.967420 2.6041770 -1.1910728 18.8307686 -0.0017633 -0.2892208 -0.0307238 0.9567676
46.071290 2.5733597 -1.1904602 18.8764076 -0.0019608 -0.2911218 -0.0310469 0.9561801
46.175050 2.5421481 -1.1900312 18.9225540 -0.0050535 -0.2923373 -0.0309581 0.9558007
46.278790 2.5109582 -1.1898655 18.9679337 -0.0047918 -0.2935819 -0.0317851 0.9553933
46.486540 2.4490578 -1.1891890 19.0583839 0.0011377 -0.2953885 -0.0286432 0.9549471
46.694170 2.3868423 -1.1892589 19.1493988 -0.0000552 -0.2944553 -0.0292406 0.9552178
46.798050 2.3553102 -1.1893688 19.1957092 -0.0025741 -0.2934509 -0.0302491 0.9554920
47.005800 2.2926104 -1.1889004 19.2883892 -0.0027504 -0.2892157 -0.0310052 0.9567577
47.213560 2.2319319 -1.1884768 19.3817348 0.0022917 -0.2831597 -0.0321223 0.9585319
47.421170 2.1711349 -1.1889274 19.4773712 0.0031512 -0.2755865 -0.0320176 0.9607378
47.628800 2.1122565 -1.1894300 19.5732269 0.0019971 -0.2677379 -0.0335620 0.9629050
47.836440 2.0542426 -1.1893089 19.6717358 -0.0037036 -0.2589197 -0.0373096 0.9651709
48.043920 1.9983498 -1.1889975 19.7702770 0.0020547 -0.2511197 -0.0376120 0.9672228
48.355050 1.9167675 -1.1898324 19.9214916 0.0027693 -0.2408196 -0.0350224 0.9699339
48.562550 1.8629519 -1.1901295 20.0241985 0.0013936 -0.2348763 -0.0346497 0.9714065
48.873550 1.7832916 -1.1906074 20.1802711 0.0009722 -0.2269699 -0.0385614 0.9731376
49.080930 1.7301080 -1.1910992 20.2862720 0.0016944 -0.2220976 -0.0403244 0.9741887
49.288320 1.6796421 -1.1911153 20.3925819 0.0021976 -0.2181978 -0.0404072 0.9750652
49.599420 1.6049547 -1.1911477 20.5529270 0.0013358 -0.2128615 -0.0415923 0.9761958
49.806800 1.5548126 -1.1914454 20.6608810 0.0013840 -0.2088866 -0.0427698 0.9770032
50.014170 1.5068294 -1.1921681 20.7685108 0.0028194 -0.2060208 -0.0423089 0.9776285
50.221580 1.4588529 -1.1924188 20.8772392 -0.0043867 -0.2047742 -0.0397148 0.9779934
50.428990 1.4108106 -1.1919730 20.9856148 -0.0065403 -0.2036588 -0.0386552 0.9782566
50.532690 1.3874836 -1.1915894 21.0396309 -0.0032706 -0.2036523 -0.0370540 0.9783364
50.740210 1.3401387 -1.1916788 21.1481171 0.0011093 -0.2028008 -0.0338954 0.9786326
50.843990 1.3164357 -1.1920991 21.2028980 -0.0001229 -0.2021983 -0.0328593 0.9787932
50.947600 1.2925076 -1.1923041 21.2578468 -0.0024933 -0.2015466 -0.0316261 0.9789650
51.051200 1.2691996 -1.1924508 21.3128834 -0.0048400 -0.2012432 -0.0300536 0.9790682
51.154950 1.2455750 -1.1924276 21.3677216 -0.0066409 -0.2007853 -0.0292730 0.9791753
51.258560 1.2224365 -1.1921254 21.4220085 -0.0072109 -0.2006463 -0.0285038 0.9792225
51.362310 1.1997452 -1.1918318 21.4760647 -0.0059971 -0.2008696 -0.0275189 0.9792130
51.465930 1.1762241 -1.1917751 21.5305347 -0.0049607 -0.2010536 -0.0262483 0.9792159
51.569680 1.1525089 -1.1916293 21.5851192 -0.0052223 -0.2009928 -0.0264586 0.9792214
51.673320 1.1289581 -1.1916367 21.6398602 -0.0071696 -0.2008460 -0.0258203 0.9792563
51.776930 1.1053157 -1.1914833 21.6945267 -0.0077682 -0.2005743 -0.0257720 0.9793087
51.880670 1.0818200 -1.1911454 21.7490635 -0.0068188 -0.2002119 -0.0251516 0.9794060
51.984300 1.0586360 -1.1909714 21.8036137 -0.0061947 -0.2000969 -0.0243534 0.9794538
52.088050 1.0352168 -1.1905465 21.8582268 -0.0066404 -0.1998808 -0.0234995 0.9795159
52.191670 1.0115277 -1.1903327 21.9130611 -0.0077328 -0.1996914 -0.0235138 0.9795461
52.295430 0.9883066 -1.1900518 21.9677410 -0.0087539 -0.1999493 -0.0223213 0.9795128
52.399170 0.9652993 -1.1897054 22.0221233 -0.0097856 -0.2002675 -0.0203279 0.9794815
52.502930 0.9421456 -1.1892025 22.0766754 -0.0109414 -0.2004031 -0.0176349 0.9794937
52.710430 0.8967487 -1.1878015 22.1849384 -0.0133518 -0.2013044 -0.0109140 0.9793769
52.814180 0.8738005 -1.1872970 22.2384453 -0.0148928 -0.2018818 -0.0101069 0.9792445
52.917930 0.8512027 -1.1862971 22.2911758 -0.0155433 -0.2024644 -0.0086146 0.9791284
53.021680 0.8287998 -1.1856769 22.3437481 -0.0169561 -0.2033408 -0.0080888 0.9789278
53.125430 0.8057522 -1.1848228 22.3959427 -0.0170741 -0.2039884 -0.0078221 0.9787931
53.332930 0.7615313 -1.1830029 22.4974518 -0.0178123 -0.2057020 -0.0068615 0.9784285
53.436550 0.7395601 -1.1821659 22.5474415 -0.0191527 -0.2064929 -0.0069031 0.9782363
53.644050 0.6956637 -1.1799589 22.6454353 -0.0240863 -0.2069522 -0.0112671 0.9779896
53.747800 0.6740609 -1.1784469 22.6929550 -0.0263962 -0.2067275 -0.0155122 0.9779194
53.955300 0.6316918 -1.1747541 22.7859478 -0.0271785 -0.2061633 -0.0223196 0.9778854
54.162800 0.5909512 -1.1713161 22.8745804 -0.0260314 -0.2048246 -0.0273431 0.9780703
54.370180 0.5535716 -1.1677300 22.9599571 -0.0241970 -0.2044686 -0.0271473 0.9781974
54.473930 0.5350817 -1.1658244 23.0020256 -0.0240319 -0.2041413 -0.0267989 0.9782794
54.681310 0.4991305 -1.1628854 23.0840378 -0.0234892 -0.2028920 -0.0273894 0.9785361
54.888800 0.4648707 -1.1596628 23.1628494 -0.0238672 -0.1980830 -0.0304040 0.9794229
55.096430 0.4333043 -1.1573216 23.2394485 -0.0237170 -0.1912355 -0.0321278 0.9807315
55.304050 0.4031680 -1.1551740 23.3146305 -0.0177228 -0.1836433 -0.0335959 0.9822588
55.511680 0.3746638 -1.1517380 23.3918781 -0.0164353 -0.1726959 -0.0342092 0.9842438
55.822930 0.3348869 -1.1482328 23.5111885 -0.0243903 -0.1551698 -0.0371271 0.9868885
56.030430 0.3105384 -1.1448302 23.5921822 -0.0244033 -0.1443551 -0.0347757 0.9886135
56.341580 0.2773921 -1.1407760 23.7160835 -0.0200179 -0.1337485 -0.0253941 0.9904876
56.549070 0.2552057 -1.1370815 23.8018303 -0.0299689 -0.1281359 -0.0222402 0.9910542
56.756680 0.2329000 -1.1318524 23.8897724 -0.0447115 -0.1230552 -0.0262926 0.9910434
56.964280 0.2108423 -1.1257046 23.9787540 -0.0454872 -0.1169719 -0.0272038 0.9917200
57.171890 0.1909268 -1.1186658 24.0680408 -0.0472153 -0.1107757 -0.0246775 0.9924165
57.379330 0.1724695 -1.1114485 24.1589222 -0.0524676 -0.1043797 -0.0211370 0.9929276
57.586810 0.1549012 -1.1037151 24.2484322 -0.0525639 -0.0985666 -0.0183863 0.9935712
57.690560 0.1465116 -1.0998954 24.2926235 -0.0521421 -0.0954512 -0.0181355 0.9939021
57.794300 0.1383368 -1.0961052 24.3367558 -0.0522285 -0.0919826 -0.0184091 0.9942195
58.001930 0.1234625 -1.0887426 24.4240379 -0.0523464 -0.0828965 -0.0184416 0.9950115
58.105810 0.1171559 -1.0850377 24.4671040 -0.0521464 -0.0777029 -0.0172201 0.9954630
58.313440 0.1055450 -1.0778902 24.5519218 -0.0531872 -0.0669225 -0.0166561 0.9962003
58.521060 0.0965907 -1.0716903 24.6341286 -0.0495855 -0.0561627 -0.0150103 0.9970766
58.728680 0.0887398 -1.0656019 24.7148209 -0.0406978 -0.0428411 -0.0209104 0.9980336
58.936580 0.0846940 -1.0607415 24.7958164 -0.0357242 -0.0246946 -0.0202373 0.9988515
59.040430 0.0841806 -1.0587209 24.8361263 -0.0332313 -0.0143005 -0.0187070 0.9991702
59.144310 0.0848828 -1.0570730 24.8768673 -0.0298412 -0.0038115 -0.0163273 0.9994140
59.248190 0.0863426 -1.0556080 24.9173660 -0.0260668 0.0064377 -0.0134518 0.9995490
59.352060 0.0887437 -1.0544120 24.9589901 -0.0233300 0.0166253 -0.0093963 0.9995454
59.559560 0.0950965 -1.0515139 25.0437145 -0.0246961 0.0354109 -0.0066998 0.9990452
59.766940 0.1037266 -1.0485297 25.1302052 -0.0334301 0.0497072 -0.0051839 0.9981908
59.974310 0.1137100 -1.0444206 25.2173100 -0.0371689 0.0586818 -0.0059046 0.9975671
60.181800 0.1249561 -1.0394995 25.3059692 -0.0409226 0.0664933 -0.0074445 0.9969195
60.285560 0.1306216 -1.0370685 25.3500710 -0.0422941 0.0701462 -0.0105135 0.9965842
60.493060 0.1416016 -1.0331283 25.4365482 -0.0278213 0.0764029 -0.0220687 0.9964445
60.700580 0.1549953 -1.0294541 25.5250988 -0.0199662 0.0803800 -0.0256060 0.9962353
60.907960 0.1683244 -1.0272455 25.6160774 -0.0287459 0.0799359 -0.0294210 0.9959510
61.218940 0.1865636 -1.0261743 25.7461243 0.0008453 0.0734825 -0.0360820 0.9966432
61.426430 0.1972939 -1.0270970 25.8329849 -0.0065375 0.0700839 -0.0396408 0.9967317
61.737600 0.2134863 -1.0292901 25.9587784 -0.0029223 0.0660682 -0.0363000 0.9971503
61.945060 0.2238417 -1.0314114 26.0397282 0.0012531 0.0633107 -0.0336008 0.9974273
62.256400 0.2379488 -1.0352343 26.1558456 0.0089170 0.0635852 -0.0334637 0.9973754
62.567930 0.2513800 -1.0403458 26.2691402 0.0120689 0.0745470 -0.0407915 0.9963098
62.879830 0.2724415 -1.0465997 26.3767681 0.0140313 0.1013359 -0.0383435 0.9940140
63.295440 0.3055900 -1.0547789 26.5035648 0.0157569 0.1365482 -0.0354804 0.9898725
63.503190 0.3229789 -1.0586652 26.5587387 0.0154352 0.1555495 -0.0353713 0.9870740
63.918440 0.3581826 -1.0673933 26.6488037 0.0339181 0.1851693 -0.0284057 0.9817103
64.229690 0.3814541 -1.0726043 26.7040081 0.0403161 0.1994067 -0.0282868 0.9786784
64.748080 0.4144890 -1.0816740 26.7780037 0.0366825 0.2123319 -0.0260839 0.9761605
65.266320 0.4370587 -1.0876571 26.8252525 0.0402176 0.2160268 -0.0215471 0.9753208
66.095940 0.4641961 -1.0947309 26.8886967 0.0418160 0.1999350 -0.0181190 0.9787487
66.510690 0.4773948 -1.0978643 26.9295177 0.0386746 0.1865646 -0.0255401 0.9813489
66.718090 0.4855084 -1.1007466 26.9544411 0.0362709 0.1774951 -0.0264936 0.9830961
67.132820 0.5038799 -1.1064385 27.0101509 0.0358139 0.1498843 -0.0180355 0.9878901
67.340070 0.5105930 -1.1094539 27.0409279 0.0346196 0.1307727 -0.0175579 0.9906521
67.754690 0.5204028 -1.1146822 27.1107349 0.0378548 0.0859450 -0.0257737 0.9952468
67.962080 0.5237417 -1.1180015 27.1495228 0.0368147 0.0603123 -0.0258247 0.9971661
68.169320 0.5255601 -1.1217308 27.1918774 0.0354992 0.0343135 -0.0251176 0.9984646
68.376700 0.5245413 -1.1254046 27.2374687 0.0346584 0.0080862 -0.0267416 0.9990087
68.584070 0.5214721 -1.1290368 27.2869263 0.0344375 -0.0170339 -0.0264658 0.9989111
68.791570 0.5160192 -1.1328828 27.3409157 0.0335798 -0.0386060 -0.0261809 0.9983469
68.999070 0.5081243 -1.1371387 27.3987675 0.0332778 -0.0575096 -0.0263025 0.9974434
69.206570 0.4978598 -1.1415200 27.4609509 0.0326348 -0.0758666 -0.0239135 0.9962968
69.413950 0.4852255 -1.1464049 27.5264740 0.0321825 -0.0948348 -0.0200655 0.9947703
69.621440 0.4687134 -1.1513962 27.5955849 0.0326166 -0.1117049 -0.0208943 0.9929862
69.829070 0.4488443 -1.1563467 27.6690674 0.0318587 -0.1253596 -0.0223945 0.9913468
70.036720 0.4266265 -1.1614184 27.7462502 0.0294540 -0.1351553 -0.0237913 0.9901007
70.244320 0.4026730 -1.1663989 27.8271103 0.0282956 -0.1414705 -0.0249874 0.9892225
70.451940 0.3769552 -1.1718516 27.9120121 0.0277683 -0.1453344 -0.0262719 0.9886438
70.659570 0.3494846 -1.1773542 28.0007782 0.0282005 -0.1484453 -0.0259566 0.9881776
70.867190 0.3204103 -1.1826330 28.0920105 0.0295026 -0.1513189 -0.0247432 0.9877348
71.074690 0.2897314 -1.1886606 28.1865368 0.0309164 -0.1541294 -0.0237829 0.9872804
71.282190 0.2587339 -1.1953651 28.2832870 0.0311693 -0.1564901 -0.0211425 0.9869612
71.489570 0.2256061 -1.2020575 28.3822937 0.0327103 -0.1583996 -0.0207817 0.9866143
71.697200 0.1917628 -1.2094977 28.4832802 0.0355850 -0.1591898 -0.0198333 0.9864071
71.904720 0.1565138 -1.2171797 28.5880680 0.0336476 -0.1594776 -0.0212297 0.9863995
72.112200 0.1207415 -1.2249986 28.6951694 0.0327559 -0.1602432 -0.0201065 0.9863290
72.423450 0.0651515 -1.2373060 28.8607407 0.0328148 -0.1615526 -0.0172033 0.9861683
72.630950 0.0266513 -1.2456549 28.9737053 0.0324616 -0.1624656 -0.0160372 0.9860497
72.838470 -0.0126289 -1.2535839 29.0874615 0.0335184 -0.1635883 -0.0163331 0.9858238
73.045950 -0.0534642 -1.2625809 29.2033215 0.0325309 -0.1635754 -0.0165327 0.9858557
73.253450 -0.0946638 -1.2714571 29.3221645 0.0336455 -0.1618780 -0.0203697 0.9860266
73.461070 -0.1366406 -1.2807974 29.4430275 0.0368327 -0.1557324 -0.0237493 0.9868266
73.668820 -0.1766331 -1.2908446 29.5656796 0.0398474 -0.1437969 -0.0287262 0.9883873
73.772700 -0.1951486 -1.2956381 29.6285686 0.0404654 -0.1360660 -0.0299796 0.9894189
73.876700 -0.2127581 -1.3013290 29.6914215 0.0396207 -0.1276539 -0.0307221 0.9905508
73.980600 -0.2292461 -1.3067899 29.7551098 0.0380349 -0.1189581 -0.0322084 0.9916476
74.084450 -0.2445762 -1.3121563 29.8186989 0.0381254 -0.1098597 -0.0326905 0.9926775
74.292330 -0.2712747 -1.3236310 29.9475555 0.0419184 -0.0908974 -0.0334179 0.9944163
74.396200 -0.2824189 -1.3297472 30.0115929 0.0427489 -0.0806841 -0.0335498 0.9952573
74.500110 -0.2924375 -1.3358769 30.0767231 0.0418643 -0.0696154 -0.0337361 0.9961240
74.603820 -0.3011147 -1.3421676 30.1421719 0.0413866 -0.0577158 -0.0328268 0.9969345
74.707830 -0.3081125 -1.3486007 30.2072201 0.0433702 -0.0451312 -0.0331320 0.9974891
74.811700 -0.3131269 -1.3551939 30.2726078 0.0469681 -0.0321157 -0.0340662 0.9977986
74.915450 -0.3165129 -1.3620512 30.3388920 0.0497320 -0.0184892 -0.0341867 0.9980061
75.019330 -0.3182264 -1.3700389 30.4043179 0.0521656 -0.0037846 -0.0372035 0.9979380
75.123330 -0.3179068 -1.3780471 30.4700127 0.0543188 0.0117819 -0.0351322 0.9978359
75.330950 -0.3106531 -1.3957813 30.5998535 0.0574735 0.0413116 -0.0358238 0.9968485
75.434820 -0.3036557 -1.4046315 30.6656265 0.0608009 0.0549899 -0.0341852 0.9960476
75.642200 -0.2846692 -1.4230403 30.7963409 0.0641023 0.0797197 -0.0301663 0.9942966
75.745950 -0.2731839 -1.4331883 30.8610630 0.0644673 0.0910074 -0.0292251 0.9933315
75.953320 -0.2459974 -1.4530561 30.9908104 0.0674661 0.1128429 -0.0297135 0.9908743
76.160580 -0.2123375 -1.4740518 31.1225929 0.0667832 0.1320207 -0.0262852 0.9886454
76.367700 -0.1744388 -1.4945823 31.2527409 0.0685212 0.1427145 -0.0205725 0.9871749
76.574950 -0.1352571 -1.5162588 31.3837719 0.0705410 0.1479301 -0.0194132 0.9862879
76.782200 -0.0952637 -1.5380387 31.5152054 0.0713868 0.1515276 -0.0203302 0.9856622
76.989560 -0.0534130 -1.5603194 31.6470871 0.0747323 0.1547259 -0.0188307 0.9849469
77.196950 -0.0092288 -1.5839051 31.7824841 0.0725992 0.1575577 -0.0184380 0.9846649
77.404200 0.0355034 -1.6064078 31.9196129 0.0714379 0.1592747 -0.0200509 0.9844421
77.611580 0.0806998 -1.6302108 32.0586700 0.0751470 0.1592428 -0.0199814 0.9841725
77.818950 0.1267511 -1.6548983 32.2008820 0.0751852 0.1591583 -0.0197231 0.9841884
78.026330 0.1730198 -1.6797582 32.3449287 0.0756377 0.1598266 -0.0221877 0.9839929
78.233830 0.2210135 -1.7054375 32.4911690 0.0744981 0.1623472 -0.0222743 0.9836652
78.441200 0.2710818 -1.7310114 32.6388283 0.0755011 0.1645113 -0.0216799 0.9832424
78.648580 0.3227040 -1.7570808 32.7899170 0.0751114 0.1676060 -0.0214640 0.9827542
78.855950 0.3760349 -1.7849263 32.9423409 0.0736473 0.1712819 -0.0217803 0.9822241
79.063330 0.4310122 -1.8112903 33.0972557 0.0739492 0.1747501 -0.0231413 0.9815592
79.270830 0.4876628 -1.8383412 33.2522545 0.0742763 0.1773244 -0.0224945 0.9810877
79.478210 0.5461872 -1.8654234 33.4076347 0.0753488 0.1798671 -0.0222222 0.9805491
79.685700 0.6066171 -1.8949590 33.5636787 0.0745539 0.1828769 -0.0227033 0.9800420
79.996970 0.7001483 -1.9371939 33.8030243 0.0752283 0.1884879 -0.0216555 0.9789505
80.307980 0.7959303 -1.9797312 34.0468483 0.0762937 0.1923703 -0.0215014 0.9781159
80.515330 0.8620884 -2.0092633 34.2098999 0.0763187 0.1938260 -0.0212796 0.9778313
80.722740 0.9310499 -2.0404272 34.3756447 0.0769552 0.1946248 -0.0196991 0.9776559
80.826440 0.9651712 -2.0558784 34.4591293 0.0761741 0.1951604 -0.0188975 0.9776261
81.033840 1.0337120 -2.0863423 34.6270561 0.0761747 0.1964163 -0.0197154 0.9773583
81.137500 1.0689971 -2.1019859 34.7124634 0.0750690 0.1970552 -0.0202746 0.9773039
81.241210 1.1043899 -2.1176322 34.7984886 0.0741308 0.1978909 -0.0195522 0.9772213
81.448590 1.1765108 -2.1481140 34.9697685 0.0753997 0.1980210 -0.0188411 0.9771119
81.552330 1.2122650 -2.1641843 35.0554581 0.0755724 0.1981456 -0.0186705 0.9770765
81.759710 1.2832557 -2.1956558 35.2281456 0.0752074 0.1986395 -0.0188552 0.9770009
81.863460 1.3193138 -2.2117636 35.3139725 0.0754838 0.1984323 -0.0191367 0.9770162
82.070830 1.3920624 -2.2439170 35.4858208 0.0773292 0.1973474 -0.0176830 0.9771190
82.174460 1.4275962 -2.2596025 35.5717163 0.0773269 0.1966146 -0.0170980 0.9772773
82.278210 1.4627417 -2.2759852 35.6574631 0.0763942 0.1955620 -0.0153451 0.9775909
82.485710 1.5341697 -2.3077137 35.8298378 0.0759251 0.1940645 -0.0152486 0.9779273
82.589430 1.5692260 -2.3235202 35.9166756 0.0757145 0.1936841 -0.0148582 0.9780251
82.796920 1.6382555 -2.3549988 36.0872154 0.0759743 0.1928626 -0.0148369 0.9781676
83.004230 1.7059797 -2.3865199 36.2580070 0.0757665 0.1925040 -0.0162666 0.9782316
83.211580 1.7747291 -2.4181111 36.4292755 0.0747761 0.1921093 -0.0158487 0.9783922
83.315210 1.8095624 -2.4337134 36.5151825 0.0739772 0.1917499 -0.0148000 0.9785399
83.522590 1.8793797 -2.4642138 36.6855965 0.0756477 0.1903549 -0.0104550 0.9787406
83.626210 1.9138480 -2.4804211 36.7712135 0.0768258 0.1901363 -0.0109150 0.9786863
83.833580 1.9824588 -2.5119309 36.9438629 0.0758598 0.1894543 -0.0135371 0.9788612
84.040960 2.0511067 -2.5425835 37.1155434 0.0756737 0.1880533 -0.0149345 0.9791253
84.248350 2.1166115 -2.5740120 37.2882195 0.0749452 0.1880233 -0.0165621 0.9791610
84.455710 2.1843550 -2.6049199 37.4611206 0.0747214 0.1882935 -0.0164885 0.9791273
84.559380 2.2180007 -2.6204586 37.5463867 0.0751533 0.1881912 -0.0157393 0.9791263
84.662980 2.2515607 -2.6356931 37.6323090 0.0751502 0.1880936 -0.0146525 0.9791622
84.766730 2.2856183 -2.6513412 37.7172241 0.0744037 0.1873158 -0.0138133 0.9793805
84.870340 2.3187165 -2.6662948 37.8018723 0.0754204 0.1865905 -0.0137980 0.9794413
85.077720 2.3834438 -2.6975410 37.9699326 0.0761828 0.1854894 -0.0168750 0.9795433
85.181330 2.4148643 -2.7134950 38.0541954 0.0749923 0.1850534 -0.0184957 0.9796883
85.388710 2.4787080 -2.7441058 38.2202225 0.0727952 0.1844712 -0.0174556 0.9799829
85.492460 2.5104923 -2.7590296 38.3025551 0.0723095 0.1843675 -0.0160446 0.9800625
85.596110 2.5424368 -2.7735703 38.3846970 0.0725584 0.1842983 -0.0162273 0.9800541
85.699750 2.5732780 -2.7876735 38.4656944 0.0731760 0.1848304 -0.0164827 0.9799037
85.803450 2.6043375 -2.8026433 38.5465698 0.0726197 0.1853249 -0.0166479 0.9798489
85.907110 2.6353230 -2.8168623 38.6267166 0.0724635 0.1856977 -0.0171662 0.9797810
86.010840 2.6661227 -2.8311191 38.7048340 0.0723411 0.1858506 -0.0176947 0.9797516
86.114460 2.6961687 -2.8454118 38.7825050 0.0716811 0.1862563 -0.0174072 0.9797282
86.218210 2.7255411 -2.8592205 38.8589249 0.0701423 0.1868144 -0.0177233 0.9797277
86.425590 2.7827768 -2.8863780 39.0070572 0.0689767 0.1876571 -0.0176823 0.9796501
86.529210 2.8113012 -2.8992171 39.0788727 0.0717245 0.1877836 -0.0169816 0.9794409
86.632980 2.8387458 -2.9122772 39.1491966 0.0719448 0.1880562 -0.0172025 0.9793686
86.840340 2.8925138 -2.9370418 39.2847137 0.0698080 0.1868443 -0.0158542 0.9797779
87.047710 2.9420071 -2.9601104 39.4124718 0.0687391 0.1851229 -0.0169514 0.9801618
87.254960 2.9871011 -2.9811461 39.5312004 0.0656569 0.1828250 -0.0159718 0.9808207
87.566210 3.0487070 -3.0092402 39.6934433 0.0666679 0.1815371 -0.0163458 0.9809855
87.877340 3.1020420 -3.0342839 39.8331795 0.0663076 0.1826035 -0.0194980 0.9807543
88.293330 3.1675415 -3.0627594 39.9868202 0.0671485 0.2214894 -0.0251249 0.9725236
88.605840 3.2257955 -3.0807168 40.0820351 0.0707859 0.2783487 -0.0219604 0.9576164
88.918590 3.2933424 -3.0988488 40.1635399 0.0691286 0.3539659 -0.0183672 0.9325192
89.231340 3.3705533 -3.1153598 40.2260551 0.0723349 0.4403122 -0.0161861 0.8947797
89.647840 3.4861822 -3.1340482 40.2781372 0.0803349 0.5527403 -0.0069689 0.8294432
89.959740 3.5805478 -3.1483388 40.2971840 0.0804133 0.6307960 -0.0006709 0.7717705
90.167590 3.6461785 -3.1567576 40.2995148 0.0860870 0.6796568 0.0006120 0.7284609
90.375470 3.7142413 -3.1644700 40.2936249 0.0888192 0.7265001 -0.0011444 0.6814011
90.583090 3.7841971 -3.1725955 40.2779427 0.0864612 0.7699988 0.0024565 0.6321552
90.790840 3.8535056 -3.1795933 40.2523308 0.0884589 0.8108633 0.0020832 0.5785080
90.998490 3.9216375 -3.1864123 40.2160492 0.0899820 0.8481579 0.0001040 0.5220454
91.102090 3.9552069 -3.1896982 40.1943359 0.0901748 0.8647678 0.0000941 0.4940093
91.309470 4.0224066 -3.1954463 40.1407814 0.0907357 0.8931444 0.0020567 0.4405177
91.516590 4.0888557 -3.2025213 40.0800896 0.0916741 0.9151178 0.0031131 0.3926138
91.620220 4.1200538 -3.2046969 40.0453835 0.0929996 0.9234095 0.0024976 0.3723703
91.723710 4.1513405 -3.2070208 40.0085297 0.0932135 0.9300825 0.0025342 0.3553187
91.827240 4.1820288 -3.2099009 39.9697723 0.0932340 0.9353703 0.0040910 0.3411351
91.930590 4.2128897 -3.2131529 39.9299507 0.0911867 0.9398417 0.0068090 0.3291446
92.034130 4.2439504 -3.2151389 39.8892975 0.0874584 0.9437712 0.0078431 0.3187246
92.241220 4.3051338 -3.2198482 39.8036461 0.0822288 0.9503471 0.0096867 0.2999752
92.448600 4.3654275 -3.2238269 39.7135277 0.0737125 0.9569109 0.0116600 0.2806279
92.655970 4.4229956 -3.2261331 39.6190453 0.0654663 0.9633147 0.0148870 0.2598409
92.863470 4.4774461 -3.2273858 39.5202713 0.0539084 0.9698802 0.0196448 0.2367285
93.070970 4.5261350 -3.2267289 39.4177933 0.0482055 0.9759071 0.0216983 0.2116856
93.278470 4.5693779 -3.2245815 39.3109818 0.0463916 0.9812155 0.0261617 0.1854169
93.382090 4.5890737 -3.2232778 39.2560883 0.0467480 0.9833722 0.0292728 0.1730231
93.589470 4.6252489 -3.2191355 39.1425781 0.0479330 0.9863082 0.0341756 0.1540476
93.693120 4.6431680 -3.2167799 39.0850372 0.0466447 0.9871715 0.0360975 0.1483699
93.900350 4.6788511 -3.2105844 38.9672241 0.0428422 0.9878428 0.0412305 0.1436356
94.003970 4.6979089 -3.2070127 38.9079361 0.0381779 0.9880493 0.0421985 0.1432490
94.211350 4.7353268 -3.1996298 38.7877045 0.0333698 0.9881063 0.0374070 0.1453721
94.418590 4.7740250 -3.1948004 38.6663818 0.0345562 0.9875304 0.0310089 0.1504262
94.625970 4.8151135 -3.1896901 38.5410423 0.0347864 0.9866072 0.0310447 0.1563087
94.833490 4.8592801 -3.1857262 38.4151726 0.0319199 0.9863570 0.0273836 0.1591579
95.040970 4.9041152 -3.1810048 38.2865562 0.0309838 0.9864631 0.0243574 0.1591768
95.144720 4.9260969 -3.1787963 38.2204933 0.0306889 0.9863204 0.0243782 0.1601122
95.352090 4.9708347 -3.1749413 38.0878029 0.0328410 0.9858978 0.0274767 0.1617774
95.455870 4.9945493 -3.1722648 38.0217285 0.0318480 0.9857099 0.0287458 0.1628968
95.663110 5.0406947 -3.1683836 37.8893623 0.0339524 0.9850289 0.0293742 0.1664404
95.870470 5.0877585 -3.1641541 37.7576752 0.0364117 0.9841740 0.0309386 0.1706416
96.077860 5.1358542 -3.1603069 37.6275368 0.0366363 0.9834273 0.0290616 0.1751679
96.181600 5.1602955 -3.1582527 37.5627556 0.0373538 0.9831403 0.0288222 0.1766610
96.389100 5.2097855 -3.1543665 37.4330940 0.0369553 0.9827819 0.0308817 0.1783825
96.596600 5.2582855 -3.1507297 37.3052139 0.0374958 0.9825556 0.0284682 0.1799116
96.803990 5.3074775 -3.1471181 37.1786118 0.0360822 0.9825459 0.0313473 0.1797750
97.011470 5.3549361 -3.1436388 37.0552483 0.0358420 0.9824753 0.0304194 0.1803672
97.218890 5.4014797 -3.1400368 36.9334335 0.0369642 0.9821932 0.0302120 0.1817071
97.529990 5.4712520 -3.1353266 36.7568588 0.0373634 0.9814692 0.0301045 0.1855151
97.737470 5.5171957 -3.1323454 36.6427536 0.0374824 0.9808610 0.0317528 0.1884105
97.945070 5.5623956 -3.1292813 36.5335960 0.0362688 0.9804885 0.0293436 0.1909599
98.152470 5.6059279 -3.1267772 36.4285698 0.0362338 0.9802443 0.0297059 0.1921610
98.359970 5.6475563 -3.1238251 36.3299866 0.0339125 0.9801463 0.0284711 0.1932678
98.567470 5.6869178 -3.1215613 36.2366142 0.0360929 0.9796281 0.0316963 0.1949907
98.774870 5.7234006 -3.1198716 36.1512756 0.0333704 0.9792417 0.0331736 0.1971588
98.982350 5.7572260 -3.1174481 36.0734367 0.0330537 0.9788721 0.0330731 0.1990554
99.189730 5.7869072 -3.1159351 36.0039330 0.0353819 0.9785319 0.0318276 0.2005253
99.397230 5.8137798 -3.1143045 35.9426689 0.0369491 0.9783516 0.0309279 0.2012620
99.604600 5.8381252 -3.1133623 35.8900490 0.0331956 0.9785221 0.0302800 0.2011856
99.811980 5.8574414 -3.1121805 35.8436775 0.0377842 0.9780599 0.0317472 0.2023938
100.019300 5.8748007 -3.1108854 35.8044662 0.0373199 0.9780815 0.0303910 0.2025836
100.226700 5.8893738 -3.1104944 35.7712898 0.0376994 0.9779264 0.0309542 0.2031763
100.434100 5.9014282 -3.1099277 35.7427979 0.0383399 0.9778093 0.0296411 0.2038145
100.641500 5.9130797 -3.1091321 35.7157745 0.0397546 0.9778684 0.0276888 0.2035347
101.160000 5.9429698 -3.1079943 35.6499405 0.0392215 0.9779505 0.0269676 0.2033403
101.367400 5.9542785 -3.1073930 35.6235924 0.0387824 0.9779075 0.0273459 0.2035804
101.574700 5.9651814 -3.1062324 35.5974045 0.0403379 0.9777784 0.0277584 0.2038421
101.885900 5.9819570 -3.1053448 35.5608864 0.0395857 0.9778699 0.0273669 0.2036036
102.300700 5.9996295 -3.1046736 35.5173492 0.0398117 0.9777218 0.0284659 0.2041194
102.611900 6.0124264 -3.1043248 35.4898529 0.0407591 0.9777690 0.0273036 0.2038654
102.819400 6.0204625 -3.1042900 35.4733543 0.0418548 0.9778216 0.0278298 0.2033186
103.856400 6.0607905 -3.1019428 35.3837967 0.0388123 0.9777878 0.0242434 0.2045407
104.063700 6.0719051 -3.1011713 35.3590813 0.0405559 0.9775302 0.0210262 0.2057859
104.271000 6.0869660 -3.1006212 35.3282814 0.0402442 0.9768735 0.0188041 0.2091528
104.478200 6.1049857 -3.0998368 35.2894974 0.0429141 0.9755869 0.0180736 0.2146204
104.685700 6.1271310 -3.0993104 35.2451859 0.0429162 0.9738746 0.0164052 0.2223899
104.893000 6.1527257 -3.0989192 35.1949005 0.0465863 0.9715258 0.0165852 0.2317156
105.100500 6.1832662 -3.0983288 35.1392288 0.0475884 0.9690284 0.0186879 0.2415990
105.307700 6.2183208 -3.0982833 35.0792351 0.0472994 0.9665104 0.0167936 0.2516711
105.515300 6.2568483 -3.0978510 35.0136147 0.0496863 0.9639149 0.0212629 0.2606668
105.722600 6.3004422 -3.0972726 34.9446793 0.0462946 0.9618660 0.0232694 0.2685688
105.930200 6.3472495 -3.0963027 34.8712845 0.0426175 0.9605336 0.0241932 0.2738134
106.137900 6.3981977 -3.0949349 34.7930412 0.0378705 0.9601998 0.0246374 0.2756359
106.241700 6.4231486 -3.0938709 34.7529564 0.0386516 0.9597106 0.0247194 0.2772194
106.449200 6.4771218 -3.0919409 34.6684265 0.0404359 0.9592630 0.0247112 0.2785116
106.656800 6.5347071 -3.0905182 34.5818748 0.0369421 0.9589943 0.0169238 0.2804973
106.864200 6.5937395 -3.0901051 34.4898224 0.0414986 0.9584097 0.0158528 0.2819175
107.175500 6.6902757 -3.0900667 34.3444595 0.0371202 0.9579074 0.0182998 0.2840786
107.382900 6.7572842 -3.0895035 34.2437973 0.0377491 0.9570971 0.0197414 0.2866189
107.590200 6.8274345 -3.0881479 34.1397820 0.0384545 0.9557141 0.0204553 0.2910556
107.797600 6.9000983 -3.0875881 34.0346794 0.0415087 0.9539187 0.0232841 0.2962669
108.005000 6.9739895 -3.0871744 33.9293671 0.0427402 0.9525747 0.0222604 0.3004649
108.212500 7.0480933 -3.0877054 33.8254509 0.0423717 0.9520542 0.0192553 0.3023685
108.523700 7.1599145 -3.0890098 33.6708374 0.0386801 0.9529057 0.0164220 0.3003414
108.731200 7.2325115 -3.0894806 33.5669441 0.0398208 0.9533869 0.0178284 0.2985797
108.938900 7.3046055 -3.0898883 33.4625168 0.0399289 0.9541725 0.0171052 0.2960877
109.146400 7.3769178 -3.0909843 33.3563881 0.0406339 0.9548982 0.0165998 0.2936711
109.457600 7.4857883 -3.0923054 33.1947632 0.0408313 0.9560869 0.0161710 0.2897741
109.665000 7.5577154 -3.0931690 33.0868530 0.0418288 0.9568164 0.0146077 0.2872967
109.872400 7.6301942 -3.0940771 32.9770279 0.0415413 0.9570544 0.0146149 0.2865442
109.976100 7.6665411 -3.0949454 32.9219627 0.0406834 0.9570898 0.0155120 0.2865018
110.079700 7.7033119 -3.0954542 32.8669243 0.0407469 0.9570995 0.0150739 0.2864839
110.183500 7.7404504 -3.0962052 32.8114395 0.0400603 0.9570929 0.0142937 0.2866428
110.287200 7.7772613 -3.0966125 32.7563744 0.0398969 0.9569469 0.0134598 0.2871927
110.390900 7.8141656 -3.0974648 32.7007217 0.0405701 0.9566748 0.0140661 0.2879750
110.494600 7.8515177 -3.0984936 32.6446304 0.0410841 0.9564451 0.0142878 0.2886532
110.702000 7.9262958 -3.1003714 32.5337677 0.0413858 0.9559903 0.0111590 0.2902502
110.805600 7.9638586 -3.1010971 32.4788589 0.0413285 0.9557030 0.0106271 0.2912230
111.012900 8.0405312 -3.1032538 32.3675385 0.0395509 0.9549731 0.0136149 0.2937291
111.220200 8.1164494 -3.1053534 32.2579155 0.0403624 0.9543520 0.0144411 0.2955919
111.427600 8.1919470 -3.1075013 32.1492043 0.0413476 0.9537068 0.0135395 0.2975743
111.635000 8.2666025 -3.1099646 32.0416222 0.0427565 0.9529964 0.0121561 0.2997032
111.738700 8.3041382 -3.1114028 31.9885101 0.0427688 0.9527067 0.0109328 0.3006681
111.946100 8.3796921 -3.1139996 31.8828163 0.0403343 0.9521178 0.0131492 0.3027737
112.049700 8.4171944 -3.1155453 31.8304329 0.0398175 0.9519622 0.0152745 0.3032314
112.257100 8.4921036 -3.1174319 31.7267990 0.0375688 0.9523033 0.0119665 0.3025951
112.360900 8.5288353 -3.1185577 31.6756039 0.0379001 0.9525692 0.0109273 0.3017550
112.568200 8.6005383 -3.1212049 31.5723839 0.0430185 0.9531440 0.0123844 0.2991866
112.672000 8.6356678 -3.1224549 31.5209827 0.0449226 0.9533241 0.0124586 0.2983286
112.879400 8.7052879 -3.1250250 31.4207554 0.0460889 0.9539280 0.0127275 0.2962014
113.086700 8.7721024 -3.1282876 31.3239670 0.0452187 0.9547496 0.0097662 0.2937908
113.190500 8.8044329 -3.1298389 31.2776489 0.0447546 0.9551972 0.0045836 0.2925310
113.397800 8.8659563 -3.1338110 31.1876736 0.0433598 0.9558008 -0.0001361 0.2908000
113.501500 8.8952246 -3.1362665 31.1438046 0.0444196 0.9559709 0.0022593 0.2900715
113.605200 8.9234047 -3.1386294 31.1014748 0.0455254 0.9560415 0.0043067 0.2896441
113.709000 8.9501591 -3.1405022 31.0606136 0.0471065 0.9560661 0.0044538 0.2893075
113.812600 8.9763708 -3.1430075 31.0216980 0.0478661 0.9561556 0.0040271 0.2888929
113.916400 9.0006495 -3.1449754 30.9842834 0.0516057 0.9560096 0.0019220 0.2887539
114.020100 9.0243063 -3.1468537 30.9483833 0.0522073 0.9559248 0.0005157 0.2889322
114.123900 9.0474501 -3.1491878 30.9143238 0.0516802 0.9560102 0.0010811 0.2887430
114.331400 9.0904741 -3.1531720 30.8495541 0.0509918 0.9558759 0.0020655 0.2893040
114.538700 9.1310873 -3.1567607 30.7898159 0.0498928 0.9560691 -0.0021673 0.2888563
114.850000 9.1883984 -3.1614535 30.7055588 0.0475505 0.9562039 -0.0023404 0.2888035
115.057400 9.2246065 -3.1655102 30.6523705 0.0454023 0.9564831 -0.0013761 0.2882305
115.264900 9.2587080 -3.1682546 30.6014118 0.0450837 0.9567285 -0.0015322 0.2874642
115.472400 9.2907162 -3.1707196 30.5523376 0.0484058 0.9568112 -0.0007232 0.2866507
115.679700 9.3207712 -3.1735461 30.5057583 0.0498049 0.9567425 -0.0005239 0.2866407
115.990900 9.3629866 -3.1770704 30.4412708 0.0524866 0.9564718 -0.0010675 0.2870640
116.198300 9.3894711 -3.1798768 30.4017944 0.0527361 0.9563351 -0.0037160 0.2874512
116.405600 9.4131546 -3.1828120 30.3647823 0.0571883 0.9556701 -0.0052879 0.2887842
116.613300 9.4366035 -3.1849239 30.3308125 0.0577086 0.9547355 -0.0060588 0.2917417
116.820500 9.4585180 -3.1869035 30.3004951 0.0556103 0.9541569 -0.0081281 0.2939833
117.028000 9.4776039 -3.1894467 30.2736244 0.0548709 0.9533728 -0.0083016 0.2966489
117.235400 9.4939251 -3.1914575 30.2501793 0.0558599 0.9526219 -0.0082517 0.2988698
117.546700 9.5156174 -3.1947494 30.2198734 0.0558560 0.9524989 -0.0107048 0.2991847
117.754000 9.5274706 -3.1959810 30.2024555 0.0568784 0.9526199 -0.0115791 0.2985736
117.961500 9.5381489 -3.1972003 30.1874504 0.0573480 0.9526186 -0.0127149 0.2984415
118.583600 9.5637197 -3.2005219 30.1519051 0.0560623 0.9522639 -0.0148973 0.2997141
119.309600 9.5831203 -3.2030931 30.1242847 0.0573262 0.9518191 -0.0158457 0.3008371
119.828100 9.5920525 -3.2042849 30.1116238 0.0578008 0.9516087 -0.0166379 0.3013688
120.450200 9.5975342 -3.2049911 30.1041489 0.0574919 0.9515429 -0.0175090 0.3015862
121.590900 9.6082392 -3.2064993 30.0884457 0.0575256 0.9513888 -0.0184387 0.3020101
122.005600 9.6169758 -3.2077930 30.0777683 0.0570489 0.9515726 -0.0183014 0.3015295
122.316800 9.6252270 -3.2089472 30.0657673 0.0575200 0.9514675 -0.0182484 0.3017749
122.835200 9.6428585 -3.2113354 30.0403690 0.0576566 0.9514192 -0.0182193 0.3019026
123.457400 9.6682215 -3.2150064 30.0035877 0.0586234 0.9513007 -0.0179490 0.3021062
123.768500 9.6813717 -3.2171006 29.9844360 0.0607926 0.9512689 -0.0162382 0.3018744
124.079600 9.6934738 -3.2189419 29.9679699 0.0603858 0.9513010 -0.0161733 0.3018581
124.390600 9.7037487 -3.2203000 29.9542847 0.0598825 0.9511991 -0.0154133 0.3023192
