5.088126 0.0000000 0.0000000 0.0000000 0.0000000 0.0000000 0.0000000 1.0000000
5.192023 0.0025896 -0.0013151 0.0659465 0.0009112 0.0163522 -0.0003012 0.9998658
5.295877 0.0068069 -0.0025213 0.1319136 0.0025493 0.0327416 -0.0007046 0.9994603
5.399752 0.0138657 -0.0043008 0.1971832 0.0045724 0.0488904 0.0011084 0.9987931
5.503628 0.0235722 -0.0060254 0.2626649 0.0073457 0.0645580 0.0045085 0.9978767
5.607400 0.0351460 -0.0082392 0.3276409 0.0099801 0.0799585 0.0078777 0.9967171
5.711251 0.0488384 -0.0109544 0.3922741 0.0122093 0.0944160 0.0111296 0.9953957
5.815003 0.0644214 -0.0135022 0.4560739 0.0145379 0.1085276 0.0154913 0.9938664
5.918752 0.0816244 -0.0169935 0.5195705 0.0191677 0.1217922 0.0185630 0.9921969
6.022375 0.0999702 -0.0207505 0.5823451 0.0266009 0.1349689 0.0201824 0.9902871
6.126131 0.1194391 -0.0254578 0.6443306 0.0351422 0.1481457 0.0196552 0.9881455
6.229773 0.1406093 -0.0302309 0.7056522 0.0427832 0.1614106 0.0185286 0.9857854
6.333503 0.1635064 -0.0362020 0.7662854 0.0478291 0.1744381 0.0197662 0.9833072
6.437129 0.1881014 -0.0429259 0.8262596 0.0494007 0.1870120 0.0206331 0.9808977
6.540880 0.2144114 -0.0497165 0.8860161 0.0486537 0.1990346 0.0225970 0.9785231
6.644505 0.2420979 -0.0563333 0.9451805 0.0457063 0.2100273 0.0249171 0.9763086
6.748254 0.2714315 -0.0626326 1.0032976 0.0438149 0.2195994 0.0293758 0.9741629
6.851878 0.3000861 -0.0685746 1.0601131 0.0435917 0.2272369 0.0306262 0.9723812
6.955504 0.3294450 -0.0745549 1.1162674 0.0451515 0.2335070 0.0325007 0.9707623
7.059005 0.3590903 -0.0800269 1.1715506 0.0462460 0.2390204 0.0322193 0.9693773
7.266377 0.4194993 -0.0920306 1.2812494 0.0459533 0.2511574 0.0291722 0.9664146
7.370130 0.4507400 -0.0975542 1.3350366 0.0463460 0.2561024 0.0302758 0.9650632
7.577401 0.5157040 -0.1086153 1.4450392 0.0487954 0.2623657 0.0314632 0.9632203
7.784655 0.5822402 -0.1202727 1.5579795 0.0499233 0.2602285 0.0318755 0.9637285
7.991881 0.6493229 -0.1326883 1.6771765 0.0493446 0.2528529 0.0301029 0.9657766
8.199389 0.7173190 -0.1457262 1.8022718 0.0491142 0.2452632 0.0279395 0.9678084
8.407006 0.7860959 -0.1597130 1.9325812 0.0474752 0.2418620 0.0242752 0.9688445
8.614628 0.8567145 -0.1734292 2.0673687 0.0461551 0.2427003 0.0223384 0.9687452
8.822133 0.9295260 -0.1874188 2.2039449 0.0454342 0.2430882 0.0224984 0.9686784
9.029629 1.0046371 -0.2015630 2.3438196 0.0448587 0.2431509 0.0224877 0.9686896
9.237279 1.0805570 -0.2166138 2.4855654 0.0438326 0.2431726 0.0219066 0.9687445
9.444755 1.1557174 -0.2307831 2.6260905 0.0427863 0.2420596 0.0216150 0.9690765
9.652155 1.2311715 -0.2453470 2.7679880 0.0407754 0.2393507 0.0224557 0.9698166
9.859630 1.3034034 -0.2585042 2.9089186 0.0408550 0.2370457 0.0225787 0.9703764
10.067270 1.3762269 -0.2733900 3.0491695 0.0419098 0.2368741 0.0221334 0.9703836
10.275010 1.4492543 -0.2876417 3.1882372 0.0434840 0.2411351 0.0201675 0.9693071
10.482760 1.5243114 -0.3017806 3.3266222 0.0410970 0.2471757 0.0219890 0.9678490
10.690390 1.6005361 -0.3155611 3.4628520 0.0415850 0.2528382 0.0215446 0.9663743
10.898010 1.6764641 -0.3290494 3.5957425 0.0430873 0.2584684 0.0205938 0.9648386
11.105390 1.7534674 -0.3428433 3.7274010 0.0426999 0.2625289 0.0204123 0.9637628
11.209130 1.7925861 -0.3486237 3.7927508 0.0388326 0.2637447 0.0218292 0.9635633
11.416630 1.8709643 -0.3608288 3.9238460 0.0328258 0.2656989 0.0238586 0.9632016
11.624010 1.9466941 -0.3710587 4.0513158 0.0390275 0.2672974 0.0229651 0.9625495
11.831510 2.0258126 -0.3826998 4.1784635 0.0404048 0.2671252 0.0271137 0.9624326
12.038930 2.1022737 -0.3938562 4.3059511 0.0362468 0.2664764 0.0268615 0.9627850
12.246380 2.1770630 -0.4042193 4.4330707 0.0312295 0.2656128 0.0220324 0.9633219
12.453880 2.2511084 -0.4138336 4.5603814 0.0295171 0.2636925 0.0206796 0.9639333
12.661390 2.3251081 -0.4235494 4.6860070 0.0322405 0.2587557 0.0233101 0.9651231
12.765050 2.3613005 -0.4284165 4.7493300 0.0328212 0.2544201 0.0258846 0.9661900
12.868760 2.3967757 -0.4337262 4.8122501 0.0334974 0.2498740 0.0293576 0.9672533
12.972400 2.4307387 -0.4385670 4.8756127 0.0333744 0.2442379 0.0278442 0.9687408
13.076170 2.4637253 -0.4432716 4.9401889 0.0326563 0.2382947 0.0268977 0.9702709
13.179930 2.4959733 -0.4481182 5.0047193 0.0309078 0.2319345 0.0272184 0.9718592
13.283680 2.5273130 -0.4529555 5.0694070 0.0307121 0.2257959 0.0268874 0.9733191
13.387430 2.5574946 -0.4576702 5.1343465 0.0303099 0.2194519 0.0272423 0.9747718
13.491130 2.5874259 -0.4621615 5.1992331 0.0310547 0.2127220 0.0276569 0.9762275
13.594890 2.6165302 -0.4677018 5.2646742 0.0331704 0.2061666 0.0267553 0.9775885
13.698760 2.6438022 -0.4727264 5.3292913 0.0382064 0.2000750 0.0274553 0.9786503
13.802490 2.6709661 -0.4782662 5.3946352 0.0407708 0.1932012 0.0266536 0.9799493
13.906260 2.6970713 -0.4841447 5.4609118 0.0392091 0.1868997 0.0256453 0.9812611
14.010030 2.7219787 -0.4908795 5.5267591 0.0373723 0.1803923 0.0265312 0.9825264
14.113800 2.7457600 -0.4969687 5.5927796 0.0382204 0.1753892 0.0247706 0.9834451
14.217640 2.7690454 -0.5033381 5.6592588 0.0411748 0.1718873 0.0217058 0.9840164
14.321530 2.7914362 -0.5093489 5.7249317 0.0445615 0.1693249 0.0178179 0.9843911
14.425390 2.8146939 -0.5161142 5.7918930 0.0459965 0.1674122 0.0159674 0.9846840
14.529260 2.8366377 -0.5232925 5.8576412 0.0458892 0.1655837 0.0151634 0.9850108
14.633120 2.8582857 -0.5302135 5.9238052 0.0459925 0.1631759 0.0141894 0.9854223
14.840760 2.9010577 -0.5436099 6.0563827 0.0422481 0.1574452 0.0135351 0.9865308
14.944510 2.9221425 -0.5506544 6.1233149 0.0409303 0.1544576 0.0127095 0.9870694
15.152010 2.9613230 -0.5641781 6.2570639 0.0414828 0.1482148 0.0046988 0.9880736
15.255760 2.9813221 -0.5709251 6.3235335 0.0435585 0.1445369 0.0052698 0.9885262
15.463280 3.0197368 -0.5847247 6.4573770 0.0442438 0.1373443 0.0057650 0.9895180
15.670890 3.0558066 -0.5986817 6.5926633 0.0406303 0.1300829 0.0059099 0.9906527
15.774640 3.0728366 -0.6055691 6.6597271 0.0424555 0.1267694 0.0049432 0.9910109
15.878390 3.0900016 -0.6126028 6.7274828 0.0438679 0.1233152 0.0049043 0.9913853
15.982160 3.1055005 -0.6195289 6.7940564 0.0442987 0.1199932 0.0040366 0.9917777
16.086050 3.1215050 -0.6267666 6.8620005 0.0439827 0.1163620 0.0041828 0.9922237
16.189760 3.1373932 -0.6340867 6.9301538 0.0435922 0.1122352 0.0060044 0.9927069
16.293510 3.1525481 -0.6411884 6.9981518 0.0440896 0.1082822 0.0073349 0.9931149
16.397260 3.1667800 -0.6486279 7.0664520 0.0441234 0.1049914 0.0078672 0.9934626
16.501030 3.1803761 -0.6559493 7.1345830 0.0438110 0.1014710 0.0044777 0.9938633
16.604760 3.1937385 -0.6627659 7.2030592 0.0433325 0.0984729 0.0025474 0.9941926
16.812390 3.2198293 -0.6771223 7.3389883 0.0432756 0.0937598 0.0048021 0.9946423
17.020010 3.2451625 -0.6913878 7.4748912 0.0428961 0.0882438 0.0082222 0.9951409
17.227520 3.2697644 -0.7053050 7.6106324 0.0412724 0.0828441 0.0129441 0.9956234
17.435140 3.2904925 -0.7184010 7.7468619 0.0433959 0.0791262 0.0109261 0.9958596
17.642890 3.3108919 -0.7325199 7.8829889 0.0425242 0.0779293 0.0092754 0.9960084
17.850540 3.3324144 -0.7460508 8.0201654 0.0375258 0.0767615 0.0093739 0.9962990
18.058140 3.3525636 -0.7589172 8.1522894 0.0387701 0.0755503 0.0098277 0.9963395
18.265770 3.3714688 -0.7708319 8.2848167 0.0404878 0.0758735 0.0073843 0.9962677
18.369580 3.3811104 -0.7776739 8.3500576 0.0400325 0.0753992 0.0064714 0.9963285
18.577160 3.4004960 -0.7904269 8.4813719 0.0415888 0.0749723 0.0078797 0.9962868
18.784860 3.4185009 -0.8042565 8.6130676 0.0434381 0.0749783 0.0004893 0.9962385
18.888520 3.4282858 -0.8108115 8.6782951 0.0451703 0.0748241 0.0013537 0.9961722
19.096040 3.4467466 -0.8249411 8.8067131 0.0461950 0.0736707 0.0019019 0.9962103
19.199890 3.4561667 -0.8319603 8.8701916 0.0453341 0.0728189 0.0062093 0.9962950
19.407390 3.4757371 -0.8457388 8.9987545 0.0407813 0.0697337 0.0111175 0.9966697
19.511150 3.4841957 -0.8519850 9.0622663 0.0406720 0.0678197 0.0129366 0.9967843
19.718390 3.5002937 -0.8654509 9.1884041 0.0447201 0.0620354 0.0131907 0.9969843
19.822140 3.5074964 -0.8717353 9.2529430 0.0450850 0.0578338 0.0129232 0.9972239
20.029410 3.5201015 -0.8850817 9.3788729 0.0419124 0.0469847 0.0155189 0.9978952
20.132890 3.5250657 -0.8915682 9.4415588 0.0431243 0.0402108 0.0177089 0.9981031
20.236640 3.5295632 -0.8977866 9.5042400 0.0437794 0.0328486 0.0171311 0.9983541
20.444020 3.5345769 -0.9106692 9.6272526 0.0448652 0.0192330 0.0175321 0.9986540
20.547770 3.5352571 -0.9176537 9.6873579 0.0481317 0.0125980 0.0157736 0.9986370
20.755270 3.5338876 -0.9316498 9.8059340 0.0571235 -0.0004708 0.0102305 0.9983146
20.859140 3.5327234 -0.9392304 9.8670759 0.0574827 -0.0070383 0.0100411 0.9982712
21.066770 3.5275540 -0.9549364 9.9856291 0.0545429 -0.0184171 0.0061879 0.9983224
21.274520 3.5206580 -0.9703305 10.1017990 0.0619289 -0.0262337 0.0030725 0.9977310
21.482520 3.5133991 -0.9861858 10.2185984 0.0609754 -0.0278972 0.0007736 0.9977490
21.690420 3.5067530 -1.0019397 10.3337202 0.0573403 -0.0254698 0.0003791 0.9980296
22.002150 3.4990282 -1.0242316 10.5057230 0.0568548 -0.0200105 0.0017489 0.9981804
22.106150 3.4970896 -1.0313319 10.5632200 0.0569963 -0.0173462 0.0012131 0.9982229
22.313900 3.4937100 -1.0460995 10.6776915 0.0547411 -0.0113514 0.0019429 0.9984342
22.417770 3.4923372 -1.0531499 10.7338505 0.0547000 -0.0085590 0.0013610 0.9984652
22.625400 3.4909136 -1.0676204 10.8464584 0.0564772 -0.0039917 0.0003053 0.9983959
22.729170 3.4905345 -1.0749124 10.9022036 0.0576620 -0.0027256 0.0002235 0.9983324
22.832900 3.4906003 -1.0820131 10.9581270 0.0583099 -0.0020259 0.0016463 0.9982951
22.936520 3.4903820 -1.0890605 11.0133047 0.0575488 -0.0023079 0.0030996 0.9983352
23.040140 3.4901788 -1.0965427 11.0686197 0.0556203 -0.0044366 0.0044466 0.9984322
23.143770 3.4888868 -1.1039263 11.1232452 0.0554686 -0.0080445 0.0047026 0.9984170
23.247420 3.4874058 -1.1109236 11.1774731 0.0558964 -0.0138048 0.0061430 0.9983222
23.351020 3.4849749 -1.1177788 11.2310925 0.0560634 -0.0210191 0.0074599 0.9981781
23.454650 3.4814234 -1.1245692 11.2847986 0.0548887 -0.0286189 0.0067988 0.9980591
23.558270 3.4766262 -1.1313252 11.3381796 0.0525770 -0.0368087 0.0043168 0.9979289
23.662020 3.4711392 -1.1379559 11.3914957 0.0491782 -0.0450809 0.0036074 0.9977656
23.765650 3.4647262 -1.1436890 11.4440250 0.0457584 -0.0534123 0.0032027 0.9975184
23.973020 3.4490263 -1.1551733 11.5478468 0.0390947 -0.0706665 0.0013620 0.9967327
24.076780 3.4398954 -1.1605334 11.5987768 0.0379555 -0.0797169 0.0004120 0.9960946
24.180540 3.4301093 -1.1653674 11.6488152 0.0372094 -0.0887031 0.0009753 0.9953624
24.387900 3.4071736 -1.1740780 11.7473459 0.0364363 -0.1053118 -0.0030260 0.9937669
24.491650 3.3944850 -1.1788009 11.7955856 0.0344999 -0.1124028 -0.0043730 0.9930540
24.595400 3.3823910 -1.1828300 11.8442249 0.0328675 -0.1186995 -0.0031333 0.9923812
24.803110 3.3569851 -1.1914173 11.9382296 0.0340110 -0.1292045 -0.0043742 0.9910249
25.010540 3.3295438 -1.2003310 12.0285883 0.0423663 -0.1382948 -0.0056856 0.9894682
25.218040 3.3012352 -1.2088925 12.1218891 0.0447552 -0.1457052 -0.0024137 0.9883122
25.425520 3.2701285 -1.2182707 12.2156439 0.0350710 -0.1507855 -0.0074076 0.9879164
25.633210 3.2392867 -1.2271705 12.3093204 0.0307334 -0.1520492 -0.0065419 0.9878733
25.840800 3.2089570 -1.2341610 12.4025803 0.0319301 -0.1533391 -0.0034256 0.9876516
26.048150 3.1770134 -1.2404163 12.4983082 0.0292610 -0.1554342 -0.0054221 0.9873979
26.255540 3.1448832 -1.2474959 12.5941916 0.0252719 -0.1592337 -0.0049225 0.9869052
26.462800 3.1110251 -1.2542312 12.6905041 0.0225683 -0.1664265 -0.0038475 0.9857880
26.670290 3.0746949 -1.2613007 12.7860441 0.0225271 -0.1771257 -0.0039623 0.9839224
26.877670 3.0344136 -1.2671853 12.8816013 0.0260033 -0.1888801 -0.0050256 0.9816430
27.085020 2.9926500 -1.2736731 12.9786520 0.0245890 -0.2009923 -0.0045357 0.9792737
27.292530 2.9472680 -1.2802111 13.0748453 0.0230990 -0.2126425 -0.0066836 0.9768341
27.396270 2.9234309 -1.2830139 13.1230927 0.0221250 -0.2175685 -0.0091119 0.9757517
27.500020 2.8989770 -1.2856126 13.1713743 0.0224101 -0.2211868 -0.0110254 0.9749116
27.603900 2.8737621 -1.2888005 13.2207174 0.0206697 -0.2231630 -0.0114634 0.9744946
27.707780 2.8492506 -1.2914546 13.2707949 0.0190738 -0.2243920 -0.0104922 0.9742558
27.811650 2.8251705 -1.2942308 13.3209467 0.0198501 -0.2246902 -0.0080159 0.9741951
27.915520 2.7998559 -1.2974060 13.3722591 0.0201715 -0.2239648 -0.0074154 0.9743602
28.019400 2.7746534 -1.3002106 13.4236841 0.0212375 -0.2234739 -0.0056092 0.9744624
28.227150 2.7246642 -1.3062471 13.5286226 0.0177243 -0.2232213 -0.0030727 0.9746018
28.434770 2.6727822 -1.3117201 13.6361580 0.0151477 -0.2216294 -0.0026961 0.9750096
28.538650 2.6468112 -1.3143519 13.6908960 0.0149733 -0.2210601 -0.0033425 0.9751395
28.642420 2.6205685 -1.3166672 13.7449923 0.0148754 -0.2199641 -0.0041827 0.9753856
28.849900 2.5693412 -1.3224961 13.8526831 0.0171854 -0.2184531 -0.0034094 0.9756901
29.057520 2.5180089 -1.3282808 13.9611139 0.0214956 -0.2175557 -0.0034608 0.9758050
29.264900 2.4656513 -1.3351895 14.0696869 0.0180959 -0.2158540 -0.0058662 0.9762403
29.472530 2.4142463 -1.3420284 14.1782913 0.0178525 -0.2117270 -0.0094885 0.9771197
29.680170 2.3662369 -1.3477247 14.2877913 0.0172385 -0.2036900 -0.0086900 0.9788451
29.887780 2.3213608 -1.3543789 14.3967857 0.0196643 -0.1929900 -0.0071462 0.9809776
30.095530 2.2787089 -1.3598999 14.5068140 0.0157998 -0.1812797 -0.0058501 0.9832873
30.199280 2.2587533 -1.3627564 14.5629292 0.0117398 -0.1770787 -0.0040318 0.9841184
30.303050 2.2382982 -1.3652560 14.6189747 0.0089860 -0.1732104 -0.0043403 0.9848343
30.406780 2.2175846 -1.3672178 14.6748085 0.0081961 -0.1709480 -0.0073539 0.9852185
30.510400 2.1972754 -1.3691916 14.7310781 0.0072732 -0.1694491 -0.0068427 0.9854884
30.614030 2.1773884 -1.3708869 14.7875299 0.0069751 -0.1687442 -0.0063185 0.9856150
30.717780 2.1566224 -1.3726084 14.8436708 0.0080590 -0.1680398 -0.0064647 0.9857261
30.821410 2.1366646 -1.3742328 14.8994751 0.0089049 -0.1678467 -0.0081642 0.9857391
30.925160 2.1167505 -1.3763031 14.9553528 0.0084182 -0.1681601 -0.0085470 0.9856867
31.132530 2.0763068 -1.3801528 15.0689392 0.0067578 -0.1697925 -0.0087539 0.9854178
31.236300 2.0560794 -1.3814478 15.1260777 0.0066285 -0.1707536 -0.0070437 0.9852663
31.340050 2.0347686 -1.3831133 15.1836081 0.0059123 -0.1721520 -0.0070555 0.9850274
31.443650 2.0132697 -1.3845410 15.2412281 0.0051226 -0.1744216 -0.0081378 0.9846241
31.547410 1.9912829 -1.3861970 15.2986469 0.0026697 -0.1770927 -0.0096492 0.9841433
31.754790 1.9460063 -1.3884768 15.4138641 0.0006488 -0.1816201 -0.0111757 0.9833050
31.962280 1.8998731 -1.3902494 15.5268707 0.0054047 -0.1861151 -0.0158798 0.9823847
32.169650 1.8525816 -1.3928391 15.6412010 0.0062174 -0.1907540 -0.0187925 0.9814383
32.377150 1.8033144 -1.3958505 15.7554941 0.0086961 -0.1946570 -0.0197599 0.9806337
32.584530 1.7537878 -1.3989652 15.8705940 0.0079859 -0.1994189 -0.0201039 0.9796755
32.791900 1.7039123 -1.4027752 15.9844818 0.0082076 -0.2039557 -0.0165203 0.9788063
32.999410 1.6521142 -1.4061503 16.0979671 0.0084499 -0.2084303 -0.0195867 0.9778045
33.206780 1.5992744 -1.4098091 16.2109127 0.0094961 -0.2130913 -0.0199554 0.9767823
33.414280 1.5452775 -1.4130815 16.3235226 0.0160268 -0.2169377 -0.0216677 0.9758133
33.621780 1.4899148 -1.4167330 16.4367352 0.0094333 -0.2195681 -0.0259824 0.9752055
33.829280 1.4355056 -1.4188337 16.5500622 -0.0009297 -0.2212812 -0.0270925 0.9748332
34.036660 1.3805445 -1.4211622 16.6616535 -0.0001811 -0.2239475 -0.0269145 0.9742295
34.244030 1.3252478 -1.4216560 16.7715988 0.0053050 -0.2286215 -0.0254007 0.9731695
34.451530 1.2688558 -1.4236314 16.8818626 0.0075980 -0.2330149 -0.0241678 0.9721431
34.658910 1.2110776 -1.4258078 16.9924011 0.0042703 -0.2369267 -0.0237072 0.9712288
34.866280 1.1521935 -1.4271864 17.1032124 -0.0014819 -0.2396830 -0.0238809 0.9705563
35.177560 1.0620892 -1.4272270 17.2714424 -0.0079683 -0.2424034 -0.0240489 0.9698447
35.385050 1.0014542 -1.4277718 17.3801670 0.0040842 -0.2437874 -0.0265987 0.9694553
35.592410 0.9404762 -1.4282781 17.4907951 0.0070679 -0.2440748 -0.0258456 0.9693862
35.799780 0.8793406 -1.4300194 17.6015053 0.0036424 -0.2448613 -0.0265941 0.9691865
36.110910 0.7888214 -1.4323703 17.7684498 0.0009563 -0.2470864 -0.0242989 0.9686882
36.318290 0.7265804 -1.4336636 17.8789082 0.0001174 -0.2479280 -0.0262255 0.9684234
36.525780 0.6660177 -1.4349350 17.9878807 0.0026290 -0.2495631 -0.0247523 0.9680386
36.733280 0.6038579 -1.4356966 18.0979538 0.0000062 -0.2523289 -0.0242212 0.9673383
36.940790 0.5413358 -1.4365436 18.2063274 -0.0011538 -0.2566938 -0.0228238 0.9662226
37.148290 0.4768960 -1.4377948 18.3137951 0.0017347 -0.2610746 -0.0250725 0.9649914
37.459410 0.3791727 -1.4399875 18.4777451 0.0041724 -0.2733201 -0.0201053 0.9617040
37.666660 0.3104247 -1.4417992 18.5836086 0.0030023 -0.2860422 -0.0168807 0.9580636
37.874040 0.2379059 -1.4428886 18.6864815 -0.0003677 -0.3007694 -0.0180259 0.9535264
37.977790 0.1999402 -1.4434278 18.7370834 -0.0021844 -0.3077562 -0.0197036 0.9512587
38.185280 0.1216775 -1.4436712 18.8368073 0.0006573 -0.3184555 -0.0251867 0.9476029
38.289160 0.0824454 -1.4438579 18.8862000 0.0022861 -0.3217921 -0.0270218 0.9464219
38.497160 0.0029836 -1.4442644 18.9856129 0.0059706 -0.3207046 -0.0331219 0.9465811
38.705160 -0.0734435 -1.4459065 19.0860443 0.0117979 -0.3111907 -0.0363355 0.9495794
38.913290 -0.1455017 -1.4482478 19.1900253 0.0105941 -0.2995591 -0.0325182 0.9534646
39.121160 -0.2160358 -1.4509637 19.2943840 0.0098257 -0.2887877 -0.0329592 0.9567752
39.328910 -0.2834249 -1.4532402 19.4015312 0.0110774 -0.2793630 -0.0291803 0.9596781
39.536410 -0.3503242 -1.4558114 19.5071030 0.0118937 -0.2716680 -0.0316015 0.9617985
39.743820 -0.4171710 -1.4578197 19.6152401 0.0074277 -0.2655803 -0.0356692 0.9634001
39.951290 -0.4827779 -1.4592657 19.7248497 0.0072732 -0.2617376 -0.0370706 0.9643995
40.158660 -0.5476375 -1.4619846 19.8330402 0.0178797 -0.2596924 -0.0377763 0.9647865
40.366160 -0.6122791 -1.4655650 19.9435368 0.0213867 -0.2583132 -0.0376339 0.9650909
40.573540 -0.6775404 -1.4704131 20.0552502 0.0179574 -0.2577118 -0.0381120 0.9653029
40.781040 -0.7433678 -1.4739060 20.1679249 0.0153866 -0.2589325 -0.0371697 0.9650573
40.988410 -0.8104324 -1.4775877 20.2796593 0.0147963 -0.2630079 -0.0368365 0.9639767
41.195790 -0.8792898 -1.4805739 20.3915195 0.0150941 -0.2667833 -0.0391141 0.9628442
41.403160 -0.9488096 -1.4839976 20.5038662 0.0173318 -0.2716816 -0.0366743 0.9615319
41.610540 -1.0205684 -1.4877231 20.6158428 0.0200245 -0.2782706 -0.0345286 0.9596730
41.817920 -1.0959784 -1.4912903 20.7283840 0.0168910 -0.2860753 -0.0373936 0.9573283
42.025300 -1.1744934 -1.4940430 20.8402138 0.0114339 -0.2934026 -0.0431282 0.9549472
42.232670 -1.2539449 -1.4958349 20.9523964 0.0114767 -0.3018717 -0.0437322 0.9522759
42.543790 -1.3763860 -1.5002027 21.1173115 0.0207347 -0.3148220 -0.0376893 0.9481754
42.751180 -1.4609990 -1.5043757 21.2288284 0.0199211 -0.3231131 -0.0306147 0.9456552
42.958540 -1.5487887 -1.5080031 21.3394051 0.0124974 -0.3319683 -0.0287436 0.9427697
43.166060 -1.6398331 -1.5109135 21.4489155 0.0088282 -0.3399098 -0.0297313 0.9399465
43.373560 -1.7340758 -1.5131034 21.5566540 0.0086683 -0.3473716 -0.0343993 0.9370563
43.581040 -1.8291231 -1.5142522 21.6638603 0.0076273 -0.3524655 -0.0338272 0.9351822
43.788690 -1.9246265 -1.5153413 21.7708340 0.0111271 -0.3584468 -0.0309420 0.9329709
43.996060 -2.0247674 -1.5167893 21.8771191 0.0095175 -0.3630718 -0.0338870 0.9310961
44.203560 -2.1253045 -1.5180789 21.9832077 0.0076735 -0.3681850 -0.0351598 0.9290558
44.514790 -2.2772965 -1.5203607 22.1400585 0.0116924 -0.3762865 -0.0316952 0.9258872
44.722330 -2.3796716 -1.5227276 22.2437840 0.0090098 -0.3816001 -0.0273878 0.9238777
44.929790 -2.4828758 -1.5244203 22.3465462 0.0064092 -0.3877245 -0.0220656 0.9214889
45.033540 -2.5356407 -1.5252506 22.3971519 0.0056299 -0.3903017 -0.0235697 0.9203681
45.137340 -2.5886989 -1.5260091 22.4469414 0.0053193 -0.3921604 -0.0236284 0.9195780
45.241040 -2.6410382 -1.5267974 22.4962482 0.0063716 -0.3948891 -0.0234364 0.9184077
45.344810 -2.6942184 -1.5274534 22.5452900 0.0070525 -0.3972612 -0.0250208 0.9173374
45.448540 -2.7461975 -1.5280120 22.5941486 0.0057853 -0.3998944 -0.0218210 0.9162831
45.552290 -2.7998407 -1.5286512 22.6430168 0.0049258 -0.4028112 -0.0236704 0.9149637
45.656170 -2.8533127 -1.5291566 22.6908588 0.0059285 -0.4050298 -0.0222560 0.9140133
45.759920 -2.9063549 -1.5293584 22.7383709 0.0048117 -0.4075322 -0.0210231 0.9129361
45.863670 -2.9602046 -1.5299935 22.7854614 0.0044986 -0.4095174 -0.0236609 0.9119843
45.967420 -3.0145111 -1.5308410 22.8318939 0.0037527 -0.4110118 -0.0267834 0.9112287
46.071290 -3.0683048 -1.5304585 22.8786697 0.0036372 -0.4128196 -0.0271498 0.9104008
46.175050 -3.1222351 -1.5304027 22.9258308 0.0005820 -0.4140019 -0.0275746 0.9098580
46.278790 -3.1764939 -1.5304658 22.9720402 0.0010937 -0.4151554 -0.0284565 0.9093047
46.382670 -3.2299089 -1.5304185 23.0181293 0.0032528 -0.4163291 -0.0273766 0.9087960
46.486540 -3.2835345 -1.5306185 23.0641861 0.0065197 -0.4168602 -0.0247936 0.9086090
46.694170 -3.3912172 -1.5314933 23.1572933 0.0053524 -0.4161161 -0.0255086 0.9089379
46.798050 -3.4462466 -1.5319259 23.2045364 0.0030684 -0.4150191 -0.0267638 0.9094138
47.005800 -3.5551093 -1.5321294 23.2991543 0.0029962 -0.4110078 -0.0275261 0.9112113
47.109670 -3.6097553 -1.5323215 23.3474140 0.0060243 -0.4083455 -0.0284524 0.9123640
47.317420 -3.7173324 -1.5330141 23.4446049 0.0091711 -0.4016610 -0.0272671 0.9153364
47.525050 -3.8229337 -1.5350081 23.5439301 0.0089601 -0.3940930 -0.0273145 0.9186209
47.732670 -3.9299085 -1.5354565 23.6468086 0.0051166 -0.3861485 -0.0311275 0.9218971
47.940170 -4.0340137 -1.5359144 23.7505836 0.0049907 -0.3777639 -0.0341144 0.9252598
48.147690 -4.1362810 -1.5371075 23.8566780 0.0107804 -0.3709492 -0.0318729 0.9280434
48.355050 -4.2372236 -1.5387837 23.9655457 0.0089210 -0.3646094 -0.0309343 0.9306038
48.562550 -4.3378520 -1.5406461 24.0757542 0.0075719 -0.3589633 -0.0312757 0.9327968
48.769940 -4.4396529 -1.5419228 24.1878910 0.0072440 -0.3535112 -0.0342015 0.9347768
48.977300 -4.5405974 -1.5423689 24.3020782 0.0082223 -0.3490688 -0.0362528 0.9363595
49.184670 -4.6416841 -1.5434638 24.4176178 0.0095951 -0.3445884 -0.0381167 0.9379306
49.392050 -4.7409263 -1.5444291 24.5346146 0.0091480 -0.3409097 -0.0373358 0.9393098
49.703170 -4.8873963 -1.5469334 24.7106647 0.0082182 -0.3356267 -0.0396398 0.9411248
49.910550 -4.9851823 -1.5479316 24.8288708 0.0100896 -0.3318887 -0.0393765 0.9424424
50.117990 -5.0811653 -1.5500270 24.9485817 0.0068596 -0.3302237 -0.0382038 0.9431043
50.325300 -5.1767850 -1.5500087 25.0692482 -0.0003027 -0.3294155 -0.0373089 0.9434476
50.428990 -5.2248821 -1.5494698 25.1287079 0.0002701 -0.3287764 -0.0360050 0.9437212
50.636450 -5.3195791 -1.5499642 25.2477512 0.0063651 -0.3282313 -0.0320231 0.9440330
50.740210 -5.3669209 -1.5508468 25.3082237 0.0071353 -0.3279764 -0.0304852 0.9441670
50.843990 -5.4149065 -1.5518543 25.3689079 0.0056571 -0.3273145 -0.0295209 0.9444373
50.947600 -5.4633379 -1.5524147 25.4299049 0.0031453 -0.3267407 -0.0285825 0.9446765
51.051200 -5.5106645 -1.5527872 25.4910145 0.0006322 -0.3264310 -0.0270580 0.9448335
51.154950 -5.5583224 -1.5532031 25.5517616 -0.0013247 -0.3260457 -0.0265463 0.9449803
51.258560 -5.6048965 -1.5530049 25.6117420 -0.0019420 -0.3259841 -0.0257124 0.9450235
51.362310 -5.6517692 -1.5532818 25.6720238 -0.0009349 -0.3261259 -0.0248196 0.9450000
51.465930 -5.6993899 -1.5535213 25.7325249 -0.0000663 -0.3262692 -0.0233012 0.9449897
51.569680 -5.7471013 -1.5536318 25.7932358 -0.0002720 -0.3264016 -0.0234391 0.9449405
51.673320 -5.7948332 -1.5539067 25.8542881 -0.0021826 -0.3262686 -0.0232637 0.9449883
51.776930 -5.8425765 -1.5539409 25.9147892 -0.0027105 -0.3260393 -0.0232057 0.9450675
51.880670 -5.8899879 -1.5540344 25.9750881 -0.0020699 -0.3256971 -0.0222308 0.9452105
51.984300 -5.9372902 -1.5538667 26.0353813 -0.0013313 -0.3254428 -0.0214947 0.9453164
52.088050 -5.9849181 -1.5537124 26.0959225 -0.0018475 -0.3252179 -0.0208015 0.9454085
52.295430 -6.0797167 -1.5540892 26.2171364 -0.0042143 -0.3254181 -0.0197562 0.9453544
52.399170 -6.1263933 -1.5542101 26.2772789 -0.0055197 -0.3256726 -0.0180354 0.9452945
52.502930 -6.1734576 -1.5540071 26.3376503 -0.0070624 -0.3258728 -0.0155417 0.9452595
52.710430 -6.2662034 -1.5530925 26.4575958 -0.0103623 -0.3266724 -0.0093079 0.9450350
52.814180 -6.3126779 -1.5527234 26.5169544 -0.0120332 -0.3273094 -0.0084633 0.9448027
52.917930 -6.3584003 -1.5520295 26.5758915 -0.0128907 -0.3280982 -0.0073362 0.9445271
53.125430 -6.4503827 -1.5508022 26.6920261 -0.0146485 -0.3294961 -0.0064496 0.9440213
53.332930 -6.5405426 -1.5490284 26.8048744 -0.0153991 -0.3310202 -0.0056036 0.9434814
53.540300 -6.6290998 -1.5472732 26.9148769 -0.0186666 -0.3322538 -0.0074549 0.9429758
53.747800 -6.7163796 -1.5443420 27.0207386 -0.0227653 -0.3317698 -0.0152626 0.9429622
53.955300 -6.8000364 -1.5403675 27.1226940 -0.0227729 -0.3312025 -0.0221203 0.9430255
54.162800 -6.8803763 -1.5365071 27.2206573 -0.0209614 -0.3300418 -0.0267297 0.9433550
54.370180 -6.9564548 -1.5324029 27.3160343 -0.0190955 -0.3296688 -0.0265485 0.9435301
54.473930 -6.9937816 -1.5303664 27.3626480 -0.0190245 -0.3293132 -0.0264072 0.9436597
54.681310 -7.0664563 -1.5269800 27.4538059 -0.0184349 -0.3281422 -0.0267561 0.9440694
54.785060 -7.1015005 -1.5253426 27.4984913 -0.0185909 -0.3263796 -0.0274072 0.9446585
54.992680 -7.1698723 -1.5221815 27.5858955 -0.0191780 -0.3200452 -0.0301996 0.9467266
55.200180 -7.2344308 -1.5194613 27.6713638 -0.0151012 -0.3134093 -0.0314898 0.9489757
55.304050 -7.2663946 -1.5179994 27.7142200 -0.0117893 -0.3094462 -0.0324617 0.9502896
55.511680 -7.3284221 -1.5151721 27.8025017 -0.0107159 -0.2988603 -0.0334661 0.9536497
55.719180 -7.3898320 -1.5123420 27.8937378 -0.0161686 -0.2873529 -0.0366313 0.9569875
55.926680 -7.4491386 -1.5084845 27.9875126 -0.0189080 -0.2762701 -0.0362378 0.9602105
56.134050 -7.5051785 -1.5052015 28.0824986 -0.0169683 -0.2673449 -0.0316880 0.9629303
56.341580 -7.5611119 -1.5018258 28.1806526 -0.0154245 -0.2610136 -0.0247956 0.9648933
56.549070 -7.6175709 -1.4976387 28.2818966 -0.0258163 -0.2557300 -0.0227649 0.9661353
56.652940 -7.6469154 -1.4945800 28.3335876 -0.0332022 -0.2533153 -0.0258532 0.9664681
56.860440 -7.7044706 -1.4876133 28.4375191 -0.0413848 -0.2475315 -0.0286112 0.9675727
57.068060 -7.7600293 -1.4790335 28.5418987 -0.0399414 -0.2418912 -0.0289231 0.9690495
57.275560 -7.8152828 -1.4698775 28.6494408 -0.0454823 -0.2356041 -0.0261003 0.9704334
57.483060 -7.8683934 -1.4603626 28.7573242 -0.0490146 -0.2296338 -0.0228921 0.9717726
57.586810 -7.8943410 -1.4554458 28.8113022 -0.0484918 -0.2267368 -0.0215597 0.9725092
57.794300 -7.9447298 -1.4459552 28.9171276 -0.0481259 -0.2203712 -0.0216391 0.9739878
57.898200 -7.9697542 -1.4414173 28.9699116 -0.0483187 -0.2161024 -0.0228101 0.9749076
58.105810 -8.0154305 -1.4322742 29.0739231 -0.0483314 -0.2061873 -0.0209441 0.9770938
58.209680 -8.0370369 -1.4277396 29.1255589 -0.0486626 -0.2009039 -0.0200731 0.9781956
58.417310 -8.0777416 -1.4193635 29.2267666 -0.0486284 -0.1905264 -0.0186411 0.9802997
58.624930 -8.1156359 -1.4120036 29.3257523 -0.0410997 -0.1791410 -0.0200077 0.9827609
58.728680 -8.1338921 -1.4080690 29.3752422 -0.0366038 -0.1720864 -0.0229048 0.9841350
58.936580 -8.1661415 -1.4021553 29.4760208 -0.0318774 -0.1542075 -0.0213598 0.9872931
59.040430 -8.1804419 -1.3996990 29.5268993 -0.0296796 -0.1439009 -0.0196012 0.9889527
59.144310 -8.1934214 -1.3977263 29.5783443 -0.0267397 -0.1333955 -0.0170290 0.9905557
59.352060 -8.2167044 -1.3941144 29.6834049 -0.0210590 -0.1129027 -0.0095108 0.9933373
59.559560 -8.2364283 -1.3904563 29.7918224 -0.0227711 -0.0944566 -0.0069142 0.9952445
59.766940 -8.2543583 -1.3867871 29.9032784 -0.0316875 -0.0802631 -0.0065093 0.9962487
59.974310 -8.2714396 -1.3817227 30.0160332 -0.0354098 -0.0711271 -0.0079721 0.9968067
60.181800 -8.2870998 -1.3754325 30.1309719 -0.0388965 -0.0632209 -0.0100375 0.9971908
60.285560 -8.2945499 -1.3724890 30.1882133 -0.0398591 -0.0597277 -0.0132445 0.9973307
60.493060 -8.3094692 -1.3677377 30.3002777 -0.0241134 -0.0535098 -0.0227557 0.9980167
60.700580 -8.3222427 -1.3631440 30.4159317 -0.0159167 -0.0494928 -0.0252073 0.9983295
60.907960 -8.3362589 -1.3606187 30.5339184 -0.0240935 -0.0498362 -0.0304097 0.9980035
61.218940 -8.3570833 -1.3589684 30.7028503 0.0063370 -0.0561376 -0.0336627 0.9978353
61.426430 -8.3729143 -1.3604795 30.8155689 -0.0005918 -0.0594175 -0.0381776 0.9975027
61.737600 -8.3944921 -1.3635474 30.9791012 0.0026453 -0.0634894 -0.0344381 0.9973846
61.945060 -8.4089375 -1.3663995 31.0846443 0.0065092 -0.0660681 -0.0311371 0.9973080
62.256400 -8.4300957 -1.3717716 31.2364464 0.0140492 -0.0659199 -0.0302812 0.9972664
62.567930 -8.4508619 -1.3786479 31.3827991 0.0181461 -0.0548235 -0.0372548 0.9976358
62.983690 -8.4611635 -1.3900670 31.5678139 0.0201543 -0.0191076 -0.0327479 0.9990777
63.399310 -8.4595442 -1.4001409 31.7308121 0.0202088 0.0173459 -0.0328748 0.9991046
64.022190 -8.4402113 -1.4168050 31.9162502 0.0411167 0.0623705 -0.0236115 0.9969262
64.540710 -8.4200287 -1.4295073 32.0325241 0.0421090 0.0798817 -0.0131475 0.9958277
65.577440 -8.3962431 -1.4450176 32.1700706 0.0420098 0.0837768 -0.0098282 0.9955501
66.510690 -8.3863173 -1.4549630 32.2800217 0.0419442 0.0581904 -0.0184984 0.9972524
66.925440 -8.3816023 -1.4627874 32.3505516 0.0381301 0.0372439 -0.0146072 0.9984717
67.132820 -8.3804455 -1.4657716 32.3893547 0.0383933 0.0211920 -0.0117685 0.9989687
67.340070 -8.3820210 -1.4697423 32.4303970 0.0372574 0.0017660 -0.0115520 0.9992374
67.754690 -8.3933630 -1.4766939 32.5207977 0.0415260 -0.0430890 -0.0192030 0.9980232
67.962080 -8.4018106 -1.4810067 32.5706177 0.0405578 -0.0688513 -0.0193259 0.9966148
68.169320 -8.4135141 -1.4858836 32.6240463 0.0392253 -0.0947326 -0.0189307 0.9945495
68.376700 -8.4298697 -1.4908075 32.6811752 0.0386680 -0.1208587 -0.0207072 0.9917002
68.584070 -8.4503431 -1.4955705 32.7419662 0.0384827 -0.1456504 -0.0205228 0.9883744
68.791570 -8.4747648 -1.5008000 32.8078804 0.0376148 -0.1670681 -0.0202945 0.9850186
68.999070 -8.5038233 -1.5067643 32.8779030 0.0372613 -0.1857583 -0.0204235 0.9816763
69.206570 -8.5372372 -1.5126641 32.9526634 0.0362136 -0.2037900 -0.0180926 0.9781773
69.413950 -8.5749521 -1.5188520 33.0305824 0.0353769 -0.2223994 -0.0142770 0.9742090
69.621440 -8.6185637 -1.5256764 33.1122208 0.0359976 -0.2389726 -0.0151402 0.9702407
69.829070 -8.6679926 -1.5324330 33.1978302 0.0354188 -0.2523152 -0.0167074 0.9668523
70.036720 -8.7212029 -1.5392077 33.2870522 0.0332032 -0.2618858 -0.0183375 0.9643532
70.244320 -8.7781620 -1.5459541 33.3803139 0.0321947 -0.2679999 -0.0196101 0.9626812
70.451940 -8.8381624 -1.5529655 33.4783020 0.0318924 -0.2718247 -0.0209138 0.9615908
70.659570 -8.9019947 -1.5600650 33.5803299 0.0323411 -0.2748573 -0.0204324 0.9607237
70.867190 -8.9686356 -1.5673879 33.6851654 0.0334980 -0.2776964 -0.0190815 0.9598951
71.074690 -9.0384989 -1.5760372 33.7937889 0.0346258 -0.2804924 -0.0180882 0.9590610
71.282190 -9.1097898 -1.5847648 33.9049606 0.0346566 -0.2827765 -0.0154062 0.9584357
71.489570 -9.1843901 -1.5938870 34.0183105 0.0361156 -0.2846597 -0.0147988 0.9578338
71.697200 -9.2610140 -1.6039025 34.1337738 0.0388379 -0.2852601 -0.0135941 0.9575664
71.904720 -9.3401327 -1.6143851 34.2533417 0.0369546 -0.2855307 -0.0152364 0.9575356
72.112200 -9.4200850 -1.6244098 34.3756065 0.0360822 -0.2863842 -0.0142367 0.9573293
72.319700 -9.5019798 -1.6350626 34.4993324 0.0361725 -0.2871140 -0.0119558 0.9571385
72.527200 -9.5866232 -1.6462613 34.6273994 0.0354255 -0.2881486 -0.0103891 0.9568738
72.734700 -9.6738157 -1.6580989 34.7576218 0.0355254 -0.2889673 -0.0103464 0.9566236
72.942200 -9.7622261 -1.6691777 34.8879700 0.0361608 -0.2896096 -0.0106837 0.9564019
73.149700 -9.8545799 -1.6812116 35.0253983 0.0358546 -0.2890603 -0.0132782 0.9565471
73.253450 -9.9006004 -1.6871182 35.0931473 0.0368923 -0.2878807 -0.0142031 0.9568500
73.461070 -9.9947548 -1.7000135 35.2327042 0.0404915 -0.2819526 -0.0171671 0.9584197
73.564950 -10.0415611 -1.7070385 35.3042793 0.0423830 -0.2768730 -0.0196961 0.9597693
73.668820 -10.0878315 -1.7140214 35.3770332 0.0441145 -0.2703348 -0.0215537 0.9615136
73.772700 -10.1325750 -1.7212362 35.4503975 0.0447172 -0.2627463 -0.0231173 0.9635509
73.876700 -10.1769972 -1.7284104 35.5258865 0.0441722 -0.2545159 -0.0238174 0.9657656
73.980600 -10.2200403 -1.7357587 35.6014366 0.0428288 -0.2458902 -0.0254042 0.9680178
74.084450 -10.2606068 -1.7431856 35.6774712 0.0429153 -0.2371338 -0.0257959 0.9701858
74.188450 -10.2996092 -1.7508882 35.7544785 0.0444561 -0.2280879 -0.0255388 0.9722897
74.292330 -10.3377934 -1.7586161 35.8321228 0.0466962 -0.2184685 -0.0259512 0.9743806
74.396200 -10.3740425 -1.7670515 35.9107857 0.0475541 -0.2083774 -0.0259549 0.9765469
74.603820 -10.4419651 -1.7838763 36.0723457 0.0460684 -0.1859303 -0.0253003 0.9811562
74.811700 -10.5018597 -1.8017062 36.2347374 0.0516559 -0.1604486 -0.0260092 0.9853484
74.915450 -10.5278215 -1.8116487 36.3176079 0.0542076 -0.1471250 -0.0259569 0.9872903
75.019330 -10.5528040 -1.8221986 36.4011383 0.0569815 -0.1323477 -0.0286778 0.9891485
75.123330 -10.5742989 -1.8326060 36.4850273 0.0589561 -0.1169502 -0.0263810 0.9910352
75.330950 -10.6085672 -1.8556917 36.6530113 0.0622595 -0.0874715 -0.0263491 0.9938703
75.538570 -10.6331205 -1.8800145 36.8252335 0.0672000 -0.0607110 -0.0218077 0.9956519
75.745950 -10.6489725 -1.9062556 36.9992409 0.0680282 -0.0376863 -0.0192107 0.9967862
75.953320 -10.6586180 -1.9320382 37.1716309 0.0711166 -0.0156516 -0.0191309 0.9971617
76.160580 -10.6585875 -1.9589857 37.3498650 0.0702417 0.0033563 -0.0155025 0.9974039
76.471330 -10.6516418 -2.0014699 37.6189461 0.0725532 0.0172318 -0.0078733 0.9971846
76.678580 -10.6465883 -2.0303557 37.7981873 0.0726800 0.0215808 -0.0092129 0.9970793
76.885860 -10.6384821 -2.0589774 37.9790840 0.0757120 0.0248954 -0.0083103 0.9967843
77.093250 -10.6286402 -2.0893807 38.1630516 0.0766030 0.0279738 -0.0070041 0.9966446
77.300580 -10.6183071 -2.1191947 38.3511810 0.0729344 0.0305249 -0.0071274 0.9968441
77.611580 -10.6026878 -2.1647172 38.6370468 0.0776631 0.0313650 -0.0084977 0.9964499
77.715200 -10.5961008 -2.1816173 38.7349167 0.0773703 0.0310127 -0.0076847 0.9964904
77.922710 -10.5855846 -2.2144117 38.9321060 0.0775134 0.0313009 -0.0096253 0.9964533
78.026330 -10.5804787 -2.2310760 39.0316429 0.0781453 0.0318044 -0.0105704 0.9963785
78.233830 -10.5683012 -2.2639716 39.2330856 0.0772268 0.0341793 -0.0107267 0.9963698
78.337450 -10.5611801 -2.2811923 39.3346558 0.0772270 0.0350657 -0.0104180 0.9963422
78.544830 -10.5468788 -2.3149877 39.5404549 0.0775062 0.0378412 -0.0106497 0.9962165
78.648580 -10.5396423 -2.3321714 39.6440544 0.0776650 0.0396186 -0.0100817 0.9961410
78.855950 -10.5229101 -2.3679638 39.8550873 0.0763242 0.0433184 -0.0109873 0.9960811
78.959710 -10.5138988 -2.3853240 39.9623985 0.0762658 0.0449996 -0.0117571 0.9960022
79.167080 -10.4964790 -2.4204111 40.1745529 0.0769062 0.0482217 -0.0118520 0.9958010
79.374460 -10.4750671 -2.4566526 40.3906784 0.0777472 0.0506734 -0.0108925 0.9956249
79.478210 -10.4649649 -2.4745164 40.4992714 0.0780600 0.0522775 -0.0110890 0.9955153
79.581950 -10.4538603 -2.4936485 40.6099129 0.0778303 0.0539033 -0.0109933 0.9954476
79.685700 -10.4426575 -2.5116713 40.7200813 0.0777226 0.0557433 -0.0112951 0.9953513
79.789450 -10.4299269 -2.5305245 40.8315277 0.0777830 0.0576697 -0.0107059 0.9952434
79.996970 -10.4031172 -2.5689306 41.0549393 0.0778053 0.0612683 -0.0102156 0.9950318
80.100580 -10.3895645 -2.5876822 41.1683311 0.0781485 0.0626550 -0.0103003 0.9949176
80.307980 -10.3617067 -2.6261046 41.3963623 0.0786436 0.0648119 -0.0096552 0.9947469
80.411710 -10.3474398 -2.6454177 41.5113869 0.0786623 0.0657516 -0.0097413 0.9946829
80.515330 -10.3328285 -2.6651335 41.6263809 0.0787216 0.0663477 -0.0091600 0.9946442
80.619080 -10.3176222 -2.6854346 41.7423744 0.0790801 0.0669910 -0.0085859 0.9945777
80.722740 -10.3019247 -2.7054765 41.8592606 0.0790718 0.0675711 -0.0083693 0.9945410
80.826440 -10.2854567 -2.7257376 41.9775276 0.0783005 0.0678868 -0.0076052 0.9945866
80.930080 -10.2698660 -2.7452266 42.0955658 0.0788616 0.0683739 -0.0078769 0.9945068
81.033840 -10.2537689 -2.7657752 42.2142868 0.0784527 0.0689459 -0.0081446 0.9944975
81.137500 -10.2378445 -2.7860198 42.3335304 0.0775310 0.0695888 -0.0087466 0.9945199
81.241210 -10.2221222 -2.8066084 42.4532433 0.0764228 0.0704996 -0.0081964 0.9945462
81.344940 -10.2049713 -2.8266337 42.5732193 0.0765954 0.0706911 -0.0074868 0.9945250
81.448590 -10.1875486 -2.8468957 42.6934128 0.0775432 0.0705419 -0.0073119 0.9944634
81.552330 -10.1710529 -2.8679016 42.8134575 0.0777007 0.0707062 -0.0074371 0.9944385
81.759710 -10.1388769 -2.9088867 43.0533218 0.0774393 0.0710584 -0.0073482 0.9944344
81.863460 -10.1215096 -2.9304926 43.1734772 0.0775923 0.0706716 -0.0075592 0.9944485
82.070830 -10.0875301 -2.9714990 43.4145927 0.0794630 0.0699178 -0.0064030 0.9943622
82.174460 -10.0716696 -2.9922934 43.5341110 0.0792664 0.0691675 -0.0056102 0.9944351
82.278210 -10.0552616 -3.0131655 43.6539688 0.0783979 0.0679676 -0.0040269 0.9945944
82.381960 -10.0395880 -3.0339918 43.7745628 0.0779469 0.0671785 -0.0038858 0.9946840
82.485710 -10.0237417 -3.0548830 43.8945847 0.0777687 0.0666571 -0.0041428 0.9947320
82.589430 -10.0090151 -3.0754781 44.0128975 0.0774050 0.0663199 -0.0035718 0.9947851
82.693080 -9.9930782 -3.0950553 44.1308212 0.0779995 0.0656295 -0.0038898 0.9947833
82.796920 -9.9789219 -3.1156430 44.2496300 0.0779360 0.0655281 -0.0034633 0.9947965
83.004230 -9.9498243 -3.1570718 44.4862404 0.0778484 0.0650455 -0.0048188 0.9948294
83.107850 -9.9347229 -3.1778767 44.6054230 0.0772870 0.0647072 -0.0057999 0.9948900
83.211580 -9.9192667 -3.1979737 44.7242126 0.0768605 0.0645186 -0.0044148 0.9949424
83.315210 -9.9042282 -3.2180400 44.8420944 0.0760558 0.0640102 -0.0035080 0.9950407
83.418960 -9.8886690 -3.2380278 44.9605598 0.0759189 0.0633573 -0.0000480 0.9950991
83.522590 -9.8734035 -3.2583787 45.0795364 0.0769997 0.0626486 0.0009615 0.9950604
83.626210 -9.8585358 -3.2784624 45.1991463 0.0785239 0.0625054 0.0004494 0.9949507
83.729960 -9.8440733 -3.2997637 45.3194427 0.0786744 0.0623758 -0.0007073 0.9949468
83.937350 -9.8157606 -3.3404365 45.5590096 0.0776693 0.0613197 -0.0026230 0.9950882
84.144710 -9.7881336 -3.3810802 45.7975540 0.0777555 0.0605120 -0.0051559 0.9951210
84.352100 -9.7605152 -3.4219270 46.0367126 0.0766466 0.0602151 -0.0062467 0.9952188
84.455710 -9.7461329 -3.4420295 46.1560287 0.0771469 0.0602878 -0.0050919 0.9951823
84.559380 -9.7324219 -3.4624743 46.2748184 0.0775069 0.0602542 -0.0044456 0.9951594
84.662980 -9.7183571 -3.4825733 46.3938065 0.0773482 0.0600466 -0.0032574 0.9951890
84.766730 -9.7042646 -3.5030503 46.5121956 0.0765435 0.0594566 -0.0026476 0.9952884
84.870340 -9.6904421 -3.5228369 46.6299019 0.0775226 0.0586314 -0.0025334 0.9952618
85.077720 -9.6648674 -3.5637562 46.8631020 0.0787842 0.0576033 -0.0052766 0.9952121
85.181330 -9.6529751 -3.5844526 46.9786987 0.0778219 0.0569709 -0.0071051 0.9953128
85.388710 -9.6282320 -3.6248074 47.2086983 0.0754751 0.0564921 -0.0063150 0.9955261
85.492460 -9.6152201 -3.6445887 47.3232079 0.0748389 0.0563031 -0.0050263 0.9955922
85.699750 -9.5903406 -3.6821871 47.5503578 0.0757941 0.0566203 -0.0053197 0.9955004
85.907110 -9.5655499 -3.7207024 47.7717972 0.0751044 0.0574513 -0.0061768 0.9955001
86.010840 -9.5531645 -3.7399740 47.8811188 0.0749315 0.0576821 -0.0066201 0.9954970
86.114460 -9.5408201 -3.7585537 47.9893761 0.0743047 0.0580378 -0.0063745 0.9955249
86.218210 -9.5291443 -3.7767386 48.0958443 0.0729291 0.0585630 -0.0068592 0.9955926
86.425590 -9.5060730 -3.8126020 48.3024139 0.0718162 0.0593474 -0.0068064 0.9956274
86.529210 -9.4938831 -3.8297796 48.4020157 0.0743658 0.0594256 -0.0057506 0.9954422
86.632980 -9.4828119 -3.8468106 48.4997902 0.0747029 0.0597219 -0.0058735 0.9953986
86.840340 -9.4603071 -3.8791959 48.6878357 0.0724477 0.0584436 -0.0049279 0.9956462
86.944090 -9.4500065 -3.8947008 48.7785873 0.0722936 0.0576933 -0.0054263 0.9956986
87.151360 -9.4320803 -3.9241176 48.9512062 0.0701425 0.0554698 -0.0054339 0.9959787
87.254960 -9.4232578 -3.9375200 49.0319786 0.0683696 0.0543071 -0.0054358 0.9961661
87.462460 -9.4075785 -3.9636843 49.1854095 0.0681117 0.0534158 -0.0062243 0.9962273
87.566210 -9.4003754 -3.9754558 49.2572899 0.0691995 0.0531176 -0.0059426 0.9961700
87.773590 -9.3874035 -3.9976957 49.3902740 0.0694532 0.0530052 -0.0074004 0.9961485
87.981210 -9.3748579 -4.0178051 49.5099640 0.0695663 0.0592175 -0.0109937 0.9957575
88.189210 -9.3599253 -4.0363140 49.6169853 0.0699961 0.0797528 -0.0146890 0.9942456
88.501590 -9.3243723 -4.0617170 49.7617111 0.0739247 0.1302140 -0.0113997 0.9886605
88.710100 -9.2920218 -4.0780821 49.8495369 0.0733364 0.1775368 -0.0096789 0.9813301
88.918590 -9.2508841 -4.0927224 49.9310417 0.0716461 0.2307684 -0.0077168 0.9703367
89.127090 -9.2014494 -4.1074162 50.0035973 0.0734305 0.2902341 -0.0050846 0.9541207
89.335590 -9.1443062 -4.1205854 50.0666084 0.0767048 0.3523785 -0.0039307 0.9327006
89.647840 -9.0442686 -4.1392708 50.1407318 0.0808666 0.4409472 0.0056754 0.8938646
89.855840 -8.9697104 -4.1508856 50.1812096 0.0792053 0.4981595 0.0082911 0.8634205
90.063710 -8.8896751 -4.1632476 50.2101326 0.0825474 0.5526708 0.0146854 0.8291714
90.271490 -8.8046036 -4.1733823 50.2310295 0.0870465 0.6064956 0.0123885 0.7902105
90.479340 -8.7129488 -4.1834936 50.2402916 0.0866185 0.6570747 0.0139360 0.7487027
90.583090 -8.6651163 -4.1885791 50.2404747 0.0852446 0.6816224 0.0159130 0.7265474
90.686970 -8.6166601 -4.1931338 50.2375603 0.0858028 0.7056876 0.0160674 0.7031249
90.790840 -8.5678492 -4.1975746 50.2312050 0.0871508 0.7290888 0.0158208 0.6786633
90.894590 -8.5185633 -4.2018580 50.2212944 0.0876892 0.7517067 0.0148100 0.6534740
91.102090 -8.4182177 -4.2102838 50.1911125 0.0888478 0.7934409 0.0140690 0.6019632
91.205840 -8.3659744 -4.2137179 50.1706467 0.0893940 0.8119045 0.0155167 0.5766966
91.309470 -8.3137321 -4.2176185 50.1458855 0.0890636 0.8285865 0.0160895 0.5524973
91.516590 -8.2091961 -4.2249126 50.0904465 0.0897732 0.8564503 0.0167719 0.5080870
91.723710 -8.1047125 -4.2314806 50.0210457 0.0911340 0.8762707 0.0167028 0.4728270
91.930590 -7.9993320 -4.2386389 49.9417534 0.0886608 0.8893047 0.0205534 0.4481674
92.137720 -7.8924460 -4.2441335 49.8570824 0.0817706 0.8991329 0.0212886 0.4294419
92.241220 -7.8391261 -4.2460608 49.8116341 0.0794255 0.9033975 0.0220187 0.4208084
92.448600 -7.7317190 -4.2506104 49.7162704 0.0707478 0.9122705 0.0228078 0.4027867
92.655970 -7.6256499 -4.2531691 49.6153183 0.0621371 0.9213596 0.0249367 0.3829016
92.863470 -7.5226183 -4.2539907 49.5069656 0.0501072 0.9307402 0.0280190 0.3611466
93.070970 -7.4249673 -4.2525401 49.3923492 0.0442299 0.9399903 0.0292690 0.3370537
93.278470 -7.3327703 -4.2490644 49.2699280 0.0418961 0.9486610 0.0333927 0.3117242
93.382090 -7.2883906 -4.2471390 49.2064362 0.0418114 0.9524537 0.0365785 0.2995760
93.589470 -7.2028246 -4.2409611 49.0734558 0.0423932 0.9578776 0.0413870 0.2809991
93.693120 -7.1599703 -4.2377558 49.0058517 0.0406554 0.9594902 0.0432030 0.2754256
93.900350 -7.0735850 -4.2291985 48.8674011 0.0358314 0.9608071 0.0478137 0.2707021
94.003970 -7.0285835 -4.2242870 48.7980270 0.0310584 0.9610946 0.0481863 0.2702047
94.211350 -6.9389329 -4.2140422 48.6567574 0.0269501 0.9609038 0.0429091 0.2722067
94.418590 -6.8472414 -4.2067728 48.5127258 0.0290461 0.9596646 0.0366417 0.2772317
94.625970 -6.7507181 -4.1995535 48.3663826 0.0295628 0.9580575 0.0368351 0.2826571
94.833490 -6.6504521 -4.1937556 48.2177620 0.0271881 0.9573670 0.0329068 0.2857034
95.040970 -6.5493951 -4.1873908 48.0674286 0.0266379 0.9574128 0.0300095 0.2859206
95.248350 -6.4471822 -4.1813674 47.9152870 0.0269043 0.9570291 0.0315734 0.2870096
95.455870 -6.3443742 -4.1745677 47.7598000 0.0269824 0.9561601 0.0346227 0.2895361
95.766850 -6.1891041 -4.1652746 47.5349197 0.0297541 0.9545202 0.0359738 0.2944688
96.181600 -5.9831419 -4.1519313 47.2409286 0.0331358 0.9519753 0.0351221 0.3023433
96.389100 -5.8796449 -4.1468711 47.0965385 0.0326334 0.9513315 0.0372867 0.3041597
96.700350 -5.7257886 -4.1390853 46.8831367 0.0325065 0.9508357 0.0361259 0.3058589
97.011470 -5.5764003 -4.1309805 46.6776314 0.0318383 0.9507601 0.0365053 0.3061191
97.218890 -5.4789047 -4.1266241 46.5432663 0.0329695 0.9503073 0.0366883 0.3073810
97.633720 -5.2876492 -4.1172013 46.2848930 0.0337203 0.9485610 0.0381822 0.3124693
97.841240 -5.1945777 -4.1129017 46.1635895 0.0325459 0.9478571 0.0361895 0.3149573
98.152470 -5.0619383 -4.1078906 45.9909973 0.0320788 0.9470878 0.0361946 0.3173098
98.463720 -4.9397292 -4.1021557 45.8322716 0.0307974 0.9464799 0.0364303 0.3192179
98.671230 -4.8638573 -4.0990634 45.7352180 0.0298317 0.9457187 0.0392508 0.3212251
98.982350 -4.7599778 -4.0938368 45.6054153 0.0285490 0.9448674 0.0390901 0.3238558
99.293480 -4.6729918 -4.0905881 45.4950066 0.0321448 0.9442318 0.0386041 0.3254271
99.708350 -4.5798736 -4.0875120 45.3787956 0.0300850 0.9439287 0.0375362 0.3266258
100.019300 -4.5270715 -4.0845823 45.3113861 0.0328653 0.9436305 0.0369884 0.3272816
100.434100 -4.4737911 -4.0825949 45.2440338 0.0341959 0.9432135 0.0362917 0.3284234
100.537900 -4.4621763 -4.0822272 45.2294731 0.0350366 0.9431624 0.0349383 0.3286281
100.745200 -4.4390531 -4.0810795 45.2001152 0.0362685 0.9432371 0.0345190 0.3283244
101.160000 -4.3923869 -4.0798244 45.1436577 0.0354452 0.9434286 0.0338381 0.3279346
101.263600 -4.3810611 -4.0792127 45.1285400 0.0350150 0.9433157 0.0336172 0.3283278
101.471000 -4.3588490 -4.0778480 45.0990982 0.0357944 0.9431691 0.0344974 0.3285738
101.885900 -4.3155665 -4.0758581 45.0451813 0.0358054 0.9431556 0.0342474 0.3286375
102.093200 -4.2949667 -4.0750184 45.0218010 0.0362677 0.9433022 0.0350843 0.3280774
102.715600 -4.2455807 -4.0723109 44.9585075 0.0378732 0.9432704 0.0339876 0.3281027
102.923000 -4.2291613 -4.0718341 44.9390221 0.0358734 0.9432724 0.0352423 0.3281893
103.545200 -4.1840653 -4.0706658 44.8844185 0.0343415 0.9433441 0.0332934 0.3283506
103.960100 -4.1492057 -4.0693545 44.8408165 0.0364354 0.9429453 0.0291657 0.3296604
104.167400 -4.1241102 -4.0684900 44.8102036 0.0373926 0.9422420 0.0267345 0.3317637
104.374600 -4.0925083 -4.0679708 44.7727890 0.0384036 0.9406177 0.0256858 0.3363089
104.582000 -4.0541363 -4.0661154 44.7292023 0.0411357 0.9385120 0.0240997 0.3419390
104.789400 -4.0087156 -4.0657272 44.6786003 0.0418787 0.9353028 0.0235051 0.3505744
104.996700 -3.9572663 -4.0647998 44.6217155 0.0444798 0.9315552 0.0253132 0.3599803
105.204100 -3.8978059 -4.0641565 44.5610428 0.0444993 0.9276846 0.0249191 0.3698651
105.411500 -3.8317029 -4.0632987 44.4950066 0.0454648 0.9239044 0.0271753 0.3789396
105.618900 -3.7595437 -4.0622578 44.4250793 0.0460334 0.9202597 0.0301915 0.3874165
105.826500 -3.6797810 -4.0610428 44.3524971 0.0412873 0.9179448 0.0321543 0.3932413
106.034100 -3.5946445 -4.0596204 44.2754440 0.0373080 0.9167462 0.0312611 0.3964937
106.137900 -3.5500093 -4.0582032 44.2353439 0.0342600 0.9164977 0.0311262 0.3973529
106.241700 -3.5054514 -4.0563784 44.1944580 0.0353774 0.9159154 0.0312639 0.3985849
106.449200 -3.4120078 -4.0543990 44.1084480 0.0360973 0.9152865 0.0314698 0.3999466
106.553000 -3.3627737 -4.0531468 44.0650101 0.0340691 0.9150062 0.0266682 0.4011131
106.760500 -3.2629356 -4.0515833 43.9751167 0.0361163 0.9143930 0.0212449 0.4026534
106.968000 -3.1569428 -4.0503650 43.8795433 0.0360076 0.9139165 0.0234156 0.4036234
107.279100 -2.9892366 -4.0489244 43.7313805 0.0338725 0.9127254 0.0245744 0.4064247
107.486500 -2.8711653 -4.0475163 43.6271400 0.0349201 0.9112377 0.0267071 0.4095280
107.693900 -2.7495370 -4.0459690 43.5218925 0.0365213 0.9089023 0.0284299 0.4144326
107.901200 -2.6252661 -4.0449500 43.4168053 0.0389197 0.9066534 0.0303613 0.4189786
108.108700 -2.5005913 -4.0442581 43.3129005 0.0405990 0.9053540 0.0282393 0.4217683
108.316200 -2.3761103 -4.0444264 43.2104263 0.0389437 0.9053837 0.0249285 0.4220690
108.523700 -2.2508996 -4.0453105 43.1073914 0.0359136 0.9061680 0.0229637 0.4207642
108.731200 -2.1269131 -4.0449286 43.0025520 0.0371407 0.9068639 0.0245009 0.4190683
108.938900 -2.0033300 -4.0454483 42.8971024 0.0371562 0.9079986 0.0238388 0.4166410
109.146400 -1.8801329 -4.0462103 42.7900467 0.0381234 0.9089751 0.0234551 0.4144403
109.457600 -1.6937404 -4.0476241 42.6270638 0.0380953 0.9106677 0.0232286 0.4107232
109.665000 -1.5697430 -4.0479712 42.5174522 0.0394703 0.9117159 0.0217192 0.4083436
109.872400 -1.4443780 -4.0483398 42.4058723 0.0392827 0.9120841 0.0215971 0.4075451
110.079700 -1.3195812 -4.0498333 42.2945709 0.0383783 0.9120751 0.0220806 0.4076254
110.287200 -1.1917783 -4.0510941 42.1821632 0.0376300 0.9118532 0.0205215 0.4082727
110.494600 -1.0625696 -4.0532551 42.0682869 0.0385812 0.9112242 0.0215896 0.4095313
110.702000 -0.9347532 -4.0551953 41.9554176 0.0391819 0.9105116 0.0185375 0.4112053
110.909200 -0.8041304 -4.0568185 41.8435783 0.0381821 0.9096918 0.0188047 0.4130972
111.220200 -0.6112722 -4.0595732 41.6778603 0.0380224 0.9081450 0.0217316 0.4163589
111.427600 -0.4827161 -4.0615945 41.5686913 0.0390970 0.9072636 0.0210499 0.4182117
111.635000 -0.3552519 -4.0640388 41.4602776 0.0403837 0.9063076 0.0198100 0.4202182
111.738700 -0.2923883 -4.0653811 41.4078064 0.0405362 0.9059166 0.0185937 0.4211013
111.842400 -0.2290870 -4.0663490 41.3557053 0.0399125 0.9054466 0.0186945 0.4221658
111.946100 -0.1655896 -4.0676479 41.3034630 0.0378988 0.9050866 0.0203488 0.4230460
112.049700 -0.1029900 -4.0691433 41.2512169 0.0372282 0.9047909 0.0223846 0.4236348
112.153500 -0.0401809 -4.0697079 41.2000618 0.0357632 0.9048858 0.0210007 0.4236292
112.257100 0.0217377 -4.0709453 41.1488762 0.0354018 0.9051975 0.0188311 0.4230952
112.464600 0.1444860 -4.0731125 41.0471954 0.0378773 0.9061726 0.0178575 0.4208297
112.568200 0.2044685 -4.0746241 40.9958572 0.0404993 0.9065527 0.0198626 0.4196754
112.775600 0.3231925 -4.0772138 40.8942146 0.0426691 0.9072900 0.0201277 0.4178505
112.879400 0.3815807 -4.0786695 40.8442039 0.0432861 0.9077128 0.0205206 0.4168485
113.086700 0.4968266 -4.0822163 40.7463379 0.0425859 0.9089458 0.0174267 0.4143673
113.294100 0.6063184 -4.0860105 40.6530724 0.0434656 0.9100828 0.0089604 0.4120434
113.397800 0.6582840 -4.0884676 40.6080933 0.0421223 0.9104280 0.0074825 0.4114493
113.501500 0.7088433 -4.0914750 40.5630760 0.0426000 0.9106565 0.0098404 0.4108445
113.709000 0.8031507 -4.0962234 40.4788094 0.0453954 0.9108061 0.0126462 0.4101361
113.812600 0.8481339 -4.0988917 40.4393234 0.0459635 0.9109681 0.0120708 0.4097302
114.020100 0.9305965 -4.1036963 40.3649406 0.0506262 0.9107562 0.0092729 0.4097245
114.331400 1.0437995 -4.1103635 40.2655220 0.0493302 0.9106098 0.0104620 0.4101791
114.746300 1.1793780 -4.1184983 40.1482048 0.0466592 0.9110330 0.0047938 0.4096570
115.057400 1.2729151 -4.1249204 40.0660133 0.0440982 0.9112671 0.0063845 0.4093982
115.368600 1.3589956 -4.1298842 39.9887428 0.0458394 0.9116405 0.0070894 0.4083627
115.783500 1.4639206 -4.1357155 39.8952560 0.0494779 0.9117455 0.0078981 0.4076882
116.094600 1.5349890 -4.1404548 39.8317947 0.0507536 0.9113802 0.0066692 0.4083695
116.509400 1.6187854 -4.1467233 39.7565498 0.0572858 0.9097444 0.0043307 0.4111747
116.716700 1.6573893 -4.1491513 39.7242241 0.0562587 0.9085658 0.0025282 0.4139284
117.131600 1.7225597 -4.1543207 39.6704865 0.0547621 0.9065843 0.0009926 0.4184556
117.442900 1.7610929 -4.1583066 39.6378441 0.0561259 0.9057060 -0.0000826 0.4201744
117.754000 1.7931614 -4.1610518 39.6111870 0.0568016 0.9061238 -0.0020525 0.4191766
118.168900 1.8273059 -4.1640959 39.5818443 0.0576037 0.9057661 -0.0032578 0.4198322
118.479900 1.8482687 -4.1658635 39.5655022 0.0563885 0.9056622 -0.0053247 0.4201999
119.205900 1.8836746 -4.1693187 39.5353394 0.0575787 0.9049803 -0.0060840 0.4214953
119.620700 1.8974311 -4.1705070 39.5239105 0.0580209 0.9047561 -0.0067267 0.4219061
119.931900 1.9047799 -4.1712151 39.5174751 0.0582844 0.9045870 -0.0070436 0.4222271
121.902000 1.9405265 -4.1749063 39.4886017 0.0578154 0.9045448 -0.0084880 0.4223554
122.524300 1.9697737 -4.1776009 39.4635849 0.0584986 0.9044009 -0.0086520 0.4225659
122.731600 1.9820936 -4.1789126 39.4529190 0.0586559 0.9042655 -0.0084563 0.4228379
122.939000 1.9957130 -4.1801143 39.4415054 0.0578153 0.9042574 -0.0084095 0.4229720
123.353600 2.0248835 -4.1830578 39.4161987 0.0588712 0.9042033 -0.0085141 0.4229398
123.561000 2.0403032 -4.1845760 39.4029999 0.0605536 0.9040490 -0.0073990 0.4230531
123.768500 2.0552955 -4.1864214 39.3906403 0.0613146 0.9041803 -0.0061581 0.4226825
124.287000 2.0873477 -4.1898217 39.3644066 0.0606657 0.9039894 -0.0057247 0.4231904
124.494400 2.0972078 -4.1908917 39.3562737 0.0601069 0.9037953 -0.0051030 0.4236923
