7.673572 0.0000000 0.0000000 0.0000000 0.0000000 0.0000000 0.0000000 1.0000000
7.777286 0.0000340 -0.0002790 0.0609832 -0.0001189 -0.0000530 0.0005629 0.9999998
7.881024 0.0004045 -0.0006643 0.1219940 0.0003939 -0.0002225 0.0010023 0.9999994
7.984696 0.0003404 -0.0011924 0.1832330 0.0007174 -0.0000100 0.0009376 0.9999993
8.088400 0.0001186 -0.0018014 0.2453520 0.0010887 0.0005930 0.0006301 0.9999990
8.192118 0.0001490 -0.0023584 0.3075886 0.0014026 0.0012409 0.0001801 0.9999982
8.295863 0.0002182 -0.0029982 0.3702743 0.0009316 0.0017358 -0.0002024 0.9999980
8.399546 0.0003419 -0.0033722 0.4339130 0.0008619 0.0021975 -0.0004091 0.9999971
8.503235 0.0001830 -0.0036809 0.4977243 0.0005922 0.0022790 -0.0017450 0.9999957
8.606978 0.0005772 -0.0041427 0.5620012 0.0009968 0.0031143 -0.0014858 0.9999936
8.710698 0.0007397 -0.0045418 0.6260765 0.0015792 0.0045816 -0.0022975 0.9999856
8.814436 0.0011883 -0.0050369 0.6914359 0.0020605 0.0067349 -0.0015788 0.9999740
8.918107 0.0014985 -0.0057741 0.7572012 0.0016925 0.0091565 -0.0027676 0.9999528
9.021867 0.0022956 -0.0065592 0.8230769 0.0012562 0.0117320 -0.0036430 0.9999238
9.125548 0.0037564 -0.0074001 0.8892233 0.0017091 0.0140771 -0.0044283 0.9998897
9.229148 0.0058420 -0.0082187 0.9560971 0.0025446 0.0163736 -0.0040115 0.9998547
9.332783 0.0079241 -0.0090826 1.0229976 0.0034935 0.0188159 -0.0041978 0.9998081
9.436507 0.0101469 -0.0100522 1.0901604 0.0037197 0.0212331 -0.0047617 0.9997563
9.540126 0.0123634 -0.0110129 1.1575148 0.0037025 0.0240968 -0.0056641 0.9996867
9.643856 0.0156053 -0.0119742 1.2253761 0.0036203 0.0268637 -0.0067732 0.9996096
9.747566 0.0185138 -0.0129906 1.2933373 0.0034120 0.0299588 -0.0070443 0.9995205
9.851216 0.0225650 -0.0141011 1.3612107 0.0031774 0.0326486 -0.0070392 0.9994370
9.954854 0.0267323 -0.0152606 1.4298728 0.0038003 0.0356748 -0.0067088 0.9993337
10.058450 0.0312368 -0.0164480 1.4983433 0.0042949 0.0387464 -0.0066688 0.9992176
10.162270 0.0365025 -0.0174813 1.5674529 0.0043396 0.0418984 -0.0062891 0.9990926
10.265950 0.0418367 -0.0187070 1.6366204 0.0043139 0.0449735 -0.0065810 0.9989572
10.369540 0.0477980 -0.0201640 1.7057847 0.0046207 0.0478196 -0.0069707 0.9988210
10.473330 0.0545620 -0.0213082 1.7750766 0.0050395 0.0502891 -0.0073313 0.9986951
10.577010 0.0609279 -0.0227753 1.8455658 0.0043957 0.0530974 -0.0068386 0.9985563
10.680800 0.0685613 -0.0240655 1.9152318 0.0041181 0.0550986 -0.0056871 0.9984562
10.784490 0.0761660 -0.0251359 1.9851340 0.0046070 0.0571254 -0.0049266 0.9983442
10.888380 0.0841925 -0.0266682 2.0547585 0.0046468 0.0586884 -0.0048015 0.9982540
10.992100 0.0921465 -0.0280208 2.1258204 0.0046400 0.0606671 -0.0052029 0.9981337
11.096280 0.1006898 -0.0294036 2.1959486 0.0050044 0.0626116 -0.0056671 0.9980093
11.199650 0.1094975 -0.0306207 2.2667956 0.0055590 0.0649856 -0.0065188 0.9978494
11.303360 0.1190244 -0.0319435 2.3368466 0.0055632 0.0669162 -0.0066298 0.9977211
11.407080 0.1290628 -0.0335276 2.4066470 0.0059529 0.0689884 -0.0070079 0.9975751
11.510570 0.1381676 -0.0350646 2.4749939 0.0062144 0.0714166 -0.0071873 0.9974013
11.614180 0.1485620 -0.0367654 2.5445824 0.0061497 0.0733598 -0.0073853 0.9972593
11.718020 0.1585103 -0.0382247 2.6137502 0.0058153 0.0756922 -0.0076091 0.9970853
11.821430 0.1690497 -0.0398224 2.6837606 0.0057611 0.0778003 -0.0073712 0.9969251
11.925060 0.1798071 -0.0412253 2.7537432 0.0062454 0.0797895 -0.0064947 0.9967710
12.028650 0.1908087 -0.0426580 2.8237174 0.0067947 0.0817473 -0.0064024 0.9966093
12.132140 0.2018882 -0.0441950 2.8933780 0.0077164 0.0835785 -0.0065091 0.9964501
12.339620 0.2257658 -0.0475148 3.0336759 0.0087056 0.0868712 -0.0061042 0.9961628
12.443230 0.2380811 -0.0496225 3.1047325 0.0085697 0.0886944 -0.0059522 0.9960042
12.546850 0.2502432 -0.0513594 3.1751432 0.0087163 0.0908533 -0.0060840 0.9958076
12.650590 0.2634461 -0.0532866 3.2454510 0.0088272 0.0928397 -0.0049854 0.9956294
12.754210 0.2767144 -0.0550488 3.3162403 0.0086976 0.0944093 -0.0039952 0.9954875
12.857820 0.2899469 -0.0567886 3.3870890 0.0084683 0.0960055 -0.0037898 0.9953375
12.961450 0.3037095 -0.0587037 3.4578037 0.0082032 0.0973824 -0.0037041 0.9952064
13.065050 0.3175418 -0.0607322 3.5291133 0.0084214 0.0987991 -0.0041036 0.9950633
13.168790 0.3314501 -0.0626434 3.6001189 0.0096155 0.1003213 -0.0043371 0.9948992
13.272410 0.3463546 -0.0645536 3.6723492 0.0107691 0.1018342 -0.0046540 0.9947322
13.376170 0.3606796 -0.0667738 3.7442257 0.0113849 0.1036064 -0.0051638 0.9945398
13.583380 0.3907014 -0.0715156 3.8885674 0.0119972 0.1074959 -0.0057064 0.9941168
13.687000 0.4060996 -0.0742012 3.9613755 0.0115176 0.1094703 -0.0057627 0.9939066
13.790730 0.4223067 -0.0766109 4.0339518 0.0111339 0.1112948 -0.0059701 0.9937071
13.894440 0.4381062 -0.0791860 4.1063833 0.0110237 0.1135762 -0.0059485 0.9934503
13.998450 0.4547263 -0.0817654 4.1789823 0.0111983 0.1155267 -0.0064547 0.9932203
14.101800 0.4716422 -0.0843807 4.2521429 0.0115885 0.1173594 -0.0068667 0.9929981
14.205920 0.4884578 -0.0869869 4.3249846 0.0119180 0.1191833 -0.0070259 0.9927759
14.412870 0.5238237 -0.0920296 4.4703798 0.0119044 0.1219720 -0.0058175 0.9924451
14.620330 0.5604469 -0.0969139 4.6160460 0.0118041 0.1246641 -0.0041464 0.9921201
14.723680 0.5786017 -0.0995101 4.6878748 0.0122824 0.1260847 -0.0041535 0.9919347
14.827390 0.5970331 -0.1022065 4.7600708 0.0123889 0.1274711 -0.0045122 0.9917547
14.931630 0.6159924 -0.1048907 4.8332849 0.0131320 0.1289425 -0.0046270 0.9915543
15.034850 0.6353477 -0.1078436 4.9062576 0.0137744 0.1304029 -0.0049727 0.9913529
15.242180 0.6738326 -0.1129472 5.0522037 0.0146114 0.1333259 -0.0054871 0.9909493
15.345730 0.6940295 -0.1158411 5.1258450 0.0141932 0.1346691 -0.0044909 0.9907788
15.553070 0.7335051 -0.1218243 5.2702012 0.0134043 0.1378236 -0.0047991 0.9903545
15.760420 0.7755022 -0.1274196 5.4171839 0.0136340 0.1411244 -0.0060787 0.9898793
15.864040 0.7964231 -0.1303740 5.4906201 0.0134153 0.1430727 -0.0064403 0.9896003
16.071400 0.8392698 -0.1363147 5.6350965 0.0135917 0.1467895 -0.0067231 0.9890515
16.278760 0.8828227 -0.1417015 5.7793903 0.0136237 0.1511159 -0.0075425 0.9883934
16.486210 0.9270967 -0.1477477 5.9234715 0.0142393 0.1551794 -0.0073076 0.9877567
16.693380 0.9737830 -0.1531803 6.0654907 0.0146781 0.1590315 -0.0080755 0.9871314
16.900690 1.0206524 -0.1588204 6.2077584 0.0152633 0.1631505 -0.0073145 0.9864560
17.107930 1.0695872 -0.1656619 6.3500834 0.0163201 0.1666756 -0.0054953 0.9858614
17.212260 1.0930903 -0.1688222 6.4200816 0.0165802 0.1684759 -0.0048834 0.9855542
17.418950 1.1445485 -0.1757001 6.5623164 0.0185294 0.1711544 -0.0033045 0.9850644
17.522740 1.1696177 -0.1790467 6.6341925 0.0186149 0.1728795 -0.0025241 0.9847638
17.730020 1.2218665 -0.1851995 6.7794013 0.0194654 0.1765050 -0.0029857 0.9841027
17.833610 1.2488247 -0.1882012 6.8507915 0.0201355 0.1782395 -0.0025309 0.9837778
17.937820 1.2753363 -0.1916231 6.9224420 0.0204626 0.1801172 -0.0030935 0.9834274
18.041020 1.3029807 -0.1952770 6.9942980 0.0206014 0.1815869 -0.0036554 0.9831523
18.144610 1.3302733 -0.1987708 7.0661402 0.0207076 0.1831037 -0.0029542 0.9828711
18.248220 1.3574699 -0.2023381 7.1380801 0.0204548 0.1844160 -0.0025710 0.9826320
18.351820 1.3860466 -0.2058750 7.2108998 0.0201712 0.1855325 -0.0022232 0.9824286
18.455670 1.4133970 -0.2093066 7.2825422 0.0200317 0.1868934 -0.0023800 0.9821731
18.663050 1.4711236 -0.2161267 7.4270835 0.0195245 0.1892241 -0.0015459 0.9817386
18.766280 1.5003172 -0.2194224 7.5001945 0.0194588 0.1905207 -0.0012657 0.9814895
18.869920 1.5296345 -0.2226628 7.5732875 0.0200517 0.1917411 -0.0020316 0.9812386
18.973530 1.5586208 -0.2266612 7.6459427 0.0212089 0.1931973 -0.0025447 0.9809274
19.077140 1.5890307 -0.2304325 7.7201037 0.0212287 0.1948067 -0.0033082 0.9806063
19.180870 1.6185508 -0.2341324 7.7932258 0.0206191 0.1976931 -0.0045556 0.9800365
19.284530 1.6493098 -0.2377754 7.8676376 0.0196947 0.2007158 -0.0061829 0.9794320
19.388220 1.6818414 -0.2411598 7.9422235 0.0193214 0.2030018 -0.0068382 0.9789639
19.491840 1.7131989 -0.2453085 8.0155573 0.0191308 0.2059017 -0.0064268 0.9783645
19.595460 1.7447668 -0.2493989 8.0883799 0.0192091 0.2086576 -0.0066057 0.9777778
19.699070 1.7784363 -0.2533790 8.1647673 0.0194863 0.2108146 -0.0066875 0.9773089
19.802840 1.8127794 -0.2575010 8.2382107 0.0192745 0.2127353 -0.0056389 0.9769034
19.906420 1.8478998 -0.2616273 8.3138103 0.0184322 0.2148396 -0.0057856 0.9764583
20.010030 1.8815874 -0.2653782 8.3875284 0.0177062 0.2172480 -0.0066497 0.9759332
20.113650 1.9159476 -0.2694568 8.4610605 0.0176048 0.2196700 -0.0071871 0.9753889
20.217270 1.9498742 -0.2734947 8.5348454 0.0173399 0.2224031 -0.0076300 0.9747707
20.320880 1.9862556 -0.2775587 8.6099443 0.0171737 0.2247378 -0.0067630 0.9742444
20.424500 2.0227494 -0.2816101 8.6852379 0.0167675 0.2271948 -0.0064224 0.9736838
20.528120 2.0599740 -0.2859148 8.7615147 0.0162826 0.2294174 -0.0070153 0.9731666
20.631730 2.0985658 -0.2902163 8.8374977 0.0156661 0.2310488 -0.0068579 0.9727919
20.735350 2.1367869 -0.2938811 8.9144793 0.0152505 0.2328297 -0.0068085 0.9723741
20.838960 2.1759193 -0.2976643 8.9922609 0.0152871 0.2343525 -0.0081898 0.9719970
20.942580 2.2158835 -0.3016947 9.0713224 0.0155762 0.2360249 -0.0102224 0.9715684
21.046320 2.2553940 -0.3053839 9.1491947 0.0160094 0.2377623 -0.0122035 0.9711148
21.149940 2.2946942 -0.3094594 9.2269087 0.0149001 0.2395876 -0.0132574 0.9706699
21.253550 2.3336995 -0.3128607 9.3038788 0.0145276 0.2417989 -0.0127271 0.9701341
21.357170 2.3736219 -0.3167766 9.3801336 0.0147705 0.2435504 -0.0131681 0.9696863
21.460820 2.4130311 -0.3205265 9.4547739 0.0145344 0.2454573 -0.0139132 0.9691986
21.564620 2.4523723 -0.3244162 9.5293894 0.0128662 0.2474766 -0.0147981 0.9686954
21.668140 2.4924858 -0.3279483 9.6040783 0.0120065 0.2492439 -0.0156515 0.9682398
21.771790 2.5326774 -0.3316443 9.6780329 0.0117333 0.2511589 -0.0159298 0.9677437
21.875360 2.5732918 -0.3352351 9.7513771 0.0119031 0.2528799 -0.0157592 0.9672961
21.979040 2.6137707 -0.3385988 9.8245058 0.0119117 0.2544836 -0.0154435 0.9668804
22.082650 2.6547298 -0.3424245 9.8979712 0.0113470 0.2562267 -0.0157672 0.9664215
22.186210 2.6952598 -0.3459442 9.9698200 0.0112811 0.2580879 -0.0172418 0.9659017
22.290250 2.7349527 -0.3493024 10.0409346 0.0118561 0.2598356 -0.0222776 0.9653230
22.393570 2.7736669 -0.3532869 10.1102552 0.0153645 0.2619948 -0.0272650 0.9645617
22.600850 2.8561292 -0.3629846 10.2501726 0.0180304 0.2642074 -0.0190969 0.9641082
22.704440 2.8974652 -0.3672911 10.3212357 0.0126078 0.2656874 -0.0181875 0.9638052
22.808100 2.9379072 -0.3701425 10.3904905 0.0076441 0.2677239 -0.0198940 0.9632599
22.911770 2.9784815 -0.3726272 10.4595356 0.0053607 0.2698140 -0.0222092 0.9626414
23.015390 3.0189059 -0.3750451 10.5265207 0.0055555 0.2712603 -0.0224819 0.9622274
23.119010 3.0600441 -0.3778974 10.5948105 0.0074806 0.2729602 -0.0200926 0.9617864
23.222650 3.1022136 -0.3810265 10.6623859 0.0101952 0.2741454 -0.0185598 0.9614551
23.326370 3.1443689 -0.3848135 10.7307520 0.0116303 0.2759172 -0.0182351 0.9609380
23.430070 3.1870983 -0.3880044 10.7985620 0.0116851 0.2776556 -0.0183316 0.9604347
23.533710 3.2291307 -0.3915175 10.8652439 0.0109416 0.2795517 -0.0179737 0.9599000
23.637320 3.2721355 -0.3944162 10.9327707 0.0104193 0.2810963 -0.0177990 0.9594579
23.844680 3.3585854 -0.4009104 11.0662279 0.0106256 0.2833415 -0.0173713 0.9588029
23.948430 3.4028435 -0.4042042 11.1328278 0.0109043 0.2839856 -0.0170364 0.9586152
24.155650 3.4899359 -0.4109945 11.2651558 0.0093343 0.2853945 -0.0145059 0.9582549
24.363000 3.5782170 -0.4169667 11.3974237 0.0089458 0.2868262 -0.0144434 0.9578320
24.570240 3.6622450 -0.4229173 11.5237980 0.0106601 0.2885653 -0.0183092 0.9572258
24.777590 3.7462602 -0.4294860 11.6509676 0.0098730 0.2902537 -0.0197766 0.9566944
24.881210 3.7867782 -0.4327895 11.7135496 0.0100528 0.2912303 -0.0210115 0.9563694
25.088320 3.8682060 -0.4389541 11.8381824 0.0089094 0.2928384 -0.0207253 0.9558958
25.191950 3.9118841 -0.4420469 11.9026308 0.0075341 0.2927901 -0.0189223 0.9559598
25.399160 3.9975398 -0.4469018 12.0307341 0.0038809 0.2920348 -0.0139891 0.9562975
25.502780 4.0398817 -0.4491673 12.0941381 0.0038784 0.2911009 -0.0170591 0.9565324
25.710010 4.1252666 -0.4543932 12.2219591 0.0052170 0.2895521 -0.0237225 0.9568540
25.917260 4.2101793 -0.4594734 12.3469667 0.0057065 0.2863039 -0.0238382 0.9578252
26.124480 4.2942529 -0.4635080 12.4681263 0.0066916 0.2829709 -0.0252729 0.9587721
26.331730 4.3776970 -0.4671571 12.5820866 0.0036755 0.2818887 -0.0328508 0.9588775
26.539060 4.4695511 -0.4680345 12.6984081 0.0043574 0.2800772 -0.0364756 0.9592744
26.746310 4.5562367 -0.4753910 12.8210211 0.0024097 0.2789789 -0.0341904 0.9596853
26.953530 4.6451707 -0.4812763 12.9621696 0.0016506 0.2778637 -0.0361995 0.9599368
27.057260 4.6914368 -0.4842110 13.0344133 0.0024630 0.2771130 -0.0370610 0.9601192
27.264530 4.7816153 -0.4902654 13.1774063 0.0030885 0.2758963 -0.0361021 0.9605042
27.471850 4.8706045 -0.4969844 13.3292141 0.0024861 0.2749259 -0.0351414 0.9608198
27.679200 4.9541764 -0.5047429 13.4217310 0.0015162 0.2734784 -0.0351709 0.9612337
27.886560 5.0369520 -0.5126848 13.5431166 0.0015320 0.2728197 -0.0357425 0.9613998
28.093790 5.1239042 -0.5216735 13.6514463 0.0017552 0.2718019 -0.0353668 0.9617015
28.301020 5.1998773 -0.5270862 13.7606316 0.0006326 0.2720061 -0.0360501 0.9616199
28.715630 5.3589897 -0.5304325 13.9798775 0.0003873 0.2730883 -0.0355403 0.9613321
28.922840 5.4353094 -0.5305888 14.0858364 -0.0005117 0.2741831 -0.0363346 0.9609907
29.130070 5.5116906 -0.5315796 14.1887321 0.0000376 0.2744192 -0.0369183 0.9609012
29.337430 5.6036997 -0.5324953 14.2794905 0.0001772 0.2739820 -0.0367415 0.9610327
29.648260 5.7670889 -0.5351439 14.4269304 0.0003152 0.2722764 -0.0371615 0.9615012
29.855620 5.8816352 -0.5362142 14.5240097 -0.0006987 0.2708459 -0.0366756 0.9619235
30.062730 5.9712324 -0.5381969 14.6104956 0.0001697 0.2703107 -0.0356885 0.9621115
30.891780 6.3459635 -0.5538524 15.1315346 -0.0011261 0.2707483 -0.0366523 0.9619516
31.099140 6.4363294 -0.5517349 15.2383041 0.0009331 0.2706507 -0.0366387 0.9619797
31.306520 6.5227003 -0.5640145 15.3398752 -0.0016508 0.2704227 -0.0356902 0.9620785
31.513850 6.6140556 -0.5646999 15.4319086 -0.0007352 0.2700910 -0.0354794 0.9621806
31.928570 6.7645731 -0.5766340 15.7013893 -0.0015380 0.2703795 -0.0346643 0.9621283
32.135930 6.8525577 -0.5787036 15.7966213 -0.0014023 0.2694324 -0.0338225 0.9624242
32.343330 6.9444122 -0.5768611 15.8651800 -0.0024196 0.2685356 -0.0343564 0.9626538
32.758130 7.1312051 -0.5709264 16.0154800 -0.0009392 0.2663026 -0.0328519 0.9633290
33.587620 7.5044656 -0.5868149 16.3444309 -0.0023531 0.2619033 -0.0348032 0.9644635
34.002380 7.6634340 -0.6140516 16.7403088 -0.0034938 0.2624809 -0.0354656 0.9642789
34.209730 7.7413316 -0.6131937 16.9289532 -0.0033301 0.2634343 -0.0367461 0.9639715
34.417100 7.8140182 -0.6180397 17.0496769 -0.0016894 0.2639146 -0.0366626 0.9638475
34.624450 7.8916454 -0.6244476 17.1671715 -0.0022417 0.2635702 -0.0356528 0.9639785
34.831800 7.9635534 -0.6278101 17.2834206 -0.0029612 0.2637615 -0.0353050 0.9639370
35.039150 8.0422659 -0.6303105 17.4005394 -0.0023411 0.2630288 -0.0358544 0.9641187
35.246520 8.1231651 -0.6351725 17.5167332 -0.0027293 0.2622572 -0.0353978 0.9643447
35.454000 8.1813946 -0.6376682 17.6270752 -0.0032652 0.2625588 -0.0360869 0.9642354
35.661090 8.2330704 -0.6409976 17.7279625 -0.0028637 0.2622378 -0.0366799 0.9643016
35.868330 8.3103294 -0.6444739 17.8403206 -0.0032846 0.2613921 -0.0358532 0.9645610
36.179530 8.3924770 -0.6488318 17.9896088 -0.0020920 0.2607768 -0.0358487 0.9647310
36.386840 8.4457541 -0.6515629 18.0852699 -0.0029476 0.2600521 -0.0354041 0.9649408
36.594140 8.5043097 -0.6554020 18.1832886 -0.0035815 0.2595672 -0.0355435 0.9650641
36.801500 8.5608644 -0.6581742 18.2829857 -0.0027993 0.2594803 -0.0359541 0.9650748
37.008850 8.6148739 -0.6611575 18.3797970 -0.0024346 0.2594065 -0.0360645 0.9650915
37.216330 8.6735020 -0.6646066 18.4809589 -0.0027365 0.2595403 -0.0365112 0.9650379
37.423720 8.7303753 -0.6679496 18.5794888 -0.0028337 0.2599156 -0.0372751 0.9649075
37.631050 8.7881470 -0.6710473 18.6785355 -0.0027449 0.2602254 -0.0371475 0.9648291
37.838400 8.8439951 -0.6738638 18.7766361 -0.0032394 0.2612832 -0.0365075 0.9645661
38.045630 8.9016905 -0.6770324 18.8751507 -0.0032829 0.2614683 -0.0369459 0.9644991
38.252870 8.9595175 -0.6800866 18.9733982 -0.0025219 0.2614897 -0.0362917 0.9645205
38.460100 9.0189762 -0.6825466 19.0697365 -0.0025470 0.2608464 -0.0349637 0.9647436
38.667310 9.0779476 -0.6877371 19.1575584 -0.0023579 0.2600306 -0.0353340 0.9649508
38.874760 9.1427279 -0.6909554 19.2471886 -0.0017754 0.2589462 -0.0360605 0.9652168
39.185650 9.2372389 -0.6961651 19.3911438 -0.0033111 0.2579347 -0.0348506 0.9655279
39.392880 9.2990112 -0.6975906 19.4885139 -0.0024816 0.2570605 -0.0341715 0.9657878
39.703850 9.3862486 -0.7007476 19.6298447 -0.0013104 0.2555864 -0.0346057 0.9661658
39.911340 9.4443989 -0.7038853 19.7265739 -0.0006705 0.2548127 -0.0340456 0.9663907
40.118690 9.5015755 -0.7078943 19.8210506 -0.0015309 0.2539289 -0.0356253 0.9665654
40.637020 9.6466436 -0.7161371 20.0586910 -0.0010042 0.2524965 -0.0349173 0.9669670
40.947990 9.7316656 -0.7197558 20.2045383 -0.0004472 0.2531570 -0.0370911 0.9667138
41.569920 9.9125795 -0.7308552 20.4825764 0.0013507 0.2504501 -0.0340082 0.9675311
41.880900 9.9962025 -0.7366516 20.6258526 0.0002507 0.2489310 -0.0331896 0.9679524
42.088380 10.0528641 -0.7403697 20.7136478 0.0003743 0.2475789 -0.0338436 0.9682764
42.502970 10.1687508 -0.7495186 20.8946571 0.0011526 0.2453878 -0.0342835 0.9688179
43.124790 10.2872543 -0.7548440 21.1343689 0.0005225 0.2466208 -0.0365896 0.9684209
43.435640 10.3162203 -0.7566605 21.2377701 0.0004917 0.2484324 -0.0350558 0.9680145
44.368290 10.5216570 -0.7699382 21.6060066 0.0017142 0.2475998 -0.0353784 0.9682148
44.679140 10.5839262 -0.7755768 21.7189960 0.0014208 0.2453947 -0.0346131 0.9688041
44.990110 10.6451235 -0.7797146 21.8324871 0.0004702 0.2434330 -0.0341214 0.9693173
45.197350 10.6867905 -0.7829258 21.9116440 0.0000480 0.2422864 -0.0352940 0.9695626
45.508320 10.7495365 -0.7868640 22.0291653 -0.0000114 0.2412305 -0.0347810 0.9698444
45.819420 10.8116741 -0.7907079 22.1458912 -0.0019522 0.2417890 -0.0359412 0.9696611
46.441130 10.9387274 -0.7981369 22.3800907 -0.0007987 0.2406802 -0.0375184 0.9698787
47.063060 11.0542421 -0.8042116 22.6182613 -0.0034775 0.2401823 -0.0360308 0.9700527
48.825160 11.3463640 -0.8237436 23.2552109 -0.0062532 0.2309141 -0.0332827 0.9723846
49.032370 11.3662539 -0.8255106 23.3259659 -0.0063276 0.2309710 -0.0338892 0.9723497
49.446710 11.4036636 -0.8283746 23.4689579 -0.0068959 0.2314344 -0.0321064 0.9722961
49.654110 11.4774313 -0.8267827 23.5379162 -0.0037626 0.2301265 -0.0356004 0.9725021
50.068530 11.5471430 -0.8350421 23.6432590 -0.0081494 0.2289926 -0.0341308 0.9727955
50.586610 11.5213642 -0.8279326 23.7196045 -0.0088740 0.2294522 -0.0333527 0.9727078
50.897570 11.5055399 -0.8256090 23.7616253 -0.0083320 0.2283021 -0.0333332 0.9729839
51.830730 11.4817286 -0.8158596 23.9087639 -0.0140829 0.2263457 -0.0342403 0.9733431
52.971270 11.4952507 -0.8026933 24.1383381 -0.0112302 0.2274508 -0.0324717 0.9731832
53.178480 11.4985600 -0.8025619 24.1845303 -0.0117068 0.2274517 -0.0325030 0.9731764
54.422370 11.5469971 -0.7963900 24.4748116 -0.0115541 0.2260829 -0.0325977 0.9734939
54.629720 11.5654573 -0.7962777 24.5289650 -0.0108628 0.2254364 -0.0297358 0.9737434
55.044310 11.5974131 -0.7965974 24.6344852 -0.0125717 0.2237834 -0.0338421 0.9739701
55.458900 11.6257448 -0.7951643 24.7354813 -0.0123534 0.2214517 -0.0355603 0.9744444
55.666250 11.6407604 -0.7949860 24.7785015 -0.0135739 0.2188620 -0.0344121 0.9750543
55.873610 11.6528578 -0.7940939 24.8218822 -0.0116202 0.2168415 -0.0350171 0.9755093
56.288130 11.6732931 -0.7945245 24.9057560 -0.0185525 0.2130832 -0.0366149 0.9761714
57.220620 11.7101803 -0.7988150 25.1126003 -0.0222962 0.2074787 -0.0385862 0.9772239
57.738590 11.7175694 -0.8032666 25.2199135 -0.0213617 0.2012124 -0.0345978 0.9787033
57.945800 11.7226467 -0.8040833 25.2620049 -0.0242903 0.1983028 -0.0355114 0.9791961
58.049530 11.7229528 -0.8042487 25.2853813 -0.0269207 0.1976889 -0.0350815 0.9792669
58.671360 11.7240677 -0.8069672 25.3969402 -0.0298861 0.1864121 -0.0346185 0.9814066
58.774970 11.7253370 -0.8070402 25.4035759 -0.0307513 0.1829991 -0.0340432 0.9820421
59.604650 11.7359524 -0.8081756 25.4462204 -0.0337664 0.1514831 -0.0296788 0.9874370
59.812000 11.7377996 -0.8083380 25.4556503 -0.0343278 0.1431887 -0.0292795 0.9886664
59.915740 11.7386684 -0.8083664 25.4604130 -0.0345423 0.1387914 -0.0287571 0.9893011
60.019480 11.7394161 -0.8083788 25.4653759 -0.0351934 0.1345150 -0.0281227 0.9898870
60.226840 11.7408962 -0.8085039 25.4747505 -0.0371015 0.1249945 -0.0267561 0.9911024
60.330460 11.7415791 -0.8085256 25.4792919 -0.0383864 0.1202622 -0.0263414 0.9916499
60.434070 11.7421370 -0.8085983 25.4836960 -0.0395231 0.1156379 -0.0260784 0.9921622
60.537830 11.7427254 -0.8087214 25.4879417 -0.0409252 0.1107362 -0.0257909 0.9926718
60.641430 11.7432995 -0.8088402 25.4922962 -0.0429946 0.1053085 -0.0254861 0.9931828
60.745170 11.7437630 -0.8088055 25.4966812 -0.0443833 0.0997411 -0.0244623 0.9937220
60.848780 11.7443399 -0.8087751 25.5005512 -0.0453637 0.0936808 -0.0234829 0.9942910
60.952400 11.7451077 -0.8086457 25.5039444 -0.0470073 0.0871327 -0.0224313 0.9948342
61.056140 11.7457600 -0.8085459 25.5074291 -0.0484264 0.0801739 -0.0210962 0.9953803
61.159760 11.7462807 -0.8084051 25.5109882 -0.0486083 0.0731906 -0.0205439 0.9959208
61.263370 11.7466326 -0.8083215 25.5143108 -0.0508525 0.0671138 -0.0204000 0.9962397
61.366980 11.7468443 -0.8081696 25.5175991 -0.0530861 0.0616068 -0.0197717 0.9964916
61.470630 11.7469664 -0.8080380 25.5205078 -0.0539687 0.0564551 -0.0193263 0.9967581
61.574220 11.7470198 -0.8078930 25.5229950 -0.0533144 0.0515248 -0.0186033 0.9970741
