1.348871 0.0000000 0.0000000 0.0000000 0.0000000 0.0000000 0.0000000 1.0000000
1.452734 0.0015903 0.0002356 0.0498698 0.0007590 0.0235775 0.0016669 0.9997203
1.556375 0.0059340 0.0000404 0.0953331 0.0020303 0.0466497 0.0023690 0.9989064
1.660095 0.0125629 -0.0008920 0.1399342 0.0020477 0.0698188 0.0044008 0.9975479
1.867714 0.0309772 -0.0028476 0.2281720 0.0034710 0.1164753 0.0042567 0.9931784
1.971323 0.0433305 -0.0036504 0.2715340 0.0045615 0.1397597 0.0062196 0.9901554
2.178679 0.0741071 -0.0059159 0.3563842 0.0069386 0.1855506 0.0069581 0.9825855
2.386034 0.1128019 -0.0079672 0.4380196 0.0102296 0.2301027 0.0090738 0.9730703
2.489649 0.1349809 -0.0092528 0.4778113 0.0106783 0.2512183 0.0115078 0.9678031
2.697006 0.1848472 -0.0114480 0.5554709 0.0129158 0.2893520 0.0135040 0.9570404
3.008111 0.2715540 -0.0150147 0.6682994 0.0117176 0.3394382 0.0154500 0.9404284
3.111717 0.3033206 -0.0159054 0.7045793 0.0121336 0.3551742 0.0136829 0.9346212
3.215334 0.3368720 -0.0164270 0.7405196 0.0128224 0.3699839 0.0135712 0.9288506
3.422811 0.4084326 -0.0186895 0.8098613 0.0133208 0.3987702 0.0152428 0.9168274
3.630286 0.4862609 -0.0207423 0.8770931 0.0121241 0.4263169 0.0152350 0.9043643
3.733924 0.5275856 -0.0214965 0.9093867 0.0127632 0.4385742 0.0164696 0.8984534
3.941290 0.6145265 -0.0227909 0.9722719 0.0149004 0.4601020 0.0202425 0.8875102
4.044901 0.6599732 -0.0233836 1.0022711 0.0161174 0.4688809 0.0229618 0.8828158
4.459609 0.8504423 -0.0262297 1.1207440 0.0166885 0.4954548 0.0285372 0.8680044
4.563217 0.9001515 -0.0267876 1.1499941 0.0166608 0.5009383 0.0286592 0.8648479
4.666947 0.9509446 -0.0273806 1.1782787 0.0177175 0.5056925 0.0280363 0.8620760
4.770559 1.0020132 -0.0277989 1.2064348 0.0191964 0.5101507 0.0273979 0.8594342
4.977967 1.1086456 -0.0289548 1.2631291 0.0207337 0.5174440 0.0268516 0.8550444
5.081656 1.1638706 -0.0299640 1.2917305 0.0207862 0.5198886 0.0266179 0.8535662
5.185269 1.2204226 -0.0306994 1.3206834 0.0216447 0.5220981 0.0266253 0.8521949
5.288943 1.2778820 -0.0315561 1.3495992 0.0219710 0.5240515 0.0256183 0.8510176
5.392622 1.3364900 -0.0326008 1.3791008 0.0225593 0.5258098 0.0259167 0.8499079
5.600026 1.4575629 -0.0345464 1.4384290 0.0213513 0.5278910 0.0271108 0.8486108
5.703641 1.5182090 -0.0351993 1.4685061 0.0207832 0.5289173 0.0271602 0.8479840
5.807340 1.5796946 -0.0361531 1.4989103 0.0215110 0.5299023 0.0281442 0.8473185
5.910955 1.6417502 -0.0369527 1.5291308 0.0214343 0.5303644 0.0281080 0.8470325
6.118447 1.7729261 -0.0383781 1.5923564 0.0223946 0.5304742 0.0282751 0.8469334
6.325669 1.9028581 -0.0411069 1.6565567 0.0229478 0.5298858 0.0281543 0.8472909
6.533021 2.0407066 -0.0432775 1.7236592 0.0227844 0.5287351 0.0281082 0.8480153
6.636673 2.1119518 -0.0440341 1.7587416 0.0231463 0.5283060 0.0279682 0.8482775
6.844097 2.2531726 -0.0467263 1.8291343 0.0233685 0.5275218 0.0282736 0.8487492
7.051471 2.3981545 -0.0488371 1.9000132 0.0225056 0.5265510 0.0307189 0.8492903
7.155209 2.4703565 -0.0500842 1.9367326 0.0232398 0.5263895 0.0309550 0.8493620
7.362568 2.6156330 -0.0522197 2.0107582 0.0241655 0.5260520 0.0311706 0.8495374
7.569925 2.7648804 -0.0553737 2.0853658 0.0236136 0.5258277 0.0319488 0.8496628
7.777286 2.9185708 -0.0572203 2.1611230 0.0241326 0.5255973 0.0329432 0.8497528
7.881024 2.9949250 -0.0584224 2.1994572 0.0247565 0.5256320 0.0329658 0.8497126
7.984696 3.0725021 -0.0598634 2.2381852 0.0250561 0.5257820 0.0327079 0.8496209
8.192118 3.2298014 -0.0627408 2.3175330 0.0251701 0.5270318 0.0318835 0.8488742
8.295863 3.3095708 -0.0642072 2.3567979 0.0246219 0.5274836 0.0318302 0.8486115
8.399546 3.3905125 -0.0654753 2.3969433 0.0243263 0.5279233 0.0315356 0.8483576
8.503235 3.4722333 -0.0666650 2.4377897 0.0233472 0.5280732 0.0305233 0.8483289
8.606978 3.5533874 -0.0680796 2.4769971 0.0236180 0.5287167 0.0304292 0.8479239
8.710698 3.6352522 -0.0693645 2.5178618 0.0236619 0.5300307 0.0295768 0.8471321
8.814436 3.7184527 -0.0708048 2.5583444 0.0242896 0.5318102 0.0299186 0.8459863
8.918107 3.8023362 -0.0722208 2.5997221 0.0233204 0.5339305 0.0291822 0.8447027
9.021867 3.8874099 -0.0735083 2.6400485 0.0224316 0.5360120 0.0286026 0.8434274
9.125548 3.9716334 -0.0752371 2.6800699 0.0223329 0.5381546 0.0278386 0.8420902
9.229148 4.0577927 -0.0768275 2.7194664 0.0232354 0.5400720 0.0278645 0.8408364
9.332783 4.1448846 -0.0788729 2.7590592 0.0236828 0.5420540 0.0272696 0.8395671
9.436507 4.2317543 -0.0805919 2.7985010 0.0234898 0.5441519 0.0267835 0.8382300
9.540126 4.3188934 -0.0823240 2.8380678 0.0228855 0.5464853 0.0261548 0.8367472
9.643856 4.4068813 -0.0843649 2.8768747 0.0219302 0.5488889 0.0254889 0.8352187
9.747566 4.4950385 -0.0857879 2.9163401 0.0214414 0.5516128 0.0250815 0.8334474
9.851216 4.5834742 -0.0872958 2.9542289 0.0212092 0.5539286 0.0251714 0.8319133
9.954854 4.6736040 -0.0890712 2.9921203 0.0219422 0.5563923 0.0253237 0.8302439
10.058450 4.7637529 -0.0908560 3.0293915 0.0221500 0.5587981 0.0251354 0.8286268
10.162270 4.8544621 -0.0923663 3.0664620 0.0222153 0.5615258 0.0255212 0.8267671
10.265950 4.9459357 -0.0939436 3.1034884 0.0220211 0.5640883 0.0253072 0.8250327
10.369540 5.0378151 -0.0958099 3.1392658 0.0221815 0.5662875 0.0249595 0.8235312
10.473330 5.1303315 -0.0972628 3.1740177 0.0221250 0.5682791 0.0244101 0.8221761
10.577010 5.2237091 -0.0985589 3.2093148 0.0221061 0.5701387 0.0251945 0.8208644
10.680800 5.3177691 -0.1004738 3.2449563 0.0222604 0.5721131 0.0263184 0.8194501
10.784490 5.4114738 -0.1020486 3.2792339 0.0228033 0.5736690 0.0267876 0.8183314
10.888380 5.5056477 -0.1036319 3.3131096 0.0230698 0.5749397 0.0268269 0.8174304
10.992100 5.6010170 -0.1052667 3.3477976 0.0227446 0.5765494 0.0265531 0.8163139
11.096280 5.6958671 -0.1068301 3.3809526 0.0226421 0.5780057 0.0257677 0.8153114
11.199650 5.7907023 -0.1082422 3.4142532 0.0226717 0.5800554 0.0249577 0.8138789
11.303360 5.8850374 -0.1098088 3.4465749 0.0224039 0.5819506 0.0248614 0.8125352
11.407080 5.9841509 -0.1114081 3.4805765 0.0226118 0.5837916 0.0244592 0.8112200
11.510570 6.0803108 -0.1131553 3.5116889 0.0225520 0.5855650 0.0240710 0.8099540
11.614180 6.1781936 -0.1158205 3.5434568 0.0220017 0.5873721 0.0236675 0.8086716
11.718020 6.2750292 -0.1176713 3.5750828 0.0214619 0.5891811 0.0237868 0.8073655
11.821430 6.3732142 -0.1192079 3.6065478 0.0216302 0.5909002 0.0241357 0.8060933
11.925060 6.4719267 -0.1208277 3.6379695 0.0222394 0.5925517 0.0246181 0.8048490
12.028650 6.5704122 -0.1222422 3.6687274 0.0226875 0.5941646 0.0244497 0.8036516
12.132140 6.6701007 -0.1238300 3.6995373 0.0234493 0.5956519 0.0240023 0.8025415
12.235950 6.7700367 -0.1254204 3.7296672 0.0239302 0.5970166 0.0240458 0.8015113
12.339620 6.8703952 -0.1273910 3.7599037 0.0243797 0.5983612 0.0239519 0.8004972
12.443230 6.9719362 -0.1289306 3.7898066 0.0243398 0.5997897 0.0238652 0.7994312
12.546850 7.0734067 -0.1308456 3.8192298 0.0242890 0.6013526 0.0238957 0.7982569
12.650590 7.1741862 -0.1329044 3.8481185 0.0248182 0.6030163 0.0246790 0.7969608
12.754210 7.2752652 -0.1348849 3.8763340 0.0251522 0.6042712 0.0256846 0.7959673
12.857820 7.3772545 -0.1365981 3.9054718 0.0250235 0.6055560 0.0260720 0.7949818
12.961450 7.4790788 -0.1381945 3.9334605 0.0248859 0.6067299 0.0262618 0.7940843
13.065050 7.5822129 -0.1401128 3.9618337 0.0247504 0.6078545 0.0257297 0.7932454
13.168790 7.6847100 -0.1420186 3.9896426 0.0255291 0.6090218 0.0249002 0.7923514
13.272410 7.7890272 -0.1438337 4.0172129 0.0262161 0.6103524 0.0240981 0.7913292
13.376170 7.8930564 -0.1459615 4.0451984 0.0264809 0.6117685 0.0233593 0.7902483
13.583380 8.1024313 -0.1507930 4.0996132 0.0266552 0.6147900 0.0226176 0.7879158
13.687000 8.2075357 -0.1533954 4.1264949 0.0261112 0.6163524 0.0229302 0.7867033
13.790730 8.3124905 -0.1556047 4.1523142 0.0256370 0.6178595 0.0229437 0.7855355
13.894440 8.4178896 -0.1581778 4.1779213 0.0254916 0.6195060 0.0231486 0.7842364
13.998450 8.5240326 -0.1604386 4.2035108 0.0252160 0.6211219 0.0224065 0.7829877
14.101800 8.6306772 -0.1629026 4.2286491 0.0251838 0.6226000 0.0218771 0.7818289
14.205920 8.7365417 -0.1653196 4.2532096 0.0253444 0.6239556 0.0215763 0.7807506
14.309200 8.8440256 -0.1677186 4.2776122 0.0260205 0.6251275 0.0221673 0.7797738
14.412870 8.9500055 -0.1704758 4.3011007 0.0259212 0.6261344 0.0228168 0.7789501
14.516540 9.0583267 -0.1725553 4.3245697 0.0260147 0.6271449 0.0237423 0.7781059
14.723680 9.2717543 -0.1772306 4.3709941 0.0269045 0.6292357 0.0240634 0.7763759
14.827390 9.3788567 -0.1796649 4.3938718 0.0268672 0.6304890 0.0238292 0.7753670
15.034850 9.5953970 -0.1846354 4.4391117 0.0277458 0.6327776 0.0227978 0.7735005
15.138550 9.7017889 -0.1872632 4.4620585 0.0272726 0.6340371 0.0218279 0.7725132
15.345730 9.9175215 -0.1926149 4.5055590 0.0278955 0.6362895 0.0230032 0.7706026
15.553070 10.1344395 -0.1977111 4.5471754 0.0270898 0.6386628 0.0232818 0.7686573
15.760420 10.3512678 -0.2018344 4.5859137 0.0265033 0.6411354 0.0219921 0.7666546
15.967780 10.5680704 -0.2066596 4.6248355 0.0260145 0.6441199 0.0214268 0.7641817
16.175170 10.7840214 -0.2111216 4.6622705 0.0255396 0.6473646 0.0214248 0.7614511
16.382370 11.0013227 -0.2145103 4.6963887 0.0258028 0.6503855 0.0206944 0.7588838
16.589730 11.2175331 -0.2198913 4.7291365 0.0258366 0.6533400 0.0208223 0.7563370
16.693380 11.3271542 -0.2227280 4.7461805 0.0258165 0.6548920 0.0203694 0.7550066
16.796960 11.4359465 -0.2251803 4.7622266 0.0259378 0.6564142 0.0203843 0.7536791
17.004320 11.6537199 -0.2301196 4.7936034 0.0269268 0.6595004 0.0209456 0.7509297
17.212260 11.8752460 -0.2348190 4.8223538 0.0286830 0.6620215 0.0217721 0.7486193
17.315330 11.9849186 -0.2374325 4.8373752 0.0298243 0.6633404 0.0221054 0.7473963
17.522740 12.2037020 -0.2422528 4.8624787 0.0314170 0.6656177 0.0227360 0.7452846
17.626280 12.3142576 -0.2448117 4.8749318 0.0317822 0.6670243 0.0224048 0.7440205
17.833610 12.5370474 -0.2502095 4.8991022 0.0323002 0.6698133 0.0223278 0.7414907
17.937820 12.6487579 -0.2530939 4.9104409 0.0320650 0.6712052 0.0214909 0.7402659
18.041020 12.7568798 -0.2560092 4.9165244 0.0314957 0.6721019 0.0206217 0.7395010
18.248220 12.9802303 -0.2606013 4.9346652 0.0320444 0.6736413 0.0218921 0.7380388
18.351820 13.0930367 -0.2631643 4.9437995 0.0321733 0.6744413 0.0224988 0.7372839
18.455670 13.2056990 -0.2655821 4.9533129 0.0319532 0.6754018 0.0225100 0.7364134
18.559140 13.3160009 -0.2682898 4.9639616 0.0313913 0.6764092 0.0225961 0.7355098
18.663050 13.4288998 -0.2707419 4.9731679 0.0316558 0.6774384 0.0234524 0.7345237
18.766280 13.5411301 -0.2727903 4.9831543 0.0313349 0.6785861 0.0234532 0.7334773
18.869920 13.6541586 -0.2748706 4.9928846 0.0313551 0.6795715 0.0225571 0.7325917
18.973530 13.7671051 -0.2773924 5.0023465 0.0320518 0.6808348 0.0210887 0.7314314
19.077140 13.8828363 -0.2794884 5.0107303 0.0312185 0.6821420 0.0197787 0.7302852
19.180870 13.9976044 -0.2821715 5.0185180 0.0302268 0.6840227 0.0195009 0.7285733
19.284530 14.1119232 -0.2849426 5.0267639 0.0285849 0.6862805 0.0190809 0.7265245
19.388220 14.2290678 -0.2869548 5.0338435 0.0274511 0.6883811 0.0184061 0.7245958
19.491840 14.3446321 -0.2894885 5.0402102 0.0273222 0.6904783 0.0186808 0.7225955
19.595460 14.4598246 -0.2917839 5.0462446 0.0276855 0.6924397 0.0188682 0.7206974
19.699070 14.5776691 -0.2948409 5.0500946 0.0278814 0.6940220 0.0190443 0.7191616
19.802840 14.6945915 -0.2975488 5.0537014 0.0279436 0.6955950 0.0198860 0.7176150
19.906420 14.8121500 -0.2999586 5.0563912 0.0272359 0.6970991 0.0204516 0.7161653
20.010030 14.9319019 -0.3027683 5.0604959 0.0259494 0.6989395 0.0200846 0.7144276
20.113650 15.0519209 -0.3050240 5.0629253 0.0257919 0.7005582 0.0198574 0.7128524
20.217270 15.1738863 -0.3078887 5.0649819 0.0252679 0.7022920 0.0197315 0.7111668
20.320880 15.2983599 -0.3098699 5.0670242 0.0254068 0.7041391 0.0202124 0.7093195
20.424500 15.4236479 -0.3128646 5.0676432 0.0248655 0.7058274 0.0207613 0.7076428
20.528120 15.5514841 -0.3154564 5.0682282 0.0242320 0.7074047 0.0204634 0.7060967
20.631730 15.6793776 -0.3184384 5.0669880 0.0236127 0.7085173 0.0210644 0.7049837
20.735350 15.8089619 -0.3200715 5.0673442 0.0232158 0.7099281 0.0213200 0.7035685
20.838960 15.9403152 -0.3214732 5.0669341 0.0223826 0.7110769 0.0197969 0.7024790
20.942580 16.0736485 -0.3234199 5.0653467 0.0217166 0.7120978 0.0180003 0.7015135
21.046320 16.2057247 -0.3254612 5.0640321 0.0208499 0.7132900 0.0163060 0.7003691
21.149940 16.3375053 -0.3273455 5.0629072 0.0195073 0.7145363 0.0160831 0.6991413
21.253550 16.4685707 -0.3285481 5.0612869 0.0195539 0.7158835 0.0167881 0.6977440
21.357170 16.5977936 -0.3304577 5.0585136 0.0195402 0.7171932 0.0164638 0.6964058
21.460820 16.7255077 -0.3320114 5.0553665 0.0187593 0.7185250 0.0158466 0.6950675
21.564620 16.8540859 -0.3336667 5.0523314 0.0169177 0.7199579 0.0159945 0.6936271
21.668140 16.9817524 -0.3348238 5.0483813 0.0158329 0.7212356 0.0157540 0.6923297
21.771790 17.1083984 -0.3361878 5.0438843 0.0155350 0.7224525 0.0157723 0.6910661
21.875360 17.2327385 -0.3373732 5.0388994 0.0156735 0.7238207 0.0155886 0.6896338
21.979040 17.3583012 -0.3386678 5.0335088 0.0156715 0.7249899 0.0158544 0.6883987
22.082650 17.4835854 -0.3402597 5.0278234 0.0149368 0.7262694 0.0158936 0.6870641
22.186210 17.6110821 -0.3413497 5.0208297 0.0139821 0.7274875 0.0148212 0.6858183
22.290250 17.7359982 -0.3428632 5.0147176 0.0117727 0.7288544 0.0102522 0.6844908
22.393570 17.8562336 -0.3455359 5.0098176 0.0120299 0.7304956 0.0042907 0.6827979
22.497250 17.9801655 -0.3486949 5.0016899 0.0177201 0.7315039 0.0059717 0.6815808
22.600850 18.1043739 -0.3524105 4.9939637 0.0185599 0.7321352 0.0100186 0.6808328
22.704440 18.2274323 -0.3542657 4.9862223 0.0143916 0.7331496 0.0134876 0.6797813
22.808100 18.3521824 -0.3547689 4.9777222 0.0091816 0.7345335 0.0147557 0.6783498
22.911770 18.4752502 -0.3544075 4.9695935 0.0058746 0.7359334 0.0140267 0.6768832
23.015390 18.5975132 -0.3540494 4.9599752 0.0058881 0.7370774 0.0136560 0.6756447
23.119010 18.7200661 -0.3539574 4.9504237 0.0087135 0.7382849 0.0146129 0.6742744
23.222650 18.8424530 -0.3548743 4.9388399 0.0116064 0.7392594 0.0146412 0.6731616
23.326370 18.9667187 -0.3559271 4.9272895 0.0131075 0.7405117 0.0141116 0.6717674
23.430070 19.0887318 -0.3566429 4.9158015 0.0131070 0.7418866 0.0140652 0.6702498
23.533710 19.2112617 -0.3574868 4.9029574 0.0126667 0.7431855 0.0147898 0.6688020
23.637320 19.3337860 -0.3577939 4.8899188 0.0123946 0.7443419 0.0154496 0.6675050
23.741080 19.4559326 -0.3585524 4.8756232 0.0126482 0.7451646 0.0159351 0.6665702
23.844680 19.5748100 -0.3591321 4.8628426 0.0124131 0.7458553 0.0158360 0.6658040
23.948430 19.6935825 -0.3592290 4.8480153 0.0129427 0.7464744 0.0158405 0.6650996
24.155650 19.9378471 -0.3594579 4.8169980 0.0125335 0.7474277 0.0182932 0.6639730
24.259390 20.0647526 -0.3599090 4.8014741 0.0125053 0.7478754 0.0197802 0.6634266
24.466620 20.3112106 -0.3589089 4.7718449 0.0124072 0.7492806 0.0162020 0.6619381
24.673870 20.5435371 -0.3609978 4.7416234 0.0111668 0.7506027 0.0146146 0.6604978
24.881210 20.7699738 -0.3645334 4.7159328 0.0096474 0.7519228 0.0128056 0.6590561
25.088320 21.0137234 -0.3637932 4.6826468 0.0090941 0.7526861 0.0135806 0.6581767
25.191950 21.1464310 -0.3644718 4.6599836 0.0088105 0.7520658 0.0158845 0.6588377
25.399160 21.3921795 -0.3633801 4.6248951 0.0084477 0.7510240 0.0221909 0.6598479
25.606390 21.6297512 -0.3617240 4.5937991 0.0059518 0.7504689 0.0152034 0.6607041
25.710010 21.7489281 -0.3614158 4.5757966 0.0044330 0.7497633 0.0128790 0.6615660
25.813620 21.8654041 -0.3635350 4.5569658 0.0035936 0.7486021 0.0116334 0.6629077
26.020850 22.1059246 -0.3591692 4.5206256 0.0048361 0.7461720 0.0130706 0.6656073
26.228100 22.2486038 -0.3389321 4.4529619 0.0027582 0.7445954 0.0084769 0.6674565
26.435440 22.4288883 -0.3403541 4.3953714 -0.0027335 0.7435194 0.0033747 0.6687002
26.642670 22.6197491 -0.3353990 4.3330021 -0.0031414 0.7423325 0.0034003 0.6700158
26.849920 22.8304520 -0.3301491 4.2701850 -0.0044599 0.7408442 0.0048900 0.6716443
27.057260 23.1006413 -0.3280807 4.2300735 -0.0046407 0.7401718 0.0024775 0.6723971
27.160890 23.2195225 -0.3252196 4.2008128 -0.0035677 0.7397029 0.0022650 0.6729204
27.368230 23.4814301 -0.3229377 4.1438408 -0.0029881 0.7384053 0.0043718 0.6743363
27.782840 23.9154892 -0.3237181 4.0761261 -0.0039962 0.7369076 0.0052836 0.6759610
28.197410 24.2853947 -0.3390637 3.9462013 -0.0043968 0.7354710 0.0049861 0.6775236
28.404640 24.5064812 -0.3122374 3.8768308 -0.0049564 0.7351022 0.0041695 0.6779253
28.611870 24.7803307 -0.3281254 3.8693333 -0.0046841 0.7357254 0.0045044 0.6772488
28.819230 25.0143242 -0.3207341 3.8336763 -0.0060935 0.7359253 0.0051417 0.6770158
29.026460 25.2461853 -0.3194219 3.8153741 -0.0066385 0.7364163 0.0045922 0.6764805
29.233840 25.4805641 -0.3142960 3.7790341 -0.0058553 0.7364278 0.0045713 0.6764754
29.648260 25.9570427 -0.3062384 3.7079687 -0.0060640 0.7363653 0.0040634 0.6765448
29.855620 26.1888123 -0.3036225 3.6764307 -0.0069509 0.7363613 0.0048736 0.6765352
30.062730 26.4273510 -0.2990667 3.6328139 -0.0056248 0.7360995 0.0050794 0.6768308
30.684470 27.1506367 -0.2726144 3.4361634 -0.0073004 0.7348619 0.0054558 0.6781556
30.891780 27.3633080 -0.2708710 3.3932536 -0.0075694 0.7351837 0.0045387 0.6778105
31.099140 27.5789948 -0.2649861 3.3457413 -0.0063212 0.7354228 0.0032214 0.6775713
31.928570 28.3427811 -0.2123128 2.9546039 -0.0056227 0.7330623 0.0068778 0.6801034
32.135930 28.6094036 -0.2083949 2.9785795 -0.0047962 0.7333301 0.0075610 0.6798138
32.550780 28.9250851 -0.2085728 2.8935614 -0.0064724 0.7325472 0.0071587 0.6806478
32.758130 29.0895939 -0.2137420 2.8453283 -0.0053909 0.7316345 0.0076465 0.6816329
33.172920 29.4828053 -0.2181769 2.7913251 -0.0061601 0.7303589 0.0076072 0.6829935
33.380050 29.6740532 -0.2171121 2.7586036 -0.0068972 0.7297805 0.0072548 0.6836082
33.587620 29.8381138 -0.2182354 2.7079003 -0.0075365 0.7291214 0.0070799 0.6843062
34.002380 30.1987324 -0.2191803 2.6183238 -0.0081783 0.7287194 0.0069611 0.6847283
34.209730 30.3649998 -0.2203037 2.5771606 -0.0088498 0.7287004 0.0063256 0.6847462
34.417100 30.5359077 -0.2240800 2.5351918 -0.0072739 0.7283099 0.0058662 0.6851841
34.624450 30.7487030 -0.2275257 2.5040038 -0.0075250 0.7281464 0.0065616 0.6853489
35.039150 31.1945515 -0.2219175 2.4966640 -0.0077678 0.7284346 0.0063922 0.6850415
35.246520 31.4063110 -0.2198424 2.4847729 -0.0082295 0.7280362 0.0064647 0.6854588
35.454000 31.6214771 -0.2186978 2.4766908 -0.0087753 0.7280483 0.0063361 0.6854404
35.661090 31.8373337 -0.2171179 2.4663572 -0.0085009 0.7277220 0.0059254 0.6857939
35.868330 32.0469437 -0.2152904 2.4553673 -0.0087644 0.7276344 0.0066253 0.6858771
36.075840 32.2563324 -0.2132204 2.4436340 -0.0076161 0.7274340 0.0058019 0.6861109
36.283280 32.4591217 -0.2124810 2.4275165 -0.0075606 0.7268169 0.0069271 0.6867547
36.490550 32.6636963 -0.2109049 2.4148898 -0.0080487 0.7264841 0.0072724 0.6870976
36.697760 32.8552666 -0.2107189 2.4075105 -0.0083783 0.7261974 0.0071016 0.6873985
36.905210 33.0484695 -0.2082656 2.3988709 -0.0076956 0.7259944 0.0063517 0.6876282
37.112590 33.2402802 -0.2072088 2.3912673 -0.0080823 0.7261360 0.0062255 0.6874754
37.423720 33.5347595 -0.2055475 2.3767974 -0.0085526 0.7266949 0.0055818 0.6868843
37.631050 33.7385712 -0.2042093 2.3636639 -0.0085631 0.7269263 0.0054918 0.6866401
37.838400 33.9294281 -0.2024831 2.3538108 -0.0085984 0.7272438 0.0064503 0.6862951
38.045630 34.1252327 -0.2011354 2.3421152 -0.0088541 0.7273519 0.0060439 0.6861809
38.356480 34.4142532 -0.1984191 2.3252652 -0.0074624 0.7269679 0.0064396 0.6866007
38.978300 34.9492226 -0.1953510 2.2686679 -0.0071864 0.7257197 0.0060466 0.6879264
39.185650 35.1218796 -0.1927162 2.2456360 -0.0074236 0.7251109 0.0077330 0.6885487
39.392880 35.2900887 -0.1900015 2.2231529 -0.0065467 0.7243276 0.0075907 0.6893831
39.703850 35.5472870 -0.1864303 2.1925266 -0.0054981 0.7232875 0.0068827 0.6904908
39.911340 35.7248116 -0.1864272 2.1773441 -0.0049213 0.7226208 0.0068693 0.6911930
40.429660 36.1683769 -0.1838418 2.1372914 -0.0044240 0.7212509 0.0060043 0.6926338
41.051600 36.6980782 -0.1797044 2.0856309 -0.0059109 0.7209027 0.0052655 0.6929910
41.362570 36.9323769 -0.1745471 2.0343428 -0.0040863 0.7196317 0.0074616 0.6943039
41.569920 37.1183167 -0.1723737 2.0261662 -0.0025366 0.7193149 0.0060396 0.6946533
41.777290 37.2947502 -0.1741558 2.0164046 -0.0025392 0.7188851 0.0070350 0.6950887
42.088380 37.5459976 -0.1754401 1.9900653 -0.0035953 0.7177555 0.0062871 0.6962576
42.399350 37.7977104 -0.1778135 1.9555836 -0.0036333 0.7163933 0.0057478 0.6976635
43.332030 38.5457649 -0.1838588 1.8309799 -0.0039915 0.7165931 0.0054134 0.6974590
43.642870 38.7881317 -0.1857021 1.7790375 -0.0044647 0.7164219 0.0061314 0.6976261
44.471930 39.1881371 -0.1853760 1.7939976 -0.0026934 0.7158006 0.0054267 0.6982784
44.990110 39.3688202 -0.1850380 1.8245299 -0.0033582 0.7139155 0.0065707 0.7001930
45.300980 39.5191078 -0.1851309 1.8353946 -0.0040688 0.7134223 0.0057461 0.7006990
45.612070 39.6554947 -0.1877688 1.8333292 -0.0040419 0.7127593 0.0065296 0.7013667
46.544720 40.1100159 -0.1856392 1.8181919 -0.0057239 0.7122506 0.0052274 0.7018824
48.410450 41.0187721 -0.1814161 1.8068037 -0.0072787 0.7056556 0.0104092 0.7084411
48.721660 41.1596031 -0.1787601 1.7998015 -0.0079244 0.7043444 0.0108792 0.7097308
48.928780 41.2531319 -0.1789081 1.8125571 -0.0081930 0.7044644 0.0101584 0.7096193
49.136000 41.3473854 -0.1774658 1.8127785 -0.0077679 0.7040377 0.0099348 0.7100506
50.172010 41.6063805 -0.1801864 1.8031934 -0.0091633 0.7007266 0.0115434 0.7132777
51.001310 41.5505295 -0.1819302 1.7717286 -0.0083402 0.6925148 0.0137220 0.7212250
51.208670 41.5386963 -0.1846855 1.7601281 -0.0074052 0.6894933 0.0144067 0.7241109
52.245440 41.5661964 -0.1839101 1.7514975 -0.0111955 0.6855851 0.0165263 0.7277188
52.452950 41.5870628 -0.1833322 1.7536595 -0.0121832 0.6860793 0.0141465 0.7272872
52.660280 41.6086006 -0.1826170 1.7556821 -0.0109115 0.6861455 0.0157535 0.7272119
52.867640 41.6292953 -0.1820547 1.7575338 -0.0096173 0.6861355 0.0166231 0.7272202
55.044310 41.8411560 -0.1771414 1.7710859 -0.0119563 0.6818044 0.0146345 0.7312904
55.251540 41.8614006 -0.1769251 1.7723702 -0.0125969 0.6811441 0.0114597 0.7319513
55.458900 41.8809624 -0.1765523 1.7739081 -0.0118821 0.6802891 0.0129383 0.7327334
55.873610 41.9215889 -0.1754947 1.7770401 -0.0100964 0.6785841 0.0126827 0.7343438
56.080860 41.9412117 -0.1752228 1.7783294 -0.0097777 0.6777233 0.0145643 0.7351077
56.495310 41.9806595 -0.1741775 1.7815342 -0.0142676 0.6767926 0.0124427 0.7359303
57.738590 42.0984001 -0.1720492 1.7923357 -0.0067963 0.6742633 0.0156524 0.7382938
57.945800 42.1177330 -0.1717523 1.7941787 -0.0093226 0.6735010 0.0156805 0.7389612
58.153180 42.1376266 -0.1712129 1.7962219 -0.0114749 0.6730635 0.0175571 0.7392873
58.360400 42.1565895 -0.1707540 1.7980447 -0.0094341 0.6720883 0.0160416 0.7402371
58.567620 42.1763496 -0.1703121 1.8000025 -0.0097153 0.6713496 0.0161185 0.7409018
58.774970 42.1959000 -0.1698666 1.8020327 -0.0103764 0.6705801 0.0167127 0.7415763
59.708260 42.2835236 -0.1676703 1.8114680 -0.0095732 0.6670753 0.0146477 0.7447848
59.915740 42.3033638 -0.1672008 1.8135587 -0.0087232 0.6662518 0.0141152 0.7455422
60.123100 42.3230629 -0.1668085 1.8159004 -0.0086842 0.6656394 0.0144778 0.7460825
60.330460 42.3425789 -0.1664886 1.8182936 -0.0096024 0.6652296 0.0144890 0.7464365
60.537830 42.3620110 -0.1661220 1.8207481 -0.0102862 0.6653049 0.0133705 0.7463812
60.745170 42.3816071 -0.1657545 1.8230510 -0.0105622 0.6654257 0.0138715 0.7462605
60.952400 42.4012871 -0.1653350 1.8253372 -0.0101302 0.6654982 0.0145067 0.7461897
61.159760 42.4209137 -0.1648766 1.8275779 -0.0085665 0.6655998 0.0141347 0.7461258
61.366980 42.4407654 -0.1644344 1.8299443 -0.0095655 0.6658735 0.0151525 0.7458495
61.574220 42.4608307 -0.1639621 1.8322638 -0.0082811 0.6658865 0.0146898 0.7458625
61.784120 42.4808311 -0.1636714 1.8345412 -0.0072795 0.6654715 0.0147397 0.7462422
61.988910 42.5002518 -0.1632317 1.8368517 -0.0094226 0.6649406 0.0164777 0.7466550
62.196570 42.5198784 -0.1627424 1.8391793 -0.0104798 0.6646433 0.0165820 0.7469033
62.403410 42.5397758 -0.1622509 1.8415617 -0.0102245 0.6643581 0.0152913 0.7471881
62.611050 42.5594635 -0.1617577 1.8439596 -0.0096180 0.6637037 0.0153218 0.7477768
62.817730 42.5794182 -0.1613315 1.8464559 -0.0084216 0.6631356 0.0148130 0.7483053
63.024960 42.5993576 -0.1609522 1.8490002 -0.0085619 0.6625538 0.0153998 0.7488071
63.232210 42.6192474 -0.1605594 1.8514807 -0.0086956 0.6619715 0.0159389 0.7493091
63.439300 42.6390076 -0.1601305 1.8540279 -0.0092588 0.6612277 0.0159629 0.7499583
63.646520 42.6591721 -0.1596846 1.8566761 -0.0085524 0.6603982 0.0162865 0.7506902
63.853630 42.6791229 -0.1593096 1.8593782 -0.0073623 0.6589076 0.0153707 0.7520308
64.060730 42.6990509 -0.1589578 1.8621086 -0.0062678 0.6576530 0.0147164 0.7531512
64.267970 42.7192039 -0.1585851 1.8649572 -0.0072882 0.6566508 0.0147019 0.7540162
64.475200 42.7394409 -0.1582949 1.8678333 -0.0068045 0.6562814 0.0128873 0.7543755
64.682580 42.7593536 -0.1580153 1.8708131 -0.0054637 0.6557878 0.0126034 0.7548203
64.889620 42.7798119 -0.1577792 1.8737142 -0.0056004 0.6553599 0.0130560 0.7551831
65.096770 42.7997017 -0.1574979 1.8766809 -0.0065224 0.6547734 0.0132501 0.7556810
65.304130 42.8200226 -0.1571753 1.8797039 -0.0074761 0.6543099 0.0137570 0.7560644
65.511370 42.8404465 -0.1567974 1.8827549 -0.0074049 0.6536765 0.0149769 0.7565897
65.822450 42.8714218 -0.1562872 1.8873397 -0.0021453 0.6527025 0.0094731 0.7575520
66.133430 42.9008446 -0.1560311 1.8922073 -0.0030766 0.6518902 0.0105924 0.7582331
66.340900 42.9217987 -0.1557441 1.8954854 -0.0049819 0.6517492 0.0115647 0.7583300
66.548250 42.9415741 -0.1555414 1.8987089 -0.0049761 0.6512619 0.0120294 0.7587413
66.755490 42.9615211 -0.1553585 1.9020959 -0.0042624 0.6509438 0.0111946 0.7590314
66.962720 42.9821701 -0.1551600 1.9053880 -0.0030559 0.6503737 0.0104948 0.7595357
67.169960 43.0027580 -0.1550435 1.9088908 -0.0037235 0.6501545 0.0109462 0.7597141
67.377190 43.0233688 -0.1549207 1.9122277 -0.0041101 0.6497171 0.0105900 0.7600912
67.584290 43.0439377 -0.1548253 1.9153819 -0.0023046 0.6491061 0.0104979 0.7606220
67.895140 43.0749054 -0.1547008 1.9205480 -0.0017274 0.6484135 0.0098768 0.7612224
68.205860 43.1058807 -0.1548024 1.9254036 -0.0013556 0.6475199 0.0115162 0.7619603
68.516600 43.1371346 -0.1544465 1.9307666 -0.0014268 0.6469617 0.0096242 0.7624604
68.723700 43.1574364 -0.1544762 1.9342905 0.0000755 0.6465332 0.0078459 0.7628455
68.930920 43.1780853 -0.1545440 1.9378440 -0.0004497 0.6462432 0.0091795 0.7630762
69.138040 43.1988258 -0.1545769 1.9413630 -0.0005044 0.6458209 0.0087437 0.7634387
69.345250 43.2196579 -0.1545960 1.9449265 0.0001987 0.6456044 0.0074465 0.7636357
69.552530 43.2405586 -0.1547097 1.9485779 0.0010113 0.6450508 0.0076061 0.7641012
70.174050 43.3037949 -0.1549144 1.9589940 0.0003537 0.6435001 0.0066619 0.7654169
70.485050 43.3323784 -0.1550970 1.9634210 0.0008951 0.6429353 0.0067178 0.7658905
70.795990 43.3573875 -0.1551091 1.9679401 0.0021995 0.6424426 0.0056784 0.7663096
71.107200 43.3806114 -0.1553845 1.9725573 0.0030807 0.6420693 0.0041957 0.7666289
71.418080 43.4052658 -0.1556026 1.9768274 0.0024064 0.6417603 0.0036110 0.7668930
71.729150 43.4298363 -0.1561137 1.9810449 0.0026407 0.6411656 0.0041968 0.7673865
71.936530 43.4445457 -0.1563209 1.9838700 0.0028461 0.6408621 0.0044231 0.7676380
72.143990 43.4574127 -0.1567509 1.9866539 0.0041441 0.6403139 0.0051710 0.7680848
72.351370 43.4720306 -0.1568137 1.9894511 0.0050547 0.6398073 0.0036996 0.7685098
72.558610 43.4864616 -0.1570489 1.9921975 0.0048173 0.6393767 0.0033911 0.7688711
72.662320 43.4938965 -0.1571480 1.9935923 0.0047344 0.6390664 0.0033564 0.7691297
72.869690 43.5084267 -0.1574004 1.9964292 0.0058066 0.6390527 0.0024200 0.7691372
72.973420 43.5156937 -0.1575532 1.9978566 0.0061532 0.6389940 0.0020594 0.7691844
73.180810 43.5301437 -0.1578118 2.0007026 0.0062093 0.6390942 0.0018383 0.7691011
73.388130 43.5446930 -0.1581082 2.0034306 0.0053034 0.6388099 0.0013075 0.7693453
73.595360 43.5594444 -0.1584290 2.0063844 0.0053766 0.6385528 0.0011390 0.7695584
73.698980 43.5667763 -0.1586282 2.0078509 0.0051021 0.6383991 0.0006695 0.7696883
73.906330 43.5809898 -0.1589609 2.0102863 0.0048658 0.6379926 0.0009156 0.7700266
74.113680 43.5946236 -0.1590659 2.0132949 0.0048377 0.6377346 0.0014652 0.7702396
74.321040 43.6085663 -0.1595063 2.0158870 0.0042856 0.6372766 0.0019476 0.7706207
74.528420 43.6203156 -0.1596433 2.0184925 0.0048023 0.6368313 0.0019704 0.7709857
74.735780 43.6329269 -0.1598394 2.0211220 0.0052152 0.6364137 0.0013594 0.7713291
74.942980 43.6439972 -0.1600826 2.0229166 0.0049985 0.6358231 0.0014737 0.7718173
75.150340 43.6562119 -0.1603507 2.0254047 0.0044481 0.6356840 0.0014168 0.7719353
75.253960 43.6623001 -0.1604801 2.0266192 0.0036347 0.6356422 0.0016117 0.7719736
75.461430 43.6745796 -0.1606772 2.0289977 0.0035309 0.6358020 0.0023141 0.7718406
75.668790 43.6867180 -0.1608816 2.0314705 0.0034198 0.6356724 0.0017248 0.7719495
75.876160 43.6988907 -0.1610924 2.0339530 0.0028427 0.6356291 0.0021949 0.7719862
76.083250 43.7108727 -0.1613410 2.0363865 0.0039210 0.6352405 0.0018133 0.7723023
76.290480 43.7229347 -0.1615720 2.0388870 0.0034462 0.6348522 0.0029575 0.7726203
76.808450 43.7503319 -0.1619734 2.0444574 0.0040950 0.6332957 0.0030515 0.7738931
77.015550 43.7621117 -0.1621657 2.0469489 0.0030203 0.6328470 0.0039020 0.7742612
77.222770 43.7737579 -0.1623501 2.0494711 0.0027503 0.6325185 0.0038606 0.7745308
77.430010 43.7848473 -0.1625057 2.0516436 0.0047354 0.6318098 0.0022911 0.7751056
77.637240 43.7964859 -0.1627143 2.0541074 0.0033221 0.6314182 0.0035281 0.7754273
77.844470 43.8078079 -0.1628628 2.0565608 0.0016054 0.6309683 0.0046304 0.7757931
78.259190 43.8300056 -0.1632575 2.0615439 0.0032155 0.6298399 0.0040143 0.7767079
78.466420 43.8410873 -0.1634816 2.0640903 0.0015817 0.6297885 0.0037880 0.7767559
78.673770 43.8519058 -0.1636329 2.0666513 0.0002263 0.6304791 0.0039494 0.7761962
79.295580 43.8843803 -0.1641262 2.0739977 0.0000183 0.6323896 0.0035815 0.7746422
79.606430 43.9007797 -0.1643336 2.0775664 0.0009816 0.6332006 0.0037157 0.7739782
79.917400 43.9167938 -0.1646076 2.0811665 0.0004043 0.6350194 0.0038724 0.7724864
82.819520 44.0634155 -0.1674707 2.1088538 -0.0016066 0.6524816 0.0056020 0.7577822
83.026880 44.0740013 -0.1675437 2.1105735 -0.0033401 0.6512625 0.0082728 0.7588001
83.234220 44.0838890 -0.1674709 2.1116076 -0.0046084 0.6495472 0.0088496 0.7602559
83.441640 44.0937347 -0.1675428 2.1126034 -0.0001847 0.6474361 0.0056532 0.7620987
83.856290 44.1140251 -0.1675688 2.1166043 -0.0009326 0.6428751 0.0091834 0.7659155
84.063650 44.1236839 -0.1674916 2.1186604 -0.0017598 0.6414782 0.0088505 0.7670881
84.271000 44.1342278 -0.1679428 2.1200836 -0.0018987 0.6397833 0.0104586 0.7684819
84.685720 44.1538925 -0.1675943 2.1198392 -0.0041969 0.6368459 0.0070972 0.7709470
84.893170 44.1635895 -0.1676804 2.1250093 -0.0049005 0.6381384 0.0073020 0.7698715
85.100490 44.1737518 -0.1680890 2.1242895 -0.0049232 0.6367593 0.0075621 0.7710099
85.411440 44.1888962 -0.1681905 2.1263680 -0.0046264 0.6362715 0.0076614 0.7714133
85.826500 44.2090149 -0.1684791 2.1285210 -0.0054695 0.6343828 0.0096117 0.7729400
86.033690 44.2185364 -0.1683570 2.1289542 -0.0063076 0.6328760 0.0092979 0.7741717
88.211600 44.3161736 -0.1662116 2.1499448 -0.0067789 0.6253538 0.0104341 0.7802421
88.418530 44.3248100 -0.1661396 2.1519041 -0.0077269 0.6258351 0.0094965 0.7798593
88.625980 44.3334351 -0.1660821 2.1538296 -0.0090153 0.6263152 0.0098086 0.7794561
89.248170 44.3589325 -0.1656601 2.1595228 -0.0097149 0.6291611 0.0142773 0.7770830
89.662760 44.3754158 -0.1654074 2.1629212 -0.0051107 0.6308270 0.0188503 0.7756777
90.077600 44.3913956 -0.1652212 2.1661656 -0.0013728 0.6334778 0.0230634 0.7734158
90.285080 44.3992462 -0.1650712 2.1677051 0.0007293 0.6352515 0.0257611 0.7718753
90.492430 44.4068985 -0.1650173 2.1692226 0.0021200 0.6376995 0.0273954 0.7697949
90.699910 44.4142761 -0.1649060 2.1706064 0.0020631 0.6420230 0.0286950 0.7661454
90.907270 44.4216003 -0.1647897 2.1718540 0.0023074 0.6476622 0.0291935 0.7613646
91.114650 44.4288139 -0.1646974 2.1729918 0.0019912 0.6557420 0.0280670 0.7544606
91.322130 44.4358826 -0.1645843 2.1739097 0.0026093 0.6665375 0.0279107 0.7449443
91.529590 44.4429131 -0.1644590 2.1745808 0.0042191 0.6784380 0.0300115 0.7340323
91.736950 44.4498062 -0.1643334 2.1750059 0.0055471 0.6909645 0.0320349 0.7221573
91.944420 44.4566383 -0.1642140 2.1751785 0.0067633 0.7044342 0.0326314 0.7089865
92.151900 44.4634285 -0.1640752 2.1750903 0.0071947 0.7188605 0.0341190 0.6942793
92.359390 44.4702225 -0.1639039 2.1747296 0.0072155 0.7342435 0.0355819 0.6779147
93.604020 44.5092812 -0.1624846 2.1658559 0.0085203 0.8303735 0.0370934 0.5559058
93.707670 44.5123825 -0.1623485 2.1645422 0.0082604 0.8379725 0.0378766 0.5443339
93.811380 44.5154305 -0.1622119 2.1631591 0.0083201 0.8457059 0.0380583 0.5322253
93.915120 44.5184326 -0.1620823 2.1616993 0.0086013 0.8533340 0.0376831 0.5199298
94.122480 44.5242805 -0.1617855 2.1584609 0.0102909 0.8678138 0.0374928 0.4953661
94.329830 44.5299377 -0.1615361 2.1549180 0.0091459 0.8816690 0.0388082 0.4701808
94.433570 44.5327187 -0.1613870 2.1530385 0.0086269 0.8883523 0.0386149 0.4574547
94.537200 44.5354500 -0.1612320 2.1510639 0.0087096 0.8947645 0.0378565 0.4448455
94.640800 44.5380898 -0.1610916 2.1490242 0.0082576 0.9008613 0.0377427 0.4323843
94.744540 44.5406837 -0.1609310 2.1469014 0.0087720 0.9066566 0.0384687 0.4200202
94.848290 44.5432320 -0.1607735 2.1447237 0.0085954 0.9123526 0.0384027 0.4075096
94.951890 44.5457077 -0.1606020 2.1424527 0.0095379 0.9177913 0.0386949 0.3950581
95.055660 44.5481300 -0.1604382 2.1401143 0.0092961 0.9230619 0.0389782 0.3825584
95.159370 44.5504913 -0.1602804 2.1377118 0.0092978 0.9282264 0.0385061 0.3699010
95.366730 44.5550346 -0.1599770 2.1327105 0.0097803 0.9378216 0.0381368 0.3448775
95.470470 44.5571976 -0.1598030 2.1301365 0.0106273 0.9422038 0.0380370 0.3327045
95.574090 44.5593262 -0.1596244 2.1274376 0.0109939 0.9463454 0.0380825 0.3207166
95.677830 44.5613861 -0.1594433 2.1247296 0.0111592 0.9503174 0.0386673 0.3086700
95.781570 44.5634079 -0.1592656 2.1219244 0.0110791 0.9542007 0.0385209 0.2964699
95.885200 44.5653458 -0.1590873 2.1190956 0.0113349 0.9579628 0.0381045 0.2841247
95.988800 44.5672226 -0.1589057 2.1161783 0.0111992 0.9616220 0.0369670 0.2716452
96.818220 44.5795555 -0.1574985 2.0904860 0.0105185 0.9858114 0.0343481 0.1639677
97.025580 44.5816841 -0.1571206 2.0837376 0.0106025 0.9900140 0.0345493 0.1362577
97.233060 44.5834961 -0.1567332 2.0766962 0.0103332 0.9935620 0.0342973 0.1074773
98.270110 44.5861473 -0.1549030 2.0403590 0.0100694 0.9985808 0.0318831 -0.0414544
98.373830 44.5858231 -0.1547065 2.0366704 0.0101735 0.9978389 0.0319339 -0.0565173
98.477450 44.5853691 -0.1545136 2.0329540 0.0102458 0.9968696 0.0322663 -0.0714492
98.684800 44.5841560 -0.1541202 2.0255759 0.0101240 0.9942760 0.0310978 -0.1017140
98.892150 44.5824738 -0.1537488 2.0181878 0.0100818 0.9908749 0.0289829 -0.1312449
98.995770 44.5814514 -0.1535760 2.0145307 0.0099417 0.9888816 0.0286801 -0.1455741
99.203130 44.5791206 -0.1532250 2.0073066 0.0098985 0.9842952 0.0292885 -0.1738020
99.306750 44.5777969 -0.1530473 2.0037153 0.0098607 0.9817274 0.0289543 -0.1878183
99.410360 44.5763931 -0.1528711 2.0001724 0.0092799 0.9790493 0.0284596 -0.2014111
99.513970 44.5748329 -0.1526863 1.9965943 0.0095459 0.9762580 0.0281832 -0.2145575
99.617730 44.5732231 -0.1525087 1.9930707 0.0099980 0.9733431 0.0279714 -0.2274221
99.721330 44.5715027 -0.1523293 1.9896197 0.0103315 0.9704095 0.0274217 -0.2396803
99.825070 44.5696831 -0.1521535 1.9862332 0.0110362 0.9673838 0.0266073 -0.2516721
99.928690 44.5677910 -0.1519725 1.9828385 0.0104648 0.9642462 0.0263227 -0.2634900
100.032400 44.5657883 -0.1517929 1.9794421 0.0109362 0.9609464 0.0270173 -0.2751954
100.239800 44.5614090 -0.1514106 1.9726684 0.0100639 0.9543648 0.0262525 -0.2973168
100.447100 44.5567703 -0.1510223 1.9661275 0.0101467 0.9479904 0.0258587 -0.3170846
100.654400 44.5518799 -0.1506800 1.9596944 0.0114062 0.9420949 0.0252594 -0.3341990
100.861600 44.5466919 -0.1503453 1.9533989 0.0124941 0.9368866 0.0232069 -0.3486385
100.965200 44.5440025 -0.1501833 1.9503103 0.0127215 0.9345064 0.0223975 -0.3550130
101.068800 44.5412598 -0.1500233 1.9472257 0.0132816 0.9321747 0.0221376 -0.3610869
101.483400 44.5300064 -0.1494002 1.9352434 0.0128917 0.9237879 0.0217082 -0.3820713
101.690600 44.5241585 -0.1490703 1.9294064 0.0138141 0.9208816 0.0227403 -0.3889332
101.897900 44.5182304 -0.1487158 1.9236956 0.0145129 0.9188157 0.0222696 -0.3937908
102.001600 44.5152550 -0.1485670 1.9208947 0.0144531 0.9177091 0.0226647 -0.3963425
102.208900 44.5090942 -0.1482284 1.9150784 0.0138189 0.9158968 0.0231717 -0.4005062
102.312600 44.5060081 -0.1480705 1.9121861 0.0138680 0.9151747 0.0235043 -0.4021325
102.727300 44.4934769 -0.1474025 1.9006934 0.0137585 0.9134051 0.0227503 -0.4061826
102.934700 44.4872131 -0.1471046 1.8949831 0.0137945 0.9128395 0.0226744 -0.4074551
103.142000 44.4808922 -0.1467893 1.8892441 0.0144104 0.9123691 0.0231881 -0.4084571
103.556700 44.4681625 -0.1460808 1.8778080 0.0139833 0.9113670 0.0239499 -0.4106593
103.764100 44.4619064 -0.1457365 1.8722181 0.0140488 0.9108630 0.0243751 -0.4117488
103.971300 44.4556007 -0.1454035 1.8666677 0.0139269 0.9103324 0.0249211 -0.4128922
104.178700 44.4493027 -0.1450561 1.8611258 0.0123220 0.9098588 0.0232983 -0.4140801
104.386000 44.4429970 -0.1447601 1.8556212 0.0118759 0.9092368 0.0220897 -0.4155231
104.697300 44.4336777 -0.1443755 1.8475672 0.0119661 0.9069071 0.0227069 -0.4205482
104.904600 44.4275780 -0.1441019 1.8424065 0.0109280 0.9037880 0.0229721 -0.4272237
105.112100 44.4214134 -0.1438373 1.8373744 0.0106026 0.8995305 0.0225777 -0.4361452
105.319400 44.4151840 -0.1435844 1.8325061 0.0096315 0.8938539 0.0238161 -0.4476217
105.526900 44.4089241 -0.1433492 1.8279244 0.0088098 0.8865969 0.0235225 -0.4618604
105.734400 44.4027176 -0.1431580 1.8236895 0.0076706 0.8776309 0.0219207 -0.4787740
105.941900 44.3964043 -0.1429567 1.8197508 0.0074075 0.8672395 0.0204863 -0.4974144
106.149400 44.3900795 -0.1427934 1.8162413 -0.0079716 -0.8550955 -0.0200105 0.5180228
106.357000 44.3836212 -0.1426351 1.8130285 -0.0072016 -0.8405827 -0.0187230 0.5413116
106.564500 44.3768387 -0.1424735 1.8101423 -0.0080270 -0.8244952 -0.0154305 0.5656015
106.771900 44.3699493 -0.1423601 1.8077003 -0.0088718 -0.8071428 -0.0133358 0.5901389
106.979300 44.3628845 -0.1422384 1.8056368 -0.0098253 -0.7875893 -0.0133239 0.6159781
107.186900 44.3557892 -0.1421538 1.8041319 -0.0092471 -0.7658088 -0.0129677 0.6428710
107.394300 44.3485374 -0.1420570 1.8030809 -0.0075128 -0.7422968 -0.0104579 0.6699475
107.601600 44.3412895 -0.1419968 1.8025533 -0.0079273 -0.7181194 -0.0092933 0.6958127
107.809100 44.3339653 -0.1419627 1.8025266 -0.0077790 -0.6924106 -0.0087843 0.7214082
108.016400 44.3268089 -0.1419325 1.8030639 -0.0076204 -0.6659842 -0.0073474 0.7458907
108.223900 44.3196831 -0.1419054 1.8041043 -0.0058925 -0.6388103 -0.0045038 0.7693285
108.431200 44.3126068 -0.1419365 1.8056710 -0.0053831 -0.6110406 -0.0017104 0.7915791
108.638800 44.3055534 -0.1419883 1.8077253 -0.0044863 -0.5824651 0.0004377 0.8128433
108.845900 44.2986832 -0.1420492 1.8102309 -0.0020201 -0.5541875 0.0040424 0.8323796
109.053200 44.2919121 -0.1421245 1.8132344 -0.0029559 -0.5275313 0.0057617 0.8495109
109.260500 44.2854996 -0.1422513 1.8166322 -0.0033124 -0.5015655 0.0082281 0.8650742
109.467900 44.2791100 -0.1423815 1.8205099 -0.0011716 -0.4748844 0.0123999 0.8799601
109.571600 44.2760544 -0.1424469 1.8225681 -0.0008676 -0.4612240 0.0119018 0.8872035
109.675300 44.2730675 -0.1425000 1.8247318 -0.0022485 -0.4466086 0.0111777 0.8946568
109.779100 44.2701607 -0.1425733 1.8269850 -0.0023179 -0.4315467 0.0088019 0.9020447
109.882700 44.2673149 -0.1426566 1.8293085 0.0013674 -0.4155843 0.0105402 0.9094926
109.986400 44.2645760 -0.1427412 1.8317477 0.0072437 -0.3998088 0.0120687 0.9164905
110.193900 44.2593536 -0.1429890 1.8368752 0.0068935 -0.3691716 0.0123526 0.9292536
110.297600 44.2568169 -0.1431168 1.8396585 0.0033287 -0.3538750 0.0129075 0.9351977
110.401400 44.2543678 -0.1432071 1.8425293 0.0021442 -0.3381892 0.0139068 0.9409729
110.505100 44.2520294 -0.1433034 1.8454494 0.0037372 -0.3221086 0.0149674 0.9465770
110.712500 44.2476578 -0.1435270 1.8515691 0.0086167 -0.2903190 0.0163608 0.9567513
110.816200 44.2457161 -0.1436053 1.8546616 0.0102618 -0.2744118 0.0173691 0.9614006
110.920000 44.2437325 -0.1437673 1.8579445 0.0112229 -0.2582525 0.0164877 0.9658715
111.023600 44.2418327 -0.1439225 1.8612726 0.0111817 -0.2419701 0.0157485 0.9700915
111.127300 44.2400436 -0.1440744 1.8646512 0.0115300 -0.2256029 0.0144600 0.9740438
111.231000 44.2383804 -0.1442330 1.8680273 0.0125601 -0.2095136 0.0141068 0.9776233
111.438400 44.2353439 -0.1445738 1.8751836 0.0132116 -0.1794928 0.0131155 0.9835831
111.645800 44.2332039 -0.1450450 1.8818805 0.0117104 -0.1525256 0.0131347 0.9881428
111.853000 44.2311516 -0.1453029 1.8891041 0.0115787 -0.1284627 0.0140319 0.9915475
112.060200 44.2294617 -0.1455469 1.8963590 0.0132085 -0.1084166 0.0161876 0.9938860
112.268400 44.2275314 -0.1458738 1.9044000 0.0121272 -0.0916664 0.0179931 0.9955534
112.474600 44.2265854 -0.1461768 1.9116802 0.0107536 -0.0766795 0.0180084 0.9968352
112.681700 44.2254372 -0.1464315 1.9194734 0.0123108 -0.0642374 0.0196079 0.9976661
112.785600 44.2249565 -0.1465730 1.9234904 0.0115445 -0.0603025 0.0204460 0.9979039
112.992400 44.2240067 -0.1468295 1.9315292 0.0108280 -0.0553743 0.0194286 0.9982179
113.096000 44.2235260 -0.1469498 1.9356362 0.0110426 -0.0537548 0.0188646 0.9983149
113.199600 44.2231178 -0.1470787 1.9397091 0.0102993 -0.0528003 0.0185301 0.9983800
113.407300 44.2221870 -0.1473189 1.9480362 0.0082558 -0.0510421 0.0184301 0.9984923
113.614200 44.2213287 -0.1475114 1.9564750 0.0087611 -0.0492759 0.0189768 0.9985665
113.823800 44.2204628 -0.1477598 1.9648744 0.0102500 -0.0477691 0.0179545 0.9986444
114.028800 44.2197609 -0.1479797 1.9733423 0.0086498 -0.0461763 0.0188990 0.9987171
