1.000000e+00 1.197625e-11 1.704638e-10 0.000000e+00 1.197625e-11 1.000000e+00 3.562503e-10 -1.110223e-16 1.704638e-10 3.562503e-10 1.000000e+00 2.220446e-16
9.999995e-01 7.196824e-04 -6.870876e-04 -1.401751e-02 -7.197717e-04 9.999997e-01 -1.295633e-04 -2.820321e-02 6.869946e-04 1.300585e-04 9.999998e-01 1.198998e+00
9.999981e-01 1.430880e-03 -1.366265e-03 -2.787365e-02 -1.431233e-03 9.999989e-01 -2.576187e-04 -5.608120e-02 1.365895e-03 2.595743e-04 9.999990e-01 2.384181e+00
9.999956e-01 2.145639e-03 -2.049036e-03 -4.180320e-02 -2.146435e-03 9.999976e-01 -3.863468e-04 -8.410629e-02 2.048203e-03 3.907438e-04 9.999978e-01 3.575628e+00
9.999922e-01 2.860329e-03 -2.731935e-03 -5.573543e-02 -2.861747e-03 9.999957e-01 -5.150906e-04 -1.121362e-01 2.730451e-03 5.229053e-04 9.999961e-01 4.767291e+00
9.999878e-01 3.576816e-03 -3.416746e-03 -6.970674e-02 -3.579038e-03 9.999934e-01 -6.441878e-04 -1.402442e-01 3.414420e-03 6.564092e-04 9.999940e-01 5.962283e+00
9.999824e-01 4.290400e-03 -4.098979e-03 -8.362554e-02 -4.293603e-03 9.999905e-01 -7.727885e-04 -1.682458e-01 4.095625e-03 7.903748e-04 9.999913e-01 7.152769e+00
9.999760e-01 5.005068e-03 -4.782444e-03 -9.756958e-02 -5.009436e-03 9.999870e-01 -9.016141e-04 -1.962977e-01 4.777870e-03 9.255504e-04 9.999882e-01 8.345400e+00
9.999687e-01 5.718771e-03 -5.465184e-03 -1.114989e-01 -5.724485e-03 9.999831e-01 -1.030294e-03 -2.243193e-01 5.459201e-03 1.061548e-03 9.999845e-01 9.536762e+00
9.999604e-01 6.432384e-03 -6.148038e-03 -1.254307e-01 -6.439629e-03 9.999786e-01 -1.158988e-03 -2.523452e-01 6.140452e-03 1.198534e-03 9.999804e-01 1.072832e+01
9.999511e-01 7.145767e-03 -6.830869e-03 -1.393621e-01 -7.154725e-03 9.999736e-01 -1.287669e-03 -2.803697e-01 6.821488e-03 1.336480e-03 9.999758e-01 1.191983e+01
9.999311e-01 8.435908e-03 -8.163220e-03 -1.671408e-01 -8.448594e-03 9.999631e-01 -1.520606e-03 -3.362948e-01 8.150093e-03 1.589470e-03 9.999655e-01 1.430348e+01
9.999063e-01 1.021484e-02 -9.110264e-03 -1.818140e-01 -1.023202e-02 9.999459e-01 -1.840097e-03 -3.654237e-01 9.090976e-03 1.933142e-03 9.999568e-01 1.549659e+01
9.999045e-01 9.373887e-03 -1.015134e-02 -2.081761e-01 -9.389118e-03 9.999548e-01 -1.453538e-03 -4.191514e-01 1.013726e-02 1.548712e-03 9.999474e-01 1.788104e+01
9.999026e-01 9.037036e-03 -1.063812e-02 -2.220687e-01 -9.048731e-03 9.999585e-01 -1.051573e-03 -4.450814e-01 1.062817e-02 1.147733e-03 9.999429e-01 1.907663e+01
9.998928e-01 9.270131e-03 -1.133310e-02 -2.372951e-01 -9.293058e-03 9.999548e-01 -1.971849e-03 -4.715143e-01 1.131431e-02 2.076957e-03 9.999338e-01 2.027019e+01
9.998895e-01 9.007105e-03 -1.182761e-02 -2.531559e-01 -9.043321e-03 9.999545e-01 -3.011911e-03 -4.977817e-01 1.179995e-02 3.118539e-03 9.999255e-01 2.146468e+01
9.998739e-01 9.613273e-03 -1.263921e-02 -2.707637e-01 -9.644484e-03 9.999506e-01 -2.410510e-03 -5.247441e-01 1.261541e-02 2.532105e-03 9.999172e-01 2.265883e+01
9.998622e-01 9.849565e-03 -1.336112e-02 -2.887908e-01 -9.880847e-03 9.999486e-01 -2.277132e-03 -5.527301e-01 1.333801e-02 2.408838e-03 9.999082e-01 2.385296e+01
9.998496e-01 9.852334e-03 -1.427518e-02 -3.071147e-01 -9.896726e-03 9.999464e-01 -3.042267e-03 -5.812326e-01 1.424445e-02 3.183087e-03 9.998935e-01 2.504684e+01
9.998348e-01 1.011489e-02 -1.510546e-02 -3.273512e-01 -1.015685e-02 9.999447e-01 -2.703181e-03 -6.069839e-01 1.507729e-02 2.856158e-03 9.998823e-01 2.624310e+01
9.998322e-01 9.254980e-03 -1.580829e-02 -3.472488e-01 -9.264587e-03 9.999569e-01 -5.344808e-04 -6.329432e-01 1.580266e-02 6.808490e-04 9.998749e-01 2.744168e+01
9.998234e-01 8.611256e-03 -1.670535e-02 -3.677985e-01 -8.617934e-03 9.999628e-01 -3.276812e-04 -6.565642e-01 1.670191e-02 4.715896e-04 9.998604e-01 2.863712e+01
9.998146e-01 7.984938e-03 -1.751954e-02 -3.892136e-01 -8.016013e-03 9.999664e-01 -1.704144e-03 -6.824261e-01 1.750535e-02 1.844266e-03 9.998451e-01 2.982830e+01
9.997835e-01 7.872528e-03 -1.925948e-02 -4.357161e-01 -7.922232e-03 9.999655e-01 -2.505745e-03 -7.356474e-01 1.923909e-02 2.657781e-03 9.998114e-01 3.223193e+01
9.997742e-01 7.403986e-03 -1.991672e-02 -4.596533e-01 -7.444296e-03 9.999704e-01 -1.950489e-03 -7.632533e-01 1.990169e-02 2.098315e-03 9.997997e-01 3.342024e+01
9.997630e-01 7.159487e-03 -2.056208e-02 -4.846981e-01 -7.195731e-03 9.999727e-01 -1.689150e-03 -7.915945e-01 2.054943e-02 1.836709e-03 9.997872e-01 3.461480e+01
9.997578e-01 6.402722e-03 -2.105455e-02 -5.098190e-01 -6.438109e-03 9.999779e-01 -1.613319e-03 -8.182722e-01 2.104376e-02 1.748481e-03 9.997770e-01 3.581256e+01
9.997456e-01 5.595697e-03 -2.184987e-02 -5.627412e-01 -5.621433e-03 9.999836e-01 -1.116570e-03 -8.734675e-01 2.184326e-02 1.239114e-03 9.997606e-01 3.820690e+01
9.997473e-01 6.200803e-03 -2.160647e-02 -6.181703e-01 -6.179958e-03 9.999803e-01 1.031475e-03 -9.268582e-01 2.161244e-02 -8.976860e-04 9.997660e-01 4.060244e+01
9.997432e-01 6.994168e-03 -2.155419e-02 -6.466319e-01 -6.982521e-03 9.999754e-01 6.156644e-04 -9.531287e-01 2.155797e-02 -4.650029e-04 9.997675e-01 4.179871e+01
9.997217e-01 1.079817e-02 -2.097680e-02 -7.080160e-01 -1.075808e-02 9.999401e-01 2.023359e-03 -1.000412e+00 2.099740e-02 -1.797125e-03 9.997779e-01 4.419563e+01
9.997511e-01 1.107363e-02 -1.936701e-02 -7.358613e-01 -1.097598e-02 9.999265e-01 5.141411e-03 -1.020365e+00 1.942252e-02 -4.927557e-03 9.997992e-01 4.539563e+01
9.998038e-01 1.191970e-02 -1.582127e-02 -7.844470e-01 -1.174383e-02 9.998687e-01 1.116292e-02 -1.051207e+00 1.595226e-02 -1.097492e-02 9.998125e-01 4.780149e+01
9.998273e-01 1.160707e-02 -1.451319e-02 -8.050204e-01 -1.141471e-02 9.998468e-01 1.326758e-02 -1.064092e+00 1.466497e-02 -1.309962e-02 9.998067e-01 4.900454e+01
9.998655e-01 9.923126e-03 -1.305597e-02 -8.220020e-01 -9.772672e-03 9.998857e-01 1.153769e-02 -1.073850e+00 1.316897e-02 -1.140854e-02 9.998482e-01 5.020348e+01
9.998740e-01 1.039847e-02 -1.199806e-02 -8.402902e-01 -1.028811e-02 9.999045e-01 9.223321e-03 -1.085315e+00 1.209283e-02 -9.098718e-03 9.998855e-01 5.140457e+01
9.998708e-01 1.154741e-02 -1.118360e-02 -8.594630e-01 -1.144656e-02 9.998936e-01 9.040290e-03 -1.098286e+00 1.128680e-02 -8.911106e-03 9.998966e-01 5.260583e+01
9.998820e-01 1.057346e-02 -1.114335e-02 -8.753783e-01 -1.047818e-02 9.999083e-01 8.574574e-03 -1.112635e+00 1.123299e-02 -8.456798e-03 9.999012e-01 5.381125e+01
9.998803e-01 9.904895e-03 -1.188406e-02 -8.928730e-01 -9.811863e-03 9.999209e-01 7.861425e-03 -1.127883e+00 1.196099e-02 -7.743878e-03 9.998985e-01 5.501520e+01
9.998592e-01 1.007197e-02 -1.341953e-02 -9.118602e-01 -9.967695e-03 9.999198e-01 7.815017e-03 -1.143152e+00 1.349716e-02 -7.680153e-03 9.998794e-01 5.622027e+01
9.998373e-01 1.009708e-02 -1.494468e-02 -9.332309e-01 -9.958179e-03 9.999068e-01 9.339764e-03 -1.160687e+00 1.503759e-02 -9.189421e-03 9.998447e-01 5.742777e+01
9.998225e-01 1.009404e-02 -1.590911e-02 -9.562150e-01 -9.940127e-03 9.999033e-01 9.724525e-03 -1.175655e+00 1.600573e-02 -9.564658e-03 9.998262e-01 5.863262e+01
9.997987e-01 1.105266e-02 -1.674529e-02 -9.814360e-01 -1.089512e-02 9.998958e-01 9.469924e-03 -1.190278e+00 1.684822e-02 -9.285574e-03 9.998149e-01 5.983857e+01
9.997821e-01 1.144537e-02 -1.745778e-02 -1.006715e+00 -1.128333e-02 9.998926e-01 9.352647e-03 -1.205600e+00 1.756296e-02 -9.153625e-03 9.998039e-01 6.104209e+01
9.997862e-01 1.080107e-02 -1.763248e-02 -1.031126e+00 -1.064714e-02 9.999046e-01 8.800715e-03 -1.221320e+00 1.772586e-02 -8.611096e-03 9.998058e-01 6.224563e+01
9.997955e-01 9.508883e-03 -1.785067e-02 -1.053863e+00 -9.370520e-03 9.999255e-01 7.818952e-03 -1.237483e+00 1.792369e-02 -7.650080e-03 9.998101e-01 6.344747e+01
9.997930e-01 9.088420e-03 -1.820103e-02 -1.078473e+00 -8.930260e-03 9.999218e-01 8.752215e-03 -1.251701e+00 1.827916e-02 -8.587861e-03 9.997960e-01 6.464755e+01
9.997889e-01 9.083060e-03 -1.842881e-02 -1.103193e+00 -8.882419e-03 9.999007e-01 1.094025e-02 -1.267101e+00 1.852635e-02 -1.077425e-02 9.997703e-01 6.585040e+01
9.997792e-01 9.523957e-03 -1.872882e-02 -1.129538e+00 -9.347320e-03 9.999112e-01 9.496443e-03 -1.281112e+00 1.881760e-02 -9.319280e-03 9.997795e-01 6.704761e+01
9.997624e-01 1.103353e-02 -1.880211e-02 -1.157680e+00 -1.088822e-02 9.999102e-01 7.813077e-03 -1.293922e+00 1.888663e-02 -7.606496e-03 9.997927e-01 6.824107e+01
9.997347e-01 1.319593e-02 -1.887929e-02 -1.186930e+00 -1.304722e-02 9.998830e-01 7.978688e-03 -1.309417e+00 1.898237e-02 -7.730246e-03 9.997899e-01 6.943527e+01
9.996883e-01 1.665714e-02 -1.859770e-02 -1.243226e+00 -1.649733e-02 9.998259e-01 8.713768e-03 -1.339456e+00 1.873961e-02 -8.404237e-03 9.997891e-01 7.181600e+01
9.996991e-01 1.706543e-02 -1.762360e-02 -1.268567e+00 -1.689744e-02 9.998108e-01 9.637712e-03 -1.355743e+00 1.778473e-02 -9.337016e-03 9.997983e-01 7.300219e+01
9.997520e-01 1.814331e-02 -1.291317e-02 -1.310252e+00 -1.802225e-02 9.997931e-01 9.430321e-03 -1.390125e+00 1.308160e-02 -9.195255e-03 9.998722e-01 7.536554e+01
9.998364e-01 1.463832e-02 -1.062524e-02 -1.320138e+00 -1.459781e-02 9.998859e-01 3.880945e-03 -1.407515e+00 1.068084e-02 -3.725203e-03 9.999360e-01 7.654079e+01
9.998511e-01 1.519312e-02 -8.185862e-03 -1.330920e+00 -1.517584e-02 9.998825e-01 2.169593e-03 -1.427085e+00 8.217863e-03 -2.045042e-03 9.999642e-01 7.771630e+01
9.998810e-01 1.450242e-02 -5.257612e-03 -1.337950e+00 -1.447064e-02 9.998771e-01 6.033895e-03 -1.448797e+00 5.344472e-03 -5.957094e-03 9.999680e-01 7.889460e+01
9.998850e-01 1.502471e-02 2.051608e-03 -1.342290e+00 -1.503622e-02 9.998706e-01 5.712941e-03 -1.485826e+00 -1.965507e-03 -5.743131e-03 9.999816e-01 8.123454e+01
9.998850e-01 1.413375e-02 5.503277e-03 -1.335651e+00 -1.415117e-02 9.998949e-01 3.138992e-03 -1.506096e+00 -5.458334e-03 -3.216507e-03 9.999799e-01 8.239913e+01
9.998797e-01 1.272917e-02 8.863339e-03 -1.323865e+00 -1.272312e-02 9.999188e-01 -7.394368e-04 -1.530312e+00 -8.872032e-03 6.265791e-04 9.999605e-01 8.355801e+01
9.998558e-01 1.187376e-02 1.214485e-02 -1.309268e+00 -1.185235e-02 9.999281e-01 -1.833271e-03 -1.555472e+00 -1.216575e-02 1.689062e-03 9.999246e-01 8.471745e+01
9.997260e-01 1.277107e-02 1.961989e-02 -1.273121e+00 -1.279238e-02 9.999177e-01 9.604842e-04 -1.605074e+00 -1.960601e-02 -1.211205e-03 9.998071e-01 8.703114e+01
9.995737e-01 1.212483e-02 2.656002e-02 -1.216671e+00 -1.202445e-02 9.999199e-01 -3.935727e-03 -1.656163e+00 -2.660561e-02 3.614679e-03 9.996395e-01 8.933336e+01
9.994064e-01 1.086439e-02 3.269309e-02 -1.144128e+00 -1.076847e-02 9.999372e-01 -3.108733e-03 -1.710419e+00 -3.272481e-02 2.754834e-03 9.994606e-01 9.163655e+01
9.992253e-01 9.287854e-03 3.824408e-02 -1.056015e+00 -9.297315e-03 9.999568e-01 6.948751e-05 -1.760650e+00 -3.824179e-02 -4.250003e-04 9.992684e-01 9.394713e+01
9.990531e-01 6.863193e-03 4.296190e-02 -9.539660e-01 -6.830006e-03 9.999762e-01 -9.192473e-04 -1.809543e+00 -4.296719e-02 6.249473e-04 9.990763e-01 9.625538e+01
9.988685e-01 5.748713e-03 4.720814e-02 -8.410031e-01 -5.394134e-03 9.999563e-01 -7.634949e-03 -1.861916e+00 -4.724997e-02 7.371663e-03 9.988559e-01 9.857222e+01
9.987595e-01 5.954325e-03 4.943638e-02 -7.233569e-01 -5.563042e-03 9.999521e-01 -8.048731e-03 -1.922457e+00 -4.948194e-02 7.763729e-03 9.987449e-01 1.009141e+02
9.988645e-01 5.468002e-03 4.732677e-02 -6.077182e-01 -5.265287e-03 9.999764e-01 -4.406917e-03 -1.983093e+00 -4.734975e-02 4.152724e-03 9.988697e-01 1.032788e+02
9.991887e-01 6.377172e-03 3.976665e-02 -4.483272e-01 -6.255912e-03 9.999754e-01 -3.173039e-03 -2.069739e+00 -3.978591e-02 2.921688e-03 9.992040e-01 1.068672e+02
9.994529e-01 7.975423e-03 3.209954e-02 -3.651076e-01 -7.874505e-03 9.999636e-01 -3.269149e-03 -2.127000e+00 -3.212445e-02 3.014592e-03 9.994793e-01 1.092786e+02
9.995691e-01 8.622270e-03 2.805899e-02 -3.290753e-01 -8.565552e-03 9.999610e-01 -2.141033e-03 -2.156853e+00 -2.807636e-02 1.899770e-03 9.996040e-01 1.104916e+02
9.997737e-01 8.964040e-03 1.929126e-02 -2.726718e-01 -8.955499e-03 9.999597e-01 -5.291835e-04 -2.213402e+00 -1.929523e-02 3.563015e-04 9.998138e-01 1.129237e+02
9.998512e-01 9.347451e-03 1.450220e-02 -2.537792e-01 -9.343926e-03 9.999563e-01 -3.109408e-04 -2.240145e+00 -1.450447e-02 1.753877e-04 9.998948e-01 1.141425e+02
9.999025e-01 1.017829e-02 9.563341e-03 -2.415523e-01 -1.017616e-02 9.999482e-01 -2.718613e-04 -2.267804e+00 -9.565613e-03 1.745173e-04 9.999542e-01 1.153628e+02
9.999322e-01 1.069373e-02 4.603702e-03 -2.340717e-01 -1.069143e-02 9.999427e-01 -5.259432e-04 -2.296830e+00 -4.609062e-03 4.766880e-04 9.999893e-01 1.165860e+02
9.999330e-01 1.157952e-02 -4.926628e-05 -2.325711e-01 -1.157957e-02 9.999323e-01 -1.083758e-03 -2.327575e+00 3.671389e-05 1.084256e-03 9.999994e-01 1.178116e+02
9.999030e-01 1.341513e-02 -3.741016e-03 -2.372931e-01 -1.342029e-02 9.999090e-01 -1.356297e-03 -2.358001e+00 3.722482e-03 1.406371e-03 9.999921e-01 1.190399e+02
9.998370e-01 1.671111e-02 -6.828606e-03 -2.562318e-01 -1.672110e-02 9.998592e-01 -1.409243e-03 -2.417424e+00 6.804096e-03 1.523196e-03 9.999757e-01 1.215013e+02
9.997912e-01 1.884223e-02 -7.907589e-03 -2.696789e-01 -1.885055e-02 9.998218e-01 -9.793676e-04 -2.444635e+00 7.887727e-03 1.128226e-03 9.999683e-01 1.227424e+02
9.997474e-01 2.029456e-02 -9.654303e-03 -2.970155e-01 -2.029377e-02 9.997940e-01 1.809995e-04 -2.498919e+00 9.655989e-03 1.496909e-05 9.999534e-01 1.252241e+02
9.996212e-01 2.520161e-02 -1.106575e-02 -3.360760e-01 -2.514942e-02 9.996720e-01 4.830972e-03 -2.543289e+00 1.118387e-02 -4.550843e-03 9.999271e-01 1.277202e+02
9.996381e-01 2.388106e-02 -1.238522e-02 -3.704424e-01 -2.384011e-02 9.997098e-01 3.443432e-03 -2.578125e+00 1.246386e-02 -3.146919e-03 9.999174e-01 1.302201e+02
9.997230e-01 1.881769e-02 -1.413891e-02 -3.976226e-01 -1.873314e-02 9.998060e-01 6.088651e-03 -2.614808e+00 1.425075e-02 -5.822097e-03 9.998815e-01 1.327335e+02
9.997891e-01 1.427647e-02 -1.476542e-02 -4.299121e-01 -1.413295e-02 9.998523e-01 9.779037e-03 -2.646140e+00 1.490285e-02 -9.568293e-03 9.998432e-01 1.352593e+02
9.998429e-01 9.895168e-03 -1.470929e-02 -4.438867e-01 -9.781329e-03 9.999218e-01 7.791337e-03 -2.660056e+00 1.478524e-02 -7.646234e-03 9.998615e-01 1.365226e+02
9.998778e-01 5.644588e-03 -1.457692e-02 -4.720570e-01 -5.557022e-03 9.999663e-01 6.040789e-03 -2.693213e+00 1.461053e-02 -5.959045e-03 9.998755e-01 1.390568e+02
9.998820e-01 5.598248e-03 -1.430578e-02 -4.908150e-01 -5.506331e-03 9.999640e-01 6.456574e-03 -2.711316e+00 1.434142e-02 -6.377037e-03 9.998768e-01 1.403306e+02
9.998800e-01 8.591962e-03 -1.289361e-02 -5.316574e-01 -8.463478e-03 9.999143e-01 9.986780e-03 -2.744134e+00 1.297831e-02 -9.876454e-03 9.998670e-01 1.428802e+02
9.998890e-01 8.954282e-03 -1.191151e-02 -5.681071e-01 -8.876444e-03 9.999390e-01 6.571729e-03 -2.775354e+00 1.196963e-02 -6.465265e-03 9.999075e-01 1.454241e+02
9.999061e-01 7.812498e-03 -1.125845e-02 -6.015689e-01 -7.808799e-03 9.999694e-01 3.725598e-04 -2.818864e+00 1.126102e-02 -2.846090e-04 9.999366e-01 1.479611e+02
9.999147e-01 7.643519e-03 -1.059073e-02 -6.344428e-01 -7.688832e-03 9.999614e-01 -4.244256e-03 -2.875057e+00 1.055788e-02 4.325325e-03 9.999349e-01 1.504924e+02
9.999151e-01 7.470657e-03 -1.068148e-02 -6.492857e-01 -7.512242e-03 9.999643e-01 -3.858175e-03 -2.908757e+00 1.065227e-02 3.938089e-03 9.999355e-01 1.517562e+02
9.999008e-01 8.932264e-03 -1.088975e-02 -6.841745e-01 -8.957684e-03 9.999572e-01 -2.287657e-03 -2.969914e+00 1.086885e-02 2.384978e-03 9.999381e-01 1.542883e+02
9.998937e-01 9.403347e-03 -1.114181e-02 -7.034750e-01 -9.423055e-03 9.999541e-01 -1.717437e-03 -2.997619e+00 1.112515e-02 1.822245e-03 9.999365e-01 1.555533e+02
9.998850e-01 9.671333e-03 -1.168366e-02 -7.212308e-01 -9.694938e-03 9.999510e-01 -1.965176e-03 -3.024885e+00 1.166408e-02 2.078223e-03 9.999298e-01 1.568169e+02
9.998709e-01 9.437093e-03 -1.300483e-02 -7.581397e-01 -9.446748e-03 9.999551e-01 -6.809684e-04 -3.079341e+00 1.299782e-02 8.037345e-04 9.999152e-01 1.593422e+02
9.998535e-01 1.030765e-02 -1.366465e-02 -7.785169e-01 -1.031359e-02 9.999467e-01 -3.643023e-04 -3.107330e+00 1.366017e-02 5.051812e-04 9.999066e-01 1.606037e+02
9.998420e-01 1.059246e-02 -1.427720e-02 -7.989665e-01 -1.061205e-02 9.999428e-01 -1.296387e-03 -3.135262e+00 1.426265e-02 1.447693e-03 9.998972e-01 1.618641e+02
9.998251e-01 1.103635e-02 -1.510106e-02 -8.210143e-01 -1.107364e-02 9.999358e-01 -2.387686e-03 -3.162340e+00 1.507374e-02 2.554492e-03 9.998831e-01 1.631262e+02
9.998060e-01 1.187481e-02 -1.571594e-02 -8.448485e-01 -1.191344e-02 9.999262e-01 -2.366601e-03 -3.191224e+00 1.568668e-02 2.553373e-03 9.998737e-01 1.643903e+02
9.997825e-01 1.181146e-02 -1.718910e-02 -8.915914e-01 -1.188598e-02 9.999203e-01 -4.239466e-03 -3.252329e+00 1.713766e-02 4.442854e-03 9.998433e-01 1.669143e+02
9.997696e-01 1.198696e-02 -1.780678e-02 -9.159259e-01 -1.206133e-02 9.999189e-01 -4.074819e-03 -3.282708e+00 1.775650e-02 4.288653e-03 9.998332e-01 1.681765e+02
9.997374e-01 1.240974e-02 -1.926473e-02 -9.682551e-01 -1.245386e-02 9.999201e-01 -2.172174e-03 -3.344600e+00 1.923624e-02 2.411524e-03 9.998121e-01 1.707047e+02
9.997203e-01 1.277294e-02 -1.990499e-02 -9.957698e-01 -1.281257e-02 9.999162e-01 -1.864756e-03 -3.373848e+00 1.987950e-02 2.119268e-03 9.998001e-01 1.719707e+02
9.996846e-01 1.341994e-02 -2.122912e-02 -1.053647e+00 -1.347116e-02 9.999067e-01 -2.271637e-03 -3.431925e+00 2.119666e-02 2.556902e-03 9.997721e-01 1.744983e+02
9.996489e-01 1.465281e-02 -2.207794e-02 -1.111965e+00 -1.470976e-02 9.998889e-01 -2.418874e-03 -3.491932e+00 2.204005e-02 2.742786e-03 9.997533e-01 1.770264e+02
9.996424e-01 1.457372e-02 -2.241892e-02 -1.140940e+00 -1.465169e-02 9.998871e-01 -3.317459e-03 -3.523533e+00 2.236804e-02 3.644748e-03 9.997432e-01 1.782891e+02
9.996589e-01 1.325812e-02 -2.250071e-02 -1.167498e+00 -1.337849e-02 9.998969e-01 -5.207424e-03 -3.555449e+00 2.242935e-02 5.506673e-03 9.997333e-01 1.795492e+02
9.996814e-01 1.024882e-02 -2.306885e-02 -1.220912e+00 -1.028926e-02 9.999457e-01 -1.634951e-03 -3.617217e+00 2.305085e-02 1.871792e-03 9.997326e-01 1.820722e+02
9.996814e-01 1.002918e-02 -2.316311e-02 -1.249819e+00 -9.950237e-03 9.999443e-01 3.520889e-03 -3.644685e+00 2.319713e-02 -3.289288e-03 9.997255e-01 1.833367e+02
9.996734e-01 1.036281e-02 -2.336066e-02 -1.280267e+00 -1.030116e-02 9.999431e-01 2.757641e-03 -3.669131e+00 2.338791e-02 -2.516097e-03 9.997233e-01 1.845934e+02
9.996606e-01 1.201921e-02 -2.311524e-02 -1.311919e+00 -1.202986e-02 9.999276e-01 -3.217053e-04 -3.694209e+00 2.310970e-02 5.996700e-04 9.997328e-01 1.858431e+02
9.996511e-01 1.188341e-02 -2.358974e-02 -1.371475e+00 -1.194447e-02 9.999256e-01 -2.448977e-03 -3.752664e+00 2.355889e-02 2.729890e-03 9.997187e-01 1.883388e+02
9.996551e-01 1.202913e-02 -2.334368e-02 -1.429913e+00 -1.200463e-02 9.999272e-01 1.189625e-03 -3.811043e+00 2.335630e-02 -9.089811e-04 9.997268e-01 1.908308e+02
9.997053e-01 1.146956e-02 -2.139564e-02 -1.482347e+00 -1.143659e-02 9.999332e-01 1.663004e-03 -3.868861e+00 2.141328e-02 -1.417820e-03 9.997697e-01 1.933035e+02
9.997735e-01 1.002801e-02 -1.877428e-02 -1.525428e+00 -1.005744e-02 9.999483e-01 -1.473791e-03 -3.929306e+00 1.875854e-02 1.662279e-03 9.998227e-01 1.957610e+02
9.998262e-01 9.265399e-03 -1.617662e-02 -1.561315e+00 -9.289747e-03 9.999558e-01 -1.430490e-03 -3.994523e+00 1.616265e-02 1.580518e-03 9.998681e-01 1.981987e+02
9.998606e-01 9.654808e-03 -1.362211e-02 -1.593225e+00 -9.642126e-03 9.999530e-01 9.965228e-04 -4.055718e+00 1.363109e-02 -8.650369e-04 9.999067e-01 2.006192e+02
9.998948e-01 1.008993e-02 -1.042026e-02 -1.629855e+00 -1.007460e-02 9.999481e-01 1.522759e-03 -4.142166e+00 1.043509e-02 -1.417618e-03 9.999446e-01 2.042033e+02
9.999104e-01 1.012366e-02 -8.754828e-03 -1.649074e+00 -1.011278e-02 9.999480e-01 1.287178e-03 -4.196218e+00 8.767405e-03 -1.198526e-03 9.999609e-01 2.065525e+02
9.999313e-01 8.300880e-03 -8.282961e-03 -1.670517e+00 -8.272806e-03 9.999599e-01 3.418130e-03 -4.277047e+00 8.311003e-03 -3.349370e-03 9.999599e-01 2.099818e+02
9.999233e-01 8.543601e-03 -8.972630e-03 -1.680916e+00 -8.513509e-03 9.999580e-01 3.386803e-03 -4.301812e+00 9.001190e-03 -3.310153e-03 9.999540e-01 2.110937e+02
9.999105e-01 9.129603e-03 -9.785277e-03 -1.705386e+00 -9.115221e-03 9.999573e-01 1.513563e-03 -4.351615e+00 9.798678e-03 -1.424232e-03 9.999510e-01 2.132749e+02
9.998981e-01 8.510470e-03 -1.146091e-02 -1.730641e+00 -8.494998e-03 9.999629e-01 1.398205e-03 -4.402081e+00 1.147238e-02 -1.300701e-03 9.999334e-01 2.154046e+02
9.998818e-01 8.129220e-03 -1.304707e-02 -1.744177e+00 -8.101782e-03 9.999648e-01 2.154590e-03 -4.426871e+00 1.306412e-02 -2.048630e-03 9.999126e-01 2.164482e+02
9.998623e-01 7.075987e-03 -1.501205e-02 -1.758097e+00 -7.022485e-03 9.999688e-01 3.613773e-03 -4.450451e+00 1.503715e-02 -3.507852e-03 9.998808e-01 2.174854e+02
9.997825e-01 7.515842e-03 -1.945529e-02 -1.796549e+00 -7.402042e-03 9.999551e-01 5.914789e-03 -4.494237e+00 1.949887e-02 -5.769491e-03 9.997932e-01 2.195114e+02
9.997238e-01 7.888414e-03 -2.213934e-02 -1.820190e+00 -7.773002e-03 9.999557e-01 5.294275e-03 -4.513126e+00 2.218012e-02 -5.120721e-03 9.997409e-01 2.204950e+02
9.996589e-01 7.966565e-03 -2.487172e-02 -1.844527e+00 -7.835822e-03 9.999550e-01 5.349820e-03 -4.532452e+00 2.491322e-02 -5.153103e-03 9.996763e-01 2.214612e+02
9.995792e-01 8.537703e-03 -2.772305e-02 -1.871601e+00 -8.373634e-03 9.999467e-01 6.028901e-03 -4.553298e+00 2.777305e-02 -5.794219e-03 9.995975e-01 2.224026e+02
9.994888e-01 8.894846e-03 -3.070881e-02 -1.900504e+00 -8.713670e-03 9.999438e-01 6.028646e-03 -4.574348e+00 3.076072e-02 -5.757976e-03 9.995102e-01 2.233228e+02
9.993905e-01 8.840090e-03 -3.377245e-02 -1.931080e+00 -8.663861e-03 9.999481e-01 5.360979e-03 -4.594192e+00 3.381809e-02 -5.065110e-03 9.994152e-01 2.242192e+02
9.992779e-01 8.632605e-03 -3.700289e-02 -1.963226e+00 -8.456524e-03 9.999522e-01 4.912510e-03 -4.613875e+00 3.704353e-02 -4.596045e-03 9.993031e-01 2.250932e+02
9.990191e-01 1.011427e-02 -4.311066e-02 -2.036110e+00 -9.956056e-03 9.999429e-01 3.883171e-03 -4.655490e+00 4.314748e-02 -3.450149e-03 9.990628e-01 2.267758e+02
9.988931e-01 1.204947e-02 -4.546860e-02 -2.076063e+00 -1.187886e-02 9.999213e-01 4.020761e-03 -4.674144e+00 4.551348e-02 -3.476194e-03 9.989577e-01 2.275885e+02
9.988548e-01 1.291834e-02 -4.606738e-02 -2.149429e+00 -1.268396e-02 9.999051e-01 5.376447e-03 -4.710568e+00 4.613246e-02 -4.785971e-03 9.989239e-01 2.291590e+02
9.988935e-01 1.280984e-02 -4.525061e-02 -2.215172e+00 -1.256706e-02 9.999051e-01 5.645617e-03 -4.746558e+00 4.531864e-02 -5.070702e-03 9.989597e-01 2.306577e+02
9.989018e-01 1.327722e-02 -4.493224e-02 -2.247910e+00 -1.312331e-02 9.999069e-01 3.718701e-03 -4.762455e+00 4.497743e-02 -3.124956e-03 9.989831e-01 2.313882e+02
9.989383e-01 1.329114e-02 -4.410856e-02 -2.278813e+00 -1.323631e-02 9.999112e-01 1.535033e-03 -4.778921e+00 4.412505e-02 -9.495678e-04 9.990256e-01 2.321156e+02
9.989870e-01 1.331303e-02 -4.298534e-02 -2.309140e+00 -1.331792e-02 9.999113e-01 1.726322e-04 -4.795655e+00 4.298383e-02 4.000187e-04 9.990757e-01 2.328383e+02
9.991162e-01 1.347006e-02 -3.981679e-02 -2.364800e+00 -1.350330e-02 9.999086e-01 -5.659031e-04 -4.830531e+00 3.980553e-02 1.103062e-03 9.992068e-01 2.342776e+02
9.992651e-01 1.336426e-02 -3.592461e-02 -2.414706e+00 -1.339616e-02 9.999100e-01 -6.472486e-04 -4.864866e+00 3.591273e-02 1.128025e-03 9.993543e-01 2.357021e+02
9.994337e-01 1.322481e-02 -3.094321e-02 -2.458270e+00 -1.325259e-02 9.999119e-01 -6.927423e-04 -4.896919e+00 3.093133e-02 1.102428e-03 9.995209e-01 2.371116e+02
9.996282e-01 1.126815e-02 -2.483098e-02 -2.489243e+00 -1.126448e-02 9.999365e-01 2.877643e-04 -4.929647e+00 2.483264e-02 -7.948487e-06 9.996916e-01 2.385076e+02
9.997013e-01 1.098992e-02 -2.182982e-02 -2.501543e+00 -1.098202e-02 9.999396e-01 4.818198e-04 -4.947554e+00 2.183380e-02 -2.419396e-04 9.997616e-01 2.391999e+02
9.998182e-01 1.038177e-02 -1.599609e-02 -2.520293e+00 -1.038785e-02 9.999460e-01 -2.970442e-04 -4.981740e+00 1.599214e-02 4.631559e-04 9.998720e-01 2.405753e+02
9.998847e-01 1.126161e-02 -1.018625e-02 -2.534352e+00 -1.128179e-02 9.999345e-01 -1.926060e-03 -5.015660e+00 1.016389e-02 2.040757e-03 9.999463e-01 2.419573e+02
9.999093e-01 1.129863e-02 -7.336242e-03 -2.538348e+00 -1.130652e-02 9.999355e-01 -1.034001e-03 -5.032044e+00 7.324087e-03 1.116855e-03 9.999726e-01 2.426535e+02
9.999302e-01 1.155370e-02 -2.459278e-03 -2.545596e+00 -1.155511e-02 9.999331e-01 -5.591492e-04 -5.064282e+00 2.452654e-03 5.875280e-04 9.999968e-01 2.440590e+02
9.999351e-01 1.139254e-02 -1.714107e-04 -2.546852e+00 -1.139283e-02 9.999335e-01 -1.782130e-03 -5.080295e+00 1.510966e-04 1.783967e-03 9.999984e-01 2.447634e+02
9.999381e-01 1.084619e-02 2.490505e-03 -2.545576e+00 -1.083126e-02 9.999237e-01 -5.935101e-03 -5.109038e+00 -2.554688e-03 5.907758e-03 9.999793e-01 2.461863e+02
9.999458e-01 1.001294e-02 2.848720e-03 -2.542056e+00 -9.992817e-03 9.999256e-01 -6.991832e-03 -5.145191e+00 -2.918517e-03 6.962986e-03 9.999715e-01 2.476359e+02
9.999358e-01 1.092501e-02 3.021948e-03 -2.541896e+00 -1.090312e-02 9.999148e-01 -7.169908e-03 -5.164585e+00 -3.100022e-03 7.136498e-03 9.999697e-01 2.483695e+02
9.999323e-01 1.108684e-02 3.527473e-03 -2.540944e+00 -1.105160e-02 9.998903e-01 -9.858624e-03 -5.205979e+00 -3.636387e-03 9.818971e-03 9.999452e-01 2.498573e+02
9.999829e-01 4.023655e-03 4.247560e-03 -2.529259e+00 -3.969773e-03 9.999125e-01 -1.261880e-02 -5.246305e+00 -4.297962e-03 1.260172e-02 9.999114e-01 2.513708e+02
9.999347e-01 1.001002e-02 5.514964e-03 -2.534412e+00 -9.991019e-03 9.999441e-01 -3.461758e-03 -5.282956e+00 -5.549308e-03 3.406432e-03 9.999788e-01 2.529289e+02
9.998035e-01 1.155317e-02 1.610904e-02 -2.508908e+00 -1.136567e-02 9.998671e-01 -1.168301e-02 -5.345294e+00 -1.624188e-02 1.149762e-02 9.998020e-01 2.561119e+02
9.996769e-01 1.167319e-02 2.257978e-02 -2.476437e+00 -1.147257e-02 9.998937e-01 -8.994677e-03 -5.385775e+00 -2.268238e-02 8.732722e-03 9.997046e-01 2.577578e+02
9.994894e-01 5.930202e-03 3.139750e-02 -2.401831e+00 -5.823188e-03 9.999769e-01 -3.498755e-03 -5.445288e+00 -3.141752e-02 3.314135e-03 9.995009e-01 2.602685e+02
9.993040e-01 8.631655e-03 3.629000e-02 -2.347909e+00 -8.351913e-03 9.999343e-01 -7.853110e-03 -5.488513e+00 -3.635540e-02 7.544553e-03 9.993105e-01 2.619398e+02
9.990772e-01 9.860672e-03 4.180323e-02 -2.282743e+00 -9.602689e-03 9.999336e-01 -6.367741e-03 -5.533299e+00 -4.186324e-02 5.960441e-03 9.991056e-01 2.636212e+02
9.987824e-01 1.192758e-02 4.786978e-02 -2.211671e+00 -1.172932e-02 9.999214e-01 -4.420534e-03 -5.580169e+00 -4.791874e-02 3.853672e-03 9.988438e-01 2.653026e+02
9.985364e-01 1.019645e-02 5.311482e-02 -2.120601e+00 -9.914560e-03 9.999353e-01 -5.568043e-03 -5.622751e+00 -5.316817e-02 5.033283e-03 9.985729e-01 2.669886e+02
9.984643e-01 7.188352e-03 5.493063e-02 -2.070929e+00 -6.923578e-03 9.999635e-01 -5.008957e-03 -5.642388e+00 -5.496464e-02 4.620948e-03 9.984776e-01 2.678345e+02
9.983947e-01 4.968563e-03 5.642066e-02 -1.972336e+00 -4.699585e-03 9.999769e-01 -4.899074e-03 -5.683949e+00 -5.644370e-02 4.626055e-03 9.983951e-01 2.695293e+02
9.983663e-01 4.848794e-03 5.693179e-02 -1.923826e+00 -4.581796e-03 9.999779e-01 -4.819406e-03 -5.705921e+00 -5.695390e-02 4.550683e-03 9.983664e-01 2.703816e+02
9.983956e-01 5.374549e-03 5.636852e-02 -1.829452e+00 -5.169485e-03 9.999795e-01 -3.783122e-03 -5.750154e+00 -5.638770e-02 3.485656e-03 9.984029e-01 2.720891e+02
9.984601e-01 5.007634e-03 5.524747e-02 -1.783337e+00 -4.765767e-03 9.999785e-01 -4.508777e-03 -5.773108e+00 -5.526886e-02 4.238538e-03 9.984625e-01 2.729432e+02
9.986284e-01 5.918529e-03 5.202125e-02 -1.700845e+00 -5.597716e-03 9.999644e-01 -6.310512e-03 -5.814912e+00 -5.205675e-02 6.010657e-03 9.986260e-01 2.746511e+02
9.987660e-01 8.133439e-03 4.899410e-02 -1.622669e+00 -7.822405e-03 9.999480e-01 -6.536837e-03 -5.858238e+00 -4.904473e-02 6.145518e-03 9.987777e-01 2.763544e+02
9.989946e-01 8.422478e-03 4.403156e-02 -1.550632e+00 -8.228132e-03 9.999556e-01 -4.593216e-03 -5.901149e+00 -4.406829e-02 4.226300e-03 9.990196e-01 2.780516e+02
9.993635e-01 5.822915e-03 3.519509e-02 -1.489305e+00 -5.819062e-03 9.999830e-01 -2.119652e-04 -5.941918e+00 -3.519573e-02 7.028462e-06 9.993804e-01 2.797354e+02
9.996574e-01 4.914014e-03 2.570864e-02 -1.447757e+00 -4.962389e-03 9.999860e-01 1.818158e-03 -5.978025e+00 -2.569935e-02 -1.945110e-03 9.996678e-01 2.813897e+02
9.998582e-01 3.417936e-03 1.649028e-02 -1.419054e+00 -3.464110e-03 9.999901e-01 2.772280e-03 -6.010847e+00 -1.648064e-02 -2.829010e-03 9.998602e-01 2.830036e+02
9.999589e-01 3.448345e-03 8.391040e-03 -1.411252e+00 -3.468664e-03 9.999911e-01 2.408034e-03 -6.040170e+00 -8.382662e-03 -2.437039e-03 9.999619e-01 2.845553e+02
9.999935e-01 3.534352e-03 7.657028e-04 -1.417779e+00 -3.536370e-03 9.999902e-01 2.648300e-03 -6.069167e+00 -7.563350e-04 -2.650989e-03 9.999962e-01 2.860359e+02
9.999577e-01 3.814336e-03 -8.374917e-03 -1.435822e+00 -3.810160e-03 9.999926e-01 5.145885e-04 -6.101380e+00 8.376818e-03 -4.826561e-04 9.999648e-01 2.874331e+02
9.994316e-01 6.168463e-03 -3.314286e-02 -1.506373e+00 -6.306868e-03 9.999718e-01 -4.073051e-03 -6.149396e+00 3.311680e-02 4.279764e-03 9.994423e-01 2.893890e+02
9.979962e-01 7.563684e-03 -6.282002e-02 -1.597157e+00 -7.789806e-03 9.999640e-01 -3.355350e-03 -6.182453e+00 6.279239e-02 3.837983e-03 9.980192e-01 2.906281e+02
9.944339e-01 1.193309e-02 -1.046845e-01 -1.742378e+00 -1.224625e-02 9.999222e-01 -2.349099e-03 -6.210196e+00 1.046483e-01 3.618017e-03 9.945027e-01 2.918062e+02
9.874435e-01 1.494253e-02 -1.572642e-01 -1.942994e+00 -1.538155e-02 9.998804e-01 -1.574791e-03 -6.237015e+00 1.572219e-01 3.973984e-03 9.875553e-01 2.929374e+02
9.751946e-01 1.636349e-02 -2.207437e-01 -2.209538e+00 -1.633564e-02 9.998646e-01 1.951826e-03 -6.257666e+00 2.207458e-01 1.702582e-03 9.753299e-01 2.939981e+02
9.558056e-01 1.816575e-02 -2.934376e-01 -2.543375e+00 -1.687060e-02 9.998335e-01 6.944288e-03 -6.285270e+00 2.935149e-01 -1.686918e-03 9.559530e-01 2.949879e+02
8.915138e-01 2.087312e-02 -4.525124e-01 -3.425572e+00 -1.529834e-02 9.997553e-01 1.597598e-02 -6.320980e+00 4.527352e-01 -7.320112e-03 8.916150e-01 2.967828e+02
8.432539e-01 1.998884e-02 -5.371437e-01 -3.968958e+00 -1.154593e-02 9.997513e-01 1.907818e-02 -6.332760e+00 5.373915e-01 -9.885924e-03 8.432750e-01 2.975634e+02
7.828475e-01 2.209783e-02 -6.218211e-01 -4.586321e+00 -1.043145e-02 9.996948e-01 2.239367e-02 -6.339444e+00 6.221262e-01 -1.104433e-02 7.828391e-01 2.982617e+02
7.092480e-01 2.101313e-02 -7.046458e-01 -5.270323e+00 -4.493999e-03 9.996701e-01 2.528766e-02 -6.347814e+00 7.049447e-01 -1.476854e-02 7.091085e-01 2.988694e+02
6.185955e-01 2.121490e-02 -7.854232e-01 -6.014393e+00 6.372302e-03 9.994670e-01 3.201520e-02 -6.339964e+00 7.856838e-01 -2.480940e-02 6.181306e-01 2.994337e+02
5.150100e-01 3.174472e-02 -8.565961e-01 -6.808874e+00 1.903388e-03 9.992692e-01 3.817644e-02 -6.331276e+00 8.571821e-01 -2.129168e-02 5.145733e-01 2.998050e+02
3.453982e-01 4.091513e-02 -9.375639e-01 -8.027228e+00 7.942996e-04 9.990360e-01 4.389040e-02 -6.304576e+00 9.384559e-01 -1.590437e-02 3.450328e-01 3.001811e+02
2.276281e-01 4.821035e-02 -9.725539e-01 -8.849753e+00 5.518634e-03 9.986937e-01 5.079778e-02 -6.282888e+00 9.737325e-01 -1.693016e-02 2.270647e-01 3.002873e+02
1.020290e-01 5.558781e-02 -9.932271e-01 -9.696194e+00 9.495467e-03 9.983376e-01 5.684926e-02 -6.256955e+00 9.947361e-01 -1.523142e-02 1.013315e-01 3.002840e+02
-2.861154e-02 6.761246e-02 -9.973013e-01 -1.058129e+01 1.450990e-02 9.976327e-01 6.721867e-02 -6.224323e+00 9.994853e-01 -1.254750e-02 -2.952486e-02 3.002293e+02
-9.567329e-02 7.433318e-02 -9.926335e-01 -1.103111e+01 1.756901e-02 9.971786e-01 7.298020e-02 -6.199526e+00 9.952578e-01 -1.045732e-02 -9.670932e-02 3.000970e+02
-1.622278e-01 8.061149e-02 -9.834551e-01 -1.148794e+01 2.046263e-02 9.967180e-01 7.832318e-02 -6.178297e+00 9.865412e-01 -7.417880e-03 -1.633449e-01 2.999941e+02
-2.916010e-01 9.114715e-02 -9.521875e-01 -1.240289e+01 3.022664e-02 9.958306e-01 8.606815e-02 -6.123531e+00 9.560624e-01 -3.683863e-03 -2.931403e-01 2.996328e+02
-3.531290e-01 9.363637e-02 -9.308770e-01 -1.285980e+01 3.485062e-02 9.956049e-01 8.692672e-02 -6.094784e+00 9.349253e-01 -1.745286e-03 -3.548403e-01 2.994338e+02
-4.122464e-01 9.449474e-02 -9.061587e-01 -1.331090e+01 3.933185e-02 9.955253e-01 8.592039e-02 -6.063773e+00 9.102230e-01 -2.205223e-04 -4.141184e-01 2.991429e+02
-4.677578e-01 9.454540e-02 -8.787854e-01 -1.376340e+01 4.279433e-02 9.955188e-01 8.432590e-02 -6.028358e+00 8.828201e-01 1.837069e-03 -4.697077e-01 2.988742e+02
-5.195944e-01 9.466394e-02 -8.491528e-01 -1.421251e+01 4.594067e-02 9.955010e-01 8.286797e-02 -5.989762e+00 8.531771e-01 4.047087e-03 -5.216057e-01 2.985219e+02
-6.071218e-01 9.561220e-02 -7.888355e-01 -1.511616e+01 5.049700e-02 9.953702e-01 8.178097e-02 -5.913525e+00 7.930027e-01 9.817187e-03 -6.091391e-01 2.978016e+02
-6.444110e-01 9.890993e-02 -7.582554e-01 -1.556917e+01 5.533819e-02 9.950313e-01 8.276627e-02 -5.871992e+00 7.626744e-01 1.137501e-02 -6.466826e-01 2.973601e+02
-7.164120e-01 1.114214e-01 -6.887228e-01 -1.647064e+01 7.174229e-02 9.936971e-01 8.613348e-02 -5.783464e+00 6.939791e-01 1.229651e-02 -7.198902e-01 2.964013e+02
-7.492835e-01 1.134759e-01 -6.524550e-01 -1.690392e+01 7.593209e-02 9.934337e-01 8.557864e-02 -5.737737e+00 6.578820e-01 1.458039e-02 -7.529799e-01 2.958766e+02
-7.797406e-01 1.101848e-01 -6.163311e-01 -1.732241e+01 7.643205e-02 9.937819e-01 8.096699e-02 -5.692386e+00 6.214200e-01 1.602580e-02 -7.833137e-01 2.952843e+02
-8.323704e-01 1.024434e-01 -5.446696e-01 -1.812343e+01 7.772816e-02 9.946330e-01 6.828905e-02 -5.596317e+00 5.487422e-01 1.450562e-02 -8.358658e-01 2.940467e+02
-8.757636e-01 9.783343e-02 -4.727227e-01 -1.887203e+01 7.850299e-02 9.950761e-01 6.050415e-02 -5.509383e+00 4.763144e-01 1.587719e-02 -8.791317e-01 2.926362e+02
-9.130170e-01 9.361816e-02 -3.970335e-01 -1.953852e+01 7.794413e-02 9.954132e-01 5.547255e-02 -5.435497e+00 4.004056e-01 1.970095e-02 -9.161262e-01 2.910794e+02
-9.288132e-01 9.558846e-02 -3.580067e-01 -1.984548e+01 8.161866e-02 9.952013e-01 5.396910e-02 -5.397191e+00 3.614476e-01 2.090719e-02 -9.321580e-01 2.902408e+02
-9.546984e-01 9.969512e-02 -2.803781e-01 -2.038184e+01 8.826347e-02 9.946786e-01 5.314125e-02 -5.330467e+00 2.841840e-01 2.598672e-02 -9.584175e-01 2.885047e+02
-9.731786e-01 1.019882e-01 -2.062084e-01 -2.081155e+01 9.328698e-02 9.943057e-01 5.151404e-02 -5.265003e+00 2.102880e-01 3.089581e-02 -9.771512e-01 2.866208e+02
-9.799848e-01 1.002184e-01 -1.720061e-01 -2.097738e+01 9.367627e-02 9.945505e-01 4.575985e-02 -5.231887e+00 1.756548e-01 2.873107e-02 -9.840325e-01 2.856322e+02
-9.893987e-01 9.801091e-02 -1.071642e-01 -2.122691e+01 9.424259e-02 9.947576e-01 3.969274e-02 -5.169612e+00 1.104928e-01 2.917251e-02 -9.934487e-01 2.835931e+02
-9.943661e-01 9.483394e-02 -4.735592e-02 -2.135871e+01 9.316416e-02 9.949885e-01 3.630859e-02 -5.118237e+00 5.056189e-02 3.169215e-02 -9.982180e-01 2.814312e+02
-9.952359e-01 9.527046e-02 -2.071198e-02 -2.138358e+01 9.453364e-02 9.949394e-01 3.404260e-02 -5.092068e+00 2.385042e-02 3.192243e-02 -9.992058e-01 2.803112e+02
-9.957527e-01 9.196279e-02 4.401056e-03 -2.137724e+01 9.206004e-02 9.951590e-01 3.440270e-02 -5.068634e+00 -1.215982e-03 3.466174e-02 -9.993984e-01 2.791733e+02
-9.955379e-01 9.014441e-02 2.789736e-02 -2.134556e+01 9.107603e-02 9.952583e-01 3.414826e-02 -5.044246e+00 -2.468681e-02 3.653666e-02 -9.990274e-01 2.780075e+02
-9.944714e-01 8.274355e-02 6.465401e-02 -2.120924e+01 8.478673e-02 9.959617e-01 2.951923e-02 -5.001358e+00 -6.195040e-02 3.483783e-02 -9.974710e-01 2.756388e+02
-9.939989e-01 7.766700e-02 7.703248e-02 -2.111193e+01 8.002149e-02 9.964009e-01 2.795927e-02 -4.983245e+00 -7.458373e-02 3.395574e-02 -9.966365e-01 2.744313e+02
-9.937177e-01 7.283445e-02 8.497212e-02 -2.100190e+01 7.555378e-02 9.967131e-01 2.923372e-02 -4.965436e+00 -8.256361e-02 3.547002e-02 -9.959544e-01 2.732075e+02
-9.936305e-01 6.923457e-02 8.890975e-02 -2.088617e+01 7.224505e-02 9.969020e-01 3.109654e-02 -4.946924e+00 -8.648135e-02 3.732176e-02 -9.955542e-01 2.719630e+02
-9.940577e-01 6.528026e-02 8.710749e-02 -2.066591e+01 6.797206e-02 9.972858e-01 2.829890e-02 -4.906062e+00 -8.502371e-02 3.405161e-02 -9.957969e-01 2.694279e+02
-9.943053e-01 6.465090e-02 8.471917e-02 -2.055522e+01 6.734172e-02 9.972998e-01 2.929534e-02 -4.883412e+00 -8.259645e-02 3.483364e-02 -9.959741e-01 2.681360e+02
-9.945887e-01 6.358020e-02 8.216374e-02 -2.044759e+01 6.626821e-02 9.973383e-01 3.041031e-02 -4.861751e+00 -8.001156e-02 3.569059e-02 -9.961548e-01 2.668306e+02
-9.954163e-01 6.153648e-02 7.321024e-02 -2.024967e+01 6.409009e-02 9.973965e-01 3.305593e-02 -4.817703e+00 -7.098549e-02 3.759645e-02 -9.967686e-01 2.641794e+02
-9.958434e-01 6.098343e-02 6.765249e-02 -2.015628e+01 6.348814e-02 9.973506e-01 3.551046e-02 -4.799526e+00 -6.530771e-02 3.965798e-02 -9.970768e-01 2.628481e+02
-9.965353e-01 6.012226e-02 5.746893e-02 -1.999327e+01 6.235652e-02 9.973338e-01 3.790726e-02 -4.760491e+00 -5.503663e-02 4.135948e-02 -9.976274e-01 2.601902e+02
-9.972498e-01 5.752394e-02 4.673083e-02 -1.985530e+01 5.926837e-02 9.975620e-01 3.684197e-02 -4.717988e+00 -4.449761e-02 3.951030e-02 -9.982279e-01 2.575113e+02
-9.977634e-01 5.628839e-02 3.605180e-02 -1.974591e+01 5.768839e-02 9.975707e-01 3.904651e-02 -4.673674e+00 -3.376635e-02 4.103895e-02 -9.985868e-01 2.548239e+02
-9.979769e-01 5.761641e-02 2.687747e-02 -1.966817e+01 5.872767e-02 9.973659e-01 4.257070e-02 -4.618642e+00 -2.435391e-02 4.406302e-02 -9.987319e-01 2.521232e+02
-9.980481e-01 5.913679e-02 2.007311e-02 -1.961368e+01 5.992960e-02 9.973393e-01 4.150632e-02 -4.556415e+00 -1.756515e-02 4.262827e-02 -9.989366e-01 2.494162e+02
-9.981369e-01 5.919834e-02 1.477775e-02 -1.956928e+01 5.969545e-02 9.975733e-01 3.583310e-02 -4.501374e+00 -1.262063e-02 3.664849e-02 -9.992485e-01 2.467060e+02
-9.981876e-01 5.921292e-02 1.073651e-02 -1.953800e+01 5.960278e-02 9.973957e-01 4.061157e-02 -4.445003e+00 -8.303821e-03 4.117788e-02 -9.991173e-01 2.439698e+02
-9.981139e-01 6.061611e-02 9.718180e-03 -1.951383e+01 6.096378e-02 9.973087e-01 4.072748e-02 -4.378260e+00 -7.223285e-03 4.124311e-02 -9.991230e-01 2.412224e+02
-9.979809e-01 6.267143e-02 1.031297e-02 -1.949325e+01 6.303017e-02 9.972411e-01 3.920854e-02 -4.316996e+00 -7.827265e-03 3.977940e-02 -9.991778e-01 2.384577e+02
-9.977711e-01 6.561590e-02 1.214200e-02 -1.946668e+01 6.603224e-02 9.970998e-01 3.783881e-02 -4.255713e+00 -9.623957e-03 3.855623e-02 -9.992101e-01 2.356839e+02
-9.977320e-01 6.601196e-02 1.316213e-02 -1.945014e+01 6.650327e-02 9.969333e-01 4.124696e-02 -4.223798e+00 -1.039897e-02 4.202873e-02 -9.990623e-01 2.342911e+02
-9.978634e-01 6.355648e-02 1.513812e-02 -1.940660e+01 6.415142e-02 9.970246e-01 4.273659e-02 -4.152924e+00 -1.237689e-02 4.361641e-02 -9.989717e-01 2.314922e+02
-9.979663e-01 6.174237e-02 1.585104e-02 -1.938129e+01 6.236575e-02 9.971515e-01 4.241971e-02 -4.121142e+00 -1.318680e-02 4.332199e-02 -9.989741e-01 2.300914e+02
-9.980329e-01 6.046357e-02 1.656546e-02 -1.933238e+01 6.109387e-02 9.973047e-01 4.063085e-02 -4.061083e+00 -1.406413e-02 4.156297e-02 -9.990369e-01 2.272832e+02
-9.980343e-01 6.040561e-02 1.669300e-02 -1.930936e+01 6.101503e-02 9.973827e-01 3.879221e-02 -4.031202e+00 -1.430604e-02 3.973447e-02 -9.991079e-01 2.258709e+02
-9.979743e-01 6.125772e-02 1.717213e-02 -1.926526e+01 6.190904e-02 9.972645e-01 4.038287e-02 -3.975161e+00 -1.465140e-02 4.136416e-02 -9.990367e-01 2.230339e+02
-9.979633e-01 6.139365e-02 1.732551e-02 -1.924098e+01 6.206277e-02 9.972230e-01 4.116377e-02 -3.945563e+00 -1.475020e-02 4.215519e-02 -9.990022e-01 2.216106e+02
-9.979836e-01 6.110581e-02 1.716889e-02 -1.919066e+01 6.178213e-02 9.972016e-01 4.209496e-02 -3.884537e+00 -1.454860e-02 4.307080e-02 -9.989661e-01 2.187565e+02
-9.980152e-01 6.056504e-02 1.725168e-02 -1.916474e+01 6.122045e-02 9.973062e-01 4.040353e-02 -3.851913e+00 -1.475817e-02 4.137948e-02 -9.990345e-01 2.173282e+02
-9.979114e-01 6.221097e-02 1.739951e-02 -1.914051e+01 6.288757e-02 9.971574e-01 4.149915e-02 -3.816692e+00 -1.476835e-02 4.250668e-02 -9.989870e-01 2.158915e+02
-9.978891e-01 6.255050e-02 1.745961e-02 -1.911492e+01 6.325307e-02 9.970663e-01 4.310101e-02 -3.783819e+00 -1.471241e-02 4.411439e-02 -9.989182e-01 2.144523e+02
-9.978354e-01 6.341608e-02 1.740589e-02 -1.905320e+01 6.406733e-02 9.971504e-01 3.982862e-02 -3.706671e+00 -1.483052e-02 4.085755e-02 -9.990549e-01 2.115703e+02
-9.978662e-01 6.293656e-02 1.737925e-02 -1.899038e+01 6.359881e-02 9.971484e-01 4.062271e-02 -3.634175e+00 -1.477303e-02 4.164132e-02 -9.990234e-01 2.086722e+02
-9.978515e-01 6.318628e-02 1.731718e-02 -1.896021e+01 6.381415e-02 9.972195e-01 3.848408e-02 -3.596747e+00 -1.483736e-02 3.950647e-02 -9.991092e-01 2.072186e+02
-9.979836e-01 6.106341e-02 1.732024e-02 -1.889614e+01 6.174706e-02 9.972015e-01 4.214746e-02 -3.524788e+00 -1.469810e-02 4.313194e-02 -9.989613e-01 2.042948e+02
-9.979399e-01 6.177544e-02 1.731352e-02 -1.883712e+01 6.245196e-02 9.971756e-01 4.171989e-02 -3.453039e+00 -1.468736e-02 4.271520e-02 -9.989793e-01 2.013684e+02
-9.978883e-01 6.268795e-02 1.700779e-02 -1.878081e+01 6.336644e-02 9.970713e-01 4.281826e-02 -3.384783e+00 -1.427379e-02 4.380556e-02 -9.989381e-01 1.984404e+02
-9.980246e-01 6.093849e-02 1.527725e-02 -1.872357e+01 6.158334e-02 9.970387e-01 4.605726e-02 -3.313855e+00 -1.242535e-02 4.690710e-02 -9.988220e-01 1.955153e+02
-9.981625e-01 5.910499e-02 1.334739e-02 -1.867123e+01 5.966629e-02 9.971332e-01 4.653246e-02 -3.241513e+00 -1.055882e-02 4.724334e-02 -9.988276e-01 1.926001e+02
-9.981180e-01 6.024253e-02 1.146167e-02 -1.862849e+01 6.070015e-02 9.971421e-01 4.497873e-02 -3.170622e+00 -8.719279e-03 4.558980e-02 -9.989222e-01 1.896915e+02
-9.980962e-01 6.079152e-02 1.041410e-02 -1.859411e+01 6.120405e-02 9.970925e-01 4.539418e-02 -3.107703e+00 -7.624245e-03 4.594513e-02 -9.989149e-01 1.867945e+02
-9.981119e-01 6.067060e-02 9.575214e-03 -1.857686e+01 6.104037e-02 9.971314e-01 4.475472e-02 -3.075839e+00 -6.832451e-03 4.525469e-02 -9.989521e-01 1.853525e+02
-9.981521e-01 6.018802e-02 8.358786e-03 -1.854600e+01 6.051800e-02 9.970409e-01 4.740273e-02 -3.011131e+00 -5.480976e-03 4.782098e-02 -9.988409e-01 1.824687e+02
-9.981736e-01 6.018664e-02 5.196148e-03 -1.852315e+01 6.036427e-02 9.970785e-01 4.680433e-02 -2.942176e+00 -2.363972e-03 4.703251e-02 -9.988906e-01 1.796010e+02
-9.981994e-01 5.989496e-02 3.239115e-03 -1.851524e+01 5.998059e-02 9.971416e-01 4.594386e-02 -2.908289e+00 -4.780511e-04 4.605541e-02 -9.989388e-01 1.781753e+02
-9.981132e-01 6.139777e-02 -6.649709e-04 -1.851025e+01 6.128967e-02 9.968915e-01 4.950552e-02 -2.838653e+00 3.702433e-03 4.937135e-02 -9.987736e-01 1.753373e+02
-9.980241e-01 6.264693e-02 -4.814795e-03 -1.851829e+01 6.233951e-02 9.968673e-01 4.867634e-02 -2.769552e+00 7.849135e-03 4.828000e-02 -9.988030e-01 1.725375e+02
-9.979751e-01 6.298205e-02 -8.889852e-03 -1.853710e+01 6.243942e-02 9.966994e-01 5.188039e-02 -2.701364e+00 1.212804e-02 5.122025e-02 -9.986137e-01 1.697919e+02
-9.978659e-01 6.404682e-02 -1.271561e-02 -1.856810e+01 6.329804e-02 9.966148e-01 5.246113e-02 -2.633527e+00 1.603253e-02 5.154429e-02 -9.985420e-01 1.671265e+02
-9.978216e-01 6.415528e-02 -1.536985e-02 -1.860503e+01 6.320942e-02 9.964465e-01 5.566746e-02 -2.565877e+00 1.888660e-02 5.457466e-02 -9.983311e-01 1.645390e+02
-9.978557e-01 6.350305e-02 -1.585228e-02 -1.866211e+01 6.258130e-02 9.966264e-01 5.309807e-02 -2.473852e+00 1.917069e-02 5.199215e-02 -9.984635e-01 1.608371e+02
-9.977964e-01 6.454058e-02 -1.538923e-02 -1.870043e+01 6.363878e-02 9.965513e-01 5.324983e-02 -2.422217e+00 1.877294e-02 5.215313e-02 -9.984626e-01 1.584929e+02
-9.978108e-01 6.458533e-02 -1.422522e-02 -1.873344e+01 6.369579e-02 9.963979e-01 5.598298e-02 -2.370798e+00 1.778966e-02 5.495432e-02 -9.983304e-01 1.562503e+02
-9.978577e-01 6.396917e-02 -1.370752e-02 -1.874892e+01 6.309175e-02 9.963799e-01 5.697798e-02 -2.347373e+00 1.730273e-02 5.599107e-02 -9.982813e-01 1.551689e+02
-9.979400e-01 6.276388e-02 -1.328544e-02 -1.876231e+01 6.192651e-02 9.965023e-01 5.610902e-02 -2.322647e+00 1.676059e-02 5.517070e-02 -9.983363e-01 1.541173e+02
-9.978925e-01 6.371756e-02 -1.227587e-02 -1.879239e+01 6.296793e-02 9.965540e-01 5.399154e-02 -2.274461e+00 1.567378e-02 5.310476e-02 -9.984659e-01 1.520873e+02
-9.979125e-01 6.358313e-02 -1.130268e-02 -1.881642e+01 6.286866e-02 9.964982e-01 5.512573e-02 -2.230220e+00 1.476817e-02 5.430006e-02 -9.984155e-01 1.501621e+02
-9.979186e-01 6.364182e-02 -1.040490e-02 -1.883766e+01 6.296500e-02 9.964479e-01 5.591984e-02 -2.187753e+00 1.392678e-02 5.514829e-02 -9.983811e-01 1.483393e+02
-9.980088e-01 6.241967e-02 -9.070757e-03 -1.885476e+01 6.182043e-02 9.965290e-01 5.575081e-02 -2.144196e+00 1.251922e-02 5.507903e-02 -9.984035e-01 1.465989e+02
-9.977615e-01 6.631953e-02 -8.591413e-03 -1.887376e+01 6.579673e-02 9.965214e-01 5.114550e-02 -2.100874e+00 1.195347e-02 5.046571e-02 -9.986543e-01 1.449223e+02
-9.977372e-01 6.676070e-02 -7.968624e-03 -1.889195e+01 6.628102e-02 9.965441e-01 5.006705e-02 -2.042113e+00 1.128360e-02 4.942558e-02 -9.987141e-01 1.425198e+02
-9.975489e-01 6.952911e-02 -7.865364e-03 -1.890872e+01 6.907921e-02 9.964759e-01 4.757852e-02 -2.005121e+00 1.114574e-02 4.691856e-02 -9.988365e-01 1.409929e+02
-9.975003e-01 7.004178e-02 -9.344217e-03 -1.892677e+01 6.950735e-02 9.963904e-01 4.873287e-02 -1.960534e+00 1.272383e-02 4.796155e-02 -9.987681e-01 1.387654e+02
-9.971856e-01 7.395330e-02 -1.232253e-02 -1.897911e+01 7.343605e-02 9.965695e-01 3.816268e-02 -1.881347e+00 1.510252e-02 3.715035e-02 -9.991956e-01 1.345169e+02
-9.972392e-01 7.305818e-02 -1.328370e-02 -1.899097e+01 7.250962e-02 9.966464e-01 3.792354e-02 -1.854861e+00 1.600977e-02 3.685564e-02 -9.991924e-01 1.331238e+02
-9.972662e-01 7.258449e-02 -1.384022e-02 -1.900820e+01 7.197070e-02 9.965790e-01 4.062510e-02 -1.829069e+00 1.674163e-02 3.951794e-02 -9.990786e-01 1.317402e+02
-9.978503e-01 6.391429e-02 -1.448441e-02 -1.902976e+01 6.355878e-02 9.976941e-01 2.380369e-02 -1.790406e+00 1.597241e-02 2.283191e-02 -9.996117e-01 1.289952e+02
-9.983442e-01 5.605760e-02 -1.290253e-02 -1.903291e+01 5.566152e-02 9.980212e-01 2.924615e-02 -1.773597e+00 1.451647e-02 2.847955e-02 -9.994890e-01 1.275639e+02
-9.984842e-01 5.425734e-02 -9.241762e-03 -1.904093e+01 5.392233e-02 9.979899e-01 3.329493e-02 -1.751742e+00 1.102968e-02 3.274612e-02 -9.994028e-01 1.260904e+02
-9.985829e-01 5.314164e-02 -2.856048e-03 -1.904060e+01 5.303145e-02 9.981356e-01 3.021352e-02 -1.721883e+00 4.456320e-03 3.001924e-02 -9.995394e-01 1.245754e+02
-9.987542e-01 4.977001e-02 3.598165e-03 -1.902609e+01 4.986262e-02 9.981972e-01 3.340552e-02 -1.689113e+00 -1.929086e-03 3.354331e-02 -9.994354e-01 1.229911e+02
-9.986218e-01 5.138803e-02 1.067010e-02 -1.900788e+01 5.178354e-02 9.978218e-01 4.086713e-02 -1.651373e+00 -8.546777e-03 4.136333e-02 -9.991076e-01 1.213372e+02
-9.983512e-01 5.446804e-02 1.811322e-02 -1.898110e+01 5.515388e-02 9.976840e-01 3.980659e-02 -1.606831e+00 -1.590309e-02 4.073996e-02 -9.990432e-01 1.196223e+02
-9.979786e-01 5.798391e-02 2.601031e-02 -1.894089e+01 5.889822e-02 9.976189e-01 3.588194e-02 -1.562360e+00 -2.386780e-02 3.734136e-02 -9.990175e-01 1.178410e+02
-9.975845e-01 6.049776e-02 3.413533e-02 -1.888164e+01 6.178455e-02 9.973661e-01 3.799211e-02 -1.518580e+00 -3.174699e-02 4.000937e-02 -9.986948e-01 1.159843e+02
-9.969923e-01 6.466589e-02 4.271621e-02 -1.880738e+01 6.636739e-02 9.970054e-01 3.969254e-02 -1.472691e+00 -4.002154e-02 4.240812e-02 -9.982985e-01 1.140573e+02
-9.964201e-01 6.734609e-02 5.110368e-02 -1.871096e+01 6.912801e-02 9.970303e-01 3.393931e-02 -1.425819e+00 -4.866624e-02 3.735050e-02 -9.981165e-01 1.120705e+02
-9.960060e-01 6.805744e-02 5.779571e-02 -1.859273e+01 6.999691e-02 9.970267e-01 3.222097e-02 -1.382089e+00 -5.543099e-02 3.613779e-02 -9.978083e-01 1.100104e+02
-9.959013e-01 6.726601e-02 6.046367e-02 -1.845845e+01 6.913180e-02 9.971768e-01 2.931225e-02 -1.343346e+00 -5.832126e-02 3.337206e-02 -9.977399e-01 1.078847e+02
-9.957182e-01 7.035410e-02 5.996276e-02 -1.825676e+01 7.202398e-02 9.970599e-01 2.615479e-02 -1.288139e+00 -5.794637e-02 3.036155e-02 -9.978579e-01 1.045622e+02
-9.957485e-01 7.024849e-02 5.958279e-02 -1.811737e+01 7.242159e-02 9.967552e-01 3.512959e-02 -1.244731e+00 -5.692166e-02 3.929531e-02 -9.976050e-01 1.022464e+02
-9.959458e-01 6.860165e-02 5.818689e-02 -1.797200e+01 7.049533e-02 9.970259e-01 3.113907e-02 -1.195663e+00 -5.587765e-02 3.511473e-02 -9.978200e-01 9.988171e+01
-9.960935e-01 6.714465e-02 5.735214e-02 -1.782503e+01 6.900526e-02 9.971314e-01 3.109974e-02 -1.151222e+00 -5.509945e-02 3.493584e-02 -9.978695e-01 9.744780e+01
-9.961179e-01 6.826950e-02 5.557284e-02 -1.768421e+01 7.018436e-02 9.969792e-01 3.326451e-02 -1.102525e+00 -5.313402e-02 3.703571e-02 -9.979004e-01 9.495275e+01
-9.964260e-01 6.652959e-02 5.204775e-02 -1.754366e+01 6.834552e-02 9.970848e-01 3.392240e-02 -1.049972e+00 -4.963918e-02 3.735839e-02 -9.980683e-01 9.239323e+01
-9.969251e-01 6.271703e-02 4.697842e-02 -1.740999e+01 6.433236e-02 9.973594e-01 3.369840e-02 -9.990056e-01 -4.474091e-02 3.661701e-02 -9.983273e-01 8.977477e+01
-9.969195e-01 6.515997e-02 4.365506e-02 -1.735065e+01 6.625060e-02 9.975139e-01 2.401804e-02 -9.753403e-01 -4.198151e-02 2.683622e-02 -9.987579e-01 8.845413e+01
-9.970342e-01 6.521848e-02 4.085759e-02 -1.729334e+01 6.606948e-02 9.976178e-01 1.983445e-02 -9.584784e-01 -3.946669e-02 2.247507e-02 -9.989681e-01 8.710974e+01
-9.971387e-01 6.512979e-02 3.837386e-02 -1.723975e+01 6.622563e-02 9.974114e-01 2.801191e-02 -9.440549e-01 -3.645012e-02 3.047309e-02 -9.988708e-01 8.573751e+01
-9.972765e-01 6.440234e-02 3.594408e-02 -1.718834e+01 6.565620e-02 9.972330e-01 3.486590e-02 -9.218292e-01 -3.359918e-02 3.713089e-02 -9.987454e-01 8.435171e+01
-9.974248e-01 6.351723e-02 3.330578e-02 -1.713847e+01 6.469622e-02 9.972697e-01 3.560305e-02 -8.925921e-01 -3.095344e-02 3.766612e-02 -9.988109e-01 8.295643e+01
-9.975580e-01 6.267214e-02 3.082569e-02 -1.709087e+01 6.370436e-02 9.973987e-01 3.372697e-02 -8.621183e-01 -2.863177e-02 3.560833e-02 -9.989556e-01 8.155322e+01
-9.976284e-01 6.267509e-02 2.845103e-02 -1.704828e+01 6.360032e-02 9.974340e-01 3.287022e-02 -8.330614e-01 -2.631789e-02 3.460175e-02 -9.990546e-01 8.012646e+01
-9.976295e-01 6.355908e-02 2.637506e-02 -1.700912e+01 6.442637e-02 9.973617e-01 3.344957e-02 -8.053784e-01 -2.417945e-02 3.506952e-02 -9.990923e-01 7.868382e+01
-9.975669e-01 6.527738e-02 2.447775e-02 -1.697362e+01 6.608274e-02 9.972456e-01 3.367740e-02 -7.771295e-01 -2.221196e-02 3.521301e-02 -9.991330e-01 7.722778e+01
-9.975918e-01 6.557428e-02 2.259907e-02 -1.693890e+01 6.634811e-02 9.971689e-01 3.538530e-02 -7.478602e-01 -2.021473e-02 3.679948e-02 -9.991182e-01 7.575752e+01
-9.976851e-01 6.486008e-02 2.043580e-02 -1.690538e+01 6.559901e-02 9.971283e-01 3.784062e-02 -7.187593e-01 -1.792277e-02 3.909359e-02 -9.990748e-01 7.428435e+01
-9.978054e-01 6.360369e-02 1.841371e-02 -1.687364e+01 6.431232e-02 9.970930e-01 4.085889e-02 -6.886180e-01 -1.576141e-02 4.195344e-02 -9.989952e-01 7.280871e+01
-9.979080e-01 6.251511e-02 1.647835e-02 -1.684487e+01 6.319263e-02 9.970119e-01 4.442788e-02 -6.588975e-01 -1.365170e-02 4.537624e-02 -9.988767e-01 7.133452e+01
-9.978971e-01 6.311226e-02 1.477133e-02 -1.682112e+01 6.372435e-02 9.969308e-01 4.547777e-02 -6.266962e-01 -1.185579e-02 4.632342e-02 -9.988561e-01 6.986187e+01
-9.979116e-01 6.318727e-02 1.341194e-02 -1.679851e+01 6.372374e-02 9.969847e-01 4.428062e-02 -5.936207e-01 -1.057353e-02 4.504280e-02 -9.989291e-01 6.839401e+01
-9.978970e-01 6.384617e-02 1.119383e-02 -1.676019e+01 6.427768e-02 9.969732e-01 4.373517e-02 -5.300473e-01 -8.367630e-03 4.436270e-02 -9.989805e-01 6.545693e+01
-9.979650e-01 6.289225e-02 1.050772e-02 -1.674127e+01 6.330122e-02 9.969954e-01 4.464301e-02 -4.983233e-01 -7.668450e-03 4.521730e-02 -9.989478e-01 6.398723e+01
-9.979786e-01 6.289153e-02 9.134442e-03 -1.670738e+01 6.321917e-02 9.971310e-01 4.162906e-02 -4.342216e-01 -6.490121e-03 4.212238e-02 -9.990914e-01 6.105928e+01
-9.979020e-01 6.413386e-02 8.856182e-03 -1.667728e+01 6.448055e-02 9.968145e-01 4.693768e-02 -3.696661e-01 -5.817677e-03 4.741025e-02 -9.988586e-01 5.811853e+01
-9.979060e-01 6.393729e-02 9.782009e-03 -1.664289e+01 6.434367e-02 9.967110e-01 4.926561e-02 -2.928006e-01 -6.599927e-03 4.979185e-02 -9.987378e-01 5.518855e+01
-9.979451e-01 6.305049e-02 1.141465e-02 -1.660088e+01 6.347813e-02 9.970958e-01 4.207638e-02 -2.238776e-01 -8.728561e-03 4.271449e-02 -9.990492e-01 5.227704e+01
-9.979863e-01 6.211617e-02 1.284571e-02 -1.655446e+01 6.261289e-02 9.971209e-01 4.277342e-02 -1.667537e-01 -1.015181e-02 4.349158e-02 -9.990022e-01 4.936683e+01
-9.979048e-01 6.325124e-02 1.361522e-02 -1.653154e+01 6.380973e-02 9.969250e-01 4.548331e-02 -1.361189e-01 -1.069648e-02 4.625679e-02 -9.988723e-01 4.791138e+01
-9.980279e-01 6.102909e-02 1.468729e-02 -1.647825e+01 6.168075e-02 9.968925e-01 4.899851e-02 -6.682977e-02 -1.165131e-02 4.980779e-02 -9.986909e-01 4.501382e+01
-9.980527e-01 6.078660e-02 1.399326e-02 -1.642535e+01 6.131456e-02 9.972746e-01 4.103506e-02 -4.286154e-03 -1.146074e-02 4.181313e-02 -9.990597e-01 4.213696e+01
-9.979471e-01 6.264033e-02 1.333417e-02 -1.638003e+01 6.317701e-02 9.970059e-01 4.458515e-02 5.139880e-02 -1.050142e-02 4.533603e-02 -9.989166e-01 3.926177e+01
-9.980653e-01 6.094545e-02 1.229859e-02 -1.633245e+01 6.143728e-02 9.971125e-01 4.463312e-02 1.118254e-01 -9.542891e-03 4.530235e-02 -9.989277e-01 3.639684e+01
-9.981822e-01 5.912608e-02 1.168322e-02 -1.630758e+01 5.958615e-02 9.972525e-01 4.401012e-02 1.414094e-01 -9.048970e-03 4.462627e-02 -9.989628e-01 3.497003e+01
-9.982400e-01 5.825875e-02 1.108149e-02 -1.628474e+01 5.868661e-02 9.973376e-01 4.328518e-02 1.706823e-01 -8.530246e-03 4.385933e-02 -9.990013e-01 3.354441e+01
-9.981956e-01 5.907366e-02 1.076243e-02 -1.626400e+01 5.947831e-02 9.973349e-01 4.225277e-02 1.998713e-01 -8.237723e-03 4.281666e-02 -9.990490e-01 3.212471e+01
-9.979286e-01 6.345056e-02 1.061285e-02 -1.622987e+01 6.385518e-02 9.970088e-01 4.354314e-02 2.572810e-01 -7.818268e-03 4.413062e-02 -9.989952e-01 2.928474e+01
-9.978945e-01 6.400279e-02 1.049413e-02 -1.619488e+01 6.439883e-02 9.969898e-01 4.317492e-02 3.156601e-01 -7.699227e-03 4.375982e-02 -9.990124e-01 2.645737e+01
-9.979995e-01 6.240263e-02 1.014253e-02 -1.617482e+01 6.278443e-02 9.970946e-01 4.313270e-02 3.455316e-01 -7.421471e-03 4.368320e-02 -9.990179e-01 2.505017e+01
-9.981867e-01 5.945625e-02 9.394593e-03 -1.613407e+01 5.980790e-02 9.972786e-01 4.310881e-02 4.041376e-01 -6.805939e-03 4.359250e-02 -9.990262e-01 2.224839e+01
-9.981502e-01 6.010732e-02 9.123937e-03 -1.610044e+01 6.045769e-02 9.971637e-01 4.482651e-02 4.615578e-01 -6.403658e-03 4.529519e-02 -9.989531e-01 1.947255e+01
-9.980492e-01 6.178748e-02 8.949430e-03 -1.607258e+01 6.213921e-02 9.969782e-01 4.661700e-02 5.236603e-01 -6.042040e-03 4.708216e-02 -9.988728e-01 1.670842e+01
-9.982061e-01 5.935397e-02 7.858637e-03 -1.604039e+01 5.962051e-02 9.974311e-01 3.970658e-02 5.822458e-01 -5.481706e-03 4.010388e-02 -9.991805e-01 1.396230e+01
-9.986657e-01 5.099182e-02 8.161612e-03 -1.598184e+01 5.129300e-02 9.977852e-01 4.235195e-02 6.536360e-01 -5.983933e-03 4.271407e-02 -9.990694e-01 9.852998e+00
-9.983719e-01 5.637386e-02 8.693603e-03 -1.595764e+01 5.671841e-02 9.973086e-01 4.646100e-02 7.126679e-01 -6.051019e-03 4.687843e-02 -9.988823e-01 7.122797e+00
-9.979395e-01 6.350818e-02 9.133854e-03 -1.593877e+01 6.386991e-02 9.968446e-01 4.713245e-02 7.787213e-01 -6.111738e-03 4.761871e-02 -9.988469e-01 4.400318e+00
-9.978945e-01 6.425028e-02 8.864203e-03 -1.590918e+01 6.456916e-02 9.970187e-01 4.224322e-02 8.446651e-01 -6.123639e-03 4.272662e-02 -9.990680e-01 1.676097e+00
-9.981426e-01 6.035870e-02 8.262218e-03 -1.587121e+01 6.065482e-02 9.972680e-01 4.215947e-02 9.045038e-01 -5.694956e-03 4.258229e-02 -9.990767e-01 -1.063172e+00
-9.982110e-01 5.929823e-02 7.650330e-03 -1.582320e+01 5.955514e-02 9.974449e-01 3.945702e-02 9.870965e-01 -5.291051e-03 3.984204e-02 -9.991920e-01 -5.192326e+00
-9.982221e-01 5.911473e-02 7.621830e-03 -1.580825e+01 5.937414e-02 9.974291e-01 4.012206e-02 1.014088e+00 -5.230431e-03 4.050326e-02 -9.991657e-01 -6.576470e+00
-9.984120e-01 5.589645e-02 7.002522e-03 -1.577390e+01 5.613218e-02 9.976267e-01 3.987574e-02 1.070725e+00 -4.756991e-03 4.020548e-02 -9.991801e-01 -9.357139e+00
-9.985480e-01 5.343326e-02 6.838777e-03 -1.575586e+01 5.367726e-02 9.976462e-01 4.267025e-02 1.100590e+00 -4.542669e-03 4.297538e-02 -9.990658e-01 -1.075522e+01
-9.986651e-01 5.129537e-02 6.064406e-03 -1.572233e+01 5.149608e-02 9.978863e-01 3.963645e-02 1.159922e+00 -4.018422e-03 3.989583e-02 -9.991958e-01 -1.354746e+01
-9.987259e-01 5.009593e-02 6.075486e-03 -1.570577e+01 5.029395e-02 9.979864e-01 3.864713e-02 1.188722e+00 -4.127190e-03 3.890344e-02 -9.992345e-01 -1.495103e+01
-9.987346e-01 4.987561e-02 6.450228e-03 -1.569090e+01 5.009362e-02 9.979506e-01 3.981517e-02 1.214563e+00 -4.451203e-03 4.008790e-02 -9.991863e-01 -1.635914e+01
-9.987919e-01 4.871015e-02 6.484127e-03 -1.567519e+01 4.892095e-02 9.980891e-01 3.774680e-02 1.238904e+00 -4.633084e-03 3.801841e-02 -9.992663e-01 -1.776435e+01
-9.988395e-01 4.771289e-02 6.570235e-03 -1.565947e+01 4.790896e-02 9.982765e-01 3.389294e-02 1.258378e+00 -4.941782e-03 3.416838e-02 -9.994039e-01 -1.917351e+01
-9.988650e-01 4.714921e-02 6.758016e-03 -1.564353e+01 4.734747e-02 9.983327e-01 3.301464e-02 1.279114e+00 -5.190135e-03 3.329713e-02 -9.994320e-01 -2.058415e+01
-9.988259e-01 4.792008e-02 7.108967e-03 -1.562986e+01 4.814156e-02 9.982201e-01 3.520011e-02 1.298206e+00 -5.409522e-03 3.550102e-02 -9.993550e-01 -2.200393e+01
-9.986792e-01 5.080472e-02 7.668109e-03 -1.561782e+01 5.104820e-02 9.980521e-01 3.586218e-02 1.320134e+00 -5.831205e-03 3.620625e-02 -9.993273e-01 -2.342439e+01
-9.985784e-01 5.266642e-02 8.207361e-03 -1.560601e+01 5.292318e-02 9.979830e-01 3.505759e-02 1.342475e+00 -6.344450e-03 3.544210e-02 -9.993516e-01 -2.484504e+01
-9.985995e-01 5.219932e-02 8.624543e-03 -1.559027e+01 5.247315e-02 9.979963e-01 3.535317e-02 1.362532e+00 -6.761851e-03 3.575620e-02 -9.993377e-01 -2.626783e+01
-9.986824e-01 5.059419e-02 8.583301e-03 -1.555401e+01 5.085643e-02 9.981362e-01 3.372896e-02 1.401278e+00 -6.860815e-03 3.412103e-02 -9.993942e-01 -2.911536e+01
-9.985720e-01 5.249946e-02 9.889389e-03 -1.552140e+01 5.284486e-02 9.978529e-01 3.869151e-02 1.450596e+00 -7.836873e-03 3.915885e-02 -9.992023e-01 -3.197309e+01
-9.982982e-01 5.717049e-02 1.150016e-02 -1.549326e+01 5.756597e-02 9.976318e-01 3.764192e-02 1.496909e+00 -9.320924e-03 3.823987e-02 -9.992251e-01 -3.481999e+01
-9.980951e-01 6.048764e-02 1.213909e-02 -1.546088e+01 6.092067e-02 9.973724e-01 3.920397e-02 1.542757e+00 -9.735842e-03 3.986881e-02 -9.991575e-01 -3.766558e+01
-9.978350e-01 6.448159e-02 1.294394e-02 -1.542668e+01 6.496352e-02 9.970406e-01 4.110680e-02 1.593713e+00 -1.025500e-02 4.185868e-02 -9.990709e-01 -4.049901e+01
-9.975562e-01 6.863974e-02 1.304847e-02 -1.539245e+01 6.909955e-02 9.968530e-01 3.884983e-02 1.647343e+00 -1.034077e-02 3.965652e-02 -9.991599e-01 -4.332259e+01
-9.973393e-01 7.167338e-02 1.331325e-02 -1.535699e+01 7.207628e-02 9.968611e-01 3.275498e-02 1.689780e+00 -1.092381e-02 3.362739e-02 -9.993747e-01 -4.613041e+01
-9.973551e-01 7.141115e-02 1.353397e-02 -1.531710e+01 7.186265e-02 9.967472e-01 3.647791e-02 1.733637e+00 -1.088502e-02 3.735401e-02 -9.992428e-01 -4.894398e+01
-9.973739e-01 7.118336e-02 1.335207e-02 -1.527696e+01 7.161440e-02 9.968112e-01 3.519577e-02 1.783280e+00 -1.080414e-02 3.605954e-02 -9.992912e-01 -5.174850e+01
-9.973928e-01 7.105422e-02 1.260758e-02 -1.523749e+01 7.145221e-02 9.968447e-01 3.457273e-02 1.833987e+00 -1.011126e-02 3.538342e-02 -9.993227e-01 -5.454794e+01
-9.974996e-01 6.986203e-02 1.067253e-02 -1.519945e+01 7.019448e-02 9.969250e-01 3.483105e-02 1.883021e+00 -8.206342e-03 3.549311e-02 -9.993362e-01 -5.735212e+01
-9.973821e-01 7.174891e-02 9.005116e-03 -1.517008e+01 7.201266e-02 9.968400e-01 3.352794e-02 1.927806e+00 -6.571067e-03 3.408865e-02 -9.993972e-01 -6.015069e+01
-9.974611e-01 7.082439e-02 7.441251e-03 -1.514226e+01 7.104011e-02 9.968779e-01 3.446403e-02 1.969588e+00 -4.977126e-03 3.490515e-02 -9.993782e-01 -6.295149e+01
-9.976038e-01 6.893953e-02 5.836322e-03 -1.511338e+01 6.910363e-02 9.969812e-01 3.539958e-02 2.010300e+00 -3.378274e-03 3.571806e-02 -9.993562e-01 -6.575074e+01
-9.976182e-01 6.881088e-02 4.792441e-03 -1.509141e+01 6.893829e-02 9.969853e-01 3.560591e-02 2.052437e+00 -2.327919e-03 3.585149e-02 -9.993544e-01 -6.853878e+01
-9.975163e-01 7.025772e-02 5.011024e-03 -1.507453e+01 7.038292e-02 9.970029e-01 3.211704e-02 2.087360e+00 -2.739536e-03 3.238996e-02 -9.994716e-01 -7.132326e+01
-9.974560e-01 7.104846e-02 5.800281e-03 -1.505383e+01 7.120179e-02 9.969169e-01 3.296757e-02 2.117081e+00 -3.440104e-03 3.329669e-02 -9.994396e-01 -7.409527e+01
-9.972610e-01 7.354770e-02 7.823469e-03 -1.503084e+01 7.378874e-02 9.965841e-01 3.708515e-02 2.146554e+00 -5.069218e-03 3.756085e-02 -9.992815e-01 -7.685642e+01
-9.972048e-01 7.410788e-02 9.521483e-03 -1.499833e+01 7.438356e-02 9.966868e-01 3.290164e-02 2.179823e+00 -7.051666e-03 3.351791e-02 -9.994132e-01 -7.959325e+01
-9.974315e-01 7.094710e-02 9.843520e-03 -1.495957e+01 7.122432e-02 9.969642e-01 3.145664e-02 2.200916e+00 -7.581880e-03 3.207694e-02 -9.994567e-01 -8.231728e+01
-9.973437e-01 7.213573e-02 1.009619e-02 -1.490817e+01 7.247511e-02 9.966191e-01 3.870065e-02 2.250863e+00 -7.270352e-03 3.932956e-02 -9.991999e-01 -8.638401e+01
-9.973953e-01 7.159730e-02 8.749062e-03 -1.487398e+01 7.186371e-02 9.967883e-01 3.533504e-02 2.282365e+00 -6.191070e-03 3.587174e-02 -9.993372e-01 -8.907040e+01
-9.975694e-01 6.934890e-02 6.780333e-03 -1.483919e+01 6.954582e-02 9.969561e-01 3.524114e-02 2.311152e+00 -4.315760e-03 3.562703e-02 -9.993558e-01 -9.174112e+01
-9.975926e-01 6.907079e-02 6.191566e-03 -1.482426e+01 6.925341e-02 9.969124e-01 3.700800e-02 2.326927e+00 -3.616278e-03 3.734769e-02 -9.992958e-01 -9.307672e+01
-9.975990e-01 6.908942e-02 4.782445e-03 -1.479798e+01 6.921422e-02 9.969976e-01 3.471631e-02 2.357904e+00 -2.369557e-03 3.496396e-02 -9.993858e-01 -9.572436e+01
-9.975879e-01 6.929139e-02 4.137105e-03 -1.478703e+01 6.939571e-02 9.969385e-01 3.602484e-02 2.374193e+00 -1.628228e-03 3.622503e-02 -9.993423e-01 -9.704551e+01
-9.976363e-01 6.867255e-02 2.439801e-03 -1.476703e+01 6.871580e-02 9.969461e-01 3.710196e-02 2.407843e+00 1.155364e-04 3.718191e-02 -9.993085e-01 -9.967660e+01
-9.976040e-01 6.917780e-02 8.769539e-04 -1.475176e+01 6.916254e-02 9.969122e-01 3.718329e-02 2.444391e+00 1.698012e-03 3.715484e-02 -9.993081e-01 -1.022903e+02
-9.975894e-01 6.939258e-02 -4.083670e-04 -1.473960e+01 6.932965e-02 9.969028e-01 3.712407e-02 2.480363e+00 2.983238e-03 3.700626e-02 -9.993106e-01 -1.048920e+02
-9.976375e-01 6.867199e-02 -1.894302e-03 -1.473066e+01 6.856168e-02 9.970143e-01 3.551985e-02 2.514949e+00 4.327866e-03 3.530605e-02 -9.993672e-01 -1.074728e+02
-9.975813e-01 6.945416e-02 -2.756067e-03 -1.472729e+01 6.931596e-02 9.969826e-01 3.494145e-02 2.547386e+00 5.174580e-03 3.466590e-02 -9.993856e-01 -1.100459e+02
-9.975384e-01 7.007642e-02 -2.521275e-03 -1.472479e+01 6.993704e-02 9.968752e-01 3.672210e-02 2.582153e+00 5.086750e-03 3.645537e-02 -9.993223e-01 -1.126054e+02
-9.975349e-01 7.013503e-02 -2.293968e-03 -1.471960e+01 7.000618e-02 9.968875e-01 3.625377e-02 2.617244e+00 4.829488e-03 3.600380e-02 -9.993400e-01 -1.151477e+02
-9.974573e-01 7.124868e-02 -1.602631e-03 -1.471582e+01 7.113805e-02 9.967553e-01 3.765964e-02 2.650909e+00 4.280631e-03 3.744987e-02 -9.992893e-01 -1.176691e+02
-9.974833e-01 7.088889e-02 -1.379394e-03 -1.471284e+01 7.078300e-02 9.967442e-01 3.861105e-02 2.667793e+00 4.111998e-03 3.841624e-02 -9.992534e-01 -1.189238e+02
-9.974995e-01 7.066122e-02 -1.290068e-03 -1.470566e+01 7.056123e-02 9.967820e-01 3.803523e-02 2.703911e+00 3.973532e-03 3.784909e-02 -9.992756e-01 -1.214141e+02
-9.975252e-01 7.028078e-02 -2.044132e-03 -1.470054e+01 7.015567e-02 9.968359e-01 3.736675e-02 2.735913e+00 4.663829e-03 3.713086e-02 -9.992995e-01 -1.238671e+02
-9.975902e-01 6.930192e-02 -3.333687e-03 -1.469881e+01 6.912645e-02 9.968874e-01 3.790665e-02 2.751503e+00 5.950314e-03 3.758485e-02 -9.992757e-01 -1.250815e+02
-9.976613e-01 6.819870e-02 -4.563546e-03 -1.469830e+01 6.796967e-02 9.969232e-01 3.904181e-02 2.767801e+00 7.212105e-03 3.864031e-02 -9.992272e-01 -1.262871e+02
-9.977402e-01 6.694356e-02 -5.746508e-03 -1.469852e+01 6.666242e-02 9.969766e-01 3.992097e-02 2.784821e+00 8.401586e-03 3.944767e-02 -9.991863e-01 -1.274852e+02
-9.977434e-01 6.662080e-02 -8.357317e-03 -1.470614e+01 6.626589e-02 9.971051e-01 3.728557e-02 2.817529e+00 1.081712e-02 3.664762e-02 -9.992697e-01 -1.298453e+02
-9.977098e-01 6.703955e-02 -8.992148e-03 -1.471233e+01 6.666532e-02 9.970921e-01 3.691970e-02 2.833172e+00 1.144108e-02 3.623568e-02 -9.992778e-01 -1.310089e+02
-9.976491e-01 6.794622e-02 -8.924767e-03 -1.471896e+01 6.755099e-02 9.969567e-01 3.891207e-02 2.848691e+00 1.154154e-02 3.821770e-02 -9.992028e-01 -1.321621e+02
-9.974696e-01 7.057097e-02 -8.609803e-03 -1.473334e+01 7.014963e-02 9.966483e-01 4.208462e-02 2.880267e+00 1.155090e-02 4.137414e-02 -9.990770e-01 -1.344174e+02
-9.973322e-01 7.249416e-02 -8.554776e-03 -1.474314e+01 7.208322e-02 9.965455e-01 4.124449e-02 2.895211e+00 1.151521e-02 4.051780e-02 -9.991125e-01 -1.355140e+02
-9.974491e-01 7.084432e-02 -8.740709e-03 -1.475233e+01 7.037702e-02 9.964825e-01 4.549437e-02 2.928943e+00 1.193298e-02 4.476317e-02 -9.989264e-01 -1.376542e+02
-9.974303e-01 7.092889e-02 -1.009213e-02 -1.475847e+01 7.040234e-02 9.964850e-01 4.539887e-02 2.946711e+00 1.327675e-02 4.457170e-02 -9.989180e-01 -1.386869e+02
-9.975050e-01 6.929953e-02 -1.346888e-02 -1.477357e+01 6.864393e-02 9.966610e-01 4.421304e-02 2.979529e+00 1.648785e-02 4.317816e-02 -9.989313e-01 -1.406763e+02
-9.973286e-01 7.143360e-02 -1.525850e-02 -1.479743e+01 7.067695e-02 9.964649e-01 4.541408e-02 3.006784e+00 1.844865e-02 4.421434e-02 -9.988517e-01 -1.425562e+02
-9.969561e-01 7.764157e-02 -7.091003e-03 -1.482330e+01 7.726579e-02 9.960747e-01 4.318641e-02 3.044707e+00 1.041623e-02 4.250706e-02 -9.990419e-01 -1.451550e+02
-9.882135e-01 8.181131e-02 1.293874e-01 -1.449202e+01 8.796924e-02 9.952115e-01 4.260690e-02 3.088830e+00 -1.252821e-01 5.348681e-02 -9.906783e-01 -1.495947e+02
-9.521491e-01 8.297222e-02 2.941561e-01 -1.383342e+01 9.367623e-02 9.953493e-01 2.246210e-02 3.086577e+00 -2.909243e-01 4.894270e-02 -9.554934e-01 -1.519504e+02
-8.889503e-01 8.191062e-02 4.506197e-01 -1.308243e+01 9.672397e-02 9.952620e-01 9.898022e-03 3.046760e+00 -4.476739e-01 5.238456e-02 -8.926612e-01 -1.534240e+02
-7.433711e-01 7.362276e-02 6.648150e-01 -1.171655e+01 9.305332e-02 9.956417e-01 -6.210403e-03 2.969218e+00 -6.623749e-01 5.724660e-02 -7.469822e-01 -1.550328e+02
-6.411200e-01 6.687048e-02 7.645217e-01 -1.090107e+01 8.906721e-02 9.959481e-01 -1.242186e-02 2.926439e+00 -7.622547e-01 6.012990e-02 -6.444783e-01 -1.556301e+02
-5.271530e-01 5.569091e-02 8.479436e-01 -1.002043e+01 7.773961e-02 9.968263e-01 -1.713973e-02 2.872763e+00 -8.462070e-01 5.688353e-02 -5.298094e-01 -1.560826e+02
-4.036625e-01 5.054141e-02 9.135109e-01 -9.106293e+00 7.023344e-02 9.972384e-01 -2.413901e-02 2.815747e+00 -9.122083e-01 5.441499e-02 -4.060975e-01 -1.564059e+02
-3.388720e-01 5.056037e-02 9.394729e-01 -8.642035e+00 6.895791e-02 9.972039e-01 -2.879392e-02 2.787238e+00 -9.383020e-01 5.502663e-02 -3.414110e-01 -1.565389e+02
-2.059116e-01 5.118956e-02 9.772308e-01 -7.699412e+00 6.141803e-02 9.973380e-01 -3.930148e-02 2.722687e+00 -9.766413e-01 5.192694e-02 -2.085075e-01 -1.566631e+02
-1.372488e-01 4.789029e-02 9.893782e-01 -7.221458e+00 5.525916e-02 9.976452e-01 -4.062478e-02 2.690343e+00 -9.889941e-01 4.909649e-02 -1.395720e-01 -1.566903e+02
7.399370e-02 1.824071e-02 9.970919e-01 -5.751237e+00 4.778374e-02 9.986194e-01 -2.181468e-02 2.615199e+00 -9.961133e-01 4.925891e-02 7.301994e-02 -1.565444e+02
1.446246e-01 6.444984e-03 9.894656e-01 -5.261917e+00 4.367422e-02 9.989626e-01 -1.289046e-02 2.593307e+00 -9.885223e-01 4.507841e-02 1.441931e-01 -1.563936e+02
3.545432e-01 -9.715255e-03 9.349891e-01 -3.838336e+00 3.641650e-02 9.993308e-01 -3.425140e-03 2.542408e+00 -9.343303e-01 3.526338e-02 3.546597e-01 -1.558078e+02
4.215235e-01 -1.487379e-02 9.066955e-01 -3.375344e+00 3.687970e-02 9.993194e-01 -7.521703e-04 2.534833e+00 -9.060673e-01 3.375570e-02 4.217851e-01 -1.555541e+02
4.860041e-01 -2.068115e-02 8.737118e-01 -2.922418e+00 3.713383e-02 9.993058e-01 2.998246e-03 2.530704e+00 -8.731673e-01 3.098709e-02 4.864347e-01 -1.552209e+02
5.478262e-01 -2.549175e-02 8.362037e-01 -2.480572e+00 3.701037e-02 9.992955e-01 6.216844e-03 2.522617e+00 -8.357731e-01 2.754245e-02 5.483838e-01 -1.548906e+02
6.059605e-01 -2.731152e-02 7.950257e-01 -2.057963e+00 3.499787e-02 9.993580e-01 7.655930e-03 2.510377e+00 -7.947245e-01 2.318501e-02 6.065274e-01 -1.544839e+02
6.595487e-01 -2.599740e-02 7.512121e-01 -1.653879e+00 3.259140e-02 9.994509e-01 5.973702e-03 2.499815e+00 -7.509549e-01 2.054310e-02 6.600339e-01 -1.540795e+02
7.533520e-01 -2.429471e-02 6.571685e-01 -8.983582e-01 3.466894e-02 9.993949e-01 -2.796695e-03 2.487045e+00 -6.567030e-01 2.489022e-02 7.537385e-01 -1.531409e+02
8.314209e-01 -2.593021e-02 5.550378e-01 -2.261366e-01 3.340032e-02 9.994364e-01 -3.340532e-03 2.467171e+00 -5.546384e-01 2.131582e-02 8.318184e-01 -1.520606e+02
8.661018e-01 -2.579227e-02 4.992017e-01 6.230717e-02 3.056835e-02 9.995317e-01 -1.392433e-03 2.456904e+00 -4.989321e-01 1.646576e-02 8.664847e-01 -1.514836e+02
8.971189e-01 -2.752906e-02 4.409306e-01 3.234820e-01 3.121585e-02 9.995120e-01 -1.108334e-03 2.446327e+00 -4.406850e-01 1.475833e-02 8.975405e-01 -1.508797e+02
9.237462e-01 -2.721279e-02 3.820373e-01 5.523554e-01 2.945011e-02 9.995662e-01 -8.987232e-06 2.433161e+00 -3.818713e-01 1.125934e-02 9.241469e-01 -1.502166e+02
9.449167e-01 -2.612841e-02 3.262664e-01 7.484821e-01 2.743938e-02 9.996233e-01 5.843422e-04 2.422189e+00 -3.261587e-01 8.400390e-03 9.452777e-01 -1.495497e+02
9.612644e-01 -2.039293e-02 2.748725e-01 9.129124e-01 2.153763e-02 9.997674e-01 -1.146595e-03 2.410623e+00 -2.747852e-01 7.022281e-03 9.614800e-01 -1.488380e+02
9.733537e-01 -1.423653e-02 2.288667e-01 1.048250e+00 1.539388e-02 9.998761e-01 -3.272292e-03 2.402930e+00 -2.287918e-01 6.708242e-03 9.734523e-01 -1.481125e+02
9.821288e-01 -8.921973e-03 1.879984e-01 1.163229e+00 9.897660e-03 9.999420e-01 -4.251735e-03 2.393425e+00 -1.879496e-01 6.036495e-03 9.821601e-01 -1.473483e+02
9.929339e-01 -8.521186e-03 1.183626e-01 1.348496e+00 8.772109e-03 9.999602e-01 -1.599113e-03 2.371923e+00 -1.183442e-01 2.626103e-03 9.929692e-01 -1.457604e+02
9.981129e-01 -4.324037e-03 6.125267e-02 1.444780e+00 4.379208e-03 9.999901e-01 -7.664915e-04 2.346915e+00 -6.124876e-02 1.033284e-03 9.981220e-01 -1.440738e+02
9.997137e-01 5.769106e-03 2.322264e-02 1.469675e+00 -5.710986e-03 9.999804e-01 -2.568352e-03 2.319985e+00 -2.323700e-02 2.434993e-03 9.997270e-01 -1.423032e+02
9.998497e-01 1.438674e-02 9.678533e-03 1.471319e+00 -1.435034e-02 9.998897e-01 -3.820593e-03 2.290968e+00 -9.732432e-03 3.681128e-03 9.999459e-01 -1.404509e+02
9.998714e-01 1.399469e-02 7.827091e-03 1.489345e+00 -1.398086e-02 9.999006e-01 -1.819670e-03 2.260154e+00 -7.851779e-03 1.710007e-03 9.999677e-01 -1.385154e+02
9.999186e-01 1.176204e-02 4.944630e-03 1.504842e+00 -1.175716e-02 9.999303e-01 -1.014327e-03 2.234017e+00 -4.956216e-03 9.561103e-04 9.999873e-01 -1.365045e+02
9.999307e-01 1.172244e-02 -1.101900e-03 1.503329e+00 -1.172044e-02 9.999297e-01 1.805016e-03 2.190202e+00 1.122982e-03 -1.791975e-03 9.999978e-01 -1.333518e+02
9.999438e-01 1.017712e-02 -2.970131e-03 1.501627e+00 -1.016840e-02 9.999440e-01 2.934698e-03 2.176140e+00 2.999832e-03 -2.904330e-03 9.999913e-01 -1.322648e+02
9.999420e-01 9.050453e-03 -5.833740e-03 1.491650e+00 -9.051606e-03 9.999590e-01 -1.708351e-04 2.144473e+00 5.831955e-03 2.236305e-04 9.999830e-01 -1.300390e+02
9.999224e-01 9.719678e-03 -7.790702e-03 1.470024e+00 -9.722542e-03 9.999527e-01 -3.295456e-04 2.111152e+00 7.787131e-03 4.052662e-04 9.999696e-01 -1.277441e+02
9.999145e-01 1.072936e-02 -7.480234e-03 1.436723e+00 -1.074023e-02 9.999413e-01 -1.414140e-03 2.053638e+00 7.464623e-03 1.494359e-03 9.999710e-01 -1.241850e+02
9.999226e-01 1.136649e-02 -5.062827e-03 1.418040e+00 -1.138007e-02 9.999317e-01 -2.661598e-03 2.009877e+00 5.032229e-03 2.719008e-03 9.999837e-01 -1.217344e+02
9.999382e-01 1.100924e-02 -1.526074e-03 1.410381e+00 -1.102253e-02 9.998988e-01 -8.986750e-03 1.956743e+00 1.426983e-03 9.003015e-03 9.999585e-01 -1.192315e+02
9.999653e-01 8.308351e-03 -6.239788e-04 1.405768e+00 -8.313458e-03 9.999277e-01 -8.681081e-03 1.897027e+00 5.518086e-04 8.685966e-03 9.999621e-01 -1.166572e+02
9.999684e-01 7.392424e-03 -2.942274e-03 1.396732e+00 -7.426026e-03 9.999054e-01 -1.157771e-02 1.832056e+00 2.856409e-03 1.159919e-02 9.999287e-01 -1.140291e+02
9.999343e-01 7.785340e-03 -8.409924e-03 1.369687e+00 -7.883585e-03 9.999003e-01 -1.171244e-02 1.767521e+00 8.317901e-03 1.177797e-02 9.998960e-01 -1.113405e+02
9.999150e-01 7.049963e-03 -1.096645e-02 1.351798e+00 -7.158844e-03 9.999251e-01 -9.921033e-03 1.734254e+00 1.089569e-02 9.998696e-03 9.998907e-01 -1.099726e+02
9.998774e-01 7.803456e-03 -1.357941e-02 1.308290e+00 -7.958173e-03 9.999036e-01 -1.137688e-02 1.668467e+00 1.348933e-02 1.148355e-02 9.998431e-01 -1.072003e+02
9.998518e-01 6.986507e-03 -1.573240e-02 1.259616e+00 -7.196031e-03 9.998856e-01 -1.330096e-02 1.601652e+00 1.563767e-02 1.341220e-02 9.997878e-01 -1.043679e+02
9.998208e-01 8.762031e-03 -1.678195e-02 1.230259e+00 -8.989554e-03 9.998680e-01 -1.353036e-02 1.565326e+00 1.666119e-02 1.367879e-02 9.997676e-01 -1.029321e+02
9.998095e-01 1.030041e-02 -1.657864e-02 1.170075e+00 -1.045481e-02 9.999025e-01 -9.253150e-03 1.495851e+00 1.648172e-02 9.424713e-03 9.998198e-01 -1.000076e+02
9.998297e-01 9.547110e-03 -1.579432e-02 1.115543e+00 -9.625478e-03 9.999417e-01 -4.893114e-03 1.436157e+00 1.574669e-02 5.044309e-03 9.998633e-01 -9.702601e+01
9.998313e-01 1.055264e-02 -1.503758e-02 1.062982e+00 -1.044967e-02 9.999215e-01 6.909875e-03 1.390693e+00 1.510932e-02 -6.751569e-03 9.998631e-01 -9.400229e+01
9.998011e-01 1.312047e-02 -1.502431e-02 1.009148e+00 -1.294293e-02 9.998459e-01 1.185390e-02 1.361424e+00 1.517752e-02 -1.165708e-02 9.998169e-01 -9.098226e+01
9.998064e-01 1.258318e-02 -1.512788e-02 9.847340e-01 -1.239264e-02 9.998435e-01 1.262391e-02 1.348472e+00 1.528436e-02 -1.243399e-02 9.998059e-01 -8.947609e+01
9.998224e-01 1.129864e-02 -1.508499e-02 9.399983e-01 -1.117443e-02 9.999031e-01 8.293534e-03 1.316473e+00 1.517723e-02 -8.123493e-03 9.998518e-01 -8.646690e+01
9.998417e-01 1.069229e-02 -1.421860e-02 9.191412e-01 -1.057739e-02 9.999110e-01 8.131852e-03 1.298308e+00 1.430429e-02 -7.980167e-03 9.998659e-01 -8.496724e+01
9.998786e-01 9.161384e-03 -1.260632e-02 8.834484e-01 -9.026229e-03 9.999016e-01 1.073679e-02 1.268237e+00 1.270345e-02 -1.062170e-02 9.998629e-01 -8.194950e+01
9.998867e-01 8.924084e-03 -1.212064e-02 8.679533e-01 -8.815571e-03 9.999208e-01 8.977002e-03 1.252710e+00 1.219980e-02 -8.869132e-03 9.998863e-01 -8.044554e+01
9.999072e-01 8.068648e-03 -1.097549e-02 8.381739e-01 -7.948384e-03 9.999083e-01 1.095748e-02 1.219714e+00 1.106290e-02 -1.086922e-02 9.998797e-01 -7.743960e+01
9.999213e-01 7.106468e-03 -1.034404e-02 8.255732e-01 -6.970239e-03 9.998893e-01 1.314694e-02 1.207956e+00 1.043632e-02 -1.307380e-02 9.998601e-01 -7.593444e+01
9.999226e-01 6.162919e-03 -1.080590e-02 8.003155e-01 -6.012655e-03 9.998855e-01 1.388361e-02 1.189369e+00 1.089023e-02 -1.381756e-02 9.998452e-01 -7.293636e+01
9.998636e-01 1.080134e-02 -1.249375e-02 7.450432e-01 -1.069166e-02 9.999040e-01 8.812699e-03 1.144297e+00 1.258774e-02 -8.677916e-03 9.998831e-01 -6.846260e+01
9.998662e-01 8.101700e-03 -1.421152e-02 6.946295e-01 -7.985012e-03 9.999341e-01 8.248548e-03 1.096104e+00 1.427741e-02 -8.133963e-03 9.998650e-01 -6.400515e+01
9.998523e-01 6.260061e-03 -1.600617e-02 6.587746e-01 -6.098097e-03 9.999299e-01 1.014782e-02 1.067484e+00 1.606858e-02 -1.004871e-02 9.998204e-01 -6.104536e+01
9.997643e-01 4.956661e-03 -2.113885e-02 5.571177e-01 -4.709208e-03 9.999200e-01 1.173985e-02 1.005763e+00 2.119535e-02 -1.163754e-02 9.997076e-01 -5.516060e+01
9.997252e-01 7.966123e-03 -2.204857e-02 4.561315e-01 -7.729505e-03 9.999118e-01 1.079625e-02 9.709516e-01 2.213263e-02 -1.062286e-02 9.996986e-01 -5.077854e+01
9.997396e-01 7.072866e-03 -2.169461e-02 3.621644e-01 -6.865575e-03 9.999302e-01 9.614648e-03 9.230089e-01 2.176110e-02 -9.463196e-03 9.997184e-01 -4.641797e+01
9.997766e-01 4.542442e-03 -2.064113e-02 3.070324e-01 -4.343222e-03 9.999436e-01 9.686209e-03 8.911135e-01 2.068397e-02 -9.594394e-03 9.997400e-01 -4.352559e+01
9.998220e-01 4.495945e-03 -1.832218e-02 2.281179e-01 -4.312328e-03 9.999402e-01 1.004882e-02 8.436096e-01 1.836627e-02 -9.968014e-03 9.997816e-01 -3.919717e+01
9.998442e-01 8.141479e-03 -1.566539e-02 1.537249e-01 -7.988071e-03 9.999197e-01 9.830733e-03 7.865138e-01 1.574417e-02 -9.704062e-03 9.998290e-01 -3.489508e+01
9.998785e-01 9.482928e-03 -1.237535e-02 9.746084e-02 -9.363547e-03 9.999094e-01 9.669376e-03 7.352840e-01 1.246592e-02 -9.552322e-03 9.998767e-01 -3.061396e+01
9.999246e-01 9.152485e-03 -8.189666e-03 6.062565e-02 -9.068226e-03 9.999061e-01 1.026726e-02 6.785993e-01 8.282869e-03 -1.019222e-02 9.999138e-01 -2.635596e+01
9.999173e-01 1.209460e-02 -4.368970e-03 3.720921e-02 -1.210507e-02 9.999239e-01 -2.377934e-03 6.021743e-01 4.339878e-03 2.430624e-03 9.999876e-01 -2.213989e+01
9.999317e-01 1.138156e-02 -2.646028e-03 2.925888e-02 -1.139097e-02 9.999287e-01 -3.566734e-03 5.295576e-01 2.605245e-03 3.596631e-03 9.999901e-01 -1.934063e+01
9.999611e-01 8.655552e-03 -1.675731e-03 2.416042e-02 -8.654767e-03 9.999624e-01 4.762288e-04 4.312538e-01 1.679790e-03 -4.617064e-04 9.999985e-01 -1.516614e+01
9.999593e-01 8.224788e-03 -3.700336e-03 1.528089e-02 -8.229507e-03 9.999653e-01 -1.261366e-03 3.343854e-01 3.689834e-03 1.291767e-03 9.999924e-01 -1.102737e+01
9.999418e-01 8.783783e-03 -6.258949e-03 -5.365659e-04 -8.784483e-03 9.999614e-01 -8.411024e-05 2.716196e-01 6.257969e-03 1.390877e-04 9.999804e-01 -8.285137e+00
9.999346e-01 7.699825e-03 -8.456563e-03 -2.044470e-02 -7.705608e-03 9.999701e-01 -6.513404e-04 2.108318e-01 8.451296e-03 7.164614e-04 9.999640e-01 -5.548032e+00
9.999335e-01 7.117782e-03 -9.073195e-03 -4.437224e-02 -7.146580e-03 9.999695e-01 -3.145252e-03 1.473329e-01 9.050532e-03 3.209885e-03 9.999539e-01 -2.818515e+00
9.999193e-01 8.189613e-03 -9.713120e-03 -7.289734e-02 -8.207802e-03 9.999646e-01 -1.834026e-03 7.816926e-02 9.697757e-03 1.913602e-03 9.999512e-01 -9.070031e-02
9.999040e-01 9.472990e-03 -1.011565e-02 -1.031707e-01 -9.500380e-03 9.999513e-01 -2.662938e-03 1.177150e-02 1.008993e-02 2.758785e-03 9.999453e-01 2.629005e+00
9.996850e-01 1.121076e-02 -2.245720e-02 -7.942812e-01 -1.098835e-02 9.998896e-01 1.000300e-02 -1.144783e+00 2.256686e-02 -9.753078e-03 9.996978e-01 5.690157e+01
9.996203e-01 1.174607e-02 -2.492658e-02 -8.950914e-01 -1.149353e-02 9.998814e-01 1.025067e-02 -1.188757e+00 2.504403e-02 -9.960277e-03 9.996367e-01 6.069463e+01
9.999948e-01 1.952887e-03 -2.563672e-03 -1.341283e+00 -1.951049e-03 9.999978e-01 7.193127e-04 -1.790649e+00 2.565071e-03 -7.143063e-04 9.999965e-01 9.639851e+01
9.995400e-01 2.951898e-02 -6.963941e-03 -1.958712e+00 -2.954090e-02 9.995588e-01 -3.065392e-03 -2.187910e+00 6.870383e-03 3.269703e-03 9.999711e-01 1.150263e+02
9.994423e-01 2.575447e-02 2.125459e-02 -1.913209e+00 -2.564016e-02 9.996553e-01 -5.633208e-03 -2.261146e+00 -2.139235e-02 5.085095e-03 9.997582e-01 1.185076e+02
9.998537e-01 1.174643e-02 -1.243052e-02 -1.539735e+00 -1.172437e-02 9.999295e-01 1.846303e-03 -3.680137e+00 1.245134e-02 -1.700292e-03 9.999210e-01 1.850616e+02
9.999402e-01 7.250304e-03 -8.187591e-03 -1.657445e+00 -7.274968e-03 9.999691e-01 -2.986454e-03 -3.973595e+00 8.165686e-03 3.045840e-03 9.999620e-01 1.975229e+02
9.988185e-01 1.281120e-02 -4.687709e-02 -2.280068e+00 -1.256032e-02 9.999052e-01 5.642761e-03 -4.860372e+00 4.694494e-02 -5.047301e-03 9.988847e-01 2.337189e+02
9.999126e-01 1.096613e-02 -7.382659e-03 -2.464848e+00 -1.096472e-02 9.999398e-01 2.316705e-04 -5.049016e+00 7.384756e-03 -1.507007e-04 9.999727e-01 2.413652e+02
9.999462e-01 1.029158e-02 1.271865e-03 -2.481229e+00 -1.029538e-02 9.999424e-01 3.013502e-03 -5.090455e+00 -1.240778e-03 -3.026433e-03 9.999947e-01 2.436012e+02
9.999332e-01 1.088235e-02 3.893034e-03 -2.493249e+00 -1.086468e-02 9.999307e-01 -4.530871e-03 -5.131839e+00 -3.942070e-03 4.488272e-03 9.999822e-01 2.458164e+02
9.995051e-01 8.368310e-03 3.032272e-02 -2.331649e+00 -7.980024e-03 9.998849e-01 -1.290364e-02 -5.513461e+00 -3.042722e-02 1.265528e-02 9.994569e-01 2.625408e+02
9.996760e-01 9.689845e-03 2.353655e-02 -1.871958e+00 -9.551224e-03 9.999364e-01 -5.995004e-03 -5.914599e+00 -2.359314e-02 5.768258e-03 9.997050e-01 2.771894e+02
9.998377e-01 1.107780e-02 1.420800e-02 -1.834878e+00 -1.107304e-02 9.999386e-01 -4.138802e-04 -6.011766e+00 -1.421172e-02 2.564879e-04 9.998990e-01 2.809067e+02
9.999180e-01 1.112185e-02 6.341957e-03 -1.820078e+00 -1.112122e-02 9.999381e-01 -1.343928e-04 -6.118356e+00 -6.343060e-03 6.385208e-05 9.999799e-01 2.854729e+02
9.998455e-01 1.726903e-02 3.272629e-03 -1.835812e+00 -1.725374e-02 9.998403e-01 -4.644346e-03 -6.208970e+00 -3.352309e-03 4.587163e-03 9.999839e-01 2.888905e+02
9.997359e-01 2.262203e-02 4.044413e-03 -1.843827e+00 -2.258880e-02 9.997122e-01 -8.081122e-03 -6.281585e+00 -4.226061e-03 7.987628e-03 9.999592e-01 2.913657e+02
9.996044e-01 2.695498e-02 8.028663e-03 -1.840209e+00 -2.687211e-02 9.995862e-01 -1.025729e-02 -6.360716e+00 -8.301826e-03 1.003748e-02 9.999152e-01 2.938122e+02
9.995716e-01 2.743437e-02 1.020005e-02 -1.829836e+00 -2.736189e-02 9.995998e-01 -7.179074e-03 -6.414405e+00 -1.039292e-02 6.896905e-03 9.999222e-01 2.954284e+02
9.996795e-01 2.422393e-02 7.353445e-03 -1.814744e+00 -2.421551e-02 9.997060e-01 -1.231507e-03 -6.486179e+00 -7.381115e-03 1.053046e-03 9.999722e-01 2.978283e+02
9.997434e-01 2.221300e-02 4.447164e-03 -1.809517e+00 -2.221642e-02 9.997529e-01 7.179632e-04 -6.524789e+00 -4.430117e-03 -8.165782e-04 9.999899e-01 2.994226e+02
