1.000000e+00 1.197625e-11 1.704638e-10 0.000000e+00 1.197625e-11 1.000000e+00 3.562503e-10 -1.110223e-16 1.704638e-10 3.562503e-10 1.000000e+00 2.220446e-16
9.999995e-01 7.196824e-04 -6.870876e-04 -1.401751e-02 -7.197717e-04 9.999997e-01 -1.295633e-04 -2.820321e-02 6.869946e-04 1.300585e-04 9.999998e-01 1.198998e+00
9.999981e-01 1.430880e-03 -1.366265e-03 -2.787365e-02 -1.431233e-03 9.999989e-01 -2.576187e-04 -5.608120e-02 1.365895e-03 2.595743e-04 9.999990e-01 2.384181e+00
9.999956e-01 2.145639e-03 -2.049036e-03 -4.180320e-02 -2.146435e-03 9.999976e-01 -3.863468e-04 -8.410629e-02 2.048203e-03 3.907438e-04 9.999978e-01 3.575628e+00
9.999922e-01 2.860329e-03 -2.731935e-03 -5.573543e-02 -2.861747e-03 9.999957e-01 -5.150906e-04 -1.121362e-01 2.730451e-03 5.229053e-04 9.999961e-01 4.767291e+00
9.999878e-01 3.576816e-03 -3.416746e-03 -6.970674e-02 -3.579038e-03 9.999934e-01 -6.441878e-04 -1.402442e-01 3.414420e-03 6.564092e-04 9.999940e-01 5.962283e+00
9.999824e-01 4.290400e-03 -4.098979e-03 -8.362554e-02 -4.293603e-03 9.999905e-01 -7.727885e-04 -1.682458e-01 4.095625e-03 7.903748e-04 9.999913e-01 7.152769e+00
9.999760e-01 5.005068e-03 -4.782444e-03 -9.756958e-02 -5.009436e-03 9.999870e-01 -9.016141e-04 -1.962977e-01 4.777870e-03 9.255504e-04 9.999882e-01 8.345400e+00
9.999687e-01 5.718771e-03 -5.465184e-03 -1.114989e-01 -5.724485e-03 9.999831e-01 -1.030294e-03 -2.243193e-01 5.459201e-03 1.061548e-03 9.999845e-01 9.536762e+00
9.999604e-01 6.432384e-03 -6.148038e-03 -1.254307e-01 -6.439629e-03 9.999786e-01 -1.158988e-03 -2.523452e-01 6.140452e-03 1.198534e-03 9.999804e-01 1.072832e+01
9.999511e-01 7.145767e-03 -6.830869e-03 -1.393621e-01 -7.154725e-03 9.999736e-01 -1.287669e-03 -2.803697e-01 6.821488e-03 1.336480e-03 9.999758e-01 1.191983e+01
9.999311e-01 8.435908e-03 -8.163220e-03 -1.671408e-01 -8.448594e-03 9.999631e-01 -1.520606e-03 -3.362948e-01 8.150093e-03 1.589470e-03 9.999655e-01 1.430348e+01
9.999063e-01 1.021484e-02 -9.110264e-03 -1.818140e-01 -1.023202e-02 9.999459e-01 -1.840097e-03 -3.654237e-01 9.090976e-03 1.933142e-03 9.999568e-01 1.549659e+01
9.999045e-01 9.373887e-03 -1.015134e-02 -2.081761e-01 -9.389118e-03 9.999548e-01 -1.453538e-03 -4.191514e-01 1.013726e-02 1.548712e-03 9.999474e-01 1.788104e+01
9.999026e-01 9.037036e-03 -1.063812e-02 -2.220687e-01 -9.048731e-03 9.999585e-01 -1.051573e-03 -4.450814e-01 1.062817e-02 1.147733e-03 9.999429e-01 1.907663e+01
9.998895e-01 9.007105e-03 -1.182761e-02 -2.531559e-01 -9.043321e-03 9.999545e-01 -3.011911e-03 -4.977817e-01 1.179995e-02 3.118539e-03 9.999255e-01 2.146468e+01
9.998739e-01 9.613273e-03 -1.263921e-02 -2.707637e-01 -9.644484e-03 9.999506e-01 -2.410510e-03 -5.247441e-01 1.261541e-02 2.532105e-03 9.999172e-01 2.265883e+01
9.998622e-01 9.849565e-03 -1.336112e-02 -2.887908e-01 -9.880847e-03 9.999486e-01 -2.277132e-03 -5.527301e-01 1.333801e-02 2.408838e-03 9.999082e-01 2.385296e+01
9.998496e-01 9.852334e-03 -1.427518e-02 -3.071147e-01 -9.896726e-03 9.999464e-01 -3.042267e-03 -5.812326e-01 1.424445e-02 3.183087e-03 9.998935e-01 2.504684e+01
9.998348e-01 1.011489e-02 -1.510546e-02 -3.273512e-01 -1.015685e-02 9.999447e-01 -2.703181e-03 -6.069839e-01 1.507729e-02 2.856158e-03 9.998823e-01 2.624310e+01
9.998322e-01 9.254980e-03 -1.580829e-02 -3.472488e-01 -9.264587e-03 9.999569e-01 -5.344808e-04 -6.329432e-01 1.580266e-02 6.808490e-04 9.998749e-01 2.744168e+01
9.998234e-01 8.611256e-03 -1.670535e-02 -3.677985e-01 -8.617934e-03 9.999628e-01 -3.276812e-04 -6.565642e-01 1.670191e-02 4.715896e-04 9.998604e-01 2.863712e+01
9.998146e-01 7.984938e-03 -1.751954e-02 -3.892136e-01 -8.016013e-03 9.999664e-01 -1.704144e-03 -6.824261e-01 1.750535e-02 1.844266e-03 9.998451e-01 2.982830e+01
9.998008e-01 7.461297e-03 -1.851044e-02 -4.112762e-01 -7.508905e-03 9.999686e-01 -2.503665e-03 -7.087202e-01 1.849118e-02 2.642160e-03 9.998255e-01 3.102794e+01
9.997835e-01 7.872528e-03 -1.925948e-02 -4.357161e-01 -7.922232e-03 9.999655e-01 -2.505745e-03 -7.356474e-01 1.923909e-02 2.657781e-03 9.998114e-01 3.223193e+01
9.997630e-01 7.159487e-03 -2.056208e-02 -4.846981e-01 -7.195731e-03 9.999727e-01 -1.689150e-03 -7.915945e-01 2.054943e-02 1.836709e-03 9.997872e-01 3.461480e+01
9.997578e-01 6.402722e-03 -2.105455e-02 -5.098190e-01 -6.438109e-03 9.999779e-01 -1.613319e-03 -8.182722e-01 2.104376e-02 1.748481e-03 9.997770e-01 3.581256e+01
9.997447e-01 6.469361e-03 -2.164904e-02 -5.367057e-01 -6.505831e-03 9.999775e-01 -1.614507e-03 -8.457827e-01 2.163811e-02 1.754941e-03 9.997643e-01 3.700928e+01
9.997456e-01 5.595697e-03 -2.184987e-02 -5.627412e-01 -5.621433e-03 9.999836e-01 -1.116570e-03 -8.734675e-01 2.184326e-02 1.239114e-03 9.997606e-01 3.820690e+01
9.997469e-01 5.730089e-03 -2.175759e-02 -5.904619e-01 -5.729521e-03 9.999836e-01 8.851327e-05 -9.001114e-01 2.175774e-02 3.617047e-05 9.997633e-01 3.940549e+01
9.997473e-01 6.200803e-03 -2.160647e-02 -6.181703e-01 -6.179958e-03 9.999803e-01 1.031475e-03 -9.268582e-01 2.161244e-02 -8.976860e-04 9.997660e-01 4.060244e+01
9.997432e-01 6.994168e-03 -2.155419e-02 -6.466319e-01 -6.982521e-03 9.999754e-01 6.156644e-04 -9.531287e-01 2.155797e-02 -4.650029e-04 9.997675e-01 4.179871e+01
9.997393e-01 7.822383e-03 -2.144963e-02 -6.756680e-01 -7.813016e-03 9.999693e-01 5.205581e-04 -9.776312e-01 2.145304e-02 -3.528353e-04 9.997698e-01 4.299592e+01
9.997217e-01 1.079817e-02 -2.097680e-02 -7.080160e-01 -1.075808e-02 9.999401e-01 2.023359e-03 -1.000412e+00 2.099740e-02 -1.797125e-03 9.997779e-01 4.419563e+01
9.997511e-01 1.107363e-02 -1.936701e-02 -7.358613e-01 -1.097598e-02 9.999265e-01 5.141411e-03 -1.020365e+00 1.942252e-02 -4.927557e-03 9.997992e-01 4.539563e+01
9.997773e-01 1.163716e-02 -1.760589e-02 -7.617275e-01 -1.150000e-02 9.999029e-01 7.871628e-03 -1.037444e+00 1.769578e-02 -7.667405e-03 9.998140e-01 4.659612e+01
9.998273e-01 1.160707e-02 -1.451319e-02 -8.050204e-01 -1.141471e-02 9.998468e-01 1.326758e-02 -1.064092e+00 1.466497e-02 -1.309962e-02 9.998067e-01 4.900454e+01
9.998655e-01 9.923126e-03 -1.305597e-02 -8.220020e-01 -9.772672e-03 9.998857e-01 1.153769e-02 -1.073850e+00 1.316897e-02 -1.140854e-02 9.998482e-01 5.020348e+01
9.998740e-01 1.039847e-02 -1.199806e-02 -8.402902e-01 -1.028811e-02 9.999045e-01 9.223321e-03 -1.085315e+00 1.209283e-02 -9.098718e-03 9.998855e-01 5.140457e+01
9.998820e-01 1.057346e-02 -1.114335e-02 -8.753783e-01 -1.047818e-02 9.999083e-01 8.574574e-03 -1.112635e+00 1.123299e-02 -8.456798e-03 9.999012e-01 5.381125e+01
9.998803e-01 9.904895e-03 -1.188406e-02 -8.928730e-01 -9.811863e-03 9.999209e-01 7.861425e-03 -1.127883e+00 1.196099e-02 -7.743878e-03 9.998985e-01 5.501520e+01
9.998592e-01 1.007197e-02 -1.341953e-02 -9.118602e-01 -9.967695e-03 9.999198e-01 7.815017e-03 -1.143152e+00 1.349716e-02 -7.680153e-03 9.998794e-01 5.622027e+01
9.998373e-01 1.009708e-02 -1.494468e-02 -9.332309e-01 -9.958179e-03 9.999068e-01 9.339764e-03 -1.160687e+00 1.503759e-02 -9.189421e-03 9.998447e-01 5.742777e+01
9.998225e-01 1.009404e-02 -1.590911e-02 -9.562150e-01 -9.940127e-03 9.999033e-01 9.724525e-03 -1.175655e+00 1.600573e-02 -9.564658e-03 9.998262e-01 5.863262e+01
9.997987e-01 1.105266e-02 -1.674529e-02 -9.814360e-01 -1.089512e-02 9.998958e-01 9.469924e-03 -1.190278e+00 1.684822e-02 -9.285574e-03 9.998149e-01 5.983857e+01
9.997821e-01 1.144537e-02 -1.745778e-02 -1.006715e+00 -1.128333e-02 9.998926e-01 9.352647e-03 -1.205600e+00 1.756296e-02 -9.153625e-03 9.998039e-01 6.104209e+01
9.997862e-01 1.080107e-02 -1.763248e-02 -1.031126e+00 -1.064714e-02 9.999046e-01 8.800715e-03 -1.221320e+00 1.772586e-02 -8.611096e-03 9.998058e-01 6.224563e+01
9.997955e-01 9.508883e-03 -1.785067e-02 -1.053863e+00 -9.370520e-03 9.999255e-01 7.818952e-03 -1.237483e+00 1.792369e-02 -7.650080e-03 9.998101e-01 6.344747e+01
9.997930e-01 9.088420e-03 -1.820103e-02 -1.078473e+00 -8.930260e-03 9.999218e-01 8.752215e-03 -1.251701e+00 1.827916e-02 -8.587861e-03 9.997960e-01 6.464755e+01
9.997889e-01 9.083060e-03 -1.842881e-02 -1.103193e+00 -8.882419e-03 9.999007e-01 1.094025e-02 -1.267101e+00 1.852635e-02 -1.077425e-02 9.997703e-01 6.585040e+01
9.997792e-01 9.523957e-03 -1.872882e-02 -1.129538e+00 -9.347320e-03 9.999112e-01 9.496443e-03 -1.281112e+00 1.881760e-02 -9.319280e-03 9.997795e-01 6.704761e+01
9.997347e-01 1.319593e-02 -1.887929e-02 -1.186930e+00 -1.304722e-02 9.998830e-01 7.978688e-03 -1.309417e+00 1.898237e-02 -7.730246e-03 9.997899e-01 6.943527e+01
9.997104e-01 1.500435e-02 -1.881231e-02 -1.215316e+00 -1.485154e-02 9.998558e-01 8.236958e-03 -1.324678e+00 1.893319e-02 -7.955179e-03 9.997891e-01 7.062616e+01
9.996991e-01 1.706543e-02 -1.762360e-02 -1.268567e+00 -1.689744e-02 9.998108e-01 9.637712e-03 -1.355743e+00 1.778473e-02 -9.337016e-03 9.997983e-01 7.300219e+01
9.997036e-01 1.873150e-02 -1.555211e-02 -1.292838e+00 -1.857394e-02 9.997753e-01 1.021438e-02 -1.371470e+00 1.573995e-02 -9.922484e-03 9.998269e-01 7.418749e+01
9.998364e-01 1.463832e-02 -1.062524e-02 -1.320138e+00 -1.459781e-02 9.998859e-01 3.880945e-03 -1.407515e+00 1.068084e-02 -3.725203e-03 9.999360e-01 7.654079e+01
9.998511e-01 1.519312e-02 -8.185862e-03 -1.330920e+00 -1.517584e-02 9.998825e-01 2.169593e-03 -1.427085e+00 8.217863e-03 -2.045042e-03 9.999642e-01 7.771630e+01
9.998810e-01 1.450242e-02 -5.257612e-03 -1.337950e+00 -1.447064e-02 9.998771e-01 6.033895e-03 -1.448797e+00 5.344472e-03 -5.957094e-03 9.999680e-01 7.889460e+01
9.998917e-01 1.459305e-02 -1.933843e-03 -1.340942e+00 -1.457722e-02 9.998620e-01 7.962398e-03 -1.468534e+00 2.049772e-03 -7.933343e-03 9.999664e-01 8.006843e+01
9.998850e-01 1.413375e-02 5.503277e-03 -1.335651e+00 -1.415117e-02 9.998949e-01 3.138992e-03 -1.506096e+00 -5.458334e-03 -3.216507e-03 9.999799e-01 8.239913e+01
9.998797e-01 1.272917e-02 8.863339e-03 -1.323865e+00 -1.272312e-02 9.999188e-01 -7.394368e-04 -1.530312e+00 -8.872032e-03 6.265791e-04 9.999605e-01 8.355801e+01
9.998073e-01 1.167643e-02 1.578168e-02 -1.292993e+00 -1.167891e-02 9.999318e-01 6.528232e-05 -1.580587e+00 -1.577984e-02 -2.495819e-04 9.998755e-01 8.587696e+01
9.997260e-01 1.277107e-02 1.961989e-02 -1.273121e+00 -1.279238e-02 9.999177e-01 9.604842e-04 -1.605074e+00 -1.960601e-02 -1.211205e-03 9.998071e-01 8.703114e+01
9.995737e-01 1.212483e-02 2.656002e-02 -1.216671e+00 -1.202445e-02 9.999199e-01 -3.935727e-03 -1.656163e+00 -2.660561e-02 3.614679e-03 9.996395e-01 8.933336e+01
9.994807e-01 1.221273e-02 2.981802e-02 -1.182745e+00 -1.208868e-02 9.999175e-01 -4.336840e-03 -1.683163e+00 -2.986853e-02 3.974127e-03 9.995459e-01 9.048344e+01
9.994064e-01 1.086439e-02 3.269309e-02 -1.144128e+00 -1.076847e-02 9.999372e-01 -3.108733e-03 -1.710419e+00 -3.272481e-02 2.754834e-03 9.994606e-01 9.163655e+01
9.992253e-01 9.287854e-03 3.824408e-02 -1.056015e+00 -9.297315e-03 9.999568e-01 6.948751e-05 -1.760650e+00 -3.824179e-02 -4.250003e-04 9.992684e-01 9.394713e+01
9.991384e-01 8.157564e-03 4.069360e-02 -1.006119e+00 -8.214536e-03 9.999655e-01 1.232957e-03 -1.785071e+00 -4.068214e-02 -1.566173e-03 9.991709e-01 9.510262e+01
9.989655e-01 5.398510e-03 4.515419e-02 -8.975398e-01 -5.201348e-03 9.999764e-01 -4.482798e-03 -1.834871e+00 -4.517733e-02 4.243297e-03 9.989700e-01 9.741317e+01
9.987897e-01 5.894856e-03 4.883027e-02 -7.820453e-01 -5.478100e-03 9.999474e-01 -8.664245e-03 -1.891643e+00 -4.887878e-02 8.386260e-03 9.987695e-01 9.973968e+01
9.987950e-01 6.151443e-03 4.869060e-02 -6.655319e-01 -5.864212e-03 9.999645e-01 -6.039799e-03 -1.953029e+00 -4.872603e-02 5.746988e-03 9.987957e-01 1.020947e+02
9.989556e-01 5.748434e-03 4.532808e-02 -5.505715e-01 -5.583725e-03 9.999773e-01 -3.759517e-03 -2.012875e+00 -4.534867e-02 3.502491e-03 9.989651e-01 1.044700e+02
9.991887e-01 6.377172e-03 3.976665e-02 -4.483272e-01 -6.255912e-03 9.999754e-01 -3.173039e-03 -2.069739e+00 -3.978591e-02 2.921688e-03 9.992040e-01 1.068672e+02
9.993208e-01 7.835242e-03 3.600760e-02 -4.053771e-01 -7.714880e-03 9.999642e-01 -3.480448e-03 -2.098282e+00 -3.603358e-02 3.200290e-03 9.993455e-01 1.080719e+02
9.995691e-01 8.622270e-03 2.805899e-02 -3.290753e-01 -8.565552e-03 9.999610e-01 -2.141033e-03 -2.156853e+00 -2.807636e-02 1.899770e-03 9.996040e-01 1.104916e+02
9.996794e-01 8.809002e-03 2.373857e-02 -2.985283e-01 -8.780628e-03 9.999606e-01 -1.299316e-03 -2.185665e+00 -2.374908e-02 1.090461e-03 9.997174e-01 1.117073e+02
9.998512e-01 9.347451e-03 1.450220e-02 -2.537792e-01 -9.343926e-03 9.999563e-01 -3.109408e-04 -2.240145e+00 -1.450447e-02 1.753877e-04 9.998948e-01 1.141425e+02
9.999025e-01 1.017829e-02 9.563341e-03 -2.415523e-01 -1.017616e-02 9.999482e-01 -2.718613e-04 -2.267804e+00 -9.565613e-03 1.745173e-04 9.999542e-01 1.153628e+02
9.999330e-01 1.157952e-02 -4.926628e-05 -2.325711e-01 -1.157957e-02 9.999323e-01 -1.083758e-03 -2.327575e+00 3.671389e-05 1.084256e-03 9.999994e-01 1.178116e+02
9.998586e-01 1.576019e-02 -5.858555e-03 -2.464440e-01 -1.576711e-02 9.998750e-01 -1.137254e-03 -2.388148e+00 5.839900e-03 1.229467e-03 9.999822e-01 1.202714e+02
9.997912e-01 1.884223e-02 -7.907589e-03 -2.696789e-01 -1.885055e-02 9.998218e-01 -9.793676e-04 -2.444635e+00 7.887727e-03 1.128226e-03 9.999683e-01 1.227424e+02
9.997474e-01 2.029456e-02 -9.654303e-03 -2.970155e-01 -2.029377e-02 9.997940e-01 1.809995e-04 -2.498919e+00 9.655989e-03 1.496909e-05 9.999534e-01 1.252241e+02
9.996212e-01 2.520161e-02 -1.106575e-02 -3.360760e-01 -2.514942e-02 9.996720e-01 4.830972e-03 -2.543289e+00 1.118387e-02 -4.550843e-03 9.999271e-01 1.277202e+02
9.996381e-01 2.388106e-02 -1.238522e-02 -3.704424e-01 -2.384011e-02 9.997098e-01 3.443432e-03 -2.578125e+00 1.246386e-02 -3.146919e-03 9.999174e-01 1.302201e+02
9.997230e-01 1.881769e-02 -1.413891e-02 -3.976226e-01 -1.873314e-02 9.998060e-01 6.088651e-03 -2.614808e+00 1.425075e-02 -5.822097e-03 9.998815e-01 1.327335e+02
9.997671e-01 1.603321e-02 -1.444671e-02 -4.133731e-01 -1.591964e-02 9.998417e-01 7.941936e-03 -2.631357e+00 1.457176e-02 -7.710097e-03 9.998641e-01 1.339959e+02
9.998429e-01 9.895168e-03 -1.470929e-02 -4.438867e-01 -9.781329e-03 9.999218e-01 7.791337e-03 -2.660056e+00 1.478524e-02 -7.646234e-03 9.998615e-01 1.365226e+02
9.998778e-01 5.644588e-03 -1.457692e-02 -4.720570e-01 -5.557022e-03 9.999663e-01 6.040789e-03 -2.693213e+00 1.461053e-02 -5.959045e-03 9.998755e-01 1.390568e+02
9.998820e-01 5.598248e-03 -1.430578e-02 -4.908150e-01 -5.506331e-03 9.999640e-01 6.456574e-03 -2.711316e+00 1.434142e-02 -6.377037e-03 9.998768e-01 1.403306e+02
9.998800e-01 8.591962e-03 -1.289361e-02 -5.316574e-01 -8.463478e-03 9.999143e-01 9.986780e-03 -2.744134e+00 1.297831e-02 -9.876454e-03 9.998670e-01 1.428802e+02
9.998890e-01 8.954282e-03 -1.191151e-02 -5.681071e-01 -8.876444e-03 9.999390e-01 6.571729e-03 -2.775354e+00 1.196963e-02 -6.465265e-03 9.999075e-01 1.454241e+02
9.999061e-01 7.812498e-03 -1.125845e-02 -6.015689e-01 -7.808799e-03 9.999694e-01 3.725598e-04 -2.818864e+00 1.126102e-02 -2.846090e-04 9.999366e-01 1.479611e+02
9.999147e-01 7.643519e-03 -1.059073e-02 -6.344428e-01 -7.688832e-03 9.999614e-01 -4.244256e-03 -2.875057e+00 1.055788e-02 4.325325e-03 9.999349e-01 1.504924e+02
9.999151e-01 7.470657e-03 -1.068148e-02 -6.492857e-01 -7.512242e-03 9.999643e-01 -3.858175e-03 -2.908757e+00 1.065227e-02 3.938089e-03 9.999355e-01 1.517562e+02
9.999008e-01 8.932264e-03 -1.088975e-02 -6.841745e-01 -8.957684e-03 9.999572e-01 -2.287657e-03 -2.969914e+00 1.086885e-02 2.384978e-03 9.999381e-01 1.542883e+02
9.998937e-01 9.403347e-03 -1.114181e-02 -7.034750e-01 -9.423055e-03 9.999541e-01 -1.717437e-03 -2.997619e+00 1.112515e-02 1.822245e-03 9.999365e-01 1.555533e+02
9.998850e-01 9.671333e-03 -1.168366e-02 -7.212308e-01 -9.694938e-03 9.999510e-01 -1.965176e-03 -3.024885e+00 1.166408e-02 2.078223e-03 9.999298e-01 1.568169e+02
9.998742e-01 9.992074e-03 -1.232232e-02 -7.401339e-01 -1.001482e-02 9.999482e-01 -1.785279e-03 -3.051707e+00 1.230385e-02 1.908461e-03 9.999225e-01 1.580778e+02
9.998709e-01 9.437093e-03 -1.300483e-02 -7.581397e-01 -9.446748e-03 9.999551e-01 -6.809684e-04 -3.079341e+00 1.299782e-02 8.037345e-04 9.999152e-01 1.593422e+02
9.998535e-01 1.030765e-02 -1.366465e-02 -7.785169e-01 -1.031359e-02 9.999467e-01 -3.643023e-04 -3.107330e+00 1.366017e-02 5.051812e-04 9.999066e-01 1.606037e+02
9.998251e-01 1.103635e-02 -1.510106e-02 -8.210143e-01 -1.107364e-02 9.999358e-01 -2.387686e-03 -3.162340e+00 1.507374e-02 2.554492e-03 9.998831e-01 1.631262e+02
9.997991e-01 1.155638e-02 -1.637606e-02 -8.676072e-01 -1.160774e-02 9.999280e-01 -3.044212e-03 -3.221845e+00 1.633971e-02 3.233690e-03 9.998613e-01 1.656519e+02
9.997696e-01 1.198696e-02 -1.780678e-02 -9.159259e-01 -1.206133e-02 9.999189e-01 -4.074819e-03 -3.282708e+00 1.775650e-02 4.288653e-03 9.998332e-01 1.681765e+02
9.997374e-01 1.240974e-02 -1.926473e-02 -9.682551e-01 -1.245386e-02 9.999201e-01 -2.172174e-03 -3.344600e+00 1.923624e-02 2.411524e-03 9.998121e-01 1.707047e+02
9.997000e-01 1.321051e-02 -2.062505e-02 -1.024319e+00 -1.324422e-02 9.999111e-01 -1.498835e-03 -3.402447e+00 2.060342e-02 1.771549e-03 9.997862e-01 1.732343e+02
9.996489e-01 1.465281e-02 -2.207794e-02 -1.111965e+00 -1.470976e-02 9.998889e-01 -2.418874e-03 -3.491932e+00 2.204005e-02 2.742786e-03 9.997533e-01 1.770264e+02
9.996424e-01 1.457372e-02 -2.241892e-02 -1.140940e+00 -1.465169e-02 9.998871e-01 -3.317459e-03 -3.523533e+00 2.236804e-02 3.644748e-03 9.997432e-01 1.782891e+02
9.996874e-01 1.030641e-02 -2.277718e-02 -1.193384e+00 -1.041999e-02 9.999338e-01 -4.873750e-03 -3.587083e+00 2.272545e-02 5.109565e-03 9.997287e-01 1.808107e+02
9.996814e-01 1.002918e-02 -2.316311e-02 -1.249819e+00 -9.950237e-03 9.999443e-01 3.520889e-03 -3.644685e+00 2.319713e-02 -3.289288e-03 9.997255e-01 1.833367e+02
9.996734e-01 1.036281e-02 -2.336066e-02 -1.280267e+00 -1.030116e-02 9.999431e-01 2.757641e-03 -3.669131e+00 2.338791e-02 -2.516097e-03 9.997233e-01 1.845934e+02
9.996501e-01 1.230447e-02 -2.341722e-02 -1.342768e+00 -1.236717e-02 9.999203e-01 -2.534452e-03 -3.722358e+00 2.338417e-02 2.823170e-03 9.997226e-01 1.870923e+02
9.996511e-01 1.188341e-02 -2.358974e-02 -1.371475e+00 -1.194447e-02 9.999256e-01 -2.448977e-03 -3.752664e+00 2.355889e-02 2.729890e-03 9.997187e-01 1.883388e+02
9.996551e-01 1.202913e-02 -2.334368e-02 -1.429913e+00 -1.200463e-02 9.999272e-01 1.189625e-03 -3.811043e+00 2.335630e-02 -9.089811e-04 9.997268e-01 1.908308e+02
9.997053e-01 1.146956e-02 -2.139564e-02 -1.482347e+00 -1.143659e-02 9.999332e-01 1.663004e-03 -3.868861e+00 2.141328e-02 -1.417820e-03 9.997697e-01 1.933035e+02
9.997735e-01 1.002801e-02 -1.877428e-02 -1.525428e+00 -1.005744e-02 9.999483e-01 -1.473791e-03 -3.929306e+00 1.875854e-02 1.662279e-03 9.998227e-01 1.957610e+02
9.998066e-01 9.130046e-03 -1.742092e-02 -1.543340e+00 -9.171383e-03 9.999553e-01 -2.294297e-03 -3.962116e+00 1.739919e-02 2.453627e-03 9.998456e-01 1.969816e+02
9.998506e-01 8.954749e-03 -1.478447e-02 -1.577337e+00 -8.947165e-03 9.999598e-01 5.791481e-04 -4.025379e+00 1.478906e-02 -4.467817e-04 9.998905e-01 1.994115e+02
9.998606e-01 9.654808e-03 -1.362211e-02 -1.593225e+00 -9.642126e-03 9.999530e-01 9.965228e-04 -4.055718e+00 1.363109e-02 -8.650369e-04 9.999067e-01 2.006192e+02
9.998768e-01 9.445742e-03 -1.253497e-02 -1.607052e+00 -9.436407e-03 9.999551e-01 8.038410e-04 -4.084508e+00 1.254200e-02 -6.854560e-04 9.999211e-01 2.018207e+02
9.998851e-01 9.829830e-03 -1.154091e-02 -1.619569e+00 -9.817733e-03 9.999512e-01 1.104585e-03 -4.112611e+00 1.155120e-02 -9.911520e-04 9.999328e-01 2.030155e+02
9.998948e-01 1.008993e-02 -1.042026e-02 -1.629855e+00 -1.007460e-02 9.999481e-01 1.522759e-03 -4.142166e+00 1.043509e-02 -1.417618e-03 9.999446e-01 2.042033e+02
9.999104e-01 1.012366e-02 -8.754828e-03 -1.649074e+00 -1.011278e-02 9.999480e-01 1.287178e-03 -4.196218e+00 8.767405e-03 -1.198526e-03 9.999609e-01 2.065525e+02
9.999265e-01 8.942437e-03 -8.192095e-03 -1.655974e+00 -8.930852e-03 9.999590e-01 1.449907e-03 -4.223531e+00 8.204726e-03 -1.376637e-03 9.999654e-01 2.077094e+02
9.999297e-01 8.776023e-03 -7.972737e-03 -1.663162e+00 -8.760059e-03 9.999595e-01 2.035326e-03 -4.250230e+00 7.990277e-03 -1.965340e-03 9.999662e-01 2.088522e+02
9.999233e-01 8.543601e-03 -8.972630e-03 -1.680916e+00 -8.513509e-03 9.999580e-01 3.386803e-03 -4.301812e+00 9.001190e-03 -3.310153e-03 9.999540e-01 2.110937e+02
9.999174e-01 8.823204e-03 -9.346568e-03 -1.692609e+00 -8.801091e-03 9.999584e-01 2.404531e-03 -4.326860e+00 9.367395e-03 -2.322071e-03 9.999534e-01 2.121907e+02
9.999054e-01 9.064680e-03 -1.034486e-02 -1.717659e+00 -9.051482e-03 9.999581e-01 1.322076e-03 -4.376802e+00 1.035641e-02 -1.228314e-03 9.999456e-01 2.143453e+02
9.998981e-01 8.510470e-03 -1.146091e-02 -1.730641e+00 -8.494998e-03 9.999629e-01 1.398205e-03 -4.402081e+00 1.147238e-02 -1.300701e-03 9.999334e-01 2.154046e+02
9.998623e-01 7.075987e-03 -1.501205e-02 -1.758097e+00 -7.022485e-03 9.999688e-01 3.613773e-03 -4.450451e+00 1.503715e-02 -3.507852e-03 9.998808e-01 2.174854e+02
9.997825e-01 7.515842e-03 -1.945529e-02 -1.796549e+00 -7.402042e-03 9.999551e-01 5.914789e-03 -4.494237e+00 1.949887e-02 -5.769491e-03 9.997932e-01 2.195114e+02
9.996589e-01 7.966565e-03 -2.487172e-02 -1.844527e+00 -7.835822e-03 9.999550e-01 5.349820e-03 -4.532452e+00 2.491322e-02 -5.153103e-03 9.996763e-01 2.214612e+02
9.994888e-01 8.894846e-03 -3.070881e-02 -1.900504e+00 -8.713670e-03 9.999438e-01 6.028646e-03 -4.574348e+00 3.076072e-02 -5.757976e-03 9.995102e-01 2.233228e+02
9.993905e-01 8.840090e-03 -3.377245e-02 -1.931080e+00 -8.663861e-03 9.999481e-01 5.360979e-03 -4.594192e+00 3.381809e-02 -5.065110e-03 9.994152e-01 2.242192e+02
9.991469e-01 9.829968e-03 -4.011115e-02 -1.999321e+00 -9.647864e-03 9.999422e-01 4.731100e-03 -4.634336e+00 4.015535e-02 -4.340075e-03 9.991840e-01 2.259462e+02
9.990191e-01 1.011427e-02 -4.311066e-02 -2.036110e+00 -9.956056e-03 9.999429e-01 3.883171e-03 -4.655490e+00 4.314748e-02 -3.450149e-03 9.990628e-01 2.267758e+02
9.988931e-01 1.204947e-02 -4.546860e-02 -2.076063e+00 -1.187886e-02 9.999213e-01 4.020761e-03 -4.674144e+00 4.551348e-02 -3.476194e-03 9.989577e-01 2.275885e+02
9.988548e-01 1.291834e-02 -4.606738e-02 -2.149429e+00 -1.268396e-02 9.999051e-01 5.376447e-03 -4.710568e+00 4.613246e-02 -4.785971e-03 9.989239e-01 2.291590e+02
9.988935e-01 1.280984e-02 -4.525061e-02 -2.215172e+00 -1.256706e-02 9.999051e-01 5.645617e-03 -4.746558e+00 4.531864e-02 -5.070702e-03 9.989597e-01 2.306577e+02
9.989018e-01 1.327722e-02 -4.493224e-02 -2.247910e+00 -1.312331e-02 9.999069e-01 3.718701e-03 -4.762455e+00 4.497743e-02 -3.124956e-03 9.989831e-01 2.313882e+02
9.989870e-01 1.331303e-02 -4.298534e-02 -2.309140e+00 -1.331792e-02 9.999113e-01 1.726322e-04 -4.795655e+00 4.298383e-02 4.000187e-04 9.990757e-01 2.328383e+02
9.991162e-01 1.347006e-02 -3.981679e-02 -2.364800e+00 -1.350330e-02 9.999086e-01 -5.659031e-04 -4.830531e+00 3.980553e-02 1.103062e-03 9.992068e-01 2.342776e+02
9.992651e-01 1.336426e-02 -3.592461e-02 -2.414706e+00 -1.339616e-02 9.999100e-01 -6.472486e-04 -4.864866e+00 3.591273e-02 1.128025e-03 9.993543e-01 2.357021e+02
9.994337e-01 1.322481e-02 -3.094321e-02 -2.458270e+00 -1.325259e-02 9.999119e-01 -6.927423e-04 -4.896919e+00 3.093133e-02 1.102428e-03 9.995209e-01 2.371116e+02
9.996282e-01 1.126815e-02 -2.483098e-02 -2.489243e+00 -1.126448e-02 9.999365e-01 2.877643e-04 -4.929647e+00 2.483264e-02 -7.948487e-06 9.996916e-01 2.385076e+02
9.997657e-01 1.059942e-02 -1.887178e-02 -2.511949e+00 -1.059804e-02 9.999438e-01 1.729227e-04 -4.965562e+00 1.887255e-02 2.712253e-05 9.998219e-01 2.398878e+02
9.998182e-01 1.038177e-02 -1.599609e-02 -2.520293e+00 -1.038785e-02 9.999460e-01 -2.970442e-04 -4.981740e+00 1.599214e-02 4.631559e-04 9.998720e-01 2.405753e+02
9.998505e-01 1.134175e-02 -1.304889e-02 -2.528203e+00 -1.135881e-02 9.999347e-01 -1.233928e-03 -4.998210e+00 1.303405e-02 1.381964e-03 9.999141e-01 2.412639e+02
9.999093e-01 1.129863e-02 -7.336242e-03 -2.538348e+00 -1.130652e-02 9.999355e-01 -1.034001e-03 -5.032044e+00 7.324087e-03 1.116855e-03 9.999726e-01 2.426535e+02
9.999302e-01 1.155370e-02 -2.459278e-03 -2.545596e+00 -1.155511e-02 9.999331e-01 -5.591492e-04 -5.064282e+00 2.452654e-03 5.875280e-04 9.999968e-01 2.440590e+02
9.999351e-01 1.139254e-02 -1.714107e-04 -2.546852e+00 -1.139283e-02 9.999335e-01 -1.782130e-03 -5.080295e+00 1.510966e-04 1.783967e-03 9.999984e-01 2.447634e+02
9.999381e-01 1.084619e-02 2.490505e-03 -2.545576e+00 -1.083126e-02 9.999237e-01 -5.935101e-03 -5.109038e+00 -2.554688e-03 5.907758e-03 9.999793e-01 2.461863e+02
9.999384e-01 1.077194e-02 2.672936e-03 -2.543734e+00 -1.075364e-02 9.999193e-01 -6.767155e-03 -5.126143e+00 -2.745615e-03 6.737994e-03 9.999735e-01 2.469081e+02
9.999458e-01 1.001294e-02 2.848720e-03 -2.542056e+00 -9.992817e-03 9.999256e-01 -6.991832e-03 -5.145191e+00 -2.918517e-03 6.962986e-03 9.999715e-01 2.476359e+02
9.999358e-01 1.092501e-02 3.021948e-03 -2.541896e+00 -1.090312e-02 9.999148e-01 -7.169908e-03 -5.164585e+00 -3.100022e-03 7.136498e-03 9.999697e-01 2.483695e+02
9.999323e-01 1.108684e-02 3.527473e-03 -2.540944e+00 -1.105160e-02 9.998903e-01 -9.858624e-03 -5.205979e+00 -3.636387e-03 9.818971e-03 9.999452e-01 2.498573e+02
9.999829e-01 4.023655e-03 4.247560e-03 -2.529259e+00 -3.969773e-03 9.999125e-01 -1.261880e-02 -5.246305e+00 -4.297962e-03 1.260172e-02 9.999114e-01 2.513708e+02
9.999347e-01 1.001002e-02 5.514964e-03 -2.534412e+00 -9.991019e-03 9.999441e-01 -3.461758e-03 -5.282956e+00 -5.549308e-03 3.406432e-03 9.999788e-01 2.529289e+02
9.998035e-01 1.155317e-02 1.610904e-02 -2.508908e+00 -1.136567e-02 9.998671e-01 -1.168301e-02 -5.345294e+00 -1.624188e-02 1.149762e-02 9.998020e-01 2.561119e+02
9.997287e-01 1.301807e-02 1.931264e-02 -2.495854e+00 -1.279623e-02 9.998512e-01 -1.156648e-02 -5.364407e+00 -1.946034e-02 1.131621e-02 9.997466e-01 2.569296e+02
9.996371e-01 8.632262e-03 2.551858e-02 -2.451908e+00 -8.485886e-03 9.999469e-01 -5.838899e-03 -5.406872e+00 -2.556763e-02 5.620232e-03 9.996573e-01 2.585928e+02
9.994894e-01 5.930202e-03 3.139750e-02 -2.401831e+00 -5.823188e-03 9.999769e-01 -3.498755e-03 -5.445288e+00 -3.141752e-02 3.314135e-03 9.995009e-01 2.602685e+02
9.993040e-01 8.631655e-03 3.629000e-02 -2.347909e+00 -8.351913e-03 9.999343e-01 -7.853110e-03 -5.488513e+00 -3.635540e-02 7.544553e-03 9.993105e-01 2.619398e+02
9.990772e-01 9.860672e-03 4.180323e-02 -2.282743e+00 -9.602689e-03 9.999336e-01 -6.367741e-03 -5.533299e+00 -4.186324e-02 5.960441e-03 9.991056e-01 2.636212e+02
9.987824e-01 1.192758e-02 4.786978e-02 -2.211671e+00 -1.172932e-02 9.999214e-01 -4.420534e-03 -5.580169e+00 -4.791874e-02 3.853672e-03 9.988438e-01 2.653026e+02
9.985364e-01 1.019645e-02 5.311482e-02 -2.120601e+00 -9.914560e-03 9.999353e-01 -5.568043e-03 -5.622751e+00 -5.316817e-02 5.033283e-03 9.985729e-01 2.669886e+02
9.984232e-01 5.720778e-03 5.584260e-02 -2.020152e+00 -5.456183e-03 9.999731e-01 -4.889568e-03 -5.662313e+00 -5.586908e-02 4.577170e-03 9.984276e-01 2.686821e+02
9.983663e-01 4.848794e-03 5.693179e-02 -1.923826e+00 -4.581796e-03 9.999779e-01 -4.819406e-03 -5.705921e+00 -5.695390e-02 4.550683e-03 9.983664e-01 2.703816e+02
9.983956e-01 5.374549e-03 5.636852e-02 -1.829452e+00 -5.169485e-03 9.999795e-01 -3.783122e-03 -5.750154e+00 -5.638770e-02 3.485656e-03 9.984029e-01 2.720891e+02
9.984601e-01 5.007634e-03 5.524747e-02 -1.783337e+00 -4.765767e-03 9.999785e-01 -4.508777e-03 -5.773108e+00 -5.526886e-02 4.238538e-03 9.984625e-01 2.729432e+02
9.985463e-01 5.133179e-03 5.365578e-02 -1.741198e+00 -4.852447e-03 9.999738e-01 -5.361069e-03 -5.793806e+00 -5.368190e-02 5.092913e-03 9.985451e-01 2.737954e+02
9.986284e-01 5.918529e-03 5.202125e-02 -1.700845e+00 -5.597716e-03 9.999644e-01 -6.310512e-03 -5.814912e+00 -5.205675e-02 6.010657e-03 9.986260e-01 2.746511e+02
9.987660e-01 8.133439e-03 4.899410e-02 -1.622669e+00 -7.822405e-03 9.999480e-01 -6.536837e-03 -5.858238e+00 -4.904473e-02 6.145518e-03 9.987777e-01 2.763544e+02
9.989946e-01 8.422478e-03 4.403156e-02 -1.550632e+00 -8.228132e-03 9.999556e-01 -4.593216e-03 -5.901149e+00 -4.406829e-02 4.226300e-03 9.990196e-01 2.780516e+02
9.993635e-01 5.822915e-03 3.519509e-02 -1.489305e+00 -5.819062e-03 9.999830e-01 -2.119652e-04 -5.941918e+00 -3.519573e-02 7.028462e-06 9.993804e-01 2.797354e+02
9.996574e-01 4.914014e-03 2.570864e-02 -1.447757e+00 -4.962389e-03 9.999860e-01 1.818158e-03 -5.978025e+00 -2.569935e-02 -1.945110e-03 9.996678e-01 2.813897e+02
9.998582e-01 3.417936e-03 1.649028e-02 -1.419054e+00 -3.464110e-03 9.999901e-01 2.772280e-03 -6.010847e+00 -1.648064e-02 -2.829010e-03 9.998602e-01 2.830036e+02
9.999589e-01 3.448345e-03 8.391040e-03 -1.411252e+00 -3.468664e-03 9.999911e-01 2.408034e-03 -6.040170e+00 -8.382662e-03 -2.437039e-03 9.999619e-01 2.845553e+02
9.999935e-01 3.534352e-03 7.657028e-04 -1.417779e+00 -3.536370e-03 9.999902e-01 2.648300e-03 -6.069167e+00 -7.563350e-04 -2.650989e-03 9.999962e-01 2.860359e+02
9.999577e-01 3.814336e-03 -8.374917e-03 -1.435822e+00 -3.810160e-03 9.999926e-01 5.145885e-04 -6.101380e+00 8.376818e-03 -4.826561e-04 9.999648e-01 2.874331e+02
9.994316e-01 6.168463e-03 -3.314286e-02 -1.506373e+00 -6.306868e-03 9.999718e-01 -4.073051e-03 -6.149396e+00 3.311680e-02 4.279764e-03 9.994423e-01 2.893890e+02
9.979962e-01 7.563684e-03 -6.282002e-02 -1.597157e+00 -7.789806e-03 9.999640e-01 -3.355350e-03 -6.182453e+00 6.279239e-02 3.837983e-03 9.980192e-01 2.906281e+02
9.944339e-01 1.193309e-02 -1.046845e-01 -1.742378e+00 -1.224625e-02 9.999222e-01 -2.349099e-03 -6.210196e+00 1.046483e-01 3.618017e-03 9.945027e-01 2.918062e+02
9.874435e-01 1.494253e-02 -1.572642e-01 -1.942994e+00 -1.538155e-02 9.998804e-01 -1.574791e-03 -6.237015e+00 1.572219e-01 3.973984e-03 9.875553e-01 2.929374e+02
9.751946e-01 1.636349e-02 -2.207437e-01 -2.209538e+00 -1.633564e-02 9.998646e-01 1.951826e-03 -6.257666e+00 2.207458e-01 1.702582e-03 9.753299e-01 2.939981e+02
8.915138e-01 2.087312e-02 -4.525124e-01 -3.425572e+00 -1.529834e-02 9.997553e-01 1.597598e-02 -6.320980e+00 4.527352e-01 -7.320112e-03 8.916150e-01 2.967828e+02
8.432539e-01 1.998884e-02 -5.371437e-01 -3.968958e+00 -1.154593e-02 9.997513e-01 1.907818e-02 -6.332760e+00 5.373915e-01 -9.885924e-03 8.432750e-01 2.975634e+02
7.828475e-01 2.209783e-02 -6.218211e-01 -4.586321e+00 -1.043145e-02 9.996948e-01 2.239367e-02 -6.339444e+00 6.221262e-01 -1.104433e-02 7.828391e-01 2.982617e+02
7.092480e-01 2.101313e-02 -7.046458e-01 -5.270323e+00 -4.493999e-03 9.996701e-01 2.528766e-02 -6.347814e+00 7.049447e-01 -1.476854e-02 7.091085e-01 2.988694e+02
6.185955e-01 2.121490e-02 -7.854232e-01 -6.014393e+00 6.372302e-03 9.994670e-01 3.201520e-02 -6.339964e+00 7.856838e-01 -2.480940e-02 6.181306e-01 2.994337e+02
5.150100e-01 3.174472e-02 -8.565961e-01 -6.808874e+00 1.903388e-03 9.992692e-01 3.817644e-02 -6.331276e+00 8.571821e-01 -2.129168e-02 5.145733e-01 2.998050e+02
3.453982e-01 4.091513e-02 -9.375639e-01 -8.027228e+00 7.942996e-04 9.990360e-01 4.389040e-02 -6.304576e+00 9.384559e-01 -1.590437e-02 3.450328e-01 3.001811e+02
2.276281e-01 4.821035e-02 -9.725539e-01 -8.849753e+00 5.518634e-03 9.986937e-01 5.079778e-02 -6.282888e+00 9.737325e-01 -1.693016e-02 2.270647e-01 3.002873e+02
1.020290e-01 5.558781e-02 -9.932271e-01 -9.696194e+00 9.495467e-03 9.983376e-01 5.684926e-02 -6.256955e+00 9.947361e-01 -1.523142e-02 1.013315e-01 3.002840e+02
-2.861154e-02 6.761246e-02 -9.973013e-01 -1.058129e+01 1.450990e-02 9.976327e-01 6.721867e-02 -6.224323e+00 9.994853e-01 -1.254750e-02 -2.952486e-02 3.002293e+02
-1.622278e-01 8.061149e-02 -9.834551e-01 -1.148794e+01 2.046263e-02 9.967180e-01 7.832318e-02 -6.178297e+00 9.865412e-01 -7.417880e-03 -1.633449e-01 2.999941e+02
-2.916010e-01 9.114715e-02 -9.521875e-01 -1.240289e+01 3.022664e-02 9.958306e-01 8.606815e-02 -6.123531e+00 9.560624e-01 -3.683863e-03 -2.931403e-01 2.996328e+02
-4.122464e-01 9.449474e-02 -9.061587e-01 -1.331090e+01 3.933185e-02 9.955253e-01 8.592039e-02 -6.063773e+00 9.102230e-01 -2.205223e-04 -4.141184e-01 2.991429e+02
-4.677578e-01 9.454540e-02 -8.787854e-01 -1.376340e+01 4.279433e-02 9.955188e-01 8.432590e-02 -6.028358e+00 8.828201e-01 1.837069e-03 -4.697077e-01 2.988742e+02
-5.195944e-01 9.466394e-02 -8.491528e-01 -1.421251e+01 4.594067e-02 9.955010e-01 8.286797e-02 -5.989762e+00 8.531771e-01 4.047087e-03 -5.216057e-01 2.985219e+02
-5.661043e-01 9.480093e-02 -8.188643e-01 -1.466311e+01 4.852789e-02 9.954749e-01 8.169868e-02 -5.950116e+00 8.229040e-01 6.512222e-03 -5.681432e-01 2.981811e+02
-6.071218e-01 9.561220e-02 -7.888355e-01 -1.511616e+01 5.049700e-02 9.953702e-01 8.178097e-02 -5.913525e+00 7.930027e-01 9.817187e-03 -6.091391e-01 2.978016e+02
-6.444110e-01 9.890993e-02 -7.582554e-01 -1.556917e+01 5.533819e-02 9.950313e-01 8.276627e-02 -5.871992e+00 7.626744e-01 1.137501e-02 -6.466826e-01 2.973601e+02
-6.809154e-01 1.056329e-01 -7.247040e-01 -1.602426e+01 6.436168e-02 9.943458e-01 8.446317e-02 -5.830931e+00 7.295285e-01 1.086911e-02 -6.838641e-01 2.969179e+02
-7.164120e-01 1.114214e-01 -6.887228e-01 -1.647064e+01 7.174229e-02 9.936971e-01 8.613348e-02 -5.783464e+00 6.939791e-01 1.229651e-02 -7.198902e-01 2.964013e+02
-7.492835e-01 1.134759e-01 -6.524550e-01 -1.690392e+01 7.593209e-02 9.934337e-01 8.557864e-02 -5.737737e+00 6.578820e-01 1.458039e-02 -7.529799e-01 2.958766e+02
-7.797406e-01 1.101848e-01 -6.163311e-01 -1.732241e+01 7.643205e-02 9.937819e-01 8.096699e-02 -5.692386e+00 6.214200e-01 1.602580e-02 -7.833137e-01 2.952843e+02
-8.072322e-01 1.073610e-01 -5.803876e-01 -1.772918e+01 7.840312e-02 9.941082e-01 7.484467e-02 -5.645499e+00 5.850036e-01 1.491282e-02 -8.108936e-01 2.946844e+02
-8.550526e-01 9.971903e-02 -5.088626e-01 -1.850534e+01 7.890277e-02 9.949281e-01 6.238870e-02 -5.550791e+00 5.125031e-01 1.319495e-02 -8.585840e-01 2.933496e+02
-8.954302e-01 9.445256e-02 -4.350672e-01 -1.921381e+01 7.670849e-02 9.953527e-01 5.821294e-02 -5.472940e+00 4.385437e-01 1.875228e-02 -8.985142e-01 2.918625e+02
-9.288132e-01 9.558846e-02 -3.580067e-01 -1.984548e+01 8.161866e-02 9.952013e-01 5.396910e-02 -5.397191e+00 3.614476e-01 2.090719e-02 -9.321580e-01 2.902408e+02
-9.546984e-01 9.969512e-02 -2.803781e-01 -2.038184e+01 8.826347e-02 9.946786e-01 5.314125e-02 -5.330467e+00 2.841840e-01 2.598672e-02 -9.584175e-01 2.885047e+02
-9.731786e-01 1.019882e-01 -2.062084e-01 -2.081155e+01 9.328698e-02 9.943057e-01 5.151404e-02 -5.265003e+00 2.102880e-01 3.089581e-02 -9.771512e-01 2.866208e+02
-9.853644e-01 9.883847e-02 -1.388813e-01 -2.111659e+01 9.399114e-02 9.947262e-01 4.105462e-02 -5.198232e+00 1.422066e-01 2.740015e-02 -9.894577e-01 2.846297e+02
-9.924318e-01 9.622513e-02 -7.628790e-02 -2.130702e+01 9.351779e-02 9.948803e-01 3.830874e-02 -5.143301e+00 7.958360e-02 3.088454e-02 -9.963496e-01 2.825205e+02
-9.952359e-01 9.527046e-02 -2.071198e-02 -2.138358e+01 9.453364e-02 9.949394e-01 3.404260e-02 -5.092068e+00 2.385042e-02 3.192243e-02 -9.992058e-01 2.803112e+02
-9.955379e-01 9.014441e-02 2.789736e-02 -2.134556e+01 9.107603e-02 9.952583e-01 3.414826e-02 -5.044246e+00 -2.468681e-02 3.653666e-02 -9.990274e-01 2.780075e+02
-9.944714e-01 8.274355e-02 6.465401e-02 -2.120924e+01 8.478673e-02 9.959617e-01 2.951923e-02 -5.001358e+00 -6.195040e-02 3.483783e-02 -9.974710e-01 2.756388e+02
-9.937177e-01 7.283445e-02 8.497212e-02 -2.100190e+01 7.555378e-02 9.967131e-01 2.923372e-02 -4.965436e+00 -8.256361e-02 3.547002e-02 -9.959544e-01 2.732075e+02
-9.936305e-01 6.923457e-02 8.890975e-02 -2.088617e+01 7.224505e-02 9.969020e-01 3.109654e-02 -4.946924e+00 -8.648135e-02 3.732176e-02 -9.955542e-01 2.719630e+02
-9.937315e-01 6.743772e-02 8.916219e-02 -2.077685e+01 7.031330e-02 9.970883e-01 2.950970e-02 -4.927465e+00 -8.691252e-02 3.559400e-02 -9.955799e-01 2.707050e+02
-9.940577e-01 6.528026e-02 8.710749e-02 -2.066591e+01 6.797206e-02 9.972858e-01 2.829890e-02 -4.906062e+00 -8.502371e-02 3.405161e-02 -9.957969e-01 2.694279e+02
-9.943053e-01 6.465090e-02 8.471917e-02 -2.055522e+01 6.734172e-02 9.972998e-01 2.929534e-02 -4.883412e+00 -8.259645e-02 3.483364e-02 -9.959741e-01 2.681360e+02
-9.945887e-01 6.358020e-02 8.216374e-02 -2.044759e+01 6.626821e-02 9.973383e-01 3.041031e-02 -4.861751e+00 -8.001156e-02 3.569059e-02 -9.961548e-01 2.668306e+02
-9.949224e-01 6.316236e-02 7.835820e-02 -2.034586e+01 6.577420e-02 9.973463e-01 3.120866e-02 -4.838516e+00 -7.617905e-02 3.620413e-02 -9.964367e-01 2.655097e+02
-9.954163e-01 6.153648e-02 7.321024e-02 -2.024967e+01 6.409009e-02 9.973965e-01 3.305593e-02 -4.817703e+00 -7.098549e-02 3.759645e-02 -9.967686e-01 2.641794e+02
-9.958434e-01 6.098343e-02 6.765249e-02 -2.015628e+01 6.348814e-02 9.973506e-01 3.551046e-02 -4.799526e+00 -6.530771e-02 3.965798e-02 -9.970768e-01 2.628481e+02
-9.965353e-01 6.012226e-02 5.746893e-02 -1.999327e+01 6.235652e-02 9.973338e-01 3.790726e-02 -4.760491e+00 -5.503663e-02 4.135948e-02 -9.976274e-01 2.601902e+02
-9.972498e-01 5.752394e-02 4.673083e-02 -1.985530e+01 5.926837e-02 9.975620e-01 3.684197e-02 -4.717988e+00 -4.449761e-02 3.951030e-02 -9.982279e-01 2.575113e+02
-9.977634e-01 5.628839e-02 3.605180e-02 -1.974591e+01 5.768839e-02 9.975707e-01 3.904651e-02 -4.673674e+00 -3.376635e-02 4.103895e-02 -9.985868e-01 2.548239e+02
-9.979769e-01 5.761641e-02 2.687747e-02 -1.966817e+01 5.872767e-02 9.973659e-01 4.257070e-02 -4.618642e+00 -2.435391e-02 4.406302e-02 -9.987319e-01 2.521232e+02
-9.980481e-01 5.913679e-02 2.007311e-02 -1.961368e+01 5.992960e-02 9.973393e-01 4.150632e-02 -4.556415e+00 -1.756515e-02 4.262827e-02 -9.989366e-01 2.494162e+02
-9.981369e-01 5.919834e-02 1.477775e-02 -1.956928e+01 5.969545e-02 9.975733e-01 3.583310e-02 -4.501374e+00 -1.262063e-02 3.664849e-02 -9.992485e-01 2.467060e+02
-9.981876e-01 5.921292e-02 1.073651e-02 -1.953800e+01 5.960278e-02 9.973957e-01 4.061157e-02 -4.445003e+00 -8.303821e-03 4.117788e-02 -9.991173e-01 2.439698e+02
-9.981139e-01 6.061611e-02 9.718180e-03 -1.951383e+01 6.096378e-02 9.973087e-01 4.072748e-02 -4.378260e+00 -7.223285e-03 4.124311e-02 -9.991230e-01 2.412224e+02
-9.979809e-01 6.267143e-02 1.031297e-02 -1.949325e+01 6.303017e-02 9.972411e-01 3.920854e-02 -4.316996e+00 -7.827265e-03 3.977940e-02 -9.991778e-01 2.384577e+02
-9.977711e-01 6.561590e-02 1.214200e-02 -1.946668e+01 6.603224e-02 9.970998e-01 3.783881e-02 -4.255713e+00 -9.623957e-03 3.855623e-02 -9.992101e-01 2.356839e+02
-9.977923e-01 6.485151e-02 1.431108e-02 -1.943040e+01 6.540146e-02 9.969723e-01 4.205776e-02 -4.186692e+00 -1.154024e-02 4.290086e-02 -9.990127e-01 2.328928e+02
-9.979663e-01 6.174237e-02 1.585104e-02 -1.938129e+01 6.236575e-02 9.971515e-01 4.241971e-02 -4.121142e+00 -1.318680e-02 4.332199e-02 -9.989741e-01 2.300914e+02
-9.980329e-01 6.046357e-02 1.656546e-02 -1.933238e+01 6.109387e-02 9.973047e-01 4.063085e-02 -4.061083e+00 -1.406413e-02 4.156297e-02 -9.990369e-01 2.272832e+02
-9.980343e-01 6.040561e-02 1.669300e-02 -1.930936e+01 6.101503e-02 9.973827e-01 3.879221e-02 -4.031202e+00 -1.430604e-02 3.973447e-02 -9.991079e-01 2.258709e+02
-9.979743e-01 6.125772e-02 1.717213e-02 -1.926526e+01 6.190904e-02 9.972645e-01 4.038287e-02 -3.975161e+00 -1.465140e-02 4.136416e-02 -9.990367e-01 2.230339e+02
-9.979633e-01 6.139365e-02 1.732551e-02 -1.924098e+01 6.206277e-02 9.972230e-01 4.116377e-02 -3.945563e+00 -1.475020e-02 4.215519e-02 -9.990022e-01 2.216106e+02
-9.979836e-01 6.110581e-02 1.716889e-02 -1.919066e+01 6.178213e-02 9.972016e-01 4.209496e-02 -3.884537e+00 -1.454860e-02 4.307080e-02 -9.989661e-01 2.187565e+02
-9.979114e-01 6.221097e-02 1.739951e-02 -1.914051e+01 6.288757e-02 9.971574e-01 4.149915e-02 -3.816692e+00 -1.476835e-02 4.250668e-02 -9.989870e-01 2.158915e+02
-9.978891e-01 6.255050e-02 1.745961e-02 -1.911492e+01 6.325307e-02 9.970663e-01 4.310101e-02 -3.783819e+00 -1.471241e-02 4.411439e-02 -9.989182e-01 2.144523e+02
-9.978702e-01 6.285014e-02 1.745980e-02 -1.908395e+01 6.354393e-02 9.970727e-01 4.252177e-02 -3.744539e+00 -1.473619e-02 4.354066e-02 -9.989430e-01 2.130109e+02
-9.978354e-01 6.341608e-02 1.740589e-02 -1.905320e+01 6.406733e-02 9.971504e-01 3.982862e-02 -3.706671e+00 -1.483052e-02 4.085755e-02 -9.990549e-01 2.115703e+02
-9.978256e-01 6.360738e-02 1.726781e-02 -1.902208e+01 6.424687e-02 9.971551e-01 3.942191e-02 -3.670204e+00 -1.471116e-02 4.044559e-02 -9.990734e-01 2.101235e+02
-9.978662e-01 6.293656e-02 1.737925e-02 -1.899038e+01 6.359881e-02 9.971484e-01 4.062271e-02 -3.634175e+00 -1.477303e-02 4.164132e-02 -9.990234e-01 2.086722e+02
-9.979070e-01 6.225054e-02 1.750851e-02 -1.892786e+01 6.290267e-02 9.972355e-01 3.955449e-02 -3.559153e+00 -1.499782e-02 4.057303e-02 -9.990640e-01 2.057582e+02
-9.980022e-01 6.077958e-02 1.724760e-02 -1.886476e+01 6.145568e-02 9.972328e-01 4.183091e-02 -3.487637e+00 -1.465741e-02 4.280730e-02 -9.989758e-01 2.028318e+02
-9.979145e-01 6.217060e-02 1.736122e-02 -1.880904e+01 6.283352e-02 9.971945e-01 4.068185e-02 -3.419171e+00 -1.478330e-02 4.168787e-02 -9.990213e-01 1.999091e+02
-9.978883e-01 6.268795e-02 1.700779e-02 -1.878081e+01 6.336644e-02 9.970713e-01 4.281826e-02 -3.384783e+00 -1.427379e-02 4.380556e-02 -9.989381e-01 1.984404e+02
-9.980246e-01 6.093849e-02 1.527725e-02 -1.872357e+01 6.158334e-02 9.970387e-01 4.605726e-02 -3.313855e+00 -1.242535e-02 4.690710e-02 -9.988220e-01 1.955153e+02
-9.981625e-01 5.910499e-02 1.334739e-02 -1.867123e+01 5.966629e-02 9.971332e-01 4.653246e-02 -3.241513e+00 -1.055882e-02 4.724334e-02 -9.988276e-01 1.926001e+02
-9.981659e-01 5.927435e-02 1.230079e-02 -1.864803e+01 5.978183e-02 9.971469e-01 4.608906e-02 -3.205048e+00 -9.533794e-03 4.673989e-02 -9.988616e-01 1.911441e+02
-9.980831e-01 6.092178e-02 1.089092e-02 -1.861037e+01 6.135043e-02 9.971150e-01 4.469666e-02 -3.138275e+00 -8.136504e-03 4.527914e-02 -9.989412e-01 1.882429e+02
-9.981119e-01 6.067060e-02 9.575214e-03 -1.857686e+01 6.104037e-02 9.971314e-01 4.475472e-02 -3.075839e+00 -6.832451e-03 4.525469e-02 -9.989521e-01 1.853525e+02
-9.981521e-01 6.018802e-02 8.358786e-03 -1.854600e+01 6.051800e-02 9.970409e-01 4.740273e-02 -3.011131e+00 -5.480976e-03 4.782098e-02 -9.988409e-01 1.824687e+02
-9.981994e-01 5.989496e-02 3.239115e-03 -1.851524e+01 5.998059e-02 9.971416e-01 4.594386e-02 -2.908289e+00 -4.780511e-04 4.605541e-02 -9.989388e-01 1.781753e+02
-9.981656e-01 6.053059e-02 1.230860e-03 -1.851072e+01 6.052063e-02 9.970345e-01 4.753230e-02 -2.873542e+00 1.649948e-03 4.751959e-02 -9.988690e-01 1.767507e+02
-9.980410e-01 6.249892e-02 -2.828214e-03 -1.851326e+01 6.228811e-02 9.968739e-01 4.860683e-02 -2.803213e+00 5.857247e-03 4.833544e-02 -9.988140e-01 1.739296e+02
-9.979973e-01 6.288849e-02 -6.819731e-03 -1.852671e+01 6.246779e-02 9.967776e-01 5.032034e-02 -2.736025e+00 9.962326e-03 4.979354e-02 -9.987099e-01 1.711562e+02
-9.979020e-01 6.380086e-02 -1.100312e-02 -1.855169e+01 6.312875e-02 9.965812e-01 5.329817e-02 -2.666950e+00 1.436598e-02 5.249173e-02 -9.985180e-01 1.684471e+02
-9.978216e-01 6.415528e-02 -1.536985e-02 -1.860503e+01 6.320942e-02 9.964465e-01 5.566746e-02 -2.565877e+00 1.888660e-02 5.457466e-02 -9.983311e-01 1.645390e+02
-9.978557e-01 6.350305e-02 -1.585228e-02 -1.866211e+01 6.258130e-02 9.966264e-01 5.309807e-02 -2.473852e+00 1.917069e-02 5.199215e-02 -9.984635e-01 1.608371e+02
-9.977964e-01 6.454058e-02 -1.538923e-02 -1.870043e+01 6.363878e-02 9.965513e-01 5.324983e-02 -2.422217e+00 1.877294e-02 5.215313e-02 -9.984626e-01 1.584929e+02
-9.978108e-01 6.458533e-02 -1.422522e-02 -1.873344e+01 6.369579e-02 9.963979e-01 5.598298e-02 -2.370798e+00 1.778966e-02 5.495432e-02 -9.983304e-01 1.562503e+02
-9.979400e-01 6.276388e-02 -1.328544e-02 -1.876231e+01 6.192651e-02 9.965023e-01 5.610902e-02 -2.322647e+00 1.676059e-02 5.517070e-02 -9.983363e-01 1.541173e+02
-9.978925e-01 6.371756e-02 -1.227587e-02 -1.879239e+01 6.296793e-02 9.965540e-01 5.399154e-02 -2.274461e+00 1.567378e-02 5.310476e-02 -9.984659e-01 1.520873e+02
-9.979125e-01 6.358313e-02 -1.130268e-02 -1.881642e+01 6.286866e-02 9.964982e-01 5.512573e-02 -2.230220e+00 1.476817e-02 5.430006e-02 -9.984155e-01 1.501621e+02
-9.979103e-01 6.388396e-02 -9.686838e-03 -1.884754e+01 6.324257e-02 9.964140e-01 5.620877e-02 -2.164801e+00 1.324294e-02 5.547868e-02 -9.983721e-01 1.474612e+02
-9.979514e-01 6.337055e-02 -8.787069e-03 -1.886279e+01 6.281443e-02 9.965962e-01 5.338806e-02 -2.123511e+00 1.214039e-02 5.272673e-02 -9.985352e-01 1.457538e+02
-9.976722e-01 6.770280e-02 -8.158376e-03 -1.888239e+01 6.721185e-02 9.964784e-01 5.013280e-02 -2.078341e+00 1.152378e-02 4.946775e-02 -9.987092e-01 1.441037e+02
-9.975890e-01 6.895791e-02 -7.812209e-03 -1.890126e+01 6.850400e-02 9.964848e-01 4.821970e-02 -2.022990e+00 1.110988e-02 4.756826e-02 -9.988062e-01 1.417522e+02
-9.975578e-01 6.928915e-02 -8.804152e-03 -1.891945e+01 6.877575e-02 9.964180e-01 4.920408e-02 -1.974562e+00 1.218193e-02 4.847839e-02 -9.987500e-01 1.394994e+02
-9.973117e-01 7.254798e-02 -1.030340e-02 -1.894438e+01 7.199175e-02 9.963078e-01 4.677424e-02 -1.928158e+00 1.365873e-02 4.590674e-02 -9.988524e-01 1.373298e+02
-9.971650e-01 7.444601e-02 -1.094780e-02 -1.896431e+01 7.391846e-02 9.963560e-01 4.255269e-02 -1.905325e+00 1.407579e-02 4.162280e-02 -9.990343e-01 1.359170e+02
-9.973118e-01 7.212608e-02 -1.292720e-02 -1.898311e+01 7.160974e-02 9.967560e-01 3.673587e-02 -1.867920e+00 1.553488e-02 3.571140e-02 -9.992414e-01 1.338197e+02
-9.969964e-01 7.628375e-02 -1.338041e-02 -1.900389e+01 7.568349e-02 9.962988e-01 4.075101e-02 -1.839020e+00 1.643953e-02 3.961593e-02 -9.990797e-01 1.324286e+02
-9.976670e-01 6.672033e-02 -1.445388e-02 -1.900738e+01 6.612293e-02 9.970693e-01 3.847781e-02 -1.823556e+00 1.697877e-02 3.743230e-02 -9.991549e-01 1.310599e+02
-9.981713e-01 5.886338e-02 -1.375146e-02 -1.902968e+01 5.849225e-02 9.979494e-01 2.599102e-02 -1.783236e+00 1.525318e-02 2.513913e-02 -9.995676e-01 1.282867e+02
-9.984597e-01 5.433894e-02 -1.119994e-02 -1.903689e+01 5.395501e-02 9.980264e-01 3.212621e-02 -1.762349e+00 1.292355e-02 3.147243e-02 -9.994211e-01 1.268317e+02
-9.985180e-01 5.404950e-02 -6.367162e-03 -1.904310e+01 5.381617e-02 9.980248e-01 3.240933e-02 -1.739549e+00 8.106295e-03 3.201864e-02 -9.994544e-01 1.253386e+02
-9.986914e-01 5.114192e-02 1.777954e-04 -1.903398e+01 5.112396e-02 9.982351e-01 3.021532e-02 -1.704964e+00 1.367788e-03 3.018486e-02 -9.995434e-01 1.237928e+02
-9.987317e-01 4.982558e-02 7.236706e-03 -1.901737e+01 5.006679e-02 9.980140e-01 3.822849e-02 -1.671608e+00 -5.317577e-03 3.854232e-02 -9.992428e-01 1.221724e+02
-9.985047e-01 5.273051e-02 1.441749e-02 -1.899551e+01 5.328616e-02 9.977232e-01 4.133871e-02 -1.630463e+00 -1.220485e-02 4.204515e-02 -9.990412e-01 1.204889e+02
-9.981926e-01 5.585162e-02 2.218268e-02 -1.896236e+01 5.664881e-02 9.977046e-01 3.710050e-02 -1.583863e+00 -2.005964e-02 3.829006e-02 -9.990653e-01 1.187404e+02
-9.977965e-01 5.912120e-02 3.011254e-02 -1.891249e+01 6.019304e-02 9.975364e-01 3.602611e-02 -1.539442e+00 -2.790845e-02 3.775929e-02 -9.988971e-01 1.169209e+02
-9.973475e-01 6.170899e-02 3.859965e-02 -1.884566e+01 6.325193e-02 9.971910e-01 4.011660e-02 -1.495740e+00 -3.601567e-02 4.245168e-02 -9.984492e-01 1.150276e+02
-9.966944e-01 6.618328e-02 4.711763e-02 -1.876261e+01 6.797479e-02 9.969823e-01 3.749143e-02 -1.449607e+00 -4.449414e-02 4.057031e-02 -9.981855e-01 1.130721e+02
-9.961594e-01 6.817787e-02 5.493905e-02 -1.865467e+01 7.001165e-02 9.970272e-01 3.217295e-02 -1.402779e+00 -5.258225e-02 3.589575e-02 -9.979713e-01 1.110501e+02
-9.958875e-01 6.818637e-02 5.965418e-02 -1.852665e+01 7.016921e-02 9.970281e-01 3.179804e-02 -1.362588e+00 -5.730871e-02 3.585316e-02 -9.977125e-01 1.089547e+02
-9.959161e-01 6.684999e-02 6.068136e-02 -1.838974e+01 6.854367e-02 9.973022e-01 2.626971e-02 -1.326090e+00 -5.876152e-02 3.032174e-02 -9.978115e-01 1.067965e+02
-9.957182e-01 7.035410e-02 5.996276e-02 -1.825676e+01 7.202398e-02 9.970599e-01 2.615479e-02 -1.288139e+00 -5.794637e-02 3.036155e-02 -9.978579e-01 1.045622e+02
-9.957485e-01 7.024849e-02 5.958279e-02 -1.811737e+01 7.242159e-02 9.967552e-01 3.512959e-02 -1.244731e+00 -5.692166e-02 3.929531e-02 -9.976050e-01 1.022464e+02
-9.959458e-01 6.860165e-02 5.818689e-02 -1.797200e+01 7.049533e-02 9.970259e-01 3.113907e-02 -1.195663e+00 -5.587765e-02 3.511473e-02 -9.978200e-01 9.988171e+01
-9.960935e-01 6.714465e-02 5.735214e-02 -1.782503e+01 6.900526e-02 9.971314e-01 3.109974e-02 -1.151222e+00 -5.509945e-02 3.493584e-02 -9.978695e-01 9.744780e+01
-9.961179e-01 6.826950e-02 5.557284e-02 -1.768421e+01 7.018436e-02 9.969792e-01 3.326451e-02 -1.102525e+00 -5.313402e-02 3.703571e-02 -9.979004e-01 9.495275e+01
-9.964260e-01 6.652959e-02 5.204775e-02 -1.754366e+01 6.834552e-02 9.970848e-01 3.392240e-02 -1.049972e+00 -4.963918e-02 3.735839e-02 -9.980683e-01 9.239323e+01
-9.969251e-01 6.271703e-02 4.697842e-02 -1.740999e+01 6.433236e-02 9.973594e-01 3.369840e-02 -9.990056e-01 -4.474091e-02 3.661701e-02 -9.983273e-01 8.977477e+01
-9.969195e-01 6.515997e-02 4.365506e-02 -1.735065e+01 6.625060e-02 9.975139e-01 2.401804e-02 -9.753403e-01 -4.198151e-02 2.683622e-02 -9.987579e-01 8.845413e+01
-9.970342e-01 6.521848e-02 4.085759e-02 -1.729334e+01 6.606948e-02 9.976178e-01 1.983445e-02 -9.584784e-01 -3.946669e-02 2.247507e-02 -9.989681e-01 8.710974e+01
-9.971387e-01 6.512979e-02 3.837386e-02 -1.723975e+01 6.622563e-02 9.974114e-01 2.801191e-02 -9.440549e-01 -3.645012e-02 3.047309e-02 -9.988708e-01 8.573751e+01
-9.972765e-01 6.440234e-02 3.594408e-02 -1.718834e+01 6.565620e-02 9.972330e-01 3.486590e-02 -9.218292e-01 -3.359918e-02 3.713089e-02 -9.987454e-01 8.435171e+01
-9.974248e-01 6.351723e-02 3.330578e-02 -1.713847e+01 6.469622e-02 9.972697e-01 3.560305e-02 -8.925921e-01 -3.095344e-02 3.766612e-02 -9.988109e-01 8.295643e+01
-9.976284e-01 6.267509e-02 2.845103e-02 -1.704828e+01 6.360032e-02 9.974340e-01 3.287022e-02 -8.330614e-01 -2.631789e-02 3.460175e-02 -9.990546e-01 8.012646e+01
-9.976295e-01 6.355908e-02 2.637506e-02 -1.700912e+01 6.442637e-02 9.973617e-01 3.344957e-02 -8.053784e-01 -2.417945e-02 3.506952e-02 -9.990923e-01 7.868382e+01
-9.975669e-01 6.527738e-02 2.447775e-02 -1.697362e+01 6.608274e-02 9.972456e-01 3.367740e-02 -7.771295e-01 -2.221196e-02 3.521301e-02 -9.991330e-01 7.722778e+01
-9.975918e-01 6.557428e-02 2.259907e-02 -1.693890e+01 6.634811e-02 9.971689e-01 3.538530e-02 -7.478602e-01 -2.021473e-02 3.679948e-02 -9.991182e-01 7.575752e+01
-9.976851e-01 6.486008e-02 2.043580e-02 -1.690538e+01 6.559901e-02 9.971283e-01 3.784062e-02 -7.187593e-01 -1.792277e-02 3.909359e-02 -9.990748e-01 7.428435e+01
-9.978054e-01 6.360369e-02 1.841371e-02 -1.687364e+01 6.431232e-02 9.970930e-01 4.085889e-02 -6.886180e-01 -1.576141e-02 4.195344e-02 -9.989952e-01 7.280871e+01
-9.979080e-01 6.251511e-02 1.647835e-02 -1.684487e+01 6.319263e-02 9.970119e-01 4.442788e-02 -6.588975e-01 -1.365170e-02 4.537624e-02 -9.988767e-01 7.133452e+01
-9.978971e-01 6.311226e-02 1.477133e-02 -1.682112e+01 6.372435e-02 9.969308e-01 4.547777e-02 -6.266962e-01 -1.185579e-02 4.632342e-02 -9.988561e-01 6.986187e+01
-9.979116e-01 6.318727e-02 1.341194e-02 -1.679851e+01 6.372374e-02 9.969847e-01 4.428062e-02 -5.936207e-01 -1.057353e-02 4.504280e-02 -9.989291e-01 6.839401e+01
-9.978895e-01 6.378877e-02 1.214630e-02 -1.677917e+01 6.425981e-02 9.969876e-01 4.343333e-02 -5.617780e-01 -9.339152e-03 4.412217e-02 -9.989825e-01 6.692462e+01
-9.978970e-01 6.384617e-02 1.119383e-02 -1.676019e+01 6.427768e-02 9.969732e-01 4.373517e-02 -5.300473e-01 -8.367630e-03 4.436270e-02 -9.989805e-01 6.545693e+01
-9.979650e-01 6.289225e-02 1.050772e-02 -1.674127e+01 6.330122e-02 9.969954e-01 4.464301e-02 -4.983233e-01 -7.668450e-03 4.521730e-02 -9.989478e-01 6.398723e+01
-9.979850e-01 6.268201e-02 9.846620e-03 -1.672374e+01 6.305887e-02 9.970263e-01 4.429629e-02 -4.662392e-01 -7.040759e-03 4.482794e-02 -9.989699e-01 6.252254e+01
-9.979786e-01 6.289153e-02 9.134442e-03 -1.670738e+01 6.321917e-02 9.971310e-01 4.162906e-02 -4.342216e-01 -6.490121e-03 4.212238e-02 -9.990914e-01 6.105928e+01
-9.979294e-01 6.371530e-02 8.792446e-03 -1.669261e+01 6.403372e-02 9.970382e-01 4.259535e-02 -4.028967e-01 -6.052430e-03 4.307016e-02 -9.990537e-01 5.958850e+01
-9.978853e-01 6.435988e-02 9.102137e-03 -1.666067e+01 6.473547e-02 9.966556e-01 4.986952e-02 -3.318750e-01 -5.862100e-03 5.035328e-02 -9.987143e-01 5.665100e+01
-9.978806e-01 6.419216e-02 1.066157e-02 -1.662286e+01 6.461413e-02 9.968685e-01 4.558632e-02 -2.553499e-01 -7.701897e-03 4.617858e-02 -9.989035e-01 5.373519e+01
-9.979482e-01 6.286691e-02 1.213446e-02 -1.657777e+01 6.331780e-02 9.971398e-01 4.126693e-02 -1.950878e-01 -9.505430e-03 4.195058e-02 -9.990745e-01 5.082074e+01
-9.979863e-01 6.211617e-02 1.284571e-02 -1.655446e+01 6.261289e-02 9.971209e-01 4.277342e-02 -1.667537e-01 -1.015181e-02 4.349158e-02 -9.990022e-01 4.936683e+01
-9.979048e-01 6.325124e-02 1.361522e-02 -1.653154e+01 6.380973e-02 9.969250e-01 4.548331e-02 -1.361189e-01 -1.069648e-02 4.625679e-02 -9.988723e-01 4.791138e+01
-9.979337e-01 6.261598e-02 1.440877e-02 -1.650590e+01 6.325091e-02 9.967987e-01 4.890476e-02 -1.018661e-01 -1.130042e-02 4.971507e-02 -9.986995e-01 4.646111e+01
-9.980346e-01 6.096175e-02 1.451392e-02 -1.645171e+01 6.155180e-02 9.971141e-01 4.443839e-02 -3.390796e-02 -1.176299e-02 4.524440e-02 -9.989067e-01 4.357573e+01
-9.980190e-01 6.143993e-02 1.353255e-02 -1.640183e+01 6.195427e-02 9.972118e-01 4.159547e-02 2.267275e-02 -1.093920e-02 4.235146e-02 -9.990429e-01 4.069789e+01
-9.979471e-01 6.264033e-02 1.333417e-02 -1.638003e+01 6.317701e-02 9.970059e-01 4.458515e-02 5.139880e-02 -1.050142e-02 4.533603e-02 -9.989166e-01 3.926177e+01
-9.980653e-01 6.094545e-02 1.229859e-02 -1.633245e+01 6.143728e-02 9.971125e-01 4.463312e-02 1.118254e-01 -9.542891e-03 4.530235e-02 -9.989277e-01 3.639684e+01
-9.981822e-01 5.912608e-02 1.168322e-02 -1.630758e+01 5.958615e-02 9.972525e-01 4.401012e-02 1.414094e-01 -9.048970e-03 4.462627e-02 -9.989628e-01 3.497003e+01
-9.982400e-01 5.825875e-02 1.108149e-02 -1.628474e+01 5.868661e-02 9.973376e-01 4.328518e-02 1.706823e-01 -8.530246e-03 4.385933e-02 -9.990013e-01 3.354441e+01
-9.981956e-01 5.907366e-02 1.076243e-02 -1.626400e+01 5.947831e-02 9.973349e-01 4.225277e-02 1.998713e-01 -8.237723e-03 4.281666e-02 -9.990490e-01 3.212471e+01
-9.980851e-01 6.093635e-02 1.062518e-02 -1.624608e+01 6.133212e-02 9.972300e-01 4.207949e-02 2.279988e-01 -8.031575e-03 4.265057e-02 -9.990578e-01 3.070783e+01
-9.978948e-01 6.398418e-02 1.057938e-02 -1.621276e+01 6.439424e-02 9.969318e-01 4.450035e-02 2.860073e-01 -7.699599e-03 4.508792e-02 -9.989534e-01 2.786760e+01
-9.978945e-01 6.400279e-02 1.049413e-02 -1.619488e+01 6.439883e-02 9.969898e-01 4.317492e-02 3.156601e-01 -7.699227e-03 4.375982e-02 -9.990124e-01 2.645737e+01
-9.979995e-01 6.240263e-02 1.014253e-02 -1.617482e+01 6.278443e-02 9.970946e-01 4.313270e-02 3.455316e-01 -7.421471e-03 4.368320e-02 -9.990179e-01 2.505017e+01
-9.981263e-01 6.041187e-02 9.715641e-03 -1.615363e+01 6.077779e-02 9.972130e-01 4.326857e-02 3.743586e-01 -7.074629e-03 4.377798e-02 -9.990162e-01 2.364610e+01
-9.981867e-01 5.945625e-02 9.394593e-03 -1.613407e+01 5.980790e-02 9.972786e-01 4.310881e-02 4.041376e-01 -6.805939e-03 4.359250e-02 -9.990262e-01 2.224839e+01
-9.981502e-01 6.010732e-02 9.123937e-03 -1.610044e+01 6.045769e-02 9.971637e-01 4.482651e-02 4.615578e-01 -6.403658e-03 4.529519e-02 -9.989531e-01 1.947255e+01
-9.980702e-01 6.144745e-02 8.945937e-03 -1.608658e+01 6.179252e-02 9.970517e-01 4.549194e-02 4.926781e-01 -6.124199e-03 4.595694e-02 -9.989247e-01 1.808843e+01
-9.980492e-01 6.178748e-02 8.949430e-03 -1.607258e+01 6.213921e-02 9.969782e-01 4.661700e-02 5.236603e-01 -6.042040e-03 4.708216e-02 -9.988728e-01 1.670842e+01
-9.980720e-01 6.147985e-02 8.521729e-03 -1.605730e+01 6.179773e-02 9.971113e-01 4.415916e-02 5.539333e-01 -5.782215e-03 4.460063e-02 -9.989882e-01 1.533299e+01
-9.982061e-01 5.935397e-02 7.858637e-03 -1.604039e+01 5.962051e-02 9.974311e-01 3.970658e-02 5.822458e-01 -5.481706e-03 4.010388e-02 -9.991805e-01 1.396230e+01
-9.984388e-01 5.533209e-02 7.635271e-03 -1.601956e+01 5.558142e-02 9.977448e-01 3.763058e-02 6.052059e-01 -5.535874e-03 3.799620e-02 -9.992626e-01 1.259501e+01
-9.986657e-01 5.099182e-02 8.161612e-03 -1.598184e+01 5.129300e-02 9.977852e-01 4.235195e-02 6.536360e-01 -5.983933e-03 4.271407e-02 -9.990694e-01 9.852998e+00
-9.983719e-01 5.637386e-02 8.693603e-03 -1.595764e+01 5.671841e-02 9.973086e-01 4.646100e-02 7.126679e-01 -6.051019e-03 4.687843e-02 -9.988823e-01 7.122797e+00
-9.979395e-01 6.350818e-02 9.133854e-03 -1.593877e+01 6.386991e-02 9.968446e-01 4.713245e-02 7.787213e-01 -6.111738e-03 4.761871e-02 -9.988469e-01 4.400318e+00
-9.978945e-01 6.425028e-02 8.864203e-03 -1.590918e+01 6.456916e-02 9.970187e-01 4.224322e-02 8.446651e-01 -6.123639e-03 4.272662e-02 -9.990680e-01 1.676097e+00
-9.981426e-01 6.035870e-02 8.262218e-03 -1.587121e+01 6.065482e-02 9.972680e-01 4.215947e-02 9.045038e-01 -5.694956e-03 4.258229e-02 -9.990767e-01 -1.063172e+00
-9.981810e-01 5.978109e-02 7.806611e-03 -1.583843e+01 6.004647e-02 9.973962e-01 3.993950e-02 9.601236e-01 -5.398658e-03 4.033560e-02 -9.991716e-01 -3.813595e+00
-9.982221e-01 5.911473e-02 7.621830e-03 -1.580825e+01 5.937414e-02 9.974291e-01 4.012206e-02 1.014088e+00 -5.230431e-03 4.050326e-02 -9.991657e-01 -6.576470e+00
-9.982980e-01 5.783633e-02 7.488140e-03 -1.579123e+01 5.808934e-02 9.975203e-01 3.973480e-02 1.041956e+00 -5.171457e-03 4.010214e-02 -9.991822e-01 -7.966034e+00
-9.985480e-01 5.343326e-02 6.838777e-03 -1.575586e+01 5.367726e-02 9.976462e-01 4.267025e-02 1.100590e+00 -4.542669e-03 4.297538e-02 -9.990658e-01 -1.075522e+01
-9.986651e-01 5.129537e-02 6.064406e-03 -1.572233e+01 5.149608e-02 9.978863e-01 3.963645e-02 1.159922e+00 -4.018422e-03 3.989583e-02 -9.991958e-01 -1.354746e+01
-9.987259e-01 5.009593e-02 6.075486e-03 -1.570577e+01 5.029395e-02 9.979864e-01 3.864713e-02 1.188722e+00 -4.127190e-03 3.890344e-02 -9.992345e-01 -1.495103e+01
-9.987919e-01 4.871015e-02 6.484127e-03 -1.567519e+01 4.892095e-02 9.980891e-01 3.774680e-02 1.238904e+00 -4.633084e-03 3.801841e-02 -9.992663e-01 -1.776435e+01
-9.988395e-01 4.771289e-02 6.570235e-03 -1.565947e+01 4.790896e-02 9.982765e-01 3.389294e-02 1.258378e+00 -4.941782e-03 3.416838e-02 -9.994039e-01 -1.917351e+01
-9.988259e-01 4.792008e-02 7.108967e-03 -1.562986e+01 4.814156e-02 9.982201e-01 3.520011e-02 1.298206e+00 -5.409522e-03 3.550102e-02 -9.993550e-01 -2.200393e+01
-9.986792e-01 5.080472e-02 7.668109e-03 -1.561782e+01 5.104820e-02 9.980521e-01 3.586218e-02 1.320134e+00 -5.831205e-03 3.620625e-02 -9.993273e-01 -2.342439e+01
-9.985995e-01 5.219932e-02 8.624543e-03 -1.559027e+01 5.247315e-02 9.979963e-01 3.535317e-02 1.362532e+00 -6.761851e-03 3.575620e-02 -9.993377e-01 -2.626783e+01
-9.986824e-01 5.059419e-02 8.583301e-03 -1.555401e+01 5.085643e-02 9.981362e-01 3.372896e-02 1.401278e+00 -6.860815e-03 3.412103e-02 -9.993942e-01 -2.911536e+01
-9.985720e-01 5.249946e-02 9.889389e-03 -1.552140e+01 5.284486e-02 9.978529e-01 3.869151e-02 1.450596e+00 -7.836873e-03 3.915885e-02 -9.992023e-01 -3.197309e+01
-9.982982e-01 5.717049e-02 1.150016e-02 -1.549326e+01 5.756597e-02 9.976318e-01 3.764192e-02 1.496909e+00 -9.320924e-03 3.823987e-02 -9.992251e-01 -3.481999e+01
-9.980951e-01 6.048764e-02 1.213909e-02 -1.546088e+01 6.092067e-02 9.973724e-01 3.920397e-02 1.542757e+00 -9.735842e-03 3.986881e-02 -9.991575e-01 -3.766558e+01
-9.978350e-01 6.448159e-02 1.294394e-02 -1.542668e+01 6.496352e-02 9.970406e-01 4.110680e-02 1.593713e+00 -1.025500e-02 4.185868e-02 -9.990709e-01 -4.049901e+01
-9.975562e-01 6.863974e-02 1.304847e-02 -1.539245e+01 6.909955e-02 9.968530e-01 3.884983e-02 1.647343e+00 -1.034077e-02 3.965652e-02 -9.991599e-01 -4.332259e+01
-9.973393e-01 7.167338e-02 1.331325e-02 -1.535699e+01 7.207628e-02 9.968611e-01 3.275498e-02 1.689780e+00 -1.092381e-02 3.362739e-02 -9.993747e-01 -4.613041e+01
-9.973551e-01 7.141115e-02 1.353397e-02 -1.531710e+01 7.186265e-02 9.967472e-01 3.647791e-02 1.733637e+00 -1.088502e-02 3.735401e-02 -9.992428e-01 -4.894398e+01
-9.973876e-01 7.099656e-02 1.332579e-02 -1.529715e+01 7.143116e-02 9.968098e-01 3.560447e-02 1.757778e+00 -1.075548e-02 3.646333e-02 -9.992771e-01 -5.034660e+01
-9.974228e-01 7.049477e-02 1.334801e-02 -1.525676e+01 7.094330e-02 9.968014e-01 3.679631e-02 1.808697e+00 -1.071136e-02 3.764843e-02 -9.992336e-01 -5.315272e+01
-9.973928e-01 7.105422e-02 1.260758e-02 -1.523749e+01 7.145221e-02 9.968447e-01 3.457273e-02 1.833987e+00 -1.011126e-02 3.538342e-02 -9.993227e-01 -5.454794e+01
-9.974996e-01 6.986203e-02 1.067253e-02 -1.519945e+01 7.019448e-02 9.969250e-01 3.483105e-02 1.883021e+00 -8.206342e-03 3.549311e-02 -9.993362e-01 -5.735212e+01
-9.974445e-01 7.074861e-02 9.959040e-03 -1.518410e+01 7.105641e-02 9.968584e-01 3.498852e-02 1.905888e+00 -7.452364e-03 3.560676e-02 -9.993381e-01 -5.875141e+01
-9.974123e-01 7.141855e-02 8.250467e-03 -1.515697e+01 7.165585e-02 9.968711e-01 3.336899e-02 1.949198e+00 -5.841488e-03 3.387383e-02 -9.994091e-01 -6.154936e+01
-9.975182e-01 7.009872e-02 6.600210e-03 -1.512801e+01 7.028769e-02 9.969132e-01 3.498168e-02 1.989950e+00 -4.127665e-03 3.535878e-02 -9.993662e-01 -6.435076e+01
-9.976086e-01 6.892245e-02 5.171941e-03 -1.510121e+01 6.906309e-02 9.969809e-01 3.548840e-02 2.031551e+00 -2.710379e-03 3.576072e-02 -9.993567e-01 -6.714653e+01
-9.975525e-01 6.975974e-02 4.749880e-03 -1.508303e+01 6.988353e-02 9.969428e-01 3.494575e-02 2.071234e+00 -2.297553e-03 3.519215e-02 -9.993779e-01 -6.993462e+01
-9.975162e-01 7.024302e-02 5.223299e-03 -1.506438e+01 7.037346e-02 9.970212e-01 3.156201e-02 2.102811e+00 -2.990730e-03 3.185120e-02 -9.994882e-01 -7.270839e+01
-9.973383e-01 7.261206e-02 6.626743e-03 -1.504316e+01 7.279938e-02 9.967420e-01 3.472240e-02 2.130723e+00 -4.083888e-03 3.511240e-02 -9.993750e-01 -7.547624e+01
-9.972610e-01 7.354770e-02 7.823469e-03 -1.503084e+01 7.378874e-02 9.965841e-01 3.708515e-02 2.146554e+00 -5.069218e-03 3.756085e-02 -9.992815e-01 -7.685642e+01
-9.972048e-01 7.410788e-02 9.521483e-03 -1.499833e+01 7.438356e-02 9.966868e-01 3.290164e-02 2.179823e+00 -7.051666e-03 3.351791e-02 -9.994132e-01 -7.959325e+01
-9.974315e-01 7.094710e-02 9.843520e-03 -1.495957e+01 7.122432e-02 9.969642e-01 3.145664e-02 2.200916e+00 -7.581880e-03 3.207694e-02 -9.994567e-01 -8.231728e+01
-9.973876e-01 7.151375e-02 1.018872e-02 -1.492467e+01 7.185845e-02 9.966573e-01 3.886684e-02 2.232509e+00 -7.375146e-03 3.949744e-02 -9.991925e-01 -8.503495e+01
-9.973953e-01 7.159730e-02 8.749062e-03 -1.487398e+01 7.186371e-02 9.967883e-01 3.533504e-02 2.282365e+00 -6.191070e-03 3.587174e-02 -9.993372e-01 -8.907040e+01
-9.975694e-01 6.934890e-02 6.780333e-03 -1.483919e+01 6.954582e-02 9.969561e-01 3.524114e-02 2.311152e+00 -4.315760e-03 3.562703e-02 -9.993558e-01 -9.174112e+01
-9.975963e-01 6.908327e-02 5.400464e-03 -1.481076e+01 6.923290e-02 9.969578e-01 3.580445e-02 2.341502e+00 -2.910546e-03 3.609227e-02 -9.993442e-01 -9.440039e+01
-9.975879e-01 6.929139e-02 4.137105e-03 -1.478703e+01 6.939571e-02 9.969385e-01 3.602484e-02 2.374193e+00 -1.628228e-03 3.622503e-02 -9.993423e-01 -9.704551e+01
-9.976105e-01 6.906941e-02 1.670244e-03 -1.475854e+01 6.908340e-02 9.969045e-01 3.753403e-02 2.426874e+00 9.273786e-04 3.755972e-02 -9.992940e-01 -1.009838e+02
-9.976217e-01 6.892705e-02 2.303922e-04 -1.474410e+01 6.888804e-02 9.969325e-01 3.714793e-02 2.462669e+00 2.330812e-03 3.707545e-02 -9.993098e-01 -1.035926e+02
-9.976375e-01 6.867199e-02 -1.894302e-03 -1.473066e+01 6.856168e-02 9.970143e-01 3.551985e-02 2.514949e+00 4.327866e-03 3.530605e-02 -9.993672e-01 -1.074728e+02
-9.975813e-01 6.945416e-02 -2.756067e-03 -1.472729e+01 6.931596e-02 9.969826e-01 3.494145e-02 2.547386e+00 5.174580e-03 3.466590e-02 -9.993856e-01 -1.100459e+02
-9.975384e-01 7.007642e-02 -2.521275e-03 -1.472479e+01 6.993704e-02 9.968752e-01 3.672210e-02 2.582153e+00 5.086750e-03 3.645537e-02 -9.993223e-01 -1.126054e+02
-9.975349e-01 7.013503e-02 -2.293968e-03 -1.471960e+01 7.000618e-02 9.968875e-01 3.625377e-02 2.617244e+00 4.829488e-03 3.600380e-02 -9.993400e-01 -1.151477e+02
-9.974573e-01 7.124868e-02 -1.602631e-03 -1.471582e+01 7.113805e-02 9.967553e-01 3.765964e-02 2.650909e+00 4.280631e-03 3.744987e-02 -9.992893e-01 -1.176691e+02
-9.974833e-01 7.088889e-02 -1.379394e-03 -1.471284e+01 7.078300e-02 9.967442e-01 3.861105e-02 2.667793e+00 4.111998e-03 3.841624e-02 -9.992534e-01 -1.189238e+02
-9.974995e-01 7.066122e-02 -1.290068e-03 -1.470566e+01 7.056123e-02 9.967820e-01 3.803523e-02 2.703911e+00 3.973532e-03 3.784909e-02 -9.992756e-01 -1.214141e+02
-9.974916e-01 7.076963e-02 -1.486024e-03 -1.470294e+01 7.066285e-02 9.967813e-01 3.786527e-02 2.719941e+00 4.160952e-03 3.766527e-02 -9.992818e-01 -1.226449e+02
-9.975902e-01 6.930192e-02 -3.333687e-03 -1.469881e+01 6.912645e-02 9.968874e-01 3.790665e-02 2.751503e+00 5.950314e-03 3.758485e-02 -9.992757e-01 -1.250815e+02
-9.976613e-01 6.819870e-02 -4.563546e-03 -1.469830e+01 6.796967e-02 9.969232e-01 3.904181e-02 2.767801e+00 7.212105e-03 3.864031e-02 -9.992272e-01 -1.262871e+02
-9.977690e-01 6.637900e-02 -7.127387e-03 -1.470118e+01 6.605285e-02 9.970537e-01 3.899937e-02 2.801395e+00 9.695127e-03 3.844158e-02 -9.992138e-01 -1.286704e+02
-9.977098e-01 6.703955e-02 -8.992148e-03 -1.471233e+01 6.666532e-02 9.970921e-01 3.691970e-02 2.833172e+00 1.144108e-02 3.623568e-02 -9.992778e-01 -1.310089e+02
-9.976135e-01 6.850765e-02 -8.606301e-03 -1.472488e+01 6.809693e-02 9.968227e-01 4.131803e-02 2.863999e+00 1.140956e-02 4.063336e-02 -9.991090e-01 -1.332996e+02
-9.973322e-01 7.249416e-02 -8.554776e-03 -1.474314e+01 7.208322e-02 9.965455e-01 4.124449e-02 2.895211e+00 1.151521e-02 4.051780e-02 -9.991125e-01 -1.355140e+02
-9.974585e-01 7.069405e-02 -8.881130e-03 -1.474619e+01 7.025830e-02 9.966296e-01 4.234544e-02 2.913166e+00 1.184477e-02 4.161384e-02 -9.990636e-01 -1.365942e+02
-9.974303e-01 7.092889e-02 -1.009213e-02 -1.475847e+01 7.040234e-02 9.964850e-01 4.539887e-02 2.946711e+00 1.327675e-02 4.457170e-02 -9.989180e-01 -1.386869e+02
-9.975050e-01 6.929953e-02 -1.346888e-02 -1.477357e+01 6.864393e-02 9.966610e-01 4.421304e-02 2.979529e+00 1.648785e-02 4.317816e-02 -9.989313e-01 -1.406763e+02
-9.972718e-01 7.230600e-02 -1.485943e-02 -1.480845e+01 7.156572e-02 9.964001e-01 4.544338e-02 3.020005e+00 1.809177e-02 4.425597e-02 -9.988564e-01 -1.434522e+02
-9.966390e-01 8.180695e-02 4.278719e-03 -1.481877e+01 8.191465e-02 9.957532e-01 4.201770e-02 3.055661e+00 -8.232082e-04 4.222697e-02 -9.991077e-01 -1.459633e+02
-9.916589e-01 8.301968e-02 9.859229e-02 -1.459929e+01 8.765648e-02 9.951934e-01 4.366123e-02 3.086043e+00 -9.449367e-02 5.193930e-02 -9.941696e-01 -1.489260e+02
-9.753009e-01 8.351131e-02 2.044848e-01 -1.421312e+01 9.202675e-02 9.952267e-01 3.247701e-02 3.089330e+00 -2.007965e-01 5.049292e-02 -9.783308e-01 -1.508335e+02
-9.141975e-01 8.348746e-02 3.965764e-01 -1.336041e+01 9.728551e-02 9.951469e-01 1.476601e-02 3.060860e+00 -3.934191e-01 5.208018e-02 -9.178830e-01 -1.529502e+02
-8.593851e-01 8.022248e-02 5.049967e-01 -1.277723e+01 9.616861e-02 9.953496e-01 5.537504e-03 3.032264e+00 -5.022040e-01 5.332366e-02 -8.631035e-01 -1.538743e+02
-7.865971e-01 7.659268e-02 6.126977e-01 -1.209330e+01 9.494812e-02 9.954789e-01 -2.546946e-03 2.992923e+00 -6.101228e-01 5.617106e-02 -7.903132e-01 -1.546664e+02
-5.271530e-01 5.569091e-02 8.479436e-01 -1.002043e+01 7.773961e-02 9.968263e-01 -1.713973e-02 2.872763e+00 -8.462070e-01 5.688353e-02 -5.298094e-01 -1.560826e+02
-3.388720e-01 5.056037e-02 9.394729e-01 -8.642035e+00 6.895791e-02 9.972039e-01 -2.879392e-02 2.787238e+00 -9.383020e-01 5.502663e-02 -3.414110e-01 -1.565389e+02
-2.059116e-01 5.118956e-02 9.772308e-01 -7.699412e+00 6.141803e-02 9.973380e-01 -3.930148e-02 2.722687e+00 -9.766413e-01 5.192694e-02 -2.085075e-01 -1.566631e+02
-6.749209e-02 4.009659e-02 9.969138e-01 -6.734167e+00 5.153942e-02 9.979982e-01 -3.665094e-02 2.665011e+00 -9.963878e-01 4.890670e-02 -6.942354e-02 -1.566510e+02
7.399370e-02 1.824071e-02 9.970919e-01 -5.751237e+00 4.778374e-02 9.986194e-01 -2.181468e-02 2.615199e+00 -9.961133e-01 4.925891e-02 7.301994e-02 -1.565444e+02
1.446246e-01 6.444984e-03 9.894656e-01 -5.261917e+00 4.367422e-02 9.989626e-01 -1.289046e-02 2.593307e+00 -9.885223e-01 4.507841e-02 1.441931e-01 -1.563936e+02
2.855168e-01 -7.126922e-03 9.583472e-01 -4.305429e+00 3.702661e-02 9.993078e-01 -3.599667e-03 2.552946e+00 -9.576582e-01 3.651211e-02 2.855830e-01 -1.560244e+02
3.545432e-01 -9.715255e-03 9.349891e-01 -3.838336e+00 3.641650e-02 9.993308e-01 -3.425140e-03 2.542408e+00 -9.343303e-01 3.526338e-02 3.546597e-01 -1.558078e+02
4.215235e-01 -1.487379e-02 9.066955e-01 -3.375344e+00 3.687970e-02 9.993194e-01 -7.521703e-04 2.534833e+00 -9.060673e-01 3.375570e-02 4.217851e-01 -1.555541e+02
4.860041e-01 -2.068115e-02 8.737118e-01 -2.922418e+00 3.713383e-02 9.993058e-01 2.998246e-03 2.530704e+00 -8.731673e-01 3.098709e-02 4.864347e-01 -1.552209e+02
5.478262e-01 -2.549175e-02 8.362037e-01 -2.480572e+00 3.701037e-02 9.992955e-01 6.216844e-03 2.522617e+00 -8.357731e-01 2.754245e-02 5.483838e-01 -1.548906e+02
6.059605e-01 -2.731152e-02 7.950257e-01 -2.057963e+00 3.499787e-02 9.993580e-01 7.655930e-03 2.510377e+00 -7.947245e-01 2.318501e-02 6.065274e-01 -1.544839e+02
6.595487e-01 -2.599740e-02 7.512121e-01 -1.653879e+00 3.259140e-02 9.994509e-01 5.973702e-03 2.499815e+00 -7.509549e-01 2.054310e-02 6.600339e-01 -1.540795e+02
7.940748e-01 -2.464464e-02 6.073202e-01 -5.510777e-01 3.456624e-02 9.993916e-01 -4.640924e-03 2.478814e+00 -6.068364e-01 2.467801e-02 7.944436e-01 -1.526325e+02
8.661018e-01 -2.579227e-02 4.992017e-01 6.230717e-02 3.056835e-02 9.995317e-01 -1.392433e-03 2.456904e+00 -4.989321e-01 1.646576e-02 8.664847e-01 -1.514836e+02
9.237462e-01 -2.721279e-02 3.820373e-01 5.523554e-01 2.945011e-02 9.995662e-01 -8.987232e-06 2.433161e+00 -3.818713e-01 1.125934e-02 9.241469e-01 -1.502166e+02
9.449167e-01 -2.612841e-02 3.262664e-01 7.484821e-01 2.743938e-02 9.996233e-01 5.843422e-04 2.422189e+00 -3.261587e-01 8.400390e-03 9.452777e-01 -1.495497e+02
9.733537e-01 -1.423653e-02 2.288667e-01 1.048250e+00 1.539388e-02 9.998761e-01 -3.272292e-03 2.402930e+00 -2.287918e-01 6.708242e-03 9.734523e-01 -1.481125e+02
9.883609e-01 -8.628201e-03 1.518828e-01 1.265054e+00 9.235369e-03 9.999519e-01 -3.292598e-03 2.383452e+00 -1.518471e-01 4.656968e-03 9.883930e-01 -1.465668e+02
9.929339e-01 -8.521186e-03 1.183626e-01 1.348496e+00 8.772109e-03 9.999602e-01 -1.599113e-03 2.371923e+00 -1.183442e-01 2.626103e-03 9.929692e-01 -1.457604e+02
9.981129e-01 -4.324037e-03 6.125267e-02 1.444780e+00 4.379208e-03 9.999901e-01 -7.664915e-04 2.346915e+00 -6.124876e-02 1.033284e-03 9.981220e-01 -1.440738e+02
9.997137e-01 5.769106e-03 2.322264e-02 1.469675e+00 -5.710986e-03 9.999804e-01 -2.568352e-03 2.319985e+00 -2.323700e-02 2.434993e-03 9.997270e-01 -1.423032e+02
9.998497e-01 1.438674e-02 9.678533e-03 1.471319e+00 -1.435034e-02 9.998897e-01 -3.820593e-03 2.290968e+00 -9.732432e-03 3.681128e-03 9.999459e-01 -1.404509e+02
9.998449e-01 1.528506e-02 8.754673e-03 1.479967e+00 -1.525879e-02 9.998789e-01 -3.059588e-03 2.274698e+00 -8.800379e-03 2.925528e-03 9.999570e-01 -1.394923e+02
9.998714e-01 1.399469e-02 7.827091e-03 1.489345e+00 -1.398086e-02 9.999006e-01 -1.819670e-03 2.260154e+00 -7.851779e-03 1.710007e-03 9.999677e-01 -1.385154e+02
9.998881e-01 1.340436e-02 6.646394e-03 1.499366e+00 -1.339892e-02 9.999098e-01 -8.623658e-04 2.246738e+00 -6.657355e-03 7.732153e-04 9.999775e-01 -1.375181e+02
9.999186e-01 1.176204e-02 4.944630e-03 1.504842e+00 -1.175716e-02 9.999303e-01 -1.014327e-03 2.234017e+00 -4.956216e-03 9.561103e-04 9.999873e-01 -1.365045e+02
9.999310e-01 1.172534e-02 6.855855e-04 1.504501e+00 -1.172483e-02 9.999310e-01 -7.339802e-04 2.205688e+00 -6.941440e-04 7.258918e-04 9.999995e-01 -1.344219e+02
9.999307e-01 1.172244e-02 -1.101900e-03 1.503329e+00 -1.172044e-02 9.999297e-01 1.805016e-03 2.190202e+00 1.122982e-03 -1.791975e-03 9.999978e-01 -1.333518e+02
9.999410e-01 9.844125e-03 -4.590163e-03 1.498560e+00 -9.837271e-03 9.999504e-01 1.514018e-03 2.159629e+00 4.604841e-03 -1.468773e-03 9.999883e-01 -1.311603e+02
9.999420e-01 9.050453e-03 -5.833740e-03 1.491650e+00 -9.051606e-03 9.999590e-01 -1.708351e-04 2.144473e+00 5.831955e-03 2.236305e-04 9.999830e-01 -1.300390e+02
9.999224e-01 9.719678e-03 -7.790702e-03 1.470024e+00 -9.722542e-03 9.999527e-01 -3.295456e-04 2.111152e+00 7.787131e-03 4.052662e-04 9.999696e-01 -1.277441e+02
9.999148e-01 1.022533e-02 -8.118666e-03 1.447721e+00 -1.024296e-02 9.999452e-01 -2.132941e-03 2.073753e+00 8.096413e-03 2.215919e-03 9.999648e-01 -1.253883e+02
9.999199e-01 1.084179e-02 -6.535539e-03 1.426398e+00 -1.084800e-02 9.999407e-01 -9.156124e-04 2.032685e+00 6.525225e-03 9.864371e-04 9.999782e-01 -1.229654e+02
9.999270e-01 1.164681e-02 -3.221536e-03 1.413177e+00 -1.166704e-02 9.999119e-01 -6.332524e-03 1.984400e+00 3.147499e-03 6.369647e-03 9.999748e-01 -1.204917e+02
9.999550e-01 9.477174e-03 -5.136483e-04 1.407398e+00 -9.481614e-03 9.999102e-01 -9.463641e-03 1.927293e+00 4.239140e-04 9.468084e-03 9.999551e-01 -1.179509e+02
9.999653e-01 8.308351e-03 -6.239788e-04 1.405768e+00 -8.313458e-03 9.999277e-01 -8.681081e-03 1.897027e+00 5.518086e-04 8.685966e-03 9.999621e-01 -1.166572e+02
9.999684e-01 7.392424e-03 -2.942274e-03 1.396732e+00 -7.426026e-03 9.999054e-01 -1.157771e-02 1.832056e+00 2.856409e-03 1.159919e-02 9.999287e-01 -1.140291e+02
9.999585e-01 7.373591e-03 -5.353826e-03 1.385028e+00 -7.442317e-03 9.998887e-01 -1.293208e-02 1.800206e+00 5.257875e-03 1.297139e-02 9.999021e-01 -1.126950e+02
9.999343e-01 7.785340e-03 -8.409924e-03 1.369687e+00 -7.883585e-03 9.999003e-01 -1.171244e-02 1.767521e+00 8.317901e-03 1.177797e-02 9.998960e-01 -1.113405e+02
9.999150e-01 7.049963e-03 -1.096645e-02 1.351798e+00 -7.158844e-03 9.999251e-01 -9.921033e-03 1.734254e+00 1.089569e-02 9.998696e-03 9.998907e-01 -1.099726e+02
9.998908e-01 8.118665e-03 -1.234841e-02 1.330549e+00 -8.244633e-03 9.999141e-01 -1.018451e-02 1.700357e+00 1.226467e-02 1.028521e-02 9.998719e-01 -1.085928e+02
9.998774e-01 7.803456e-03 -1.357941e-02 1.308290e+00 -7.958173e-03 9.999036e-01 -1.137688e-02 1.668467e+00 1.348933e-02 1.148355e-02 9.998431e-01 -1.072003e+02
9.998665e-01 6.969211e-03 -1.477678e-02 1.284827e+00 -7.144612e-03 9.999042e-01 -1.185059e-02 1.635925e+00 1.469278e-02 1.195459e-02 9.998206e-01 -1.057911e+02
9.998518e-01 6.986507e-03 -1.573240e-02 1.259616e+00 -7.196031e-03 9.998856e-01 -1.330096e-02 1.601652e+00 1.563767e-02 1.341220e-02 9.997878e-01 -1.043679e+02
9.998208e-01 8.762031e-03 -1.678195e-02 1.230259e+00 -8.989554e-03 9.998680e-01 -1.353036e-02 1.565326e+00 1.666119e-02 1.367879e-02 9.997676e-01 -1.029321e+02
9.998211e-01 8.364186e-03 -1.696268e-02 1.202212e+00 -8.570344e-03 9.998898e-01 -1.211747e-02 1.530047e+00 1.685946e-02 1.226068e-02 9.997827e-01 -1.014787e+02
9.998095e-01 1.030041e-02 -1.657864e-02 1.170075e+00 -1.045481e-02 9.999025e-01 -9.253150e-03 1.495851e+00 1.648172e-02 9.424713e-03 9.998198e-01 -1.000076e+02
9.998152e-01 1.049543e-02 -1.610808e-02 1.142136e+00 -1.061219e-02 9.999179e-01 -7.180130e-03 1.463280e+00 1.603140e-02 7.349744e-03 9.998445e-01 -9.852911e+01
9.998310e-01 1.018513e-02 -1.530751e-02 1.089274e+00 -1.016702e-02 9.999475e-01 1.261045e-03 1.410680e+00 1.531956e-02 -1.105199e-03 9.998820e-01 -9.551571e+01
9.998313e-01 1.055264e-02 -1.503758e-02 1.062982e+00 -1.044967e-02 9.999215e-01 6.909875e-03 1.390693e+00 1.510932e-02 -6.751569e-03 9.998631e-01 -9.400229e+01
9.998011e-01 1.312047e-02 -1.502431e-02 1.009148e+00 -1.294293e-02 9.998459e-01 1.185390e-02 1.361424e+00 1.517752e-02 -1.165708e-02 9.998169e-01 -9.098226e+01
9.998064e-01 1.258318e-02 -1.512788e-02 9.847340e-01 -1.239264e-02 9.998435e-01 1.262391e-02 1.348472e+00 1.528436e-02 -1.243399e-02 9.998059e-01 -8.947609e+01
9.998224e-01 1.129864e-02 -1.508499e-02 9.399983e-01 -1.117443e-02 9.999031e-01 8.293534e-03 1.316473e+00 1.517723e-02 -8.123493e-03 9.998518e-01 -8.646690e+01
9.998417e-01 1.069229e-02 -1.421860e-02 9.191412e-01 -1.057739e-02 9.999110e-01 8.131852e-03 1.298308e+00 1.430429e-02 -7.980167e-03 9.998659e-01 -8.496724e+01
9.998529e-01 1.094089e-02 -1.320999e-02 8.995469e-01 -1.079722e-02 9.998823e-01 1.089828e-02 1.282847e+00 1.332768e-02 -1.075405e-02 9.998534e-01 -8.345436e+01
9.998786e-01 9.161384e-03 -1.260632e-02 8.834484e-01 -9.026229e-03 9.999016e-01 1.073679e-02 1.268237e+00 1.270345e-02 -1.062170e-02 9.998629e-01 -8.194950e+01
9.998867e-01 8.924084e-03 -1.212064e-02 8.679533e-01 -8.815571e-03 9.999208e-01 8.977002e-03 1.252710e+00 1.219980e-02 -8.869132e-03 9.998863e-01 -8.044554e+01
9.998970e-01 8.621624e-03 -1.147891e-02 8.520469e-01 -8.521275e-03 9.999253e-01 8.762624e-03 1.234831e+00 1.155360e-02 -8.663904e-03 9.998957e-01 -7.894240e+01
9.999072e-01 8.068648e-03 -1.097549e-02 8.381739e-01 -7.948384e-03 9.999083e-01 1.095748e-02 1.219714e+00 1.106290e-02 -1.086922e-02 9.998797e-01 -7.743960e+01
9.999213e-01 7.106468e-03 -1.034404e-02 8.255732e-01 -6.970239e-03 9.998893e-01 1.314694e-02 1.207956e+00 1.043632e-02 -1.307380e-02 9.998601e-01 -7.593444e+01
9.999246e-01 6.616504e-03 -1.034792e-02 8.134235e-01 -6.463607e-03 9.998704e-01 1.474004e-02 1.199179e+00 1.044411e-02 -1.467204e-02 9.998378e-01 -7.443200e+01
9.999143e-01 6.437677e-03 -1.140311e-02 7.849788e-01 -6.330936e-03 9.999360e-01 9.372277e-03 1.176896e+00 1.146272e-02 -9.299279e-03 9.998911e-01 -7.144336e+01
9.998636e-01 1.080134e-02 -1.249375e-02 7.450432e-01 -1.069166e-02 9.999040e-01 8.812699e-03 1.144297e+00 1.258774e-02 -8.677916e-03 9.998831e-01 -6.846260e+01
9.998683e-01 9.245344e-03 -1.333996e-02 7.107630e-01 -9.142950e-03 9.999284e-01 7.716532e-03 1.111896e+00 1.341035e-02 -7.593547e-03 9.998813e-01 -6.548911e+01
9.998662e-01 8.101700e-03 -1.421152e-02 6.946295e-01 -7.985012e-03 9.999341e-01 8.248548e-03 1.096104e+00 1.427741e-02 -8.133963e-03 9.998650e-01 -6.400515e+01
9.998523e-01 6.260061e-03 -1.600617e-02 6.587746e-01 -6.098097e-03 9.999299e-01 1.014782e-02 1.067484e+00 1.606858e-02 -1.004871e-02 9.998204e-01 -6.104536e+01
9.998140e-01 5.161769e-03 -1.858173e-02 6.135026e-01 -5.039257e-03 9.999653e-01 6.634012e-03 1.030981e+00 1.861533e-02 -6.539139e-03 9.998053e-01 -5.810346e+01
9.997643e-01 4.956661e-03 -2.113885e-02 5.571177e-01 -4.709208e-03 9.999200e-01 1.173985e-02 1.005763e+00 2.119535e-02 -1.163754e-02 9.997076e-01 -5.516060e+01
9.997366e-01 6.646111e-03 -2.196887e-02 4.907091e-01 -6.412830e-03 9.999225e-01 1.067225e-02 9.846881e-01 2.203810e-02 -1.052855e-02 9.997017e-01 -5.223668e+01
9.997206e-01 8.051061e-03 -2.222549e-02 4.235407e-01 -7.821933e-03 9.999155e-01 1.037708e-02 9.558653e-01 2.230716e-02 -1.020033e-02 9.996991e-01 -4.932287e+01
9.997396e-01 7.072866e-03 -2.169461e-02 3.621644e-01 -6.865575e-03 9.999302e-01 9.614648e-03 9.230089e-01 2.176110e-02 -9.463196e-03 9.997184e-01 -4.641797e+01
9.997766e-01 4.542442e-03 -2.064113e-02 3.070324e-01 -4.343222e-03 9.999436e-01 9.686209e-03 8.911135e-01 2.068397e-02 -9.594394e-03 9.997400e-01 -4.352559e+01
9.998119e-01 4.019898e-03 -1.897195e-02 2.543730e-01 -3.804325e-03 9.999279e-01 1.138521e-02 8.594365e-01 1.901635e-02 -1.131089e-02 9.997552e-01 -4.063656e+01
9.998350e-01 5.004731e-03 -1.746088e-02 2.029690e-01 -4.864234e-03 9.999555e-01 8.079647e-03 8.253285e-01 1.750054e-02 -7.993378e-03 9.998149e-01 -3.776252e+01
9.998442e-01 8.141479e-03 -1.566539e-02 1.537249e-01 -7.988071e-03 9.999197e-01 9.830733e-03 7.865138e-01 1.574417e-02 -9.704062e-03 9.998290e-01 -3.489508e+01
9.998653e-01 9.263287e-03 -1.355059e-02 1.133742e-01 -9.110795e-03 9.998949e-01 1.127242e-02 7.522313e-01 1.365359e-02 -1.114744e-02 9.998447e-01 -3.203604e+01
9.999173e-01 8.547511e-03 -9.614706e-03 7.224084e-02 -8.469286e-03 9.999309e-01 8.147705e-03 6.980984e-01 9.683685e-03 -8.065599e-03 9.999206e-01 -2.777753e+01
9.999246e-01 1.096660e-02 -5.529149e-03 4.390241e-02 -1.096725e-02 9.999398e-01 -8.612968e-05 6.329309e-01 5.527872e-03 1.467634e-04 9.999847e-01 -2.354342e+01
9.999235e-01 1.188897e-02 -3.418280e-03 3.232865e-02 -1.190120e-02 9.999227e-01 -3.578946e-03 5.653751e-01 3.375467e-03 3.619354e-03 9.999878e-01 -2.073844e+01
9.999396e-01 1.075105e-02 -2.295642e-03 2.669736e-02 -1.075543e-02 9.999403e-01 -1.903248e-03 4.947389e-01 2.275043e-03 1.927824e-03 9.999956e-01 -1.794366e+01
9.999673e-01 7.807279e-03 -2.093571e-03 2.354535e-02 -7.810553e-03 9.999683e-01 -1.559480e-03 3.987551e-01 2.081330e-03 1.575781e-03 9.999966e-01 -1.378259e+01
9.999593e-01 8.224788e-03 -3.700336e-03 1.528089e-02 -8.229507e-03 9.999653e-01 -1.261366e-03 3.343854e-01 3.689834e-03 1.291767e-03 9.999924e-01 -1.102737e+01
9.999418e-01 8.783783e-03 -6.258949e-03 -5.365659e-04 -8.784483e-03 9.999614e-01 -8.411024e-05 2.716196e-01 6.257969e-03 1.390877e-04 9.999804e-01 -8.285137e+00
9.999346e-01 7.699825e-03 -8.456563e-03 -2.044470e-02 -7.705608e-03 9.999701e-01 -6.513404e-04 2.108318e-01 8.451296e-03 7.164614e-04 9.999640e-01 -5.548032e+00
9.999335e-01 7.117782e-03 -9.073195e-03 -4.437224e-02 -7.146580e-03 9.999695e-01 -3.145252e-03 1.473329e-01 9.050532e-03 3.209885e-03 9.999539e-01 -2.818515e+00
9.999193e-01 8.189613e-03 -9.713120e-03 -7.289734e-02 -8.207802e-03 9.999646e-01 -1.834026e-03 7.816926e-02 9.697757e-03 1.913602e-03 9.999512e-01 -9.070031e-02
9.998980e-01 9.489532e-03 -1.067172e-02 -1.458828e-01 -9.519134e-03 9.999510e-01 -2.726330e-03 -8.812058e-02 1.064533e-02 2.827638e-03 9.999393e-01 6.704415e+00
9.998414e-01 9.385942e-03 -1.513889e-02 -5.999916e-01 -9.183637e-03 9.998683e-01 1.337800e-02 -1.053627e+00 1.526246e-02 -1.323684e-02 9.997959e-01 4.796111e+01
9.999468e-01 2.352878e-03 -1.004498e-02 -1.357998e+00 -2.420071e-03 9.999747e-01 -6.682308e-03 -1.835038e+00 1.002901e-02 6.706262e-03 9.999272e-01 9.850801e+01
9.994423e-01 2.575447e-02 2.125459e-02 -1.913209e+00 -2.564016e-02 9.996553e-01 -5.633208e-03 -2.261146e+00 -2.139235e-02 5.085095e-03 9.997582e-01 1.185076e+02
9.987108e-01 1.070166e-02 4.962045e-02 -1.063477e+00 -1.077369e-02 9.999412e-01 1.184333e-03 -2.571936e+00 -4.960486e-02 -1.717400e-03 9.987675e-01 1.344809e+02
9.996815e-01 9.689927e-03 -2.330082e-02 -1.039444e+00 -9.717771e-03 9.999522e-01 -1.081953e-03 -3.129506e+00 2.328922e-02 1.308041e-03 9.997279e-01 1.622714e+02
9.999189e-01 8.682762e-03 -9.322143e-03 -1.757196e+00 -8.688232e-03 9.999621e-01 -5.461852e-04 -4.270954e+00 9.317048e-03 6.271345e-04 9.999564e-01 2.096908e+02
9.999095e-01 8.499700e-03 -1.042769e-02 -1.792488e+00 -8.499948e-03 9.999638e-01 2.076070e-05 -4.366042e+00 1.042749e-02 6.787670e-05 9.999456e-01 2.136668e+02
9.992210e-01 1.057024e-02 -3.802292e-02 -2.073778e+00 -1.027522e-02 9.999156e-01 7.946193e-03 -4.731016e+00 3.810371e-02 -7.549306e-03 9.992453e-01 2.285742e+02
9.993581e-01 1.415485e-02 -3.291097e-02 -2.391165e+00 -1.423317e-02 9.998964e-01 -2.146836e-03 -4.943065e+00 3.287718e-02 2.613886e-03 9.994560e-01 2.368075e+02
9.998777e-01 1.091797e-02 -1.119574e-02 -2.457471e+00 -1.091986e-02 9.999403e-01 -1.069537e-04 -5.032857e+00 1.119391e-02 2.291972e-04 9.999373e-01 2.406138e+02
9.999389e-01 1.103487e-02 -6.452769e-04 -2.477940e+00 -1.103319e-02 9.999358e-01 2.558946e-03 -5.076752e+00 6.734735e-04 -2.551669e-03 9.999965e-01 2.428585e+02
9.999453e-01 9.973889e-03 3.162717e-03 -2.487604e+00 -9.971653e-03 9.999500e-01 -7.225253e-04 -5.118722e+00 -3.169765e-03 6.909488e-04 9.999947e-01 2.450752e+02
9.999418e-01 1.006026e-02 3.890944e-03 -2.497272e+00 -1.003353e-02 9.999263e-01 -6.830947e-03 -5.164438e+00 -3.959379e-03 6.791509e-03 9.999691e-01 2.473157e+02
9.995565e-01 6.857947e-03 2.898023e-02 -1.903306e+00 -6.675370e-03 9.999573e-01 -6.392186e-03 -5.862752e+00 -2.902283e-02 6.195897e-03 9.995596e-01 2.753220e+02
9.998082e-01 1.084615e-02 1.630911e-02 -1.841130e+00 -1.082870e-02 9.999407e-01 -1.158029e-03 -5.989292e+00 -1.632070e-02 9.812008e-04 9.998663e-01 2.799822e+02
9.998863e-01 1.060708e-02 1.072039e-02 -1.824423e+00 -1.060543e-02 9.999437e-01 -2.111885e-04 -6.054240e+00 -1.072203e-02 9.747080e-05 9.999425e-01 2.827472e+02
9.999180e-01 1.112185e-02 6.341957e-03 -1.820078e+00 -1.112122e-02 9.999381e-01 -1.343928e-04 -6.118356e+00 -6.343060e-03 6.385208e-05 9.999799e-01 2.854729e+02
9.998455e-01 1.726903e-02 3.272629e-03 -1.835812e+00 -1.725374e-02 9.998403e-01 -4.644346e-03 -6.208970e+00 -3.352309e-03 4.587163e-03 9.999839e-01 2.888905e+02
9.997359e-01 2.262203e-02 4.044413e-03 -1.843827e+00 -2.258880e-02 9.997122e-01 -8.081122e-03 -6.281585e+00 -4.226061e-03 7.987628e-03 9.999592e-01 2.913657e+02
9.996044e-01 2.695498e-02 8.028663e-03 -1.840209e+00 -2.687211e-02 9.995862e-01 -1.025729e-02 -6.360716e+00 -8.301826e-03 1.003748e-02 9.999152e-01 2.938122e+02
9.996041e-01 2.626205e-02 1.009843e-02 -1.823832e+00 -2.621280e-02 9.996440e-01 -4.979358e-03 -6.440313e+00 -1.022561e-02 4.712678e-03 9.999366e-01 2.962317e+02
9.997097e-01 2.336701e-02 5.873977e-03 -1.812035e+00 -2.336494e-02 9.997269e-01 -4.208807e-04 -6.506511e+00 -5.882207e-03 2.835140e-04 9.999827e-01 2.986243e+02
