0.207106 0.0000000 0.0000000 0.0000000 0.0000000 0.0000000 0.0000000 1.0000000
0.310262 -0.0000732 0.0004096 0.0638037 -0.0019777 0.0000389 0.0007017 0.9999978
0.413621 0.0000571 0.0006861 0.1276279 -0.0049901 -0.0004036 0.0019403 0.9999856
0.517929 0.0000393 0.0012921 0.1910554 -0.0049692 -0.0010488 0.0037408 0.9999801
0.620389 -0.0004335 0.0016888 0.2534571 -0.0036591 -0.0014306 0.0051945 0.9999788
0.724219 -0.0009929 0.0018893 0.3157884 -0.0021170 -0.0016535 0.0053993 0.9999818
0.827211 -0.0013932 0.0024017 0.3781279 -0.0017140 -0.0020539 0.0052495 0.9999827
0.930557 -0.0018604 0.0029618 0.4400003 -0.0025159 -0.0025779 0.0050969 0.9999805
1.034070 -0.0027880 0.0034311 0.5017977 -0.0039766 -0.0027746 0.0049621 0.9999759
1.137438 -0.0032830 0.0037751 0.5637103 -0.0048242 -0.0032011 0.0049910 0.9999708
1.244258 -0.0038487 0.0044606 0.6251006 -0.0051411 -0.0034391 0.0055949 0.9999652
1.344229 -0.0043236 0.0047510 0.6867509 -0.0052692 -0.0039035 0.0057261 0.9999621
1.447568 -0.0047181 0.0054028 0.7478754 -0.0044987 -0.0043835 0.0058896 0.9999629
1.551083 -0.0053152 0.0059136 0.8087907 -0.0034522 -0.0051903 0.0060805 0.9999621
1.654521 -0.0062623 0.0063468 0.8699086 -0.0028877 -0.0059748 0.0066902 0.9999556
1.861353 -0.0082218 0.0073477 0.9905041 -0.0019419 -0.0076177 0.0057767 0.9999524
1.964724 -0.0100808 0.0078331 1.0507457 -0.0019234 -0.0081426 0.0050648 0.9999522
2.068236 -0.0115521 0.0079549 1.1105300 -0.0024399 -0.0087012 0.0053417 0.9999449
2.171620 -0.0125513 0.0088005 1.1707302 -0.0027719 -0.0096081 0.0051001 0.9999370
2.275131 -0.0141716 0.0093082 1.2302058 -0.0030220 -0.0102424 0.0049354 0.9999308
2.378626 -0.0153831 0.0093458 1.2891020 -0.0031624 -0.0111083 0.0056488 0.9999173
2.482010 -0.0169738 0.0095376 1.3477981 -0.0030496 -0.0118493 0.0057276 0.9999087
2.585514 -0.0186031 0.0101077 1.4063735 -0.0031699 -0.0125112 0.0056842 0.9999006
2.689023 -0.0203794 0.0105441 1.4642113 -0.0041092 -0.0129825 0.0057648 0.9998907
2.793694 -0.0220487 0.0108601 1.5215651 -0.0056566 -0.0133345 0.0065014 0.9998739
2.896139 -0.0235848 0.0115729 1.5781302 -0.0062778 -0.0138103 0.0063044 0.9998651
2.999556 -0.0257326 0.0122944 1.6341598 -0.0055902 -0.0139675 0.0063976 0.9998664
3.103545 -0.0275055 0.0127373 1.6890663 -0.0044205 -0.0145533 0.0053897 0.9998698
3.206573 -0.0291042 0.0135393 1.7425208 -0.0033601 -0.0150564 0.0052397 0.9998673
3.310078 -0.0308579 0.0138900 1.7960358 -0.0031541 -0.0156357 0.0047814 0.9998614
3.413963 -0.0329580 0.0140035 1.8484244 -0.0029750 -0.0160526 0.0049982 0.9998542
3.620721 -0.0371337 0.0148169 1.9528049 -0.0023433 -0.0180671 0.0045781 0.9998236
3.724674 -0.0390884 0.0151307 2.0044148 -0.0029904 -0.0191206 0.0046769 0.9998018
3.827725 -0.0413434 0.0153972 2.0548933 -0.0041968 -0.0201235 0.0049742 0.9997763
3.931241 -0.0432648 0.0155164 2.1055000 -0.0050692 -0.0212802 0.0045246 0.9997504
4.142151 -0.0489286 0.0162785 2.2017643 -0.0046350 -0.0230070 0.0026796 0.9997210
4.243437 -0.0513292 0.0165227 2.2493391 -0.0043880 -0.0239692 0.0019525 0.9997011
4.345966 -0.0541450 0.0170231 2.2962449 -0.0050480 -0.0247182 0.0017168 0.9996802
4.449183 -0.0566354 0.0177845 2.3429248 -0.0058835 -0.0253376 0.0011751 0.9996610
4.656235 -0.0621820 0.0183272 2.4332478 -0.0051330 -0.0248472 -0.0018601 0.9996763
4.760815 -0.0644603 0.0189850 2.4772246 -0.0034591 -0.0240551 -0.0027557 0.9997008
4.863788 -0.0664964 0.0194511 2.5206277 -0.0025218 -0.0229456 -0.0029608 0.9997292
5.073257 -0.0707264 0.0203429 2.6062343 -0.0041766 -0.0198966 -0.0057393 0.9997768
5.277498 -0.0745950 0.0207899 2.6884432 -0.0063754 -0.0158969 -0.0105744 0.9997974
5.588095 -0.0782400 0.0222931 2.8038602 -0.0081248 -0.0071094 -0.0169830 0.9997975
5.691619 -0.0788735 0.0225328 2.8389919 -0.0080074 -0.0035804 -0.0185030 0.9997903
5.795223 -0.0791569 0.0227188 2.8730781 -0.0081779 0.0001028 -0.0202132 0.9997622
6.209506 -0.0776056 0.0241781 2.9955342 -0.0052010 0.0156249 -0.0259606 0.9995273
6.524037 -0.0739025 0.0246966 3.0710604 -0.0067896 0.0279231 -0.0282398 0.9991880
6.727294 -0.0713832 0.0248461 3.1133537 -0.0069201 0.0368169 -0.0325105 0.9987691
7.141701 -0.0620143 0.0246225 3.1855743 -0.0028215 0.0594181 -0.0314016 0.9977351
7.452592 -0.0524009 0.0247184 3.2367022 -0.0012723 0.0838729 -0.0333338 0.9959180
8.074250 -0.0229585 0.0235973 3.3334236 0.0005525 0.1480823 -0.0350571 0.9883534
8.385961 -0.0013581 0.0224076 3.3821723 0.0002598 0.1907560 -0.0381936 0.9808941
8.488779 0.0073865 0.0218570 3.3975899 0.0009669 0.2067690 -0.0372583 0.9776796
9.214197 0.0928432 0.0176741 3.5041032 0.0084658 0.3457446 -0.0418982 0.9373546
9.525112 0.1505144 0.0138741 3.5503299 0.0091620 0.4166989 -0.0407422 0.9080849
9.939685 0.2529564 0.0085772 3.6053636 0.0109874 0.5154821 -0.0388278 0.8559496
10.457170 0.4139016 0.0000506 3.6492121 0.0141009 0.6213479 -0.0313646 0.7827798
10.664530 0.4866610 -0.0033555 3.6572311 0.0185799 0.6530418 -0.0285608 0.7565550
10.767050 0.5243498 -0.0058085 3.6593750 0.0216673 0.6654490 -0.0262931 0.7456654
10.973420 0.6043178 -0.0106149 3.6624906 0.0250063 0.6856631 -0.0209588 0.7271875
11.180190 0.6882137 -0.0147106 3.6627407 0.0274907 0.6985244 -0.0191185 0.7148024
11.284150 0.7310358 -0.0171746 3.6632836 0.0275674 0.7033530 -0.0187912 0.7100573
11.799490 0.9599956 -0.0305397 3.6582105 0.0306715 0.7159073 -0.0171569 0.6973103
11.901710 1.0092100 -0.0332356 3.6569564 0.0274697 0.7168176 -0.0154994 0.6965470
12.004820 1.0588052 -0.0357470 3.6556060 0.0259124 0.7173110 -0.0130831 0.6961483
12.211190 1.1594071 -0.0408300 3.6513536 0.0279624 0.7172526 -0.0108160 0.6961680
12.417650 1.2619891 -0.0458817 3.6482446 0.0340178 0.7160714 -0.0157063 0.6970208
12.624550 1.3683668 -0.0514477 3.6460409 0.0329337 0.7145812 -0.0143002 0.6986305
12.830730 1.4763803 -0.0577334 3.6448586 0.0294372 0.7127800 -0.0122148 0.7006632
13.037710 1.5823874 -0.0640338 3.6423550 0.0366294 0.7103434 -0.0126998 0.7027867
13.244210 1.6902008 -0.0698637 3.6431093 0.0321869 0.7081929 -0.0153940 0.7051169
13.348030 1.7438383 -0.0738580 3.6428113 0.0322952 0.7065979 -0.0125801 0.7067660
13.452770 1.7977720 -0.0769462 3.6424170 0.0346364 0.7053004 -0.0112580 0.7079724
13.761270 1.9591265 -0.0870328 3.6451609 0.0346107 0.7016047 -0.0146272 0.7115750
13.968170 2.0671670 -0.0941181 3.6461706 0.0369548 0.6989561 -0.0105640 0.7141310
14.382120 2.2833335 -0.1080506 3.6524978 0.0388087 0.6942002 -0.0075657 0.7186952
14.588970 2.3913674 -0.1143757 3.6574590 0.0381912 0.6919538 -0.0098702 0.7208633
14.692450 2.4460859 -0.1179213 3.6602278 0.0388434 0.6910632 -0.0092413 0.7216907
15.106400 2.6667788 -0.1319941 3.6733322 0.0366859 0.6870764 -0.0128827 0.7255440
15.209870 2.7221129 -0.1354194 3.6763043 0.0377924 0.6856837 -0.0143928 0.7267753
15.416750 2.8336730 -0.1429205 3.6846097 0.0374941 0.6833881 -0.0179085 0.7288719
15.623920 2.9468415 -0.1509777 3.6930850 0.0370401 0.6809887 -0.0183483 0.7311264
15.830620 3.0603247 -0.1590027 3.7034409 0.0360483 0.6782653 -0.0207674 0.7336385
16.039410 3.1757729 -0.1678512 3.7138608 0.0352049 0.6749793 -0.0200420 0.7367237
16.140910 3.2331493 -0.1722458 3.7199824 0.0353356 0.6730746 -0.0224116 0.7383899
16.244300 3.2904122 -0.1765915 3.7266569 0.0379470 0.6707879 -0.0259810 0.7402220
16.453450 3.4064488 -0.1859522 3.7403138 0.0388835 0.6651070 -0.0305932 0.7451073
16.658020 3.5235550 -0.1966679 3.7562675 0.0363860 0.6596051 -0.0304954 0.7501114
16.761400 3.5828197 -0.2018235 3.7644627 0.0349720 0.6567945 -0.0294087 0.7526839
16.864710 3.6416657 -0.2066394 3.7734892 0.0322538 0.6540195 -0.0282591 0.7552613
17.073430 3.7590520 -0.2162032 3.7932124 0.0277078 0.6485984 -0.0253317 0.7602044
17.175580 3.8166873 -0.2202743 3.8030093 0.0285778 0.6456999 -0.0260364 0.7626120
17.383340 3.9299328 -0.2286720 3.8233008 0.0326570 0.6411619 -0.0295898 0.7661393
17.485440 3.9859085 -0.2339111 3.8346558 0.0331202 0.6393127 -0.0308881 0.7676120
17.588870 4.0413389 -0.2387929 3.8459191 0.0320964 0.6372371 -0.0315065 0.7693543
17.795780 4.1510558 -0.2477143 3.8677099 0.0304835 0.6336055 -0.0267434 0.7725928
18.003090 4.2588487 -0.2563291 3.8913584 0.0246178 0.6312201 -0.0253272 0.7747991
18.209790 4.3630953 -0.2641122 3.9148009 0.0241170 0.6290798 -0.0270097 0.7764969
18.417190 4.4640846 -0.2717580 3.9379895 0.0253066 0.6275156 -0.0315930 0.7775511
18.520470 4.5137191 -0.2755930 3.9493327 0.0272028 0.6266305 -0.0336019 0.7781163
18.727490 4.6108060 -0.2837022 3.9721034 0.0273248 0.6254728 -0.0346195 0.7789985
18.934680 4.7066889 -0.2916491 3.9941652 0.0252561 0.6250379 -0.0327205 0.7794993
19.038030 4.7538404 -0.2954787 4.0046539 0.0251713 0.6251191 -0.0320105 0.7794663
19.245500 4.8453484 -0.3030050 4.0254316 0.0245821 0.6263509 -0.0325888 0.7784718
19.351800 4.8897529 -0.3067267 4.0354252 0.0254223 0.6271666 -0.0336331 0.7777433
19.452110 4.9333344 -0.3104954 4.0449190 0.0274382 0.6280276 -0.0345692 0.7769386
19.660070 5.0199118 -0.3174896 4.0629263 0.0278427 0.6296148 -0.0339122 0.7756674
19.866980 5.1037698 -0.3248641 4.0801978 0.0251304 0.6314245 -0.0316310 0.7743843
20.073350 5.1844921 -0.3312712 4.0964866 0.0279557 0.6330183 -0.0296894 0.7730621
20.280310 5.2637715 -0.3371978 4.1118784 0.0308809 0.6346208 -0.0300524 0.7716214
20.487640 5.3429356 -0.3433238 4.1276488 0.0315304 0.6356885 -0.0301414 0.7707123
20.694250 5.4229841 -0.3496583 4.1423588 0.0344625 0.6346588 -0.0254762 0.7716032
20.902080 5.5022707 -0.3562065 4.1593480 0.0342066 0.6327414 -0.0251667 0.7731978
21.108200 5.5841765 -0.3625125 4.1775723 0.0343526 0.6280299 -0.0248886 0.7770321
21.316100 5.6675992 -0.3686519 4.1976132 0.0333124 0.6216331 -0.0247800 0.7822075
21.524290 5.7525396 -0.3752825 4.2207189 0.0315462 0.6141927 -0.0259437 0.7880985
21.730330 5.8389139 -0.3815394 4.2461481 0.0309179 0.6063194 -0.0305230 0.7940335
21.936170 5.9281206 -0.3886361 4.2742023 0.0310169 0.5974673 -0.0334180 0.8005960
22.141920 6.0191274 -0.3960869 4.3044252 0.0301710 0.5889064 -0.0347439 0.8068902
22.348790 6.1123719 -0.4030469 4.3376732 0.0274584 0.5800495 -0.0345589 0.8133845
22.555690 6.2093005 -0.4105322 4.3735127 0.0251623 0.5709520 -0.0291544 0.8200797
22.762490 6.3091402 -0.4173792 4.4129272 0.0253655 0.5623729 -0.0255989 0.8260981
22.969530 6.4116397 -0.4233832 4.4533687 0.0262434 0.5556611 -0.0158996 0.8308424
23.176610 6.5142827 -0.4301363 4.4966435 0.0278419 0.5491925 -0.0122050 0.8351428
23.384670 6.6166401 -0.4363437 4.5425148 0.0357766 0.5425178 -0.0135265 0.8391731
23.487620 6.6681066 -0.4401555 4.5659952 0.0361286 0.5398731 -0.0143624 0.8408480
23.694540 6.7684402 -0.4484501 4.6154714 0.0324953 0.5359069 -0.0200214 0.8434139
23.903510 6.8654451 -0.4565445 4.6636586 0.0342213 0.5322056 -0.0234048 0.8455994
24.108220 6.9603233 -0.4653116 4.7112255 0.0330475 0.5286724 -0.0249493 0.8478153
24.315110 7.0542259 -0.4733339 4.7582932 0.0308938 0.5250928 -0.0229700 0.8501738
24.522420 7.1438732 -0.4814174 4.8053627 0.0299084 0.5218065 -0.0239991 0.8522016
24.728750 7.2315407 -0.4883378 4.8505230 0.0309827 0.5193488 -0.0226347 0.8537005
24.935580 7.3165679 -0.4958463 4.8956704 0.0306506 0.5176835 -0.0221497 0.8547360
25.142500 7.3988256 -0.5028206 4.9396830 0.0317161 0.5155650 -0.0221573 0.8559765
25.349360 7.4787831 -0.5098799 4.9822245 0.0337513 0.5127258 -0.0205198 0.8576433
25.556300 7.5557675 -0.5163616 5.0242429 0.0348312 0.5096418 -0.0185349 0.8594815
25.763160 7.6306195 -0.5229129 5.0664520 0.0353709 0.5064812 -0.0175298 0.8613468
25.970230 7.7036681 -0.5296906 5.1082950 0.0363201 0.5027773 -0.0174815 0.8634757
26.177790 7.7756391 -0.5362147 5.1510410 0.0383760 0.4983824 -0.0185547 0.8659087
26.384510 7.8453193 -0.5436234 5.1947269 0.0406414 0.4925388 -0.0247565 0.8689885
26.590190 7.9152617 -0.5507542 5.2406678 0.0421383 0.4860279 -0.0303803 0.8723980
26.796950 7.9875479 -0.5581000 5.2890463 0.0371265 0.4802321 -0.0330648 0.8757313
27.003850 8.0596752 -0.5661281 5.3402553 0.0287692 0.4742406 -0.0352195 0.8792199
27.417420 8.2100477 -0.5794760 5.4478378 0.0267563 0.4606021 -0.0415191 0.8862313
27.624170 8.2893562 -0.5864257 5.5065994 0.0260203 0.4534054 -0.0438041 0.8898470
27.831080 8.3712845 -0.5941667 5.5714035 0.0229944 0.4462581 -0.0452475 0.8934639
28.037820 8.4555397 -0.6016409 5.6381898 0.0217533 0.4378302 -0.0448344 0.8976756
28.348030 8.5839157 -0.6120094 5.7470813 0.0204853 0.4249154 -0.0476833 0.9037442
28.554810 8.6725006 -0.6197459 5.8231683 0.0200036 0.4197355 -0.0466146 0.9062279
28.761830 8.7638283 -0.6271933 5.9019284 0.0215820 0.4158519 -0.0424369 0.9081853
28.866830 8.8098717 -0.6309240 5.9414654 0.0227400 0.4138348 -0.0385386 0.9092516
29.073550 8.9046469 -0.6385550 6.0244122 0.0230193 0.4099986 -0.0321905 0.9112272
29.176740 8.9513483 -0.6426328 6.0668960 0.0222338 0.4080802 -0.0317694 0.9121222
29.279330 8.9982729 -0.6463127 6.1097269 0.0229550 0.4061745 -0.0323741 0.9129333
29.384830 9.0448895 -0.6499721 6.1535573 0.0225582 0.4040336 -0.0351060 0.9137918
29.589380 9.1393223 -0.6570745 6.2426500 0.0191835 0.4001487 -0.0368458 0.9155083
29.692890 9.1866741 -0.6606190 6.2886844 0.0155870 0.3981194 -0.0369298 0.9164574
29.796330 9.2348518 -0.6640046 6.3348498 0.0126187 0.3960102 -0.0350785 0.9174891
29.899820 9.2834339 -0.6667402 6.3820062 0.0116304 0.3934578 -0.0333602 0.9186636
30.106560 9.3796339 -0.6727910 6.4741483 0.0180443 0.3874597 -0.0271622 0.9213097
30.211630 9.4272308 -0.6757565 6.5211000 0.0230467 0.3841453 -0.0261692 0.9226139
30.313330 9.4748363 -0.6793416 6.5684199 0.0254050 0.3803749 -0.0252205 0.9241393
30.520070 9.5691652 -0.6868631 6.6669998 0.0239643 0.3732422 -0.0206476 0.9271945
30.623580 9.6163845 -0.6906884 6.7166877 0.0249994 0.3697726 -0.0186937 0.9285977
30.830330 9.7090521 -0.6979685 6.8173923 0.0287265 0.3642073 -0.0192446 0.9306758
30.933840 9.7556925 -0.7020230 6.8684030 0.0286108 0.3620560 -0.0179088 0.9315450
31.037350 9.8027954 -0.7061443 6.9192543 0.0272079 0.3602799 -0.0153263 0.9323214
31.244240 9.8964977 -0.7139012 7.0219960 0.0255715 0.3590138 -0.0113774 0.9329125
31.347740 9.9435587 -0.7174508 7.0746198 0.0250671 0.3587851 -0.0110595 0.9330180
31.451260 9.9900026 -0.7209609 7.1272497 0.0244465 0.3590196 -0.0116324 0.9329373
31.555590 10.0367126 -0.7246328 7.1795444 0.0247605 0.3592691 -0.0125844 0.9328206
31.661730 10.0833225 -0.7279144 7.2321196 0.0246968 0.3601629 -0.0147322 0.9324461
31.865880 10.1770926 -0.7351735 7.3366523 0.0237962 0.3627427 -0.0187842 0.9313961
32.074110 10.2710400 -0.7425765 7.4396725 0.0221309 0.3657530 -0.0197664 0.9302388
32.176640 10.3186207 -0.7457812 7.4908457 0.0205273 0.3674895 -0.0197005 0.9295924
32.280170 10.3664637 -0.7491596 7.5419855 0.0205418 0.3695126 -0.0175550 0.9288327
32.382560 10.4136715 -0.7533982 7.5915375 0.0225974 0.3711160 -0.0188555 0.9281200
32.589890 10.5058031 -0.7606496 7.6900678 0.0282564 0.3754387 -0.0256462 0.9260613
32.796560 10.6015797 -0.7696216 7.7888560 0.0226544 0.3800767 -0.0257418 0.9243191
33.003430 10.6970816 -0.7768833 7.8858318 0.0204254 0.3846667 -0.0259486 0.9224647
33.106800 10.7447195 -0.7806247 7.9327583 0.0204568 0.3865615 -0.0248505 0.9217018
33.211600 10.7930088 -0.7842212 7.9794574 0.0222462 0.3885022 -0.0239778 0.9208671
33.314720 10.8409348 -0.7878648 8.0263100 0.0239897 0.3909338 -0.0227543 0.9198247
33.520520 10.9387712 -0.7956200 8.1192989 0.0259118 0.3957425 -0.0224659 0.9177210
33.727760 11.0365171 -0.8039691 8.2122116 0.0254253 0.4015015 -0.0232728 0.9152095
33.934650 11.1360798 -0.8120456 8.3036499 0.0272578 0.4083780 -0.0278927 0.9119794
34.142230 11.2383280 -0.8208554 8.3946009 0.0298494 0.4159245 -0.0313450 0.9083685
34.244700 11.2913685 -0.8252325 8.4401503 0.0259817 0.4198523 -0.0300838 0.9067215
34.348070 11.3451576 -0.8298855 8.4860220 0.0199051 0.4239135 -0.0305285 0.9049691
34.451590 11.3995705 -0.8339220 8.5310173 0.0174313 0.4282229 -0.0290338 0.9030384
34.659100 11.5089808 -0.8403613 8.6195087 0.0167086 0.4368796 -0.0310786 0.8988277
34.764710 11.5646410 -0.8444235 8.6629181 0.0196996 0.4407025 -0.0294342 0.8969542
34.866170 11.6206865 -0.8488093 8.7051468 0.0247626 0.4442663 -0.0315898 0.8949952
34.969030 11.6774664 -0.8532208 8.7476368 0.0273446 0.4485096 -0.0309145 0.8928246
35.074860 11.7356539 -0.8579682 8.7901640 0.0262660 0.4525290 -0.0289728 0.8908918
35.176790 11.7933550 -0.8625110 8.8317804 0.0251707 0.4566368 -0.0263584 0.8889064
35.279490 11.8508139 -0.8675917 8.8723240 0.0247631 0.4603296 -0.0259032 0.8870245
35.589680 12.0220728 -0.8812162 8.9893332 0.0252424 0.4701616 -0.0215510 0.8819560
35.693160 12.0793686 -0.8856627 9.0278339 0.0239226 0.4728784 -0.0207725 0.8805579
35.796540 12.1358271 -0.8898898 9.0653439 0.0224201 0.4751033 -0.0210716 0.8793920
35.900040 12.1913786 -0.8936990 9.1014261 0.0232656 0.4775701 -0.0218902 0.8780127
36.006010 12.2460594 -0.8979013 9.1375322 0.0250188 0.4796450 -0.0225168 0.8768168
36.108200 12.3003998 -0.9021159 9.1721392 0.0276235 0.4810588 -0.0242812 0.8759165
36.313700 12.4087791 -0.9110932 9.2416821 0.0253174 0.4843394 -0.0240922 0.8741819
36.417070 12.4630365 -0.9151663 9.2756433 0.0229172 0.4856894 -0.0208080 0.8735832
36.520460 12.5165730 -0.9191579 9.3083668 0.0224969 0.4871516 -0.0179893 0.8728423
36.623970 12.5696125 -0.9224246 9.3396053 0.0246853 0.4881592 -0.0158086 0.8722622
36.727360 12.6216822 -0.9261339 9.3713951 0.0264380 0.4892958 -0.0161423 0.8715676
36.934690 12.7233171 -0.9347914 9.4338579 0.0319199 0.4911382 -0.0217471 0.8702249
37.040370 12.7742891 -0.9388377 9.4646177 0.0344490 0.4923205 -0.0209713 0.8694792
37.141020 12.8251047 -0.9422170 9.4946508 0.0313537 0.4936992 -0.0191990 0.8688553
37.244700 12.8760653 -0.9462226 9.5263014 0.0236691 0.4954829 -0.0191525 0.8680839
37.451400 12.9752121 -0.9530713 9.5855999 0.0185717 0.4977971 -0.0213948 0.8668306
37.658150 13.0721779 -0.9585971 9.6412153 0.0229242 0.5000864 -0.0216331 0.8654017
37.761670 13.1198549 -0.9618109 9.6692533 0.0219742 0.5014451 -0.0216277 0.8646399
37.968550 13.2137251 -0.9688473 9.7229567 0.0207351 0.5038849 -0.0211452 0.8632630
38.176120 13.3053226 -0.9744318 9.7750893 0.0229178 0.5073829 -0.0210281 0.8611592
38.382320 13.3958044 -0.9810079 9.8236885 0.0244460 0.5113857 -0.0223094 0.8587137
38.589330 13.4838896 -0.9875554 9.8708496 0.0273927 0.5164958 -0.0235479 0.8555275
38.796340 13.5739336 -0.9935399 9.9174061 0.0298093 0.5226659 -0.0254415 0.8516364
38.899920 13.6196365 -0.9971030 9.9404984 0.0283389 0.5256311 -0.0273226 0.8498013
39.106870 13.7122412 -1.0040283 9.9868450 0.0273964 0.5317370 -0.0293258 0.8459581
39.313880 13.8070374 -1.0118637 10.0308399 0.0288487 0.5381254 -0.0330158 0.8417237
39.417430 13.8553095 -1.0158074 10.0533543 0.0293943 0.5416462 -0.0347494 0.8393735
39.520900 13.9043932 -1.0197830 10.0755625 0.0298744 0.5449510 -0.0361624 0.8371548
39.831290 14.0562305 -1.0335722 10.1405897 0.0324550 0.5548838 -0.0374259 0.8304516
39.934800 14.1089344 -1.0380443 10.1618938 0.0327397 0.5581467 -0.0367405 0.8282817
40.038300 14.1628523 -1.0428581 10.1835194 0.0319913 0.5615910 -0.0356572 0.8260270
40.141680 14.2176962 -1.0476422 10.2047329 0.0301827 0.5648184 -0.0355593 0.8238961
40.245190 14.2735262 -1.0522962 10.2260561 0.0286053 0.5678664 -0.0340853 0.8219171
40.452080 14.3878965 -1.0608559 10.2678537 0.0258906 0.5729563 -0.0300536 0.8186254
40.556060 14.4464808 -1.0648898 10.2888994 0.0241236 0.5754622 -0.0282324 0.8169848
40.660160 14.5055370 -1.0691439 10.3093987 0.0255061 0.5776194 -0.0268737 0.8154649
40.764080 14.5652485 -1.0737574 10.3294392 0.0305258 0.5794821 -0.0281104 0.8139278
40.865860 14.6243391 -1.0781075 10.3495779 0.0367715 0.5813521 -0.0305153 0.8122478
40.969360 14.6854105 -1.0831435 10.3696537 0.0422037 0.5829980 -0.0307794 0.8107927
41.072760 14.7482195 -1.0888921 10.3896370 0.0427441 0.5848462 -0.0273470 0.8095554
41.176820 14.8123035 -1.0947204 10.4095793 0.0421000 0.5869520 -0.0228718 0.8082028
41.282760 14.8764877 -1.1006569 10.4296770 0.0408628 0.5890403 -0.0201708 0.8068178
41.385110 14.9401388 -1.1067718 10.4502964 0.0419931 0.5909758 -0.0228987 0.8052700
41.592690 15.0695972 -1.1181828 10.4909372 0.0435572 0.5946886 -0.0297855 0.8022226
41.693290 15.1364288 -1.1247841 10.5113297 0.0403845 0.5969512 -0.0292193 0.8007275
41.900180 15.2712574 -1.1374916 10.5512257 0.0377893 0.6015125 -0.0300897 0.7974016
42.106940 15.4061365 -1.1492479 10.5888081 0.0400638 0.6055390 -0.0311828 0.7941946
42.313830 15.5442610 -1.1633545 10.6259890 0.0412848 0.6088686 -0.0284470 0.7916851
42.520590 15.6846123 -1.1762855 10.6627426 0.0415213 0.6116136 -0.0273113 0.7895941
42.623970 15.7539530 -1.1824790 10.6808157 0.0403133 0.6127310 -0.0276190 0.7887793
42.830730 15.8934908 -1.1954414 10.7162733 0.0381746 0.6146952 -0.0278170 0.7873492
42.934150 15.9635029 -1.2021055 10.7342787 0.0383234 0.6154000 -0.0292330 0.7867399
43.140760 16.1035652 -1.2153823 10.7699575 0.0386005 0.6170469 -0.0294921 0.7854256
43.244710 16.1745605 -1.2220109 10.7866211 0.0382513 0.6174868 -0.0290573 0.7851130
43.347610 16.2450466 -1.2281896 10.8035784 0.0367884 0.6179216 -0.0266684 0.7849257
43.450910 16.3154049 -1.2343671 10.8203249 0.0372011 0.6185898 -0.0257765 0.7844095
43.555160 16.3842754 -1.2403975 10.8377638 0.0365229 0.6193259 -0.0272243 0.7838115
43.660340 16.4535160 -1.2465876 10.8541727 0.0395659 0.6197892 -0.0291177 0.7832292
43.762280 16.5223675 -1.2529174 10.8705864 0.0406063 0.6206254 -0.0297260 0.7824906
43.971430 16.6612720 -1.2661861 10.9039106 0.0381969 0.6229057 -0.0300851 0.7807844
44.071640 16.7327881 -1.2725660 10.9201860 0.0359768 0.6242067 -0.0282624 0.7799186
44.176790 16.8027973 -1.2787505 10.9357386 0.0348444 0.6257244 -0.0268131 0.7788041
44.278660 16.8728352 -1.2849113 10.9513140 0.0342330 0.6272170 -0.0275825 0.7776028
44.382090 16.9425106 -1.2906463 10.9668303 0.0345928 0.6289440 -0.0281025 0.7761720
44.485720 17.0132332 -1.2964516 10.9813271 0.0350066 0.6303598 -0.0281722 0.7750015
44.589150 17.0822678 -1.3022645 10.9961205 0.0345251 0.6321670 -0.0281204 0.7735516
44.692960 17.1525669 -1.3083595 11.0104675 0.0344594 0.6337568 -0.0275690 0.7722725
44.796760 17.2226658 -1.3141768 11.0244608 0.0339155 0.6353571 -0.0277743 0.7709733
44.899580 17.2921696 -1.3204186 11.0383635 0.0335115 0.6369618 -0.0283974 0.7696429
45.003060 17.3620529 -1.3259234 11.0521622 0.0328116 0.6385264 -0.0296733 0.7683274
45.107140 17.4316368 -1.3318312 11.0653849 0.0315861 0.6400738 -0.0303413 0.7670641
45.209900 17.5011349 -1.3376260 11.0785189 0.0302679 0.6414614 -0.0321800 0.7658823
45.313460 17.5703945 -1.3439316 11.0914240 0.0300333 0.6426306 -0.0352079 0.7647772
45.416890 17.6393929 -1.3496876 11.1045551 0.0309151 0.6439661 -0.0379664 0.7634857
45.520350 17.7084827 -1.3558705 11.1166897 0.0311134 0.6452132 -0.0392764 0.7623577
45.623680 17.7786446 -1.3618914 11.1289301 0.0295142 0.6465751 -0.0392165 0.7612697
45.727180 17.8486977 -1.3685690 11.1404715 0.0284089 0.6478926 -0.0378238 0.7602614
45.933940 17.9892139 -1.3806618 11.1630030 0.0273695 0.6504050 -0.0361094 0.7582350
46.037440 18.0581856 -1.3868071 11.1738939 0.0276215 0.6518315 -0.0356123 0.7570235
46.140840 18.1279869 -1.3928368 11.1845083 0.0279271 0.6533623 -0.0366117 0.7556437
46.347740 18.2674580 -1.4047062 11.2038574 0.0307765 0.6571836 -0.0327943 0.7523876
46.451100 18.3371506 -1.4105961 11.2131081 0.0287722 0.6588702 -0.0311692 0.7510598
46.554470 18.4061699 -1.4169233 11.2221184 0.0293934 0.6608476 -0.0313387 0.7492893
46.657980 18.4742661 -1.4229423 11.2308779 0.0346706 0.6622817 -0.0347355 0.7476459
46.968250 18.6782684 -1.4431593 11.2549906 0.0366641 0.6682498 -0.0402928 0.7419396
47.071770 18.7461262 -1.4495394 11.2620201 0.0334469 0.6700803 -0.0390478 0.7405059
47.175200 18.8141842 -1.4562153 11.2696886 0.0307627 0.6722933 -0.0383065 0.7386528
47.485460 19.0163879 -1.4747660 11.2885323 0.0241930 0.6797907 -0.0401950 0.7319041
47.588920 19.0832043 -1.4807026 11.2931671 0.0223946 0.6822925 -0.0395981 0.7296625
47.692300 19.1501675 -1.4862585 11.2969580 0.0242378 0.6846801 -0.0388966 0.7274014
48.002630 19.3501244 -1.5030332 11.3068781 0.0272756 0.6916645 -0.0392706 0.7206346
48.209330 19.4839687 -1.5153259 11.3111429 0.0263850 0.6960181 -0.0373587 0.7165661
48.312780 19.5502892 -1.5206461 11.3126097 0.0278301 0.6978074 -0.0377805 0.7147468
48.416100 19.6165447 -1.5259494 11.3143921 0.0290435 0.6994107 -0.0393250 0.7130461
48.622870 19.7494946 -1.5379536 11.3159885 0.0317620 0.7016032 -0.0368592 0.7109047
48.726120 19.8159428 -1.5438734 11.3166189 0.0315650 0.7023321 -0.0352002 0.7102776
48.829380 19.8820248 -1.5499341 11.3172245 0.0316849 0.7031021 -0.0339359 0.7095717
48.932760 19.9480381 -1.5560127 11.3175917 0.0320380 0.7036687 -0.0326244 0.7090554
49.036150 20.0135021 -1.5618215 11.3177042 0.0334958 0.7039294 -0.0322463 0.7087465
49.242780 20.1437416 -1.5733198 11.3186607 0.0363478 0.7040405 -0.0317326 0.7085187
49.452210 20.2721539 -1.5852537 11.3196650 0.0381362 0.7031871 -0.0306452 0.7093197
49.553030 20.3348579 -1.5913901 11.3205042 0.0387684 0.7025473 -0.0299545 0.7099487
49.656580 20.3977566 -1.5973188 11.3211966 0.0386420 0.7017212 -0.0294046 0.7107950
49.759580 20.4594936 -1.6034356 11.3221846 0.0383688 0.7007557 -0.0280171 0.7118176
49.966330 20.5820560 -1.6145642 11.3247128 0.0361465 0.6983455 -0.0259941 0.7143748
50.069330 20.6416550 -1.6195494 11.3266296 0.0348548 0.6970748 -0.0259968 0.7156788
50.172720 20.7003422 -1.6246734 11.3292208 0.0331589 0.6957020 -0.0278768 0.7170231
50.276120 20.7583332 -1.6296775 11.3317375 0.0328332 0.6943015 -0.0292416 0.7183400
50.483680 20.8718605 -1.6392112 11.3366346 0.0319807 0.6915346 -0.0283456 0.7210782
50.586570 20.9277992 -1.6437721 11.3397903 0.0300467 0.6904301 -0.0280782 0.7222292
50.691000 20.9823151 -1.6486398 11.3429298 0.0283445 0.6890138 -0.0283644 0.7236381
50.999580 21.1377811 -1.6613771 11.3523226 0.0304692 0.6847120 -0.0293170 0.7275862
51.206270 21.2359905 -1.6697406 11.3595362 0.0299399 0.6823581 -0.0322017 0.7296945
51.413610 21.3319416 -1.6777531 11.3675156 0.0288299 0.6797881 -0.0338563 0.7320592
51.622300 21.4222202 -1.6853895 11.3755398 0.0284001 0.6775252 -0.0348691 0.7341234
51.826760 21.5091572 -1.6932832 11.3842106 0.0279878 0.6754836 -0.0367524 0.7359264
52.033540 21.5944290 -1.7007635 11.3923225 0.0268923 0.6730322 -0.0375813 0.7381681
52.240390 21.6749058 -1.7082703 11.4011984 0.0272729 0.6709164 -0.0383193 0.7400399
52.654640 21.8284645 -1.7222155 11.4186554 0.0286932 0.6675106 -0.0405778 0.7429399
52.860930 21.9028263 -1.7290641 11.4274569 0.0292653 0.6665332 -0.0420036 0.7437155
53.067800 21.9766865 -1.7363716 11.4357700 0.0298007 0.6666026 -0.0421078 0.7436261
53.481550 22.1299610 -1.7503037 11.4526243 0.0314179 0.6689111 -0.0421636 0.7414804
53.688500 22.2094078 -1.7583449 11.4595327 0.0376012 0.6702051 -0.0423457 0.7400122
53.895510 22.2921886 -1.7653944 11.4681816 0.0385498 0.6718957 -0.0439680 0.7383339
54.102390 22.3794804 -1.7751052 11.4747114 0.0403952 0.6732699 -0.0366234 0.7373836
54.309430 22.4699097 -1.7834156 11.4832029 0.0402557 0.6751019 -0.0386539 0.7356105
54.516280 22.5643654 -1.7925928 11.4911499 0.0411839 0.6762679 -0.0378568 0.7345287
54.723200 22.6619339 -1.8025600 11.4984913 0.0428321 0.6774637 -0.0351568 0.7334660
54.930030 22.7621536 -1.8128773 11.5068531 0.0420591 0.6788560 -0.0379960 0.7320805
55.136960 22.8651009 -1.8231990 11.5143499 0.0438410 0.6798567 -0.0399099 0.7309446
55.343740 22.9711208 -1.8346062 11.5230913 0.0404788 0.6811697 -0.0418464 0.7298069
55.550620 23.0802402 -1.8462257 11.5308399 0.0436351 0.6823592 -0.0430045 0.7284454
55.757510 23.1904240 -1.8584782 11.5382481 0.0476627 0.6832758 -0.0458524 0.7271589
55.860740 23.2478676 -1.8652345 11.5413313 0.0481798 0.6835555 -0.0435390 0.7270041
56.067460 23.3630753 -1.8785365 11.5468016 0.0480546 0.6843131 -0.0378615 0.7266175
56.274290 23.4799290 -1.8916851 11.5529881 0.0500291 0.6848770 -0.0375808 0.7259670
56.377670 23.5397263 -1.8982488 11.5566130 0.0508057 0.6850454 -0.0375775 0.7257544
56.481050 23.6004143 -1.9051822 11.5611820 0.0507179 0.6852074 -0.0369234 0.7256413
56.584420 23.6614361 -1.9121969 11.5641327 0.0503076 0.6846654 -0.0357963 0.7262375
56.791050 23.7858200 -1.9253871 11.5720291 0.0501604 0.6840714 -0.0349798 0.7268471
56.894350 23.8482418 -1.9318104 11.5757275 0.0496200 0.6834112 -0.0343299 0.7275359
56.997680 23.9113903 -1.9388807 11.5805073 0.0494072 0.6829001 -0.0333835 0.7280742
57.100960 23.9749603 -1.9455849 11.5848579 0.0497556 0.6823043 -0.0322546 0.7286596
57.307630 24.1035385 -1.9593928 11.5941563 0.0503156 0.6807328 -0.0316026 0.7301182
57.410890 24.1684799 -1.9658926 11.5989466 0.0510033 0.6797414 -0.0304090 0.7310442
57.514200 24.2342720 -1.9728595 11.6039171 0.0511907 0.6787729 -0.0293777 0.7319726
57.617510 24.3004532 -1.9795316 11.6085825 0.0514713 0.6775108 -0.0287050 0.7331479
57.720780 24.3666077 -1.9864485 11.6141634 0.0522228 0.6764839 -0.0284058 0.7340540
57.824090 24.4332047 -1.9934732 11.6197443 0.0528234 0.6753504 -0.0282703 0.7350594
57.927360 24.5004177 -2.0005608 11.6259842 0.0532626 0.6741692 -0.0286647 0.7360960
58.133900 24.6344948 -2.0151479 11.6389627 0.0522450 0.6720839 -0.0312517 0.7379682
58.340500 24.7712364 -2.0301297 11.6532879 0.0511112 0.6706753 -0.0316439 0.7393111
58.443830 24.8393822 -2.0376792 11.6604118 0.0502963 0.6700738 -0.0306663 0.7399533
58.547070 24.9084911 -2.0447948 11.6675081 0.0492450 0.6696531 -0.0299042 0.7404360
58.650440 24.9769669 -2.0518775 11.6741085 0.0498328 0.6691861 -0.0290686 0.7408521
58.753660 25.0448742 -2.0591688 11.6808224 0.0512942 0.6688369 -0.0293819 0.7410553
58.857110 25.1133347 -2.0658076 11.6879921 0.0507489 0.6685335 -0.0294521 0.7413636
58.960410 25.1812859 -2.0731492 11.6953840 0.0492699 0.6684431 -0.0296476 0.7415371
59.063680 25.2486515 -2.0806105 11.7031364 0.0476929 0.6684984 -0.0297633 0.7415858
59.167110 25.3161716 -2.0877910 11.7106714 0.0473986 0.6683456 -0.0310938 0.7416878
59.270460 25.3831978 -2.0947537 11.7179632 0.0477056 0.6682857 -0.0315425 0.7417030
59.373860 25.4504795 -2.1019905 11.7250319 0.0479490 0.6681280 -0.0314834 0.7418320
59.477160 25.5167542 -2.1094191 11.7325201 0.0475405 0.6681054 -0.0322338 0.7418463
59.580540 25.5838375 -2.1166630 11.7394667 0.0479015 0.6678485 -0.0322930 0.7420518
59.683780 25.6502533 -2.1238697 11.7465801 0.0477875 0.6676815 -0.0321816 0.7422143
59.787170 25.7159595 -2.1310437 11.7538691 0.0474531 0.6676385 -0.0313930 0.7423083
59.890360 25.7819653 -2.1386809 11.7613344 0.0475143 0.6675302 -0.0318629 0.7423817
60.097040 25.9123116 -2.1528332 11.7752886 0.0498691 0.6671018 -0.0324042 0.7425889
60.303580 26.0433731 -2.1668272 11.7896471 0.0490440 0.6661531 -0.0286403 0.7436495
60.406760 26.1077557 -2.1738763 11.7969093 0.0509318 0.6653870 -0.0279875 0.7442330
60.510030 26.1727409 -2.1808894 11.8033161 0.0553065 0.6639868 -0.0277028 0.7451813
60.613290 26.2374153 -2.1876960 11.8108501 0.0575783 0.6628029 -0.0278269 0.7460582
60.716680 26.3031063 -2.1955159 11.8184481 0.0586818 0.6615236 -0.0265007 0.7471551
60.819920 26.3687210 -2.2031677 11.8262939 0.0588798 0.6602358 -0.0257606 0.7483036
60.923310 26.4329891 -2.2109840 11.8345680 0.0602708 0.6589197 -0.0259891 0.7493443
61.129940 26.5608654 -2.2259216 11.8519115 0.0590405 0.6562233 -0.0247082 0.7518475
61.233200 26.6249542 -2.2335384 11.8612347 0.0566405 0.6545532 -0.0239766 0.7535098
61.439830 26.7532330 -2.2479086 11.8810377 0.0544871 0.6508645 -0.0247510 0.7568315
61.646430 26.8807678 -2.2619679 11.9025173 0.0533734 0.6463217 -0.0254051 0.7607720
61.749770 26.9439316 -2.2688136 11.9142933 0.0531659 0.6436687 -0.0267189 0.7629876
61.956290 27.0722904 -2.2830875 11.9392872 0.0528317 0.6369524 -0.0284652 0.7685637
62.162940 27.1973095 -2.2973650 11.9653864 0.0522003 0.6296303 -0.0294765 0.7745786
62.369430 27.3232269 -2.3119781 11.9946270 0.0509659 0.6223881 -0.0306327 0.7804468
62.576200 27.4490356 -2.3263280 12.0257750 0.0498512 0.6163674 -0.0313320 0.7852544
62.782780 27.5756111 -2.3403087 12.0582361 0.0495819 0.6119056 -0.0323194 0.7887132
62.989540 27.7011127 -2.3547428 12.0925312 0.0488116 0.6081768 -0.0327945 0.7916204
63.196200 27.8267498 -2.3693869 12.1269827 0.0491143 0.6044902 -0.0328001 0.7944203
63.402810 27.9518223 -2.3836775 12.1637640 0.0482785 0.6009281 -0.0324081 0.7971853
63.609460 28.0781784 -2.3975675 12.2015238 0.0467420 0.5971948 -0.0312884 0.8001216
63.712840 28.1410465 -2.4048059 12.2206125 0.0458258 0.5953584 -0.0306470 0.8015667
64.022620 28.3258152 -2.4251575 12.2801323 0.0454933 0.5898007 -0.0321262 0.8056261
64.229120 28.4476452 -2.4386730 12.3208408 0.0457194 0.5860644 -0.0343339 0.8082447
64.435680 28.5682793 -2.4522085 12.3622789 0.0408968 0.5838129 -0.0338569 0.8101504
64.642350 28.6857872 -2.4646945 12.4034119 0.0406072 0.5825779 -0.0385738 0.8108428
64.849050 28.8040962 -2.4776697 12.4450512 0.0412895 0.5819654 -0.0410995 0.8111241
65.055650 28.9212227 -2.4907761 12.4861946 0.0357735 0.5818871 -0.0404174 0.8114765
65.262120 29.0361252 -2.5031457 12.5265322 0.0344752 0.5822029 -0.0398726 0.8113332
65.468780 29.1509418 -2.5150650 12.5661469 0.0352517 0.5825135 -0.0402487 0.8110582
65.675410 29.2658730 -2.5268853 12.6047983 0.0361388 0.5828649 -0.0361832 0.8109583
65.881970 29.3797913 -2.5391011 12.6435118 0.0397590 0.5830168 -0.0376211 0.8106142
66.088540 29.4932632 -2.5509930 12.6826496 0.0410924 0.5832769 -0.0386799 0.8103107
66.295140 29.6102238 -2.5632436 12.7225714 0.0394492 0.5834865 -0.0376949 0.8102878
66.503710 29.7290096 -2.5758393 12.7625322 0.0422520 0.5833047 -0.0383526 0.8102465
66.712060 29.8499928 -2.5887425 12.8037195 0.0424537 0.5831634 -0.0380119 0.8103538
66.914810 29.9733620 -2.6022112 12.8454256 0.0425089 0.5830005 -0.0357150 0.8105726
67.122370 30.0990620 -2.6155879 12.8876629 0.0459479 0.5824174 -0.0332048 0.8109108
67.327990 30.2243195 -2.6293139 12.9297600 0.0482343 0.5813195 -0.0297149 0.8117008
67.534610 30.3492374 -2.6428535 12.9721241 0.0474629 0.5806069 -0.0275225 0.8123333
67.741230 30.4746780 -2.6559074 13.0158806 0.0425778 0.5801696 -0.0254027 0.8129852
67.947740 30.5982342 -2.6684165 13.0594826 0.0444460 0.5798671 -0.0264764 0.8130668
68.154890 30.7214870 -2.6813047 13.1017990 0.0457825 0.5789828 -0.0254792 0.8136545
68.361010 30.8422623 -2.6939228 13.1439686 0.0447452 0.5786251 -0.0236457 0.8140219
68.567750 30.9592171 -2.7063105 13.1855307 0.0443231 0.5788695 -0.0242263 0.8138542
68.774690 31.0753078 -2.7181089 13.2256279 0.0432339 0.5794406 -0.0224121 0.8135583
68.981020 31.1882725 -2.7294488 13.2650137 0.0425894 0.5804946 -0.0214941 0.8128654
69.187640 31.2987099 -2.7406902 13.3025017 0.0455649 0.5813777 -0.0229608 0.8120324
69.394410 31.4055042 -2.7521677 13.3395338 0.0485296 0.5824191 -0.0270102 0.8109891
69.600870 31.5129299 -2.7640481 13.3762789 0.0470920 0.5836046 -0.0261908 0.8102481
69.808000 31.6190987 -2.7756622 13.4117060 0.0449728 0.5844809 -0.0237446 0.8098121
70.014150 31.7244205 -2.7868783 13.4461937 0.0467535 0.5847538 -0.0237034 0.8095155
70.221570 31.8283024 -2.7976532 13.4810915 0.0481563 0.5849224 -0.0234720 0.8093181
70.429610 31.9331646 -2.8090029 13.5156565 0.0498765 0.5848265 -0.0232114 0.8092908
70.634290 32.0377312 -2.8200278 13.5504599 0.0504316 0.5847824 -0.0238685 0.8092691
70.841960 32.1421204 -2.8313692 13.5858269 0.0495413 0.5844812 -0.0226505 0.8095767
71.049300 32.2465973 -2.8422723 13.6208687 0.0483015 0.5833052 -0.0214020 0.8105331
71.255370 32.3486786 -2.8534057 13.6560059 0.0475346 0.5818084 -0.0215890 0.8116485
71.462150 32.4475746 -2.8637316 13.6908407 0.0476967 0.5801467 -0.0228746 0.8127924
71.564460 32.4960060 -2.8687906 13.7081738 0.0472339 0.5794762 -0.0232221 0.8132878
71.771950 32.5903244 -2.8792925 13.7417059 0.0453907 0.5784678 -0.0231454 0.8141124
71.977870 32.6817398 -2.8891768 13.7745342 0.0449271 0.5775341 -0.0231960 0.8147993
72.184720 32.7696304 -2.8985536 13.8061152 0.0452494 0.5765610 -0.0226935 0.8154845
72.394080 32.8556404 -2.9079556 13.8364477 0.0455686 0.5754471 -0.0219253 0.8162740
72.804810 33.0175400 -2.9251058 13.8961287 0.0451850 0.5737597 -0.0229671 0.8174538
73.011570 33.0941315 -2.9331279 13.9248114 0.0436516 0.5732197 -0.0236089 0.8178975
73.218200 33.1673546 -2.9409609 13.9521523 0.0431968 0.5726794 -0.0230034 0.8183173
73.735300 33.3366852 -2.9591610 14.0157566 0.0471023 0.5710861 -0.0260819 0.8191226
73.942010 33.3992119 -2.9661067 14.0390711 0.0469213 0.5711250 -0.0252064 0.8191333
74.252330 33.4864845 -2.9758875 14.0715923 0.0448702 0.5727465 -0.0252134 0.8181152
74.562490 33.5664024 -2.9844327 14.1008158 0.0441842 0.5742169 -0.0245880 0.8171402
75.182880 33.7040520 -2.9993706 14.1511326 0.0426024 0.5770658 -0.0246742 0.8152124
75.389540 33.7452507 -3.0031905 14.1657286 0.0441824 0.5777220 -0.0246277 0.8146647
75.802980 33.8235397 -3.0113292 14.1943502 0.0432152 0.5776033 -0.0250146 0.8147891
76.009520 33.8615036 -3.0150440 14.2084322 0.0421895 0.5764272 -0.0260222 0.8156437
76.216170 33.8993835 -3.0186234 14.2227411 0.0424559 0.5735033 -0.0260832 0.8176864
77.041770 34.0564728 -3.0344584 14.2942743 0.0422299 0.5318220 -0.0311065 0.8452304
77.661290 34.1691437 -3.0485432 14.3658113 0.0428861 0.4843405 -0.0418916 0.8728231
78.075790 34.2377739 -3.0569844 14.4078999 0.0433693 0.4986127 -0.0429398 0.8646737
78.697630 34.3411674 -3.0692773 14.4514475 0.0461237 0.5530318 -0.0382070 0.8310046
79.114220 34.4166489 -3.0787058 14.4744978 0.0488605 0.5811365 -0.0334070 0.8116508
79.322290 34.4536400 -3.0829074 14.4847937 0.0475535 0.5892714 -0.0312682 0.8059282
79.733660 34.5202637 -3.0903692 14.5051241 0.0485101 0.5893703 -0.0295362 0.8058642
80.763430 34.6322784 -3.1047721 14.5573015 0.0513256 0.5271015 -0.0308135 0.8476911
82.518840 34.7083549 -3.1143544 14.6216898 0.0373729 0.4504668 -0.0415529 0.8910422
82.726180 34.7116127 -3.1145468 14.6263266 0.0359382 0.4461007 -0.0457139 0.8930917
