9.999968e-01 -1.383964e-03 2.129266e-03 -1.699529e-02 1.395070e-03 9.999853e-01 -5.223267e-03 -3.304158e-02 -2.122006e-03 5.226219e-03 9.999840e-01 1.924885e+00
9.999935e-01 -2.875213e-03 2.196984e-03 -3.106702e-02 2.877221e-03 9.999954e-01 -9.111935e-04 -6.341853e-02 -2.194353e-03 9.175076e-04 9.999971e-01 2.888054e+00
9.999894e-01 -4.378258e-03 1.426928e-03 -4.462738e-02 4.370282e-03 9.999750e-01 5.546374e-03 -9.503621e-02 -1.451175e-03 -5.540079e-03 9.999835e-01 3.848312e+00
9.999613e-01 -8.800744e-03 4.930361e-05 -5.337242e-02 8.800421e-03 9.999503e-01 4.659577e-03 -1.222173e-01 -9.030788e-05 -4.658963e-03 9.999891e-01 4.806551e+00
9.999329e-01 -1.154122e-02 -9.928825e-04 -6.458549e-02 1.154281e-02 9.999320e-01 1.608232e-03 -1.448705e-01 9.742552e-04 -1.619585e-03 9.999981e-01 5.738958e+00
9.999251e-01 -1.210851e-02 -1.791951e-03 -7.542792e-02 1.210590e-02 9.999256e-01 -1.463266e-03 -1.535673e-01 1.809537e-03 1.441462e-03 9.999973e-01 6.676395e+00
9.999307e-01 -1.148261e-02 -2.596193e-03 -8.936429e-02 1.147713e-02 9.999318e-01 -2.115606e-03 -1.678814e-01 2.620310e-03 2.085662e-03 9.999943e-01 7.606157e+00
9.999351e-01 -1.082459e-02 -3.547008e-03 -1.013034e-01 1.082533e-02 9.999413e-01 1.915052e-04 -1.791661e-01 3.544728e-03 -2.298913e-04 9.999936e-01 8.535486e+00
9.999332e-01 -1.074628e-02 -4.252912e-03 -1.141317e-01 1.075959e-02 9.999372e-01 3.119014e-03 -1.865848e-01 4.219129e-03 -3.164566e-03 9.999860e-01 9.465868e+00
9.999267e-01 -1.090491e-02 -5.254531e-03 -1.275574e-01 1.092822e-02 9.999304e-01 4.428359e-03 -1.916301e-01 5.205877e-03 -4.485457e-03 9.999763e-01 1.038892e+01
9.999051e-01 -1.246298e-02 -5.868031e-03 -1.421945e-01 1.249287e-02 9.999090e-01 5.084305e-03 -1.997185e-01 5.804133e-03 -5.157132e-03 9.999698e-01 1.133952e+01
9.998969e-01 -1.263069e-02 -6.826217e-03 -1.548813e-01 1.266478e-02 9.999074e-01 4.973288e-03 -2.155601e-01 6.762771e-03 -5.059228e-03 9.999643e-01 1.222345e+01
9.998699e-01 -1.336574e-02 -9.034486e-03 -1.849063e-01 1.337692e-02 9.999098e-01 1.177817e-03 -2.602522e-01 9.017931e-03 -1.298518e-03 9.999584e-01 1.404136e+01
9.998368e-01 -1.468699e-02 -1.051998e-02 -1.992846e-01 1.468671e-02 9.998921e-01 -1.034110e-04 -2.760574e-01 1.052037e-02 -5.111081e-05 9.999446e-01 1.494552e+01
9.998231e-01 -1.432671e-02 -1.218625e-02 -2.169483e-01 1.431971e-02 9.998972e-01 -6.616172e-04 -2.851106e-01 1.219448e-02 4.869955e-04 9.999255e-01 1.584627e+01
9.998148e-01 -1.159649e-02 -1.536125e-02 -2.548521e-01 1.157275e-02 9.999316e-01 -1.633665e-03 -2.982439e-01 1.537915e-02 1.455589e-03 9.998806e-01 1.763484e+01
9.997832e-01 -1.213664e-02 -1.691845e-02 -2.730779e-01 1.212689e-02 9.999262e-01 -6.787551e-04 -3.044055e-01 1.692545e-02 4.734386e-04 9.998566e-01 1.852684e+01
9.997674e-01 -1.148423e-02 -1.825599e-02 -2.937433e-01 1.149904e-02 9.999336e-01 7.061475e-04 -3.138402e-01 1.824668e-02 -9.159104e-04 9.998330e-01 1.941419e+01
9.997407e-01 -1.132286e-02 -1.975877e-02 -3.146034e-01 1.134559e-02 9.999350e-01 1.038627e-03 -3.236882e-01 1.974573e-02 -1.262534e-03 9.998042e-01 2.029478e+01
9.996913e-01 -1.246784e-02 -2.149326e-02 -3.335669e-01 1.249154e-02 9.999214e-01 9.685078e-04 -3.220398e-01 2.147950e-02 -1.236693e-03 9.997685e-01 2.116890e+01
9.996529e-01 -1.268780e-02 -2.308809e-02 -3.517749e-01 1.269885e-02 9.999192e-01 3.318073e-04 -3.205089e-01 2.308202e-02 -6.248852e-04 9.997333e-01 2.203793e+01
9.996297e-01 -1.261378e-02 -2.411198e-02 -3.725490e-01 1.263650e-02 9.999198e-01 7.899130e-04 -3.172185e-01 2.410009e-02 -1.094312e-03 9.997089e-01 2.290089e+01
9.996068e-01 -1.236724e-02 -2.516463e-02 -3.933684e-01 1.244026e-02 9.999188e-01 2.747129e-03 -3.159266e-01 2.512862e-02 -3.059103e-03 9.996795e-01 2.375773e+01
9.995692e-01 -1.363816e-02 -2.598840e-02 -4.121035e-01 1.378817e-02 9.998892e-01 5.601313e-03 -3.140241e-01 2.590913e-02 -5.957232e-03 9.996465e-01 2.461543e+01
9.995560e-01 -1.327670e-02 -2.667519e-02 -4.280328e-01 1.346665e-02 9.998851e-01 6.953738e-03 -3.057383e-01 2.657980e-02 -7.309876e-03 9.996199e-01 2.544218e+01
9.995413e-01 -1.282492e-02 -2.743674e-02 -4.474023e-01 1.298763e-02 9.998990e-01 5.760451e-03 -2.988492e-01 2.736009e-02 -6.114147e-03 9.996069e-01 2.626621e+01
9.995372e-01 -1.142993e-02 -2.819322e-02 -4.690774e-01 1.151922e-02 9.999291e-01 3.006464e-03 -2.930490e-01 2.815686e-02 -3.329837e-03 9.995979e-01 2.708037e+01
9.995206e-01 -1.092301e-02 -2.896974e-02 -4.916230e-01 1.096822e-02 9.999388e-01 1.401950e-03 -2.934051e-01 2.895266e-02 -1.719025e-03 9.995792e-01 2.787697e+01
9.995005e-01 -1.020425e-02 -2.990979e-02 -5.147234e-01 1.023690e-02 9.999471e-01 9.386493e-04 -2.982767e-01 2.989864e-02 -1.244365e-03 9.995521e-01 2.866957e+01
9.993980e-01 -1.012000e-02 -3.318482e-02 -5.610502e-01 1.012245e-02 9.999487e-01 -9.415537e-05 -3.024561e-01 3.318408e-02 -2.418140e-04 9.994492e-01 3.022665e+01
9.993348e-01 -1.013992e-02 -3.503166e-02 -5.837097e-01 1.012933e-02 9.999485e-01 -4.799930e-04 -2.893166e-01 3.503473e-02 1.248256e-04 9.993860e-01 3.099325e+01
9.992572e-01 -1.045439e-02 -3.709050e-02 -6.098827e-01 1.048559e-02 9.999447e-01 6.466132e-04 -2.849460e-01 3.708169e-02 -1.035049e-03 9.993116e-01 3.175331e+01
9.991826e-01 -1.044167e-02 -3.905299e-02 -6.373473e-01 1.057814e-02 9.999386e-01 3.289435e-03 -2.859582e-01 3.901625e-02 -3.699855e-03 9.992317e-01 3.249745e+01
9.990483e-01 -8.212274e-03 -4.283877e-02 -7.070281e-01 8.425612e-03 9.999529e-01 4.801790e-03 -2.980989e-01 4.279733e-02 -5.158163e-03 9.990704e-01 3.396228e+01
9.989871e-01 -5.570437e-03 -4.465125e-02 -7.475972e-01 5.752148e-03 9.999756e-01 3.942093e-03 -3.011809e-01 4.462821e-02 -4.194941e-03 9.989948e-01 3.470353e+01
9.989142e-01 -4.076822e-03 -4.640854e-02 -7.861231e-01 4.225973e-03 9.999861e-01 3.116198e-03 -3.012987e-01 4.639521e-02 -3.308936e-03 9.989176e-01 3.539317e+01
9.988447e-01 -3.602322e-03 -4.792024e-02 -8.225011e-01 3.824192e-03 9.999823e-01 4.539097e-03 -2.935002e-01 4.790305e-02 -4.717109e-03 9.988408e-01 3.608573e+01
9.987977e-01 -2.421920e-03 -4.896157e-02 -8.579745e-01 2.724895e-03 9.999775e-01 6.122217e-03 -2.845601e-01 4.894565e-02 -6.248272e-03 9.987818e-01 3.677338e+01
9.988038e-01 6.059604e-04 -4.889413e-02 -8.979841e-01 -2.707568e-04 9.999763e-01 6.862041e-03 -2.829222e-01 4.889714e-02 -6.840594e-03 9.987803e-01 3.744921e+01
9.988488e-01 3.748494e-03 -4.782370e-02 -9.356939e-01 -3.523552e-03 9.999823e-01 4.787030e-03 -2.753503e-01 4.784081e-02 -4.613010e-03 9.988443e-01 3.811124e+01
9.990194e-01 5.712810e-03 -4.390410e-02 -9.940685e-01 -5.743068e-03 9.999833e-01 -5.630376e-04 -2.590333e-01 4.390016e-02 8.146287e-04 9.990355e-01 3.940063e+01
9.991414e-01 6.928143e-03 -4.084787e-02 -1.022967e+00 -6.919997e-03 9.999759e-01 3.408663e-04 -2.546909e-01 4.084925e-02 -5.790746e-05 9.991653e-01 4.003748e+01
9.993048e-01 1.641604e-02 -3.347332e-02 -1.082779e+00 -1.618094e-02 9.998425e-01 7.282552e-03 -2.559993e-01 3.358760e-02 -6.735859e-03 9.994130e-01 4.129211e+01
9.994044e-01 2.501999e-02 -2.376615e-02 -1.127463e+00 -2.483055e-02 9.996577e-01 8.233076e-03 -2.504927e-01 2.396401e-02 -7.638046e-03 9.996836e-01 4.247569e+01
9.994265e-01 2.870924e-02 -1.795791e-02 -1.143225e+00 -2.852866e-02 9.995405e-01 1.023293e-02 -2.472759e-01 1.824345e-02 -9.714743e-03 9.997863e-01 4.304425e+01
9.993683e-01 3.372431e-02 -1.120755e-02 -1.156523e+00 -3.359318e-02 9.993671e-01 1.169024e-02 -2.461265e-01 1.159470e-02 -1.130636e-02 9.998688e-01 4.359239e+01
9.993066e-01 3.700958e-02 -4.072654e-03 -1.163695e+00 -3.696271e-02 9.992556e-01 1.103952e-02 -2.463307e-01 4.478192e-03 -1.088133e-02 9.999307e-01 4.411947e+01
9.978050e-01 5.099690e-02 4.224351e-02 -1.119110e+00 -5.130814e-02 9.986628e-01 6.315813e-03 -2.395256e-01 -4.186495e-02 -8.469386e-03 9.990873e-01 4.683267e+01
9.973383e-01 5.274012e-02 5.034723e-02 -1.098158e+00 -5.316651e-02 9.985599e-01 7.166379e-03 -2.391747e-01 -4.989678e-02 -9.824091e-03 9.987060e-01 4.720456e+01
9.949463e-01 6.439773e-02 7.703781e-02 -1.036133e+00 -6.510727e-02 9.978555e-01 6.731622e-03 -2.443984e-01 -7.643911e-02 -1.171332e-02 9.970054e-01 4.817664e+01
9.921379e-01 6.152264e-02 1.089836e-01 -9.369557e-01 -6.192852e-02 9.980805e-01 3.401550e-04 -2.675893e-01 -1.087535e-01 -7.086672e-03 9.940434e-01 4.897559e+01
9.830186e-01 6.669167e-02 1.709583e-01 -7.577117e-01 -6.621707e-02 9.977691e-01 -8.483377e-03 -2.915714e-01 -1.711427e-01 -2.981041e-03 9.852417e-01 4.998615e+01
9.797322e-01 6.595410e-02 1.891427e-01 -6.971579e-01 -6.530127e-02 9.978185e-01 -9.688392e-03 -2.967619e-01 -1.893691e-01 -2.859233e-03 9.819017e-01 5.023058e+01
8.944222e-01 7.169632e-02 4.414392e-01 2.760316e-01 -6.712497e-02 9.974060e-01 -2.598839e-02 -3.733939e-01 -4.421575e-01 -6.387003e-03 8.969146e-01 5.258045e+01
8.575413e-01 7.341493e-02 5.091494e-01 5.907911e-01 -6.409369e-02 9.972996e-01 -3.585139e-02 -3.919068e-01 -5.104066e-01 -1.889215e-03 8.599311e-01 5.301901e+01
8.104782e-01 7.887974e-02 5.804335e-01 9.652370e-01 -6.518263e-02 9.968824e-01 -4.445771e-02 -4.147601e-01 -5.821309e-01 -1.802183e-03 8.130930e-01 5.347280e+01
5.082200e-01 8.368613e-02 8.571517e-01 3.359263e+00 -5.674312e-02 9.963588e-01 -6.363336e-02 -4.860892e-01 -8.593560e-01 -1.629772e-02 5.111180e-01 5.516957e+01
4.595568e-01 8.166095e-02 8.843862e-01 3.766145e+00 -5.479782e-02 9.964739e-01 -6.353594e-02 -4.913921e-01 -8.864563e-01 -1.926406e-02 4.624112e-01 5.533541e+01
4.095444e-01 7.979453e-02 9.087938e-01 4.198361e+00 -5.480553e-02 9.965202e-01 -6.279926e-02 -5.166196e-01 -9.106425e-01 -2.408784e-02 4.124924e-01 5.548396e+01
2.200748e-01 7.093645e-02 9.729003e-01 6.088519e+00 -3.059900e-02 9.973636e-01 -6.579850e-02 -6.266796e-01 -9.750030e-01 -1.528919e-02 2.216651e-01 5.585617e+01
1.770423e-01 6.939967e-02 9.817533e-01 6.612372e+00 -2.180620e-02 9.975425e-01 -6.658344e-02 -6.532414e-01 -9.839617e-01 -9.620226e-03 1.781206e-01 5.590280e+01
1.074817e-01 7.204208e-02 9.915934e-01 7.658631e+00 -8.852841e-03 9.974009e-01 -7.150444e-02 -7.242890e-01 -9.941677e-01 -1.093003e-03 1.078401e-01 5.595413e+01
5.379933e-02 6.807411e-02 9.962286e-01 8.774944e+00 4.677949e-03 9.976453e-01 -6.842356e-02 -8.137508e-01 -9.985408e-01 8.341445e-03 5.335421e-02 5.597751e+01
1.874635e-02 7.007914e-02 9.973652e-01 9.933246e+00 1.331628e-02 9.974345e-01 -7.033431e-02 -9.020616e-01 -9.997356e-01 1.459970e-02 1.776507e-02 5.598182e+01
5.284248e-03 6.962217e-02 9.975594e-01 1.053767e+01 1.391943e-02 9.974715e-01 -6.968979e-02 -9.473740e-01 -9.998892e-01 1.425371e-02 4.301785e-03 5.597984e+01
-2.969905e-02 7.235375e-02 9.969367e-01 1.367308e+01 2.153551e-02 9.971914e-01 -7.173070e-02 -1.217524e+00 -9.993269e-01 1.933920e-02 -3.117381e-02 5.588330e+01
-3.224636e-02 6.482052e-02 9.973757e-01 1.433357e+01 1.930001e-02 9.977490e-01 -6.422080e-02 -1.269538e+00 -9.992936e-01 1.717847e-02 -3.342481e-02 5.585852e+01
-3.357981e-02 5.896572e-02 9.976950e-01 1.501321e+01 2.069200e-02 9.980850e-01 -5.829234e-02 -1.317429e+00 -9.992219e-01 1.868685e-02 -3.473562e-02 5.582149e+01
-3.372396e-02 5.922088e-02 9.976750e-01 1.638718e+01 2.647752e-02 9.979454e-01 -5.834194e-02 -1.417061e+00 -9.990804e-01 2.444843e-02 -3.522269e-02 5.574074e+01
-2.869260e-02 7.658907e-02 9.966497e-01 1.850468e+01 2.970433e-02 9.966852e-01 -7.573665e-02 -1.545746e+00 -9.991469e-01 2.743173e-02 -3.087252e-02 5.564300e+01
-2.666061e-02 7.158414e-02 9.970781e-01 1.924155e+01 2.859289e-02 9.970792e-01 -7.081969e-02 -1.593908e+00 -9.992356e-01 2.662124e-02 -2.862953e-02 5.561503e+01
-2.419601e-02 6.403547e-02 9.976542e-01 1.997824e+01 2.815724e-02 9.975941e-01 -6.334873e-02 -1.647724e+00 -9.993107e-01 2.655840e-02 -2.594085e-02 5.559027e+01
-1.465585e-02 7.434465e-02 9.971248e-01 2.216714e+01 3.594039e-02 9.966267e-01 -7.377927e-02 -1.787932e+00 -9.992465e-01 3.475575e-02 -1.727839e-02 5.551011e+01
-1.252203e-02 7.473476e-02 9.971247e-01 2.290332e+01 2.917558e-02 9.968057e-01 -7.434447e-02 -1.839076e+00 -9.994959e-01 2.816074e-02 -1.466246e-02 5.550537e+01
-1.251911e-03 6.911428e-02 9.976079e-01 2.511164e+01 3.420447e-02 9.970279e-01 -6.903119e-02 -2.008471e+00 -9.994141e-01 3.403622e-02 -3.612208e-03 5.546362e+01
5.331076e-03 7.446070e-02 9.972096e-01 2.656806e+01 3.017783e-02 9.967576e-01 -7.458830e-02 -2.113697e+00 -9.995304e-01 3.049125e-02 3.066728e-03 5.547262e+01
9.153452e-03 7.318056e-02 9.972766e-01 2.730492e+01 2.911682e-02 9.968760e-01 -7.341842e-02 -2.167614e+00 -9.995341e-01 2.970955e-02 6.994071e-03 5.548963e+01
2.346026e-02 7.155827e-02 9.971604e-01 3.024630e+01 4.104867e-02 9.965248e-01 -7.247843e-02 -2.395401e+00 -9.988817e-01 4.263246e-02 2.044136e-02 5.553620e+01
3.070906e-02 6.867484e-02 9.971663e-01 3.172630e+01 4.416618e-02 9.965691e-01 -6.999389e-02 -2.496112e+00 -9.985521e-01 4.619046e-02 2.757060e-02 5.556188e+01
3.662308e-02 7.125285e-02 9.967856e-01 3.320740e+01 4.027483e-02 9.965392e-01 -7.271499e-02 -2.578228e+00 -9.985173e-01 4.280842e-02 3.362664e-02 5.561348e+01
4.226827e-02 7.092015e-02 9.965860e-01 3.469841e+01 3.944885e-02 9.965811e-01 -7.259297e-02 -2.667716e+00 -9.983272e-01 4.238254e-02 3.932604e-02 5.567316e+01
4.741274e-02 7.133303e-02 9.963250e-01 3.619785e+01 3.453945e-02 9.967332e-01 -7.300592e-02 -2.761384e+00 -9.982781e-01 3.787392e-02 4.479405e-02 5.574855e+01
5.397584e-02 7.769258e-02 9.955151e-01 3.770474e+01 3.235073e-02 9.963090e-01 -7.950858e-02 -2.867554e+00 -9.980181e-01 3.649717e-02 5.126320e-02 5.582660e+01
6.039293e-02 8.181733e-02 9.948158e-01 3.923007e+01 2.627180e-02 9.961594e-01 -8.352275e-02 -2.973413e+00 -9.978289e-01 3.117978e-02 5.801150e-02 5.592107e+01
6.297842e-02 8.056066e-02 9.947580e-01 4.000220e+01 2.229850e-02 9.963743e-01 -8.210329e-02 -3.024315e+00 -9.977658e-01 2.735234e-02 6.095370e-02 5.597631e+01
7.069430e-02 8.200656e-02 9.941213e-01 4.155550e+01 2.387540e-02 9.961901e-01 -8.387508e-02 -3.135919e+00 -9.972123e-01 2.966452e-02 6.846702e-02 5.607788e+01
7.831116e-02 8.192870e-02 9.935567e-01 4.313031e+01 1.900906e-02 9.963134e-01 -8.365431e-02 -3.244326e+00 -9.967478e-01 2.543764e-02 7.646507e-02 5.620333e+01
8.814603e-02 8.493966e-02 9.924794e-01 4.471372e+01 1.544655e-02 9.961213e-01 -8.662324e-02 -3.352539e+00 -9.959878e-01 2.296587e-02 8.649212e-02 5.634391e+01
1.017001e-01 9.855422e-02 9.899212e-01 4.630756e+01 1.204009e-02 9.948858e-01 -1.002854e-01 -3.461241e+00 -9.947423e-01 2.211777e-02 9.999338e-02 5.650810e+01
1.088845e-01 1.009468e-01 9.889154e-01 4.712224e+01 8.008224e-03 9.947089e-01 -1.024200e-01 -3.525277e+00 -9.940222e-01 1.907140e-02 1.075000e-01 5.660533e+01
1.234522e-01 9.684397e-02 9.876136e-01 4.872687e+01 3.804221e-03 9.951731e-01 -9.806079e-02 -3.662244e+00 -9.923433e-01 1.586291e-02 1.224879e-01 5.681192e+01
1.306562e-01 9.388208e-02 9.869726e-01 4.954068e+01 3.680756e-03 9.954536e-01 -9.517607e-02 -3.727642e+00 -9.914209e-01 1.606814e-02 1.297166e-01 5.692162e+01
1.381181e-01 8.777174e-02 9.865188e-01 5.035682e+01 1.418947e-03 9.960468e-01 -8.881813e-02 -3.792894e+00 -9.904148e-01 1.366721e-02 1.374476e-01 5.704097e+01
1.529056e-01 7.734363e-02 9.852095e-01 5.198907e+01 -1.273776e-03 9.969472e-01 -7.806743e-02 -3.912550e+00 -9.882400e-01 1.068200e-02 1.525373e-01 5.729726e+01
1.656985e-01 8.616732e-02 9.824047e-01 5.356153e+01 -9.232977e-04 9.961885e-01 -8.722059e-02 -4.023164e+00 -9.861761e-01 1.354526e-02 1.651465e-01 5.756033e+01
1.708588e-01 9.069896e-02 9.811120e-01 5.434318e+01 -1.860034e-03 9.957820e-01 -9.173122e-02 -4.082523e+00 -9.852938e-01 1.384818e-02 1.703068e-01 5.769851e+01
1.755626e-01 9.300269e-02 9.800654e-01 5.510439e+01 -3.992120e-03 9.955867e-01 -9.376047e-02 -4.143701e+00 -9.844602e-01 1.254829e-02 1.751591e-01 5.783752e+01
1.863508e-01 8.909315e-02 9.784353e-01 5.664546e+01 -2.180078e-03 9.959149e-01 -9.026959e-02 -4.262120e+00 -9.824809e-01 1.468874e-02 1.857838e-01 5.812033e+01
1.908189e-01 8.315480e-02 9.780968e-01 5.738911e+01 -1.183557e-03 9.964242e-01 -8.448206e-02 -4.318314e+00 -9.816246e-01 1.496313e-02 1.902350e-01 5.826251e+01
1.969010e-01 7.301812e-02 9.777005e-01 5.887601e+01 -6.793476e-03 9.973004e-01 -7.311378e-02 -4.420802e+00 -9.803999e-01 7.754189e-03 1.968655e-01 5.856727e+01
2.021928e-01 7.573447e-02 9.764129e-01 6.031245e+01 -1.049868e-02 9.971157e-01 -7.516624e-02 -4.516372e+00 -9.792895e-01 4.947024e-03 2.024047e-01 5.886609e+01
2.054345e-01 8.430510e-02 9.750329e-01 6.170436e+01 -1.627995e-02 9.964393e-01 -8.272590e-02 -4.614787e+00 -9.785355e-01 1.121269e-03 2.060755e-01 5.917238e+01
2.074464e-01 8.946661e-02 9.741466e-01 6.238199e+01 -1.684370e-02 9.959881e-01 -8.788567e-02 -4.657586e+00 -9.781014e-01 1.823331e-03 2.081211e-01 5.932091e+01
2.090407e-01 9.129393e-02 9.736361e-01 6.305593e+01 -1.639693e-02 9.958199e-01 -8.985360e-02 -4.706379e+00 -9.777695e-01 2.818410e-03 2.096638e-01 5.946843e+01
2.101708e-01 9.099554e-02 9.734207e-01 6.372231e+01 -1.864042e-02 9.958511e-01 -8.906770e-02 -4.758759e+00 -9.774870e-01 5.744598e-04 2.109950e-01 5.961689e+01
2.108260e-01 8.823281e-02 9.735334e-01 6.438160e+01 -1.866586e-02 9.960998e-01 -8.623582e-02 -4.814707e+00 -9.773454e-01 8.912483e-06 2.116507e-01 5.976019e+01
2.112869e-01 8.541374e-02 9.736849e-01 6.503281e+01 -1.865394e-02 9.963453e-01 -8.335373e-02 -4.867829e+00 -9.772461e-01 -5.515137e-04 2.121080e-01 5.990218e+01
2.110651e-01 8.443186e-02 9.738186e-01 6.567175e+01 -1.792305e-02 9.964292e-01 -8.250762e-02 -4.913385e+00 -9.773077e-01 -3.931829e-05 2.118247e-01 6.003522e+01
2.077765e-01 8.441024e-02 9.745274e-01 6.692208e+01 -1.912970e-02 9.964298e-01 -8.222878e-02 -5.018319e+00 -9.779893e-01 -1.557212e-03 2.086494e-01 6.029836e+01
2.053680e-01 8.784886e-02 9.747340e-01 6.754573e+01 -2.015721e-02 9.961316e-01 -8.553041e-02 -5.076711e+00 -9.784773e-01 -2.082714e-03 2.063443e-01 6.043224e+01
2.031289e-01 9.132170e-02 9.748840e-01 6.812018e+01 -1.842777e-02 9.958213e-01 -8.944337e-02 -5.130339e+00 -9.789786e-01 2.035992e-04 2.039630e-01 6.055436e+01
1.991932e-01 9.078018e-02 9.757463e-01 6.930307e+01 -1.683966e-02 9.958700e-01 -8.921471e-02 -5.231855e+00 -9.798156e-01 1.339723e-03 1.998992e-01 6.080309e+01
1.965663e-01 8.799307e-02 9.765341e-01 6.988288e+01 -1.711964e-02 9.961210e-01 -8.631201e-02 -5.285896e+00 -9.803411e-01 2.481145e-04 1.973102e-01 6.091928e+01
1.926949e-01 8.257239e-02 9.777782e-01 7.100066e+01 -1.386283e-02 9.965827e-01 -8.142841e-02 -5.393054e+00 -9.811608e-01 2.136068e-03 1.931811e-01 6.114039e+01
1.886273e-01 8.635003e-02 9.782450e-01 7.208654e+01 -5.731549e-03 9.962065e-01 -8.683035e-02 -5.485365e+00 -9.820321e-01 1.077171e-02 1.884067e-01 6.134673e+01
1.856976e-01 9.117689e-02 9.783675e-01 7.315814e+01 -6.598439e-03 9.957788e-01 -9.154711e-02 -5.583135e+00 -9.825848e-01 1.054438e-02 1.855154e-01 6.155451e+01
1.853966e-01 8.748296e-02 9.787618e-01 7.424267e+01 1.400607e-03 9.960047e-01 -8.928947e-02 -5.676448e+00 -9.826628e-01 1.792482e-02 1.845333e-01 6.174950e+01
1.900022e-01 8.543021e-02 9.780597e-01 7.533524e+01 8.831326e-03 9.960179e-01 -8.871443e-02 -5.768173e+00 -9.817440e-01 2.549349e-02 1.884911e-01 6.194475e+01
1.989535e-01 8.554309e-02 9.762683e-01 7.643447e+01 5.154324e-03 9.960779e-01 -8.832928e-02 -5.862448e+00 -9.799954e-01 2.260541e-02 1.977323e-01 6.217121e+01
2.058044e-01 8.467054e-02 9.749232e-01 7.699260e+01 6.227646e-03 9.961163e-01 -8.782578e-02 -5.912287e+00 -9.785734e-01 2.414640e-02 2.044778e-01 6.229135e+01
2.221289e-01 8.323105e-02 9.714583e-01 7.812868e+01 5.261109e-03 9.962330e-01 -8.655665e-02 -6.008758e+00 -9.750032e-01 2.433767e-02 2.208542e-01 6.255305e+01
2.409914e-01 8.249252e-02 9.670150e-01 7.928502e+01 -1.509138e-04 9.963842e-01 -8.496031e-02 -6.107865e+00 -9.705273e-01 2.032877e-02 2.401325e-01 6.284580e+01
2.600305e-01 8.867053e-02 9.615204e-01 8.045340e+01 -8.288988e-03 9.959430e-01 -8.960332e-02 -6.192815e+00 -9.655649e-01 1.532956e-02 2.597105e-01 6.317985e+01
2.810514e-01 9.255691e-02 9.552189e-01 8.165468e+01 -1.440018e-02 9.956330e-01 -9.223596e-02 -6.285674e+00 -9.595847e-01 1.216772e-02 2.811569e-01 6.354111e+01
3.012086e-01 9.423417e-02 9.488905e-01 8.289509e+01 -1.847524e-02 9.954948e-01 -9.299781e-02 -6.371173e+00 -9.533793e-01 1.048075e-02 3.015926e-01 6.394808e+01
3.221019e-01 8.973348e-02 9.424426e-01 8.419403e+01 -2.158695e-02 9.959350e-01 -8.744886e-02 -6.458457e+00 -9.464589e-01 7.822978e-03 3.227297e-01 6.439981e+01
3.440230e-01 7.757898e-02 9.357508e-01 8.553876e+01 -1.656435e-02 9.969272e-01 -7.656109e-02 -6.545009e+00 -9.388151e-01 1.083867e-02 3.442509e-01 6.488814e+01
3.632093e-01 7.047665e-02 9.290382e-01 8.692746e+01 -1.006274e-02 9.973735e-01 -7.172652e-02 -6.605047e+00 -9.316533e-01 1.670306e-02 3.629645e-01 6.542840e+01
3.795424e-01 5.699201e-02 9.234172e-01 8.835787e+01 5.138607e-03 9.979555e-01 -6.370449e-02 -6.646336e+00 -9.251601e-01 2.892363e-02 3.784736e-01 6.599341e+01
3.941549e-01 5.312216e-02 9.175074e-01 8.979244e+01 1.280626e-02 9.979136e-01 -6.327904e-02 -6.725361e+00 -9.189548e-01 3.669158e-02 3.926523e-01 6.659944e+01
4.091353e-01 6.372032e-02 9.102461e-01 9.121810e+01 1.973855e-02 9.967072e-01 -7.864494e-02 -6.813377e+00 -9.122603e-01 5.014335e-02 4.065303e-01 6.722868e+01
4.188452e-01 6.732450e-02 9.055584e-01 9.260904e+01 9.204078e-03 9.968817e-01 -7.837115e-02 -6.914272e+00 -9.080110e-01 4.116020e-02 4.169195e-01 6.790371e+01
4.270382e-01 7.405487e-02 9.011959e-01 9.396130e+01 2.044972e-03 9.965590e-01 -8.286027e-02 -7.034880e+00 -9.042313e-01 3.722741e-02 4.254173e-01 6.858083e+01
4.345564e-01 8.123113e-02 8.969739e-01 9.527546e+01 -4.290526e-03 9.960997e-01 -8.812948e-02 -7.183014e+00 -9.006345e-01 3.444873e-02 4.332100e-01 6.924820e+01
4.428542e-01 7.591396e-02 8.933740e-01 9.658342e+01 -4.416793e-03 9.965817e-01 -8.249455e-02 -7.329268e+00 -8.965828e-01 3.258720e-02 4.416757e-01 6.991299e+01
4.498128e-01 7.264084e-02 8.901638e-01 9.784561e+01 -6.223303e-03 9.969176e-01 -7.820765e-02 -7.469536e+00 -8.931012e-01 2.963904e-02 4.488783e-01 7.056975e+01
4.559167e-01 7.493501e-02 8.868622e-01 9.903309e+01 -6.874789e-03 9.967160e-01 -8.068289e-02 -7.592121e+00 -8.899959e-01 3.068768e-02 4.549346e-01 7.119793e+01
4.597856e-01 7.210194e-02 8.850980e-01 1.002122e+02 -2.867504e-03 9.968137e-01 -7.971295e-02 -7.709739e+00 -8.880254e-01 3.411284e-02 4.585273e-01 7.181621e+01
4.635939e-01 7.154756e-02 8.831543e-01 1.013530e+02 -3.114287e-03 9.968598e-01 -7.912450e-02 -7.823540e+00 -8.860423e-01 3.393123e-02 4.623610e-01 7.243265e+01
4.693305e-01 7.307267e-02 8.799938e-01 1.024447e+02 -1.109730e-03 9.966180e-01 -8.216504e-02 -7.943074e+00 -8.830219e-01 3.758600e-02 4.678244e-01 7.303236e+01
4.756810e-01 7.068726e-02 8.767729e-01 1.035115e+02 4.050499e-03 9.965791e-01 -8.254384e-02 -8.053690e+00 -8.796086e-01 4.281590e-02 4.737675e-01 7.362090e+01
4.823176e-01 6.935246e-02 8.732467e-01 1.045505e+02 6.467138e-03 9.965520e-01 -8.271724e-02 -8.139292e+00 -8.759726e-01 4.554338e-02 4.802060e-01 7.419588e+01
4.891732e-01 6.814586e-02 8.695203e-01 1.055640e+02 8.817026e-03 9.965056e-01 -8.305820e-02 -8.223750e+00 -8.721421e-01 4.829642e-02 4.868630e-01 7.476626e+01
4.974064e-01 6.960041e-02 8.647211e-01 1.065650e+02 1.039377e-02 9.962267e-01 -8.616388e-02 -8.308372e+00 -8.674554e-01 5.184617e-02 4.948061e-01 7.534311e+01
5.075846e-01 7.889659e-02 8.579820e-01 1.075403e+02 4.700685e-03 9.955302e-01 -9.432592e-02 -8.418748e+00 -8.615891e-01 5.191148e-02 5.049449e-01 7.592569e+01
5.194125e-01 9.210111e-02 8.495457e-01 1.085079e+02 -5.748399e-03 9.945287e-01 -1.043045e-01 -8.530283e+00 -8.545043e-01 4.929352e-02 5.171001e-01 7.653231e+01
5.311767e-01 9.671565e-02 8.417228e-01 1.094846e+02 -1.339558e-02 9.942978e-01 -1.057934e-01 -8.642339e+00 -8.471552e-01 4.491963e-02 5.294434e-01 7.716092e+01
5.422377e-01 9.312728e-02 8.350482e-01 1.104964e+02 -2.597826e-02 9.952217e-01 -9.412141e-02 -8.763095e+00 -8.398235e-01 2.934307e-02 5.420659e-01 7.782451e+01
5.664510e-01 9.677166e-02 8.183938e-01 1.125829e+02 -4.325482e-02 9.952038e-01 -8.773993e-02 -8.963221e+00 -8.229595e-01 1.430088e-02 5.679200e-01 7.924678e+01
5.725560e-01 1.001365e-01 8.137274e-01 1.131161e+02 -4.600950e-02 9.948734e-01 -9.005489e-02 -9.011645e+00 -8.185737e-01 1.412227e-02 5.742279e-01 7.962766e+01
5.851199e-01 1.029632e-01 8.043838e-01 1.142286e+02 -5.131706e-02 9.946201e-01 -8.998518e-02 -9.105368e+00 -8.093215e-01 1.137351e-02 5.872557e-01 8.042589e+01
5.984116e-01 1.026552e-01 7.945850e-01 1.153671e+02 -5.766808e-02 9.947039e-01 -8.507872e-02 -9.217043e+00 -7.991107e-01 5.089903e-03 6.011623e-01 8.128451e+01
6.134904e-01 1.008717e-01 7.832333e-01 1.165301e+02 -5.858763e-02 9.948889e-01 -8.224017e-02 -9.317811e+00 -7.875259e-01 4.565763e-03 6.162646e-01 8.218891e+01
6.287839e-01 1.038119e-01 7.706191e-01 1.177001e+02 -6.392980e-02 9.945945e-01 -8.182087e-02 -9.410224e+00 -7.749477e-01 2.182111e-03 6.320216e-01 8.315109e+01
6.407217e-01 1.032479e-01 7.607993e-01 1.189071e+02 -6.562197e-02 9.946549e-01 -7.971966e-02 -9.501459e+00 -7.649638e-01 1.152959e-03 6.440723e-01 8.416417e+01
6.482741e-01 9.914096e-02 7.549249e-01 1.201636e+02 -6.092667e-02 9.950617e-01 -7.835775e-02 -9.590647e+00 -7.589655e-01 4.802234e-03 6.511131e-01 8.522386e+01
6.517854e-01 9.553642e-02 7.523619e-01 1.207812e+02 -5.554669e-02 9.953831e-01 -7.827461e-02 -9.635230e+00 -7.563665e-01 9.227034e-03 6.540829e-01 8.574376e+01
6.594618e-01 8.305565e-02 7.471357e-01 1.220849e+02 -4.218349e-02 9.964003e-01 -7.353186e-02 -9.728697e+00 -7.505536e-01 1.697466e-02 6.605915e-01 8.685165e+01
6.663679e-01 7.623736e-02 7.417153e-01 1.233777e+02 -3.632067e-02 9.968970e-01 -6.983526e-02 -9.820354e+00 -7.447380e-01 1.959638e-02 6.670692e-01 8.797821e+01
6.693976e-01 7.789532e-02 7.388092e-01 1.240203e+02 -3.713224e-02 9.967529e-01 -7.144763e-02 -9.868055e+00 -7.419758e-01 2.039322e-02 6.701164e-01 8.855484e+01
6.726330e-01 8.244028e-02 7.353695e-01 1.246768e+02 -4.296094e-02 9.964489e-01 -7.241340e-02 -9.916275e+00 -7.387281e-01 1.711548e-02 6.737862e-01 8.916047e+01
6.781317e-01 8.261678e-02 7.302820e-01 1.259636e+02 -4.941746e-02 9.965384e-01 -6.684989e-02 -1.001373e+01 -7.332771e-01 9.244349e-03 6.798670e-01 9.035993e+01
6.816128e-01 7.975910e-02 7.273530e-01 1.266190e+02 -5.207611e-02 9.968084e-01 -6.050544e-02 -1.005780e+01 -7.298576e-01 3.363564e-03 6.835909e-01 9.097676e+01
6.851176e-01 7.449807e-02 7.246129e-01 1.272756e+02 -5.171768e-02 9.972208e-01 -5.362636e-02 -1.010087e+01 -7.265943e-01 -7.349427e-04 6.870664e-01 9.159686e+01
6.897845e-01 7.018655e-02 7.206047e-01 1.279271e+02 -4.896896e-02 9.975336e-01 -5.028476e-02 -1.014276e+01 -7.223569e-01 -6.016191e-04 6.915202e-01 9.221818e+01
6.945548e-01 6.746366e-02 7.162696e-01 1.285815e+02 -4.338405e-02 9.977092e-01 -5.190300e-02 -1.018420e+01 -7.181305e-01 4.974799e-03 6.958906e-01 9.284078e+01
7.000786e-01 6.446784e-02 7.111496e-01 1.292245e+02 -3.261729e-02 9.977637e-01 -5.834077e-02 -1.023342e+01 -7.133204e-01 1.764735e-02 7.006158e-01 9.346390e+01
7.055871e-01 6.626764e-02 7.055178e-01 1.298788e+02 -2.683090e-02 9.974021e-01 -6.685014e-02 -1.028691e+01 -7.081151e-01 2.823891e-02 7.055321e-01 9.410638e+01
7.170970e-01 6.227613e-02 6.941855e-01 1.311491e+02 -2.167839e-02 9.975111e-01 -6.709393e-02 -1.039963e+01 -6.966362e-01 3.306402e-02 7.166622e-01 9.540323e+01
7.231076e-01 5.587894e-02 6.884714e-01 1.317916e+02 -1.710974e-02 9.978655e-01 -6.302005e-02 -1.045600e+01 -6.905235e-01 3.379071e-02 7.225202e-01 9.607042e+01
7.284913e-01 5.352637e-02 6.829607e-01 1.324272e+02 -1.289581e-02 9.978376e-01 -6.444902e-02 -1.050523e+01 -6.849337e-01 3.814321e-02 7.276063e-01 9.674200e+01
7.367498e-01 5.740409e-02 6.737244e-01 1.336847e+02 -1.154373e-02 9.973123e-01 -7.235151e-02 -1.060432e+01 -6.760670e-01 4.552765e-02 7.354323e-01 9.810439e+01
7.399405e-01 5.339135e-02 6.705501e-01 1.343191e+02 -9.169455e-03 9.975529e-01 -6.931005e-02 -1.066004e+01 -6.726099e-01 4.513673e-02 7.386194e-01 9.879631e+01
7.423894e-01 4.822207e-02 6.682309e-01 1.349539e+02 -5.940312e-03 9.978408e-01 -6.540843e-02 -1.071551e+01 -6.699423e-01 4.458902e-02 7.410729e-01 9.948856e+01
7.444086e-01 3.981831e-02 6.665360e-01 1.362215e+02 6.075426e-04 9.981795e-01 -6.030895e-02 -1.081998e+01 -6.677241e-01 4.529944e-02 7.430292e-01 1.008793e+02
7.446767e-01 3.886854e-02 6.662926e-01 1.368528e+02 5.034860e-04 9.982697e-01 -5.879734e-02 -1.086978e+01 -6.674252e-01 4.412047e-02 7.433687e-01 1.015789e+02
7.445003e-01 3.908607e-02 6.664769e-01 1.374843e+02 -7.060651e-04 9.983302e-01 -5.775915e-02 -1.091832e+01 -6.676217e-01 4.253113e-02 7.432848e-01 1.022803e+02
7.439725e-01 4.142014e-02 6.669253e-01 1.381207e+02 -2.359997e-03 9.982335e-01 -5.936379e-02 -1.096869e+01 -6.682062e-01 4.259108e-02 7.427560e-01 1.029852e+02
7.425831e-01 4.566012e-02 6.681957e-01 1.387684e+02 -6.204824e-03 9.980995e-01 -6.130802e-02 -1.101807e+01 -6.697253e-01 4.138025e-02 7.414551e-01 1.037008e+02
7.406677e-01 4.907649e-02 6.700767e-01 1.393904e+02 -9.656987e-03 9.980032e-01 -6.241955e-02 -1.106529e+01 -6.718021e-01 3.976121e-02 7.396627e-01 1.043827e+02
7.361989e-01 5.306085e-02 6.746819e-01 1.406686e+02 -1.596371e-02 9.980058e-01 -6.106964e-02 -1.116410e+01 -6.765770e-01 3.418896e-02 7.355777e-01 1.057715e+02
7.338585e-01 5.302817e-02 6.772294e-01 1.413096e+02 -1.676349e-02 9.980585e-01 -5.998439e-02 -1.121534e+01 -6.790956e-01 3.266732e-02 7.333226e-01 1.064570e+02
7.313859e-01 5.166595e-02 6.800038e-01 1.419472e+02 -1.795340e-02 9.982391e-01 -5.653516e-02 -1.126171e+01 -6.817275e-01 2.914063e-02 7.310256e-01 1.071334e+02
7.287605e-01 4.794310e-02 6.830882e-01 1.425933e+02 -1.422739e-02 9.983907e-01 -5.489421e-02 -1.130940e+01 -6.846209e-01 3.028616e-02 7.282698e-01 1.078056e+02
7.223039e-01 6.290068e-02 6.887093e-01 1.438589e+02 -2.003347e-02 9.973403e-01 -7.007765e-02 -1.141070e+01 -6.912856e-01 3.682011e-02 7.216429e-01 1.091244e+02
7.151980e-01 6.636784e-02 6.957637e-01 1.451538e+02 -2.496307e-02 9.972717e-01 -6.946792e-02 -1.152141e+01 -6.984760e-01 3.231491e-02 7.149034e-01 1.104492e+02
7.079977e-01 6.419717e-02 7.032908e-01 1.464484e+02 -2.918610e-02 9.976687e-01 -6.168690e-02 -1.163357e+01 -7.056114e-01 2.314786e-02 7.082208e-01 1.117540e+02
7.047570e-01 6.385359e-02 7.065694e-01 1.470826e+02 -2.882029e-02 9.976960e-01 -6.141674e-02 -1.168264e+01 -7.088632e-01 2.292033e-02 7.049734e-01 1.123782e+02
7.017347e-01 6.235181e-02 7.097046e-01 1.477333e+02 -2.673815e-02 9.977659e-01 -6.122186e-02 -1.173221e+01 -7.119365e-01 2.398531e-02 7.018341e-01 1.130076e+02
6.954869e-01 6.096418e-02 7.159478e-01 1.490522e+02 -1.943465e-02 9.976256e-01 -6.607031e-02 -1.183500e+01 -7.182760e-01 3.203684e-02 6.950203e-01 1.142503e+02
6.916046e-01 6.120012e-02 7.196788e-01 1.497073e+02 -1.661558e-02 9.974881e-01 -6.885709e-02 -1.188352e+01 -7.220853e-01 3.566398e-02 6.908842e-01 1.148427e+02
6.834020e-01 6.347575e-02 7.272775e-01 1.510476e+02 -1.859951e-02 9.974033e-01 -6.957454e-02 -1.197578e+01 -7.298054e-01 3.402036e-02 6.828080e-01 1.160372e+02
6.725802e-01 6.631303e-02 7.370471e-01 1.524041e+02 -2.058202e-02 9.972679e-01 -7.094364e-02 -1.207204e+01 -7.397380e-01 3.254536e-02 6.721075e-01 1.172224e+02
6.661776e-01 7.294586e-02 7.422171e-01 1.530860e+02 -2.514374e-02 9.968361e-01 -7.540231e-02 -1.212501e+01 -7.453692e-01 3.156921e-02 6.659040e-01 1.178158e+02
6.534586e-01 8.079660e-02 7.526378e-01 1.544786e+02 -2.689334e-02 9.961374e-01 -8.358715e-02 -1.223831e+01 -7.564844e-01 3.437979e-02 6.531075e-01 1.189893e+02
6.397512e-01 7.181624e-02 7.652194e-01 1.559127e+02 -3.418701e-02 9.972984e-01 -6.501541e-02 -1.236503e+01 -7.678214e-01 1.543313e-02 6.404781e-01 1.201520e+02
6.324319e-01 6.652044e-02 7.717544e-01 1.566454e+02 -3.339659e-02 9.977209e-01 -5.862978e-02 -1.242646e+01 -7.738957e-01 1.130537e-02 6.332121e-01 1.207245e+02
6.251650e-01 6.886405e-02 7.774487e-01 1.573838e+02 -3.787701e-02 9.976031e-01 -5.790688e-02 -1.247643e+01 -7.795731e-01 6.753918e-03 6.262749e-01 1.212983e+02
6.172113e-01 6.988319e-02 7.836877e-01 1.581338e+02 -3.599040e-02 9.975127e-01 -6.060540e-02 -1.252578e+01 -7.859739e-01 9.201094e-03 6.181912e-01 1.218681e+02
6.108586e-01 7.059566e-02 7.885860e-01 1.589058e+02 -3.062857e-02 9.973783e-01 -6.556148e-02 -1.258374e+01 -7.911471e-01 1.589552e-02 6.114194e-01 1.224322e+02
6.038259e-01 7.815156e-02 7.932758e-01 1.596460e+02 -2.993338e-02 9.967033e-01 -7.540806e-02 -1.263933e+01 -7.965541e-01 2.178790e-02 6.041746e-01 1.229716e+02
5.963776e-01 7.929639e-02 7.987777e-01 1.604008e+02 -2.527590e-02 9.964702e-01 -8.005047e-02 -1.270216e+01 -8.023060e-01 2.755048e-02 5.962768e-01 1.235094e+02
5.891790e-01 7.493142e-02 8.045206e-01 1.611947e+02 -2.269531e-02 9.968324e-01 -7.622240e-02 -1.277762e+01 -8.076838e-01 2.664978e-02 5.890133e-01 1.240636e+02
5.822744e-01 6.889034e-02 8.100682e-01 1.619638e+02 -1.852015e-02 9.972687e-01 -7.149816e-02 -1.285193e+01 -8.127814e-01 2.662895e-02 5.819599e-01 1.245828e+02
5.757273e-01 6.846542e-02 8.147702e-01 1.627291e+02 -1.710626e-02 9.972784e-01 -7.171416e-02 -1.291940e+01 -8.174629e-01 2.735012e-02 5.753316e-01 1.250909e+02
5.573815e-01 6.199015e-02 8.279390e-01 1.650417e+02 -9.673814e-03 9.976259e-01 -6.818255e-02 -1.312226e+01 -8.302002e-01 2.999436e-02 5.566579e-01 1.266042e+02
5.523929e-01 5.872647e-02 8.315126e-01 1.658008e+02 -9.085324e-03 9.978801e-01 -6.444078e-02 -1.318289e+01 -8.335344e-01 2.804206e-02 5.517555e-01 1.270920e+02
5.479447e-01 5.798755e-02 8.345022e-01 1.665531e+02 -1.051015e-02 9.979929e-01 -6.244704e-02 -1.323954e+01 -8.364486e-01 2.544678e-02 5.474544e-01 1.275770e+02
5.433404e-01 6.094574e-02 8.372973e-01 1.672915e+02 -1.101350e-02 9.977929e-01 -6.548111e-02 -1.329978e+01 -8.394403e-01 2.635695e-02 5.428124e-01 1.280524e+02
5.395125e-01 6.452462e-02 8.395015e-01 1.680469e+02 -1.026839e-02 9.974892e-01 -7.006861e-02 -1.336429e+01 -8.419150e-01 2.918255e-02 5.388205e-01 1.285271e+02
5.302807e-01 6.709643e-02 8.451629e-01 1.701931e+02 -1.291596e-02 9.973871e-01 -7.107748e-02 -1.354899e+01 -8.477238e-01 2.677492e-02 5.297618e-01 1.298817e+02
5.280669e-01 5.862653e-02 8.471766e-01 1.709121e+02 -9.759284e-03 9.979671e-01 -6.297838e-02 -1.361181e+01 -8.491468e-01 2.498895e-02 5.275655e-01 1.303215e+02
5.255471e-01 5.374601e-02 8.490651e-01 1.716213e+02 -5.432773e-03 9.981941e-01 -5.982320e-02 -1.367121e+01 -8.507472e-01 2.682712e-02 5.248900e-01 1.307525e+02
5.230206e-01 5.247386e-02 8.507032e-01 1.723205e+02 4.771035e-04 9.980848e-01 -6.185813e-02 -1.372813e+01 -8.523200e-01 3.275894e-02 5.219938e-01 1.311750e+02
5.207817e-01 5.561492e-02 8.518763e-01 1.730101e+02 1.812765e-03 9.978013e-01 -6.624989e-02 -1.378410e+01 -8.536880e-01 3.604597e-02 5.195358e-01 1.315931e+02
5.163968e-01 7.099758e-02 8.534012e-01 1.743545e+02 -2.460570e-03 9.966761e-01 -8.142826e-02 -1.390627e+01 -8.563459e-01 3.994943e-02 5.148550e-01 1.324182e+02
5.116812e-01 6.617294e-02 8.566232e-01 1.756897e+02 8.975473e-04 9.969878e-01 -7.755205e-02 -1.401825e+01 -8.591749e-01 4.045078e-02 5.100806e-01 1.332184e+02
5.045411e-01 5.525444e-02 8.616177e-01 1.770072e+02 -1.538348e-02 9.983669e-01 -5.501584e-02 -1.413400e+01 -8.632506e-01 1.450307e-02 5.045671e-01 1.340303e+02
5.000701e-01 6.042140e-02 8.638744e-01 1.782937e+02 -1.266980e-02 9.979666e-01 -6.246598e-02 -1.422293e+01 -8.658923e-01 2.029225e-02 4.998188e-01 1.347778e+02
4.975661e-01 6.193002e-02 8.652124e-01 1.789314e+02 -1.167629e-02 9.978358e-01 -6.470813e-02 -1.426465e+01 -8.673475e-01 2.209409e-02 4.972124e-01 1.351404e+02
4.949234e-01 6.121024e-02 8.667780e-01 1.795573e+02 -1.208720e-02 9.979042e-01 -6.356844e-02 -1.431261e+01 -8.688526e-01 2.098458e-02 4.946260e-01 1.355048e+02
4.921297e-01 6.017400e-02 8.684396e-01 1.801748e+02 -1.296951e-02 9.980041e-01 -6.180192e-02 -1.436322e+01 -8.704253e-01 1.915132e-02 4.919279e-01 1.358638e+02
4.896008e-01 5.986967e-02 8.698888e-01 1.807795e+02 -1.280694e-02 9.980260e-01 -6.148051e-02 -1.441258e+01 -8.718527e-01 1.896030e-02 4.894011e-01 1.362166e+02
4.736855e-01 6.600436e-02 8.782171e-01 1.831665e+02 -1.039294e-02 9.975370e-01 -6.936647e-02 -1.459096e+01 -8.806328e-01 2.373063e-02 4.732048e-01 1.375326e+02
4.685024e-01 6.864257e-02 8.807914e-01 1.837467e+02 -1.075481e-02 9.973462e-01 -7.200543e-02 -1.463103e+01 -8.833968e-01 2.426197e-02 4.679973e-01 1.378441e+02
4.626633e-01 7.179588e-02 8.836221e-01 1.843283e+02 -9.424215e-03 9.970572e-01 -7.607820e-02 -1.467151e+01 -8.864840e-01 2.687114e-02 4.619784e-01 1.381496e+02
4.427020e-01 7.909464e-02 8.931735e-01 1.860967e+02 -1.379913e-02 9.965849e-01 -8.141266e-02 -1.479763e+01 -8.965626e-01 2.371653e-02 4.422816e-01 1.390562e+02
4.359586e-01 8.053965e-02 8.963556e-01 1.867023e+02 -1.739722e-02 9.965556e-01 -8.108142e-02 -1.484501e+01 -8.997986e-01 1.975405e-02 4.358582e-01 1.393564e+02
4.148052e-01 9.003995e-02 9.054443e-01 1.885640e+02 -2.199096e-02 9.957932e-01 -8.894995e-02 -1.499292e+01 -9.096445e-01 1.698531e-02 4.150403e-01 1.402354e+02
4.070557e-01 9.379638e-02 9.085746e-01 1.891978e+02 -2.398002e-02 9.954680e-01 -9.202339e-02 -1.503908e+01 -9.130885e-01 1.567100e-02 4.074601e-01 1.405266e+02
3.997251e-01 9.636593e-02 9.115554e-01 1.898399e+02 -2.556744e-02 9.952436e-01 -9.400157e-02 -1.508795e+01 -9.162784e-01 1.426864e-02 4.002877e-01 1.408155e+02
3.777429e-01 1.015973e-01 9.203196e-01 1.918455e+02 -2.382205e-02 9.946991e-01 -1.000306e-01 -1.526383e+01 -9.256041e-01 1.586195e-02 3.781608e-01 1.416544e+02
3.707676e-01 1.006210e-01 9.232587e-01 1.925394e+02 -2.164634e-02 9.947797e-01 -9.972289e-02 -1.532526e+01 -9.284734e-01 1.698885e-02 3.710102e-01 1.419287e+02
3.633030e-01 9.808784e-02 9.264932e-01 1.932450e+02 -2.057046e-02 9.950445e-01 -9.727916e-02 -1.538822e+01 -9.314440e-01 1.628341e-02 3.635203e-01 1.422045e+02
3.492649e-01 9.144873e-02 9.325508e-01 1.946963e+02 -2.109748e-02 9.957413e-01 -8.974384e-02 -1.551367e+01 -9.367865e-01 1.166989e-02 3.497068e-01 1.427543e+02
3.436377e-01 8.776456e-02 9.349922e-01 1.954600e+02 -1.751161e-02 9.960491e-01 -8.705974e-02 -1.557305e+01 -9.389391e-01 1.354378e-02 3.438169e-01 1.430263e+02
3.382361e-01 8.240972e-02 9.374459e-01 1.962138e+02 -1.692004e-02 9.965297e-01 -8.149887e-02 -1.562684e+01 -9.409092e-01 1.170424e-02 3.384567e-01 1.432937e+02
3.326918e-01 7.692879e-02 9.398925e-01 1.969859e+02 -1.629127e-02 9.969872e-01 -7.583532e-02 -1.568196e+01 -9.428949e-01 9.917743e-03 3.329428e-01 1.435675e+02
3.230512e-01 8.427881e-02 9.426213e-01 1.985592e+02 -9.109144e-03 9.962575e-01 -8.595254e-02 -1.579846e+01 -9.463377e-01 1.918059e-02 3.226099e-01 1.440967e+02
3.186931e-01 9.624264e-02 9.429591e-01 1.993386e+02 -3.649873e-03 9.949489e-01 -1.003154e-01 -1.585428e+01 -9.478510e-01 2.852814e-02 3.174346e-01 1.443500e+02
3.148095e-01 1.023328e-01 9.436222e-01 2.001451e+02 2.326605e-03 9.940847e-01 -1.085816e-01 -1.592437e+01 -9.491521e-01 3.637793e-02 3.127092e-01 1.446074e+02
3.107911e-01 9.763496e-02 9.454502e-01 2.009751e+02 8.425803e-03 9.943879e-01 -1.054584e-01 -1.600532e+01 -9.504409e-01 4.074171e-02 3.082243e-01 1.448679e+02
3.014416e-01 8.371634e-02 9.498023e-01 2.026924e+02 1.738545e-02 9.954898e-01 -9.326097e-02 -1.617598e+01 -9.533262e-01 4.462547e-02 2.986266e-01 1.453976e+02
2.966921e-01 9.037361e-02 9.506873e-01 2.035316e+02 1.415046e-02 9.949866e-01 -9.900089e-02 -1.626124e+01 -9.548684e-01 4.282544e-02 2.939259e-01 1.456544e+02
2.868469e-01 1.037087e-01 9.523462e-01 2.052495e+02 6.313512e-03 9.938965e-01 -1.101351e-01 -1.642655e+01 -9.579557e-01 3.760455e-02 2.844414e-01 1.461719e+02
2.812924e-01 9.863609e-02 9.545394e-01 2.061048e+02 3.084065e-03 9.946053e-01 -1.036851e-01 -1.651609e+01 -9.596172e-01 3.210968e-02 2.794707e-01 1.464228e+02
2.756989e-01 9.513302e-02 9.565248e-01 2.069819e+02 5.180705e-04 9.950756e-01 -9.911651e-02 -1.660980e+01 -9.612439e-01 2.782186e-02 2.742920e-01 1.466776e+02
2.701798e-01 9.681046e-02 9.579303e-01 2.078609e+02 -6.002559e-04 9.949487e-01 -1.003823e-01 -1.669858e+01 -9.628097e-01 2.654627e-02 2.688731e-01 1.469260e+02
2.651747e-01 1.011309e-01 9.588820e-01 2.087471e+02 -1.566681e-03 9.945281e-01 -1.044571e-01 -1.678439e+01 -9.641991e-01 2.619712e-02 2.638821e-01 1.471708e+02
2.606053e-01 1.013878e-01 9.601069e-01 2.096440e+02 1.688637e-03 9.944210e-01 -1.054698e-01 -1.687390e+01 -9.654440e-01 2.910725e-02 2.589801e-01 1.474068e+02
2.528181e-01 9.892462e-02 9.624431e-01 2.114620e+02 7.020823e-03 9.945453e-01 -1.040685e-01 -1.705443e+01 -9.674884e-01 3.306754e-02 2.507445e-01 1.478807e+02
2.493833e-01 9.838460e-02 9.633942e-01 2.123811e+02 9.511728e-03 9.945290e-01 -1.040264e-01 -1.714388e+01 -9.683582e-01 3.510598e-02 2.470831e-01 1.481148e+02
2.466281e-01 9.726272e-02 9.642170e-01 2.133004e+02 9.659479e-03 9.946547e-01 -1.028038e-01 -1.723376e+01 -9.690621e-01 3.466812e-02 2.443703e-01 1.483482e+02
2.437899e-01 9.602031e-02 9.650629e-01 2.142272e+02 8.511665e-03 9.948364e-01 -1.011329e-01 -1.732239e+01 -9.697908e-01 3.286945e-02 2.417138e-01 1.485829e+02
2.384371e-01 9.451012e-02 9.665482e-01 2.160841e+02 4.124666e-03 9.951458e-01 -9.832395e-02 -1.750032e+01 -9.711492e-01 2.743076e-02 2.368899e-01 1.490489e+02
2.367007e-01 9.694294e-02 9.667340e-01 2.170093e+02 2.825041e-03 9.949367e-01 -1.004628e-01 -1.758912e+01 -9.715785e-01 2.651067e-02 2.352284e-01 1.492778e+02
2.348880e-01 9.796276e-02 9.670733e-01 2.179343e+02 2.215985e-03 9.948519e-01 -1.013149e-01 -1.767768e+01 -9.720199e-01 2.594068e-02 2.334617e-01 1.495044e+02
2.328840e-01 9.866896e-02 9.674861e-01 2.188603e+02 2.613904e-03 9.947726e-01 -1.020810e-01 -1.776862e+01 -9.725010e-01 2.630194e-02 2.314087e-01 1.497262e+02
2.304690e-01 9.379991e-02 9.685481e-01 2.207197e+02 5.176530e-03 9.952108e-01 -9.761387e-02 -1.794623e+01 -9.730659e-01 2.751068e-02 2.288797e-01 1.501656e+02
2.271951e-01 9.333935e-02 9.693658e-01 2.225742e+02 5.126221e-03 9.952677e-01 -9.703490e-02 -1.812038e+01 -9.738358e-01 2.701503e-02 2.256415e-01 1.506004e+02
2.234058e-01 1.020275e-01 9.693710e-01 2.244121e+02 4.420208e-03 9.943903e-01 -1.056795e-01 -1.829363e+01 -9.747155e-01 2.789423e-02 2.217015e-01 1.510218e+02
2.206324e-01 1.024896e-01 9.699572e-01 2.253277e+02 3.208701e-03 9.943821e-01 -1.058003e-01 -1.838635e+01 -9.753518e-01 2.645528e-02 2.190641e-01 1.512317e+02
2.177265e-01 9.880990e-02 9.709952e-01 2.262731e+02 1.781073e-03 9.948202e-01 -1.016338e-01 -1.848080e+01 -9.760082e-01 2.385777e-02 2.164227e-01 1.514464e+02
2.146834e-01 9.265815e-02 9.722784e-01 2.271676e+02 2.290800e-03 9.954391e-01 -9.537119e-02 -1.856752e+01 -9.766811e-01 2.270190e-02 2.134919e-01 1.516432e+02
2.109988e-01 8.885442e-02 9.734394e-01 2.281038e+02 3.055129e-03 9.957950e-01 -9.155725e-02 -1.865508e+01 -9.774816e-01 2.229244e-02 2.098401e-01 1.518450e+02
2.070110e-01 8.963300e-02 9.742239e-01 2.290056e+02 1.722539e-03 9.957593e-01 -9.198038e-02 -1.873661e+01 -9.783371e-01 2.071908e-02 2.059787e-01 1.520382e+02
2.028161e-01 9.132666e-02 9.749487e-01 2.299189e+02 1.864635e-03 9.956034e-01 -9.364937e-02 -1.881652e+01 -9.792151e-01 2.081152e-02 2.017541e-01 1.522303e+02
1.989953e-01 9.142692e-02 9.757263e-01 2.308378e+02 1.895294e-03 9.956009e-01 -9.367575e-02 -1.889376e+01 -9.799986e-01 2.049032e-02 1.979466e-01 1.524181e+02
1.946759e-01 9.085693e-02 9.766505e-01 2.317587e+02 1.971537e-03 9.956623e-01 -9.301859e-02 -1.896992e+01 -9.808657e-01 2.003397e-02 1.936523e-01 1.526032e+02
1.906832e-01 8.970677e-02 9.775441e-01 2.326895e+02 2.738799e-03 9.957632e-01 -9.191294e-02 -1.904112e+01 -9.816478e-01 2.020354e-02 1.896296e-01 1.527858e+02
1.867244e-01 8.935452e-02 9.783402e-01 2.336155e+02 1.846353e-03 9.958213e-01 -9.130353e-02 -1.911494e+01 -9.824106e-01 1.885495e-02 1.857791e-01 1.529646e+02
1.825907e-01 9.018021e-02 9.790444e-01 2.345305e+02 2.826323e-04 9.957797e-01 -9.177443e-02 -1.918701e+01 -9.831890e-01 1.703386e-02 1.817946e-01 1.531401e+02
1.785548e-01 9.099055e-02 9.797136e-01 2.354493e+02 -2.091990e-03 9.957476e-01 -9.209846e-02 -1.926118e+01 -9.839278e-01 1.439507e-02 1.779859e-01 1.533132e+02
1.743611e-01 9.053696e-02 9.805106e-01 2.363787e+02 -4.315816e-03 9.958247e-01 -9.118355e-02 -1.933366e+01 -9.846724e-01 1.166716e-02 1.740238e-01 1.534780e+02
1.705743e-01 9.158339e-02 9.810794e-01 2.372897e+02 -8.781858e-03 9.957729e-01 -9.142819e-02 -1.941011e+01 -9.853057e-01 6.979593e-03 1.706575e-01 1.536418e+02
1.633438e-01 1.017604e-01 9.813070e-01 2.391054e+02 -1.609225e-02 9.948087e-01 -1.004819e-01 -1.957930e+01 -9.864380e-01 6.216606e-04 1.641334e-01 1.539590e+02
1.598319e-01 1.034678e-01 9.817067e-01 2.400191e+02 -1.762164e-02 9.946322e-01 -1.019611e-01 -1.966444e+01 -9.869870e-01 -1.002646e-03 1.607972e-01 1.541100e+02
1.564371e-01 1.008394e-01 9.825267e-01 2.409342e+02 -1.912174e-02 9.948972e-01 -9.906450e-02 -1.975257e+01 -9.875028e-01 -3.290260e-03 1.575671e-01 1.542564e+02
1.531232e-01 9.702814e-02 9.834321e-01 2.418500e+02 -1.863667e-02 9.952745e-01 -9.529479e-02 -1.983999e+01 -9.880314e-01 -3.736056e-03 1.542079e-01 1.543982e+02
1.500900e-01 9.410238e-02 9.841837e-01 2.427628e+02 -1.809626e-02 9.955547e-01 -9.242991e-02 -1.992378e+01 -9.885068e-01 -3.937243e-03 1.511257e-01 1.545354e+02
1.468285e-01 9.306468e-02 9.847742e-01 2.436688e+02 -1.671571e-02 9.956554e-01 -9.160072e-02 -2.000434e+01 -9.890208e-01 -3.011608e-03 1.477462e-01 1.546684e+02
1.433841e-01 9.318567e-02 9.852702e-01 2.445757e+02 -1.605087e-02 9.956451e-01 -9.183109e-02 -2.008388e+01 -9.895370e-01 -2.647326e-03 1.442554e-01 1.547979e+02
1.391890e-01 9.508455e-02 9.856902e-01 2.454743e+02 -1.670129e-02 9.954632e-01 -9.366894e-02 -2.016399e+01 -9.901250e-01 -3.424617e-03 1.401456e-01 1.549236e+02
1.344071e-01 9.756237e-02 9.861116e-01 2.463684e+02 -1.701631e-02 9.952219e-01 -9.614439e-02 -2.024532e+01 -9.907801e-01 -3.857497e-03 1.354250e-01 1.550412e+02
1.295849e-01 9.341149e-02 9.871585e-01 2.472733e+02 -7.631354e-03 9.956171e-01 -9.321015e-02 -2.032350e+01 -9.915390e-01 4.545266e-03 1.297298e-01 1.551446e+02
1.253781e-01 8.789818e-02 9.882075e-01 2.481739e+02 -7.045965e-03 9.961212e-01 -8.770814e-02 -2.040379e+01 -9.920840e-01 4.033802e-03 1.255111e-01 1.552524e+02
1.198622e-01 8.884159e-02 9.888074e-01 2.490698e+02 -7.117082e-03 9.960392e-01 -8.862864e-02 -2.048204e+01 -9.927651e-01 3.585797e-03 1.200197e-01 1.553582e+02
1.104988e-01 1.151812e-01 9.871794e-01 2.508345e+02 -2.010936e-03 9.932857e-01 -1.156686e-01 -2.063460e+01 -9.938743e-01 1.079609e-02 1.099885e-01 1.555425e+02
1.047395e-01 1.180202e-01 9.874719e-01 2.517259e+02 -4.262840e-03 9.929775e-01 -1.182261e-01 -2.071972e+01 -9.944906e-01 8.173507e-03 1.045071e-01 1.556328e+02
9.917196e-02 1.118108e-01 9.887685e-01 2.526209e+02 -8.700271e-03 9.937264e-01 -1.114988e-01 -2.080615e+01 -9.950323e-01 2.454999e-03 9.952258e-02 1.557215e+02
9.406476e-02 1.050531e-01 9.900078e-01 2.535136e+02 -1.083401e-02 9.944661e-01 -1.044968e-01 -2.089449e+01 -9.955072e-01 -8.962934e-04 9.468236e-02 1.558057e+02
7.516193e-02 9.907144e-02 9.922376e-01 2.561621e+02 -2.012641e-02 9.950002e-01 -9.782273e-02 -2.114494e+01 -9.969682e-01 -1.261764e-02 7.678010e-02 1.560255e+02
6.775378e-02 9.475242e-02 9.931924e-01 2.570428e+02 -2.362694e-02 9.953532e-01 -9.334679e-02 -2.122381e+01 -9.974223e-01 -1.714150e-02 6.967765e-02 1.560897e+02
6.045093e-02 9.080372e-02 9.940323e-01 2.579199e+02 -2.544022e-02 9.956702e-01 -8.940624e-02 -2.130232e+01 -9.978470e-01 -1.988371e-02 6.249926e-02 1.561451e+02
5.393239e-02 9.298377e-02 9.942058e-01 2.587907e+02 -2.106591e-02 9.955392e-01 -9.196574e-02 -2.137550e+01 -9.983224e-01 -1.598391e-02 5.565060e-02 1.561854e+02
3.443742e-02 9.744229e-02 9.946451e-01 2.613989e+02 -1.652403e-02 9.951549e-01 -9.692014e-02 -2.158418e+01 -9.992703e-01 -1.309787e-02 3.588071e-02 1.562883e+02
2.816779e-02 9.417738e-02 9.951568e-01 2.622717e+02 -1.736072e-02 9.954477e-01 -9.371354e-02 -2.165347e+01 -9.994525e-01 -1.463693e-02 2.967455e-02 1.563158e+02
1.710884e-02 9.546598e-02 9.952856e-01 2.640060e+02 -1.239199e-02 9.953751e-01 -9.526156e-02 -2.179663e+01 -9.997769e-01 -1.070376e-02 1.821273e-02 1.563451e+02
1.239196e-02 9.919173e-02 9.949911e-01 2.648657e+02 -1.273930e-02 9.950024e-01 -9.903421e-02 -2.186707e+01 -9.998421e-01 -1.144826e-02 1.359367e-02 1.563569e+02
8.943048e-03 1.006318e-01 9.948835e-01 2.657295e+02 -1.000260e-02 9.948825e-01 -1.005418e-01 -2.194115e+01 -9.999100e-01 -9.052275e-03 9.903861e-03 1.563616e+02
6.660461e-03 9.944125e-02 9.950211e-01 2.665945e+02 -4.772361e-03 9.950350e-01 -9.941072e-02 -2.201710e+01 -9.999665e-01 -4.086480e-03 7.101961e-03 1.563599e+02
2.995586e-03 9.526225e-02 9.954476e-01 2.683206e+02 -8.155678e-04 9.954520e-01 -9.526023e-02 -2.216749e+01 -9.999952e-01 -5.264969e-04 3.059654e-03 1.563531e+02
1.306964e-03 9.412386e-02 9.955596e-01 2.691826e+02 1.142220e-03 9.955596e-01 -9.412539e-02 -2.224240e+01 -9.999985e-01 1.260164e-03 1.193650e-03 1.563491e+02
3.884868e-04 9.592333e-02 9.953886e-01 2.700395e+02 3.445441e-03 9.953826e-01 -9.592412e-02 -2.231694e+01 -9.999940e-01 3.466815e-03 5.619441e-05 1.563437e+02
-1.476633e-04 9.735673e-02 9.952495e-01 2.708934e+02 5.270039e-03 9.952357e-01 -9.735462e-02 -2.239231e+01 -9.999861e-01 5.230625e-03 -6.600340e-04 1.563409e+02
1.492866e-03 9.988379e-02 9.949979e-01 2.725882e+02 1.065649e-02 9.949409e-01 -9.989408e-02 -2.255275e+01 -9.999421e-01 1.075231e-02 4.209030e-04 1.563300e+02
2.918794e-03 1.000762e-01 9.949754e-01 2.734367e+02 1.201711e-02 9.949043e-01 -1.001044e-01 -2.263729e+01 -9.999236e-01 1.224891e-02 1.701293e-03 1.563283e+02
9.870523e-03 9.634341e-02 9.952991e-01 2.758616e+02 1.563907e-02 9.952110e-01 -9.648999e-02 -2.287783e+01 -9.998290e-01 1.651795e-02 8.316532e-03 1.563361e+02
1.298051e-02 9.328545e-02 9.955547e-01 2.766656e+02 1.561146e-02 9.954983e-01 -9.348373e-02 -2.295477e+01 -9.997939e-01 1.675553e-02 1.146576e-02 1.563455e+02
1.635965e-02 9.038495e-02 9.957724e-01 2.774484e+02 1.476380e-02 9.957753e-01 -9.062779e-02 -2.302961e+01 -9.997572e-01 1.618401e-02 1.495611e-02 1.563596e+02
1.989448e-02 8.828070e-02 9.958969e-01 2.782238e+02 1.298542e-02 9.959872e-01 -8.854813e-02 -2.310166e+01 -9.997178e-01 1.469376e-02 1.866829e-02 1.563778e+02
2.734546e-02 9.000245e-02 9.955660e-01 2.797382e+02 5.628650e-03 9.959088e-01 -9.018806e-02 -2.323843e+01 -9.996102e-01 8.069923e-03 2.672699e-02 1.564295e+02
3.510286e-02 8.734102e-02 9.955597e-01 2.812202e+02 4.614952e-03 9.961489e-01 -8.755545e-02 -2.336731e+01 -9.993731e-01 7.667904e-03 3.456460e-02 1.564848e+02
3.826068e-02 8.410351e-02 9.957221e-01 2.819382e+02 2.804072e-03 9.964388e-01 -8.427180e-02 -2.343189e+01 -9.992639e-01 6.016370e-03 3.788859e-02 1.565202e+02
4.196265e-02 8.211682e-02 9.957388e-01 2.826515e+02 -7.378172e-04 9.966189e-01 -8.215833e-02 -2.349597e+01 -9.991189e-01 2.712906e-03 4.188136e-02 1.565600e+02
4.598351e-02 8.363717e-02 9.954347e-01 2.833383e+02 1.450858e-03 9.964821e-01 -8.379222e-02 -2.355164e+01 -9.989412e-01 5.297292e-03 4.570040e-02 1.565937e+02
5.619304e-02 8.942614e-02 9.944069e-01 2.853276e+02 -6.545837e-04 9.959837e-01 -8.953096e-02 -2.372680e+01 -9.984197e-01 4.380092e-03 5.602589e-02 1.567166e+02
6.238687e-02 9.037044e-02 9.939522e-01 2.865937e+02 -6.356971e-03 9.959079e-01 -9.014927e-02 -2.383446e+01 -9.980318e-01 -6.943966e-04 6.270606e-02 1.568069e+02
6.883180e-02 8.959867e-02 9.935965e-01 2.878108e+02 -9.041925e-03 9.959738e-01 -8.918668e-02 -2.394344e+01 -9.975873e-01 -2.845148e-03 6.936481e-02 1.568983e+02
7.498782e-02 9.437462e-02 9.927085e-01 2.889746e+02 -1.271679e-02 9.955209e-01 -9.368141e-02 -2.404626e+01 -9.971034e-01 -5.599100e-03 7.585209e-02 1.569918e+02
8.078990e-02 9.339951e-02 9.923454e-01 2.901099e+02 -1.566925e-02 9.955958e-01 -9.242978e-02 -2.415117e+01 -9.966080e-01 -8.081919e-03 8.189758e-02 1.570886e+02
8.663261e-02 9.365735e-02 9.918281e-01 2.911990e+02 -1.710046e-02 9.955642e-01 -9.251650e-02 -2.424004e+01 -9.960936e-01 -8.945774e-03 8.784991e-02 1.571804e+02
9.679969e-02 9.870160e-02 9.903977e-01 2.932587e+02 -1.898933e-02 9.950727e-01 -9.731153e-02 -2.440494e+01 -9.951228e-01 -9.387263e-03 9.819701e-02 1.573722e+02
1.008718e-01 1.031887e-01 9.895336e-01 2.952096e+02 -2.039731e-02 9.946121e-01 -1.016390e-01 -2.458496e+01 -9.946904e-01 -9.931315e-03 1.024331e-01 1.575670e+02
1.002965e-01 1.036965e-01 9.895390e-01 2.957020e+02 -2.090760e-02 9.945540e-01 -1.021029e-01 -2.463307e+01 -9.947379e-01 -1.044832e-02 1.019183e-01 1.576170e+02
9.780866e-02 1.018172e-01 9.899831e-01 2.967013e+02 -2.305459e-02 9.947176e-01 -1.000264e-01 -2.472333e+01 -9.949382e-01 -1.304020e-02 9.963935e-02 1.577197e+02
9.036216e-02 1.143786e-01 9.893190e-01 2.987679e+02 -1.039326e-02 9.934372e-01 -1.139055e-01 -2.492374e+01 -9.958548e-01 1.048919e-05 9.095790e-02 1.578894e+02
8.575183e-02 1.181163e-01 9.892901e-01 2.998664e+02 -1.111031e-02 9.929993e-01 -1.175962e-01 -2.502054e+01 -9.962546e-01 -9.072382e-04 8.646381e-02 1.579801e+02
8.343147e-02 1.088990e-01 9.905453e-01 3.010133e+02 2.473078e-03 9.939852e-01 -1.094855e-01 -2.515046e+01 -9.965105e-01 1.158423e-02 8.266033e-02 1.580468e+02
7.827110e-02 1.124281e-01 9.905723e-01 3.021893e+02 -6.016215e-04 9.936257e-01 -1.127271e-01 -2.527483e+01 -9.969320e-01 8.227323e-03 7.783981e-02 1.581416e+02
7.521955e-02 1.120311e-01 9.908536e-01 3.034095e+02 1.847027e-03 9.936513e-01 -1.124876e-01 -2.540269e+01 -9.971653e-01 1.029140e-02 7.453508e-02 1.582314e+02
7.250130e-02 1.104748e-01 9.912309e-01 3.046811e+02 7.489698e-03 9.937581e-01 -1.113043e-01 -2.553204e+01 -9.973402e-01 1.549372e-02 7.122133e-02 1.583096e+02
6.983813e-02 1.121359e-01 9.912356e-01 3.053328e+02 3.889924e-03 9.936236e-01 -1.126801e-01 -2.559815e+01 -9.975508e-01 1.172520e-02 6.895661e-02 1.583588e+02
6.629428e-02 1.175675e-01 9.908495e-01 3.066661e+02 1.256886e-03 9.930235e-01 -1.179096e-01 -2.572467e+01 -9.977994e-01 9.062113e-03 6.568401e-02 1.584467e+02
6.256863e-02 1.180965e-01 9.910289e-01 3.080487e+02 -1.239109e-03 9.929829e-01 -1.182511e-01 -2.586821e+01 -9.980399e-01 6.170813e-03 6.227591e-02 1.585319e+02
5.847112e-02 1.188269e-01 9.911918e-01 3.094569e+02 -5.443540e-03 9.929137e-01 -1.187122e-01 -2.601685e+01 -9.982743e-01 1.545642e-03 5.870361e-02 1.586244e+02
5.713243e-02 1.229182e-01 9.907708e-01 3.101745e+02 -2.094116e-03 9.924044e-01 -1.230001e-01 -2.609606e+01 -9.983644e-01 4.952504e-03 5.695588e-02 1.586611e+02
5.430244e-02 1.332636e-01 9.895918e-01 3.116329e+02 -4.975636e-04 9.910575e-01 -1.334337e-01 -2.625448e+01 -9.985244e-01 6.753389e-03 5.388315e-02 1.587386e+02
5.391789e-02 1.304135e-01 9.899924e-01 3.123814e+02 3.792934e-03 9.914007e-01 -1.308056e-01 -2.634091e+01 -9.985382e-01 1.080773e-02 5.295959e-02 1.587711e+02
5.332015e-02 1.240819e-01 9.908383e-01 3.131397e+02 8.682950e-03 9.921547e-01 -1.247140e-01 -2.643175e+01 -9.985398e-01 1.525316e-02 5.182444e-02 1.588018e+02
5.113628e-02 1.227066e-01 9.911246e-01 3.146762e+02 1.394691e-02 9.922385e-01 -1.235641e-01 -2.660789e+01 -9.985943e-01 2.014173e-02 4.902800e-02 1.588676e+02
5.044464e-02 1.246398e-01 9.909188e-01 3.154536e+02 1.463580e-02 9.919832e-01 -1.255188e-01 -2.669381e+01 -9.986196e-01 2.083464e-02 4.821603e-02 1.589033e+02
4.997089e-02 1.255290e-01 9.908306e-01 3.162406e+02 1.586639e-02 9.918450e-01 -1.264577e-01 -2.678025e+01 -9.986247e-01 2.204011e-02 4.757169e-02 1.589387e+02
5.009590e-02 1.245794e-01 9.909441e-01 3.170373e+02 1.627108e-02 9.919564e-01 -1.255293e-01 -2.687072e+01 -9.986119e-01 2.241222e-02 4.766591e-02 1.589755e+02
5.096456e-02 1.227630e-01 9.911265e-01 3.178436e+02 1.686391e-02 9.921689e-01 -1.237593e-01 -2.696318e+01 -9.985581e-01 2.302160e-02 4.849518e-02 1.590134e+02
5.328914e-02 1.204013e-01 9.912939e-01 3.194779e+02 1.732402e-02 9.924436e-01 -1.214722e-01 -2.714548e+01 -9.984289e-01 2.364634e-02 5.080063e-02 1.590967e+02
5.454453e-02 1.189726e-01 9.913981e-01 3.203018e+02 1.721411e-02 9.926166e-01 -1.200659e-01 -2.723538e+01 -9.983630e-01 2.361497e-02 5.209380e-02 1.591401e+02
5.657803e-02 1.175706e-01 9.914514e-01 3.211391e+02 1.830567e-02 9.927530e-01 -1.187696e-01 -2.732655e+01 -9.982304e-01 2.486893e-02 5.401580e-02 1.591855e+02
5.867949e-02 1.161298e-01 9.914991e-01 3.219833e+02 1.971585e-02 9.928820e-01 -1.174586e-01 -2.741810e+01 -9.980822e-01 2.644065e-02 5.597221e-02 1.592317e+02
6.327043e-02 1.161945e-01 9.912091e-01 3.236909e+02 2.143224e-02 9.928118e-01 -1.177504e-01 -2.759901e+01 -9.977663e-01 2.869394e-02 6.032533e-02 1.593323e+02
6.625425e-02 1.150114e-01 9.911521e-01 3.245567e+02 2.284912e-02 9.928994e-01 -1.167416e-01 -2.768936e+01 -9.975412e-01 3.038158e-02 6.315589e-02 1.593854e+02
7.209766e-02 1.129565e-01 9.909806e-01 3.263133e+02 2.588720e-02 9.930197e-01 -1.150723e-01 -2.787480e+01 -9.970616e-01 3.395015e-02 6.867027e-02 1.595010e+02
7.513682e-02 1.134846e-01 9.906945e-01 3.271990e+02 2.631868e-02 9.929311e-01 -1.157369e-01 -2.796791e+01 -9.968259e-01 3.476987e-02 7.161892e-02 1.595617e+02
7.817080e-02 1.142752e-01 9.903688e-01 3.280932e+02 2.733506e-02 9.927895e-01 -1.167121e-01 -2.806283e+01 -9.965652e-01 3.619527e-02 7.448343e-02 1.596224e+02
8.109190e-02 1.153438e-01 9.900100e-01 3.289883e+02 2.664118e-02 9.926755e-01 -1.178366e-01 -2.815786e+01 -9.963506e-01 3.593062e-02 7.742504e-02 1.596885e+02
8.618878e-02 1.176635e-01 9.893061e-01 3.307890e+02 2.209679e-02 9.925312e-01 -1.199722e-01 -2.835861e+01 -9.960338e-01 3.220074e-02 8.294507e-02 1.598373e+02
8.981929e-02 1.165213e-01 9.891183e-01 3.326065e+02 1.925512e-02 9.927437e-01 -1.186969e-01 -2.856250e+01 -9.957720e-01 2.970687e-02 8.692391e-02 1.599925e+02
9.163701e-02 1.140286e-01 9.892421e-01 3.335180e+02 1.945100e-02 9.930275e-01 -1.162667e-01 -2.866639e+01 -9.956025e-01 2.989608e-02 8.878009e-02 1.600736e+02
9.403856e-02 1.116727e-01 9.892855e-01 3.353462e+02 2.084473e-02 9.932503e-01 -1.141017e-01 -2.887348e+01 -9.953503e-01 3.135134e-02 9.107604e-02 1.602423e+02
9.558836e-02 1.128985e-01 9.889978e-01 3.371754e+02 2.178626e-02 9.930720e-01 -1.154693e-01 -2.907108e+01 -9.951825e-01 3.258408e-02 9.246648e-02 1.604126e+02
9.555729e-02 1.087423e-01 9.894664e-01 3.389981e+02 1.608639e-02 9.937166e-01 -1.107630e-01 -2.927516e+01 -9.952940e-01 2.650114e-02 9.320760e-02 1.605872e+02
9.584067e-02 1.117738e-01 9.891011e-01 3.408083e+02 1.424895e-02 9.934194e-01 -1.136425e-01 -2.947693e+01 -9.952947e-01 2.498522e-02 9.361733e-02 1.607513e+02
9.604387e-02 1.127033e-01 9.889759e-01 3.426161e+02 1.237417e-02 9.933571e-01 -1.144043e-01 -2.968020e+01 -9.953002e-01 2.322558e-02 9.401125e-02 1.609116e+02
9.651481e-02 1.128235e-01 9.889164e-01 3.444236e+02 1.238225e-02 9.933418e-01 -1.145368e-01 -2.987756e+01 -9.952546e-01 2.329951e-02 9.447518e-02 1.610668e+02
9.676099e-02 1.117265e-01 9.890169e-01 3.453276e+02 1.349316e-02 9.934410e-01 -1.135464e-01 -2.997769e+01 -9.952162e-01 2.433182e-02 9.461879e-02 1.611449e+02
9.704748e-02 1.119951e-01 9.889584e-01 3.462235e+02 1.235480e-02 9.934366e-01 -1.137146e-01 -3.007709e+01 -9.952031e-01 2.325410e-02 9.502684e-02 1.612272e+02
9.833792e-02 1.159032e-01 9.883805e-01 3.480099e+02 1.569985e-02 9.928901e-01 -1.179941e-01 -3.027574e+01 -9.950293e-01 2.712072e-02 9.581908e-02 1.613912e+02
1.015405e-01 1.105410e-01 9.886709e-01 3.498059e+02 2.064777e-02 9.933592e-01 -1.131858e-01 -3.047413e+01 -9.946171e-01 3.190678e-02 9.858377e-02 1.615564e+02
1.076221e-01 1.166956e-01 9.873193e-01 3.515901e+02 2.888635e-02 9.923010e-01 -1.204332e-01 -3.066501e+01 -9.937722e-01 4.148131e-02 1.034226e-01 1.617177e+02
1.139344e-01 1.182988e-01 9.864199e-01 3.533785e+02 3.497157e-02 9.917924e-01 -1.229824e-01 -3.086050e+01 -9.928726e-01 4.850858e-02 1.088622e-01 1.618840e+02
1.172720e-01 1.189627e-01 9.859488e-01 3.542731e+02 3.631767e-02 9.916214e-01 -1.239669e-01 -3.096097e+01 -9.924356e-01 5.034520e-02 1.119690e-01 1.619694e+02
1.204753e-01 1.198291e-01 9.854575e-01 3.551700e+02 3.678917e-02 9.914671e-01 -1.250575e-01 -3.105569e+01 -9.920344e-01 5.132049e-02 1.150389e-01 1.620527e+02
1.239344e-01 1.210330e-01 9.848813e-01 3.560658e+02 3.688766e-02 9.912853e-01 -1.264618e-01 -3.114982e+01 -9.916046e-01 5.200293e-02 1.183897e-01 1.621440e+02
1.277618e-01 1.160830e-01 9.849881e-01 3.569660e+02 3.613260e-02 9.919228e-01 -1.215871e-01 -3.124424e+01 -9.911465e-01 5.112436e-02 1.225355e-01 1.622399e+02
1.318728e-01 1.125377e-01 9.848577e-01 3.578634e+02 3.352562e-02 9.924598e-01 -1.178955e-01 -3.134268e+01 -9.906996e-01 4.856516e-02 1.271055e-01 1.623464e+02
1.365953e-01 1.115372e-01 9.843277e-01 3.587644e+02 3.175280e-02 9.926376e-01 -1.168852e-01 -3.143232e+01 -9.901179e-01 4.722112e-02 1.320481e-01 1.624482e+02
1.413442e-01 1.105499e-01 9.837685e-01 3.596666e+02 2.997660e-02 9.928115e-01 -1.158730e-01 -3.152203e+01 -9.895066e-01 4.586800e-02 1.370142e-01 1.625502e+02
1.466974e-01 1.095166e-01 9.831001e-01 3.605743e+02 2.815798e-02 9.929871e-01 -1.148197e-01 -3.160985e+01 -9.887806e-01 4.452585e-02 1.425848e-01 1.626543e+02
1.599654e-01 1.106391e-01 9.809026e-01 3.623757e+02 2.478776e-02 9.929353e-01 -1.160387e-01 -3.179176e+01 -9.868114e-01 4.287654e-02 1.560928e-01 1.628963e+02
1.770761e-01 1.127470e-01 9.777178e-01 3.641687e+02 2.026468e-02 9.927883e-01 -1.181550e-01 -3.197736e+01 -9.839885e-01 4.073556e-02 1.735143e-01 1.631733e+02
1.864249e-01 1.131781e-01 9.759284e-01 3.650628e+02 1.850031e-02 9.927620e-01 -1.186643e-01 -3.207264e+01 -9.822950e-01 4.017695e-02 1.829817e-01 1.633230e+02
1.956206e-01 1.130345e-01 9.741435e-01 3.659547e+02 1.678754e-02 9.928036e-01 -1.185709e-01 -3.216864e+01 -9.805360e-01 3.954838e-02 1.923152e-01 1.634848e+02
2.135395e-01 1.128075e-01 9.703995e-01 3.677270e+02 1.273175e-02 9.929051e-01 -1.182255e-01 -3.236548e+01 -9.768515e-01 3.760068e-02 2.105882e-01 1.638508e+02
2.217370e-01 1.125311e-01 9.685914e-01 3.686005e+02 1.125072e-02 9.929572e-01 -1.179376e-01 -3.246696e+01 -9.750416e-01 3.704847e-02 2.189093e-01 1.640490e+02
2.343612e-01 1.124992e-01 9.656182e-01 3.703486e+02 7.947360e-03 9.930266e-01 -1.176213e-01 -3.265824e+01 -9.721171e-01 3.523999e-02 2.318328e-01 1.644754e+02
2.394172e-01 1.132440e-01 9.642899e-01 3.712200e+02 6.456768e-03 9.929670e-01 -1.182149e-01 -3.275253e+01 -9.708953e-01 3.452888e-02 2.370022e-01 1.646956e+02
2.485591e-01 1.130185e-01 9.620005e-01 3.729644e+02 4.561648e-03 9.930218e-01 -1.178416e-01 -3.294965e+01 -9.686060e-01 3.367890e-02 2.463090e-01 1.651387e+02
2.529698e-01 1.126934e-01 9.608883e-01 3.738419e+02 4.461847e-03 9.930463e-01 -1.176395e-01 -3.304904e+01 -9.674639e-01 3.404658e-02 2.507079e-01 1.653620e+02
2.574499e-01 1.130131e-01 9.596601e-01 3.747198e+02 4.280739e-03 9.929939e-01 -1.180870e-01 -3.314733e+01 -9.662822e-01 3.450954e-02 2.551624e-01 1.655911e+02
2.616512e-01 1.127596e-01 9.585529e-01 3.755998e+02 3.889417e-03 9.930206e-01 -1.178760e-01 -3.324711e+01 -9.651547e-01 3.457059e-02 2.593865e-01 1.658267e+02
2.705843e-01 1.097161e-01 9.564237e-01 3.773568e+02 2.307585e-03 9.934076e-01 -1.146116e-01 -3.345186e+01 -9.626935e-01 3.321912e-02 2.685473e-01 1.663146e+02
2.752357e-01 1.072420e-01 9.553765e-01 3.782299e+02 2.690412e-03 9.936689e-01 -1.123155e-01 -3.355204e+01 -9.613731e-01 3.348357e-02 2.732046e-01 1.665661e+02
2.797899e-01 1.051832e-01 9.542819e-01 3.790956e+02 2.531317e-03 9.938960e-01 -1.102918e-01 -3.365147e+01 -9.600580e-01 3.327410e-02 2.778158e-01 1.668284e+02
2.929533e-01 1.074307e-01 9.500720e-01 3.816460e+02 -1.215826e-03 9.937085e-01 -1.119901e-01 -3.394947e+01 -9.561260e-01 3.165274e-02 2.912408e-01 1.676218e+02
2.972749e-01 1.107134e-01 9.483512e-01 3.824797e+02 -3.855091e-03 9.933854e-01 -1.147624e-01 -3.405166e+01 -9.547842e-01 3.046000e-02 2.957353e-01 1.678984e+02
3.013338e-01 1.109379e-01 9.470431e-01 3.833184e+02 -5.334055e-03 9.933893e-01 -1.146698e-01 -3.415042e+01 -9.535038e-01 2.950229e-02 2.999335e-01 1.681718e+02
3.087888e-01 1.109555e-01 9.446366e-01 3.866213e+02 -1.770889e-02 9.936708e-01 -1.109262e-01 -3.454404e+01 -9.509658e-01 1.752430e-02 3.087993e-01 1.692932e+02
3.095370e-01 1.160975e-01 9.437733e-01 3.874349e+02 -1.989768e-02 9.930920e-01 -1.156385e-01 -3.463900e+01 -9.506792e-01 1.701548e-02 3.097088e-01 1.695726e+02
3.099903e-01 1.123501e-01 9.440780e-01 3.890518e+02 -2.463686e-02 9.936090e-01 -1.101550e-01 -3.483651e+01 -9.504205e-01 1.088786e-02 3.107771e-01 1.701379e+02
3.100444e-01 1.064960e-01 9.447386e-01 3.906508e+02 -2.875904e-02 9.943022e-01 -1.026450e-01 -3.503121e+01 -9.502870e-01 4.654721e-03 3.113405e-01 1.706950e+02
3.091957e-01 1.072735e-01 9.449287e-01 3.922273e+02 -2.789587e-02 9.942130e-01 -1.037406e-01 -3.521056e+01 -9.505892e-01 5.716521e-03 3.103989e-01 1.712375e+02
3.087797e-01 1.082195e-01 9.449569e-01 3.930148e+02 -2.807721e-02 9.941101e-01 -1.046741e-01 -3.529819e+01 -9.507191e-01 5.789476e-03 3.099995e-01 1.715035e+02
3.087881e-01 1.026505e-01 9.455753e-01 3.946157e+02 -2.064637e-02 9.946482e-01 -1.012355e-01 -3.545946e+01 -9.509068e-01 1.173761e-02 3.092548e-01 1.720196e+02
3.079967e-01 1.097057e-01 9.450410e-01 3.961902e+02 -1.930875e-02 9.938455e-01 -1.090784e-01 -3.562299e+01 -9.511915e-01 1.534821e-02 3.082194e-01 1.725390e+02
3.071199e-01 1.123495e-01 9.450158e-01 3.977804e+02 -1.939441e-02 9.935396e-01 -1.118154e-01 -3.579994e+01 -9.514732e-01 1.601270e-02 3.073147e-01 1.730637e+02
3.066595e-01 1.093771e-01 9.455139e-01 3.993940e+02 -1.962407e-02 9.938908e-01 -1.086087e-01 -3.598738e+01 -9.516170e-01 1.475104e-02 3.069324e-01 1.736026e+02
3.070320e-01 1.138787e-01 9.448613e-01 4.010420e+02 -1.766371e-02 9.933259e-01 -1.139801e-01 -3.617291e+01 -9.515353e-01 1.830578e-02 3.069944e-01 1.741460e+02
3.072435e-01 1.132316e-01 9.448703e-01 4.027259e+02 -1.704133e-02 9.933912e-01 -1.135049e-01 -3.635992e+01 -9.514784e-01 1.877180e-02 3.071426e-01 1.746994e+02
3.090515e-01 1.099925e-01 9.446633e-01 4.052387e+02 -8.981753e-03 9.935827e-01 -1.127501e-01 -3.665818e+01 -9.510029e-01 2.636084e-02 3.080562e-01 1.755298e+02
3.112264e-01 1.071204e-01 9.442792e-01 4.069522e+02 -2.457199e-03 9.937143e-01 -1.119185e-01 -3.686062e+01 -9.503326e-01 3.251172e-02 3.095334e-01 1.760920e+02
3.145753e-01 1.046328e-01 9.434480e-01 4.086653e+02 7.761287e-03 9.935894e-01 -1.127816e-01 -3.705716e+01 -9.492008e-01 4.280068e-02 3.117466e-01 1.766545e+02
3.147916e-01 9.585197e-02 9.443085e-01 4.103808e+02 2.725348e-03 9.947924e-01 -1.018849e-01 -3.723727e+01 -9.491569e-01 3.464606e-02 3.128911e-01 1.772463e+02
3.162079e-01 9.345226e-02 9.440758e-01 4.120933e+02 3.873713e-03 9.950008e-01 -9.979071e-02 -3.740675e+01 -9.486820e-01 3.521168e-02 3.142651e-01 1.778160e+02
3.175786e-01 9.840383e-02 9.431121e-01 4.138009e+02 5.871184e-03 9.943775e-01 -1.057299e-01 -3.757270e+01 -9.482138e-01 3.911472e-02 3.152152e-01 1.783624e+02
3.191689e-01 9.344832e-02 9.430793e-01 4.155021e+02 9.577672e-03 9.947576e-01 -1.018105e-01 -3.774912e+01 -9.476495e-01 4.152723e-02 3.166007e-01 1.789073e+02
3.189147e-01 9.299196e-02 9.432104e-01 4.171677e+02 7.689091e-03 9.948884e-01 -1.006868e-01 -3.791664e+01 -9.477523e-01 3.936291e-02 3.165695e-01 1.794502e+02
3.181704e-01 9.085054e-02 9.436703e-01 4.187969e+02 8.749774e-03 9.950738e-01 -9.874945e-02 -3.808222e+01 -9.479932e-01 3.967604e-02 3.158081e-01 1.799864e+02
3.151552e-01 8.608907e-02 9.451274e-01 4.211854e+02 1.034592e-02 9.955063e-01 -9.412783e-02 -3.830596e+01 -9.489838e-01 3.944308e-02 3.128483e-01 1.807477e+02
3.127525e-01 9.238385e-02 9.453311e-01 4.227235e+02 1.166195e-02 9.948101e-01 -1.010775e-01 -3.844427e+01 -9.497631e-01 4.263663e-02 3.100520e-01 1.812296e+02
3.099927e-01 1.023837e-01 9.452100e-01 4.242251e+02 9.030405e-03 9.938227e-01 -1.106110e-01 -3.860018e+01 -9.506961e-01 4.282423e-02 3.071532e-01 1.817147e+02
3.075501e-01 9.898596e-02 9.463692e-01 4.257139e+02 8.422945e-03 9.942521e-01 -1.067316e-01 -3.876538e+01 -9.514947e-01 4.079652e-02 3.049485e-01 1.821916e+02
3.052762e-01 9.325665e-02 9.476864e-01 4.279167e+02 1.177946e-02 9.947471e-01 -1.016821e-01 -3.898930e+01 -9.521910e-01 4.220436e-02 3.025741e-01 1.828782e+02
3.049568e-01 9.658127e-02 9.474562e-01 4.293649e+02 1.199425e-02 9.943761e-01 -1.052248e-01 -3.913224e+01 -9.522907e-01 4.345302e-02 3.020833e-01 1.833307e+02
3.052745e-01 9.748485e-02 9.472613e-01 4.308055e+02 1.498041e-02 9.941314e-01 -1.071361e-01 -3.926661e+01 -9.521466e-01 4.689628e-02 3.020226e-01 1.837827e+02
3.053275e-01 1.002741e-01 9.469530e-01 4.322521e+02 1.451625e-02 9.938345e-01 -1.099189e-01 -3.938552e+01 -9.521368e-01 4.730747e-02 3.019894e-01 1.842421e+02
3.058577e-01 9.861570e-02 9.469561e-01 4.337097e+02 1.521502e-02 9.939878e-01 -1.084279e-01 -3.951541e+01 -9.519557e-01 4.757145e-02 3.025184e-01 1.847061e+02
3.082757e-01 9.496456e-02 9.465451e-01 4.351772e+02 1.641353e-02 9.943257e-01 -1.051039e-01 -3.965560e+01 -9.511555e-01 4.793712e-02 3.049678e-01 1.851676e+02
3.115098e-01 9.165976e-02 9.458118e-01 4.365933e+02 1.686657e-02 9.946467e-01 -1.019476e-01 -3.980189e+01 -9.500933e-01 4.771026e-02 3.082962e-01 1.856247e+02
3.152042e-01 9.389248e-02 9.443677e-01 4.379870e+02 1.372652e-02 9.945386e-01 -1.034622e-01 -3.996184e+01 -9.489246e-01 4.557459e-02 3.121939e-01 1.860948e+02
3.172397e-01 9.467480e-02 9.436077e-01 4.386578e+02 1.331582e-02 9.944615e-01 -1.042539e-01 -4.003698e+01 -9.482519e-01 4.563837e-02 3.142220e-01 1.863220e+02
3.202231e-01 9.348292e-02 9.427184e-01 4.399765e+02 1.073958e-02 9.946970e-01 -1.022853e-01 -4.019335e+01 -9.472813e-01 4.287852e-02 3.175210e-01 1.867754e+02
3.245771e-01 9.190703e-02 9.413834e-01 4.425242e+02 9.259575e-03 9.949115e-01 -1.003256e-01 -4.046910e+01 -9.458140e-01 4.128018e-02 3.220744e-01 1.876386e+02
3.271229e-01 9.074787e-02 9.406143e-01 4.437097e+02 1.127691e-02 9.949325e-01 -9.991018e-02 -4.058993e+01 -9.449145e-01 4.329012e-02 3.244419e-01 1.880413e+02
3.293295e-01 9.156653e-02 9.397646e-01 4.448710e+02 1.006165e-02 9.948898e-01 -1.004637e-01 -4.071269e+01 -9.441615e-01 4.254123e-02 3.267252e-01 1.884403e+02
3.329485e-01 9.155826e-02 9.384894e-01 4.470563e+02 7.737753e-03 9.949759e-01 -9.981419e-02 -4.094722e+01 -9.429133e-01 4.049477e-02 3.305672e-01 1.892012e+02
3.356351e-01 9.044704e-02 9.376397e-01 4.490822e+02 7.375546e-03 9.950968e-01 -9.862964e-02 -4.116507e+01 -9.419632e-01 4.001917e-02 3.333223e-01 1.899127e+02
3.366296e-01 9.647984e-02 9.366814e-01 4.500150e+02 4.601294e-03 9.945567e-01 -1.040948e-01 -4.127840e+01 -9.416259e-01 3.935131e-02 3.343533e-01 1.902493e+02
3.384125e-01 9.896722e-02 9.357790e-01 4.509162e+02 6.088911e-03 9.942028e-01 -1.073481e-01 -4.138482e+01 -9.409782e-01 4.202580e-02 3.358481e-01 1.905699e+02
3.383185e-01 9.730497e-02 9.359873e-01 4.517763e+02 6.980390e-03 9.943527e-01 -1.058957e-01 -4.147778e+01 -9.410058e-01 4.236003e-02 3.357286e-01 1.908714e+02
3.334111e-01 9.435379e-02 9.380481e-01 4.533477e+02 5.763486e-03 9.947567e-01 -1.021064e-01 -4.166274e+01 -9.427640e-01 3.944982e-02 3.311191e-01 1.914237e+02
3.315140e-01 9.318319e-02 9.388372e-01 4.540561e+02 5.913669e-03 9.948856e-01 -1.008344e-01 -4.174707e+01 -9.434318e-01 3.897998e-02 3.292674e-01 1.916725e+02
3.295672e-01 9.155844e-02 9.396821e-01 4.547312e+02 7.027224e-03 9.950212e-01 -9.941506e-02 -4.183460e+01 -9.441060e-01 3.936729e-02 3.272829e-01 1.919114e+02
3.251982e-01 9.168213e-02 9.411909e-01 4.559458e+02 4.177548e-03 9.951400e-01 -9.838078e-02 -4.197617e+01 -9.456367e-01 3.592511e-02 3.232347e-01 1.923442e+02
3.248344e-01 9.294999e-02 9.411922e-01 4.575849e+02 3.824537e-03 9.950215e-01 -9.958603e-02 -4.214874e+01 -9.457632e-01 3.594859e-02 3.228618e-01 1.929215e+02
3.278277e-01 9.331689e-02 9.401175e-01 4.581099e+02 1.083880e-03 9.950719e-01 -9.914968e-02 -4.220107e+01 -9.447369e-01 3.352298e-02 3.261110e-01 1.931115e+02
3.349602e-01 9.345845e-02 9.375858e-01 4.586339e+02 9.102231e-04 9.950360e-01 -9.951029e-02 -4.224587e+01 -9.422319e-01 3.418539e-02 3.332124e-01 1.933069e+02
4.271757e-01 9.941432e-02 8.986866e-01 4.608164e+02 -1.282180e-02 9.945030e-01 -1.039191e-01 -4.246997e+01 -9.040778e-01 3.286893e-02 4.261022e-01 1.943198e+02
4.644901e-01 1.032963e-01 8.795332e-01 4.613703e+02 -1.634703e-02 9.940047e-01 -1.081073e-01 -4.252156e+01 -8.854275e-01 3.583701e-02 4.633940e-01 1.946318e+02
5.209580e-01 1.164952e-01 8.455954e-01 4.624096e+02 -3.605008e-02 9.927619e-01 -1.145600e-01 -4.262020e+01 -8.528207e-01 2.919716e-02 5.213869e-01 1.953093e+02
3.455695e-01 1.131318e-01 9.315486e-01 4.654025e+02 -6.932431e-03 9.929868e-01 -1.180215e-01 -4.283862e+01 -9.383676e-01 3.432674e-02 3.439302e-01 1.966346e+02
2.894986e-01 1.064076e-01 9.512454e-01 4.669526e+02 2.845079e-03 9.937015e-01 -1.120227e-01 -4.303319e+01 -9.571742e-01 3.513678e-02 2.873725e-01 1.970727e+02
2.989503e-01 1.058601e-01 9.483787e-01 4.674097e+02 4.103635e-03 9.936760e-01 -1.122098e-01 -4.307618e+01 -9.542599e-01 3.743695e-02 2.966253e-01 1.972090e+02
3.473590e-01 1.079323e-01 9.315000e-01 4.681669e+02 -7.735704e-03 9.936499e-01 -1.122489e-01 -4.318329e+01 -9.377004e-01 3.178484e-02 3.459881e-01 1.974971e+02
4.222470e-01 1.055119e-01 9.003192e-01 4.688842e+02 6.376888e-04 9.931678e-01 -1.166923e-01 -4.327329e+01 -9.064806e-01 4.984707e-02 4.192948e-01 1.977883e+02
5.760968e-01 1.089937e-01 8.100819e-01 4.700301e+02 -3.997483e-02 9.936406e-01 -1.052624e-01 -4.336564e+01 -8.164034e-01 2.825845e-02 5.767902e-01 1.985343e+02
5.916659e-01 1.148511e-01 7.979603e-01 4.701424e+02 -5.333305e-02 9.932080e-01 -1.034083e-01 -4.339187e+01 -8.044172e-01 1.862552e-02 5.937727e-01 1.986644e+02
