0.000000 -0.0027412 0.0015740 -0.0061273 0.0000006 0.0000047 0.0000010 1.0000000
0.518120 0.0000066 0.0007918 0.0642116 0.0016482 0.0051186 0.0057269 0.9999691
0.621714 0.0001606 0.0006573 0.0791227 0.0025797 -0.0012875 0.0065412 0.9999744
0.725215 -0.0007896 0.0002846 0.0943074 0.0025368 -0.0095552 0.0060718 0.9999327
0.932502 -0.0038618 -0.0002548 0.1260769 0.0031598 -0.0292639 0.0020781 0.9995646
1.036104 -0.0059875 -0.0003972 0.1426065 0.0033433 -0.0393706 0.0020712 0.9992169
1.243510 -0.0108477 -0.0008679 0.1770404 0.0025094 -0.0598079 0.0036513 0.9982001
1.451124 -0.0172541 -0.0013915 0.2140620 0.0019566 -0.0768408 0.0025187 0.9970382
1.555101 -0.0211317 -0.0017400 0.2333435 0.0019560 -0.0837177 0.0021937 0.9964852
1.659233 -0.0248071 -0.0020458 0.2531714 0.0023109 -0.0900275 0.0029225 0.9959323
1.762893 -0.0286720 -0.0023802 0.2735738 0.0032868 -0.0950782 0.0046956 0.9954533
1.867090 -0.0334471 -0.0026387 0.2947666 0.0042504 -0.0987957 0.0041919 0.9950898
1.970961 -0.0384932 -0.0029118 0.3162614 0.0051410 -0.1024910 0.0037820 0.9947135
2.076388 -0.0432991 -0.0034636 0.3385113 0.0064258 -0.1068139 0.0040956 0.9942498
2.179116 -0.0489200 -0.0038682 0.3612573 0.0071587 -0.1104635 0.0057500 0.9938378
2.283102 -0.0537839 -0.0044048 0.3848496 0.0074330 -0.1148219 0.0091139 0.9933165
2.387073 -0.0596360 -0.0051911 0.4087888 0.0085229 -0.1194044 0.0093671 0.9927649
2.491106 -0.0664430 -0.0057445 0.4327057 0.0110067 -0.1238651 0.0069780 0.9922135
2.595229 -0.0738392 -0.0065739 0.4573861 0.0126472 -0.1280514 0.0051712 0.9916734
2.699213 -0.0805373 -0.0074640 0.4825959 0.0132968 -0.1326705 0.0064948 0.9910497
2.907234 -0.0960359 -0.0093355 0.5345671 0.0157279 -0.1407484 0.0068840 0.9898965
3.115221 -0.1127588 -0.0118232 0.5887282 0.0200722 -0.1489906 0.0061344 0.9886158
3.323567 -0.1306147 -0.0150018 0.6448480 0.0279492 -0.1543303 0.0064937 0.9876026
3.531593 -0.1501190 -0.0188119 0.7028157 0.0371790 -0.1586206 0.0047415 0.9866280
3.742035 -0.1711341 -0.0241252 0.7619995 0.0444881 -0.1631882 0.0018455 0.9855897
3.947360 -0.1933531 -0.0303587 0.8232511 0.0505954 -0.1681182 -0.0007672 0.9844673
4.155286 -0.2169325 -0.0372742 0.8873290 0.0531220 -0.1735965 -0.0024123 0.9833801
4.363183 -0.2414313 -0.0451106 0.9514821 0.0518030 -0.1801676 -0.0025451 0.9822676
4.571450 -0.2681713 -0.0519055 1.0160176 0.0497963 -0.1878088 -0.0033769 0.9809367
4.778763 -0.2963926 -0.0592612 1.0824773 0.0446962 -0.1966540 -0.0056781 0.9794372
4.986477 -0.3265332 -0.0657233 1.1492649 0.0424414 -0.2059054 -0.0079231 0.9776190
5.194245 -0.3588112 -0.0719044 1.2171886 0.0416716 -0.2151556 -0.0078883 0.9756584
5.401997 -0.3920043 -0.0782081 1.2859607 0.0396089 -0.2242688 -0.0074500 0.9736935
5.609757 -0.4275199 -0.0839262 1.3554833 0.0347809 -0.2326837 -0.0076925 0.9718999
5.817477 -0.4646887 -0.0893442 1.4262809 0.0317088 -0.2408713 -0.0069973 0.9700137
6.025285 -0.5042561 -0.0944406 1.4977875 0.0304088 -0.2473698 -0.0070212 0.9684184
6.233134 -0.5454928 -0.1003721 1.5715913 0.0292419 -0.2531488 -0.0058155 0.9669678
6.441106 -0.5889907 -0.1056257 1.6467847 0.0295357 -0.2566711 -0.0052078 0.9660333
6.648730 -0.6343292 -0.1104450 1.7234007 0.0287535 -0.2571222 -0.0061303 0.9659316
6.752638 -0.6569311 -0.1134951 1.7627069 0.0279606 -0.2574807 -0.0053208 0.9658641
6.960403 -0.7032750 -0.1185437 1.8432394 0.0281492 -0.2593924 -0.0030429 0.9653569
7.168161 -0.7515577 -0.1237745 1.9242625 0.0253823 -0.2627627 -0.0029303 0.9645221
7.375748 -0.8012890 -0.1290600 2.0062013 0.0219668 -0.2693489 -0.0013793 0.9627911
7.479481 -0.8257562 -0.1318650 2.0457981 0.0229062 -0.2742937 -0.0001844 0.9613731
7.687027 -0.8773130 -0.1373850 2.1254511 0.0236416 -0.2854587 0.0017894 0.9580977
7.790766 -0.9038730 -0.1399768 2.1649170 0.0211918 -0.2905112 0.0009549 0.9566364
7.894618 -0.9307058 -0.1425689 2.2036245 0.0196129 -0.2949685 -0.0012448 0.9553049
8.102397 -0.9851595 -0.1476256 2.2803009 0.0225056 -0.3011126 -0.0011412 0.9533223
8.206229 -1.0128281 -0.1501066 2.3188703 0.0264036 -0.3037229 -0.0013932 0.9523935
8.310112 -1.0406044 -0.1528639 2.3572457 0.0269431 -0.3065713 -0.0007230 0.9514660
8.413979 -1.0689781 -0.1555046 2.3952899 0.0252143 -0.3089734 -0.0013853 0.9507354
8.621720 -1.1260117 -0.1602363 2.4712341 0.0215662 -0.3139395 -0.0028788 0.9491937
8.725744 -1.1549540 -0.1626517 2.5092750 0.0221589 -0.3163235 -0.0032935 0.9483868
8.829907 -1.1839535 -0.1653942 2.5474074 0.0228296 -0.3193163 -0.0028971 0.9473687
8.933548 -1.2133447 -0.1678015 2.5855730 0.0239828 -0.3224943 -0.0017888 0.9462659
9.038033 -1.2431158 -0.1703735 2.6232042 0.0240181 -0.3259491 -0.0012156 0.9450814
9.244879 -1.3040168 -0.1758403 2.6982050 0.0230716 -0.3331011 -0.0009368 0.9426084
9.348782 -1.3347933 -0.1782987 2.7355754 0.0237131 -0.3371711 -0.0006028 0.9411445
9.452542 -1.3664081 -0.1809490 2.7727611 0.0240163 -0.3410282 -0.0000418 0.9397462
9.556318 -1.3982221 -0.1836377 2.8098683 0.0244152 -0.3451856 0.0002838 0.9382168
9.764859 -1.4626224 -0.1892634 2.8831358 0.0250175 -0.3536440 0.0017523 0.9350438
9.869005 -1.4951673 -0.1922476 2.9196830 0.0248237 -0.3580903 0.0024578 0.9333537
9.971133 -1.5282962 -0.1949500 2.9557967 0.0239586 -0.3625672 0.0026430 0.9316459
10.074930 -1.5620410 -0.1978919 2.9914181 0.0232747 -0.3669321 0.0032445 0.9299508
10.282360 -1.6307147 -0.2035758 3.0628645 0.0241409 -0.3758254 0.0046811 0.9263642
10.386180 -1.6659478 -0.2063662 3.0987675 0.0241617 -0.3800441 0.0044430 0.9246420
10.593630 -1.7374200 -0.2122011 3.1689527 0.0239612 -0.3868448 0.0039613 0.9218250
10.801110 -1.8109512 -0.2183135 3.2392678 0.0256130 -0.3935354 0.0046922 0.9189406
11.008770 -1.8854896 -0.2245128 3.3076651 0.0270625 -0.3996426 0.0053520 0.9162558
11.112480 -1.9231100 -0.2274699 3.3423126 0.0265574 -0.4028718 0.0054256 0.9148549
11.320040 -1.9994845 -0.2340008 3.4108164 0.0257803 -0.4093314 0.0063360 0.9119995
11.423780 -2.0383110 -0.2372576 3.4447114 0.0256210 -0.4121793 0.0070723 0.9107150
11.527650 -2.0775590 -0.2403707 3.4788742 0.0252728 -0.4149995 0.0076969 0.9094380
11.735130 -2.1573792 -0.2471069 3.5464559 0.0249593 -0.4197343 0.0093749 0.9072554
11.839050 -2.1973639 -0.2503591 3.5797627 0.0258273 -0.4220535 0.0114835 0.9061302
12.046270 -2.2787507 -0.2573938 3.6470459 0.0244836 -0.4287934 0.0162140 0.9029252
12.149860 -2.3199089 -0.2611600 3.6799214 0.0235030 -0.4336043 0.0186084 0.9006046
12.357360 -2.4040780 -0.2677053 3.7447579 0.0210803 -0.4438258 0.0196536 0.8956495
12.564740 -2.4908326 -0.2748998 3.8081899 0.0219698 -0.4543548 0.0195458 0.8903354
12.772110 -2.5790844 -0.2821084 3.8699872 0.0231071 -0.4652890 0.0210293 0.8846073
12.979490 -2.6697683 -0.2893870 3.9296002 0.0210938 -0.4759292 0.0226755 0.8789381
13.186860 -2.7617018 -0.2967773 3.9874299 0.0212888 -0.4868890 0.0236656 0.8728836
13.394220 -2.8545032 -0.3048161 4.0426874 0.0225578 -0.4972192 0.0237318 0.8670069
13.498010 -2.9011207 -0.3088193 4.0693340 0.0227113 -0.5020909 0.0235185 0.8641967
13.705510 -2.9958405 -0.3165424 4.1215825 0.0205207 -0.5106227 0.0226389 0.8592618
13.809230 -3.0434322 -0.3202275 4.1467738 0.0206363 -0.5143141 0.0227515 0.8570516
14.016650 -3.1390262 -0.3281616 4.1964574 0.0211107 -0.5213034 0.0262039 0.8527077
14.120270 -3.1872194 -0.3321018 4.2208519 0.0218947 -0.5242171 0.0274174 0.8508615
14.224500 -3.2355225 -0.3366588 4.2447796 0.0222773 -0.5267169 0.0291836 0.8492475
14.327630 -3.2832694 -0.3409845 4.2685237 0.0212598 -0.5291473 0.0304244 0.8477178
14.431260 -3.3314803 -0.3453504 4.2916427 0.0190927 -0.5310814 0.0301544 0.8465688
14.538380 -3.3793674 -0.3495896 4.3150406 0.0165909 -0.5330130 0.0305798 0.8453915
14.638630 -3.4273806 -0.3533516 4.3375916 0.0156232 -0.5345026 0.0309293 0.8444562
14.742390 -3.4752381 -0.3572994 4.3599896 0.0149365 -0.5357863 0.0312233 0.8436440
14.846120 -3.5230949 -0.3609108 4.3818822 0.0137034 -0.5367354 0.0317906 0.8430402
14.950000 -3.5708110 -0.3649147 4.4040465 0.0125464 -0.5379129 0.0316009 0.8423145
15.157490 -3.6648743 -0.3722642 4.4476624 0.0108720 -0.5402228 0.0334388 0.8407872
15.365030 -3.7578232 -0.3790872 4.4892144 0.0079634 -0.5419300 0.0344490 0.8396795
15.572680 -3.8485978 -0.3861329 4.5297809 0.0074706 -0.5431071 0.0359298 0.8388611
15.780370 -3.9373660 -0.3929166 4.5694990 0.0087471 -0.5431084 0.0362613 0.8388336
15.988000 -4.0235796 -0.3996381 4.6086340 0.0107168 -0.5402724 0.0348100 0.8407016
16.195700 -4.1080389 -0.4063180 4.6482272 0.0118314 -0.5353950 0.0348139 0.8438010
16.299500 -4.1495609 -0.4097382 4.6679511 0.0115968 -0.5321930 0.0341939 0.8458528
16.403370 -4.1909437 -0.4129660 4.6882763 0.0118598 -0.5285810 0.0331979 0.8481506
16.507260 -4.2317424 -0.4163021 4.7080708 0.0119364 -0.5239980 0.0327090 0.8510075
16.714990 -4.3112922 -0.4224343 4.7498393 0.0131396 -0.5150433 0.0323879 0.8564513
16.818850 -4.3505654 -0.4256231 4.7710371 0.0147633 -0.5099864 0.0323104 0.8594486
16.922750 -4.3890581 -0.4290408 4.7927432 0.0160187 -0.5045313 0.0320137 0.8626510
17.026730 -4.4279003 -0.4323640 4.8147898 0.0163828 -0.4984025 0.0307575 0.8662451
17.130540 -4.4660277 -0.4356307 4.8368897 0.0160377 -0.4916517 0.0293677 0.8701488
17.234250 -4.5033665 -0.4386494 4.8601260 0.0153636 -0.4855419 0.0286035 0.8736103
17.338110 -4.5401759 -0.4420097 4.8833594 0.0152377 -0.4793218 0.0279519 0.8770616
17.442380 -4.5767417 -0.4449894 4.9073286 0.0156236 -0.4731353 0.0278160 0.8804119
17.545790 -4.6126037 -0.4480291 4.9311666 0.0162678 -0.4668937 0.0278399 0.8837253
17.649360 -4.6473289 -0.4509857 4.9553261 0.0162272 -0.4609166 0.0286903 0.8868311
17.753120 -4.6816063 -0.4542268 4.9799266 0.0160834 -0.4549454 0.0283686 0.8899220
17.857050 -4.7156405 -0.4571243 5.0049810 0.0153911 -0.4489851 0.0274212 0.8929858
17.960530 -4.7489529 -0.4599605 5.0303817 0.0139404 -0.4434736 0.0266351 0.8957831
18.064140 -4.7814822 -0.4627423 5.0553308 0.0137754 -0.4375716 0.0257264 0.8987099
18.167890 -4.8134866 -0.4657200 5.0806179 0.0144965 -0.4316252 0.0249990 0.9015900
18.271640 -4.8441772 -0.4682582 5.1058111 0.0155882 -0.4263269 0.0241066 0.9041135
18.375420 -4.8746572 -0.4707882 5.1309786 0.0155641 -0.4205766 0.0238345 0.9068103
18.479100 -4.9041204 -0.4734546 5.1564932 0.0146925 -0.4151661 0.0229658 0.9093370
18.582900 -4.9333587 -0.4759828 5.1822939 0.0136210 -0.4099038 0.0224658 0.9117503
18.686620 -4.9624195 -0.4782923 5.2084155 0.0132153 -0.4048135 0.0223936 0.9140295
18.790260 -4.9905620 -0.4807464 5.2344403 0.0133953 -0.4000657 0.0218595 0.9161278
18.894080 -5.0181646 -0.4829018 5.2603984 0.0134863 -0.3953567 0.0212893 0.9181819
18.997780 -5.0453863 -0.4850180 5.2866139 0.0122752 -0.3907977 0.0203760 0.9201692
19.101510 -5.0722151 -0.4868092 5.3128667 0.0114352 -0.3860578 0.0195137 0.9221973
19.205270 -5.0984983 -0.4888975 5.3389282 0.0112198 -0.3812116 0.0185933 0.9242327
19.309140 -5.1241879 -0.4907120 5.3648782 0.0113469 -0.3761095 0.0183137 0.9263247
19.516610 -5.1736712 -0.4943640 5.4170341 0.0100463 -0.3646989 0.0159249 0.9309351
19.725730 -5.2207990 -0.4975002 5.4690619 0.0089502 -0.3508767 0.0131899 0.9362860
19.932000 -5.2647038 -0.5008838 5.5217052 0.0104892 -0.3363699 0.0126713 0.9415863
20.139770 -5.3062992 -0.5037497 5.5750899 0.0096427 -0.3209783 0.0116634 0.9469656
20.347360 -5.3455215 -0.5059299 5.6287346 0.0073439 -0.3050863 0.0106935 0.9522364
20.555010 -5.3833852 -0.5082768 5.6843057 0.0048251 -0.2905619 0.0102485 0.9567891
20.762700 -5.4201450 -0.5101529 5.7412248 0.0037292 -0.2780963 0.0106644 0.9604868
20.970000 -5.4553871 -0.5118408 5.7991199 0.0038051 -0.2656295 0.0091117 0.9640246
21.177620 -5.4896688 -0.5137076 5.8584590 0.0036174 -0.2537819 0.0090659 0.9672122
21.385010 -5.5227389 -0.5152951 5.9192767 0.0042156 -0.2441965 0.0099292 0.9696658
21.592490 -5.5554380 -0.5168055 5.9813890 0.0024265 -0.2372149 0.0088466 0.9714139
21.799990 -5.5883045 -0.5181257 6.0453649 -0.0005567 -0.2301851 0.0060762 0.9731277
22.007420 -5.6214705 -0.5185589 6.1122980 -0.0023525 -0.2229565 0.0043008 0.9748161
22.214990 -5.6534343 -0.5190827 6.1807756 -0.0047906 -0.2152837 0.0040972 0.9765312
22.422590 -5.6858106 -0.5191492 6.2519298 -0.0054017 -0.2064625 0.0045035 0.9784293
22.630130 -5.7167559 -0.5192360 6.3250766 -0.0048632 -0.1966147 0.0065356 0.9804470
22.837890 -5.7464185 -0.5198220 6.4000955 -0.0033082 -0.1837859 0.0054371 0.9829457
23.045760 -5.7747540 -0.5201262 6.4785519 -0.0048500 -0.1656314 0.0020391 0.9861737
23.253620 -5.8004818 -0.5200638 6.5586667 -0.0056906 -0.1442391 -0.0003978 0.9895265
23.461620 -5.8233328 -0.5199848 6.6428051 -0.0079337 -0.1221603 -0.0016461 0.9924773
23.669490 -5.8426614 -0.5189238 6.7298141 -0.0116516 -0.0995859 -0.0035765 0.9949543
23.877250 -5.8592544 -0.5174347 6.8200960 -0.0131746 -0.0768160 -0.0055042 0.9969431
24.085120 -5.8713970 -0.5157131 6.9120216 -0.0118628 -0.0551378 -0.0057665 0.9983916
24.292870 -5.8795576 -0.5145521 7.0063696 -0.0138951 -0.0349045 -0.0056401 0.9992781
24.500500 -5.8843284 -0.5127248 7.1026516 -0.0147280 -0.0144718 -0.0070712 0.9997618
24.708120 -5.8855844 -0.5107131 7.2026305 -0.0149599 0.0061518 -0.0088614 0.9998299
24.915620 -5.8824539 -0.5092419 7.3046312 -0.0134072 0.0260210 -0.0098767 0.9995227
25.123120 -5.8744841 -0.5076644 7.4084854 -0.0114926 0.0450837 -0.0110556 0.9988559
25.330500 -5.8629255 -0.5065838 7.5127020 -0.0075623 0.0639340 -0.0117221 0.9978566
25.537870 -5.8478460 -0.5067843 7.6181798 -0.0020431 0.0818859 -0.0134641 0.9965487
25.745370 -5.8281927 -0.5080324 7.7266655 0.0008846 0.0997703 -0.0154873 0.9948896
25.952760 -5.8047915 -0.5096830 7.8381844 0.0010247 0.1175806 -0.0150037 0.9929495
26.160240 -5.7766213 -0.5115343 7.9474478 0.0056128 0.1345542 -0.0149378 0.9907777
26.367740 -5.7445755 -0.5142720 8.0593901 0.0054610 0.1522412 -0.0169702 0.9881826
26.575260 -5.7073536 -0.5178456 8.1720896 0.0085500 0.1705214 -0.0185939 0.9851414
26.782860 -5.6656494 -0.5217005 8.2836475 0.0121804 0.1887813 -0.0188457 0.9817628
26.990510 -5.6199493 -0.5266971 8.3950605 0.0162224 0.2102968 -0.0210157 0.9772770
27.198240 -5.5680289 -0.5332263 8.5046701 0.0170261 0.2367270 -0.0245282 0.9711173
27.405990 -5.5097461 -0.5397472 8.6143246 0.0190917 0.2643772 -0.0278687 0.9638276
27.613650 -5.4438958 -0.5479081 8.7207355 0.0207234 0.2911107 -0.0289603 0.9560264
27.821250 -5.3731670 -0.5572069 8.8216791 0.0253148 0.3171264 -0.0294368 0.9475883
28.028750 -5.2952600 -0.5672973 8.9243813 0.0283355 0.3413442 -0.0298911 0.9390355
28.236530 -5.2123966 -0.5779490 9.0201006 0.0298834 0.3630142 -0.0296131 0.9308333
28.443750 -5.1247396 -0.5894521 9.1117373 0.0330776 0.3825074 -0.0288802 0.9229084
28.651150 -5.0329494 -0.6019179 9.1998358 0.0369236 0.4009815 -0.0288913 0.9148856
28.858560 -4.9365029 -0.6151146 9.2857561 0.0368436 0.4198494 -0.0296604 0.9063604
28.962310 -4.8873415 -0.6221917 9.3272552 0.0354819 0.4298576 -0.0306676 0.9016779
29.169630 -4.7880092 -0.6353420 9.4055271 0.0330620 0.4495271 -0.0330341 0.8920432
29.273280 -4.7379274 -0.6425523 9.4426565 0.0331835 0.4592122 -0.0346904 0.8870285
29.376900 -4.6872697 -0.6492159 9.4781771 0.0334656 0.4686907 -0.0362098 0.8819852
29.584410 -4.5836897 -0.6628998 9.5462017 0.0311988 0.4894061 -0.0368030 0.8707203
29.791760 -4.4785666 -0.6762035 9.6079350 0.0278310 0.5106104 -0.0371360 0.8585589
29.999280 -4.3707366 -0.6889375 9.6648197 0.0268503 0.5310550 -0.0370032 0.8461031
30.206740 -4.2640405 -0.7015901 9.7135983 0.0277229 0.5502372 -0.0362697 0.8337595
30.414180 -4.1553407 -0.7137991 9.7576981 0.0285304 0.5687319 -0.0341756 0.8213173
30.621900 -4.0483556 -0.7264597 9.7950974 0.0298490 0.5859815 -0.0358458 0.8089808
30.829180 -3.9418955 -0.7387810 9.8282928 0.0351586 0.6016199 -0.0425984 0.7968706
31.036690 -3.8368151 -0.7527155 9.8568859 0.0346000 0.6175520 -0.0463530 0.7844002
31.244130 -3.7318645 -0.7665997 9.8805046 0.0316902 0.6328751 -0.0492828 0.7720337
31.451710 -3.6278741 -0.7801959 9.8996391 0.0304620 0.6473345 -0.0495344 0.7599846
31.659170 -3.5251904 -0.7932372 9.9153280 0.0298984 0.6615561 -0.0532123 0.7474076
31.866620 -3.4233983 -0.8066640 9.9268599 0.0290963 0.6749171 -0.0535299 0.7353740
32.075790 -3.3221552 -0.8195378 9.9336262 0.0267151 0.6857424 -0.0505003 0.7255987
32.177810 -3.2728858 -0.8259237 9.9368248 0.0258463 0.6906011 -0.0489765 0.7211126
32.385170 -3.1751258 -0.8384339 9.9402037 0.0267775 0.6971899 -0.0499941 0.7146396
32.488780 -3.1275945 -0.8444847 9.9417858 0.0268444 0.6996096 -0.0511666 0.7121851
32.696160 -3.0343390 -0.8571132 9.9435501 0.0311315 0.7031704 -0.0560177 0.7081273
32.799930 -2.9882946 -0.8631177 9.9443989 0.0313951 0.7048209 -0.0578172 0.7063279
33.007250 -2.8959932 -0.8754991 9.9448347 0.0256232 0.7074779 -0.0506910 0.7044493
33.214750 -2.8063428 -0.8867910 9.9448156 0.0249682 0.7078389 -0.0501855 0.7041463
33.422000 -2.7182465 -0.8978417 9.9453516 0.0262895 0.7068074 -0.0528964 0.7049355
33.629370 -2.6313667 -0.9090505 9.9462233 0.0260029 0.7047454 -0.0546785 0.7068720
33.733120 -2.5881150 -0.9145002 9.9470367 0.0256220 0.7033287 -0.0558754 0.7082021
33.940910 -2.5025032 -0.9249866 9.9493799 0.0250285 0.6993597 -0.0568488 0.7120659
34.044850 -2.4602401 -0.9304568 9.9508104 0.0249147 0.6969425 -0.0558533 0.7145144
34.251630 -2.3767612 -0.9412036 9.9544926 0.0262114 0.6918030 -0.0546081 0.7195411
34.459140 -2.2926986 -0.9517893 9.9591770 0.0253554 0.6867961 -0.0545526 0.7243565
34.666810 -2.2094705 -0.9619446 9.9651442 0.0239911 0.6819051 -0.0534352 0.7290916
34.874180 -2.1269751 -0.9723088 9.9723511 0.0251400 0.6768191 -0.0540111 0.7337347
35.081760 -2.0447619 -0.9825969 9.9804487 0.0260524 0.6717224 -0.0552974 0.7382767
35.289260 -1.9627109 -0.9932255 9.9897356 0.0250233 0.6666000 -0.0559702 0.7428901
35.496880 -1.8808937 -1.0033456 9.9999762 0.0234897 0.6617734 -0.0546804 0.7473381
35.600660 -1.8404937 -1.0084203 10.0056553 0.0234622 0.6593260 -0.0539752 0.7495502
35.808130 -1.7602366 -1.0181934 10.0173197 0.0249737 0.6538697 -0.0534827 0.7543012
36.015630 -1.6806259 -1.0284045 10.0303307 0.0275368 0.6467820 -0.0534294 0.7603026
36.223240 -1.6018049 -1.0383891 10.0451403 0.0270367 0.6402522 -0.0535446 0.7658192
36.430690 -1.5224090 -1.0482277 10.0609951 0.0252482 0.6366810 -0.0543044 0.7687983
36.638140 -1.4415461 -1.0579687 10.0773010 0.0265254 0.6344520 -0.0552499 0.7705287
36.845830 -1.3602930 -1.0680362 10.0939541 0.0273507 0.6320192 -0.0541974 0.7725713
36.949590 -1.3191066 -1.0731760 10.1028795 0.0280872 0.6307081 -0.0539822 0.7736306
37.053350 -1.2782902 -1.0782716 10.1117430 0.0283328 0.6292984 -0.0541705 0.7747557
37.157030 -1.2373629 -1.0833722 10.1205864 0.0277308 0.6279215 -0.0532781 0.7759556
37.364510 -1.1549826 -1.0931923 10.1386786 0.0272705 0.6246853 -0.0505330 0.7787625
37.572000 -1.0739412 -1.1031685 10.1578550 0.0296380 0.6198596 -0.0506714 0.7825139
37.675750 -1.0341924 -1.1081905 10.1682425 0.0293262 0.6174733 -0.0502410 0.7844377
37.884310 -0.9536219 -1.1180903 10.1897478 0.0293320 0.6113525 -0.0486613 0.7893161
38.090970 -0.8729225 -1.1275789 10.2121572 0.0320937 0.6030177 -0.0474491 0.7956684
38.298280 -0.7933344 -1.1373461 10.2368870 0.0312429 0.5940077 -0.0458811 0.8025420
38.505750 -0.7145438 -1.1471599 10.2628222 0.0308597 0.5848805 -0.0468015 0.8091798
38.713300 -0.6372973 -1.1570011 10.2906265 0.0309659 0.5758256 -0.0483855 0.8155519
38.920770 -0.5596848 -1.1668185 10.3205891 0.0288328 0.5676607 -0.0489675 0.8212991
39.128410 -0.4828988 -1.1759725 10.3513956 0.0278979 0.5608032 -0.0483077 0.8260677
39.335930 -0.4070057 -1.1852320 10.3834963 0.0262437 0.5537685 -0.0487645 0.8308271
39.439710 -0.3695481 -1.1897769 10.3999891 0.0270494 0.5502558 -0.0488309 0.8331281
39.647300 -0.2957901 -1.1985948 10.4337559 0.0268753 0.5430220 -0.0497251 0.8378140
39.854900 -0.2226594 -1.2075933 10.4685135 0.0258747 0.5351065 -0.0481832 0.8430125
40.063320 -0.1508666 -1.2163563 10.5041857 0.0232206 0.5274479 -0.0459205 0.8480276
40.270040 -0.0805412 -1.2241797 10.5411005 0.0219081 0.5192905 -0.0467658 0.8530360
40.373770 -0.0461105 -1.2276949 10.5603437 0.0208865 0.5156134 -0.0470457 0.8552738
40.477820 -0.0117396 -1.2315723 10.5794983 0.0202187 0.5116489 -0.0469801 0.8576710
40.685040 0.0573022 -1.2393841 10.6190510 0.0204003 0.5035006 -0.0464720 0.8625029
40.892540 0.1246823 -1.2464933 10.6593180 0.0202452 0.4953421 -0.0462314 0.8672307
41.100140 0.1917980 -1.2537500 10.7007933 0.0180603 0.4884416 -0.0448068 0.8712583
41.307630 0.2589292 -1.2604817 10.7435417 0.0155172 0.4840121 -0.0439726 0.8738180
41.515430 0.3258100 -1.2669235 10.7873287 0.0124415 0.4814005 -0.0424319 0.8753846
41.723100 0.3929742 -1.2729431 10.8309612 0.0122892 0.4795048 -0.0421534 0.8764401
41.930550 0.4602729 -1.2792028 10.8752480 0.0138385 0.4778690 -0.0423760 0.8772992
42.138180 0.5289052 -1.2853631 10.9203939 0.0132875 0.4763008 -0.0396937 0.8782855
42.345760 0.5973677 -1.2908739 10.9652815 0.0113138 0.4749912 -0.0372682 0.8791282
42.553870 0.6655601 -1.2966634 11.0102434 0.0094408 0.4739986 -0.0361099 0.8797342
42.864650 0.7682050 -1.3045784 11.0787401 0.0069983 0.4730699 -0.0363904 0.8802452
43.176100 0.8717242 -1.3119104 11.1484013 0.0040347 0.4722143 -0.0342769 0.8808079
43.383520 0.9397165 -1.3158062 11.1946983 0.0027495 0.4711591 -0.0335267 0.8814065
43.694790 1.0415264 -1.3217944 11.2637596 0.0008022 0.4678145 -0.0321699 0.8832406
43.902170 1.1088517 -1.3252716 11.3108711 -0.0010869 0.4650547 -0.0306987 0.8847489
44.213300 1.2081782 -1.3301979 11.3820000 -0.0020753 0.4563076 -0.0270492 0.8894085
44.421790 1.2728989 -1.3329215 11.4307537 -0.0025319 0.4497428 -0.0281800 0.8927099
44.628020 1.3373592 -1.3356453 11.4803591 -0.0052034 0.4423488 -0.0255287 0.8964646
44.835670 1.4010313 -1.3379749 11.5311718 -0.0048086 0.4335074 -0.0241020 0.9008148
45.043060 1.4634632 -1.3397211 11.5839062 -0.0042415 0.4230887 -0.0226863 0.9057943
45.250540 1.5257506 -1.3415526 11.6389771 -0.0057020 0.4124588 -0.0213514 0.9107081
45.458050 1.5870737 -1.3433522 11.6956129 -0.0075798 0.4013942 -0.0205791 0.9156428
45.665520 1.6480559 -1.3442681 11.7552338 -0.0108472 0.3905606 -0.0188280 0.9203207
45.873020 1.7084993 -1.3449841 11.8152647 -0.0136307 0.3792693 -0.0147135 0.9250689
46.080690 1.7673397 -1.3449516 11.8782511 -0.0125825 0.3668083 -0.0108779 0.9301478
46.287790 1.8244970 -1.3444347 11.9426155 -0.0145572 0.3537978 -0.0083683 0.9351712
46.495210 1.8813632 -1.3434595 12.0105314 -0.0160472 0.3406943 -0.0073429 0.9400085
46.598920 1.9095880 -1.3429878 12.0451727 -0.0167149 0.3340422 -0.0052380 0.9423954
46.702650 1.9370852 -1.3424404 12.0803537 -0.0174674 0.3273913 -0.0058066 0.9447095
46.910140 1.9906319 -1.3407079 12.1523190 -0.0185064 0.3162707 -0.0071562 0.9484615
47.117660 2.0433567 -1.3392540 12.2260456 -0.0193200 0.3069844 -0.0093393 0.9514726
47.325510 2.0949821 -1.3375998 12.3010902 -0.0207122 0.2979848 -0.0116326 0.9542750
47.532920 2.1455569 -1.3356224 12.3784218 -0.0249244 0.2899593 -0.0148501 0.9565991
47.740580 2.1950779 -1.3331718 12.4566193 -0.0276520 0.2832737 -0.0185354 0.9584612
47.948270 2.2443693 -1.3307292 12.5356960 -0.0269236 0.2790206 -0.0217232 0.9596618
48.156010 2.2934196 -1.3283446 12.6153498 -0.0225660 0.2772307 -0.0257790 0.9601924
48.364330 2.3431921 -1.3267934 12.6958961 -0.0231235 0.2762543 -0.0259680 0.9604554
48.571420 2.3931673 -1.3259485 12.7770424 -0.0234346 0.2756091 -0.0253350 0.9606501
48.778960 2.4433827 -1.3241305 12.8586187 -0.0220456 0.2744098 -0.0249435 0.9610364
48.986440 2.4935009 -1.3229052 12.9404211 -0.0215275 0.2720391 -0.0240304 0.9617452
49.193760 2.5430551 -1.3219442 13.0228786 -0.0220894 0.2665460 -0.0225665 0.9633048
49.401170 2.5909057 -1.3205024 13.1058502 -0.0218124 0.2568344 -0.0206751 0.9659880
49.608640 2.6361458 -1.3188392 13.1894751 -0.0219889 0.2445818 -0.0211228 0.9691492
49.816010 2.6792603 -1.3171756 13.2742319 -0.0234165 0.2317556 -0.0213956 0.9722568
50.023270 2.7199080 -1.3154895 13.3602104 -0.0243640 0.2188926 -0.0206344 0.9752265
50.230760 2.7584901 -1.3130649 13.4470739 -0.0250062 0.2054626 -0.0210275 0.9781194
50.438290 2.7943621 -1.3113408 13.5351658 -0.0250974 0.1921812 -0.0240712 0.9807431
50.645900 2.8274174 -1.3090476 13.6237736 -0.0260356 0.1817726 -0.0286490 0.9825783
50.749770 2.8437312 -1.3080349 13.6683292 -0.0264895 0.1781062 -0.0294070 0.9832150
50.853640 2.8594906 -1.3066916 13.7127943 -0.0260422 0.1753923 -0.0295773 0.9837096
50.957390 2.8755167 -1.3054610 13.7573662 -0.0255828 0.1730376 -0.0282795 0.9841767
51.061270 2.8911695 -1.3042001 13.8018064 -0.0252271 0.1706680 -0.0275903 0.9846191
51.165140 2.9066193 -1.3031641 13.8463535 -0.0249969 0.1681676 -0.0267487 0.9850783
51.268910 2.9218669 -1.3021516 13.8906975 -0.0241557 0.1653879 -0.0260371 0.9855888
51.372640 2.9365704 -1.3011681 13.9348822 -0.0231189 0.1628965 -0.0257749 0.9860355
51.476390 2.9510384 -1.3000546 13.9793711 -0.0222545 0.1600075 -0.0262261 0.9865164
51.580140 2.9651372 -1.2993417 14.0237350 -0.0220678 0.1569621 -0.0264839 0.9870028
51.787640 2.9924865 -1.2971530 14.1134281 -0.0247461 0.1498008 -0.0272544 0.9880307
51.891290 3.0053809 -1.2959785 14.1586676 -0.0257825 0.1468579 -0.0271514 0.9884487
52.098770 3.0312464 -1.2940528 14.2477016 -0.0233140 0.1416888 -0.0262768 0.9892877
52.202390 3.0441971 -1.2929608 14.2923880 -0.0224426 0.1396414 -0.0249047 0.9896345
52.306140 3.0567613 -1.2919393 14.3367281 -0.0221882 0.1384983 -0.0240350 0.9898223
52.410020 3.0690854 -1.2910997 14.3805466 -0.0228519 0.1386095 -0.0250706 0.9897659
52.617770 3.0933030 -1.2895567 14.4672079 -0.0245848 0.1466579 -0.0294563 0.9884429
52.825640 3.1194303 -1.2880750 14.5512362 -0.0252170 0.1585670 -0.0311852 0.9865333
52.929520 3.1331062 -1.2873237 14.5917892 -0.0258242 0.1635839 -0.0304305 0.9857218
53.137020 3.1607232 -1.2855815 14.6705208 -0.0249349 0.1702938 -0.0288306 0.9846558
53.240640 3.1742556 -1.2851033 14.7088413 -0.0238848 0.1718729 -0.0283241 0.9844221
53.448020 3.2010539 -1.2838603 14.7849894 -0.0221025 0.1700995 -0.0263563 0.9848264
53.655390 3.2267807 -1.2825774 14.8606567 -0.0210549 0.1619643 -0.0239175 0.9862820
53.862640 3.2507141 -1.2814732 14.9370213 -0.0205701 0.1488255 -0.0207066 0.9884326
54.069890 3.2720387 -1.2803671 15.0137386 -0.0202748 0.1301729 -0.0166300 0.9911445
54.277140 3.2896805 -1.2789034 15.0903339 -0.0190056 0.1076199 -0.0145207 0.9939044
54.484400 3.3031471 -1.2776558 15.1677504 -0.0177889 0.0815266 -0.0135732 0.9964200
54.691640 3.3111715 -1.2767280 15.2451134 -0.0160274 0.0533106 -0.0146657 0.9983416
54.795390 3.3137758 -1.2760115 15.2848301 -0.0158779 0.0382178 -0.0149783 0.9990310
54.899020 3.3152556 -1.2751770 15.3237801 -0.0163116 0.0225642 -0.0141539 0.9995121
55.002770 3.3150425 -1.2747326 15.3625612 -0.0156834 0.0071893 -0.0147506 0.9997423
55.106520 3.3137965 -1.2743771 15.4014645 -0.0152069 -0.0080114 -0.0144876 0.9997473
55.210270 3.3116689 -1.2734114 15.4407206 -0.0144013 -0.0227241 -0.0146637 0.9995305
55.314140 3.3081746 -1.2727641 15.4794302 -0.0128762 -0.0354037 -0.0158507 0.9991644
55.418020 3.3040853 -1.2726488 15.5187826 -0.0130486 -0.0461765 -0.0170156 0.9987031
55.522020 3.2988908 -1.2715542 15.5584717 -0.0146577 -0.0545487 -0.0194566 0.9982139
55.730050 3.2877665 -1.2702885 15.6387148 -0.0171912 -0.0628678 -0.0247190 0.9975676
55.834140 3.2818623 -1.2691891 15.6793222 -0.0137150 -0.0641478 -0.0261386 0.9975038
56.042270 3.2706394 -1.2677732 15.7617159 -0.0104366 -0.0635515 -0.0279031 0.9975338
56.250540 3.2603776 -1.2666671 15.8457060 -0.0107209 -0.0605593 -0.0275532 0.9977267
56.458520 3.2500584 -1.2661383 15.9308119 -0.0076530 -0.0580021 -0.0255702 0.9979596
56.666390 3.2397311 -1.2655815 16.0185833 -0.0040587 -0.0559083 -0.0239588 0.9981402
56.874270 3.2290363 -1.2651842 16.1082954 -0.0057578 -0.0546108 -0.0255409 0.9981644
57.081890 3.2183728 -1.2647215 16.1993504 -0.0062704 -0.0545067 -0.0271853 0.9981236
57.289520 3.2067733 -1.2639042 16.2922707 -0.0056795 -0.0547000 -0.0291787 0.9980602
57.497020 3.1955287 -1.2638105 16.3866787 -0.0031626 -0.0558135 -0.0290287 0.9980141
57.600640 3.1898746 -1.2638885 16.4344997 -0.0023028 -0.0573410 -0.0274238 0.9979753
57.808020 3.1779675 -1.2643266 16.5306549 -0.0034664 -0.0634015 -0.0225132 0.9977281
58.015420 3.1638792 -1.2651713 16.6263161 -0.0031358 -0.0730082 -0.0188051 0.9971491
58.119020 3.1563320 -1.2653078 16.6735172 -0.0022489 -0.0778800 -0.0174977 0.9968066
58.326530 3.1395569 -1.2663934 16.7679768 -0.0021013 -0.0873735 -0.0161801 0.9960420
58.534020 3.1216300 -1.2673023 16.8613396 -0.0026982 -0.0966395 -0.0151447 0.9952006
58.741650 3.1014214 -1.2681673 16.9537888 -0.0010192 -0.1053114 -0.0157871 0.9943134
58.949150 3.0800998 -1.2692554 17.0453110 -0.0003404 -0.1133308 -0.0156592 0.9934338
59.156650 3.0575235 -1.2707528 17.1359634 0.0000394 -0.1200174 -0.0142691 0.9926692
59.364270 3.0343177 -1.2720598 17.2264767 0.0028742 -0.1259544 -0.0108774 0.9919723
59.675530 2.9979091 -1.2744057 17.3621216 0.0037009 -0.1344931 -0.0056978 0.9908912
59.987020 2.9585333 -1.2772297 17.4975510 0.0033546 -0.1401375 -0.0064214 0.9901056
60.194660 2.9318483 -1.2787479 17.5885105 0.0003801 -0.1424787 -0.0051968 0.9897842
60.402270 2.9047024 -1.2795763 17.6796722 -0.0009864 -0.1434067 -0.0014322 0.9896623
60.609930 2.8777065 -1.2806964 17.7705841 -0.0019159 -0.1444022 0.0030799 0.9895124
60.817540 2.8510413 -1.2818136 17.8606358 -0.0021892 -0.1456238 0.0054997 0.9893223
61.025270 2.8228502 -1.2828277 17.9519196 -0.0037369 -0.1466736 0.0054749 0.9891627
61.232720 2.7947946 -1.2835414 18.0431576 -0.0058292 -0.1480049 0.0032844 0.9889640
61.440150 2.7661397 -1.2838730 18.1338215 -0.0076216 -0.1480983 0.0012372 0.9889425
61.647800 2.7381356 -1.2840110 18.2235966 -0.0089613 -0.1464243 0.0001323 0.9891813
61.855290 2.7104177 -1.2837160 18.3136768 -0.0112695 -0.1449143 -0.0000878 0.9893800
62.062800 2.6826010 -1.2828926 18.4032001 -0.0128695 -0.1431468 -0.0025975 0.9896144
62.270350 2.6562946 -1.2826549 18.4924908 -0.0127161 -0.1419323 -0.0025372 0.9897915
62.477810 2.6302066 -1.2819675 18.5807877 -0.0152768 -0.1408744 -0.0017488 0.9899080
62.685330 2.6047916 -1.2808176 18.6687584 -0.0180478 -0.1397946 0.0003413 0.9900160
62.892780 2.5798826 -1.2790531 18.7556782 -0.0182420 -0.1387623 0.0026703 0.9901541
63.100390 2.5557299 -1.2775599 18.8414841 -0.0192092 -0.1387146 0.0065908 0.9901242
63.307710 2.5309196 -1.2761099 18.9267559 -0.0190913 -0.1385885 0.0072326 0.9901396
63.515270 2.5066514 -1.2743013 19.0112915 -0.0215730 -0.1391152 0.0080888 0.9900082
63.722540 2.4825513 -1.2729602 19.0948410 -0.0220064 -0.1395939 0.0079371 0.9899325
63.929910 2.4587221 -1.2710640 19.1772575 -0.0218869 -0.1398987 0.0082364 0.9898896
64.033590 2.4469960 -1.2701688 19.2180099 -0.0227481 -0.1402563 0.0086582 0.9898160
64.241030 2.4232483 -1.2683125 19.2989407 -0.0234452 -0.1407378 0.0093326 0.9897252
64.448610 2.3997841 -1.2662528 19.3787346 -0.0237040 -0.1411337 0.0074501 0.9896787
64.656230 2.3765333 -1.2641437 19.4572582 -0.0252823 -0.1410351 0.0063055 0.9896616
64.759950 2.3649430 -1.2630308 19.4961567 -0.0263321 -0.1409092 0.0056970 0.9896559
64.967450 2.3419924 -1.2604209 19.5741348 -0.0295903 -0.1413437 0.0056337 0.9895022
65.071210 2.3306060 -1.2589880 19.6125984 -0.0316843 -0.1421001 0.0059627 0.9893271
65.278910 2.3076630 -1.2556891 19.6896420 -0.0347067 -0.1440915 0.0068141 0.9889321
65.382430 2.2963145 -1.2537258 19.7281609 -0.0355988 -0.1451026 0.0076353 0.9887465
65.486120 2.2847829 -1.2518343 19.7659340 -0.0362662 -0.1459044 0.0084668 0.9885975
65.589790 2.2732265 -1.2499489 19.8036003 -0.0366877 -0.1468836 0.0081284 0.9884397
65.693560 2.2617824 -1.2480609 19.8410320 -0.0368539 -0.1475002 0.0086253 0.9883375
65.797310 2.2501454 -1.2458208 19.8786602 -0.0373292 -0.1475083 0.0094021 0.9883114
65.901040 2.2386818 -1.2438853 19.9156704 -0.0372847 -0.1472993 0.0087033 0.9883506
66.004800 2.2277200 -1.2421129 19.9518623 -0.0375321 -0.1467627 0.0094910 0.9884139
66.108530 2.2167764 -1.2398947 19.9882736 -0.0375227 -0.1464174 0.0119308 0.9884390
66.315950 2.1955149 -1.2361698 20.0595112 -0.0386203 -0.1457981 0.0126061 0.9884799
66.523350 2.1751254 -1.2326261 20.1277866 -0.0370408 -0.1455202 0.0129655 0.9885767
66.730790 2.1549125 -1.2293601 20.1940727 -0.0358462 -0.1446118 0.0127325 0.9887570
67.042030 2.1260703 -1.2247412 20.2913055 -0.0346888 -0.1433776 0.0145490 0.9889529
67.249580 2.1075499 -1.2214446 20.3552227 -0.0340444 -0.1408674 0.0143981 0.9893382
67.457250 2.0896921 -1.2183795 20.4192238 -0.0329449 -0.1346709 0.0149606 0.9902295
67.664920 2.0729403 -1.2152380 20.4838848 -0.0351590 -0.1238770 0.0116954 0.9916056
67.872840 2.0578849 -1.2121346 20.5494194 -0.0403565 -0.1084905 0.0096827 0.9932308
68.080710 2.0456495 -1.2078868 20.6148453 -0.0414868 -0.0885605 0.0078574 0.9951754
68.184680 2.0405791 -1.2058023 20.6474762 -0.0424844 -0.0768877 0.0061546 0.9961152
68.392670 2.0331929 -1.2011778 20.7139549 -0.0438701 -0.0510591 0.0060541 0.9977133
68.600540 2.0298429 -1.1967006 20.7802029 -0.0415992 -0.0241364 0.0064159 0.9988222
68.808420 2.0299594 -1.1921290 20.8465347 -0.0412094 0.0025797 0.0073057 0.9991205
69.016040 2.0337107 -1.1875149 20.9136772 -0.0421543 0.0288729 0.0089131 0.9986541
69.223670 2.0408387 -1.1829849 20.9805641 -0.0426365 0.0541163 0.0101889 0.9975719
69.431290 2.0515883 -1.1784706 21.0477180 -0.0423863 0.0792556 0.0116711 0.9958844
69.638910 2.0653307 -1.1741219 21.1148834 -0.0410419 0.1032752 0.0125624 0.9937263
69.846210 2.0826008 -1.1692809 21.1821022 -0.0394705 0.1237727 0.0136412 0.9914315
70.053870 2.1020999 -1.1644329 21.2500515 -0.0386379 0.1425401 0.0132906 0.9889453
70.261200 2.1244900 -1.1598933 21.3180256 -0.0379884 0.1606621 0.0137514 0.9861823
70.364970 2.1367078 -1.1575290 21.3520203 -0.0376744 0.1698490 0.0135396 0.9846566
70.572360 2.1636400 -1.1526999 21.4203510 -0.0382079 0.1882708 0.0149954 0.9812591
70.675960 2.1779850 -1.1504648 21.4543533 -0.0390735 0.1972176 0.0153121 0.9794611
70.883300 2.2086132 -1.1459033 21.5215130 -0.0378506 0.2148168 0.0148243 0.9758080
71.090660 2.2416556 -1.1412104 21.5883808 -0.0352702 0.2322467 0.0131501 0.9719283
71.298240 2.2774026 -1.1370116 21.6540794 -0.0352389 0.2517726 0.0095278 0.9670977
71.505720 2.3164814 -1.1329007 21.7185764 -0.0376748 0.2733268 0.0099409 0.9611318
71.713370 2.3588476 -1.1283808 21.7808685 -0.0383112 0.2977186 0.0099433 0.9538328
71.920920 2.4047949 -1.1238040 21.8409653 -0.0375986 0.3238504 0.0111023 0.9452958
72.128290 2.4539587 -1.1192095 21.8988628 -0.0371280 0.3493793 0.0131248 0.9361535
72.335680 2.5054686 -1.1149240 21.9530869 -0.0372316 0.3731392 0.0149200 0.9269080
72.543090 2.5589650 -1.1104883 22.0048351 -0.0356093 0.3933030 0.0156482 0.9185858
72.750440 2.6155012 -1.1060473 22.0551586 -0.0375723 0.4110143 0.0172717 0.9106905
72.854050 2.6445451 -1.1037366 22.0797901 -0.0376035 0.4197631 0.0170599 0.9066939
73.061450 2.7044067 -1.0986493 22.1275635 -0.0358177 0.4370635 0.0166414 0.8985631
73.165200 2.7356622 -1.0961164 22.1510754 -0.0374964 0.4459209 0.0175347 0.8941147
73.372690 2.7999163 -1.0902909 22.1965675 -0.0415398 0.4646911 0.0181964 0.8843108
73.476410 2.8331037 -1.0876086 22.2182312 -0.0416137 0.4747880 0.0182567 0.8789263
73.683940 2.9001825 -1.0820963 22.2580185 -0.0397063 0.4955079 0.0192663 0.8674815
73.891550 2.9702411 -1.0769578 22.2949638 -0.0384112 0.5166300 0.0222128 0.8550583
74.099040 3.0430322 -1.0714650 22.3288994 -0.0377191 0.5380383 0.0243110 0.8417251
74.306540 3.1188362 -1.0656481 22.3604202 -0.0370195 0.5596793 0.0243277 0.8275245
74.514170 3.1972928 -1.0599625 22.3883495 -0.0367107 0.5811410 0.0219791 0.8126773
74.721470 3.2791226 -1.0541731 22.4128609 -0.0374857 0.6026719 0.0209729 0.7968322
74.928950 3.3623459 -1.0486665 22.4325581 -0.0368845 0.6240861 0.0216649 0.7801838
75.136310 3.4480627 -1.0431858 22.4476757 -0.0356571 0.6446621 0.0234720 0.7632747
75.343680 3.5355551 -1.0373945 22.4588718 -0.0341000 0.6639807 0.0243423 0.7465750
75.551070 3.6249542 -1.0315686 22.4657879 -0.0331939 0.6825925 0.0243416 0.7296391
75.758450 3.7159371 -1.0256642 22.4681110 -0.0350973 0.7001977 0.0258924 0.7126156
75.965810 3.8076804 -1.0194005 22.4666462 -0.0357790 0.7173748 0.0253349 0.6953067
76.069540 3.8541582 -1.0162675 22.4645863 -0.0358971 0.7262002 0.0243539 0.6861134
76.276990 3.9473009 -1.0102762 22.4552269 -0.0345390 0.7429928 0.0237369 0.6679860
76.380600 3.9939642 -1.0072336 22.4487972 -0.0337338 0.7509452 0.0244442 0.6590492
76.484350 4.0410314 -1.0042486 22.4416122 -0.0338435 0.7586473 0.0254283 0.6501248
76.588100 4.0878344 -1.0014662 22.4331150 -0.0320921 0.7659136 0.0265299 0.6415938
76.691750 4.1347752 -0.9987651 22.4234982 -0.0307987 0.7724784 0.0256681 0.6337742
76.795320 4.1815944 -0.9958617 22.4134922 -0.0309023 0.7791123 0.0250464 0.6256211
76.899070 4.2284441 -0.9930171 22.4020786 -0.0309354 0.7854229 0.0251043 0.6176761
77.002800 4.2751980 -0.9903274 22.3895073 -0.0308739 0.7918921 0.0241303 0.6094026
77.210160 4.3687329 -0.9848973 22.3618736 -0.0301656 0.8046662 0.0200470 0.5926217
77.313830 4.4155664 -0.9823436 22.3465557 -0.0310027 0.8108498 0.0199045 0.5840935
77.521170 4.5094223 -0.9774114 22.3129482 -0.0319094 0.8227625 0.0200007 0.5671363
77.624880 4.5558119 -0.9747497 22.2946281 -0.0326089 0.8278370 0.0200269 0.5596619
77.728490 4.6023145 -0.9720355 22.2754612 -0.0320283 0.8321493 0.0212605 0.5532176
77.832140 4.6486297 -0.9696273 22.2553558 -0.0308006 0.8354661 0.0216163 0.5482522
77.935700 4.6952538 -0.9671018 22.2346611 -0.0283798 0.8379958 0.0220379 0.5444924
78.039350 4.7417068 -0.9649318 22.2134876 -0.0262299 0.8399436 0.0236213 0.5415245
78.142930 4.7882891 -0.9622912 22.1920261 -0.0243740 0.8412798 0.0256519 0.5394407
78.246670 4.8346162 -0.9597380 22.1700535 -0.0228942 0.8420237 0.0277210 0.5382411
78.350300 4.8814745 -0.9572008 22.1483059 -0.0223382 0.8425483 0.0291487 0.5373675
78.454020 4.9281564 -0.9545399 22.1262169 -0.0227018 0.8426099 0.0301392 0.5372009
78.557850 4.9756565 -0.9516381 22.1043739 -0.0235150 0.8429455 0.0308733 0.5365974
78.661450 5.0230832 -0.9485453 22.0826683 -0.0252979 0.8432236 0.0317895 0.5360255
78.765630 5.0708356 -0.9453805 22.0606728 -0.0264727 0.8436048 0.0331069 0.5352888
78.868800 5.1181731 -0.9418280 22.0384560 -0.0262338 0.8438960 0.0332438 0.5348328
78.972430 5.1651583 -0.9388822 22.0162582 -0.0257097 0.8440297 0.0325925 0.5346873
79.081780 5.2119379 -0.9353858 21.9937038 -0.0244752 0.8442252 0.0322656 0.5344564
79.179920 5.2571988 -0.9323277 21.9720821 -0.0231108 0.8443745 0.0325669 0.5342630
79.283570 5.3021479 -0.9293910 21.9509048 -0.0229874 0.8447230 0.0328112 0.5337023
79.491080 5.3920512 -0.9227973 21.9081802 -0.0240435 0.8452709 0.0344598 0.5326833
79.594920 5.4373994 -0.9196478 21.8864555 -0.0250188 0.8455289 0.0351046 0.5321866
79.802330 5.5291734 -0.9127033 21.8434353 -0.0251951 0.8461931 0.0361273 0.5310529
79.906130 5.5747867 -0.9092460 21.8215027 -0.0250472 0.8464181 0.0362232 0.5306947
80.113430 5.6655874 -0.9023476 21.7781487 -0.0216243 0.8469353 0.0362503 0.5300179
80.217170 5.7112045 -0.8987584 21.7556343 -0.0220501 0.8466778 0.0366300 0.5303854
80.424740 5.8035264 -0.8915541 21.7117863 -0.0236377 0.8466108 0.0369281 0.5304034
80.528440 5.8502259 -0.8878456 21.6893959 -0.0223235 0.8466329 0.0349569 0.5305586
80.632230 5.8967657 -0.8843763 21.6670189 -0.0210803 0.8464392 0.0330738 0.5310389
80.839590 5.9905024 -0.8783197 21.6225777 -0.0203677 0.8465245 0.0339684 0.5308743
80.943530 6.0378051 -0.8747033 21.5998516 -0.0213145 0.8466154 0.0352518 0.5306085
81.150830 6.1324968 -0.8680815 21.5539455 -0.0216806 0.8465373 0.0345526 0.5307643
81.358350 6.2292871 -0.8612810 21.5081291 -0.0226511 0.8467435 0.0346447 0.5303888
81.565860 6.3272305 -0.8547027 21.4611759 -0.0215242 0.8469544 0.0346804 0.5300964
81.773370 6.4255548 -0.8479255 21.4134636 -0.0206617 0.8471103 0.0347368 0.5298779
81.980680 6.5244246 -0.8408011 21.3654613 -0.0217686 0.8470758 0.0355343 0.5298359
82.084440 6.5740380 -0.8373801 21.3417168 -0.0224623 0.8472081 0.0346503 0.5296538
82.291790 6.6730576 -0.8301994 21.2947578 -0.0259694 0.8475376 0.0306025 0.5292156
82.395640 6.7238617 -0.8265029 21.2700367 -0.0280378 0.8474377 0.0300578 0.5293011
82.603060 6.8235645 -0.8199438 21.2219505 -0.0257929 0.8475081 0.0304410 0.5292808
82.706910 6.8731389 -0.8168333 21.1981087 -0.0240641 0.8474313 0.0315909 0.5294177
82.810450 6.9232111 -0.8134844 21.1736507 -0.0229700 0.8472595 0.0328827 0.5296625
82.914210 6.9730959 -0.8100652 21.1494503 -0.0223770 0.8472527 0.0340512 0.5296249
83.018010 7.0230079 -0.8066429 21.1255703 -0.0232532 0.8472698 0.0342297 0.5295484
83.121720 7.0725718 -0.8031452 21.1016083 -0.0233613 0.8472104 0.0343698 0.5296295
83.225460 7.1222239 -0.7997983 21.0776386 -0.0242054 0.8470409 0.0336801 0.5299070
83.329210 7.1719737 -0.7966719 21.0532856 -0.0222055 0.8470943 0.0339638 0.5298911
83.432930 7.2217603 -0.7930359 21.0291729 -0.0209105 0.8470318 0.0341474 0.5300320
83.536780 7.2714205 -0.7899284 21.0048981 -0.0192268 0.8466985 0.0342892 0.5306187
83.640430 7.3210034 -0.7866575 20.9810390 -0.0182113 0.8463818 0.0339883 0.5311788
83.744180 7.3710680 -0.7833771 20.9576340 -0.0220629 0.8460845 0.0347142 0.5314595
83.847930 7.4209104 -0.7797729 20.9339962 -0.0242574 0.8456954 0.0363557 0.5318733
83.951670 7.4704828 -0.7760574 20.9106064 -0.0255412 0.8451052 0.0348668 0.5328501
84.055580 7.5199547 -0.7724357 20.8872185 -0.0245645 0.8445479 0.0338092 0.5338469
84.262850 7.6186442 -0.7657877 20.8414574 -0.0237742 0.8434819 0.0317997 0.5356882
84.470300 7.7173963 -0.7599194 20.7960167 -0.0250617 0.8429726 0.0316893 0.5364373
84.677950 7.8156257 -0.7530144 20.7510319 -0.0254921 0.8427848 0.0321019 0.5366874
84.885450 7.9132013 -0.7464278 20.7061043 -0.0244463 0.8434085 0.0309462 0.5358235
85.093050 8.0094366 -0.7405067 20.6612225 -0.0218855 0.8445222 0.0309425 0.5341778
85.300390 8.1046419 -0.7346306 20.6158237 -0.0213687 0.8460189 0.0329641 0.5317037
85.507850 8.1994152 -0.7282087 20.5704212 -0.0219388 0.8478433 0.0343135 0.5286804
85.818930 8.3387833 -0.7193865 20.5014801 -0.0187760 0.8501942 0.0332159 0.5250848
86.026320 8.4297724 -0.7134219 20.4548702 -0.0203763 0.8516009 0.0329930 0.5227545
86.233840 8.5200796 -0.7076107 20.4091225 -0.0234035 0.8531591 0.0326052 0.5201046
86.441310 8.6078100 -0.7020172 20.3641644 -0.0247170 0.8543375 0.0329385 0.5180846
86.752310 8.7342319 -0.6932043 20.2984047 -0.0266956 0.8557547 0.0317759 0.5157146
86.959810 8.8143787 -0.6877680 20.2568245 -0.0292538 0.8562031 0.0296081 0.5149600
87.270810 8.9294348 -0.6806449 20.1974602 -0.0311398 0.8548606 0.0284931 0.5171381
87.374560 8.9665337 -0.6783360 20.1787624 -0.0310060 0.8535417 0.0281516 0.5193387
87.581810 9.0393496 -0.6736746 20.1423874 -0.0315615 0.8485402 0.0278829 0.5274524
87.685550 9.0756483 -0.6713527 20.1255035 -0.0318804 0.8450341 0.0274238 0.5330563
87.789170 9.1119375 -0.6689813 20.1092396 -0.0314841 0.8409202 0.0270144 0.5395668
87.892930 9.1477041 -0.6665705 20.0939865 -0.0311048 0.8363528 0.0257640 0.5467017
87.996680 9.1836147 -0.6642442 20.0794907 -0.0330946 0.8313856 0.0235361 0.5542102
88.100300 9.2193489 -0.6621521 20.0658913 -0.0337007 0.8263775 0.0217007 0.5616882
88.204050 9.2553930 -0.6599805 20.0527782 -0.0326842 0.8212487 0.0199951 0.5692825
88.307800 9.2914600 -0.6578884 20.0407600 -0.0341605 0.8156332 0.0182971 0.5772702
88.411430 9.3279524 -0.6560960 20.0288143 -0.0334118 0.8097451 0.0183512 0.5855422
88.515060 9.3644323 -0.6539959 20.0182037 -0.0342090 0.8036840 0.0181724 0.5937942
88.618820 9.4014444 -0.6520674 20.0079689 -0.0349171 0.7975886 0.0187254 0.6018991
88.722430 9.4387226 -0.6498610 19.9986687 -0.0375154 0.7912646 0.0190363 0.6100250
88.929940 9.5142136 -0.6449025 19.9823151 -0.0416740 0.7784031 0.0181656 0.6261165
89.033680 9.5519857 -0.6422678 19.9751949 -0.0430743 0.7720200 0.0167541 0.6339156
89.241050 9.6279736 -0.6369579 19.9639416 -0.0455435 0.7587876 0.0139659 0.6495938
89.448550 9.7038765 -0.6323885 19.9551926 -0.0442884 0.7434948 0.0141682 0.6671231
89.655800 9.7814407 -0.6277270 19.9497471 -0.0384815 0.7259675 0.0138051 0.6865128
89.759570 9.8202829 -0.6255035 19.9489574 -0.0368383 0.7165565 0.0140312 0.6964143
89.966950 9.8970385 -0.6215788 19.9508610 -0.0366405 0.6967492 0.0144727 0.7162322
90.070690 9.9363298 -0.6192403 19.9532909 -0.0367346 0.6861935 0.0143345 0.7263495
90.174320 9.9755440 -0.6172282 19.9569302 -0.0380310 0.6751757 0.0138298 0.7365461
90.381840 10.0546150 -0.6124342 19.9684486 -0.0418878 0.6526247 0.0123258 0.7564222
90.589300 10.1332226 -0.6073526 19.9849186 -0.0437519 0.6301277 0.0067205 0.7752288
90.693070 10.1727524 -0.6049494 19.9945526 -0.0437881 0.6188141 0.0049735 0.7843003
90.900550 10.2507925 -0.5999374 20.0176697 -0.0444295 0.5960678 0.0009531 0.8017033
91.108060 10.3290310 -0.5951866 20.0457726 -0.0469198 0.5729184 0.0014405 0.8182670
91.315450 10.4059772 -0.5901551 20.0784760 -0.0470553 0.5489941 0.0000942 0.8345006
91.522930 10.4828653 -0.5851867 20.1155968 -0.0454915 0.5256413 -0.0000820 0.8494892
91.626680 10.5208292 -0.5824173 20.1364422 -0.0476074 0.5145455 -0.0002351 0.8561404
91.730300 10.5587225 -0.5795475 20.1579933 -0.0497362 0.5032458 0.0003591 0.8627108
91.834060 10.5961752 -0.5764778 20.1808586 -0.0511540 0.4924724 0.0020245 0.8688211
92.041550 10.6698723 -0.5702403 20.2290134 -0.0529864 0.4711535 0.0015600 0.8804569
92.145310 10.7064486 -0.5668533 20.2551098 -0.0528058 0.4614088 0.0022789 0.8856118
92.352950 10.7777300 -0.5598287 20.3091164 -0.0546719 0.4442670 -0.0009513 0.8942242
92.456800 10.8132429 -0.5563112 20.3371162 -0.0550976 0.4368107 -0.0018193 0.8978627
92.664430 10.8839159 -0.5491912 20.3955860 -0.0567809 0.4236774 -0.0043990 0.9040211
92.768320 10.9185133 -0.5454692 20.4257870 -0.0569858 0.4180635 -0.0048622 0.9066156
92.872100 10.9531288 -0.5416668 20.4562473 -0.0560994 0.4124331 -0.0048599 0.9092459
92.975930 10.9872456 -0.5381580 20.4872532 -0.0546645 0.4071588 -0.0055936 0.9117029
93.079680 11.0215311 -0.5348507 20.5185490 -0.0533771 0.4021279 -0.0055180 0.9140096
93.183560 11.0556068 -0.5311306 20.5507545 -0.0533435 0.3983818 -0.0057518 0.9156491
93.391320 11.1228037 -0.5244299 20.6147900 -0.0546933 0.3936221 -0.0060052 0.9176242
93.495180 11.1561117 -0.5208558 20.6469803 -0.0555290 0.3920167 -0.0050874 0.9182666
93.598950 11.1890888 -0.5174855 20.6790981 -0.0560975 0.3905248 -0.0052516 0.9188666
93.702820 11.2220507 -0.5140740 20.7113419 -0.0564806 0.3893639 -0.0050157 0.9193370
93.910430 11.2882376 -0.5066401 20.7763252 -0.0558966 0.3866456 -0.0064279 0.9205104
94.118060 11.3540316 -0.4995044 20.8408566 -0.0528629 0.3851635 -0.0055045 0.9213166
94.325690 11.4193621 -0.4927281 20.9051819 -0.0527339 0.3854161 -0.0044466 0.9212241
94.533310 11.4826593 -0.4861213 20.9683990 -0.0549152 0.3888069 -0.0053108 0.9196659
94.844930 11.5770645 -0.4763612 21.0585594 -0.0562602 0.3981376 -0.0071667 0.9155708
95.052690 11.6372614 -0.4708374 21.1117611 -0.0545637 0.4073201 -0.0096762 0.9116027
95.260560 11.6982794 -0.4657331 21.1647720 -0.0516036 0.4194945 -0.0083909 0.9062511
95.468320 11.7584410 -0.4608866 21.2135582 -0.0484567 0.4323358 -0.0069010 0.9003833
95.676180 11.8177290 -0.4566976 21.2581825 -0.0431196 0.4458143 -0.0042013 0.8940765
95.988060 11.9023342 -0.4528957 21.3174438 -0.0270298 0.4682937 -0.0101036 0.8831015
96.300060 11.9857855 -0.4517357 21.3691349 -0.0233954 0.4972176 -0.0148188 0.8671837
96.404190 12.0136700 -0.4515790 21.3845959 -0.0242495 0.5092587 -0.0142003 0.8601546
96.612440 12.0702372 -0.4510710 21.4110680 -0.0251364 0.5361521 -0.0103026 0.8436841
96.820810 12.1256552 -0.4513716 21.4323101 -0.0183641 0.5684767 -0.0085726 0.8224497
97.029060 12.1835775 -0.4518879 21.4493275 -0.0090478 0.6017746 -0.0111530 0.7985368
97.237310 12.2429028 -0.4530486 21.4616032 -0.0054035 0.6347010 -0.0116702 0.7726508
97.341440 12.2730389 -0.4533653 21.4655285 -0.0060753 0.6503683 -0.0100879 0.7595277
97.445440 12.3029985 -0.4542884 21.4686871 -0.0086725 0.6662787 -0.0080617 0.7456089
97.549480 12.3331881 -0.4548087 21.4704132 -0.0099125 0.6823253 -0.0070184 0.7309479
97.653560 12.3630810 -0.4551691 21.4701920 -0.0073702 0.6983191 -0.0040591 0.7157371
97.757560 12.3929987 -0.4557002 21.4689312 -0.0064511 0.7136675 -0.0031668 0.7004478
97.861590 12.4225874 -0.4563918 21.4666061 -0.0058435 0.7285116 -0.0043128 0.6849949
97.965440 12.4522181 -0.4569423 21.4629059 -0.0029611 0.7422292 -0.0041114 0.6701270
98.069330 12.4814005 -0.4575435 21.4579239 0.0013372 0.7542779 -0.0024136 0.6565495
98.173060 12.5104361 -0.4581721 21.4520378 0.0031688 0.7648256 -0.0017808 0.6442271
98.276830 12.5396433 -0.4588917 21.4460869 0.0026321 0.7744030 -0.0013884 0.6326856
98.484190 12.5982227 -0.4600195 21.4312782 0.0027602 0.7890261 0.0010472 0.6143526
98.691560 12.6565714 -0.4611071 21.4140110 0.0045682 0.8000031 0.0028671 0.5999716
98.899080 12.7147217 -0.4622357 21.3946857 0.0055350 0.8106704 0.0048845 0.5854562
99.106560 12.7731457 -0.4630664 21.3728065 0.0071412 0.8217372 0.0062699 0.5697873
99.314190 12.8304577 -0.4638495 21.3484859 0.0060553 0.8353527 0.0055801 0.5496527
99.522160 12.8867750 -0.4647831 21.3209019 0.0080553 0.8508788 0.0038748 0.5252860
99.730070 12.9407873 -0.4659635 21.2899742 0.0069641 0.8688589 0.0038876 0.4949956
99.938070 12.9918289 -0.4671225 21.2537041 0.0087578 0.8879483 0.0086146 0.4597792
100.146100 13.0406866 -0.4679429 21.2134018 0.0105119 0.9065704 0.0089902 0.4218278
100.354100 13.0847006 -0.4685692 21.1701756 0.0125226 0.9236164 0.0103934 0.3829724
100.458100 13.1049080 -0.4686626 21.1472569 0.0132967 0.9314974 0.0116625 0.3633178
100.562100 13.1233606 -0.4686826 21.1240063 0.0146126 0.9388853 0.0133129 0.3436621
100.666000 13.1415806 -0.4688701 21.0998764 0.0155936 0.9456678 0.0143956 0.3244410
100.770000 13.1580467 -0.4688359 21.0757771 0.0169006 0.9515964 0.0146381 0.3065361
100.977600 13.1887426 -0.4688408 21.0254936 0.0197809 0.9613932 0.0128840 0.2741641
101.081300 13.2032261 -0.4690069 20.9998150 0.0216408 0.9654208 0.0121660 0.2595117
101.288700 13.2296543 -0.4692141 20.9467373 0.0229082 0.9724371 0.0132020 0.2316614
101.496100 13.2537470 -0.4690936 20.8915081 0.0251640 0.9786216 0.0153714 0.2035443
101.703400 13.2745266 -0.4685836 20.8346481 0.0266775 0.9842176 0.0179672 0.1740147
101.910900 13.2920618 -0.4686255 20.7765579 0.0282468 0.9891899 0.0168945 0.1428984
102.118500 13.3055620 -0.4680474 20.7175159 0.0296677 0.9934132 0.0154653 0.1095942
102.326100 13.3149920 -0.4670959 20.6564217 0.0315430 0.9963856 0.0211384 0.0759871
102.533600 13.3206158 -0.4659344 20.5946064 0.0304699 0.9984143 0.0218064 0.0420126
102.741200 13.3220282 -0.4643444 20.5314713 0.0302042 0.9993073 0.0199508 0.0086410
102.948700 13.3194599 -0.4625208 20.4668140 0.0317620 0.9990511 0.0195894 -0.0224570
103.259900 13.3080940 -0.4594976 20.3666706 0.0342282 0.9973269 0.0183579 -0.0618911
103.467300 13.2969513 -0.4580389 20.2985001 0.0334445 0.9959903 0.0167932 -0.0812579
103.674700 13.2836924 -0.4560714 20.2289009 0.0329627 0.9946096 0.0154561 -0.0970891
103.882200 13.2685242 -0.4544021 20.1576195 0.0309330 0.9932325 0.0164260 -0.1107363
104.089600 13.2509642 -0.4524069 20.0851212 0.0321774 0.9921157 0.0180753 -0.1197674
104.296900 13.2323647 -0.4503700 20.0109882 0.0338295 0.9915893 0.0167018 -0.1238032
104.504300 13.2131042 -0.4482431 19.9355774 0.0341698 0.9913700 0.0135960 -0.1258300
104.711700 13.1927900 -0.4463852 19.8580246 0.0360191 0.9910710 0.0164507 -0.1273198
104.919200 13.1724939 -0.4440725 19.7787724 0.0367316 0.9908327 0.0176137 -0.1288062
105.126600 13.1512804 -0.4414261 19.6982670 0.0364294 0.9906436 0.0163084 -0.1305072
105.334200 13.1296406 -0.4395169 19.6162415 0.0366233 0.9904199 0.0156387 -0.1322219
105.541700 13.1068354 -0.4374693 19.5318947 0.0368885 0.9901757 0.0164377 -0.1338698
105.749200 13.0835428 -0.4351847 19.4468651 0.0379818 0.9899025 0.0161496 -0.1356084
105.956700 13.0599937 -0.4327501 19.3611717 0.0383193 0.9896401 0.0166769 -0.1373539
106.164200 13.0352716 -0.4304135 19.2745495 0.0375518 0.9894451 0.0176010 -0.1388465
106.371700 13.0110941 -0.4278253 19.1876774 0.0363153 0.9892277 0.0175442 -0.1407192
106.579200 12.9859133 -0.4252768 19.1007366 0.0366128 0.9890381 0.0170915 -0.1420245
106.786800 12.9608469 -0.4227797 19.0130558 0.0370581 0.9889985 0.0185995 -0.1419954
106.994300 12.9358425 -0.4203086 18.9252853 0.0347230 0.9895036 0.0175508 -0.1391721
107.201800 12.9121218 -0.4180217 18.8371086 0.0322273 0.9901249 0.0157578 -0.1355202
107.409200 12.8888369 -0.4162544 18.7486324 0.0281903 0.9910084 0.0125171 -0.1301960
107.720700 12.8567524 -0.4150020 18.6160889 0.0213766 0.9924418 0.0113254 -0.1203080
107.927800 12.8375196 -0.4138644 18.5273037 0.0190892 0.9935183 0.0140825 -0.1111693
108.135300 12.8194466 -0.4126136 18.4391212 0.0213959 0.9949303 0.0162444 -0.0969121
108.342700 12.8046274 -0.4115239 18.3508167 0.0216150 0.9963300 0.0134409 -0.0817234
108.550200 12.7930403 -0.4108112 18.2620449 0.0195774 0.9974587 0.0110148 -0.0676132
108.757800 12.7835274 -0.4100312 18.1731167 0.0205107 0.9982392 0.0125712 -0.0542196
108.965300 12.7759295 -0.4092588 18.0837059 0.0212352 0.9988897 0.0128464 -0.0400421
109.173100 12.7714376 -0.4086309 17.9943676 0.0178767 0.9993741 0.0148381 -0.0266763
109.380500 12.7695723 -0.4077941 17.9054718 0.0158977 0.9996413 0.0163688 -0.0140204
109.484300 12.7692671 -0.4072357 17.8607349 0.0148669 0.9997275 0.0163428 -0.0075310
109.691700 12.7701435 -0.4058196 17.7712002 0.0144918 0.9997473 0.0163034 0.0054358
109.795400 12.7716255 -0.4052942 17.7267418 0.0144897 0.9996753 0.0173844 0.0117050
110.003000 12.7761793 -0.4038634 17.6374607 0.0138457 0.9994226 0.0191927 0.0243806
110.210600 12.7826595 -0.4022152 17.5496330 0.0156586 0.9990561 0.0178576 0.0363709
110.418100 12.7909203 -0.4011513 17.4621906 0.0163243 0.9985641 0.0158630 0.0484933
110.729500 12.8077612 -0.4001211 17.3303757 0.0149579 0.9976913 0.0145276 0.0646319
110.833200 12.8145332 -0.3997538 17.2868538 0.0147196 0.9974074 0.0133265 0.0691686
111.041100 12.8280535 -0.3994406 17.2005463 0.0140783 0.9967164 0.0124505 0.0787604
111.248500 12.8439360 -0.3988823 17.1135082 0.0133894 0.9960009 0.0139830 0.0872208
111.560000 12.8702440 -0.3982849 16.9843998 0.0117743 0.9948374 0.0145434 0.0997416
111.871200 12.8996325 -0.3969626 16.8570518 0.0091111 0.9936973 0.0154690 0.1106495
112.078600 12.9204512 -0.3961296 16.7737656 0.0081952 0.9928957 0.0174798 0.1174117
112.493600 12.9642353 -0.3946466 16.6102791 0.0075864 0.9912056 0.0133365 0.1314380
112.701100 12.9863949 -0.3942719 16.5315456 0.0079962 0.9902605 0.0109900 0.1385620
113.012500 13.0215721 -0.3951873 16.4207134 0.0096505 0.9886782 0.0054372 0.1496421
113.323800 13.0558338 -0.3980642 16.3189735 0.0084366 0.9872024 -0.0094837 0.1589664
113.739100 13.1003113 -0.4055421 16.1969719 0.0096777 0.9860678 -0.0231704 0.1644377
114.467000 13.1633701 -0.4184337 15.9963789 0.0181066 0.9902921 -0.0199036 0.1363724
114.779700 13.1809244 -0.4221759 15.9106436 0.0229958 0.9954925 -0.0076951 0.0916879
115.092200 13.1879482 -0.4240671 15.8257074 0.0251206 0.9991797 -0.0004143 0.0317603
115.404800 13.1834946 -0.4252553 15.7420149 0.0266240 0.9990515 0.0048082 -0.0341218
115.821100 13.1603012 -0.4243629 15.6309681 0.0265602 0.9916940 0.0142783 -0.1250352
116.029400 13.1413622 -0.4231702 15.5760040 0.0229448 0.9848576 0.0167954 -0.1710172
116.238300 13.1163292 -0.4215703 15.5233622 0.0245559 0.9761784 0.0169484 -0.2149081
116.444900 13.0861483 -0.4194044 15.4711609 0.0281379 0.9662226 0.0178891 -0.2555428
116.652400 13.0513487 -0.4175622 15.4197922 0.0304212 0.9561465 0.0177321 -0.2907645
116.859700 13.0121841 -0.4149534 15.3695698 0.0337441 0.9468111 0.0144908 -0.3196875
117.067000 12.9691801 -0.4125684 15.3195028 0.0381580 0.9391502 0.0114949 -0.3411872
117.274300 12.9231968 -0.4099649 15.2681284 0.0396350 0.9330890 0.0107195 -0.3572943
117.481600 12.8735981 -0.4074032 15.2153063 0.0396007 0.9277209 0.0102825 -0.3710256
117.689000 12.8206110 -0.4042833 15.1620541 0.0409072 0.9234905 0.0090202 -0.3813275
117.896100 12.7647352 -0.4013250 15.1069164 0.0435984 0.9224062 0.0082650 -0.3836634
117.999600 12.7364149 -0.3997504 15.0780334 0.0445030 0.9232087 0.0087567 -0.3816132
118.103200 12.7079468 -0.3982151 15.0486069 0.0435401 0.9241567 0.0098602 -0.3793962
118.310600 12.6501236 -0.3949809 14.9881468 0.0399764 0.9253021 0.0106893 -0.3769662
118.414300 12.6204500 -0.3933432 14.9570894 0.0392401 0.9255410 0.0107623 -0.3764549
118.518000 12.5901937 -0.3916778 14.9252911 0.0388483 0.9257981 0.0110464 -0.3758546
118.725500 12.5289783 -0.3886476 14.8613462 0.0385494 0.9264156 0.0104485 -0.3743781
118.932800 12.4663496 -0.3853153 14.7951021 0.0376417 0.9271172 0.0102916 -0.3727342
119.140500 12.4026241 -0.3824044 14.7276163 0.0371649 0.9278523 0.0082302 -0.3710001
119.347800 12.3380966 -0.3799391 14.6585073 0.0352162 0.9287642 0.0060812 -0.3689442
119.555300 12.2732763 -0.3784788 14.5884094 0.0337489 0.9296617 0.0050551 -0.3668304
119.762700 12.2073660 -0.3763398 14.5163984 0.0339871 0.9306366 0.0066293 -0.3643026
119.970100 12.1417427 -0.3743030 14.4438496 0.0349426 0.9321082 0.0077615 -0.3604068
120.177500 12.0772533 -0.3719410 14.3704185 0.0350265 0.9342016 0.0104515 -0.3548680
120.384800 12.0137262 -0.3696055 14.2962570 0.0342623 0.9366336 0.0099224 -0.3484897
120.592200 11.9506512 -0.3671277 14.2211075 0.0362798 0.9400867 0.0083189 -0.3388976
120.799500 11.8898287 -0.3651536 14.1445551 0.0383575 0.9446866 0.0055806 -0.3256759
121.006700 11.8314810 -0.3636498 14.0655136 0.0384950 0.9498565 0.0047243 -0.3102714
121.214100 11.7757854 -0.3619847 13.9840975 0.0358187 0.9548139 0.0041285 -0.2950092
121.421600 11.7225466 -0.3608529 13.9005280 0.0347364 0.9586681 0.0067809 -0.2823172
121.629100 11.6707544 -0.3592698 13.8150663 0.0338046 0.9622995 0.0078318 -0.2697694
121.836600 11.6203213 -0.3579909 13.7282763 0.0339446 0.9657280 0.0065249 -0.2572441
122.044100 11.5725241 -0.3569338 13.6393824 0.0334915 0.9689281 0.0046275 -0.2450209
122.251600 11.5263987 -0.3562342 13.5490236 0.0343423 0.9717366 0.0030180 -0.2335371
122.459200 11.4813442 -0.3555993 13.4566545 0.0370753 0.9737431 0.0044524 -0.2245661
122.666800 11.4374943 -0.3547707 13.3632040 0.0376191 0.9749668 0.0041168 -0.2191061
122.874600 11.3933039 -0.3538221 13.2680349 0.0362858 0.9755486 0.0053692 -0.2167014
123.082400 11.3493872 -0.3529984 13.1725178 0.0352889 0.9759062 0.0042584 -0.2152758
123.290000 11.3058376 -0.3523422 13.0765076 0.0360964 0.9764422 0.0037238 -0.2127061
123.497600 11.2615757 -0.3511257 12.9792719 0.0395479 0.9771001 0.0052326 -0.2090069
123.705300 11.2179623 -0.3503487 12.8814735 0.0412616 0.9776178 0.0013140 -0.2062987
123.913000 11.1741848 -0.3493577 12.7818260 0.0420030 0.9778028 0.0016173 -0.2052675
124.120500 11.1299314 -0.3480916 12.6806765 0.0444290 0.9777813 0.0057561 -0.2047843
124.328100 11.0850716 -0.3461614 12.5795412 0.0489361 0.9775174 0.0041852 -0.2050549
124.535600 11.0396776 -0.3445986 12.4774351 0.0509472 0.9773118 0.0023343 -0.2055739
124.743100 10.9947357 -0.3434156 12.3739967 0.0478704 0.9770029 0.0043897 -0.2077364
124.950600 10.9495964 -0.3414131 12.2703705 0.0418042 0.9762648 0.0064953 -0.2124082
125.158200 10.9022150 -0.3400401 12.1657667 0.0365435 0.9750789 0.0076632 -0.2186938
125.365700 10.8525934 -0.3371887 12.0611343 0.0338475 0.9734337 0.0059447 -0.2263752
125.573100 10.8004980 -0.3352650 11.9561024 0.0374710 0.9713053 0.0082397 -0.2347210
125.884200 10.7169542 -0.3319936 11.8004227 0.0445736 0.9679831 0.0035259 -0.2470010
126.091700 10.6589022 -0.3300823 11.6970854 0.0452214 0.9661246 0.0046613 -0.2540404
126.299200 10.5992737 -0.3268265 11.5939960 0.0476486 0.9642242 0.0088169 -0.2606216
126.506600 10.5392675 -0.3234858 11.4921436 0.0519877 0.9630228 0.0059073 -0.2642904
126.714100 10.4792261 -0.3212914 11.3900995 0.0495236 0.9624860 0.0050303 -0.2667262
126.921600 10.4178991 -0.3187831 11.2864552 0.0455716 0.9622157 0.0066237 -0.2683659
127.129000 10.3556290 -0.3158138 11.1829567 0.0454152 0.9620099 0.0083568 -0.2690809
127.440100 10.2608967 -0.3113058 11.0268974 0.0453613 0.9620464 0.0081860 -0.2689649
127.647600 10.1977711 -0.3084337 10.9228935 0.0429360 0.9621257 0.0092049 -0.2690462
127.855000 10.1357937 -0.3048357 10.8190861 0.0436238 0.9614967 0.0104262 -0.2711318
128.062200 10.0727863 -0.3016950 10.7153587 0.0445007 0.9610378 0.0094293 -0.2726482
128.269700 10.0090227 -0.2981744 10.6111813 0.0429101 0.9608334 0.0095028 -0.2736195
128.477100 9.9461832 -0.2954136 10.5081911 0.0434190 0.9608871 0.0104338 -0.2733163
128.684500 9.8832779 -0.2921417 10.4044447 0.0445964 0.9608706 0.0089036 -0.2732389
128.788200 9.8514357 -0.2914137 10.3530865 0.0442014 0.9610090 0.0092640 -0.2728042
128.995500 9.7882929 -0.2880256 10.2485018 0.0431597 0.9610734 0.0100398 -0.2727166
129.202800 9.7245178 -0.2853028 10.1443005 0.0435095 0.9612086 0.0102068 -0.2721779
129.306600 9.6929274 -0.2840357 10.0922689 0.0438578 0.9611851 0.0095964 -0.2722272
129.514100 9.6294527 -0.2813492 9.9885330 0.0446915 0.9612193 0.0091202 -0.2719873
129.617800 9.5972652 -0.2799656 9.9366331 0.0449391 0.9613132 0.0094458 -0.2716030
129.825300 9.5340900 -0.2769400 9.8313541 0.0468451 0.9610398 0.0097810 -0.2722358
129.929100 9.5017338 -0.2755728 9.7790518 0.0477643 0.9610145 0.0096648 -0.2721695
130.032700 9.4697409 -0.2740890 9.7268019 0.0490863 0.9608653 0.0084362 -0.2725017
130.136500 9.4376535 -0.2727378 9.6747618 0.0495788 0.9607591 0.0072377 -0.2728214
130.240200 9.4061632 -0.2710325 9.6224117 0.0503741 0.9604502 0.0071986 -0.2737626
130.343800 9.3739500 -0.2697393 9.5704727 0.0492228 0.9602959 0.0081400 -0.2744860
130.447600 9.3424263 -0.2682391 9.5187674 0.0474919 0.9599601 0.0089897 -0.2759353
130.551300 9.3109064 -0.2666532 9.4670000 0.0456826 0.9596094 0.0105007 -0.2774035
130.655000 9.2786484 -0.2650073 9.4151878 0.0464298 0.9591274 0.0116906 -0.2788945
130.862500 9.2129555 -0.2611251 9.3112841 0.0461809 0.9585516 0.0099834 -0.2809742
130.966100 9.1803398 -0.2594360 9.2594090 0.0453685 0.9583133 0.0097250 -0.2819268
131.173700 9.1145859 -0.2558481 9.1560202 0.0456470 0.9579020 0.0097902 -0.2832742
131.277500 9.0822258 -0.2535480 9.1054745 0.0473174 0.9576712 0.0107443 -0.2837454
131.484800 9.0166941 -0.2500689 9.0043287 0.0494550 0.9573854 0.0105597 -0.2843516
131.588500 8.9843245 -0.2480485 8.9543285 0.0500355 0.9572501 0.0105355 -0.2847063
131.796000 8.9182768 -0.2443620 8.8532715 0.0522133 0.9570913 0.0115881 -0.2848084
132.003300 8.8530369 -0.2403525 8.7524843 0.0529647 0.9571544 0.0101937 -0.2845107
132.210600 8.7882051 -0.2367731 8.6511412 0.0514405 0.9574775 0.0107060 -0.2836832
132.418000 8.7233143 -0.2330870 8.5500755 0.0505992 0.9579353 0.0117077 -0.2822457
132.625500 8.6589756 -0.2288096 8.4488535 0.0498686 0.9585754 0.0118268 -0.2801900
132.936500 8.5650043 -0.2240957 8.2973108 0.0439211 0.9597158 0.0097591 -0.2773468
133.143700 8.5022964 -0.2207325 8.1961145 0.0426859 0.9605108 0.0122147 -0.2746774
133.351100 8.4398727 -0.2173252 8.0948095 0.0439515 0.9612532 0.0125283 -0.2718523
133.558600 8.3784151 -0.2139652 7.9931359 0.0466572 0.9620814 0.0127977 -0.2684373
133.869700 8.2875900 -0.2089769 7.8389163 0.0489039 0.9640994 0.0119194 -0.2607273
134.180800 8.1999407 -0.2045387 7.6826391 0.0449343 0.9670116 0.0104393 -0.2505203
134.388200 8.1433449 -0.2013676 7.5771303 0.0427370 0.9688781 0.0117553 -0.2435376
134.595600 8.0886879 -0.1986269 7.4728112 0.0431940 0.9704928 0.0114692 -0.2369525
134.699300 8.0616436 -0.1972757 7.4202061 0.0430126 0.9712974 0.0101384 -0.2337271
134.906900 8.0097961 -0.1941013 7.3152976 0.0436519 0.9722870 0.0101031 -0.2294568
135.114300 7.9573927 -0.1914075 7.2089152 0.0460500 0.9729277 0.0109706 -0.2262093
135.322000 7.9058561 -0.1893492 7.1027775 0.0465730 0.9734563 0.0083559 -0.2239285
135.529500 7.8550606 -0.1872143 6.9959822 0.0450000 0.9741202 0.0088917 -0.2213274
135.736900 7.8049574 -0.1850636 6.8896875 0.0446617 0.9747552 0.0101037 -0.2185302
135.944200 7.7554774 -0.1825747 6.7820101 0.0444723 0.9753398 0.0095659 -0.2159700
136.047800 7.7311611 -0.1813659 6.7284536 0.0457234 0.9755496 0.0094234 -0.2147640
136.255200 7.6823573 -0.1790722 6.6210785 0.0474158 0.9760204 0.0084587 -0.2122836
136.359000 7.6582518 -0.1783551 6.5676951 0.0467683 0.9762799 0.0075854 -0.2112650
136.670200 7.5871487 -0.1750674 6.4054322 0.0416802 0.9768905 0.0117455 -0.2093079
136.774000 7.5632052 -0.1737923 6.3519263 0.0407636 0.9770815 0.0121382 -0.2085732
136.981400 7.5158587 -0.1710291 6.2444930 0.0416117 0.9772206 0.0120706 -0.2077563
137.188700 7.4687023 -0.1689283 6.1369987 0.0421366 0.9773767 0.0100458 -0.2070227
137.396200 7.4227962 -0.1666411 6.0298524 0.0405876 0.9775758 0.0090495 -0.2064372
137.500000 7.3993721 -0.1658358 5.9762836 0.0405145 0.9776953 0.0094121 -0.2058686
137.603600 7.3762364 -0.1647875 5.9225097 0.0396591 0.9778703 0.0095856 -0.2051947
137.707400 7.3533483 -0.1635405 5.8687387 0.0401747 0.9779919 0.0090030 -0.2045406
137.811000 7.3302016 -0.1628465 5.8152461 0.0400347 0.9782091 0.0095772 -0.2035005
137.914700 7.3069878 -0.1617773 5.7613869 0.0409918 0.9783149 0.0093140 -0.2028125
138.018400 7.2838087 -0.1608378 5.7076764 0.0412157 0.9785123 0.0084200 -0.2018517
138.122100 7.2612243 -0.1600139 5.6541095 0.0420340 0.9785643 0.0072528 -0.2014755
138.225900 7.2383308 -0.1592367 5.6004124 0.0429541 0.9785616 0.0066463 -0.2013155
138.329600 7.2153149 -0.1584459 5.5465860 0.0426333 0.9785112 0.0067340 -0.2016257
138.433400 7.1924429 -0.1579323 5.4928026 0.0422995 0.9782612 0.0066409 -0.2029082
138.537100 7.1695161 -0.1574089 5.4390202 0.0412464 0.9778953 0.0073686 -0.2048545
138.641000 7.1464477 -0.1568175 5.3854570 0.0399098 0.9774360 0.0086336 -0.2072475
138.744700 7.1228828 -0.1558911 5.3319583 0.0389430 0.9768543 0.0100846 -0.2100891
138.848500 7.0987039 -0.1549241 5.2785382 0.0383188 0.9762028 0.0114798 -0.2131385
139.056000 7.0495725 -0.1524912 5.1723380 0.0371032 0.9744201 0.0134825 -0.2212396
139.159700 7.0240097 -0.1513636 5.1194582 0.0360078 0.9734488 0.0128729 -0.2256881
139.367400 6.9722147 -0.1488858 5.0147672 0.0331967 0.9711334 0.0124352 -0.2358886
139.471100 6.9457974 -0.1477073 4.9629569 0.0317359 0.9698654 0.0131341 -0.2412080
139.678500 6.8905911 -0.1452662 4.8608651 0.0324030 0.9672213 0.0135287 -0.2514956
139.782200 6.8614388 -0.1436871 4.8099661 0.0334290 0.9658840 0.0129961 -0.2564793
139.886000 6.8325181 -0.1424119 4.7594557 0.0339192 0.9644237 0.0131794 -0.2618450
139.989700 6.8024807 -0.1410654 4.7095585 0.0351014 0.9629071 0.0125201 -0.2672472
140.093500 6.7721581 -0.1397328 4.6596842 0.0359315 0.9612380 0.0123291 -0.2730906
140.197100 6.7412252 -0.1385585 4.6104474 0.0382708 0.9594158 0.0119965 -0.2791285
140.300900 6.7097082 -0.1370682 4.5616922 0.0397335 0.9576751 0.0130533 -0.2847968
140.404600 6.6775398 -0.1354843 4.5132384 0.0417648 0.9558323 0.0133845 -0.2906221
140.508200 6.6452360 -0.1337868 4.4652982 0.0429591 0.9540638 0.0132885 -0.2962099
140.612000 6.6120925 -0.1320966 4.4175243 0.0435819 0.9524392 0.0119026 -0.3013609
140.715600 6.5786042 -0.1306256 4.3703084 0.0441686 0.9509571 0.0107042 -0.3059661
140.819400 6.5445724 -0.1288502 4.3229938 0.0440976 0.9497875 0.0101837 -0.3096052
140.923100 6.5102181 -0.1270824 4.2764912 0.0459218 0.9486411 0.0085643 -0.3128866
141.026700 6.4756823 -0.1252571 4.2297177 0.0490613 0.9473680 0.0077931 -0.3162690
141.130500 6.4409161 -0.1237518 4.1830125 0.0494205 0.9463529 0.0081614 -0.3192291
141.338000 6.3702159 -0.1204757 4.0905972 0.0496148 0.9442142 0.0073537 -0.3254902
141.441700 6.3341751 -0.1187805 4.0438719 0.0471039 0.9434248 0.0078409 -0.3281303
141.545500 6.2976646 -0.1171251 3.9980478 0.0483875 0.9424825 0.0076856 -0.3306453
141.649100 6.2611003 -0.1154115 3.9518831 0.0488862 0.9415857 0.0091364 -0.3330813
141.752900 6.2243743 -0.1135491 3.9057548 0.0489630 0.9406773 0.0104035 -0.3355900
141.856600 6.1872592 -0.1112430 3.8599443 0.0477597 0.9401690 0.0099388 -0.3371980
141.960200 6.1497469 -0.1092312 3.8140233 0.0464913 0.9395757 0.0094249 -0.3390386
142.064000 6.1121774 -0.1070834 3.7681975 0.0455282 0.9388077 0.0106733 -0.3412526
142.167700 6.0741310 -0.1051618 3.7225437 0.0463216 0.9377530 0.0124046 -0.3439763
142.271500 6.0358791 -0.1027603 3.6771607 0.0470017 0.9363983 0.0116989 -0.3475804
142.375400 5.9968467 -0.1004508 3.6319788 0.0464581 0.9349653 0.0110659 -0.3515099
142.479100 5.9571238 -0.0983470 3.5867343 0.0461910 0.9334357 0.0103274 -0.3556086
142.582700 5.9171276 -0.0964177 3.5420399 0.0470558 0.9319948 0.0095276 -0.3592779
142.686500 5.8770127 -0.0942380 3.4975185 0.0469163 0.9310424 0.0095651 -0.3617559
142.790100 5.8365612 -0.0926452 3.4531453 0.0475600 0.9303684 0.0101777 -0.3633856
142.893700 5.7961645 -0.0902711 3.4086654 0.0467928 0.9298880 0.0113294 -0.3646785
143.101100 5.7148662 -0.0858944 3.3203969 0.0466574 0.9295307 0.0125054 -0.3655671
143.204700 5.6743093 -0.0833379 3.2764826 0.0469129 0.9298411 0.0130306 -0.3647257
143.412100 5.5932884 -0.0790879 3.1872506 0.0459185 0.9305415 0.0138407 -0.3630322
143.619600 5.5134597 -0.0748659 3.0991752 0.0428205 0.9312558 0.0099015 -0.3617056
143.827000 5.4337797 -0.0708688 3.0103168 0.0445166 0.9313572 0.0087691 -0.3612688
144.034400 5.3541269 -0.0670362 2.9220290 0.0480350 0.9313362 0.0096094 -0.3608508
144.241700 5.2751627 -0.0631147 2.8332906 0.0466120 0.9310884 0.0089823 -0.3616920
144.449100 5.1942554 -0.0590090 2.7433691 0.0454139 0.9307539 0.0090421 -0.3627025
144.656500 5.1140027 -0.0547121 2.6542466 0.0450359 0.9302835 0.0106079 -0.3639120
144.967900 4.9885769 -0.0476577 2.5187137 0.0439811 0.9291347 0.0102390 -0.3669735
145.175400 4.9040675 -0.0434846 2.4292650 0.0443230 0.9281753 0.0111540 -0.3693261
145.486600 4.7803497 -0.0373325 2.2963839 0.0436319 0.9266021 0.0131806 -0.3732708
145.901400 4.6114812 -0.0290971 2.1222422 0.0450057 0.9253702 0.0120628 -0.3761902
146.212500 4.4848752 -0.0212876 1.9896859 0.0433846 0.9249604 0.0143220 -0.3773075
146.523500 4.3579302 -0.0137753 1.8580739 0.0442272 0.9245500 0.0156866 -0.3781602
146.834600 4.2301884 -0.0071655 1.7251712 0.0422123 0.9249271 0.0096052 -0.3776716
147.042000 4.1455989 -0.0031723 1.6378727 0.0424298 0.9250507 0.0129887 -0.3772429
147.353100 4.0191197 0.0040649 1.5061840 0.0458907 0.9248060 0.0108375 -0.3775055
147.560600 3.9346707 0.0085065 1.4186678 0.0469715 0.9246888 0.0096541 -0.3776917
147.768000 3.8495886 0.0129151 1.3303369 0.0470228 0.9250017 0.0100639 -0.3769078
147.975500 3.7662046 0.0173658 1.2416503 0.0447601 0.9251331 0.0109767 -0.3768351
148.183000 3.6839249 0.0212854 1.1549306 0.0436272 0.9251767 0.0130671 -0.3767942
148.390400 3.6012080 0.0258728 1.0682095 0.0432841 0.9253116 0.0120627 -0.3765362
148.494100 3.5602388 0.0279097 1.0252092 0.0428836 0.9253849 0.0112113 -0.3764280
148.701600 3.4768517 0.0317269 0.9382299 0.0411749 0.9256356 0.0107561 -0.3760156
148.909000 3.3946910 0.0350221 0.8511540 0.0412108 0.9254590 0.0122873 -0.3763991
149.116400 3.3111360 0.0402917 0.7641301 0.0408072 0.9254860 0.0121270 -0.3763819
149.220100 3.2682080 0.0427570 0.7203028 0.0376645 0.9259154 0.0127682 -0.3756317
149.427500 3.1842611 0.0464730 0.6322333 0.0334880 0.9260495 0.0122782 -0.3757128
149.634900 3.1000628 0.0498864 0.5437433 0.0344097 0.9259304 0.0155192 -0.3758031
149.842400 3.0170767 0.0543412 0.4562289 0.0349309 0.9259577 0.0126954 -0.3757938
150.049700 2.9331951 0.0576518 0.3675988 0.0331855 0.9258854 0.0149750 -0.3760460
150.257200 2.8494117 0.0617890 0.2789403 0.0330546 0.9257917 0.0129719 -0.3763627
150.361000 2.8078787 0.0636276 0.2359662 0.0335623 0.9259079 0.0119309 -0.3760664
150.568400 2.7232170 0.0670317 0.1482499 0.0343563 0.9262003 0.0130483 -0.3752364
150.672100 2.6808686 0.0690528 0.1041580 0.0349454 0.9262615 0.0125113 -0.3750493
150.879500 2.5973084 0.0723666 0.0163997 0.0316079 0.9266975 0.0123609 -0.3742725
150.983100 2.5553572 0.0741408 -0.0283238 0.0296982 0.9267549 0.0125596 -0.3742802
151.190500 2.4713683 0.0772776 -0.1170909 0.0273606 0.9268937 0.0125164 -0.3741161
151.398000 2.3875225 0.0802979 -0.2053116 0.0269886 0.9270781 0.0116931 -0.3737126
151.605500 2.3040636 0.0828361 -0.2927929 0.0268212 0.9272690 0.0093704 -0.3733160
151.709100 2.2629986 0.0838891 -0.3367747 0.0266944 0.9272298 0.0093663 -0.3734229
151.916600 2.1802385 0.0859861 -0.4243109 0.0237867 0.9273394 0.0075208 -0.3733889
152.124100 2.0995338 0.0871120 -0.5101849 0.0185033 0.9272708 0.0065064 -0.3738770
152.331500 2.0192826 0.0880401 -0.5948365 0.0165753 0.9273513 0.0085542 -0.3737268
152.538900 1.9397384 0.0889038 -0.6790105 0.0172487 0.9279207 0.0098304 -0.3722486
152.746200 1.8620239 0.0895916 -0.7612252 0.0175720 0.9288376 0.0030616 -0.3700575
152.953500 1.7846049 0.0894400 -0.8428444 0.0247505 0.9298825 0.0019033 -0.3670180
153.057200 1.7459662 0.0896693 -0.8846553 0.0266334 0.9305534 0.0024950 -0.3651778
153.264500 1.6715609 0.0898891 -0.9662746 0.0252804 0.9319278 0.0048197 -0.3617295
153.368200 1.6352911 0.0899954 -1.0073864 0.0233582 0.9324967 0.0049439 -0.3603884
153.575600 1.5633898 0.0901453 -1.0874822 0.0246289 0.9336646 -0.0008531 -0.3572999
153.679400 1.5284277 0.0900792 -1.1269523 0.0254609 0.9341143 -0.0021262 -0.3560587
153.886700 1.4611262 0.0889883 -1.2050239 0.0198878 0.9349241 -0.0001625 -0.3542899
154.198000 1.3654180 0.0879095 -1.3173804 0.0096548 0.9357726 0.0058994 -0.3524226
154.509300 1.2778885 0.0871154 -1.4210240 -0.0035473 0.9360937 0.0060786 -0.3516803
154.820700 1.1976234 0.0852941 -1.5171431 -0.0173398 0.9326646 0.0154861 -0.3599946
155.132600 1.1213143 0.0842860 -1.5996996 -0.0316540 0.9250882 0.0179375 -0.3780053
155.444800 1.0507447 0.0833892 -1.6698679 -0.0420027 0.9115081 0.0196872 -0.4086577
155.861400 0.9598693 0.0811136 -1.7413607 -0.0454146 0.8797057 0.0212803 -0.4728663
156.173700 0.8924988 0.0785117 -1.7777681 0.0425793 -0.8482221 -0.0182141 0.5276121
156.486100 0.8239630 0.0755676 -1.8019838 0.0328285 -0.8089944 -0.0207658 0.5865315
156.694500 0.7774743 0.0753348 -1.8111019 0.0269117 -0.7742404 -0.0259581 0.6317861
157.006900 0.7098361 0.0740225 -1.8145523 0.0175155 -0.7145968 -0.0280289 0.6987553
157.318900 0.6449585 0.0737658 -1.8055757 0.0178478 -0.6515249 -0.0292119 0.7578545
157.526600 0.6030532 0.0729470 -1.7939316 0.0179928 -0.6068392 -0.0282269 0.7941194
157.734500 0.5631158 0.0724598 -1.7770226 0.0219561 -0.5610723 -0.0280898 0.8269987
157.942100 0.5247254 0.0717234 -1.7553948 0.0231673 -0.5137579 -0.0276370 0.8571769
158.149700 0.4880106 0.0699931 -1.7289846 0.0204255 -0.4645648 -0.0292003 0.8848219
158.357400 0.4525839 0.0685423 -1.6975124 0.0176734 -0.4153282 -0.0306025 0.9089850
158.564900 0.4194342 0.0673863 -1.6614286 0.0192111 -0.3660850 -0.0312404 0.9298584
158.668600 0.4040000 0.0669017 -1.6414528 0.0201219 -0.3421049 -0.0302691 0.9389585
158.772400 0.3892229 0.0661824 -1.6203756 0.0204192 -0.3181876 -0.0287635 0.9473713
158.876100 0.3753830 0.0652307 -1.5982093 0.0203569 -0.2946390 -0.0273721 0.9549996
158.979700 0.3621528 0.0642856 -1.5747476 0.0203278 -0.2714441 -0.0260362 0.9618872
159.083500 0.3501572 0.0633072 -1.5503995 0.0197610 -0.2484951 -0.0238440 0.9681380
159.187100 0.3388154 0.0622308 -1.5250351 0.0191971 -0.2265018 -0.0221415 0.9735698
159.290900 0.3280051 0.0609429 -1.4987640 0.0186769 -0.2057307 -0.0208802 0.9782076
159.498100 0.3090240 0.0584861 -1.4438540 0.0197720 -0.1687988 -0.0191183 0.9852667
159.601700 0.3010721 0.0572989 -1.4154037 0.0208002 -0.1533123 -0.0170166 0.9878123
159.705200 0.2930607 0.0558461 -1.3856057 0.0219992 -0.1390091 -0.0147113 0.9899374
159.808900 0.2859167 0.0542597 -1.3555725 0.0235351 -0.1263462 -0.0138909 0.9916097
159.912500 0.2786841 0.0524622 -1.3245525 0.0244924 -0.1154096 -0.0133918 0.9929257
160.016100 0.2721586 0.0507130 -1.2928463 0.0245330 -0.1059182 -0.0116963 0.9940034
160.223400 0.2602076 0.0471957 -1.2277077 0.0232173 -0.0921361 -0.0087904 0.9954369
160.430500 0.2482832 0.0436889 -1.1603234 0.0210100 -0.0845732 -0.0053943 0.9961811
160.637900 0.2367857 0.0400409 -1.0906492 0.0180131 -0.0811215 -0.0032991 0.9965360
160.845200 0.2245382 0.0369727 -1.0196217 0.0183675 -0.0798194 -0.0037423 0.9966331
161.052600 0.2131798 0.0339066 -0.9459732 0.0173671 -0.0785777 -0.0015118 0.9967555
161.260100 0.2013406 0.0305195 -0.8707256 0.0159793 -0.0774010 -0.0019053 0.9968702
161.571300 0.1835256 0.0256027 -0.7545009 0.0138785 -0.0753545 0.0009339 0.9970598
161.778800 0.1731382 0.0232722 -0.6758884 0.0113288 -0.0744451 0.0036459 0.9971541
161.986200 0.1609312 0.0202642 -0.5973610 0.0107431 -0.0728684 0.0065745 0.9972620
162.193600 0.1493544 0.0172218 -0.5191774 0.0081363 -0.0711853 0.0087856 0.9973912
162.401000 0.1386911 0.0144935 -0.4425220 0.0039887 -0.0708645 0.0098304 0.9974295
162.608400 0.1276564 0.0124385 -0.3679249 0.0040322 -0.0717246 0.0111792 0.9973537
162.815900 0.1168189 0.0099334 -0.2952054 0.0068825 -0.0739613 0.0102842 0.9971843
163.023300 0.1051331 0.0079363 -0.2239859 0.0065832 -0.0764514 0.0075486 0.9970230
163.334500 0.0881404 0.0048181 -0.1197775 0.0005271 -0.0814338 0.0064716 0.9966576
163.542000 0.0757324 0.0033841 -0.0524727 0.0015416 -0.0857857 0.0028349 0.9963084
163.749500 0.0637442 0.0024554 0.0136923 -0.0035650 -0.0917791 0.0040618 0.9957647
163.956900 0.0506571 0.0017132 0.0776547 -0.0015882 -0.0998124 0.0042378 0.9949960
164.164400 0.0366057 0.0007991 0.1413610 0.0024902 -0.1105477 0.0060673 0.9938492
164.268100 0.0282996 0.0003116 0.1725792 0.0023950 -0.1160063 0.0061905 0.9932263
164.371900 0.0203068 -0.0003037 0.2047635 0.0007073 -0.1219095 0.0065237 0.9925195
164.475600 0.0117051 -0.0009549 0.2371052 -0.0008168 -0.1273841 0.0069013 0.9918291
164.579300 0.0036953 -0.0015308 0.2694415 -0.0013721 -0.1338035 0.0072914 0.9909801
164.683000 -0.0064913 -0.0019697 0.3014296 -0.0002264 -0.1388100 0.0062553 0.9902992
164.786700 -0.0163184 -0.0023407 0.3331613 0.0022878 -0.1441367 0.0063100 0.9895350
164.890500 -0.0264239 -0.0029529 0.3652589 0.0045575 -0.1494073 0.0069316 0.9887409
