0.000000 0.0000000 0.0000000 0.0000000 0.0000000 0.0000000 0.0000000 1.0000000
0.310908 0.0016451 -0.0006036 0.0437807 0.0001364 0.0101189 0.0038057 0.9999415
0.414483 0.0019361 -0.0006693 0.0589014 0.0009325 0.0090907 0.0045181 0.9999480
0.621714 0.0019537 -0.0011299 0.0901875 0.0024677 -0.0005434 0.0066507 0.9999747
0.725215 0.0007866 -0.0016004 0.1065438 0.0023828 -0.0086691 0.0061337 0.9999408
0.932502 -0.0027098 -0.0021107 0.1403943 0.0030723 -0.0282236 0.0020776 0.9995947
1.036104 -0.0048839 -0.0022916 0.1581220 0.0032357 -0.0382461 0.0021112 0.9992609
1.243510 -0.0103746 -0.0029416 0.1952705 0.0023297 -0.0584488 0.0035718 0.9982813
1.347350 -0.0135860 -0.0030949 0.2149376 0.0022145 -0.0675057 0.0028664 0.9977123
1.555101 -0.0211944 -0.0038932 0.2558090 0.0018282 -0.0822843 0.0021210 0.9966050
1.659233 -0.0255770 -0.0042921 0.2771861 0.0020917 -0.0882744 0.0027541 0.9960902
1.762893 -0.0298080 -0.0045099 0.2993138 0.0032124 -0.0932554 0.0045515 0.9956266
1.867090 -0.0346176 -0.0049686 0.3220872 0.0040426 -0.0971795 0.0040523 0.9952504
1.970961 -0.0399520 -0.0052686 0.3454132 0.0049177 -0.1008440 0.0036857 0.9948833
2.076388 -0.0452828 -0.0057892 0.3694675 0.0062755 -0.1050039 0.0040010 0.9944440
2.179116 -0.0508014 -0.0064231 0.3943789 0.0067783 -0.1089823 0.0059953 0.9940025
2.283102 -0.0562169 -0.0070803 0.4198777 0.0069967 -0.1131127 0.0093496 0.9935135
2.387073 -0.0626001 -0.0076089 0.4457825 0.0083967 -0.1175220 0.0091563 0.9929926
2.491106 -0.0699980 -0.0083230 0.4717775 0.0107715 -0.1218823 0.0069176 0.9924620
2.699213 -0.0849872 -0.0102555 0.5262091 0.0129953 -0.1308431 0.0065166 0.9912965
2.907234 -0.1019513 -0.0124962 0.5833916 0.0152756 -0.1391363 0.0070764 0.9901301
3.115221 -0.1204253 -0.0151485 0.6425095 0.0197682 -0.1473837 0.0060275 0.9888635
3.323567 -0.1401684 -0.0185887 0.7042468 0.0275981 -0.1526060 0.0063600 0.9878812
3.531593 -0.1613301 -0.0227318 0.7676567 0.0368093 -0.1569711 0.0046332 0.9869061
3.742035 -0.1842618 -0.0285032 0.8316063 0.0440607 -0.1613562 0.0018554 0.9859105
3.947360 -0.2085194 -0.0352800 0.8985047 0.0500762 -0.1663994 -0.0006200 0.9847859
4.155286 -0.2346347 -0.0429463 0.9672766 0.0527878 -0.1713620 -0.0033492 0.9837872
4.259272 -0.2473456 -0.0470621 1.0010933 0.0523630 -0.1745602 -0.0037478 0.9832460
4.467802 -0.2747801 -0.0548246 1.0700362 0.0508167 -0.1811824 -0.0038616 0.9821281
4.676366 -0.3045400 -0.0625336 1.1423037 0.0465577 -0.1897912 -0.0048549 0.9807079
4.882642 -0.3363926 -0.0698749 1.2153715 0.0428150 -0.1988082 -0.0085835 0.9790651
5.090371 -0.3696575 -0.0771700 1.2879535 0.0415912 -0.2083316 -0.0084623 0.9771369
5.298151 -0.4057141 -0.0837177 1.3634034 0.0406517 -0.2172441 -0.0098520 0.9752207
5.505885 -0.4439491 -0.0904022 1.4399620 0.0372895 -0.2257613 -0.0090658 0.9734265
5.713619 -0.4844834 -0.0967021 1.5184323 0.0325283 -0.2340256 -0.0096066 0.9716386
5.921350 -0.5266330 -0.1019143 1.5976990 0.0309307 -0.2414646 -0.0081313 0.9698825
6.129103 -0.5711409 -0.1082600 1.6781198 0.0293045 -0.2475871 -0.0084253 0.9683857
6.336918 -0.6175171 -0.1132948 1.7608932 0.0292758 -0.2524126 -0.0068213 0.9671527
6.441106 -0.6414691 -0.1161762 1.8034273 0.0293560 -0.2538516 -0.0063838 0.9667765
6.648730 -0.6903899 -0.1219459 1.8881336 0.0280690 -0.2545011 -0.0069361 0.9666402
6.856505 -0.7404896 -0.1276685 1.9748256 0.0277679 -0.2553281 -0.0050675 0.9664423
7.064308 -0.7928083 -0.1331903 2.0648851 0.0268341 -0.2580261 -0.0037281 0.9657580
7.271858 -0.8457650 -0.1393040 2.1547918 0.0224257 -0.2628521 -0.0024963 0.9645723
7.375748 -0.8723643 -0.1421930 2.1984251 0.0213336 -0.2665490 -0.0021648 0.9635828
7.583886 -0.9270077 -0.1483830 2.2862456 0.0233184 -0.2769496 0.0004963 0.9606013
7.687027 -0.9553686 -0.1508068 2.3298650 0.0232418 -0.2824143 0.0004469 0.9590108
7.790766 -0.9845133 -0.1535821 2.3734291 0.0208045 -0.2875019 -0.0004211 0.9575540
7.894618 -1.0138307 -0.1561703 2.4161563 0.0192052 -0.2919475 -0.0024882 0.9562383
7.998481 -1.0428839 -0.1586874 2.4581387 0.0200563 -0.2952754 -0.0026215 0.9551980
8.102397 -1.0724864 -0.1614903 2.5001218 0.0221143 -0.2980943 -0.0023898 0.9542772
8.206229 -1.1025254 -0.1642307 2.5417049 0.0259431 -0.3005153 -0.0026830 0.9534203
8.310112 -1.1325637 -0.1671084 2.5837202 0.0265942 -0.3033386 -0.0022591 0.9525090
8.413979 -1.1632086 -0.1700387 2.6253633 0.0248005 -0.3057441 -0.0028949 0.9517863
8.621720 -1.2253186 -0.1751953 2.7088783 0.0210824 -0.3105597 -0.0041289 0.9503111
8.725744 -1.2564201 -0.1776018 2.7502244 0.0216040 -0.3130174 -0.0045238 0.9494908
8.829907 -1.2874587 -0.1805475 2.7916801 0.0223647 -0.3160446 -0.0042389 0.9484712
8.933548 -1.3193345 -0.1832034 2.8331988 0.0233869 -0.3191154 -0.0032089 0.9474218
9.141108 -1.3844452 -0.1891639 2.9164279 0.0226808 -0.3260079 -0.0022758 0.9450922
9.348782 -1.4511553 -0.1942449 2.9975774 0.0230579 -0.3335666 -0.0018386 0.9424427
9.556318 -1.5195370 -0.2001792 3.0787311 0.0234412 -0.3416719 -0.0007934 0.9395266
9.764859 -1.5891746 -0.2061864 3.1586344 0.0243541 -0.3499983 0.0001955 0.9364337
9.971133 -1.6614538 -0.2120304 3.2395000 0.0231893 -0.3589151 0.0014335 0.9330810
10.178630 -1.7359737 -0.2180980 3.3189867 0.0229841 -0.3675077 0.0022186 0.9297338
10.386180 -1.8119057 -0.2242106 3.3992250 0.0236046 -0.3763708 0.0027354 0.9261643
10.697400 -1.9332145 -0.2339467 3.5181384 0.0236442 -0.3860701 0.0025335 0.9221629
10.904980 -2.0144396 -0.2405548 3.5966449 0.0258413 -0.3930695 0.0039472 0.9191371
11.112480 -2.0979824 -0.2465236 3.6742613 0.0260256 -0.3992476 0.0035623 0.9164668
11.320040 -2.1834815 -0.2534208 3.7515621 0.0255101 -0.4056152 0.0043160 0.9136777
11.423780 -2.2267032 -0.2568274 3.7898433 0.0254627 -0.4084884 0.0048318 0.9123955
11.631420 -2.3148949 -0.2640143 3.8661518 0.0246517 -0.4134183 0.0059796 0.9101878
11.839050 -2.4042032 -0.2712080 3.9428086 0.0254800 -0.4182934 0.0094566 0.9079053
12.149860 -2.5406735 -0.2829512 4.0563698 0.0230336 -0.4298597 0.0166811 0.9024477
12.357360 -2.6346605 -0.2906664 4.1298885 0.0203128 -0.4401630 0.0177163 0.8975133
12.668390 -2.7801628 -0.3019117 4.2355080 0.0222458 -0.4557261 0.0183480 0.8896528
12.875730 -2.8798909 -0.3101630 4.3037915 0.0209847 -0.4662338 0.0203064 0.8841795
13.083110 -2.9812112 -0.3183804 4.3709669 0.0201661 -0.4773176 0.0209933 0.8782486
13.290730 -3.0845401 -0.3263183 4.4358602 0.0213847 -0.4879653 0.0211785 0.8723440
13.601730 -3.2441690 -0.3395410 4.5285969 0.0210798 -0.5022360 0.0207337 0.8642249
13.705510 -3.2978384 -0.3435528 4.5589547 0.0196393 -0.5064960 0.0209465 0.8617641
13.912900 -3.4068251 -0.3519351 4.6172090 0.0201833 -0.5138036 0.0222863 0.8573808
14.120270 -3.5136335 -0.3601623 4.6726050 0.0211688 -0.5200310 0.0255054 0.8535040
14.224500 -3.5682499 -0.3653457 4.7001476 0.0214902 -0.5224533 0.0270373 0.8519681
14.431260 -3.6784577 -0.3745913 4.7551360 0.0187396 -0.5267838 0.0276956 0.8493413
14.538380 -3.7332995 -0.3792025 4.7818012 0.0163041 -0.5283937 0.0280297 0.8483800
14.742390 -3.8427780 -0.3878281 4.8354173 0.0142463 -0.5315362 0.0291062 0.8464155
14.846120 -3.8969238 -0.3916784 4.8614345 0.0130403 -0.5326021 0.0295194 0.8457503
15.053740 -4.0065928 -0.3996862 4.9134164 0.0110450 -0.5348548 0.0309985 0.8443030
15.157490 -4.0600991 -0.4033612 4.9387846 0.0103030 -0.5359523 0.0317164 0.8435894
15.261240 -4.1132612 -0.4072407 4.9633198 0.0084155 -0.5369053 0.0324167 0.8429775
15.365030 -4.1660914 -0.4108142 4.9879117 0.0073940 -0.5378582 0.0326721 0.8423695
15.468850 -4.2183700 -0.4145790 5.0118661 0.0068898 -0.5385368 0.0337730 0.8418967
15.572680 -4.2699337 -0.4185050 5.0354948 0.0068023 -0.5390320 0.0342259 0.8415621
15.676510 -4.3210187 -0.4221916 5.0587187 0.0074354 -0.5392235 0.0345930 0.8414191
15.780370 -4.3709493 -0.4260728 5.0816784 0.0080501 -0.5390665 0.0346491 0.8415117
15.884100 -4.4212422 -0.4296163 5.1044292 0.0089362 -0.5379544 0.0341365 0.8422351
15.988000 -4.4704051 -0.4336829 5.1268806 0.0100808 -0.5358585 0.0331342 0.8435972
16.091900 -4.5193877 -0.4371460 5.1499238 0.0109683 -0.5334859 0.0332309 0.8450847
16.195700 -4.5675082 -0.4412464 5.1730232 0.0111107 -0.5308672 0.0327970 0.8467473
16.299500 -4.6154051 -0.4448646 5.1965046 0.0110959 -0.5277350 0.0321948 0.8487262
16.403370 -4.6634240 -0.4485194 5.2201848 0.0113874 -0.5238482 0.0308992 0.8511748
16.507260 -4.7108741 -0.4521115 5.2437520 0.0115031 -0.5193467 0.0304433 0.8539438
16.714990 -4.8026180 -0.4593084 5.2931647 0.0123349 -0.5102310 0.0301440 0.8594204
16.818850 -4.8482466 -0.4626286 5.3182669 0.0142636 -0.5051369 0.0297550 0.8624082
16.922750 -4.8926644 -0.4664461 5.3437829 0.0152393 -0.4995665 0.0299825 0.8656224
17.130540 -4.9813013 -0.4738622 5.3965621 0.0153773 -0.4869075 0.0266920 0.8729102
17.234250 -5.0244055 -0.4772073 5.4230361 0.0149442 -0.4803490 0.0258178 0.8765700
17.442380 -5.1098084 -0.4845315 5.4789152 0.0148399 -0.4679307 0.0254968 0.8832726
17.649360 -5.1929641 -0.4913109 5.5362563 0.0154264 -0.4553078 0.0264465 0.8898075
17.753120 -5.2329350 -0.4950805 5.5658221 0.0152521 -0.4493172 0.0259367 0.8928654
17.960530 -5.3117414 -0.5014420 5.6256785 0.0131279 -0.4375526 0.0242854 0.8987689
18.064140 -5.3495851 -0.5046012 5.6556435 0.0129576 -0.4316897 0.0231273 0.9016325
18.167890 -5.3867483 -0.5076557 5.6860719 0.0139422 -0.4258192 0.0225279 0.9044203
18.271640 -5.4227176 -0.5103815 5.7159500 0.0150692 -0.4203040 0.0217209 0.9069982
18.375420 -5.4583225 -0.5134684 5.7461033 0.0148746 -0.4145570 0.0214729 0.9096484
18.479100 -5.4928150 -0.5162173 5.7767429 0.0140859 -0.4091128 0.0207403 0.9121393
18.582900 -5.5269618 -0.5189740 5.8078108 0.0130203 -0.4038771 0.0202840 0.9144956
18.686620 -5.5606360 -0.5217080 5.8390603 0.0125598 -0.3988724 0.0203215 0.9166952
18.790260 -5.5934763 -0.5242627 5.8701506 0.0129310 -0.3940136 0.0197402 0.9188016
18.894080 -5.6257639 -0.5267123 5.9012194 0.0129514 -0.3892186 0.0192509 0.9208531
18.997780 -5.6574178 -0.5290570 5.9327278 0.0117526 -0.3847631 0.0183324 0.9227585
19.101510 -5.6886859 -0.5313030 5.9641809 0.0107895 -0.3800187 0.0174376 0.9247515
19.205270 -5.7191181 -0.5334908 5.9951377 0.0106309 -0.3751613 0.0166533 0.9267490
19.309140 -5.7487078 -0.5356424 6.0258117 0.0107323 -0.3700158 0.0161112 0.9288237
19.412890 -5.7780976 -0.5376477 6.0571318 0.0106531 -0.3646878 0.0146375 0.9309539
19.516610 -5.8064170 -0.5394096 6.0882630 0.0095449 -0.3585458 0.0137920 0.9333615
19.620500 -5.8338933 -0.5414080 6.1192956 0.0083408 -0.3519764 0.0121634 0.9358926
19.828250 -5.8869939 -0.5446681 6.1820168 0.0090330 -0.3375935 0.0104880 0.9411902
20.035950 -5.9370251 -0.5476014 6.2453551 0.0099390 -0.3226480 0.0103741 0.9464099
20.243550 -5.9831176 -0.5508144 6.3085032 0.0079317 -0.3067804 0.0090955 0.9517038
20.451300 -6.0286946 -0.5536593 6.3739729 0.0053846 -0.2910860 0.0084123 0.9566448
20.658750 -6.0715365 -0.5560011 6.4408894 0.0034977 -0.2777182 0.0087958 0.9606159
20.868590 -6.1126804 -0.5578582 6.5088620 0.0034955 -0.2655020 0.0082563 0.9640686
21.074000 -6.1527143 -0.5597273 6.5787787 0.0033190 -0.2532546 0.0068275 0.9673699
21.281800 -6.1912580 -0.5616772 6.6496258 0.0035655 -0.2422512 0.0077300 0.9701762
21.488760 -6.2291856 -0.5636235 6.7227535 0.0035024 -0.2341828 0.0075347 0.9721571
21.696840 -6.2675409 -0.5656126 6.7986283 0.0000586 -0.2274609 0.0051194 0.9737738
21.903660 -6.3052678 -0.5663384 6.8759041 -0.0019149 -0.2202394 0.0028801 0.9754397
22.111130 -6.3427668 -0.5668858 6.9563017 -0.0042780 -0.2127558 0.0017414 0.9770945
22.318740 -6.3798337 -0.5666576 7.0395026 -0.0057986 -0.2044867 0.0021164 0.9788499
22.526370 -6.4160619 -0.5668892 7.1254096 -0.0059449 -0.1952924 0.0036236 0.9807203
22.837890 -6.4685326 -0.5671880 7.2596989 -0.0037003 -0.1772757 0.0034598 0.9841482
23.045760 -6.5007086 -0.5669733 7.3521233 -0.0052108 -0.1591081 0.0000837 0.9872474
23.253620 -6.5305238 -0.5668057 7.4484410 -0.0061239 -0.1376417 -0.0021920 0.9904608
23.461620 -6.5564294 -0.5663483 7.5487733 -0.0082182 -0.1155451 -0.0034064 0.9932624
23.669490 -6.5775747 -0.5651160 7.6522055 -0.0118659 -0.0930294 -0.0053126 0.9955785
23.877250 -6.5955844 -0.5634210 7.7590890 -0.0134145 -0.0702937 -0.0074283 0.9974084
24.085120 -6.6083598 -0.5611002 7.8687658 -0.0119039 -0.0486576 -0.0073711 0.9987174
24.292870 -6.6171322 -0.5597936 7.9828200 -0.0138896 -0.0283772 -0.0072994 0.9994741
24.500500 -6.6216664 -0.5574586 8.0985432 -0.0146892 -0.0079293 -0.0087150 0.9998227
24.811870 -6.6192245 -0.5541339 8.2772341 -0.0144034 0.0227035 -0.0110236 0.9995777
25.019370 -6.6109133 -0.5523139 8.3985548 -0.0122636 0.0419022 -0.0123600 0.9989700
25.226870 -6.5981369 -0.5505613 8.5215778 -0.0100053 0.0610154 -0.0126039 0.9980071
25.434250 -6.5803356 -0.5507574 8.6453419 -0.0045145 0.0793211 -0.0140518 0.9967399
25.745370 -6.5454144 -0.5519472 8.8364725 0.0010056 0.1060826 -0.0169711 0.9942120
25.952760 -6.5154939 -0.5544614 8.9670744 0.0010543 0.1237795 -0.0165640 0.9921709
26.160240 -6.4805050 -0.5571653 9.0992489 0.0056383 0.1408460 -0.0164689 0.9898785
26.367740 -6.4397664 -0.5605049 9.2319012 0.0055391 0.1584920 -0.0184436 0.9871724
26.575260 -6.3944006 -0.5646120 9.3633776 0.0086132 0.1767006 -0.0200455 0.9840228
26.782860 -6.3428407 -0.5700033 9.4951801 0.0121292 0.1948575 -0.0202312 0.9805479
26.990510 -6.2866492 -0.5757298 9.6282263 0.0164055 0.2164458 -0.0226674 0.9758936
27.198240 -6.2225699 -0.5841180 9.7589808 0.0170869 0.2428668 -0.0261137 0.9695575
27.405990 -6.1512837 -0.5920963 9.8905573 0.0192298 0.2705259 -0.0293662 0.9620726
27.613650 -6.0711622 -0.6021858 10.0166883 0.0208540 0.2972273 -0.0305053 0.9540914
27.821250 -5.9851713 -0.6133554 10.1367369 0.0255119 0.3232253 -0.0309909 0.9454703
28.028750 -5.8922267 -0.6257001 10.2553473 0.0285807 0.3473677 -0.0313421 0.9367692
28.236530 -5.7924838 -0.6386018 10.3684378 0.0301411 0.3691147 -0.0312247 0.9283700
28.443750 -5.6873817 -0.6524332 10.4763041 0.0333690 0.3886120 -0.0306636 0.9202864
28.651150 -5.5774288 -0.6675479 10.5790501 0.0371348 0.4070463 -0.0307275 0.9121349
28.858560 -5.4621396 -0.6834595 10.6792583 0.0371832 0.4259505 -0.0312484 0.9034418
28.962310 -5.4024258 -0.6915019 10.7284918 0.0359529 0.4359088 -0.0323648 0.8986898
29.065910 -5.3427668 -0.6997672 10.7753010 0.0343093 0.4458029 -0.0334504 0.8938477
29.273280 -5.2210622 -0.7158815 10.8645697 0.0339501 0.4651338 -0.0360428 0.8838546
29.376900 -5.1594291 -0.7239320 10.9070568 0.0343384 0.4747055 -0.0377724 0.8786631
29.584410 -5.0350361 -0.7411043 10.9862947 0.0318098 0.4953829 -0.0384629 0.8672396
29.791760 -4.9074683 -0.7574736 11.0586748 0.0285061 0.5164710 -0.0387786 0.8549510
29.999280 -4.7811861 -0.7726518 11.1230564 0.0276904 0.5367464 -0.0384643 0.8424114
30.206740 -4.6534781 -0.7886537 11.1793966 0.0285347 0.5559021 -0.0376861 0.8299026
30.414180 -4.5248084 -0.8037695 11.2292900 0.0292396 0.5742804 -0.0354904 0.8173662
30.621900 -4.3972859 -0.8189019 11.2721653 0.0306002 0.5914716 -0.0374363 0.8048748
30.725440 -4.3341556 -0.8261737 11.2918377 0.0336934 0.5993005 -0.0409643 0.7987650
30.932900 -4.2086391 -0.8423846 11.3268642 0.0359193 0.6150193 -0.0467418 0.7863054
31.140380 -4.0854931 -0.8589821 11.3555670 0.0331558 0.6306819 -0.0499792 0.7737203
31.244130 -4.0231905 -0.8674229 11.3682365 0.0322149 0.6381981 -0.0508832 0.7675130
31.451710 -3.8997173 -0.8837284 11.3893566 0.0308260 0.6526381 -0.0514690 0.7552909
31.555400 -3.8384686 -0.8917736 11.3985863 0.0309720 0.6597509 -0.0518747 0.7490517
31.762890 -3.7176807 -0.9082878 11.4126539 0.0309691 0.6736228 -0.0555500 0.7363337
31.866620 -3.6575191 -0.9165980 11.4180679 0.0295040 0.6800335 -0.0550907 0.7305129
31.970400 -3.5979319 -0.9249813 11.4219303 0.0286030 0.6857121 -0.0529274 0.7253823
32.075790 -3.5385687 -0.9326063 11.4248343 0.0272036 0.6908503 -0.0517403 0.7206308
32.281410 -3.4214916 -0.9477891 11.4279881 0.0268316 0.6990002 -0.0501318 0.7128574
32.488780 -3.3081186 -0.9626062 11.4312344 0.0276956 0.7045074 -0.0522759 0.7072267
32.696160 -3.1976771 -0.9780260 11.4318800 0.0320183 0.7080733 -0.0570745 0.7030999
32.903550 -3.0876527 -0.9932883 11.4315462 0.0294952 0.7111367 -0.0555156 0.7002376
33.007250 -3.0332637 -1.0008074 11.4312105 0.0263932 0.7123502 -0.0517051 0.6994191
33.214750 -2.9262455 -1.0140294 11.4299908 0.0260193 0.7127131 -0.0512304 0.6990983
33.422000 -2.8213751 -1.0273618 11.4292202 0.0273679 0.7117493 -0.0539069 0.6998272
33.629370 -2.7172494 -1.0411856 11.4288731 0.0267202 0.7097134 -0.0559976 0.7017529
33.836860 -2.6137025 -1.0544348 11.4293203 0.0261624 0.7064788 -0.0581774 0.7048537
34.044850 -2.5120215 -1.0676495 11.4311218 0.0254845 0.7019619 -0.0572486 0.7094523
34.251630 -2.4107594 -1.0809870 11.4337473 0.0267212 0.6967502 -0.0561603 0.7146126
34.459140 -2.3109024 -1.0937989 11.4386034 0.0257515 0.6919926 -0.0561192 0.7192592
34.666810 -2.2116554 -1.1061922 11.4443884 0.0243544 0.6871535 -0.0550993 0.7240103
34.874180 -2.1136706 -1.1187176 11.4514341 0.0252782 0.6820829 -0.0558699 0.7286992
35.081760 -2.0160556 -1.1310664 11.4596462 0.0262060 0.6770706 -0.0572473 0.7332199
35.289260 -1.9186628 -1.1440686 11.4694948 0.0251897 0.6720598 -0.0578844 0.7378011
35.496880 -1.8213627 -1.1562253 11.4802799 0.0235494 0.6672155 -0.0566717 0.7423323
35.704390 -1.7242767 -1.1680322 11.4923630 0.0243384 0.6621376 -0.0562686 0.7468703
35.911880 -1.6295134 -1.1802143 11.5055609 0.0267561 0.6560232 -0.0550588 0.7522541
36.119380 -1.5365118 -1.1920817 11.5210114 0.0280347 0.6488544 -0.0560771 0.7583253
36.223240 -1.4894563 -1.1981971 11.5290022 0.0269689 0.6458417 -0.0561246 0.7609279
36.430690 -1.3958718 -1.2102119 11.5466757 0.0251650 0.6423848 -0.0566569 0.7638708
36.638140 -1.3018843 -1.2217842 11.5646362 0.0264479 0.6402882 -0.0575945 0.7655157
36.742000 -1.2539268 -1.2278860 11.5737629 0.0267879 0.6391570 -0.0570573 0.7664889
36.949590 -1.1568205 -1.2404248 11.5926571 0.0280694 0.6365692 -0.0562290 0.7686547
37.053350 -1.1080142 -1.2467080 11.6026011 0.0283154 0.6351731 -0.0563627 0.7697900
37.157030 -1.0591813 -1.2528890 11.6125679 0.0277158 0.6338454 -0.0555119 0.7709671
37.260770 -1.0094317 -1.2591170 11.6224613 0.0274838 0.6323657 -0.0529606 0.7723687
37.364510 -0.9598728 -1.2653522 11.6333151 0.0270320 0.6308167 -0.0528060 0.7736608
37.468260 -0.9107319 -1.2715089 11.6438904 0.0282728 0.6285279 -0.0524756 0.7754996
37.572000 -0.8619533 -1.2776372 11.6548700 0.0294917 0.6259744 -0.0528221 0.7774935
37.779750 -0.7656722 -1.2896087 11.6778364 0.0292099 0.6206552 -0.0521243 0.7818036
37.987180 -0.6694505 -1.3017979 11.7030735 0.0305418 0.6136838 -0.0504789 0.7873445
38.194630 -0.5728077 -1.3133276 11.7295303 0.0325782 0.6047167 -0.0488561 0.7942729
38.402010 -0.4771662 -1.3256544 11.7586880 0.0310756 0.5958391 -0.0475784 0.8010907
38.609730 -0.3829910 -1.3374918 11.7900047 0.0313434 0.5869282 -0.0499399 0.8074892
38.817070 -0.2892751 -1.3493985 11.8234615 0.0297651 0.5781032 -0.0510779 0.8138193
39.024680 -0.1956315 -1.3616499 11.8581638 0.0280558 0.5707844 -0.0504150 0.8190705
39.232130 -0.1030698 -1.3731387 11.8943129 0.0265652 0.5638403 -0.0499936 0.8239411
39.439710 -0.0118332 -1.3842313 11.9324589 0.0268053 0.5568568 -0.0509148 0.8286131
39.647300 0.0779315 -1.3953232 11.9717779 0.0264301 0.5495812 -0.0517787 0.8334152
39.854900 0.1671718 -1.4065633 12.0126877 0.0254404 0.5418338 -0.0501931 0.8385998
40.063320 0.2547013 -1.4173119 12.0543137 0.0228376 0.5341216 -0.0478770 0.8437419
40.270040 0.3395932 -1.4268359 12.0976820 0.0215700 0.5261239 -0.0487545 0.8487352
40.373770 0.3817511 -1.4314953 12.1197548 0.0205982 0.5222142 -0.0486654 0.8511755
40.581350 0.4652076 -1.4410292 12.1660271 0.0198141 0.5144813 -0.0485576 0.8558964
40.788800 0.5476254 -1.4501624 12.2125769 0.0203811 0.5062314 -0.0483052 0.8608025
40.996290 0.6278255 -1.4588298 12.2593241 0.0190089 0.4984789 -0.0473788 0.8653974
41.203950 0.7087947 -1.4675272 12.3082762 0.0164917 0.4929217 -0.0462859 0.8686851
41.411540 0.7892365 -1.4751881 12.3583994 0.0135899 0.4893671 -0.0448971 0.8708153
41.619170 0.8701205 -1.4826574 12.4090137 0.0112140 0.4872310 -0.0437770 0.8721030
41.826800 0.9507634 -1.4898709 12.4600925 0.0126192 0.4855285 -0.0448458 0.8729786
42.034430 1.0319135 -1.4973754 12.5115213 0.0128211 0.4837659 -0.0436343 0.8740150
42.138180 1.0727140 -1.5011697 12.5374432 0.0127420 0.4831237 -0.0418211 0.8744599
42.345760 1.1542923 -1.5081375 12.5895233 0.0106270 0.4819033 -0.0394189 0.8752728
42.553870 1.2358060 -1.5149766 12.6423130 0.0088859 0.4811683 -0.0381585 0.8757523
42.760910 1.3171810 -1.5211744 12.6955757 0.0076638 0.4806193 -0.0389875 0.8760287
43.072130 1.4392830 -1.5301872 12.7751493 0.0042774 0.4800242 -0.0365667 0.8764824
43.279750 1.5209311 -1.5358584 12.8281517 0.0032088 0.4789391 -0.0357388 0.8771145
43.487270 1.6014367 -1.5410273 12.8810997 0.0013245 0.4776272 -0.0342664 0.8778931
43.694790 1.6821895 -1.5459422 12.9343452 0.0003933 0.4751991 -0.0334088 0.8792437
43.902170 1.7628160 -1.5500200 12.9888191 -0.0014207 0.4723103 -0.0319118 0.8808534
44.109610 1.8424989 -1.5540760 13.0437336 -0.0028478 0.4668208 -0.0296083 0.8838515
44.316920 1.9205741 -1.5577211 13.0988913 -0.0025618 0.4601817 -0.0290665 0.8873451
44.524290 1.9976457 -1.5609368 13.1561747 -0.0044552 0.4535292 -0.0285412 0.8907731
44.628020 2.0357144 -1.5625392 13.1848297 -0.0056048 0.4498424 -0.0270112 0.8926818
44.835670 2.1113052 -1.5650357 13.2436895 -0.0052446 0.4411824 -0.0258303 0.8970303
45.043060 2.1863289 -1.5675030 13.3047371 -0.0047093 0.4307921 -0.0243217 0.9021111
45.250540 2.2603374 -1.5696934 13.3680353 -0.0062147 0.4201381 -0.0229684 0.9071482
45.458050 2.3337493 -1.5717566 13.4334192 -0.0079906 0.4091049 -0.0222253 0.9121816
45.665520 2.4064188 -1.5732092 13.5019913 -0.0114230 0.3982845 -0.0204386 0.9169630
45.873020 2.4789402 -1.5742155 13.5719767 -0.0142567 0.3871356 -0.0163133 0.9217682
46.080690 2.5497532 -1.5743915 13.6450500 -0.0132038 0.3746786 -0.0122908 0.9269792
46.287790 2.6193354 -1.5737348 13.7204800 -0.0151674 0.3616236 -0.0097889 0.9321494
46.495210 2.6875391 -1.5725511 13.7998781 -0.0166877 0.3486561 -0.0086531 0.9370622
46.702650 2.7550952 -1.5710695 13.8813000 -0.0180527 0.3353945 -0.0072872 0.9418766
46.910140 2.8195372 -1.5690295 13.9648819 -0.0191078 0.3242965 -0.0085431 0.9457239
47.117660 2.8821883 -1.5672019 14.0503340 -0.0199583 0.3152428 -0.0108593 0.9487391
47.325510 2.9442520 -1.5652668 14.1368637 -0.0213810 0.3061260 -0.0130426 0.9516615
47.532920 3.0049536 -1.5631349 14.2261496 -0.0256200 0.2981085 -0.0160002 0.9540539
47.740580 3.0644884 -1.5601299 14.3172216 -0.0284644 0.2914661 -0.0197613 0.9559533
47.948270 3.1236901 -1.5570254 14.4082479 -0.0276018 0.2872438 -0.0228573 0.9571869
48.052150 3.1527095 -1.5556488 14.4537382 -0.0249716 0.2861612 -0.0251545 0.9575257
48.259930 3.2121634 -1.5533183 14.5467300 -0.0234807 0.2848126 -0.0277024 0.9578951
48.364330 3.2421477 -1.5516270 14.5934563 -0.0236195 0.2844458 -0.0270999 0.9580179
48.571420 3.3020053 -1.5510938 14.6877470 -0.0241373 0.2839083 -0.0264451 0.9581827
48.675200 3.3323126 -1.5498191 14.7349854 -0.0234358 0.2833010 -0.0264196 0.9583806
48.882650 3.3922558 -1.5484505 14.8290186 -0.0222193 0.2816728 -0.0254215 0.9589163
48.986440 3.4223344 -1.5477017 14.8769054 -0.0223834 0.2804083 -0.0249497 0.9592954
49.193760 3.4817541 -1.5461071 14.9726458 -0.0226986 0.2751135 -0.0236609 0.9608525
49.297550 3.5104589 -1.5450060 15.0206957 -0.0221883 0.2707802 -0.0230107 0.9621103
49.504900 3.5671237 -1.5431347 15.1186857 -0.0229583 0.2598114 -0.0221031 0.9651334
49.712270 3.6208832 -1.5415554 15.2172232 -0.0228681 0.2471716 -0.0223231 0.9684446
49.919640 3.6725757 -1.5395391 15.3170223 -0.0251570 0.2342411 -0.0217908 0.9716086
50.127010 3.7211399 -1.5372151 15.4180021 -0.0252581 0.2210361 -0.0211044 0.9747100
50.230760 3.7446384 -1.5358535 15.4691944 -0.0257644 0.2142931 -0.0214635 0.9761936
50.334510 3.7668476 -1.5344113 15.5208836 -0.0260321 0.2076902 -0.0233313 0.9775698
50.438290 3.7883554 -1.5330545 15.5724993 -0.0257671 0.2013220 -0.0247896 0.9788723
50.542010 3.8091583 -1.5319903 15.6244774 -0.0262233 0.1955463 -0.0267080 0.9799799
50.645900 3.8296614 -1.5307262 15.6767073 -0.0269679 0.1909026 -0.0293406 0.9807997
50.853640 3.8697972 -1.5274473 15.7810793 -0.0268167 0.1843652 -0.0302041 0.9820275
50.957390 3.8895001 -1.5259643 15.8334150 -0.0263144 0.1821126 -0.0291669 0.9824927
51.061270 3.9088621 -1.5246640 15.8852434 -0.0260792 0.1796419 -0.0283981 0.9829762
51.165140 3.9280326 -1.5232669 15.9373426 -0.0257009 0.1771603 -0.0274865 0.9834623
51.268910 3.9469786 -1.5221337 15.9894466 -0.0249387 0.1744065 -0.0266882 0.9839960
51.372640 3.9655087 -1.5209391 16.0413399 -0.0238864 0.1718542 -0.0263113 0.9844812
51.476390 3.9835749 -1.5197997 16.0934429 -0.0231348 0.1689341 -0.0268934 0.9849887
51.683890 4.0182276 -1.5175464 16.1982822 -0.0236383 0.1624594 -0.0274548 0.9860499
51.787640 4.0353346 -1.5162840 16.2509861 -0.0256215 0.1586980 -0.0281183 0.9865941
51.995010 4.0675092 -1.5137830 16.3557014 -0.0263358 0.1529493 -0.0281433 0.9874821
52.202390 4.0993290 -1.5111036 16.4599266 -0.0233531 0.1489432 -0.0257845 0.9882336
52.410020 4.1305542 -1.5085573 16.5635643 -0.0237599 0.1478290 -0.0259592 0.9883866
52.617770 4.1608882 -1.5066828 16.6638336 -0.0255439 0.1556493 -0.0301416 0.9870219
52.825640 4.1934700 -1.5042380 16.7614517 -0.0259643 0.1674511 -0.0322753 0.9850098
52.929520 4.2106047 -1.5033214 16.8088913 -0.0263903 0.1722328 -0.0313518 0.9842035
53.137020 4.2441950 -1.5015413 16.9005718 -0.0257731 0.1790291 -0.0296621 0.9830588
53.344390 4.2781010 -1.4999326 16.9892712 -0.0233202 0.1802514 -0.0282685 0.9829377
53.551780 4.3099952 -1.4986380 17.0774708 -0.0224439 0.1754454 -0.0258958 0.9838926
53.759020 4.3400836 -1.4972318 17.1653614 -0.0213427 0.1650077 -0.0226033 0.9858022
53.966270 4.3677115 -1.4960442 17.2537022 -0.0214056 0.1492413 -0.0192912 0.9883808
54.173520 4.3918109 -1.4946926 17.3420467 -0.0203449 0.1285720 -0.0155240 0.9913699
54.380770 4.4115186 -1.4925627 17.4320011 -0.0192226 0.1042579 -0.0152762 0.9942471
54.484400 4.4193096 -1.4921407 17.4769306 -0.0185156 0.0909920 -0.0141800 0.9955785
54.691640 4.4304934 -1.4909199 17.5674458 -0.0168899 0.0627869 -0.0153587 0.9977658
54.795390 4.4343538 -1.4900010 17.6133652 -0.0166852 0.0477212 -0.0157880 0.9985965
54.899020 4.4370208 -1.4888455 17.6588516 -0.0170565 0.0320647 -0.0150148 0.9992275
55.002770 4.4378066 -1.4883014 17.7043037 -0.0165370 0.0165294 -0.0154582 0.9996071
55.106520 4.4372053 -1.4876661 17.7496185 -0.0159610 0.0012383 -0.0153599 0.9997538
55.210270 4.4355516 -1.4865389 17.7951145 -0.0152975 -0.0133795 -0.0153053 0.9996763
55.314140 4.4322534 -1.4859414 17.8405685 -0.0139650 -0.0260545 -0.0166658 0.9994240
55.418020 4.4283452 -1.4854172 17.8866596 -0.0139838 -0.0368845 -0.0178065 0.9990630
55.522020 4.4228497 -1.4840848 17.9332466 -0.0155905 -0.0451513 -0.0203203 0.9986518
55.626020 4.4169092 -1.4830341 17.9801559 -0.0183680 -0.0503523 -0.0235570 0.9982847
55.730050 4.4114108 -1.4818995 18.0271034 -0.0179689 -0.0533201 -0.0252324 0.9980969
55.834140 4.4058714 -1.4807639 18.0742378 -0.0146142 -0.0548051 -0.0266849 0.9980335
55.938270 4.3998785 -1.4797686 18.1223030 -0.0120807 -0.0549734 -0.0276858 0.9980308
56.146400 4.3887496 -1.4784441 18.2197704 -0.0114457 -0.0524006 -0.0288617 0.9981434
56.250540 4.3836756 -1.4775975 18.2688999 -0.0117109 -0.0509303 -0.0284495 0.9982282
56.458520 4.3738551 -1.4769034 18.3688183 -0.0085894 -0.0485297 -0.0264781 0.9984338
56.666390 4.3643208 -1.4761033 18.4709778 -0.0050027 -0.0467172 -0.0247054 0.9985901
56.874270 4.3537922 -1.4758229 18.5761375 -0.0068513 -0.0454431 -0.0261034 0.9986023
57.081890 4.3431664 -1.4751221 18.6830349 -0.0074182 -0.0452095 -0.0279354 0.9985593
57.289520 4.3316393 -1.4739249 18.7922306 -0.0068178 -0.0454792 -0.0298405 0.9984962
57.497020 4.3202524 -1.4735870 18.9024906 -0.0041974 -0.0464890 -0.0299243 0.9984617
57.704420 4.3087287 -1.4739068 19.0141029 -0.0039260 -0.0502880 -0.0262040 0.9983832
57.911640 4.2958589 -1.4744694 19.1265469 -0.0047967 -0.0585249 -0.0213089 0.9980470
58.222770 4.2729330 -1.4752321 19.2932205 -0.0029667 -0.0734663 -0.0169661 0.9971489
58.430270 4.2544241 -1.4759381 19.4045525 -0.0035024 -0.0829023 -0.0162181 0.9964195
58.637900 4.2337947 -1.4767722 19.5150089 -0.0027793 -0.0919092 -0.0155453 0.9956422
58.845400 4.2112007 -1.4777594 19.6237774 -0.0011839 -0.1004447 -0.0157040 0.9948180
59.052900 4.1871061 -1.4791318 19.7320271 -0.0008772 -0.1078496 -0.0154915 0.9940462
59.260530 4.1624861 -1.4801855 19.8395119 0.0002951 -0.1140938 -0.0126073 0.9933900
59.468030 4.1364908 -1.4821398 19.9463043 0.0045226 -0.1198006 -0.0079482 0.9927558
59.675530 4.1088128 -1.4840232 20.0532494 0.0030470 -0.1251611 -0.0061729 0.9921126
59.883150 4.0800080 -1.4858361 20.1598988 0.0030550 -0.1290992 -0.0056257 0.9916110
60.090780 4.0504513 -1.4877892 20.2674580 0.0017151 -0.1320986 -0.0059135 0.9912174
60.194660 4.0354052 -1.4885931 20.3214359 -0.0002893 -0.1328770 -0.0053360 0.9911181
60.298400 4.0203576 -1.4889868 20.3756351 -0.0013650 -0.1333185 -0.0035222 0.9910660
60.402270 4.0053606 -1.4895040 20.4296951 -0.0016281 -0.1337279 -0.0014030 0.9910157
60.506060 3.9902890 -1.4898725 20.4834309 -0.0025532 -0.1340557 0.0011798 0.9909698
60.609930 3.9751952 -1.4904172 20.5379219 -0.0022724 -0.1345767 0.0031012 0.9908957
60.713810 3.9604237 -1.4909283 20.5917625 -0.0025977 -0.1351941 0.0043035 0.9908064
60.817540 3.9452448 -1.4917099 20.6457539 -0.0026224 -0.1357644 0.0052525 0.9907238
61.025270 3.9140017 -1.4931003 20.7546158 -0.0042976 -0.1369456 0.0052737 0.9905552
61.128990 3.8985529 -1.4932193 20.8090324 -0.0052062 -0.1377046 0.0041381 0.9904510
61.336500 3.8663743 -1.4939331 20.9174881 -0.0074383 -0.1382014 0.0018703 0.9903744
61.440150 3.8506629 -1.4941187 20.9712029 -0.0082380 -0.1381510 0.0010232 0.9903764
61.647800 3.8198764 -1.4941103 21.0784702 -0.0096099 -0.1366408 -0.0001705 0.9905740
61.751640 3.8043420 -1.4936258 21.1323738 -0.0106259 -0.1357811 -0.0001861 0.9906819
61.959050 3.7741203 -1.4929595 21.2383537 -0.0127256 -0.1342294 -0.0015724 0.9908673
62.166620 3.7446418 -1.4920684 21.3444748 -0.0133593 -0.1328067 -0.0026903 0.9910483
62.374040 3.7156291 -1.4907910 21.4500942 -0.0138594 -0.1315223 -0.0020115 0.9912143
62.477810 3.7015603 -1.4906415 21.5027409 -0.0157106 -0.1311573 -0.0016682 0.9912357
62.685330 3.6731019 -1.4892009 21.6074944 -0.0185081 -0.1298902 0.0004356 0.9913555
62.789040 3.6595602 -1.4882491 21.6589642 -0.0186223 -0.1294065 0.0011033 0.9914162
62.996620 3.6324689 -1.4861525 21.7619114 -0.0190914 -0.1286986 0.0037696 0.9914928
63.100390 3.6191490 -1.4848479 21.8125801 -0.0194438 -0.1286676 0.0065672 0.9914754
63.307710 3.5921493 -1.4832397 21.9138622 -0.0194560 -0.1286087 0.0074094 0.9914768
63.515270 3.5652871 -1.4811866 22.0151806 -0.0218938 -0.1290391 0.0077371 0.9913676
63.722540 3.5385635 -1.4793626 22.1147041 -0.0222997 -0.1293978 0.0077059 0.9913120
63.929910 3.5123036 -1.4772536 22.2128963 -0.0223798 -0.1297459 0.0082485 0.9912603
64.137290 3.4862196 -1.4749639 22.3099651 -0.0238135 -0.1303882 0.0089750 0.9911364
64.344770 3.4600847 -1.4720253 22.4057999 -0.0237143 -0.1308495 0.0083784 0.9910831
64.552380 3.4340146 -1.4697495 22.5004253 -0.0248630 -0.1308625 0.0065285 0.9910672
64.759950 3.4083884 -1.4669605 22.5949574 -0.0266441 -0.1309003 0.0057255 0.9910209
64.863720 3.3952115 -1.4653471 22.6415768 -0.0279089 -0.1308263 0.0052850 0.9909983
65.071210 3.3697097 -1.4620928 22.7345142 -0.0320095 -0.1318525 0.0058060 0.9907354
65.174920 3.3569808 -1.4600163 22.7805176 -0.0337047 -0.1328817 0.0056634 0.9905425
65.382430 3.3315315 -1.4553502 22.8718872 -0.0356330 -0.1347356 0.0069294 0.9902164
65.486120 3.3190610 -1.4532756 22.9169903 -0.0364549 -0.1356158 0.0078905 0.9900591
65.693560 3.2931979 -1.4486006 23.0073719 -0.0371140 -0.1371263 0.0083121 0.9898232
65.901040 3.2678001 -1.4433683 23.0961704 -0.0374230 -0.1369180 0.0084342 0.9898393
66.108530 3.2436705 -1.4386597 23.1829281 -0.0377262 -0.1360689 0.0116228 0.9899126
66.315950 3.2198119 -1.4342043 23.2677116 -0.0388500 -0.1353088 0.0125005 0.9899626
66.523350 3.1967523 -1.4296249 23.3496895 -0.0372009 -0.1348118 0.0129779 0.9900876
66.834590 3.1634972 -1.4240292 23.4688644 -0.0356749 -0.1335874 0.0127576 0.9903126
67.145890 3.1318786 -1.4184823 23.5845699 -0.0347005 -0.1315948 0.0149189 0.9905837
67.457250 3.1015599 -1.4128308 23.6997051 -0.0332051 -0.1236901 0.0149053 0.9916531
67.664920 3.0833092 -1.4090409 23.7765331 -0.0354843 -0.1127713 0.0115864 0.9929196
67.872840 3.0668559 -1.4051994 23.8545265 -0.0405704 -0.0973225 0.0098384 0.9943770
68.080710 3.0538366 -1.4000489 23.9325352 -0.0417124 -0.0771896 0.0080364 0.9961111
68.288670 3.0442402 -1.3949285 24.0109425 -0.0441977 -0.0526966 0.0062054 0.9976127
68.392670 3.0412359 -1.3924656 24.0500965 -0.0443379 -0.0393673 0.0059996 0.9982226
68.600540 3.0391169 -1.3865764 24.1283474 -0.0417800 -0.0124166 0.0066952 0.9990273
68.704540 3.0395997 -1.3838838 24.1675358 -0.0411855 0.0009770 0.0069717 0.9991267
68.912190 3.0436082 -1.3789241 24.2457981 -0.0419567 0.0276566 0.0079475 0.9987050
69.119820 3.0516183 -1.3736761 24.3245468 -0.0429990 0.0533643 0.0100126 0.9975986
69.327420 3.0639479 -1.3681428 24.4036121 -0.0430333 0.0786394 0.0111849 0.9959111
69.431290 3.0715952 -1.3650980 24.4437580 -0.0426022 0.0911840 0.0117351 0.9948532
69.638910 3.0895882 -1.3594800 24.5234661 -0.0410629 0.1152872 0.0127729 0.9924009
69.846210 3.1119297 -1.3538871 24.6027737 -0.0395171 0.1357733 0.0136448 0.9898575
70.053870 3.1368849 -1.3485450 24.6823044 -0.0388399 0.1545147 0.0132473 0.9871379
70.261200 3.1650980 -1.3427550 24.7625065 -0.0379928 0.1727229 0.0136002 0.9841435
70.364970 3.1806493 -1.3402939 24.8021774 -0.0378887 0.1818687 0.0134805 0.9825001
70.572360 3.2143102 -1.3341218 24.8817520 -0.0380702 0.2002858 0.0151800 0.9788799
70.779670 3.2507992 -1.3288209 24.9612255 -0.0387950 0.2180577 0.0147323 0.9750532
70.987040 3.2905374 -1.3235952 25.0390282 -0.0363058 0.2351403 0.0144608 0.9711755
71.194400 3.3331532 -1.3181651 25.1168938 -0.0347670 0.2533756 0.0109350 0.9666812
71.401990 3.3792193 -1.3134571 25.1937199 -0.0365255 0.2743177 0.0096592 0.9608967
71.609450 3.4295526 -1.3081729 25.2677784 -0.0381657 0.2968489 0.0097719 0.9541115
71.817050 3.4836390 -1.3027308 25.3392677 -0.0382017 0.3225960 0.0102188 0.9457103
72.024670 3.5419202 -1.2976418 25.4075775 -0.0375793 0.3483094 0.0114235 0.9365564
72.128290 3.5723150 -1.2951503 25.4404221 -0.0375466 0.3608808 0.0126850 0.9317695
72.335680 3.6351645 -1.2900149 25.5035152 -0.0375309 0.3845899 0.0145069 0.9222102
72.439440 3.6678417 -1.2872142 25.5338249 -0.0365916 0.3950972 0.0145745 0.9177945
72.543090 3.7009671 -1.2847979 25.5637398 -0.0359945 0.4046122 0.0151120 0.9136547
72.750440 3.7694652 -1.2791666 25.6219788 -0.0377531 0.4222668 0.0167902 0.9055294
72.854050 3.8045120 -1.2766645 25.6504936 -0.0378146 0.4309977 0.0166529 0.9014065
72.957660 3.8401330 -1.2736496 25.6775703 -0.0368447 0.4393857 0.0153999 0.8974105
73.061450 3.8772776 -1.2704598 25.7047253 -0.0360032 0.4481125 0.0161022 0.8931068
73.268930 3.9529941 -1.2635287 25.7581425 -0.0401471 0.4658710 0.0178339 0.8837615
73.476410 4.0312834 -1.2576288 25.8082886 -0.0417932 0.4856245 0.0179008 0.8729844
73.683940 4.1124225 -1.2507776 25.8538399 -0.0398082 0.5062184 0.0187536 0.8612819
73.891550 4.1961451 -1.2448525 25.8957558 -0.0385645 0.5272908 0.0216538 0.8485330
74.099040 4.2833452 -1.2383876 25.9341698 -0.0378463 0.5486656 0.0236049 0.8348511
74.306540 4.3736858 -1.2320260 25.9693127 -0.0376087 0.5701436 0.0233334 0.8203520
74.617850 4.5160580 -1.2218649 26.0140610 -0.0374869 0.6020809 0.0200137 0.7973034
74.825180 4.6153355 -1.2154233 26.0391960 -0.0382260 0.6237003 0.0198521 0.7804759
75.032640 4.7159209 -1.2087903 26.0570374 -0.0365333 0.6445423 0.0215291 0.7633918
75.240090 4.8185158 -1.2025026 26.0704708 -0.0360043 0.6644937 0.0231385 0.7460673
75.447460 4.9238577 -1.1952971 26.0784473 -0.0341307 0.6831473 0.0228340 0.7291251
75.654690 5.0300393 -1.1885475 26.0816021 -0.0349127 0.7012271 0.0233006 0.7117013
75.862200 5.1381826 -1.1814095 26.0796356 -0.0360389 0.7183605 0.0247476 0.6942960
76.069540 5.2479258 -1.1744552 26.0721283 -0.0363777 0.7353321 0.0229778 0.6763397
76.276990 5.3588409 -1.1674045 26.0586739 -0.0351560 0.7520869 0.0221565 0.6577526
76.380600 5.4142485 -1.1637301 26.0500546 -0.0341378 0.7600843 0.0230106 0.6485191
76.484350 5.4697385 -1.1603088 26.0403080 -0.0343237 0.7677695 0.0237743 0.6393643
76.588100 5.5251927 -1.1568434 26.0284252 -0.0323801 0.7748138 0.0247849 0.6308730
76.691750 5.5806537 -1.1532304 26.0156784 -0.0308051 0.7813554 0.0238387 0.6228696
76.795320 5.6365037 -1.1503937 26.0023174 -0.0310309 0.7879249 0.0233869 0.6145440
76.899070 5.6919017 -1.1469538 25.9871197 -0.0310331 0.7941458 0.0232358 0.6064894
77.002800 5.7476821 -1.1441026 25.9711342 -0.0310668 0.8006974 0.0223664 0.5978447
77.106420 5.8027864 -1.1408668 25.9538479 -0.0299951 0.8071544 0.0205056 0.5892212
77.210160 5.8581157 -1.1378717 25.9351482 -0.0301749 0.8132157 0.0182701 0.5808924
77.417440 5.9680686 -1.1326966 25.8941746 -0.0319125 0.8251256 0.0185170 0.5637432
77.521170 6.0230474 -1.1299318 25.8715305 -0.0320937 0.8307422 0.0184123 0.5554262
77.624880 6.0779462 -1.1267489 25.8481998 -0.0326320 0.8357670 0.0183159 0.5478076
77.728490 6.1329207 -1.1236150 25.8234291 -0.0320693 0.8398799 0.0194797 0.5414737
77.832140 6.1877394 -1.1207944 25.7981339 -0.0306752 0.8432660 0.0198334 0.5362539
78.039350 6.2986054 -1.1152709 25.7456875 -0.0262742 0.8479941 0.0215097 0.5289168
78.142930 6.3538113 -1.1126091 25.7185192 -0.0245691 0.8493996 0.0236022 0.5266495
78.246670 6.4088984 -1.1098486 25.6906300 -0.0232629 0.8501444 0.0256355 0.5254104
78.350300 6.4644580 -1.1067884 25.6628666 -0.0226334 0.8506889 0.0269613 0.5244893
78.454020 6.5205693 -1.1036063 25.6351833 -0.0230343 0.8511006 0.0277696 0.5237614
78.557850 6.5768161 -1.1005907 25.6069870 -0.0238919 0.8513420 0.0286999 0.5232803
78.661450 6.6334248 -1.0968339 25.5790558 -0.0256879 0.8517343 0.0293779 0.5225186
78.765630 6.6904669 -1.0932444 25.5504284 -0.0266265 0.8520722 0.0308292 0.5218367
78.868800 6.7471924 -1.0893211 25.5216637 -0.0264865 0.8523492 0.0309836 0.5213822
78.972430 6.8043270 -1.0859171 25.4929829 -0.0261455 0.8525766 0.0302475 0.5210707
79.081780 6.8616962 -1.0815061 25.4637604 -0.0251841 0.8529046 0.0294844 0.5206247
79.179920 6.9180999 -1.0779779 25.4347782 -0.0238927 0.8531467 0.0297530 0.5202736
79.283570 6.9752226 -1.0743748 25.4055405 -0.0239174 0.8534602 0.0299140 0.5197487
79.491080 7.0883651 -1.0664908 25.3474941 -0.0249637 0.8540074 0.0316987 0.5186939
79.594920 7.1462989 -1.0623571 25.3171177 -0.0258910 0.8542274 0.0321660 0.5182571
79.802330 7.2634492 -1.0539974 25.2574177 -0.0260878 0.8549005 0.0332668 0.5170665
79.906130 7.3216362 -1.0499207 25.2271862 -0.0261154 0.8551615 0.0332730 0.5166330
80.113430 7.4382863 -1.0409995 25.1667633 -0.0227017 0.8557025 0.0328194 0.5159270
80.217170 7.4970784 -1.0367631 25.1357021 -0.0232031 0.8555282 0.0332044 0.5161690
80.424740 7.6160755 -1.0279363 25.0743809 -0.0247957 0.8554908 0.0336099 0.5161309
80.528440 7.6762972 -1.0234771 25.0430393 -0.0235476 0.8555080 0.0315987 0.5162878
80.632230 7.7363739 -1.0192525 25.0113850 -0.0224153 0.8552689 0.0296852 0.5168476
80.839590 7.8574543 -1.0117077 24.9490395 -0.0217410 0.8553802 0.0304250 0.5166491
81.047130 7.9803810 -1.0032264 24.8846855 -0.0226076 0.8554835 0.0319983 0.5163459
81.254550 8.1053391 -0.9942047 24.8199940 -0.0234455 0.8556849 0.0305374 0.5160630
81.462060 8.2311792 -0.9858880 24.7548180 -0.0239765 0.8558404 0.0306845 0.5157720
81.669620 8.3580179 -0.9774902 24.6883106 -0.0232546 0.8560444 0.0303238 0.5154877
81.876950 8.4854345 -0.9690595 24.6217728 -0.0228689 0.8562726 0.0310542 0.5150824
82.084440 8.6139393 -0.9608059 24.5538445 -0.0243831 0.8563173 0.0304308 0.5149758
82.291790 8.7443495 -0.9517003 24.4865093 -0.0280610 0.8566569 0.0262603 0.5144531
82.499340 8.8745852 -0.9426053 24.4181271 -0.0293862 0.8566985 0.0251084 0.5143673
82.706910 9.0045242 -0.9356852 24.3503971 -0.0261809 0.8567638 0.0272948 0.5143202
82.810450 9.0701752 -0.9314091 24.3152409 -0.0250369 0.8565562 0.0284572 0.5146600
83.018010 9.2000809 -0.9234089 24.2474327 -0.0252098 0.8566741 0.0300697 0.5143633
83.225460 9.3270454 -0.9155232 24.1809063 -0.0264966 0.8565921 0.0296349 0.5144606
83.432930 9.4537430 -0.9078825 24.1142731 -0.0232046 0.8568280 0.0302655 0.5141899
83.640430 9.5809774 -0.9000213 24.0463219 -0.0206280 0.8561009 0.0299061 0.5155302
83.847930 9.7084980 -0.8912416 23.9803410 -0.0263067 0.8554593 0.0323879 0.5161864
84.055580 9.8362379 -0.8820546 23.9146919 -0.0267646 0.8544281 0.0296343 0.5180329
84.262850 9.9630451 -0.8738703 23.8499413 -0.0261450 0.8533390 0.0274597 0.5199760
84.470300 10.0897160 -0.8669490 23.7862892 -0.0273149 0.8529827 0.0272997 0.5205085
84.677950 10.2161407 -0.8592300 23.7224979 -0.0275560 0.8527985 0.0282489 0.5207471
84.885450 10.3420811 -0.8512743 23.6589813 -0.0268669 0.8534716 0.0267944 0.5197562
85.093050 10.4675770 -0.8438039 23.5950890 -0.0242038 0.8545818 0.0265820 0.5180709
85.300390 10.5914707 -0.8369254 23.5296726 -0.0239950 0.8559340 0.0283434 0.5157499
85.507850 10.7133694 -0.8294940 23.4665699 -0.0247556 0.8579296 0.0296127 0.5123153
85.818930 10.8943996 -0.8186153 23.3671455 -0.0213749 0.8600577 0.0285906 0.5089464
86.026320 11.0136271 -0.8120340 23.3020992 -0.0229795 0.8616737 0.0286666 0.5061311
86.233840 11.1316338 -0.8047965 23.2369900 -0.0259561 0.8632310 0.0282639 0.5033485
86.337580 11.1889887 -0.8017451 23.2045059 -0.0267108 0.8638327 0.0281112 0.5022841
86.441310 11.2462292 -0.7981109 23.1727829 -0.0275529 0.8644114 0.0285244 0.5012188
86.648710 11.3573303 -0.7910597 23.1101074 -0.0286069 0.8653926 0.0286575 0.4994558
86.752310 11.4111710 -0.7881401 23.0790291 -0.0294246 0.8657846 0.0277354 0.4987804
86.959810 11.5171280 -0.7811329 23.0188847 -0.0318446 0.8662894 0.0255329 0.4978721
87.167190 11.6191616 -0.7755885 22.9606476 -0.0334494 0.8657293 0.0252290 0.4987558
87.270810 11.6689825 -0.7727515 22.9325466 -0.0338932 0.8648980 0.0248574 0.5001848
87.374560 11.7180157 -0.7697611 22.9052830 -0.0339439 0.8635578 0.0242589 0.5025208
87.478210 11.7663908 -0.7668538 22.8785706 -0.0343669 0.8615651 0.0241385 0.5059069
87.581810 11.8144026 -0.7638854 22.8526897 -0.0343287 0.8588459 0.0240880 0.5105143
87.685550 11.8625002 -0.7608981 22.8281155 -0.0345768 0.8554772 0.0236540 0.5161432
87.789170 11.9103222 -0.7582087 22.8041344 -0.0342929 0.8514197 0.0234454 0.5228372
87.892930 11.9574842 -0.7551275 22.7820396 -0.0338540 0.8470527 0.0222143 0.5299643
88.100300 12.0525227 -0.7496158 22.7400360 -0.0367541 0.8373110 0.0182211 0.5451857
88.204050 12.0999699 -0.7470233 22.7203960 -0.0357890 0.8322845 0.0166836 0.5529405
88.411430 12.1964760 -0.7419695 22.6842766 -0.0365270 0.8211522 0.0151050 0.5693388
88.618820 12.2949686 -0.7368425 22.6517143 -0.0381971 0.8092653 0.0155951 0.5859927
88.826180 12.3950510 -0.7311525 22.6232681 -0.0423246 0.7968327 0.0166909 0.6024846
89.033680 12.4953480 -0.7245252 22.6002102 -0.0464407 0.7844505 0.0144520 0.6182813
89.137430 12.5461473 -0.7210476 22.5896797 -0.0479451 0.7779407 0.0127652 0.6263757
89.344810 12.6475039 -0.7145184 22.5729980 -0.0486895 0.7644938 0.0123452 0.6426711
89.552220 12.7496653 -0.7079988 22.5595951 -0.0448994 0.7485436 0.0119499 0.6614558
89.655800 12.8016977 -0.7050984 22.5547676 -0.0422265 0.7397264 0.0117507 0.6714787
89.759570 12.8543272 -0.7015080 22.5511990 -0.0405161 0.7304888 0.0116834 0.6816216
89.966950 12.9590797 -0.6958116 22.5492172 -0.0403920 0.7109945 0.0121838 0.7019308
90.070690 13.0121574 -0.6927771 22.5505333 -0.0406800 0.7007316 0.0120652 0.7121621
90.174320 13.0652456 -0.6895521 22.5533524 -0.0418675 0.6899332 0.0114962 0.7225699
90.278050 13.1190386 -0.6859551 22.5583038 -0.0442371 0.6788976 0.0104521 0.7328246
90.381840 13.1724520 -0.6828121 22.5645657 -0.0458534 0.6677901 0.0102844 0.7428648
90.485550 13.2259588 -0.6792607 22.5725212 -0.0474742 0.6565310 0.0067404 0.7527735
90.693070 13.3333950 -0.6722805 22.5932045 -0.0480765 0.6344921 0.0030761 0.7714266
90.900550 13.4408264 -0.6655057 22.6200981 -0.0489252 0.6120179 -0.0004584 0.7893290
91.108060 13.5494137 -0.6584832 22.6539707 -0.0515242 0.5891116 0.0003419 0.8064073
91.315450 13.6558628 -0.6510131 22.6940823 -0.0516098 0.5654003 -0.0006745 0.8232002
91.419180 13.7081051 -0.6475008 22.7159920 -0.0496203 0.5538958 0.0002798 0.8311061
91.626680 13.8131638 -0.6394775 22.7657909 -0.0521323 0.5315974 -0.0008855 0.8453908
91.834060 13.9168673 -0.6314560 22.8218937 -0.0558752 0.5099527 0.0018230 0.8583838
91.937810 13.9686756 -0.6266592 22.8525543 -0.0566128 0.4994677 0.0025457 0.8644770
92.145310 14.0702133 -0.6170390 22.9161167 -0.0574048 0.4791971 0.0023127 0.8758250
92.352950 14.1697960 -0.6070387 22.9857788 -0.0595883 0.4622411 -0.0008610 0.8847495
92.560560 14.2695904 -0.5964778 23.0597553 -0.0611567 0.4481728 -0.0034863 0.8918458
92.664430 14.3190975 -0.5907686 23.0974827 -0.0616146 0.4418287 -0.0042262 0.8949711
92.872100 14.4165812 -0.5799724 23.1760693 -0.0611793 0.4307753 -0.0048379 0.9003701
92.975930 14.4648695 -0.5746499 23.2166538 -0.0597285 0.4256482 -0.0054249 0.9028990
93.183560 14.5614710 -0.5640399 23.2989407 -0.0584298 0.4169489 -0.0055388 0.9070330
93.391320 14.6563168 -0.5539718 23.3819847 -0.0596538 0.4121805 -0.0054798 0.9091307
93.495180 14.7036219 -0.5484143 23.4237366 -0.0605790 0.4104855 -0.0048597 0.9098397
93.702820 14.7973337 -0.5377006 23.5077171 -0.0614031 0.4078065 -0.0046157 0.9109896
93.910430 14.8911963 -0.5266345 23.5924053 -0.0608583 0.4050774 -0.0061492 0.9122339
94.118060 14.9847698 -0.5163907 23.6768761 -0.0580379 0.4036911 -0.0050699 0.9130386
94.325690 15.0790749 -0.5052694 23.7624359 -0.0575960 0.4038223 -0.0040978 0.9130134
94.429560 15.1247225 -0.4998887 23.8044453 -0.0587084 0.4049873 -0.0044742 0.9124246
94.741060 15.2582150 -0.4859018 23.9217529 -0.0617741 0.4123978 -0.0059639 0.9088874
95.052690 15.3890657 -0.4716441 24.0334778 -0.0594454 0.4255117 -0.0093678 0.9029498
95.260560 15.4749374 -0.4639168 24.1019669 -0.0564975 0.4375601 -0.0080372 0.8973765
95.572310 15.6019487 -0.4534155 24.1954079 -0.0516020 0.4570816 -0.0050972 0.8879120
95.676180 15.6430120 -0.4504900 24.2234726 -0.0481836 0.4638371 -0.0042705 0.8845989
95.884060 15.7237816 -0.4467084 24.2756004 -0.0369185 0.4781325 -0.0057911 0.8774923
96.092060 15.8016863 -0.4435005 24.3231754 -0.0287373 0.4944241 -0.0133616 0.8686429
96.300060 15.8799906 -0.4423401 24.3666382 -0.0289845 0.5145890 -0.0154986 0.8568068
96.508310 15.9581547 -0.4408746 24.4036312 -0.0307316 0.5391281 -0.0137534 0.8415505
96.612440 15.9976654 -0.4403097 24.4194126 -0.0305569 0.5530598 -0.0112929 0.8325045
96.716580 16.0368481 -0.4402369 24.4331188 -0.0284091 0.5684825 -0.0100351 0.8221435
96.820810 16.0762863 -0.4401397 24.4454346 -0.0236229 0.5847867 -0.0098936 0.8107827
96.924940 16.1162758 -0.4398417 24.4558678 -0.0179133 0.6011198 -0.0104375 0.7988900
97.029060 16.1562862 -0.4401422 24.4651909 -0.0142584 0.6174805 -0.0130036 0.7863495
97.237310 16.2389374 -0.4416159 24.4791508 -0.0105761 0.6499815 -0.0135782 0.7597551
97.445440 16.3228092 -0.4427548 24.4860630 -0.0136897 0.6811289 -0.0102730 0.7319635
97.653560 16.4063263 -0.4440175 24.4847984 -0.0124227 0.7125642 -0.0063671 0.7014681
97.861590 16.4889393 -0.4452643 24.4768543 -0.0105537 0.7422803 -0.0068872 0.6699710
98.069330 16.5705032 -0.4468075 24.4615498 -0.0034702 0.7675312 -0.0054637 0.6409789
98.276830 16.6514091 -0.4480220 24.4419346 -0.0017506 0.7871767 -0.0047115 0.6167071
98.484190 16.7315388 -0.4495616 24.4183598 -0.0015287 0.8014853 -0.0023948 0.5980077
98.691560 16.8113995 -0.4514962 24.3907356 0.0003656 0.8120403 -0.0005028 0.5836010
98.899080 16.8918285 -0.4527692 24.3606701 0.0017129 0.8225011 0.0013585 0.5687593
99.106560 16.9720745 -0.4544658 24.3271732 0.0030642 0.8333250 0.0025814 0.5527689
99.314190 17.0510483 -0.4557487 24.2899513 0.0018518 0.8465189 0.0017635 0.5323524
99.418170 17.0892658 -0.4566576 24.2697849 0.0018477 0.8536774 0.0008173 0.5207983
99.522160 17.1266270 -0.4575902 24.2483692 0.0034630 0.8613705 -0.0000388 0.5079654
99.626160 17.1632042 -0.4585134 24.2258110 0.0034261 0.8697928 -0.0005743 0.4934050
99.730070 17.1999817 -0.4591092 24.2017078 0.0027109 0.8786592 -0.0003211 0.4774416
99.834080 17.2350540 -0.4600684 24.1759396 0.0029650 0.8879452 0.0022319 0.4599344
99.938070 17.2690525 -0.4609092 24.1481533 0.0050468 0.8970132 0.0042959 0.4419540
100.042100 17.3030663 -0.4612632 24.1193790 0.0067815 0.9061000 0.0045425 0.4229849
100.250100 17.3651314 -0.4629400 24.0583725 0.0077830 0.9231598 0.0044802 0.3843114
100.458100 17.4209270 -0.4645183 23.9931107 0.0100389 0.9386075 0.0069307 0.3447711
100.666000 17.4696350 -0.4659349 23.9246693 0.0123312 0.9520330 0.0096037 0.3055960
100.873800 17.5128212 -0.4665865 23.8532906 0.0150106 0.9625167 0.0088874 0.2706607
101.081300 17.5515537 -0.4667886 23.7800102 0.0190736 0.9705240 0.0069179 0.2401488
101.288700 17.5861664 -0.4677083 23.7039738 0.0205913 0.9770153 0.0077986 0.2120289
101.496100 17.6170120 -0.4680593 23.6251202 0.0229472 0.9826483 0.0097698 0.1837941
101.703400 17.6428432 -0.4679243 23.5446739 0.0247214 0.9876646 0.0122517 0.1541341
101.910900 17.6635418 -0.4691474 23.4629669 0.0263866 0.9919909 0.0111437 0.1230187
102.118500 17.6786251 -0.4687807 23.3799133 0.0281355 0.9955216 0.0095352 0.0897452
102.326100 17.6887169 -0.4683408 23.2934895 0.0303386 0.9978529 0.0150753 0.0560531
102.533600 17.6930485 -0.4676775 23.2065239 0.0294302 0.9992003 0.0157165 0.0220340
102.741200 17.6913185 -0.4663152 23.1180382 0.0293829 0.9994087 0.0138081 -0.0113285
102.948700 17.6840820 -0.4648640 23.0278187 0.0311500 0.9985269 0.0133919 -0.0423590
103.259900 17.6624584 -0.4622337 22.8878288 0.0339035 0.9960058 0.0120561 -0.0817163
103.467300 17.6430492 -0.4611814 22.7928619 0.0332085 0.9942704 0.0104502 -0.1010654
103.674700 17.6206799 -0.4595050 22.6961212 0.0326937 0.9925653 0.0090975 -0.1168862
103.882200 17.5953350 -0.4583080 22.5971794 0.0307273 0.9909195 0.0101306 -0.1305056
104.089600 17.5666008 -0.4567038 22.4964638 0.0320474 0.9896361 0.0117836 -0.1394792
104.296900 17.5363693 -0.4550813 22.3936272 0.0337417 0.9890191 0.0103819 -0.1435095
104.504300 17.5054588 -0.4532757 22.2891407 0.0339367 0.9887387 0.0072277 -0.1455741
104.711700 17.4728222 -0.4518938 22.1811886 0.0358231 0.9884236 0.0100628 -0.1470858
104.919200 17.4396782 -0.4502249 22.0709953 0.0365431 0.9881757 0.0112563 -0.1484810
105.126600 17.4053211 -0.4480688 21.9587860 0.0363240 0.9879344 0.0100155 -0.1502192
105.334200 17.3706474 -0.4465797 21.8448887 0.0362501 0.9876719 0.0093434 -0.1519966
105.541700 17.3341579 -0.4450096 21.7281437 0.0366372 0.9873838 0.0100872 -0.1537177
105.749200 17.2963963 -0.4432135 21.6098480 0.0376193 0.9870859 0.0098286 -0.1554011
105.956700 17.2581768 -0.4411232 21.4902534 0.0382809 0.9867951 0.0102612 -0.1570503
106.164200 17.2184582 -0.4390976 21.3696594 0.0374679 0.9865724 0.0111601 -0.1585763
106.371700 17.1794357 -0.4370582 21.2483063 0.0361903 0.9863157 0.0111960 -0.1604561
106.579200 17.1387787 -0.4347289 21.1265411 0.0365567 0.9860969 0.0106886 -0.1617476
106.786800 17.0985756 -0.4325198 21.0042610 0.0368963 0.9860625 0.0121147 -0.1617795
106.994300 17.0583611 -0.4305370 20.8813839 0.0344770 0.9865927 0.0111407 -0.1591289
107.201800 17.0196705 -0.4289612 20.7582436 0.0320674 0.9872764 0.0094803 -0.1554576
107.409200 16.9819698 -0.4277502 20.6349125 0.0279340 0.9882361 0.0062389 -0.1502334
107.616700 16.9463196 -0.4278087 20.5110283 0.0239119 0.9892559 0.0044155 -0.1441579
107.824300 16.9126396 -0.4281939 20.3858910 0.0197428 0.9904189 0.0064031 -0.1365269
108.031600 16.8802433 -0.4280233 20.2613373 0.0199436 0.9919503 0.0097938 -0.1246628
108.238900 16.8520565 -0.4276962 20.1360264 0.0214683 0.9937109 0.0094388 -0.1094927
108.446400 16.8276539 -0.4278094 20.0107918 0.0195168 0.9953154 0.0057888 -0.0945140
108.654000 16.8075676 -0.4283343 19.8845024 0.0190562 0.9964938 0.0055790 -0.0812761
108.861500 16.7902470 -0.4289009 19.7583599 0.0200547 0.9975017 0.0072197 -0.0673494
109.069200 16.7765846 -0.4289658 19.6321335 0.0184316 0.9983612 0.0074031 -0.0536681
109.380500 16.7633610 -0.4293470 19.4427700 0.0145732 0.9992447 0.0104134 -0.0344829
109.484300 16.7606964 -0.4292797 19.3794994 0.0134877 0.9994588 0.0104021 -0.0281429
109.691700 16.7569599 -0.4285417 19.2520924 0.0129587 0.9997473 0.0103442 -0.0151787
109.795400 16.7562370 -0.4285288 19.1884212 0.0129036 0.9998119 0.0114656 -0.0088416
110.003000 16.7572899 -0.4277784 19.0610943 0.0123476 0.9998282 0.0132548 0.0039242
110.210600 16.7615604 -0.4264831 18.9352360 0.0139350 0.9997079 0.0117965 0.0158335
110.418100 16.7680969 -0.4266382 18.8098030 0.0143743 0.9994549 0.0099918 0.0279915
110.729500 16.7847481 -0.4271307 18.6197300 0.0128457 0.9989040 0.0086744 0.0441631
110.833200 16.7919769 -0.4271630 18.5570698 0.0125673 0.9987091 0.0074078 0.0486537
111.041100 16.8063889 -0.4280801 18.4325275 0.0117428 0.9982133 0.0065604 0.0582177
111.248500 16.8243484 -0.4285412 18.3067608 0.0109460 0.9976869 0.0080947 0.0666005
111.560000 16.8545780 -0.4295427 18.1207619 0.0091884 0.9967879 0.0087309 0.0790775
111.871200 16.8887901 -0.4300192 17.9368515 0.0068046 0.9958692 0.0098805 0.0900031
112.182300 16.9273491 -0.4299690 17.7560520 0.0053528 0.9948818 0.0118723 0.1002028
112.597300 16.9814167 -0.4304927 17.5224400 0.0048891 0.9934617 0.0064229 0.1138799
113.012500 17.0382195 -0.4340046 17.3027840 0.0067752 0.9916272 -0.0001618 0.1289555
113.323800 17.0794258 -0.4394570 17.1558704 0.0054407 0.9902170 -0.0149783 0.1386228
113.946800 17.1591778 -0.4588592 16.8947506 0.0089158 0.9890386 -0.0289390 0.1445187
114.571200 17.2232971 -0.4761503 16.6431446 0.0177189 0.9942430 -0.0216603 0.1034301
114.883900 17.2380219 -0.4816653 16.5183010 0.0214989 0.9982979 -0.0117178 0.0529310
115.404800 17.2280121 -0.4879937 16.3158512 0.0252409 0.9982315 -0.0014439 -0.0538017
115.821100 17.1877403 -0.4879391 16.1529274 0.0261066 0.9891039 0.0076236 -0.1446855
116.029400 17.1568775 -0.4872067 16.0733299 0.0227684 0.9813598 0.0101397 -0.1905563
116.341000 17.0943203 -0.4851980 15.9591208 0.0266441 0.9664701 0.0106001 -0.2551729
116.548600 17.0433769 -0.4835507 15.8852310 0.0301470 0.9555559 0.0112942 -0.2930470
116.756100 16.9863777 -0.4812344 15.8129234 0.0328955 0.9450898 0.0095609 -0.3250103
116.963400 16.9235573 -0.4784654 15.7422447 0.0369329 0.9359819 0.0061493 -0.3500514
117.170600 16.8545990 -0.4759147 15.6704617 0.0396785 0.9289823 0.0044704 -0.3679641
117.377900 16.7815876 -0.4730493 15.5974398 0.0403732 0.9230366 0.0035509 -0.3825715
117.585200 16.7032108 -0.4700101 15.5225792 0.0407848 0.9177133 0.0025683 -0.3951358
117.792500 16.6200123 -0.4668766 15.4458580 0.0428280 0.9146804 0.0017274 -0.4018986
117.999600 16.5332336 -0.4634842 15.3657608 0.0452964 0.9154863 0.0018739 -0.3997869
118.103200 16.4900379 -0.4617736 15.3243933 0.0442847 0.9164886 0.0029870 -0.3975909
118.310600 16.4011879 -0.4583937 15.2387285 0.0407272 0.9177024 0.0038801 -0.3951564
118.414300 16.3559628 -0.4568350 15.1949463 0.0402047 0.9179358 0.0039433 -0.3946669
118.621700 16.2632542 -0.4536415 15.1053009 0.0394191 0.9185382 0.0043657 -0.3933378
118.725500 16.2157269 -0.4518743 15.0598660 0.0394946 0.9189056 0.0035780 -0.3924790
118.932800 16.1201572 -0.4484690 14.9660444 0.0384771 0.9196089 0.0034819 -0.3909308
119.140500 16.0224113 -0.4456796 14.8707790 0.0381816 0.9203852 0.0014474 -0.3891416
119.347800 15.9232311 -0.4432854 14.7724237 0.0360838 0.9213061 -0.0007578 -0.3871593
119.555300 15.8231745 -0.4425076 14.6725779 0.0344424 0.9222541 -0.0017076 -0.3850429
119.762700 15.7218847 -0.4407020 14.5701485 0.0346424 0.9232694 -0.0001538 -0.3825880
119.970100 15.6210136 -0.4393973 14.4672689 0.0356025 0.9248281 0.0009808 -0.3787144
120.177500 15.5214901 -0.4373991 14.3629379 0.0356289 0.9270813 0.0037087 -0.3731447
120.384800 15.4234324 -0.4355940 14.2574396 0.0348207 0.9296554 0.0032099 -0.3667671
120.592200 15.3260679 -0.4336346 14.1508789 0.0367615 0.9333153 0.0015260 -0.3571678
120.799500 15.2321634 -0.4323452 14.0421553 0.0388013 0.9382125 -0.0013044 -0.3438750
121.006700 15.1423340 -0.4318779 13.9296474 0.0388644 0.9436352 -0.0021309 -0.3286909
121.214100 15.0563145 -0.4312153 13.8136101 0.0358630 0.9488662 -0.0025536 -0.3136243
121.421600 14.9724989 -0.4311009 13.6938639 0.0348272 0.9530399 0.0000072 -0.3008356
121.629100 14.8922110 -0.4306572 13.5719051 0.0339390 0.9568912 0.0011233 -0.2884546
121.836600 14.8133125 -0.4304753 13.4475403 0.0339617 0.9605516 -0.0001494 -0.2760204
122.044100 14.7378731 -0.4304889 13.3199587 0.0334106 0.9639939 -0.0020801 -0.2638088
122.251600 14.6646223 -0.4313921 13.1899281 0.0341627 0.9670281 -0.0036531 -0.2523414
122.459200 14.5933647 -0.4320396 13.0574780 0.0367031 0.9692313 -0.0023412 -0.2433887
122.666800 14.5233345 -0.4330798 12.9231024 0.0373130 0.9705886 -0.0024834 -0.2378223
122.874600 14.4534502 -0.4335532 12.7853174 0.0359434 0.9711669 -0.0012588 -0.2356722
123.082400 14.3831797 -0.4341815 12.6475506 0.0351973 0.9715541 -0.0024219 -0.2341751
123.290000 14.3137770 -0.4348373 12.5083132 0.0357021 0.9721171 -0.0029381 -0.2317435
123.497600 14.2434282 -0.4353755 12.3678026 0.0394436 0.9727947 -0.0013733 -0.2282821
123.705300 14.1736345 -0.4358904 12.2261381 0.0409145 0.9733402 -0.0053610 -0.2256238
123.913000 14.1033945 -0.4363285 12.0818930 0.0416423 0.9735464 -0.0049694 -0.2246078
124.016700 14.0680332 -0.4365250 12.0086985 0.0419127 0.9736201 -0.0026193 -0.2242776
124.224400 13.9953251 -0.4360507 11.8621082 0.0466469 0.9735093 -0.0008154 -0.2238370
124.328100 13.9592133 -0.4357356 11.7886238 0.0490359 0.9733380 -0.0024903 -0.2240590
124.431900 13.9235334 -0.4353075 11.7151661 0.0501243 0.9731847 -0.0041699 -0.2244587
124.535600 13.8877954 -0.4351235 11.6411171 0.0504198 0.9730430 -0.0043746 -0.2250021
124.639300 13.8516521 -0.4351830 11.5661659 0.0497790 0.9728811 -0.0033112 -0.2258615
124.743100 13.8153267 -0.4354055 11.4910975 0.0473150 0.9727107 -0.0022349 -0.2271346
124.846800 13.7787676 -0.4345102 11.4155855 0.0439571 0.9724346 -0.0014554 -0.2289904
124.950600 13.7418451 -0.4342670 11.3400507 0.0414228 0.9719173 -0.0000792 -0.2316482
125.054300 13.7036543 -0.4341238 11.2643032 0.0378583 0.9713910 0.0015369 -0.2344441
125.158200 13.6657076 -0.4339675 11.1883936 0.0360371 0.9705741 0.0011627 -0.2380879
125.262000 13.6265965 -0.4334936 11.1129818 0.0342836 0.9697291 0.0000571 -0.2417647
125.365700 13.5860167 -0.4330735 11.0372505 0.0331406 0.9688004 -0.0001244 -0.2456165
125.469400 13.5446787 -0.4331393 10.9616947 0.0342389 0.9677781 0.0007144 -0.2494647
125.573100 13.5020485 -0.4326987 10.8862562 0.0367992 0.9666511 0.0022001 -0.2534297
125.676800 13.4587021 -0.4318565 10.8109550 0.0392170 0.9654517 0.0014312 -0.2576101
125.780600 13.4148817 -0.4315336 10.7362938 0.0420838 0.9642079 0.0001587 -0.2617860
125.988000 13.3248730 -0.4304852 10.5870056 0.0432696 0.9621719 -0.0032408 -0.2689656
126.091700 13.2790909 -0.4300113 10.5120821 0.0446952 0.9610448 -0.0015374 -0.2727505
126.299200 13.1844540 -0.4278405 10.3620682 0.0473669 0.9590362 0.0028019 -0.2792812
126.403000 13.1361151 -0.4262877 10.2874336 0.0507208 0.9582189 0.0021973 -0.2814944
126.610300 13.0403595 -0.4243013 10.1395988 0.0523185 0.9573470 -0.0021356 -0.2841564
126.714100 12.9924774 -0.4238626 10.0643835 0.0492160 0.9571944 -0.0007341 -0.2852298
126.921600 12.8947754 -0.4216716 9.9140844 0.0452258 0.9569660 0.0008089 -0.2866530
127.025200 12.8451300 -0.4203366 9.8384695 0.0456601 0.9567574 0.0009341 -0.2872795
127.232700 12.7453947 -0.4176110 9.6879444 0.0459049 0.9567730 0.0028382 -0.2871762
127.440100 12.6450453 -0.4152254 9.5363903 0.0449580 0.9569157 0.0026273 -0.2868524
127.647600 12.5447655 -0.4124950 9.3837328 0.0420640 0.9569472 0.0037839 -0.2871730
127.855000 12.4445248 -0.4093683 9.2304440 0.0425996 0.9563284 0.0053134 -0.2891246
128.062200 12.3428001 -0.4064855 9.0763340 0.0433309 0.9558082 0.0044422 -0.2907462
128.269700 12.2399416 -0.4032141 8.9217310 0.0418006 0.9555476 0.0047543 -0.2918200
128.477100 12.1368294 -0.4005562 8.7677412 0.0420786 0.9556381 0.0058005 -0.2914647
128.580700 12.0847540 -0.3989845 8.6898832 0.0431218 0.9556724 0.0052886 -0.2912090
128.684500 12.0335579 -0.3967539 8.6110535 0.0431285 0.9556289 0.0041721 -0.2913692
128.788200 11.9808216 -0.3959770 8.5332689 0.0429376 0.9558159 0.0043669 -0.2907804
128.891800 11.9288883 -0.3947018 8.4540443 0.0425032 0.9558413 0.0048231 -0.2907535
128.995500 11.8777103 -0.3931757 8.3750086 0.0421246 0.9557772 0.0053897 -0.2910094
129.099100 11.8249979 -0.3919527 8.2954559 0.0423616 0.9558103 0.0056834 -0.2908605
129.202800 11.7725649 -0.3901987 8.2167082 0.0422125 0.9559083 0.0054793 -0.2905639
129.306600 11.7197180 -0.3885094 8.1375628 0.0424794 0.9559365 0.0046826 -0.2904462
129.410300 11.6662273 -0.3869461 8.0582371 0.0424925 0.9560426 0.0041382 -0.2901030
129.514100 11.6141949 -0.3858100 7.9789705 0.0426204 0.9560345 0.0043835 -0.2901075
129.617800 11.5606146 -0.3849908 7.8988252 0.0437749 0.9560552 0.0048113 -0.2898603
129.721600 11.5076895 -0.3834088 7.8186417 0.0444688 0.9559744 0.0051183 -0.2900161
129.825300 11.4540796 -0.3817720 7.7382436 0.0453446 0.9558778 0.0051272 -0.2901986
129.929100 11.4003372 -0.3800979 7.6577930 0.0461179 0.9558197 0.0048605 -0.2902728
130.032700 11.3461266 -0.3784486 7.5770965 0.0476262 0.9557078 0.0035769 -0.2904162
130.136500 11.2920599 -0.3770782 7.4964857 0.0481169 0.9555883 0.0022933 -0.2907414
130.240200 11.2387762 -0.3751689 7.4151030 0.0486950 0.9552673 0.0022312 -0.2916990
130.343800 11.1845818 -0.3740057 7.3344321 0.0475840 0.9550892 0.0031587 -0.2924559
130.447600 11.1301508 -0.3720823 7.2529898 0.0457595 0.9547767 0.0039161 -0.2937552
130.551300 11.0757179 -0.3705681 7.1716461 0.0446431 0.9544195 0.0053030 -0.2950632
130.655000 11.0212851 -0.3683323 7.0910625 0.0453659 0.9539215 0.0063506 -0.2965391
130.758700 10.9664593 -0.3663319 7.0097833 0.0451156 0.9535702 0.0060064 -0.2977120
130.862500 10.9106627 -0.3647090 6.9292092 0.0447802 0.9532855 0.0049764 -0.2986917
130.966100 10.8547497 -0.3626978 6.8476996 0.0441538 0.9530444 0.0045901 -0.2995593
131.070000 10.7986536 -0.3609577 6.7659397 0.0432535 0.9528052 0.0043938 -0.3004533
131.173700 10.7419605 -0.3591380 6.6844854 0.0439769 0.9526029 0.0047891 -0.3009832
131.277500 10.6852474 -0.3568185 6.6034412 0.0455075 0.9524152 0.0058646 -0.3013303
131.381100 10.6287203 -0.3543337 6.5227723 0.0466371 0.9522846 0.0061281 -0.3015651
131.484800 10.5724306 -0.3516720 6.4415469 0.0476539 0.9520860 0.0053537 -0.3020474
131.588500 10.5153494 -0.3495227 6.3604460 0.0483988 0.9519611 0.0052960 -0.3023237
131.692200 10.4584646 -0.3476413 6.2798586 0.0499128 0.9517914 0.0060756 -0.3025970
131.796000 10.4012194 -0.3453128 6.1990528 0.0507839 0.9517772 0.0062220 -0.3024938
131.899600 10.3445997 -0.3428910 6.1179819 0.0514814 0.9517517 0.0056268 -0.3024677
132.003300 10.2868929 -0.3405385 6.0370827 0.0514063 0.9518812 0.0049581 -0.3020846
132.107000 10.2309895 -0.3384241 5.9563169 0.0503160 0.9520057 0.0053924 -0.3018682
132.210600 10.1741705 -0.3365504 5.8752537 0.0499948 0.9522394 0.0054264 -0.3011830
132.314400 10.1181545 -0.3340513 5.7939000 0.0491529 0.9524513 0.0058131 -0.3006438
132.418000 10.0619373 -0.3323824 5.7125177 0.0489826 0.9526714 0.0064677 -0.2999601
132.625500 9.9498005 -0.3270115 5.5495300 0.0477038 0.9533364 0.0068021 -0.2980399
132.832800 9.8398066 -0.3229408 5.3864446 0.0435684 0.9540921 0.0039744 -0.2963008
133.040100 9.7299538 -0.3202496 5.2226601 0.0411898 0.9549183 0.0063459 -0.2939289
133.247500 9.6206932 -0.3159986 5.0590925 0.0410490 0.9556848 0.0078433 -0.2914105
133.454800 9.5121031 -0.3119497 4.8953471 0.0434055 0.9564989 0.0076135 -0.2883883
133.662200 9.4039440 -0.3082720 4.7313533 0.0453541 0.9575866 0.0067813 -0.2844731
133.973300 9.2467928 -0.3025929 4.4832888 0.0453483 0.9603166 0.0047306 -0.2751603
134.180800 9.1456003 -0.2997683 4.3159475 0.0420230 0.9623476 0.0052469 -0.2685024
134.388200 9.0474920 -0.2967869 4.1471281 0.0399087 0.9642639 0.0065857 -0.2618381
134.491900 8.9987087 -0.2954860 4.0627408 0.0411705 0.9650970 0.0077457 -0.2585203
134.595600 8.9518785 -0.2938019 3.9788971 0.0396774 0.9659680 0.0063183 -0.2555225
134.699300 8.9045982 -0.2919886 3.8948085 0.0396034 0.9668139 0.0047791 -0.2523480
134.803100 8.8581200 -0.2914646 3.8104713 0.0401463 0.9674046 0.0044690 -0.2499934
134.906900 8.8125343 -0.2899553 3.7262001 0.0404993 0.9679314 0.0051026 -0.2478763
135.010600 8.7665863 -0.2888127 3.6416357 0.0419376 0.9683347 0.0053945 -0.2460488
135.114300 8.7209635 -0.2878298 3.5560710 0.0429665 0.9685959 0.0060043 -0.2448262
135.218100 8.6751547 -0.2867076 3.4705827 0.0434541 0.9688694 0.0046958 -0.2436837
135.425700 8.5844812 -0.2849301 3.2988122 0.0424833 0.9694838 0.0032068 -0.2414252
135.529500 8.5398302 -0.2837790 3.2127130 0.0413110 0.9698362 0.0037626 -0.2402019
135.633100 8.4952974 -0.2832204 3.1267254 0.0411950 0.9701658 0.0046236 -0.2388720
135.736900 8.4500284 -0.2820947 3.0397344 0.0410053 0.9705261 0.0050504 -0.2374281
135.840600 8.4058790 -0.2807520 2.9531980 0.0407230 0.9708525 0.0050204 -0.2361396
135.944200 8.3614120 -0.2800688 2.8664033 0.0409355 0.9711700 0.0045432 -0.2348030
136.047800 8.3173695 -0.2790262 2.7796071 0.0422069 0.9714257 0.0043741 -0.2335199
136.151600 8.2732077 -0.2781539 2.6926420 0.0430907 0.9717283 0.0041379 -0.2320997
136.359000 8.1851292 -0.2766561 2.5175123 0.0433161 0.9722536 0.0024164 -0.2298713
136.566500 8.0985546 -0.2755212 2.3406816 0.0392651 0.9727793 0.0059112 -0.2283062
136.774000 8.0121946 -0.2731664 2.1639094 0.0371397 0.9731070 0.0072004 -0.2272259
136.981400 7.9255166 -0.2702753 1.9874550 0.0380710 0.9732797 0.0069938 -0.2263366
137.188700 7.8394575 -0.2687917 1.8107663 0.0386246 0.9734622 0.0050247 -0.2255091
137.396200 7.7560215 -0.2667358 1.6344100 0.0370776 0.9736376 0.0039959 -0.2250312
137.603600 7.6713796 -0.2659561 1.4570864 0.0361242 0.9739194 0.0047147 -0.2239504
137.811000 7.5868735 -0.2640736 1.2804395 0.0363557 0.9743326 0.0045676 -0.2221110
138.018400 7.5023346 -0.2630817 1.1029215 0.0376037 0.9746630 0.0036154 -0.2204651
138.122100 7.4604425 -0.2623845 1.0148698 0.0384531 0.9747502 0.0022505 -0.2199509
138.329600 7.3755169 -0.2616263 0.8368290 0.0392447 0.9747722 0.0017010 -0.2197182
138.433400 7.3336062 -0.2619797 0.7475923 0.0387756 0.9744968 0.0017675 -0.2210186
138.641000 7.2479916 -0.2625910 0.5695076 0.0364792 0.9736752 0.0040580 -0.2249654
138.744700 7.2052536 -0.2614302 0.4807947 0.0354385 0.9730474 0.0052506 -0.2278055
138.952200 7.1158419 -0.2592091 0.3040845 0.0344971 0.9715101 0.0076581 -0.2343491
139.056000 7.0706916 -0.2577738 0.2165439 0.0335899 0.9705176 0.0082511 -0.2385354
139.263600 6.9780231 -0.2556964 0.0419486 0.0313392 0.9682493 0.0068420 -0.2479199
139.367400 6.9309659 -0.2547149 -0.0446627 0.0298732 0.9669198 0.0071944 -0.2532232
139.574900 6.8334093 -0.2530756 -0.2151301 0.0293743 0.9641881 0.0077570 -0.2634736
139.678500 6.7837958 -0.2518612 -0.2991845 0.0296012 0.9627723 0.0081983 -0.2685630
139.886000 6.6801219 -0.2494694 -0.4662651 0.0312228 0.9597820 0.0079008 -0.2788927
139.989700 6.6267543 -0.2480014 -0.5482240 0.0322557 0.9581545 0.0071184 -0.2843393
140.197100 6.5185933 -0.2460850 -0.7100416 0.0354836 0.9544486 0.0066092 -0.2961843
140.300900 6.4624615 -0.2445487 -0.7907127 0.0368155 0.9525845 0.0076070 -0.3019429
140.508200 6.3484387 -0.2411104 -0.9486866 0.0400531 0.9487454 0.0076624 -0.3133996
140.612000 6.2899437 -0.2394476 -1.0264916 0.0409789 0.9470812 0.0062305 -0.3183065
140.819400 6.1713562 -0.2360472 -1.1790594 0.0414655 0.9443605 0.0045353 -0.3262566
140.923100 6.1109042 -0.2340344 -1.2553596 0.0432019 0.9431143 0.0027903 -0.3296379
141.026700 6.0502095 -0.2321481 -1.3316274 0.0465097 0.9417747 0.0019313 -0.3330068
141.130500 5.9890265 -0.2307377 -1.4079186 0.0468267 0.9407330 0.0023301 -0.3358919
141.234200 5.9254961 -0.2287191 -1.4842300 0.0482472 0.9394951 0.0007808 -0.3391466
141.338000 5.8627434 -0.2273033 -1.5602000 0.0474023 0.9384888 0.0013264 -0.3420380
141.441700 5.7994323 -0.2258355 -1.6355059 0.0449614 0.9377702 0.0019332 -0.3443280
141.545500 5.7352839 -0.2239823 -1.7106735 0.0462775 0.9367945 0.0016167 -0.3468022
141.649100 5.6706553 -0.2221499 -1.7863162 0.0467413 0.9358898 0.0030897 -0.3491648
141.752900 5.6051946 -0.2200098 -1.8614506 0.0468332 0.9351280 0.0042983 -0.3511749
141.856600 5.5399542 -0.2175820 -1.9364231 0.0458004 0.9345996 0.0040196 -0.3527175
141.960200 5.4742522 -0.2153027 -2.0113475 0.0444865 0.9339960 0.0035174 -0.3544855
142.064000 5.4085021 -0.2127284 -2.0862842 0.0435076 0.9331904 0.0047555 -0.3567074
142.167700 5.3422270 -0.2106037 -2.1607609 0.0442963 0.9321058 0.0064557 -0.3594090
142.271500 5.2753534 -0.2076813 -2.2343600 0.0450576 0.9307504 0.0056711 -0.3628241
142.375400 5.2074585 -0.2048521 -2.3078861 0.0444767 0.9292585 0.0049787 -0.3667093
142.479100 5.1386991 -0.2026533 -2.3809752 0.0444277 0.9276518 0.0043065 -0.3707692
142.582700 5.0693803 -0.2007315 -2.4532175 0.0453526 0.9261717 0.0034706 -0.3743490
142.686500 4.9992089 -0.1981609 -2.5253992 0.0455856 0.9252557 0.0033919 -0.3765798
142.790100 4.9287124 -0.1961487 -2.5972691 0.0460640 0.9246240 0.0038167 -0.3780661
142.893700 4.8585401 -0.1936220 -2.6692448 0.0454963 0.9241277 0.0050534 -0.3793317
142.997500 4.7885442 -0.1909886 -2.7408721 0.0454094 0.9237224 0.0057693 -0.3803178
143.101100 4.7179976 -0.1884074 -2.8121991 0.0452414 0.9237632 0.0060928 -0.3802338
143.204700 4.6479497 -0.1857687 -2.8834314 0.0454459 0.9240437 0.0068247 -0.3795147
143.308500 4.5779037 -0.1828687 -2.9551888 0.0447954 0.9245014 0.0072847 -0.3784674
143.412100 4.5073252 -0.1802323 -3.0274029 0.0444911 0.9248928 0.0074129 -0.3775433
143.515900 4.4378147 -0.1773532 -3.0996740 0.0422567 0.9253105 0.0060260 -0.3768004
143.619600 4.3686128 -0.1753636 -3.1717761 0.0413169 0.9255265 0.0035357 -0.3764055
143.723300 4.2989292 -0.1733430 -3.2438576 0.0414458 0.9256627 0.0020689 -0.3760671
143.827000 4.2279582 -0.1711890 -3.3167551 0.0431278 0.9257998 0.0022610 -0.3755392
143.930600 4.1587219 -0.1693325 -3.3884485 0.0452599 0.9258389 0.0026997 -0.3751888
144.034400 4.0888143 -0.1672243 -3.4608378 0.0462199 0.9258896 0.0031676 -0.3749430
144.138000 4.0192747 -0.1649676 -3.5334375 0.0462465 0.9257790 0.0031501 -0.3752127
144.241700 3.9493906 -0.1629455 -3.6062696 0.0452978 0.9257357 0.0024493 -0.3754404
144.345400 3.8789165 -0.1611086 -3.6791723 0.0446090 0.9256316 0.0021207 -0.3757813
144.449100 3.8077924 -0.1588938 -3.7525434 0.0437370 0.9255493 0.0026579 -0.3760831
144.552700 3.7374120 -0.1567943 -3.8255033 0.0434353 0.9253257 0.0032453 -0.3766633
144.656500 3.6663158 -0.1545106 -3.8986988 0.0435286 0.9251077 0.0042068 -0.3771782
144.760200 3.5959034 -0.1524006 -3.9718904 0.0429644 0.9248591 0.0052566 -0.3778386
144.864000 3.5245988 -0.1499180 -4.0454850 0.0429104 0.9243822 0.0048701 -0.3790152
144.967900 3.4524934 -0.1473874 -4.1188674 0.0424967 0.9238441 0.0040836 -0.3803807
145.071600 3.3792462 -0.1448724 -4.1923251 0.0425211 0.9233205 0.0039975 -0.3816482
145.175400 3.3072405 -0.1423615 -4.2648125 0.0429405 0.9227765 0.0048613 -0.3829048
145.279100 3.2348359 -0.1403139 -4.3372169 0.0429027 0.9222997 0.0055546 -0.3840465
145.382900 3.1623685 -0.1376894 -4.4097838 0.0421524 0.9218345 0.0057472 -0.3852418
145.590400 3.0156584 -0.1321700 -4.5549669 0.0424460 0.9209919 0.0078901 -0.3871821
145.797700 2.8689864 -0.1268394 -4.6986718 0.0429349 0.9203604 0.0057330 -0.3886650
146.005100 2.7217979 -0.1215326 -4.8419075 0.0439796 0.9199533 0.0062637 -0.3895029
146.212500 2.5746741 -0.1159344 -4.9856725 0.0419118 0.9198725 0.0079956 -0.3898897
146.419900 2.4270513 -0.1103186 -5.1296663 0.0411729 0.9196371 0.0094479 -0.3904908
146.627200 2.2787850 -0.1043082 -5.2734156 0.0432808 0.9196660 0.0062326 -0.3902594
146.834600 2.1313615 -0.1003383 -5.4174123 0.0410188 0.9200171 0.0034401 -0.3897105
147.042000 1.9833368 -0.0948884 -5.5631022 0.0410703 0.9201761 0.0066377 -0.3892879
147.249400 1.8352699 -0.0896319 -5.7079339 0.0435962 0.9201625 0.0049952 -0.3890699
147.456900 1.6857049 -0.0846900 -5.8526797 0.0459225 0.9201304 0.0041000 -0.3888886
147.664300 1.5380913 -0.0789059 -5.9976344 0.0465307 0.9203169 0.0026097 -0.3883875
147.768000 1.4644189 -0.0770097 -6.0702004 0.0467541 0.9204655 0.0035457 -0.3880011
147.975500 1.3166046 -0.0722905 -6.2161598 0.0441962 0.9209303 0.0046753 -0.3871849
148.079200 1.2434658 -0.0693061 -6.2882156 0.0430620 0.9211097 0.0055483 -0.3868743
148.286700 1.0972061 -0.0637956 -6.4338450 0.0428605 0.9213818 0.0062102 -0.3862382
148.390400 1.0246984 -0.0615655 -6.5047603 0.0430118 0.9216446 0.0054406 -0.3856055
148.597900 0.8807132 -0.0566298 -6.6478691 0.0416143 0.9220377 0.0039095 -0.3848369
148.805400 0.7366248 -0.0530537 -6.7911801 0.0405676 0.9224023 0.0045643 -0.3840669
149.012800 0.5949817 -0.0492192 -6.9348106 0.0402382 0.9225784 0.0059501 -0.3836595
149.116400 0.5229039 -0.0472954 -7.0068293 0.0418270 0.9226018 0.0059297 -0.3834336
149.220100 0.4520095 -0.0454511 -7.0787911 0.0395519 0.9228729 0.0068392 -0.3830071
149.323900 0.3808686 -0.0426944 -7.1512122 0.0383780 0.9228028 0.0057744 -0.3833129
149.427500 0.3092459 -0.0401716 -7.2241940 0.0349291 0.9230793 0.0061013 -0.3829719
149.531200 0.2368236 -0.0382915 -7.2973475 0.0346581 0.9231771 0.0081241 -0.3827230
149.634900 0.1646322 -0.0361390 -7.3701320 0.0358019 0.9231548 0.0091160 -0.3826490
149.738600 0.0926725 -0.0335827 -7.4425435 0.0356992 0.9233969 0.0078189 -0.3821029
149.842400 0.0206985 -0.0311049 -7.5152140 0.0364304 0.9234496 0.0064707 -0.3819315
149.946100 -0.0512718 -0.0294109 -7.5882597 0.0355017 0.9234772 0.0079004 -0.3819256
150.049700 -0.1236430 -0.0269817 -7.6615367 0.0347830 0.9235244 0.0084419 -0.3818658
150.153500 -0.1958470 -0.0247149 -7.7345490 0.0344688 0.9236241 0.0077437 -0.3816681
150.257200 -0.2681544 -0.0224921 -7.8077159 0.0348414 0.9236929 0.0066565 -0.3814880
150.361000 -0.3404612 -0.0205307 -7.8809977 0.0354635 0.9237805 0.0057281 -0.3812337
150.464700 -0.4130526 -0.0187740 -7.9541731 0.0366305 0.9238353 0.0059114 -0.3809876
150.568400 -0.4850820 -0.0167505 -8.0276785 0.0361134 0.9241036 0.0067931 -0.3803712
150.672100 -0.5581166 -0.0142433 -8.1013975 0.0365870 0.9242040 0.0063529 -0.3800894
150.775700 -0.6282336 -0.0125517 -8.1746435 0.0344822 0.9244264 0.0070492 -0.3797330
150.879500 -0.7005180 -0.0109817 -8.2485361 0.0332965 0.9245622 0.0062033 -0.3795228
150.983100 -0.7723280 -0.0091242 -8.3229828 0.0313567 0.9246265 0.0064250 -0.3795278
151.086900 -0.8440533 -0.0075160 -8.3968248 0.0306460 0.9246978 0.0061504 -0.3794166
151.294200 -0.9874927 -0.0045632 -8.5448217 0.0294707 0.9248222 0.0063439 -0.3792034
151.398000 -1.0585889 -0.0031300 -8.6184206 0.0288477 0.9249396 0.0056152 -0.3789763
151.605500 -1.2022007 -0.0007333 -8.7648811 0.0283866 0.9251188 0.0033013 -0.3786008
151.813000 -1.3428458 0.0010694 -8.9102144 0.0274981 0.9251865 0.0027318 -0.3785056
151.916600 -1.4137639 0.0017674 -8.9827852 0.0258808 0.9252709 0.0013562 -0.3784206
152.124100 -1.5520691 0.0020333 -9.1275787 0.0202239 0.9251505 0.0003872 -0.3790611
152.331500 -1.6911286 0.0014398 -9.2719631 0.0180657 0.9251950 0.0026040 -0.3790528
152.538900 -1.8278735 0.0005320 -9.4126844 0.0183410 0.9258310 0.0041327 -0.3774698
152.746200 -1.9629010 0.0001798 -9.5530586 0.0185673 0.9266734 -0.0026887 -0.3753991
152.953500 -2.0966496 -0.0020122 -9.6907625 0.0256448 0.9277350 -0.0038906 -0.3723371
153.057200 -2.1620908 -0.0026930 -9.7595739 0.0277070 0.9284273 -0.0033744 -0.3704640
153.264500 -2.2903156 -0.0041346 -9.8966703 0.0264059 0.9298584 -0.0009950 -0.3669674
153.368200 -2.3527544 -0.0048693 -9.9656782 0.0246785 0.9304279 -0.0009480 -0.3656419
153.575600 -2.4759376 -0.0065941 -10.0996618 0.0258105 0.9316089 -0.0067069 -0.3624827
153.783100 -2.5953932 -0.0095353 -10.2323608 0.0246803 0.9324934 -0.0065852 -0.3602826
153.990500 -2.7095079 -0.0124045 -10.3623552 0.0167469 0.9331866 -0.0054986 -0.3589598
154.405500 -2.9199064 -0.0186495 -10.6042805 0.0031437 0.9342754 0.0001888 -0.3565384
154.613000 -3.0171113 -0.0207601 -10.7187309 -0.0079772 0.9334651 0.0040563 -0.3585566
155.028600 -3.1959229 -0.0270349 -10.9207220 -0.0256124 0.9259724 0.0117430 -0.3765385
155.340600 -3.3208449 -0.0311671 -11.0462408 -0.0361575 0.9148454 0.0131352 -0.4019676
155.653000 -3.4403656 -0.0369247 -11.1489840 -0.0431720 0.8946472 0.0171701 -0.4443508
156.069600 -3.5977290 -0.0445696 -11.2466364 0.0429215 -0.8564309 -0.0152932 0.5142470
156.382000 -3.7151728 -0.0500063 -11.2931185 0.0327199 -0.8206757 -0.0144562 0.5702735
156.590200 -3.7948182 -0.0529456 -11.3137026 0.0269213 -0.7893915 -0.0201134 0.6129696
156.798600 -3.8745701 -0.0544405 -11.3239098 0.0192518 -0.7514071 -0.0236957 0.6591322
157.006900 -3.9519989 -0.0568884 -11.3232899 0.0134604 -0.7112730 -0.0251949 0.7023352
157.318900 -4.0632753 -0.0573623 -11.3053389 0.0135224 -0.6483955 -0.0269269 0.7607071
157.526600 -4.1351686 -0.0586783 -11.2840452 0.0135258 -0.6037980 -0.0263143 0.7965881
157.734500 -4.2042322 -0.0593340 -11.2543068 0.0172945 -0.5578366 -0.0265325 0.8293463
157.942100 -4.2705665 -0.0605747 -11.2164221 0.0182845 -0.5103743 -0.0264981 0.8593495
158.149700 -4.3336382 -0.0628706 -11.1702433 0.0155060 -0.4610091 -0.0282853 0.8868090
158.357400 -4.3945832 -0.0644198 -11.1148825 0.0128067 -0.4117441 -0.0298620 0.9107201
158.461100 -4.4238935 -0.0654241 -11.0848455 0.0131790 -0.3867548 -0.0311647 0.9215616
158.668600 -4.4786787 -0.0658889 -11.0171413 0.0152992 -0.3381686 -0.0299737 0.9404836
158.772400 -4.5037975 -0.0670336 -10.9804077 0.0154896 -0.3142558 -0.0287636 0.9487761
158.876100 -4.5275626 -0.0683031 -10.9417019 0.0154093 -0.2906562 -0.0274696 0.9563090
158.979700 -4.5500264 -0.0694502 -10.9007521 0.0154020 -0.2674513 -0.0261733 0.9630927
159.083500 -4.5705738 -0.0706808 -10.8582544 0.0148744 -0.2444914 -0.0240641 0.9692386
159.187100 -4.5898814 -0.0722993 -10.8140726 0.0142733 -0.2224846 -0.0225638 0.9745706
159.290900 -4.6081309 -0.0738035 -10.7684050 0.0138633 -0.2016953 -0.0213413 0.9791176
159.394500 -4.6248479 -0.0755244 -10.7212038 0.0141397 -0.1822148 -0.0206978 0.9829392
159.601700 -4.6539097 -0.0789962 -10.6232843 0.0159022 -0.1491612 -0.0177640 0.9885254
159.808900 -4.6790671 -0.0830790 -10.5188580 0.0187224 -0.1223048 -0.0147012 0.9922071
159.912500 -4.6913090 -0.0856918 -10.4647512 0.0197034 -0.1113169 -0.0142794 0.9934870
160.119800 -4.7127256 -0.0904866 -10.3534136 0.0194833 -0.0939663 -0.0111291 0.9953225
160.223400 -4.7219167 -0.0932442 -10.2964163 0.0184060 -0.0880278 -0.0097882 0.9958999
160.430500 -4.7417603 -0.0978866 -10.1786089 0.0162657 -0.0803934 -0.0064702 0.9966095
160.637900 -4.7605791 -0.1027204 -10.0578299 0.0133969 -0.0768912 -0.0044718 0.9969395
160.845200 -4.7804017 -0.1071579 -9.9334307 0.0136547 -0.0756967 -0.0048178 0.9970257
161.052600 -4.7990818 -0.1112867 -9.8062172 0.0126951 -0.0743745 -0.0028195 0.9971456
161.260100 -4.8188682 -0.1153459 -9.6752462 0.0115389 -0.0731362 -0.0031890 0.9972501
161.467500 -4.8377929 -0.1195988 -9.5412474 0.0105757 -0.0721240 -0.0010896 0.9973390
161.675000 -4.8574820 -0.1234959 -9.4041386 0.0078745 -0.0704586 0.0012161 0.9974829
161.882500 -4.8764267 -0.1271587 -9.2672329 0.0060900 -0.0690726 0.0035456 0.9975867
162.089900 -4.8944173 -0.1313494 -9.1314898 0.0054082 -0.0679847 0.0067240 0.9976491
162.297200 -4.9124150 -0.1346478 -8.9978151 0.0012313 -0.0667466 0.0088621 0.9977298
162.504600 -4.9298582 -0.1381831 -8.8671770 -0.0010113 -0.0669406 0.0095141 0.9977111
162.712100 -4.9495120 -0.1404318 -8.7387362 0.0006651 -0.0682812 0.0102986 0.9976127
163.023300 -4.9773183 -0.1438915 -8.5533190 0.0020037 -0.0720106 0.0063189 0.9973819
163.230800 -4.9961438 -0.1461858 -8.4312000 -0.0039902 -0.0749676 0.0063501 0.9971578
163.438300 -5.0157213 -0.1481877 -8.3146391 -0.0025277 -0.0788793 0.0036287 0.9968744
163.645800 -5.0358763 -0.1484015 -8.1997423 -0.0054045 -0.0839690 0.0019748 0.9964517
163.853300 -5.0559812 -0.1493682 -8.0871668 -0.0088907 -0.0910963 0.0028300 0.9957983
163.956900 -5.0669580 -0.1492089 -8.0323219 -0.0062014 -0.0954799 0.0033084 0.9954066
164.060600 -5.0788422 -0.1489078 -7.9773374 -0.0030919 -0.1006914 0.0037286 0.9949059
164.268100 -5.1035900 -0.1494402 -7.8658733 -0.0020870 -0.1120185 0.0054870 0.9936888
164.371900 -5.1182070 -0.1498687 -7.8102999 -0.0036485 -0.1174214 0.0056483 0.9930594
164.475600 -5.1330132 -0.1504938 -7.7546525 -0.0050999 -0.1226969 0.0059465 0.9924133
164.579300 -5.1479526 -0.1513612 -7.6986685 -0.0058260 -0.1284980 0.0062745 0.9916728
164.683000 -5.1646299 -0.1512527 -7.6430149 -0.0045519 -0.1337829 0.0053012 0.9909860
164.890500 -5.1980367 -0.1519935 -7.5310841 0.0002689 -0.1447961 0.0060628 0.9894429
164.994400 -5.2160454 -0.1528189 -7.4752164 0.0017044 -0.1495415 0.0072691 0.9887273
