0.000000 0.0000000 0.0000000 0.0000000 0.0000000 0.0000000 0.0000000 1.0000000
0.310908 0.0016439 -0.0006117 0.0443074 0.0001665 0.0101659 0.0037686 0.9999412
0.414483 0.0019769 -0.0008269 0.0595879 0.0008371 0.0091240 0.0044408 0.9999481
0.518120 0.0020185 -0.0009241 0.0751692 0.0015382 0.0057382 0.0057505 0.9999658
0.725215 0.0006561 -0.0016356 0.1075508 0.0023906 -0.0085758 0.0061576 0.9999414
0.932502 -0.0027980 -0.0020869 0.1418190 0.0030726 -0.0281702 0.0020460 0.9995964
1.036104 -0.0048439 -0.0022328 0.1594911 0.0033012 -0.0382368 0.0020796 0.9992611
1.243510 -0.0102922 -0.0028776 0.1969882 0.0023652 -0.0585195 0.0036027 0.9982769
1.347350 -0.0134687 -0.0031638 0.2167848 0.0021709 -0.0676498 0.0029557 0.9977024
1.659233 -0.0254349 -0.0042485 0.2791893 0.0021140 -0.0884409 0.0029690 0.9960747
1.762893 -0.0297962 -0.0045828 0.3012840 0.0031307 -0.0933620 0.0046539 0.9956164
1.867090 -0.0345691 -0.0048978 0.3242864 0.0040929 -0.0973536 0.0041947 0.9952326
1.970961 -0.0399956 -0.0052483 0.3477288 0.0049270 -0.1009590 0.0038196 0.9948711
2.076388 -0.0449778 -0.0058034 0.3717772 0.0062093 -0.1053539 0.0041476 0.9944068
2.387073 -0.0628087 -0.0076180 0.4485344 0.0083509 -0.1176878 0.0093664 0.9929714
2.595229 -0.0776957 -0.0091700 0.5020247 0.0123771 -0.1267856 0.0056065 0.9918371
2.803189 -0.0935440 -0.0111642 0.5581664 0.0141753 -0.1353741 0.0076040 0.9906639
3.011247 -0.1115076 -0.0136513 0.6163476 0.0172830 -0.1436102 0.0063345 0.9894632
3.219570 -0.1309680 -0.0167110 0.6768758 0.0237524 -0.1504999 0.0063950 0.9883040
3.427467 -0.1515270 -0.0207127 0.7390579 0.0321610 -0.1548001 0.0057295 0.9874056
3.635476 -0.1737192 -0.0255239 0.8031918 0.0406298 -0.1590137 0.0034618 0.9864339
3.843522 -0.1972061 -0.0319921 0.8690715 0.0472223 -0.1640162 0.0006594 0.9853265
4.051384 -0.2220932 -0.0390522 0.9366580 0.0520979 -0.1690326 -0.0022575 0.9842300
4.259272 -0.2483103 -0.0474433 1.0062318 0.0523384 -0.1748505 -0.0032426 0.9831976
4.467802 -0.2762654 -0.0551549 1.0755171 0.0509086 -0.1813197 -0.0038917 0.9820979
4.676366 -0.3057104 -0.0632219 1.1481205 0.0464719 -0.1901145 -0.0045874 0.9806507
4.882642 -0.3385635 -0.0703408 1.2219443 0.0429344 -0.1989332 -0.0085124 0.9790351
5.090371 -0.3723486 -0.0774746 1.2959440 0.0419503 -0.2084683 -0.0090295 0.9770873
5.298151 -0.4088486 -0.0844288 1.3721620 0.0406881 -0.2174259 -0.0097343 0.9751799
5.505885 -0.4477411 -0.0912712 1.4499524 0.0373892 -0.2259586 -0.0090463 0.9733770
5.713619 -0.4889026 -0.0975262 1.5294212 0.0328972 -0.2340858 -0.0100242 0.9716075
5.921350 -0.5318437 -0.1028499 1.6095436 0.0313250 -0.2413573 -0.0087678 0.9698910
6.129103 -0.5763213 -0.1093023 1.6910623 0.0294792 -0.2477615 -0.0084732 0.9683354
6.336918 -0.6232892 -0.1144150 1.7740127 0.0296578 -0.2523336 -0.0074062 0.9671574
6.441106 -0.6471790 -0.1171784 1.8168226 0.0296780 -0.2539342 -0.0067588 0.9667425
6.648730 -0.6963582 -0.1232325 1.9021025 0.0283807 -0.2545674 -0.0072327 0.9666114
6.856505 -0.7475358 -0.1290834 1.9908066 0.0280958 -0.2553011 -0.0055172 0.9664376
6.960403 -0.7734408 -0.1319932 2.0354733 0.0281136 -0.2564247 -0.0045556 0.9661445
7.168161 -0.8260282 -0.1380912 2.1253726 0.0249745 -0.2599346 -0.0040642 0.9652947
7.375748 -0.8801133 -0.1439581 2.2150559 0.0217755 -0.2663913 -0.0034286 0.9636129
7.479481 -0.9076523 -0.1467005 2.2591388 0.0228342 -0.2711659 -0.0024007 0.9622588
7.687027 -0.9643231 -0.1526018 2.3476973 0.0236188 -0.2823213 -0.0004571 0.9590290
7.790766 -0.9939216 -0.1552847 2.3914607 0.0212925 -0.2871720 -0.0015839 0.9576411
7.894618 -1.0235474 -0.1579342 2.4348443 0.0196675 -0.2916600 -0.0034680 0.9563136
8.102397 -1.0834026 -0.1632741 2.5205605 0.0226120 -0.2978577 -0.0033339 0.9543366
8.206229 -1.1138567 -0.1658456 2.5631218 0.0264806 -0.3003356 -0.0036760 0.9534588
8.310112 -1.1442757 -0.1687639 2.6058371 0.0271516 -0.3031708 -0.0032216 0.9525439
8.517862 -1.2072846 -0.1744759 2.6923571 0.0229729 -0.3083007 -0.0043443 0.9510016
8.621720 -1.2390301 -0.1768923 2.7344699 0.0218795 -0.3106229 -0.0053826 0.9502661
8.829907 -1.3027989 -0.1825313 2.8195548 0.0229306 -0.3161018 -0.0051745 0.9484340
9.038033 -1.3672129 -0.1880814 2.9029601 0.0240606 -0.3226751 -0.0035298 0.9461973
9.244879 -1.4349426 -0.1939406 2.9870229 0.0230678 -0.3297442 -0.0033195 0.9437826
9.452542 -1.5031523 -0.1999334 3.0704360 0.0235812 -0.3378972 -0.0019615 0.9408855
9.659968 -1.5729181 -0.2056938 3.1520085 0.0242861 -0.3460790 -0.0010505 0.9378904
9.764859 -1.6085850 -0.2085379 3.1922767 0.0244432 -0.3503270 0.0000949 0.9363084
9.869005 -1.6445653 -0.2114437 3.2327020 0.0245935 -0.3546970 0.0004339 0.9346577
9.971133 -1.6812420 -0.2143149 3.2728665 0.0236397 -0.3590372 0.0007181 0.9330236
10.074930 -1.7186286 -0.2174624 3.3128104 0.0228640 -0.3634143 0.0014598 0.9313459
10.282360 -1.7945155 -0.2237242 3.3931820 0.0237403 -0.3724058 0.0025846 0.9277627
10.386180 -1.8333048 -0.2264498 3.4328988 0.0239371 -0.3765622 0.0023322 0.9260791
10.593630 -1.9118754 -0.2327084 3.5107579 0.0236932 -0.3833592 0.0018995 0.9232934
10.697400 -1.9522932 -0.2357468 3.5503693 0.0241783 -0.3865149 0.0020633 0.9219639
10.904980 -2.0334601 -0.2422984 3.6276524 0.0265635 -0.3931431 0.0032671 0.9190877
11.008770 -2.0752454 -0.2458741 3.6659410 0.0268759 -0.3961522 0.0030749 0.9177863
11.216240 -2.1601903 -0.2526630 3.7435153 0.0255668 -0.4023257 0.0034686 0.9151329
11.320040 -2.2018750 -0.2558220 3.7815645 0.0255316 -0.4057192 0.0042728 0.9136311
11.527650 -2.2881119 -0.2629561 3.8576899 0.0250701 -0.4112882 0.0051972 0.9111457
11.735130 -2.3765693 -0.2700357 3.9333239 0.0247778 -0.4158546 0.0070486 0.9090662
11.839050 -2.4212444 -0.2732830 3.9714665 0.0258165 -0.4183331 0.0089843 0.9078823
12.046270 -2.5111115 -0.2809416 4.0468640 0.0244382 -0.4250169 0.0138455 0.9047495
12.253600 -2.6025124 -0.2887005 4.1203508 0.0220198 -0.4351121 0.0176180 0.8999345
12.460990 -2.6974239 -0.2966257 4.1919804 0.0206112 -0.4451129 0.0169835 0.8950762
12.668390 -2.7942414 -0.3040513 4.2625365 0.0223267 -0.4559411 0.0179839 0.8895481
12.875730 -2.8931141 -0.3121518 4.3302207 0.0212348 -0.4664636 0.0196539 0.8840671
13.083110 -2.9943910 -0.3202695 4.3963413 0.0204684 -0.4773046 0.0201752 0.8782678
13.186860 -3.0453961 -0.3239758 4.4289432 0.0209386 -0.4828413 0.0207561 0.8752114
13.394220 -3.1489358 -0.3323475 4.4917383 0.0223385 -0.4932640 0.0208291 0.8693433
13.601730 -3.2536352 -0.3408034 4.5508680 0.0218676 -0.5022607 0.0193698 0.8642226
13.705510 -3.3064888 -0.3452141 4.5802078 0.0200550 -0.5063707 0.0197399 0.8618566
13.912900 -3.4136426 -0.3533118 4.6373854 0.0205586 -0.5136874 0.0211303 0.8574708
14.016650 -3.4674935 -0.3574869 4.6660085 0.0209010 -0.5170030 0.0230548 0.8554178
14.120270 -3.5215828 -0.3615148 4.6938930 0.0218906 -0.5199497 0.0241355 0.8535752
14.224500 -3.5756962 -0.3668547 4.7212057 0.0218298 -0.5224373 0.0260087 0.8520014
14.327630 -3.6296058 -0.3714035 4.7482729 0.0209789 -0.5247386 0.0271397 0.8505720
14.431260 -3.6839230 -0.3757855 4.7752728 0.0190452 -0.5267464 0.0269136 0.8493828
14.538380 -3.7380192 -0.3805220 4.8021235 0.0164049 -0.5285567 0.0273589 0.8482984
14.638630 -3.7921171 -0.3847235 4.8280344 0.0154496 -0.5300015 0.0275242 0.8474091
14.742390 -3.8458853 -0.3890924 4.8541355 0.0145062 -0.5314113 0.0280142 0.8465263
14.846120 -3.8997281 -0.3929483 4.8794403 0.0133730 -0.5323554 0.0284630 0.8459366
14.950000 -3.9537747 -0.3970920 4.9050879 0.0122816 -0.5335307 0.0283597 0.8452159
15.157490 -4.0601091 -0.4049093 4.9558740 0.0105579 -0.5358602 0.0303691 0.8436943
15.365030 -4.1658564 -0.4124202 5.0046525 0.0075928 -0.5376658 0.0312826 0.8425434
15.572680 -4.2689810 -0.4198402 5.0518365 0.0071402 -0.5388834 0.0328620 0.8417088
15.780370 -4.3697023 -0.4275337 5.0977168 0.0082574 -0.5387743 0.0329377 0.8417655
15.988000 -4.4680624 -0.4345388 5.1430564 0.0106726 -0.5357234 0.0311290 0.8437520
16.195700 -4.5641127 -0.4415873 5.1892033 0.0117110 -0.5308723 0.0313749 0.8467898
16.299500 -4.6115456 -0.4449480 5.2121110 0.0116774 -0.5276433 0.0309482 0.8488218
16.403370 -4.6583743 -0.4486067 5.2355061 0.0118733 -0.5238699 0.0297946 0.8511942
16.507260 -4.7048063 -0.4521600 5.2587862 0.0120166 -0.5193768 0.0292496 0.8539601
16.714990 -4.7954688 -0.4591174 5.3071618 0.0130689 -0.5101374 0.0287344 0.8595134
16.818850 -4.8400578 -0.4623972 5.3319168 0.0148863 -0.5051516 0.0285797 0.8624288
16.922750 -4.8840742 -0.4660572 5.3569627 0.0161589 -0.4994436 0.0281701 0.8657375
17.026730 -4.9279857 -0.4696360 5.3826056 0.0165331 -0.4932489 0.0270822 0.8693094
17.130540 -4.9712234 -0.4732034 5.4086733 0.0161458 -0.4866759 0.0257506 0.8730537
17.234250 -5.0136871 -0.4765563 5.4355683 0.0155020 -0.4804967 0.0247701 0.8765096
17.338110 -5.0555062 -0.4801930 5.4624143 0.0154436 -0.4741489 0.0241659 0.8799775
17.442380 -5.0969849 -0.4835715 5.4900713 0.0157864 -0.4679176 0.0238462 0.8833092
17.545790 -5.1380305 -0.4868007 5.5177312 0.0164916 -0.4615381 0.0240316 0.8866414
17.649360 -5.1775012 -0.4902044 5.5459681 0.0163730 -0.4555547 0.0248193 0.8897111
17.753120 -5.2166233 -0.4936607 5.5746074 0.0163208 -0.4495226 0.0246138 0.8927806
17.857050 -5.2551265 -0.4969389 5.6035132 0.0156173 -0.4435157 0.0236166 0.8958192
17.960530 -5.2930999 -0.5000790 5.6330428 0.0141454 -0.4379289 0.0227604 0.8986101
18.064140 -5.3300920 -0.5030841 5.6622701 0.0140811 -0.4320601 0.0217623 0.9014723
18.167890 -5.3663054 -0.5063448 5.6917005 0.0148392 -0.4261285 0.0210524 0.9042959
18.271640 -5.4014549 -0.5091957 5.7209806 0.0158898 -0.4206651 0.0201550 0.9068529
18.375420 -5.4364052 -0.5120243 5.7505169 0.0158663 -0.4149043 0.0199102 0.9095088
18.479100 -5.4700999 -0.5149080 5.7803507 0.0150267 -0.4094622 0.0191307 0.9120027
18.582900 -5.5035901 -0.5175864 5.8106308 0.0139797 -0.4041476 0.0188218 0.9143932
18.686620 -5.5366106 -0.5202321 5.8411903 0.0135717 -0.3990839 0.0187322 0.9166226
18.790260 -5.5687461 -0.5228652 5.8716021 0.0138573 -0.3943010 0.0180899 0.9186988
18.894080 -5.6003456 -0.5253041 5.9017029 0.0139008 -0.3894142 0.0175664 0.9207903
18.997780 -5.6314583 -0.5275714 5.9326200 0.0127787 -0.3849289 0.0166880 0.9227069
19.101510 -5.6617994 -0.5296977 5.9629240 0.0118200 -0.3801579 0.0157924 0.9247112
19.205270 -5.6914392 -0.5318806 5.9931173 0.0116679 -0.3753249 0.0148971 0.9267001
19.309140 -5.7205348 -0.5339465 6.0231242 0.0118049 -0.3701925 0.0145604 0.9287659
19.516610 -5.7767553 -0.5379187 6.0836129 0.0105608 -0.3586686 0.0122018 0.9333255
19.725730 -5.8300934 -0.5413417 6.1441383 0.0095212 -0.3448485 0.0095715 0.9385613
19.932000 -5.8794112 -0.5449480 6.2047062 0.0110741 -0.3302690 0.0090423 0.9437786
20.139770 -5.9268780 -0.5483302 6.2671585 0.0102861 -0.3147996 0.0080818 0.9490680
20.347360 -5.9707885 -0.5510388 6.3285384 0.0080280 -0.2988063 0.0069938 0.9542544
20.555010 -6.0138278 -0.5534604 6.3928299 0.0056385 -0.2841297 0.0066180 0.9587464
20.762700 -6.0550318 -0.5556062 6.4584022 0.0045492 -0.2716580 0.0071394 0.9623566
20.970000 -6.0945296 -0.5574348 6.5250635 0.0046168 -0.2591571 0.0056232 0.9658078
21.177620 -6.1327610 -0.5594156 6.5934978 0.0044605 -0.2473375 0.0056173 0.9689028
21.385010 -6.1697693 -0.5612241 6.6635747 0.0051273 -0.2377411 0.0064084 0.9712939
21.592490 -6.2059693 -0.5629565 6.7347746 0.0032979 -0.2307826 0.0054584 0.9729844
21.799990 -6.2422376 -0.5642778 6.8079519 0.0003883 -0.2237322 0.0027654 0.9746466
22.007420 -6.2785621 -0.5651300 6.8842106 -0.0014434 -0.2164693 0.0008604 0.9762880
22.214990 -6.3144202 -0.5655068 6.9630561 -0.0037559 -0.2087455 0.0007240 0.9779625
22.422590 -6.3500075 -0.5662088 7.0445089 -0.0045304 -0.1999728 0.0010578 0.9797904
22.630130 -6.3837662 -0.5662107 7.1280556 -0.0039402 -0.1901526 0.0030889 0.9817418
22.837890 -6.4163618 -0.5665693 7.2138686 -0.0022737 -0.1773198 0.0021460 0.9841483
23.045760 -6.4471955 -0.5669157 7.3036366 -0.0037340 -0.1591904 -0.0012556 0.9872400
23.253620 -6.4743242 -0.5673127 7.3934321 -0.0046650 -0.1379624 -0.0037077 0.9904196
23.461620 -6.4992394 -0.5672159 7.4892468 -0.0067928 -0.1157256 -0.0047926 0.9932464
23.669490 -6.5199690 -0.5661839 7.5885282 -0.0104453 -0.0931220 -0.0066815 0.9955775
23.981240 -6.5433536 -0.5645521 7.7425771 -0.0110335 -0.0594107 -0.0086358 0.9981353
24.188990 -6.5544629 -0.5626819 7.8507590 -0.0114814 -0.0384122 -0.0083044 0.9991615
24.396610 -6.5611339 -0.5610346 7.9622531 -0.0129355 -0.0181160 -0.0090496 0.9997113
24.604240 -6.5627747 -0.5593969 8.0738764 -0.0136655 0.0023982 -0.0106066 0.9998475
24.811870 -6.5597501 -0.5575016 8.1886892 -0.0128345 0.0226110 -0.0124754 0.9995841
25.019370 -6.5518951 -0.5561922 8.3056355 -0.0106015 0.0418697 -0.0138586 0.9989707
25.226870 -6.5400300 -0.5549011 8.4245691 -0.0083287 0.0610898 -0.0140730 0.9979983
25.434250 -6.5229130 -0.5551609 8.5436888 -0.0026479 0.0793767 -0.0152778 0.9967241
25.745370 -6.4888773 -0.5578699 8.7247391 0.0027154 0.1059863 -0.0180707 0.9941997
25.952760 -6.4602513 -0.5606650 8.8517694 0.0027965 0.1236932 -0.0176993 0.9921587
26.160240 -6.4261703 -0.5635915 8.9763088 0.0073782 0.1406457 -0.0176501 0.9898751
26.367740 -6.3880043 -0.5672062 9.1038723 0.0072865 0.1583864 -0.0196373 0.9871550
26.575260 -6.3445373 -0.5716926 9.2314568 0.0104341 0.1765095 -0.0211366 0.9840167
26.782860 -6.2961378 -0.5765670 9.3620319 0.0140040 0.1950974 -0.0213926 0.9804505
27.094360 -6.2125945 -0.5872762 9.5515919 0.0183265 0.2293627 -0.0251033 0.9728447
27.302140 -6.1472588 -0.5961773 9.6776447 0.0200551 0.2568599 -0.0289427 0.9658070
27.509940 -6.0738664 -0.6060012 9.8019609 0.0217867 0.2839692 -0.0309501 0.9580861
27.717500 -5.9937358 -0.6168486 9.9208984 0.0248337 0.3104570 -0.0315413 0.9497394
27.925020 -5.9065142 -0.6285319 10.0365505 0.0288545 0.3354813 -0.0322306 0.9410531
28.132630 -5.8125348 -0.6417220 10.1474895 0.0311999 0.3584669 -0.0322425 0.9324636
28.340050 -5.7138023 -0.6552993 10.2542419 0.0334332 0.3791399 -0.0317002 0.9241917
28.547500 -5.6093807 -0.6703715 10.3568220 0.0374776 0.3980851 -0.0315409 0.9160398
28.754980 -5.5002370 -0.6864164 10.4552259 0.0389418 0.4164830 -0.0320446 0.9077437
28.962310 -5.3869019 -0.7033157 10.5509109 0.0368984 0.4361993 -0.0337717 0.8984588
29.169630 -5.2722220 -0.7193964 10.6393871 0.0344356 0.4559362 -0.0361098 0.8886127
29.273280 -5.2143679 -0.7277206 10.6810474 0.0348160 0.4654993 -0.0375499 0.8835656
29.480640 -5.0978866 -0.7439995 10.7582607 0.0343227 0.4849766 -0.0396414 0.8729537
29.584410 -5.0389633 -0.7522301 10.7947950 0.0325821 0.4955749 -0.0399456 0.8670341
29.791760 -4.9179478 -0.7680151 10.8634415 0.0295288 0.5166534 -0.0398632 0.8547562
29.999280 -4.7979474 -0.7828600 10.9244118 0.0287500 0.5369661 -0.0395732 0.8421845
30.206740 -4.6748734 -0.7978994 10.9790363 0.0298803 0.5560870 -0.0386902 0.8296852
30.414180 -4.5507851 -0.8131964 11.0275354 0.0303124 0.5745510 -0.0368897 0.8170750
30.621900 -4.4287534 -0.8284503 11.0692682 0.0316854 0.5918331 -0.0385503 0.8045145
30.829180 -4.3066030 -0.8441827 11.1046152 0.0368268 0.6072070 -0.0452343 0.7923997
30.932900 -4.2459693 -0.8520849 11.1213818 0.0370959 0.6152321 -0.0478430 0.7860181
31.140380 -4.1262636 -0.8685022 11.1497736 0.0344570 0.6310276 -0.0509777 0.7733163
31.244130 -4.0666704 -0.8767098 11.1619434 0.0335080 0.6385986 -0.0519317 0.7670542
31.451710 -3.9493980 -0.8932324 11.1816206 0.0320371 0.6529520 -0.0522429 0.7549159
31.659170 -3.8317776 -0.9090737 11.1977520 0.0318573 0.6670821 -0.0554811 0.7422321
31.866620 -3.7152390 -0.9250461 11.2091503 0.0308150 0.6803384 -0.0560825 0.7300991
32.075790 -3.6003256 -0.9402869 11.2154245 0.0285935 0.6911778 -0.0529668 0.7201738
32.177810 -3.5435574 -0.9480381 11.2180347 0.0280490 0.6959082 -0.0511693 0.7157561
32.385170 -3.4330692 -0.9628355 11.2205000 0.0288272 0.7026077 -0.0523378 0.7090643
32.592540 -3.3255336 -0.9774920 11.2216072 0.0301179 0.7067868 -0.0552825 0.7046199
32.799930 -3.2203810 -0.9925572 11.2210207 0.0336424 0.7098234 -0.0598907 0.7010221
32.903550 -3.1681664 -0.9999281 11.2209463 0.0309752 0.7114501 -0.0566867 0.6997613
33.110900 -3.0646503 -1.0138550 11.2196465 0.0268985 0.7131385 -0.0513404 0.6986230
33.318440 -2.9629252 -1.0271339 11.2180099 0.0285904 0.7125383 -0.0532648 0.6990240
33.422000 -2.9130139 -1.0338902 11.2179222 0.0285098 0.7119301 -0.0551185 0.6995032
33.629370 -2.8138516 -1.0473011 11.2177458 0.0282514 0.7099255 -0.0568634 0.7014087
33.733120 -2.7643554 -1.0540994 11.2178984 0.0277761 0.7084981 -0.0580574 0.7027718
33.940910 -2.6666706 -1.0666825 11.2191257 0.0270612 0.7045667 -0.0590466 0.7066591
34.147880 -2.5700965 -1.0799190 11.2210093 0.0273053 0.6995910 -0.0571341 0.7117321
34.355380 -2.4751954 -1.0927120 11.2251902 0.0278281 0.6946912 -0.0570862 0.7164991
34.563020 -2.3795795 -1.1055837 11.2305202 0.0260361 0.6899625 -0.0562839 0.7211837
34.770400 -2.2852335 -1.1179327 11.2366819 0.0254316 0.6850827 -0.0562525 0.7258448
34.977900 -2.1915250 -1.1297271 11.2443571 0.0271442 0.6801788 -0.0571719 0.7303091
35.185510 -2.0985169 -1.1421169 11.2527819 0.0266561 0.6751764 -0.0592819 0.7347870
35.393080 -2.0057693 -1.1544216 11.2625141 0.0252808 0.6701834 -0.0584054 0.7394619
35.600660 -1.9131836 -1.1666067 11.2734385 0.0244482 0.6654091 -0.0573626 0.7438699
35.808130 -1.8223803 -1.1782141 11.2855234 0.0259281 0.6600540 -0.0569753 0.7486055
35.911880 -1.7770162 -1.1839998 11.2921801 0.0271768 0.6567097 -0.0569852 0.7514961
36.119380 -1.6871829 -1.1959336 11.3071356 0.0286117 0.6495996 -0.0577145 0.7575426
36.326820 -1.5967509 -1.2079681 11.3231993 0.0264370 0.6446410 -0.0575015 0.7618613
36.534410 -1.5055611 -1.2196280 11.3403435 0.0263308 0.6421280 -0.0589911 0.7638707
36.742000 -1.4126284 -1.2315192 11.3573866 0.0270508 0.6397920 -0.0590998 0.7657948
36.845830 -1.3659765 -1.2377737 11.3662729 0.0275868 0.6386217 -0.0584088 0.7668049
37.053350 -1.2714667 -1.2498919 11.3852501 0.0287842 0.6359054 -0.0583012 0.7690233
37.157030 -1.2245146 -1.2559181 11.3947430 0.0281770 0.6345617 -0.0576076 0.7702070
37.260770 -1.1768323 -1.2620670 11.4043226 0.0277449 0.6331646 -0.0553820 0.7715346
37.468260 -1.0818658 -1.2739124 11.4250164 0.0286840 0.6294206 -0.0548072 0.7745987
37.572000 -1.0357507 -1.2799236 11.4352427 0.0298424 0.6268541 -0.0552484 0.7766022
37.675750 -0.9887465 -1.2859653 11.4459610 0.0297575 0.6242854 -0.0545277 0.7787226
37.884310 -0.8955503 -1.2978264 11.4696093 0.0296236 0.6183813 -0.0531670 0.7835178
38.090970 -0.8021848 -1.3094279 11.4942942 0.0323197 0.6102104 -0.0519250 0.7898750
38.298280 -0.7093467 -1.3216747 11.5212803 0.0314209 0.6012358 -0.0501308 0.7968784
38.505750 -0.6176696 -1.3335601 11.5502348 0.0309684 0.5923105 -0.0511126 0.8034903
38.713300 -0.5276710 -1.3453234 11.5812616 0.0311361 0.5834141 -0.0527126 0.8098642
38.920770 -0.4382463 -1.3570020 11.6138372 0.0289210 0.5753086 -0.0534123 0.8156781
39.128410 -0.3485964 -1.3684301 11.6476536 0.0278878 0.5684208 -0.0525988 0.8205812
39.335930 -0.2612978 -1.3795621 11.6829891 0.0262221 0.5615214 -0.0530011 0.8253466
39.543570 -0.1741523 -1.3903853 11.7196817 0.0274617 0.5544267 -0.0539550 0.8300276
39.751160 -0.0885468 -1.4015486 11.7577934 0.0266024 0.5470110 -0.0529110 0.8350280
39.958670 -0.0038032 -1.4123335 11.7970819 0.0242852 0.5392178 -0.0512352 0.8402556
40.063320 0.0370754 -1.4174002 11.8171587 0.0228626 0.5353911 -0.0503788 0.8427904
40.166160 0.0777687 -1.4221768 11.8377714 0.0218486 0.5313747 -0.0511983 0.8453060
40.373770 0.1595624 -1.4317135 11.8796883 0.0204999 0.5234597 -0.0511421 0.8502671
40.581350 0.2393634 -1.4407547 11.9236774 0.0198969 0.5157149 -0.0510726 0.8550051
40.788800 0.3197525 -1.4499445 11.9682255 0.0204061 0.5074329 -0.0507739 0.8599520
40.996290 0.3980798 -1.4582570 12.0139008 0.0191798 0.4997430 -0.0496449 0.8645371
41.203950 0.4766352 -1.4671766 12.0611629 0.0165907 0.4940732 -0.0485546 0.8679048
41.411540 0.5544971 -1.4747607 12.1097651 0.0138784 0.4907506 -0.0470498 0.8699181
41.619170 0.6329107 -1.4824399 12.1584263 0.0114471 0.4885707 -0.0458695 0.8712426
41.826800 0.7123348 -1.4897208 12.2081470 0.0128756 0.4868301 -0.0468218 0.8721458
42.034430 0.7911737 -1.4972020 12.2581472 0.0131589 0.4851573 -0.0456520 0.8731352
42.138180 0.8309833 -1.5010622 12.2832241 0.0131131 0.4844616 -0.0437060 0.8736216
42.345760 0.9107285 -1.5080960 12.3340225 0.0109041 0.4833459 -0.0415141 0.8743766
42.553870 0.9901273 -1.5153103 12.3848972 0.0089299 0.4825254 -0.0402692 0.8749102
42.760910 1.0700427 -1.5212346 12.4364653 0.0077657 0.4819033 -0.0414246 0.8752102
43.176100 1.2303482 -1.5337194 12.5401020 0.0037102 0.4808088 -0.0384564 0.8759739
43.383520 1.3100997 -1.5390887 12.5919323 0.0022414 0.4796882 -0.0375313 0.8766331
43.694790 1.4293156 -1.5465256 12.6701117 0.0003917 0.4765112 -0.0360926 0.8784271
43.902170 1.5088731 -1.5508945 12.7234793 -0.0014719 0.4737125 -0.0346115 0.8799979
44.213300 1.6263782 -1.5571409 12.8041754 -0.0023151 0.4650601 -0.0308231 0.8847393
44.316920 1.6646228 -1.5589186 12.8315134 -0.0025692 0.4616629 -0.0316845 0.8864857
44.524290 1.7407408 -1.5623343 12.8872776 -0.0044528 0.4548092 -0.0311177 0.8900340
44.628020 1.7785437 -1.5640662 12.9154959 -0.0056430 0.4511359 -0.0295464 0.8919482
44.731960 1.8161933 -1.5655553 12.9443922 -0.0061940 0.4471094 -0.0288732 0.8939916
44.835670 1.8534253 -1.5667681 12.9734974 -0.0052621 0.4424752 -0.0284699 0.8963133
44.940270 1.8906584 -1.5681132 13.0030489 -0.0050751 0.4372237 -0.0275033 0.8989178
45.043060 1.9279035 -1.5696517 13.0335274 -0.0049972 0.4320119 -0.0269071 0.9014525
45.250540 2.0005519 -1.5716394 13.0954046 -0.0063483 0.4214733 -0.0254506 0.9064614
45.458050 2.0726180 -1.5741419 13.1595240 -0.0083462 0.4105377 -0.0247934 0.9114683
45.665520 2.1442707 -1.5755332 13.2265854 -0.0116816 0.3997357 -0.0229396 0.9162689
45.873020 2.2152407 -1.5768080 13.2945528 -0.0145666 0.3886015 -0.0188641 0.9210976
46.080690 2.2849109 -1.5771030 13.3656683 -0.0135534 0.3760954 -0.0149505 0.9263611
46.287790 2.3524761 -1.5765563 13.4386435 -0.0154829 0.3631009 -0.0124401 0.9315381
46.495210 2.4193208 -1.5756124 13.5159292 -0.0170171 0.3502257 -0.0113129 0.9364424
46.702650 2.4862256 -1.5742723 13.5955496 -0.0184929 0.3367508 -0.0100763 0.9413583
46.910140 2.5497220 -1.5724719 13.6773329 -0.0195698 0.3256001 -0.0111140 0.9452397
47.117660 2.6115623 -1.5705900 13.7612333 -0.0204028 0.3165375 -0.0134343 0.9482654
47.325510 2.6733425 -1.5690939 13.8470011 -0.0218978 0.3074659 -0.0154958 0.9511809
47.532920 2.7334573 -1.5670097 13.9348917 -0.0261924 0.2993883 -0.0185900 0.9535906
47.740580 2.7921529 -1.5640182 14.0245838 -0.0290881 0.2928952 -0.0223427 0.9554408
47.948270 2.8507226 -1.5610064 14.1139565 -0.0282291 0.2885757 -0.0254264 0.9567030
48.052150 2.8794909 -1.5598828 14.1586285 -0.0256721 0.2874889 -0.0276189 0.9570414
48.259930 2.9384799 -1.5573421 14.2502069 -0.0240564 0.2861665 -0.0302551 0.9574000
48.364330 2.9681361 -1.5558878 14.2961674 -0.0242438 0.2857625 -0.0296472 0.9575349
48.571420 3.0272689 -1.5549368 14.3889122 -0.0244977 0.2852676 -0.0287940 0.9577020
48.778960 3.0871320 -1.5535601 14.4811754 -0.0233773 0.2838406 -0.0282975 0.9581687
48.986440 3.1461141 -1.5520084 14.5739746 -0.0228080 0.2816556 -0.0271048 0.9588615
49.193760 3.2044480 -1.5505905 14.6679010 -0.0232970 0.2763979 -0.0259827 0.9604095
49.297550 3.2327566 -1.5496078 14.7151661 -0.0228121 0.2721935 -0.0254582 0.9616352
49.504900 3.2886207 -1.5476861 14.8108988 -0.0236274 0.2610252 -0.0244273 0.9647335
49.712270 3.3416409 -1.5456878 14.9076653 -0.0233376 0.2484435 -0.0246670 0.9680510
49.919640 3.3925598 -1.5439146 15.0054359 -0.0257500 0.2355377 -0.0242315 0.9712218
50.127010 3.4403877 -1.5415975 15.1042805 -0.0258898 0.2223480 -0.0235822 0.9743382
50.230760 3.4636641 -1.5400748 15.1547213 -0.0264277 0.2156875 -0.0240546 0.9758083
50.334510 3.4859133 -1.5387266 15.2055588 -0.0267266 0.2090076 -0.0259148 0.9772052
50.438290 3.5071638 -1.5374261 15.2561798 -0.0264924 0.2026353 -0.0273595 0.9785134
50.542010 3.5276632 -1.5361277 15.3071623 -0.0268443 0.1968852 -0.0294267 0.9796171
50.645900 3.5476439 -1.5348670 15.3581781 -0.0275849 0.1922980 -0.0319629 0.9804279
50.853640 3.5869009 -1.5315843 15.4601660 -0.0274926 0.1859006 -0.0329669 0.9816304
50.957390 3.6063316 -1.5299454 15.5114899 -0.0269527 0.1836999 -0.0319375 0.9820936
51.061270 3.6255233 -1.5287442 15.5622025 -0.0267533 0.1812049 -0.0311857 0.9825866
51.165140 3.6444042 -1.5275126 15.6132259 -0.0265092 0.1788088 -0.0302314 0.9830619
51.268910 3.6630526 -1.5261661 15.6639137 -0.0256305 0.1759888 -0.0295701 0.9836141
51.372640 3.6810689 -1.5250143 15.7142944 -0.0245508 0.1735341 -0.0292022 0.9840886
51.476390 3.6990383 -1.5237737 15.7656841 -0.0238032 0.1706197 -0.0297814 0.9845991
51.580140 3.7163694 -1.5227551 15.8167982 -0.0235464 0.1675801 -0.0300512 0.9851190
51.683890 3.7337320 -1.5214262 15.8676949 -0.0243184 0.1638682 -0.0300702 0.9857239
51.891290 3.7667029 -1.5188960 15.9706793 -0.0274644 0.1571536 -0.0307268 0.9867139
51.995010 3.7823801 -1.5176423 16.0217457 -0.0269373 0.1544873 -0.0306900 0.9871505
52.098770 3.7984884 -1.5160899 16.0729542 -0.0247788 0.1521933 -0.0294939 0.9875998
52.202390 3.8142390 -1.5148516 16.1237316 -0.0239865 0.1502372 -0.0279872 0.9879626
52.306140 3.8300223 -1.5135847 16.1743507 -0.0236853 0.1489310 -0.0270243 0.9881945
52.513900 3.8603489 -1.5117083 16.2748718 -0.0256007 0.1518087 -0.0301686 0.9876176
52.721640 3.8910627 -1.5095701 16.3720722 -0.0266262 0.1629128 -0.0343188 0.9856839
52.929520 3.9231608 -1.5076424 16.4660988 -0.0272790 0.1740313 -0.0338308 0.9837807
53.137020 3.9563458 -1.5056067 16.5559368 -0.0264414 0.1809544 -0.0323411 0.9826039
53.344390 3.9903152 -1.5037235 16.6440506 -0.0239124 0.1821979 -0.0310520 0.9824805
53.551780 4.0226722 -1.5023007 16.7306633 -0.0229327 0.1771778 -0.0284086 0.9835014
53.759020 4.0529747 -1.5010487 16.8174267 -0.0220461 0.1665186 -0.0250501 0.9854735
53.966270 4.0807543 -1.4996518 16.9043140 -0.0220336 0.1506841 -0.0220410 0.9880906
54.173520 4.1048846 -1.4980395 16.9917240 -0.0209885 0.1300367 -0.0182604 0.9911188
54.380770 4.1245193 -1.4960992 17.0797577 -0.0201043 0.1056371 -0.0179724 0.9940391
54.484400 4.1323023 -1.4950806 17.1242237 -0.0191434 0.0924349 -0.0174607 0.9953815
54.691640 4.1439319 -1.4937357 17.2137737 -0.0174738 0.0640518 -0.0181832 0.9976279
54.795390 4.1473298 -1.4931501 17.2576313 -0.0174943 0.0491718 -0.0184709 0.9984663
55.002770 4.1510062 -1.4914032 17.3464546 -0.0174264 0.0180201 -0.0180410 0.9995229
55.314140 4.1456470 -1.4889220 17.4803562 -0.0149864 -0.0244896 -0.0190938 0.9994054
55.522020 4.1371555 -1.4868739 17.5710583 -0.0167277 -0.0436772 -0.0226974 0.9986477
55.730050 4.1260815 -1.4848933 17.6629562 -0.0192705 -0.0518602 -0.0276016 0.9980868
55.938270 4.1154881 -1.4824620 17.7555923 -0.0132008 -0.0536701 -0.0299226 0.9980230
56.146400 4.1044574 -1.4812791 17.8509197 -0.0127635 -0.0509550 -0.0314570 0.9981238
56.354520 4.0948567 -1.4791341 17.9484596 -0.0117466 -0.0482092 -0.0298758 0.9983212
56.562530 4.0849400 -1.4781178 18.0471821 -0.0070432 -0.0458301 -0.0278906 0.9985350
56.770390 4.0753632 -1.4774506 18.1488857 -0.0068091 -0.0441736 -0.0275997 0.9986193
56.978150 4.0652742 -1.4766903 18.2528419 -0.0085539 -0.0435206 -0.0295482 0.9985788
57.185780 4.0547900 -1.4757364 18.3584919 -0.0083637 -0.0434916 -0.0322370 0.9984985
57.393270 4.0444212 -1.4738988 18.4665051 -0.0065737 -0.0442025 -0.0334625 0.9984404
57.600640 4.0337811 -1.4740523 18.5751305 -0.0043269 -0.0464077 -0.0315114 0.9984161
57.808020 4.0228467 -1.4742283 18.6853771 -0.0055741 -0.0525100 -0.0260439 0.9982651
58.015420 4.0097737 -1.4747438 18.7948990 -0.0053477 -0.0622693 -0.0219564 0.9978035
58.222770 3.9944212 -1.4749478 18.9037876 -0.0040741 -0.0720266 -0.0203039 0.9971877
58.430270 3.9765055 -1.4754809 19.0135021 -0.0047794 -0.0814696 -0.0192871 0.9964777
58.637900 3.9565890 -1.4759938 19.1219807 -0.0040044 -0.0904480 -0.0187319 0.9957169
58.845400 3.9347436 -1.4767232 19.2294312 -0.0025585 -0.0990955 -0.0187100 0.9948987
59.052900 3.9113030 -1.4776895 19.3361034 -0.0022504 -0.1065407 -0.0185047 0.9941336
59.260530 3.8869534 -1.4782438 19.4421654 -0.0010971 -0.1125526 -0.0158460 0.9935188
59.468030 3.8616982 -1.4795101 19.5474682 0.0032748 -0.1182687 -0.0112766 0.9929122
59.779400 3.8218071 -1.4818558 19.7057762 0.0017515 -0.1265506 -0.0088127 0.9919195
59.987020 3.7929962 -1.4835191 19.8115845 0.0014599 -0.1297698 -0.0097725 0.9914949
60.194660 3.7638245 -1.4848081 19.9175835 -0.0017001 -0.1318268 -0.0081997 0.9912374
60.402270 3.7341805 -1.4852517 20.0237732 -0.0031390 -0.1324941 -0.0040640 0.9911705
60.609930 3.7048938 -1.4861150 20.1307678 -0.0040582 -0.1335375 0.0002773 0.9910354
60.817540 3.6761799 -1.4866928 20.2362843 -0.0042086 -0.1348455 0.0029725 0.9908533
61.025270 3.6458399 -1.4874150 20.3432560 -0.0057533 -0.1360451 0.0028923 0.9906817
61.232720 3.6150432 -1.4877743 20.4503040 -0.0079440 -0.1371670 0.0007479 0.9905158
61.440150 3.5838983 -1.4875532 20.5570869 -0.0096499 -0.1372756 -0.0013156 0.9904850
61.647800 3.5535305 -1.4871638 20.6631184 -0.0109908 -0.1356826 -0.0022785 0.9906888
61.751640 3.5386102 -1.4867775 20.7164688 -0.0121902 -0.1349836 -0.0021949 0.9907704
61.855290 3.5236130 -1.4860376 20.7693386 -0.0130036 -0.1342282 -0.0030295 0.9908605
61.959050 3.5087154 -1.4860009 20.8219585 -0.0144441 -0.1334225 -0.0038581 0.9909465
62.166620 3.4799099 -1.4847611 20.9267483 -0.0150174 -0.1320638 -0.0050713 0.9911145
62.374040 3.4512870 -1.4832448 21.0314178 -0.0156672 -0.1307695 -0.0043198 0.9912796
62.581550 3.4232209 -1.4815995 21.1354504 -0.0190044 -0.1295872 -0.0029214 0.9913816
62.789040 3.3956609 -1.4795337 21.2383385 -0.0199792 -0.1284836 -0.0015874 0.9915091
62.996620 3.3689539 -1.4773684 21.3402386 -0.0206038 -0.1277267 0.0010929 0.9915948
63.203960 3.3424478 -1.4750853 21.4415836 -0.0204207 -0.1278644 0.0044025 0.9915716
63.411420 3.3159230 -1.4727740 21.5412464 -0.0217735 -0.1279312 0.0053588 0.9915295
63.618820 3.2898436 -1.4707670 21.6401501 -0.0236207 -0.1283866 0.0052407 0.9914290
63.929910 3.2508018 -1.4671341 21.7854385 -0.0239624 -0.1288017 0.0058470 0.9913636
64.137290 3.2245729 -1.4644151 21.8818245 -0.0253718 -0.1292606 0.0063717 0.9912655
64.344770 3.1992362 -1.4614110 21.9764175 -0.0253731 -0.1298793 0.0058754 0.9911877
64.552380 3.1733274 -1.4585588 22.0708141 -0.0264536 -0.1297565 0.0039419 0.9911851
64.759950 3.1480160 -1.4553392 22.1646118 -0.0281758 -0.1296761 0.0032056 0.9911508
64.967450 3.1228530 -1.4521219 22.2572479 -0.0315565 -0.1300702 0.0028825 0.9909983
65.174920 3.0978734 -1.4477398 22.3489780 -0.0352163 -0.1318389 0.0031357 0.9906405
65.382430 3.0727324 -1.4427691 22.4401627 -0.0371827 -0.1336402 0.0044835 0.9903220
65.486120 3.0603180 -1.4405347 22.4851475 -0.0380267 -0.1344760 0.0053934 0.9901723
65.589790 3.0476611 -1.4381847 22.5300083 -0.0384584 -0.1354874 0.0051179 0.9900191
65.693560 3.0350795 -1.4357315 22.5745926 -0.0386077 -0.1360925 0.0056332 0.9899275
65.797310 3.0224946 -1.4329178 22.6188354 -0.0390824 -0.1361047 0.0063346 0.9899030
65.901040 3.0101292 -1.4304502 22.6624260 -0.0391183 -0.1358692 0.0058510 0.9899369
66.004800 2.9984150 -1.4280908 22.7053089 -0.0393822 -0.1353796 0.0067844 0.9899876
66.108530 2.9863930 -1.4253322 22.7486362 -0.0393340 -0.1350250 0.0090620 0.9900197
66.315950 2.9628861 -1.4203296 22.8335323 -0.0404041 -0.1342882 0.0097986 0.9900698
66.419700 2.9513621 -1.4176841 22.8747177 -0.0396806 -0.1343681 0.0097287 0.9900889
66.627050 2.9291682 -1.4132993 22.9551468 -0.0378493 -0.1334818 0.0107191 0.9902703
66.834590 2.9071665 -1.4090067 23.0325146 -0.0370300 -0.1324387 0.0102519 0.9904462
67.042030 2.8866601 -1.4048122 23.1092949 -0.0361766 -0.1316344 0.0119170 0.9905663
67.249580 2.8660014 -1.4004740 23.1859722 -0.0355035 -0.1289639 0.0119207 0.9909418
67.457250 2.8465855 -1.3965286 23.2627201 -0.0343242 -0.1228515 0.0124968 0.9917526
67.664920 2.8281426 -1.3924842 23.3398209 -0.0365303 -0.1117644 0.0091749 0.9930207
67.872840 2.8121493 -1.3886393 23.4175510 -0.0417592 -0.0963900 0.0072610 0.9944407
68.080710 2.7992947 -1.3834821 23.4956284 -0.0429165 -0.0762611 0.0053485 0.9961495
68.288670 2.7897661 -1.3780106 23.5743179 -0.0453197 -0.0516977 0.0033321 0.9976284
68.496670 2.7850645 -1.3721843 23.6524315 -0.0440051 -0.0248119 0.0035975 0.9987167
68.808420 2.7862341 -1.3642192 23.7692299 -0.0424343 0.0155736 0.0041635 0.9989692
69.016040 2.7927618 -1.3587538 23.8479843 -0.0433164 0.0418325 0.0059990 0.9981672
69.327420 2.8099153 -1.3506548 23.9655590 -0.0436411 0.0797948 0.0082300 0.9958215
69.535030 2.8263478 -1.3450459 24.0451107 -0.0427125 0.1046392 0.0087576 0.9935540
69.846210 2.8577478 -1.3369218 24.1653442 -0.0403290 0.1372358 0.0100939 0.9896656
70.053870 2.8827899 -1.3312273 24.2450275 -0.0394585 0.1559957 0.0096814 0.9869218
70.261200 2.9112477 -1.3257421 24.3243484 -0.0386751 0.1741596 0.0099856 0.9839070
70.468570 2.9428828 -1.3204623 24.4040756 -0.0385790 0.1926846 0.0096995 0.9804541
70.675960 2.9781594 -1.3150803 24.4833393 -0.0399679 0.2108202 0.0111439 0.9766439
70.779670 2.9968467 -1.3123077 24.5221939 -0.0396189 0.2195882 0.0104761 0.9747316
70.987040 3.0362897 -1.3068599 24.5993042 -0.0368493 0.2367511 0.0105881 0.9708136
71.194400 3.0788672 -1.3016624 24.6764660 -0.0353899 0.2550284 0.0067492 0.9662621
71.401990 3.1248333 -1.2968910 24.7526531 -0.0368534 0.2760082 0.0057887 0.9604310
71.609450 3.1748607 -1.2922333 24.8244667 -0.0386400 0.2982844 0.0057646 0.9536772
71.817050 3.2284565 -1.2871052 24.8951454 -0.0386853 0.3240213 0.0060577 0.9452391
72.024670 3.2860825 -1.2819065 24.9627132 -0.0376434 0.3498115 0.0073740 0.9360344
72.232060 3.3470395 -1.2770568 25.0264664 -0.0375393 0.3744307 0.0096841 0.9264441
72.439440 3.4104388 -1.2722415 25.0863323 -0.0364132 0.3963642 0.0106369 0.9173093
72.646700 3.4764001 -1.2674071 25.1438828 -0.0360434 0.4147620 0.0124159 0.9091311
72.854050 3.5447059 -1.2624005 25.2001057 -0.0374044 0.4322332 0.0127086 0.9008961
73.061450 3.6177824 -1.2563986 25.2557087 -0.0353299 0.4495912 0.0123303 0.8924503
73.268930 3.6932509 -1.2501135 25.3079166 -0.0396007 0.4672626 0.0139271 0.8831214
73.476410 3.7705996 -1.2442813 25.3566341 -0.0408382 0.4868891 0.0140927 0.8723948
73.683940 3.8506362 -1.2382172 25.4015045 -0.0389491 0.5074736 0.0148984 0.8606576
73.891550 3.9339986 -1.2325602 25.4429417 -0.0375397 0.5285669 0.0176676 0.8478771
74.099040 4.0207624 -1.2265428 25.4807720 -0.0366253 0.5499536 0.0197074 0.8341590
74.306540 4.1106281 -1.2209666 25.5149231 -0.0363241 0.5712588 0.0195474 0.8197328
74.617850 4.2517724 -1.2117316 25.5586796 -0.0359203 0.6031215 0.0163364 0.7966726
74.825180 4.3497267 -1.2060579 25.5830193 -0.0366317 0.6246765 0.0161583 0.7798566
75.032640 4.4493270 -1.2002332 25.6005249 -0.0348628 0.6455339 0.0178745 0.7627261
75.240090 4.5508823 -1.1947556 25.6131496 -0.0341346 0.6653653 0.0196442 0.7454784
75.551070 4.7062831 -1.1857922 25.6229706 -0.0316553 0.6932446 0.0197194 0.7197368
75.758450 4.8123269 -1.1800773 25.6233788 -0.0334652 0.7108329 0.0213533 0.7022398
75.965810 4.9190526 -1.1738523 25.6187382 -0.0340855 0.7277576 0.0208935 0.6846682
76.173160 5.0273566 -1.1671416 25.6088295 -0.0331378 0.7450575 0.0192432 0.6658986
76.380600 5.1375337 -1.1614405 25.5928688 -0.0318153 0.7612145 0.0200940 0.6474075
76.484350 5.1921420 -1.1585283 25.5826778 -0.0320817 0.7687833 0.0208532 0.6383637
76.691750 5.3005357 -1.1524346 25.5588055 -0.0285187 0.7825062 0.0208804 0.6216388
76.899070 5.4097624 -1.1471426 25.5299149 -0.0287677 0.7951412 0.0203969 0.6053982
77.106420 5.5182595 -1.1419945 25.4970951 -0.0279961 0.8080760 0.0173652 0.5881563
77.313830 5.6267209 -1.1375800 25.4590168 -0.0289397 0.8202471 0.0154133 0.5710688
77.521170 5.7347484 -1.1329254 25.4158325 -0.0296375 0.8317501 0.0156869 0.5541366
77.728490 5.8423786 -1.1277027 25.3684025 -0.0296583 0.8409067 0.0170803 0.5400968
77.832140 5.8964410 -1.1255631 25.3436012 -0.0284499 0.8443681 0.0175575 0.5347195
77.935700 5.9504590 -1.1230644 25.3178177 -0.0260222 0.8469768 0.0177536 0.5306957
78.039350 6.0043445 -1.1212238 25.2916679 -0.0240632 0.8490426 0.0193641 0.5274208
78.142930 6.0578752 -1.1190902 25.2647038 -0.0223570 0.8503218 0.0215342 0.5253469
78.246670 6.1114931 -1.1166533 25.2373543 -0.0209148 0.8511355 0.0235656 0.5239996
78.350300 6.1659403 -1.1141146 25.2102928 -0.0204745 0.8518130 0.0248207 0.5228569
78.454020 6.2203116 -1.1114106 25.1829243 -0.0207078 0.8521512 0.0257653 0.5222507
78.557850 6.2749467 -1.1087369 25.1553192 -0.0217027 0.8524047 0.0265386 0.5217577
78.661450 6.3297610 -1.1055243 25.1277828 -0.0234649 0.8526865 0.0273953 0.5211763
78.765630 6.3852725 -1.1021600 25.0996456 -0.0243165 0.8530527 0.0286473 0.5204700
78.868800 6.4401259 -1.0986274 25.0715904 -0.0241532 0.8533521 0.0287764 0.5199795
78.972430 6.4953198 -1.0957942 25.0437450 -0.0238867 0.8536623 0.0279695 0.5195266
79.081780 6.5497985 -1.0925092 25.0159645 -0.0226401 0.8539697 0.0276735 0.5190928
79.179920 6.6046062 -1.0890957 24.9874172 -0.0214108 0.8542116 0.0277037 0.5187452
79.283570 6.6594696 -1.0860958 24.9590359 -0.0212347 0.8545146 0.0279050 0.5182424
79.387330 6.7138209 -1.0830081 24.9307671 -0.0216067 0.8548210 0.0287723 0.5176740
79.491080 6.7696490 -1.0798025 24.9019547 -0.0226538 0.8550792 0.0299050 0.5171384
79.594920 6.8251319 -1.0762513 24.8728676 -0.0233733 0.8553632 0.0304924 0.5166021
79.802330 6.9393730 -1.0685817 24.8137341 -0.0237405 0.8559599 0.0312654 0.5155497
79.906130 6.9958940 -1.0647850 24.7842255 -0.0235729 0.8562032 0.0313637 0.5151473
80.113430 7.1092558 -1.0571918 24.7251549 -0.0204135 0.8567382 0.0308497 0.5144232
80.217170 7.1654935 -1.0536886 24.6954460 -0.0209341 0.8566950 0.0314007 0.5144410
80.424740 7.2807345 -1.0459445 24.6357880 -0.0224926 0.8566563 0.0317450 0.5144184
80.528440 7.3385949 -1.0420442 24.6053162 -0.0212416 0.8566836 0.0297977 0.5145426
80.735850 7.4546328 -1.0350717 24.5435543 -0.0188675 0.8563840 0.0272513 0.5152744
80.943530 7.5728660 -1.0284636 24.4821053 -0.0203439 0.8565908 0.0302515 0.5147069
81.150830 7.6912818 -1.0208422 24.4195709 -0.0207052 0.8566709 0.0293155 0.5146133
81.358350 7.8120642 -1.0137087 24.3565006 -0.0217841 0.8568361 0.0294812 0.5142843
81.565860 7.9343801 -1.0066469 24.2926865 -0.0207414 0.8571216 0.0294942 0.5138507
81.773370 8.0578156 -0.9991993 24.2275467 -0.0201248 0.8573479 0.0292701 0.5135103
81.980680 8.1829910 -0.9914931 24.1607494 -0.0212964 0.8573732 0.0300833 0.5133738
82.084440 8.2458649 -0.9877220 24.1275826 -0.0220081 0.8575050 0.0291274 0.5131788
82.291790 8.3716774 -0.9797677 24.0625076 -0.0255826 0.8579865 0.0251029 0.5124202
82.395640 8.4354830 -0.9756311 24.0285301 -0.0276998 0.8579237 0.0244320 0.5124478
82.603060 8.5621128 -0.9685459 23.9606819 -0.0254724 0.8578933 0.0248309 0.5125949
82.706910 8.6249123 -0.9652349 23.9280434 -0.0238834 0.8580095 0.0257617 0.5124310
82.810450 8.6884413 -0.9616855 23.8937073 -0.0226540 0.8578194 0.0271590 0.5127328
82.914210 8.7519360 -0.9583995 23.8598766 -0.0223662 0.8578739 0.0282995 0.5125927
83.018010 8.8158035 -0.9547635 23.8264179 -0.0233267 0.8579401 0.0284977 0.5124282
83.121720 8.8791323 -0.9509903 23.7926197 -0.0234540 0.8578813 0.0286569 0.5125118
83.225460 8.9431047 -0.9472672 23.7587090 -0.0243273 0.8578101 0.0279688 0.5126284
83.329210 9.0066862 -0.9438493 23.7245598 -0.0224958 0.8578956 0.0280240 0.5125659
83.432930 9.0704546 -0.9397887 23.6906319 -0.0211022 0.8578820 0.0282302 0.5126365
83.536780 9.1340599 -0.9362140 23.6566162 -0.0194332 0.8576415 0.0282011 0.5131063
83.640430 9.1975050 -0.9328467 23.6227722 -0.0184152 0.8573109 0.0280057 0.5137067
83.744180 9.2614317 -0.9291129 23.5896606 -0.0222784 0.8570387 0.0286176 0.5139741
83.847930 9.3251715 -0.9251987 23.5563335 -0.0244655 0.8567126 0.0304004 0.5143159
83.951670 9.3887396 -0.9205235 23.5233345 -0.0257422 0.8562284 0.0286086 0.5151619
84.055580 9.4525537 -0.9165998 23.4903946 -0.0248004 0.8558022 0.0276863 0.5159661
84.159190 9.5157919 -0.9130113 23.4578724 -0.0246856 0.8551721 0.0266963 0.5170673
84.262850 9.5792980 -0.9092349 23.4253025 -0.0241619 0.8548151 0.0255606 0.5177394
84.470300 9.7062998 -0.9028826 23.3603477 -0.0252955 0.8543833 0.0254398 0.5184034
84.574140 9.7696772 -0.8991134 23.3280621 -0.0259364 0.8542688 0.0260270 0.5185312
84.677950 9.8326540 -0.8955396 23.2955647 -0.0256580 0.8541721 0.0261045 0.5187005
84.781780 9.8958731 -0.8920833 23.2630596 -0.0259650 0.8542882 0.0252962 0.5185341
84.885450 9.9587812 -0.8888470 23.2309399 -0.0249137 0.8548430 0.0248652 0.5176916
84.989500 10.0218315 -0.8856558 23.1984501 -0.0238291 0.8553407 0.0244605 0.5169392
85.093050 10.0842896 -0.8820655 23.1655998 -0.0224721 0.8558856 0.0244668 0.5160971
85.196770 10.1470690 -0.8788347 23.1324692 -0.0218497 0.8565800 0.0255530 0.5149179
85.404100 10.2714252 -0.8722001 23.0665417 -0.0230705 0.8581468 0.0271658 0.5121658
85.611430 10.3932505 -0.8652974 23.0009155 -0.0221882 0.8597921 0.0276304 0.5094132
85.818930 10.5144997 -0.8590274 22.9349213 -0.0192661 0.8614861 0.0267289 0.5067110
86.026320 10.6336765 -0.8524258 22.8684425 -0.0207604 0.8630449 0.0265278 0.5040029
86.233840 10.7513666 -0.8458752 22.8024483 -0.0238805 0.8645444 0.0260349 0.5013132
86.441310 10.8666134 -0.8396819 22.7380505 -0.0253177 0.8658869 0.0262716 0.4989076
86.752310 11.0310545 -0.8310233 22.6436634 -0.0273987 0.8673053 0.0254885 0.4963680
86.959810 11.1363029 -0.8249131 22.5828190 -0.0298170 0.8677501 0.0233598 0.4955553
87.167190 11.2378292 -0.8197398 22.5237064 -0.0310641 0.8671023 0.0229837 0.4966291
87.374560 11.3362522 -0.8148300 22.4680004 -0.0316940 0.8650156 0.0222178 0.5002497
87.478210 11.3844748 -0.8120748 22.4411469 -0.0321268 0.8630185 0.0219927 0.5036699
87.685550 11.4801292 -0.8064191 22.3902283 -0.0325601 0.8569841 0.0210744 0.5138813
87.892930 11.5743885 -0.8008060 22.3440514 -0.0320127 0.8485590 0.0192561 0.5277803
87.996680 11.6226768 -0.7978272 22.3219070 -0.0341602 0.8438140 0.0169748 0.5352784
88.204050 11.7185793 -0.7943168 22.2807217 -0.0338303 0.8338895 0.0141825 0.5507110
88.411430 11.8159761 -0.7891715 22.2437744 -0.0348097 0.8227590 0.0120185 0.5671961
88.618820 11.9145708 -0.7844585 22.2104721 -0.0364578 0.8109067 0.0122915 0.5839093
88.826180 12.0145807 -0.7798753 22.1814575 -0.0405793 0.7985137 0.0136334 0.6004527
89.033680 12.1154318 -0.7730939 22.1575222 -0.0448050 0.7861375 0.0108742 0.6163296
89.137430 12.1659050 -0.7701102 22.1468086 -0.0463808 0.7797232 0.0092705 0.6243353
89.344810 12.2680683 -0.7639399 22.1289520 -0.0471890 0.7661581 0.0087043 0.6408581
89.552220 12.3716135 -0.7582939 22.1143360 -0.0435525 0.7501284 0.0082346 0.6598050
89.655800 12.4241753 -0.7552786 22.1088963 -0.0407820 0.7412523 0.0078277 0.6699407
89.863200 12.5303173 -0.7494614 22.1026573 -0.0386304 0.7222469 0.0082396 0.6905065
89.966950 12.5831423 -0.7471465 22.1022358 -0.0391089 0.7124261 0.0082783 0.7006076
90.070690 12.6365290 -0.7442702 22.1033363 -0.0394942 0.7021627 0.0079619 0.7108757
90.174320 12.6897745 -0.7416700 22.1062241 -0.0407165 0.6914339 0.0076802 0.7212505
90.278050 12.7438345 -0.7383178 22.1109047 -0.0431407 0.6803889 0.0064753 0.7315516
90.485550 12.8521843 -0.7324754 22.1249599 -0.0464873 0.6581171 0.0028651 0.7514736
90.589300 12.9058390 -0.7292073 22.1348610 -0.0470368 0.6472979 0.0009617 0.7607839
90.796800 13.0145884 -0.7230479 22.1583633 -0.0479417 0.6249994 -0.0028992 0.7791463
90.900550 13.0685635 -0.7199478 22.1725082 -0.0481365 0.6137620 -0.0043217 0.7880104
91.108060 13.1773176 -0.7133863 22.2061310 -0.0507957 0.5910218 -0.0037529 0.8050459
91.211680 13.2311487 -0.7100686 22.2249928 -0.0514001 0.5793369 -0.0026313 0.8134617
91.315450 13.2850246 -0.7065358 22.2458363 -0.0510942 0.5673081 -0.0048842 0.8219045
91.522930 13.3909674 -0.6994947 22.2920189 -0.0497103 0.5445769 -0.0052658 0.8372199
91.730300 13.4966764 -0.6915010 22.3450375 -0.0541279 0.5225378 -0.0044563 0.8508846
91.937810 13.6013823 -0.6830868 22.4045124 -0.0565014 0.5015050 -0.0019029 0.8633057
92.145310 13.7045279 -0.6741871 22.4683170 -0.0576471 0.4812310 -0.0023768 0.8746930
92.352950 13.8056421 -0.6643348 22.5377560 -0.0598853 0.4642608 -0.0055691 0.8836541
92.560560 13.9059744 -0.6539218 22.6118412 -0.0612669 0.4502568 -0.0080305 0.8907585
92.768320 14.0058365 -0.6436471 22.6887493 -0.0623249 0.4384227 -0.0091577 0.8965586
92.975930 14.1044884 -0.6325414 22.7697563 -0.0601149 0.4278426 -0.0103518 0.9017925
93.183560 14.2024126 -0.6227594 22.8522339 -0.0591178 0.4190696 -0.0103047 0.9059688
93.391320 14.2995119 -0.6124889 22.9367008 -0.0602926 0.4143266 -0.0103117 0.9080704
93.495180 14.3483162 -0.6070001 22.9795647 -0.0612992 0.4127257 -0.0097048 0.9087385
93.702820 14.4444408 -0.5963004 23.0653954 -0.0620787 0.4101608 -0.0096390 0.9098469
93.910430 14.5403986 -0.5849488 23.1513519 -0.0614402 0.4074791 -0.0110706 0.9110781
94.221930 14.6814747 -0.5697385 23.2801590 -0.0578952 0.4061787 -0.0093024 0.9119104
94.429560 14.7747736 -0.5598485 23.3650112 -0.0594846 0.4078627 -0.0092612 0.9110565
94.844930 14.9554424 -0.5413991 23.5248241 -0.0621392 0.4193482 -0.0115681 0.9056224
95.260560 15.1321964 -0.5250763 23.6673470 -0.0573503 0.4409083 -0.0131130 0.8956221
95.572310 15.2628860 -0.5150380 23.7610989 -0.0523801 0.4601538 -0.0100738 0.8862355
95.988060 15.4278154 -0.5066887 23.8663597 -0.0329453 0.4887836 -0.0156429 0.8716424
96.404190 15.5878429 -0.5046124 23.9532299 -0.0301495 0.5292136 -0.0199176 0.8477188
96.612440 15.6682339 -0.5042960 23.9871044 -0.0311409 0.5560228 -0.0161565 0.8304263
97.029060 15.8291121 -0.5055162 24.0328979 -0.0145582 0.6204159 -0.0179028 0.7839335
97.341440 15.9552774 -0.5081847 24.0495281 -0.0112465 0.6680638 -0.0170938 0.7438226
97.549480 16.0408688 -0.5108011 24.0521088 -0.0147972 0.6991339 -0.0140479 0.7146996
97.757560 16.1268063 -0.5123944 24.0468426 -0.0110748 0.7300882 -0.0106103 0.6831807
97.965440 16.2100830 -0.5145217 24.0348091 -0.0069886 0.7580281 -0.0117742 0.6520781
98.069330 16.2519207 -0.5156386 24.0261841 -0.0025917 0.7698306 -0.0103154 0.6381596
98.276830 16.3339043 -0.5180841 24.0060482 -0.0009537 0.7894890 -0.0095188 0.6136901
98.380560 16.3748913 -0.5193166 23.9944878 -0.0015279 0.7973291 -0.0081870 0.6034873
98.484190 16.4153385 -0.5204386 23.9816685 -0.0005505 0.8038065 -0.0071392 0.5948477
98.587810 16.4556904 -0.5216424 23.9680614 0.0009415 0.8093681 -0.0061312 0.5872689
98.691560 16.4958553 -0.5229638 23.9532776 0.0013872 0.8144106 -0.0054566 0.5802618
98.795310 16.5364132 -0.5240564 23.9380360 0.0023698 0.8197027 -0.0044426 0.5727670
98.899080 16.5769062 -0.5252057 23.9221344 0.0026001 0.8247725 -0.0035651 0.5654474
99.002810 16.6169834 -0.5264120 23.9049873 0.0039811 0.8298715 -0.0024628 0.5579349
99.106560 16.6568928 -0.5274997 23.8874454 0.0042514 0.8354418 -0.0023025 0.5495577
99.314190 16.7364883 -0.5297211 23.8492775 0.0031057 0.8485662 -0.0030261 0.5290715
99.522160 16.8137226 -0.5324596 23.8067627 0.0048996 0.8634894 -0.0047463 0.5043209
99.730070 16.8885555 -0.5345604 23.7590504 0.0047395 0.8807646 -0.0049744 0.4735045
99.938070 16.9571629 -0.5375818 23.7044983 0.0072380 0.8989179 -0.0003082 0.4380572
100.146100 17.0221539 -0.5398896 23.6451569 0.0092414 0.9165699 -0.0000381 0.3997677
100.354100 17.0808830 -0.5422660 23.5812778 0.0116682 0.9326602 0.0012635 0.3605652
100.458100 17.1084576 -0.5430011 23.5476112 0.0126793 0.9401336 0.0024599 0.3405614
100.666000 17.1568184 -0.5451946 23.4780579 0.0153082 0.9533594 0.0052303 0.3014037
100.873800 17.1985664 -0.5467157 23.4070435 0.0180115 0.9636372 0.0046980 0.2665651
100.977600 17.2183228 -0.5471724 23.3706818 0.0199896 0.9678581 0.0036558 0.2506747
101.184900 17.2547054 -0.5486321 23.2950268 0.0232324 0.9747990 0.0028236 0.2218537
101.392300 17.2867775 -0.5497153 23.2165375 0.0245673 0.9807457 0.0044583 0.1936863
101.599800 17.3142738 -0.5508225 23.1361198 0.0268065 0.9858524 0.0067876 0.1653187
101.807200 17.3376846 -0.5519680 23.0536022 0.0286794 0.9904220 0.0083048 0.1348062
102.014700 17.3553352 -0.5530582 22.9702339 0.0306721 0.9942787 0.0055253 0.1021691
102.222200 17.3670292 -0.5530090 22.8846951 0.0333049 0.9970407 0.0079865 0.0688252
102.429800 17.3738937 -0.5531206 22.7978058 0.0327918 0.9987760 0.0123244 0.0349201
102.533600 17.3746529 -0.5530370 22.7540684 0.0333433 0.9992104 0.0121283 0.0178783
102.741200 17.3720016 -0.5524490 22.6651821 0.0335300 0.9992654 0.0103572 -0.0153966
102.948700 17.3637791 -0.5513192 22.5739040 0.0351943 0.9982507 0.0100078 -0.0464414
103.156200 17.3498020 -0.5503532 22.4811935 0.0371267 0.9965172 0.0093605 -0.0740774
103.363600 17.3315697 -0.5493560 22.3867950 0.0382294 0.9945955 0.0084900 -0.0961577
103.571100 17.3095894 -0.5483695 22.2905941 0.0370883 0.9928322 0.0061952 -0.1134478
103.778400 17.2846813 -0.5475535 22.1919537 0.0355311 0.9911012 0.0066383 -0.1281089
103.985900 17.2563915 -0.5465963 22.0916328 0.0352507 0.9895223 0.0081898 -0.1397711
104.193200 17.2258816 -0.5453277 21.9896832 0.0376751 0.9885068 0.0088201 -0.1461407
104.400600 17.1941776 -0.5440267 21.8859329 0.0377300 0.9881317 0.0054833 -0.1488024
104.608100 17.1613121 -0.5430283 21.7798805 0.0393730 0.9877967 0.0054530 -0.1505909
104.815400 17.1269569 -0.5419526 21.6701622 0.0404495 0.9875344 0.0084081 -0.1518848
105.022900 17.0924473 -0.5402144 21.5601902 0.0415427 0.9872470 0.0075703 -0.1534933
105.230400 17.0568981 -0.5391222 21.4468498 0.0400256 0.9870473 0.0067303 -0.1552104
105.437900 17.0200634 -0.5378011 21.3316917 0.0408497 0.9867448 0.0069653 -0.1568993
105.645400 16.9813251 -0.5367356 21.2143402 0.0413895 0.9864693 0.0069844 -0.1584813
105.853200 16.9423275 -0.5348074 21.0959492 0.0424895 0.9861432 0.0073875 -0.1601922
106.060500 16.9021511 -0.5331184 20.9754086 0.0419394 0.9858963 0.0077787 -0.1618299
106.267900 16.8616905 -0.5316620 20.8543072 0.0408768 0.9856622 0.0097403 -0.1634144
106.475500 16.8203945 -0.5302051 20.7328014 0.0404597 0.9854044 0.0080627 -0.1651551
106.683000 16.7787933 -0.5288541 20.6105022 0.0419234 0.9851800 0.0096916 -0.1660388
106.994300 16.7174397 -0.5263873 20.4268360 0.0394110 0.9857887 0.0083144 -0.1630899
107.201800 16.6773758 -0.5253640 20.3037262 0.0369684 0.9865206 0.0066432 -0.1592682
107.512900 16.6199627 -0.5249231 20.1181374 0.0312117 0.9879966 0.0016752 -0.1512804
107.720700 16.5839005 -0.5258740 19.9935303 0.0256623 0.9891827 0.0023792 -0.1444074
107.927800 16.5496864 -0.5263044 19.8684349 0.0233952 0.9905496 0.0051327 -0.1350472
108.135300 16.5187263 -0.5264717 19.7448845 0.0256013 0.9922848 0.0071755 -0.1210944
108.342700 16.4911366 -0.5270151 19.6206322 0.0254561 0.9940508 0.0043195 -0.1058125
108.550200 16.4681435 -0.5281596 19.4953442 0.0232153 0.9955170 0.0019340 -0.0916686
108.757800 16.4483070 -0.5289932 19.3696747 0.0239142 0.9966421 0.0033500 -0.0782403
108.965300 16.4318752 -0.5301247 19.2430573 0.0244519 0.9976289 0.0035532 -0.0642339
109.173100 16.4198093 -0.5314133 19.1161785 0.0208892 0.9984601 0.0056091 -0.0510835
109.380500 16.4106388 -0.5322104 18.9891682 0.0186760 0.9990635 0.0071076 -0.0383777
109.484300 16.4074097 -0.5324847 18.9253483 0.0175689 0.9993067 0.0070675 -0.0320544
109.691700 16.4021568 -0.5327811 18.7968235 0.0170392 0.9996500 0.0069575 -0.0190042
109.900300 16.4011669 -0.5333679 18.6690025 0.0160663 0.9998044 0.0095529 -0.0064608
110.106700 16.4022083 -0.5351536 18.5446434 0.0173940 0.9997779 0.0103012 0.0059571
110.418100 16.4103279 -0.5346494 18.3541832 0.0182557 0.9995278 0.0065408 0.0238373
110.729500 16.4247761 -0.5365802 18.1637745 0.0166135 0.9990413 0.0052513 0.0401599
110.937100 16.4384308 -0.5369790 18.0374088 0.0161050 0.9986423 0.0031880 0.0494364
111.144800 16.4539547 -0.5391410 17.9121094 0.0153683 0.9981817 0.0033987 0.0581855
111.456200 16.4807796 -0.5421486 17.7264557 0.0133509 0.9973841 0.0055826 0.0708209
111.871200 16.5236397 -0.5448125 17.4786587 0.0108638 0.9962175 0.0063857 0.0859752
112.182300 16.5603313 -0.5467426 17.2968063 0.0096993 0.9952681 0.0084736 0.0963098
112.597300 16.6138535 -0.5500771 17.0620747 0.0094220 0.9938995 0.0032547 0.1098380
113.116300 16.6825771 -0.5566215 16.7939358 0.0112808 0.9916705 -0.0082304 0.1280416
113.635300 16.7512093 -0.5713214 16.5604763 0.0096481 0.9898177 -0.0286599 0.1390912
114.467000 16.8422966 -0.5993913 16.2241249 0.0190960 0.9932070 -0.0290606 0.1110434
114.779700 16.8603344 -0.6079839 16.0991802 0.0244234 0.9973383 -0.0165423 0.0666800
115.092200 16.8647118 -0.6127979 15.9752188 0.0272796 0.9995633 -0.0092134 0.0066467
115.404800 16.8518314 -0.6160317 15.8540497 0.0294606 0.9978145 -0.0040412 -0.0590082
115.717200 16.8235378 -0.6174940 15.7334146 0.0297428 0.9914358 0.0033893 -0.1271181
115.925200 16.7948875 -0.6175051 15.6542501 0.0282237 0.9845316 0.0076344 -0.1727500
116.133100 16.7588902 -0.6168121 15.5766163 0.0271542 0.9756253 0.0087533 -0.2175804
116.238300 16.7375336 -0.6159481 15.5388165 0.0288340 0.9704890 0.0091038 -0.2392420
116.444900 16.6888485 -0.6141087 15.4641323 0.0327603 0.9595322 0.0102398 -0.2794994
116.652400 16.6338234 -0.6119272 15.3909636 0.0353976 0.9485720 0.0100099 -0.3144169
116.859700 16.5724850 -0.6088415 15.3199310 0.0389263 0.9384909 0.0066895 -0.3430377
117.067000 16.5057220 -0.6063961 15.2492828 0.0434783 0.9302399 0.0037686 -0.3643477
117.274300 16.4345264 -0.6034545 15.1770554 0.0449638 0.9237532 0.0030737 -0.3803272
117.481600 16.3577328 -0.6004701 15.1029863 0.0450365 0.9180275 0.0026670 -0.3939416
117.689000 16.2760506 -0.5968220 15.0290327 0.0464943 0.9135470 0.0014364 -0.4040645
117.896100 16.1895885 -0.5930639 14.9518595 0.0490927 0.9124187 0.0005508 -0.4063026
117.999600 16.1459808 -0.5914052 14.9115419 0.0499819 0.9132469 0.0011035 -0.4043276
118.207000 16.0579739 -0.5878195 14.8283348 0.0471696 0.9149966 0.0027715 -0.4006853
118.414300 15.9665012 -0.5837507 14.7415533 0.0450208 0.9156932 0.0029258 -0.3993378
118.621700 15.8729954 -0.5802951 14.6529951 0.0443291 0.9162809 0.0032545 -0.3980624
118.829100 15.7772722 -0.5765641 14.5618095 0.0440106 0.9169788 0.0024404 -0.3964935
119.036700 15.6796780 -0.5732962 14.4685202 0.0433478 0.9177442 0.0020440 -0.3947941
119.244200 15.5811968 -0.5702935 14.3731766 0.0416140 0.9185953 -0.0002006 -0.3930025
119.451600 15.4804258 -0.5680871 14.2751560 0.0400582 0.9195657 -0.0024094 -0.3908817
119.659100 15.3782949 -0.5666821 14.1750097 0.0394604 0.9205089 -0.0023266 -0.3887168
119.866500 15.2764206 -0.5649576 14.0730085 0.0405006 0.9216170 -0.0005107 -0.3859812
120.073700 15.1749229 -0.5631917 13.9703665 0.0408408 0.9236831 0.0013657 -0.3809720
120.281100 15.0742302 -0.5601977 13.8649912 0.0402102 0.9260088 0.0026745 -0.3753448
120.592200 14.9249535 -0.5569030 13.7053242 0.0415968 0.9311025 0.0002016 -0.3623781
120.799500 14.8283329 -0.5558093 13.5966854 0.0437550 0.9361033 -0.0025686 -0.3489836
121.006700 14.7357006 -0.5549556 13.4832039 0.0438238 0.9415849 -0.0035764 -0.3338929
121.214100 14.6463118 -0.5542648 13.3662939 0.0410072 0.9469793 -0.0040735 -0.3186408
121.421600 14.5603123 -0.5537422 13.2454500 0.0396984 0.9512015 -0.0016954 -0.3060014
121.629100 14.4774637 -0.5532301 13.1224766 0.0387499 0.9551344 -0.0006547 -0.2936261
121.836600 14.3960047 -0.5529579 12.9971905 0.0387140 0.9588590 -0.0020517 -0.2812232
122.044100 14.3180971 -0.5530916 12.8683062 0.0381226 0.9623421 -0.0040399 -0.2691244
122.251600 14.2423954 -0.5541461 12.7371063 0.0386955 0.9654241 -0.0056752 -0.2577341
122.459200 14.1683941 -0.5550317 12.6036129 0.0412890 0.9676697 -0.0044094 -0.2487792
122.666800 14.0959158 -0.5562110 12.4688272 0.0419470 0.9690731 -0.0046542 -0.2431380
122.874600 14.0236931 -0.5570326 12.3310013 0.0405959 0.9696925 -0.0034128 -0.2409084
123.082400 13.9513178 -0.5577369 12.1924524 0.0395419 0.9700699 -0.0046045 -0.2395406
123.290000 13.8787870 -0.5587628 12.0520926 0.0401849 0.9706753 -0.0051733 -0.2369554
123.497600 13.8059273 -0.5592751 11.9106255 0.0436909 0.9714006 -0.0036790 -0.2333633
123.705300 13.7341194 -0.5601894 11.7683067 0.0450988 0.9719079 -0.0077071 -0.2308715
123.913000 13.6614952 -0.5608046 11.6236467 0.0457452 0.9721406 -0.0073928 -0.2297727
124.016700 13.6255455 -0.5610474 11.5502806 0.0459430 0.9721941 -0.0051173 -0.2295687
124.224400 13.5506544 -0.5612897 11.4029312 0.0507747 0.9720643 -0.0032281 -0.2291342
124.328100 13.5133982 -0.5609969 11.3290186 0.0529981 0.9718742 -0.0049767 -0.2294055
124.431900 13.4759007 -0.5608052 11.2548418 0.0541385 0.9717330 -0.0066184 -0.2296961
124.535600 13.4381104 -0.5606949 11.1799126 0.0543825 0.9716346 -0.0068224 -0.2300484
124.639300 13.4012184 -0.5609199 11.1045933 0.0536447 0.9714426 -0.0057663 -0.2310591
124.743100 13.3639879 -0.5614471 11.0289545 0.0512086 0.9712490 -0.0046433 -0.2324466
124.846800 13.3259439 -0.5610009 10.9528284 0.0479192 0.9709817 -0.0037383 -0.2342739
124.950600 13.2873316 -0.5610057 10.8768005 0.0454195 0.9704975 -0.0022685 -0.2367834
125.054300 13.2479525 -0.5610390 10.8005762 0.0419100 0.9699642 -0.0006883 -0.2396090
125.158200 13.2082567 -0.5609612 10.7242050 0.0401675 0.9691598 -0.0010340 -0.2431353
125.262000 13.1677532 -0.5605892 10.6481705 0.0384354 0.9682917 -0.0021095 -0.2468389
125.365700 13.1261168 -0.5602095 10.5720520 0.0372414 0.9673302 -0.0023408 -0.2507585
125.469400 13.0833817 -0.5604206 10.4961386 0.0383189 0.9662993 -0.0014783 -0.2545490
125.573100 13.0395803 -0.5601299 10.4200630 0.0408680 0.9651377 0.0000362 -0.2585327
125.780600 12.9486923 -0.5589241 10.2685232 0.0463565 0.9626694 -0.0020354 -0.2666733
125.884200 12.9023380 -0.5586094 10.1933336 0.0479381 0.9615173 -0.0046711 -0.2704897
126.091700 12.8083038 -0.5577329 10.0428581 0.0489154 0.9594530 -0.0035857 -0.2775685
126.195500 12.7604408 -0.5565504 9.9675465 0.0491755 0.9583754 -0.0014130 -0.2812407
126.299200 12.7119646 -0.5554116 9.8928699 0.0513408 0.9573894 0.0008162 -0.2841989
126.506600 12.6136093 -0.5533818 9.7438488 0.0552022 0.9560977 -0.0017910 -0.2877965
126.610300 12.5636902 -0.5522630 9.6690445 0.0562235 0.9556468 -0.0041277 -0.2890694
126.817800 12.4654808 -0.5511795 9.5191650 0.0520950 0.9552606 -0.0022302 -0.2911329
126.921600 12.4162188 -0.5501962 9.4435740 0.0489338 0.9552163 -0.0008625 -0.2918331
127.129000 12.3145819 -0.5476228 9.2930269 0.0492635 0.9550108 0.0007263 -0.2924499
127.336500 12.2117147 -0.5450194 9.1412439 0.0496065 0.9550624 0.0010096 -0.2922224
127.543900 12.1098785 -0.5427349 8.9876604 0.0478563 0.9550532 0.0011500 -0.2925438
127.751200 12.0066109 -0.5413736 8.8334074 0.0471057 0.9547369 0.0029194 -0.2936835
128.062200 11.8470745 -0.5362302 8.5996923 0.0476696 0.9540746 0.0029261 -0.2957377
128.166000 11.7950525 -0.5348262 8.5209370 0.0463579 0.9537829 0.0031837 -0.2968823
128.373300 11.6880903 -0.5314255 8.3617582 0.0452943 0.9535168 0.0045310 -0.2978819
128.580700 11.5812140 -0.5278124 8.2065620 0.0462434 0.9536810 0.0042747 -0.2972135
128.788200 11.4733496 -0.5264729 8.0502205 0.0464726 0.9538671 0.0038497 -0.2965855
128.995500 11.3645010 -0.5235324 7.8912206 0.0460433 0.9540106 0.0046894 -0.2961785
129.202800 11.2565689 -0.5199999 7.7304587 0.0459179 0.9539835 0.0047522 -0.2962843
129.306600 11.2027273 -0.5181254 7.6500731 0.0461883 0.9538522 0.0038452 -0.2966779
129.514100 11.0923824 -0.5135768 7.4895897 0.0469270 0.9538911 0.0025873 -0.2964505
129.721600 10.9830980 -0.5123073 7.3260622 0.0485616 0.9535105 0.0039133 -0.2973956
129.929100 10.8711948 -0.5082255 7.1633949 0.0499937 0.9531291 0.0033247 -0.2983865
164.579300 0.0057006 -0.0038615 0.2979632 -0.0016765 -0.1322516 0.0080586 0.9911820
164.890500 -0.0261223 -0.0058750 0.4017509 0.0038846 -0.1483537 0.0082894 0.9888920
