0.208254 0.0000000 0.0000000 0.0000000 0.0000000 0.0000000 0.0000000 1.0000000
0.416625 -0.0002031 -0.0011440 0.0631162 0.0003968 0.0000214 0.0009546 0.9999995
0.520755 -0.0002946 -0.0016316 0.0946862 -0.0000326 0.0000877 0.0012307 0.9999992
0.729128 -0.0003750 -0.0027194 0.1587162 -0.0008349 0.0000132 0.0016521 0.9999983
0.833252 -0.0005451 -0.0031599 0.1908136 0.0001120 -0.0001113 0.0011719 0.9999993
0.937506 -0.0009182 -0.0038097 0.2227490 0.0011096 0.0000158 -0.0001041 0.9999994
1.041630 -0.0009663 -0.0043260 0.2551996 0.0016864 -0.0001248 -0.0019003 0.9999968
1.145875 -0.0010366 -0.0048586 0.2877471 0.0017777 -0.0001625 -0.0030243 0.9999938
1.250003 -0.0013783 -0.0054846 0.3199691 0.0012952 0.0000572 -0.0036271 0.9999925
1.354255 -0.0014663 -0.0061592 0.3524364 -0.0001158 0.0003045 -0.0021759 0.9999976
1.458401 -0.0014198 -0.0066846 0.3849676 -0.0010127 0.0003492 -0.0002401 0.9999994
1.562526 -0.0015577 -0.0072215 0.4176606 0.0001751 0.0002891 0.0010081 0.9999994
1.666754 -0.0016405 -0.0077932 0.4504813 0.0011662 0.0002003 0.0016217 0.9999980
1.771007 -0.0017636 -0.0084737 0.4834787 0.0019351 0.0004676 0.0004044 0.9999979
1.875129 -0.0019049 -0.0091266 0.5165418 0.0007679 0.0007923 -0.0008544 0.9999990
1.979377 -0.0021317 -0.0095585 0.5500418 -0.0008687 0.0012036 -0.0012866 0.9999981
2.083502 -0.0022762 -0.0100027 0.5832468 -0.0018476 0.0015025 -0.0001593 0.9999971
2.187759 -0.0022758 -0.0103790 0.6163584 -0.0008557 0.0012978 0.0017490 0.9999973
2.291881 -0.0021601 -0.0109270 0.6497666 0.0002671 0.0012128 0.0022016 0.9999968
2.396132 -0.0022265 -0.0114944 0.6829855 0.0015077 0.0015176 0.0023349 0.9999950
2.500257 -0.0023490 -0.0121948 0.7165763 0.0018041 0.0018064 0.0007758 0.9999964
2.604383 -0.0024469 -0.0128136 0.7498194 0.0029047 0.0021233 0.0005433 0.9999934
2.708628 -0.0022798 -0.0135439 0.7833198 0.0026029 0.0019513 -0.0000074 0.9999947
2.812757 -0.0024450 -0.0142020 0.8172215 0.0019854 0.0019415 -0.0000405 0.9999961
2.916881 -0.0025586 -0.0149437 0.8509318 0.0011506 0.0018175 -0.0005719 0.9999975
3.021006 -0.0025078 -0.0155275 0.8847113 0.0010562 0.0017090 -0.0020924 0.9999958
3.125256 -0.0026677 -0.0160947 0.9187655 0.0013334 0.0018552 -0.0032084 0.9999923
3.333502 -0.0029433 -0.0173524 0.9867307 0.0011149 0.0017328 -0.0048572 0.9999861
3.437629 -0.0028637 -0.0181413 1.0209366 0.0009625 0.0014491 -0.0041866 0.9999897
3.541754 -0.0029771 -0.0187735 1.0547951 0.0013137 0.0011018 -0.0040275 0.9999904
3.645880 -0.0028918 -0.0194181 1.0894794 0.0012267 0.0005130 -0.0036081 0.9999926
3.958276 -0.0034937 -0.0213208 1.1920302 0.0006264 -0.0008980 -0.0040458 0.9999912
4.166506 -0.0037882 -0.0225174 1.2610929 -0.0002970 -0.0018469 -0.0031525 0.9999933
4.270633 -0.0039212 -0.0231392 1.2956864 -0.0003551 -0.0022638 -0.0024873 0.9999943
4.374756 -0.0042576 -0.0236714 1.3301225 -0.0000584 -0.0023500 -0.0010584 0.9999967
4.583132 -0.0045596 -0.0251565 1.3986417 -0.0006869 -0.0022618 0.0000472 0.9999972
4.791384 -0.0051104 -0.0265406 1.4673309 -0.0008403 -0.0017475 0.0013519 0.9999972
4.999630 -0.0054655 -0.0277999 1.5363867 -0.0000996 -0.0011865 0.0018113 0.9999977
5.103758 -0.0056464 -0.0285085 1.5708334 -0.0000281 -0.0008413 0.0010229 0.9999991
5.311998 -0.0062487 -0.0298790 1.6394873 -0.0013879 -0.0001598 -0.0024921 0.9999959
5.520244 -0.0070300 -0.0309264 1.7078148 -0.0014025 0.0005045 -0.0063337 0.9999788
5.624505 -0.0071057 -0.0316231 1.7419800 -0.0011386 0.0007064 -0.0079162 0.9999678
5.728633 -0.0073058 -0.0320387 1.7762804 -0.0009323 0.0010631 -0.0088864 0.9999595
5.832639 -0.0075003 -0.0326664 1.8100703 -0.0011526 0.0013183 -0.0090084 0.9999579
5.936757 -0.0076149 -0.0332361 1.8438228 -0.0010033 0.0014187 -0.0085040 0.9999623
6.040889 -0.0076633 -0.0339893 1.8774886 -0.0006233 0.0012647 -0.0079070 0.9999678
6.249010 -0.0078287 -0.0351817 1.9447511 -0.0006558 0.0009389 -0.0076451 0.9999701
6.457260 -0.0078504 -0.0364215 2.0118327 -0.0005940 0.0001082 -0.0075139 0.9999716
6.665511 -0.0083570 -0.0376270 2.0785618 -0.0014380 -0.0007938 -0.0062764 0.9999790
6.769636 -0.0085788 -0.0381578 2.1115141 -0.0016972 -0.0013772 -0.0052169 0.9999840
6.977759 -0.0089740 -0.0393485 2.1778493 -0.0015258 -0.0021741 -0.0034203 0.9999906
7.186013 -0.0094733 -0.0404332 2.2434411 -0.0009868 -0.0023148 -0.0033525 0.9999912
7.290011 -0.0098107 -0.0409506 2.2763784 -0.0006870 -0.0022537 -0.0032489 0.9999920
7.394135 -0.0101574 -0.0415825 2.3090544 -0.0003112 -0.0021429 -0.0036131 0.9999911
7.498256 -0.0104008 -0.0422378 2.3414721 -0.0005251 -0.0020733 -0.0043360 0.9999883
7.706383 -0.0111890 -0.0434712 2.4064136 -0.0019122 -0.0017618 -0.0052865 0.9999827
7.914632 -0.0117057 -0.0448525 2.4708550 -0.0001453 -0.0017182 -0.0048273 0.9999868
8.122760 -0.0120035 -0.0460470 2.5361490 -0.0000836 -0.0017789 -0.0035494 0.9999921
8.331011 -0.0122844 -0.0473380 2.6010494 -0.0015079 -0.0011951 -0.0015496 0.9999970
8.539282 -0.0126758 -0.0483474 2.6652844 0.0004302 -0.0003265 -0.0022008 0.9999974
8.643387 -0.0127942 -0.0489004 2.6975496 0.0015469 0.0001467 -0.0033582 0.9999931
8.747509 -0.0131776 -0.0495551 2.7296786 0.0015071 0.0009370 -0.0049647 0.9999861
8.851635 -0.0134551 -0.0501830 2.7620423 0.0005339 0.0017157 -0.0054265 0.9999837
8.955763 -0.0136924 -0.0508495 2.7942939 -0.0005566 0.0023326 -0.0056551 0.9999811
9.164012 -0.0136178 -0.0517786 2.8592110 -0.0004130 0.0031799 -0.0055009 0.9999797
9.268135 -0.0136459 -0.0523969 2.8914149 -0.0002398 0.0038881 -0.0064989 0.9999713
9.372259 -0.0134366 -0.0530662 2.9240079 -0.0001176 0.0043224 -0.0073386 0.9999637
9.476392 -0.0133581 -0.0535189 2.9562674 0.0004651 0.0049350 -0.0077829 0.9999574
9.580513 -0.0133672 -0.0540384 2.9886293 0.0009694 0.0055052 -0.0084626 0.9999486
9.788784 -0.0127713 -0.0552253 3.0537620 0.0005283 0.0062330 -0.0077913 0.9999501
9.997010 -0.0121965 -0.0564594 3.1185939 -0.0001184 0.0067900 -0.0066618 0.9999548
10.205260 -0.0115232 -0.0575607 3.1829731 -0.0005852 0.0066332 -0.0045080 0.9999677
10.413390 -0.0111331 -0.0585627 3.2476635 -0.0003107 0.0058506 -0.0032291 0.9999776
10.517510 -0.0108021 -0.0592091 3.2796545 -0.0008325 0.0051896 -0.0025084 0.9999830
10.621640 -0.0107224 -0.0596869 3.3119223 -0.0008477 0.0047383 -0.0015577 0.9999872
10.725760 -0.0104337 -0.0601312 3.3441653 -0.0007743 0.0039306 -0.0016008 0.9999907
10.934020 -0.0103935 -0.0612680 3.4086661 -0.0003977 0.0030143 -0.0013082 0.9999945
11.142270 -0.0099808 -0.0623999 3.4730015 0.0010964 0.0018911 0.0027346 0.9999939
11.350520 -0.0093916 -0.0634603 3.5374749 -0.0006963 0.0005200 0.0096512 0.9999530
11.558780 -0.0094918 -0.0649986 3.6021445 0.0022452 0.0002370 0.0111700 0.9999351
11.767160 -0.0097640 -0.0664522 3.6667953 0.0033796 0.0011547 0.0093967 0.9999495
11.975390 -0.0096266 -0.0679003 3.7313147 0.0001776 0.0016325 0.0136093 0.9999061
12.183770 -0.0090978 -0.0691582 3.7959359 -0.0005228 0.0015993 0.0164677 0.9998630
12.392020 -0.0092451 -0.0702939 3.8606188 -0.0004066 0.0026012 0.0133496 0.9999074
12.600390 -0.0095005 -0.0713798 3.9252772 0.0010076 0.0035470 0.0100605 0.9999426
12.808640 -0.0092500 -0.0726709 3.9903796 0.0005527 0.0035474 0.0082968 0.9999591
13.016890 -0.0093504 -0.0737991 4.0551105 0.0033004 0.0033083 0.0052438 0.9999753
13.225270 -0.0094922 -0.0752656 4.1205297 0.0034166 0.0033822 0.0003448 0.9999884
13.433520 -0.0092764 -0.0766959 4.1854758 0.0012233 0.0036807 -0.0014545 0.9999914
13.641770 -0.0087379 -0.0778210 4.2516670 0.0007739 0.0021701 0.0011146 0.9999967
13.850020 -0.0088803 -0.0792064 4.3174253 0.0050376 0.0005723 0.0005589 0.9999870
13.954150 -0.0091885 -0.0801786 4.3506546 0.0053329 0.0002813 -0.0019826 0.9999838
14.162520 -0.0094768 -0.0817744 4.4180484 0.0031421 0.0001905 -0.0046166 0.9999844
14.370770 -0.0096951 -0.0829410 4.4851294 0.0017636 0.0003829 -0.0045877 0.9999878
14.579010 -0.0098416 -0.0844306 4.5530968 0.0011749 0.0004706 -0.0025642 0.9999959
14.683140 -0.0098504 -0.0851006 4.5869422 0.0011491 0.0005727 -0.0011767 0.9999985
14.891390 -0.0096396 -0.0863267 4.6554012 -0.0001546 0.0009171 0.0027876 0.9999956
14.995520 -0.0094835 -0.0870179 4.6897087 -0.0000775 0.0010413 0.0041435 0.9999909
15.203790 -0.0097871 -0.0885498 4.7582350 0.0045171 0.0013220 -0.0006159 0.9999887
15.412140 -0.0106163 -0.0900958 4.8273177 0.0027559 0.0027503 -0.0090209 0.9999517
15.516270 -0.0106464 -0.0907887 4.8621049 0.0016203 0.0030973 -0.0095769 0.9999480
15.620390 -0.0105816 -0.0914383 4.8969307 0.0014389 0.0028632 -0.0085839 0.9999580
15.724520 -0.0102597 -0.0921132 4.9317656 0.0014370 0.0020768 -0.0067154 0.9999743
15.828640 -0.0101093 -0.0928997 4.9666576 0.0016625 0.0016053 -0.0057095 0.9999810
15.932650 -0.0102650 -0.0935876 5.0015650 0.0020103 0.0013570 -0.0062063 0.9999778
16.036770 -0.0104203 -0.0942679 5.0366068 0.0018918 0.0013200 -0.0067081 0.9999748
16.140900 -0.0106018 -0.0950288 5.0716419 0.0013835 0.0013669 -0.0073212 0.9999713
16.245020 -0.0106226 -0.0958021 5.1070795 0.0015616 0.0010795 -0.0067133 0.9999757
16.453270 -0.0107420 -0.0972207 5.1774654 0.0022294 0.0007198 -0.0060125 0.9999792
16.661520 -0.0110745 -0.0985393 5.2483382 0.0025722 0.0005126 -0.0065953 0.9999748
16.869650 -0.0113864 -0.1002861 5.3199396 0.0026307 0.0000355 -0.0068016 0.9999734
16.973770 -0.0115356 -0.1010875 5.3556523 0.0026349 -0.0001060 -0.0065771 0.9999749
17.077890 -0.0119210 -0.1018905 5.3914747 0.0025192 -0.0001003 -0.0069338 0.9999728
17.182030 -0.0120125 -0.1025014 5.4273596 0.0027651 -0.0002623 -0.0064750 0.9999752
17.286140 -0.0120888 -0.1033271 5.4631000 0.0028489 -0.0002445 -0.0057322 0.9999795
17.494400 -0.0123434 -0.1049866 5.5351768 0.0022553 -0.0002244 -0.0045972 0.9999869
17.598420 -0.0124784 -0.1058495 5.5712562 0.0021386 -0.0003627 -0.0046054 0.9999871
17.702520 -0.0125728 -0.1066773 5.6075473 0.0023074 -0.0003924 -0.0048697 0.9999854
17.806640 -0.0124691 -0.1075429 5.6435390 0.0025300 -0.0004678 -0.0049597 0.9999844
17.910650 -0.0125821 -0.1082923 5.6800885 0.0022450 -0.0002945 -0.0058102 0.9999806
18.014770 -0.0129187 -0.1089779 5.7161603 0.0013570 0.0001696 -0.0061015 0.9999804
18.118900 -0.0128657 -0.1097133 5.7523165 0.0010398 0.0003349 -0.0059129 0.9999819
18.327020 -0.0129842 -0.1109948 5.8253465 0.0026951 0.0008538 -0.0059135 0.9999785
18.431150 -0.0131480 -0.1118299 5.8620424 0.0023914 0.0009953 -0.0063281 0.9999766
18.535360 -0.0132240 -0.1125823 5.8987174 0.0019386 0.0009269 -0.0062878 0.9999779
18.639420 -0.0134053 -0.1133627 5.9349947 0.0017181 0.0008756 -0.0064744 0.9999772
18.743480 -0.0135821 -0.1139604 5.9717631 0.0019262 0.0007739 -0.0067968 0.9999747
18.847540 -0.0136481 -0.1147395 6.0083323 0.0017738 0.0008545 -0.0074199 0.9999706
18.951650 -0.0139986 -0.1153606 6.0448947 0.0018161 0.0010896 -0.0079819 0.9999659
19.055650 -0.0140515 -0.1161522 6.0814295 0.0016155 0.0010547 -0.0080151 0.9999660
19.159650 -0.0142130 -0.1169498 6.1181436 0.0015279 0.0010767 -0.0072771 0.9999717
19.263770 -0.0142273 -0.1177102 6.1549449 0.0011543 0.0010749 -0.0063667 0.9999785
19.367870 -0.0138639 -0.1182835 6.1922116 0.0009319 0.0007315 -0.0051673 0.9999859
19.471780 -0.0138211 -0.1190746 6.2287388 0.0011196 0.0005488 -0.0042510 0.9999902
19.575900 -0.0137814 -0.1197049 6.2653279 0.0016611 0.0004690 -0.0036165 0.9999920
19.679910 -0.0137685 -0.1203546 6.3021021 0.0008836 0.0006432 -0.0029823 0.9999949
19.784020 -0.0139283 -0.1212641 6.3388286 -0.0003528 0.0008639 -0.0016767 0.9999982
19.888070 -0.0141913 -0.1217038 6.3755002 0.0002398 0.0011604 -0.0012417 0.9999985
19.992130 -0.0141644 -0.1223488 6.4121809 0.0008014 0.0014704 -0.0010825 0.9999980
20.096150 -0.0142255 -0.1229971 6.4491539 0.0010020 0.0017431 -0.0014852 0.9999968
20.200150 -0.0142110 -0.1238090 6.4862628 0.0009109 0.0021927 -0.0024767 0.9999941
20.304270 -0.0142265 -0.1244184 6.5234027 0.0012873 0.0026160 -0.0034639 0.9999897
20.408270 -0.0142170 -0.1251967 6.5602670 0.0013513 0.0031209 -0.0041486 0.9999856
20.512310 -0.0139548 -0.1260215 6.5972018 0.0013631 0.0033405 -0.0043327 0.9999841
20.720420 -0.0138762 -0.1275075 6.6707397 0.0020983 0.0043215 -0.0044326 0.9999787
20.824520 -0.0135324 -0.1283798 6.7077785 0.0018697 0.0046874 -0.0038472 0.9999799
20.928690 -0.0133288 -0.1291428 6.7444506 0.0013487 0.0049998 -0.0034388 0.9999807
21.032780 -0.0130695 -0.1300019 6.7813420 0.0012300 0.0052740 -0.0030370 0.9999807
21.136780 -0.0127570 -0.1308935 6.8183622 0.0023597 0.0051626 -0.0026967 0.9999803
21.240880 -0.0125126 -0.1316539 6.8553343 0.0034388 0.0050390 -0.0021055 0.9999791
21.344920 -0.0121541 -0.1325212 6.8921638 0.0034357 0.0044893 -0.0022996 0.9999813
21.448900 -0.0119870 -0.1333422 6.9292254 0.0034583 0.0041232 -0.0015696 0.9999843
21.552900 -0.0118566 -0.1342500 6.9660878 0.0036865 0.0036677 -0.0015552 0.9999853
21.657020 -0.0118820 -0.1350250 7.0032721 0.0040584 0.0033681 -0.0018809 0.9999843
21.761020 -0.0116557 -0.1359336 7.0402207 0.0038603 0.0029787 -0.0014862 0.9999870
21.865030 -0.0115094 -0.1364861 7.0769448 0.0039265 0.0025318 -0.0013327 0.9999882
22.073170 -0.0111828 -0.1381678 7.1513534 0.0027273 0.0015621 -0.0020912 0.9999928
22.281150 -0.0109629 -0.1397598 7.2261586 0.0027304 0.0023245 -0.0021384 0.9999913
22.385270 -0.0106543 -0.1405600 7.2634268 0.0028558 0.0024731 -0.0014941 0.9999917
22.489270 -0.0105121 -0.1412529 7.3009896 0.0035074 0.0024408 -0.0005845 0.9999907
22.593280 -0.0105043 -0.1423297 7.3385501 0.0044348 0.0027324 0.0003936 0.9999864
22.697420 -0.0102310 -0.1432551 7.3765321 0.0048959 0.0024828 0.0006273 0.9999847
22.801400 -0.0101970 -0.1442356 7.4142127 0.0053798 0.0013844 0.0004328 0.9999845
22.905400 -0.0101906 -0.1452393 7.4519401 0.0049624 0.0002411 0.0000044 0.9999877
23.009400 -0.0104213 -0.1462246 7.4901280 0.0032477 0.0000956 -0.0004538 0.9999946
23.113490 -0.0105172 -0.1470643 7.5282407 0.0018137 0.0003562 0.0003965 0.9999982
23.217420 -0.0105133 -0.1478348 7.5666022 0.0014529 0.0003651 0.0008002 0.9999986
23.321400 -0.0105842 -0.1485793 7.6046076 0.0020812 0.0005625 0.0013201 0.9999968
23.425400 -0.0105646 -0.1494281 7.6427493 0.0020686 0.0006583 0.0017557 0.9999961
23.529550 -0.0106935 -0.1503332 7.6811242 0.0018259 0.0007389 0.0019375 0.9999962
23.633550 -0.0106999 -0.1511266 7.7189522 0.0018592 0.0009589 0.0019266 0.9999959
23.737530 -0.0111118 -0.1518337 7.7570567 0.0024570 0.0013699 0.0010575 0.9999955
23.841660 -0.0110841 -0.1527071 7.7950859 0.0027067 0.0016264 0.0006916 0.9999948
23.945650 -0.0110847 -0.1535977 7.8330421 0.0016455 0.0019672 0.0015158 0.9999955
24.049650 -0.0110527 -0.1543373 7.8712792 0.0013208 0.0019941 0.0019526 0.9999952
24.153670 -0.0110118 -0.1551717 7.9091372 0.0019499 0.0019053 0.0024740 0.9999932
24.257780 -0.0110415 -0.1559404 7.9471226 0.0019506 0.0019867 0.0017088 0.9999946
24.361780 -0.0111941 -0.1568538 7.9849076 0.0029731 0.0019119 0.0006053 0.9999936
24.569780 -0.0114243 -0.1588348 8.0601997 0.0040174 0.0012868 -0.0006683 0.9999909
24.673900 -0.0115762 -0.1595657 8.0982332 0.0025576 0.0007197 -0.0013659 0.9999955
24.777900 -0.0116943 -0.1604542 8.1359558 0.0010546 0.0002276 -0.0017335 0.9999979
24.882030 -0.0117781 -0.1612171 8.1735754 0.0016493 -0.0006230 -0.0017692 0.9999969
25.090170 -0.0122969 -0.1630366 8.2481012 0.0016851 -0.0022486 -0.0009797 0.9999956
25.194150 -0.0124839 -0.1638980 8.2859049 0.0013757 -0.0028396 -0.0001306 0.9999950
25.298280 -0.0128962 -0.1646877 8.3234663 0.0017678 -0.0029718 0.0000450 0.9999940
25.506530 -0.0137469 -0.1662075 8.3986950 0.0024716 -0.0030959 0.0003130 0.9999921
25.714650 -0.0145089 -0.1681717 8.4735870 0.0026755 -0.0030788 0.0007647 0.9999914
25.818650 -0.0148456 -0.1690130 8.5110998 0.0030332 -0.0031679 0.0007276 0.9999901
26.026980 -0.0157638 -0.1708143 8.5862913 0.0032719 -0.0030387 0.0011143 0.9999894
26.130900 -0.0162414 -0.1717581 8.6238184 0.0039337 -0.0029835 0.0018221 0.9999862
26.235050 -0.0164530 -0.1726821 8.6612978 0.0030350 -0.0031523 0.0025116 0.9999872
26.339150 -0.0167788 -0.1735598 8.6988773 0.0026044 -0.0031865 0.0034696 0.9999855
26.443290 -0.0172376 -0.1743329 8.7366343 0.0031441 -0.0030699 0.0038889 0.9999828
26.547800 -0.0176056 -0.1752728 8.7741737 0.0033556 -0.0030761 0.0031675 0.9999846
26.651410 -0.0179841 -0.1761671 8.8120155 0.0029211 -0.0027377 0.0024449 0.9999890
26.757930 -0.0182911 -0.1768624 8.8499928 0.0025947 -0.0026208 0.0019864 0.9999912
26.963660 -0.0188353 -0.1787365 8.9258823 0.0031600 -0.0022696 0.0014102 0.9999914
27.067820 -0.0190643 -0.1796087 8.9637718 0.0032015 -0.0023718 0.0013839 0.9999911
27.171920 -0.0193610 -0.1803583 9.0016441 0.0035037 -0.0021338 0.0008816 0.9999912
27.276060 -0.0197353 -0.1812096 9.0396299 0.0034989 -0.0019249 0.0001971 0.9999920
27.380140 -0.0200873 -0.1820390 9.0774555 0.0033044 -0.0016710 -0.0005588 0.9999930
27.484700 -0.0201981 -0.1829699 9.1154928 0.0036119 -0.0016523 -0.0011369 0.9999915
27.588410 -0.0202970 -0.1838569 9.1535854 0.0039551 -0.0016468 -0.0015803 0.9999896
27.692530 -0.0206098 -0.1848178 9.1914406 0.0039273 -0.0014274 -0.0017230 0.9999898
27.796540 -0.0207016 -0.1857129 9.2301140 0.0034709 -0.0013755 -0.0026433 0.9999895
27.900670 -0.0212599 -0.1863225 9.2685032 0.0036494 -0.0010214 -0.0032155 0.9999877
28.005230 -0.0213067 -0.1872419 9.3070335 0.0039806 -0.0010918 -0.0037066 0.9999846
28.108940 -0.0215545 -0.1881218 9.3457108 0.0037918 -0.0009439 -0.0036030 0.9999859
