0.208254 0.0000000 0.0000000 0.0000000 0.0000000 0.0000000 0.0000000 1.0000000
0.312504 0.0001663 -0.0004882 0.0346987 0.0005622 -0.0002834 0.0007768 0.9999995
0.416625 -0.0001345 -0.0009474 0.0688431 0.0006800 -0.0000081 0.0008616 0.9999994
0.520755 -0.0001493 -0.0016218 0.1034014 0.0001376 -0.0001200 0.0012170 0.9999992
0.625004 -0.0003368 -0.0022675 0.1378193 -0.0004984 0.0000510 0.0019156 0.9999980
0.729128 -0.0004948 -0.0028061 0.1723080 -0.0006596 -0.0000059 0.0015655 0.9999986
0.833252 -0.0006160 -0.0034683 0.2072981 0.0001434 -0.0002014 0.0011465 0.9999993
0.937506 -0.0010440 -0.0040312 0.2417351 0.0013041 -0.0000996 -0.0002769 0.9999991
1.041630 -0.0009731 -0.0046503 0.2772146 0.0018111 -0.0002799 -0.0019757 0.9999964
1.145875 -0.0011865 -0.0052625 0.3123547 0.0018683 -0.0002557 -0.0031054 0.9999934
1.250003 -0.0014515 -0.0059254 0.3474154 0.0014204 -0.0000873 -0.0036457 0.9999923
1.354255 -0.0016387 -0.0066505 0.3827392 0.0000130 0.0001652 -0.0022523 0.9999974
1.458401 -0.0016099 -0.0072291 0.4179703 -0.0008944 0.0001888 -0.0002262 0.9999995
1.562526 -0.0018550 -0.0078526 0.4534300 0.0002737 0.0001702 0.0009362 0.9999995
1.666754 -0.0020010 -0.0084510 0.4889812 0.0013486 0.0000993 0.0013371 0.9999982
1.771007 -0.0021094 -0.0091582 0.5245796 0.0021335 0.0003792 0.0001829 0.9999976
1.875129 -0.0021169 -0.0098377 0.5604991 0.0010673 0.0005455 -0.0011417 0.9999986
1.979377 -0.0024411 -0.0103634 0.5966079 -0.0006387 0.0009936 -0.0015808 0.9999980
2.083502 -0.0026851 -0.0108540 0.6325141 -0.0015933 0.0013589 -0.0004902 0.9999977
2.187759 -0.0027379 -0.0114163 0.6684007 -0.0007305 0.0011988 0.0017573 0.9999974
2.291881 -0.0025185 -0.0118999 0.7045287 0.0004872 0.0010399 0.0019599 0.9999974
2.396132 -0.0026355 -0.0124990 0.7404522 0.0017920 0.0013708 0.0019645 0.9999955
2.500257 -0.0028466 -0.0133610 0.7766556 0.0020001 0.0017355 0.0005178 0.9999964
2.604383 -0.0028394 -0.0140248 0.8126763 0.0031203 0.0019165 0.0002005 0.9999933
2.708628 -0.0028353 -0.0148024 0.8489324 0.0028749 0.0018798 -0.0003599 0.9999940
2.812757 -0.0031051 -0.0154974 0.8855234 0.0022637 0.0019322 -0.0004447 0.9999955
2.916881 -0.0030462 -0.0163074 0.9222192 0.0013934 0.0016411 -0.0008707 0.9999973
3.021006 -0.0031324 -0.0169741 0.9587851 0.0013180 0.0016776 -0.0024475 0.9999948
3.125256 -0.0031954 -0.0176101 0.9955181 0.0015658 0.0017263 -0.0035627 0.9999909
3.229379 -0.0033192 -0.0183697 1.0321077 0.0013094 0.0017247 -0.0046241 0.9999869
3.437629 -0.0036470 -0.0200034 1.1060098 0.0012582 0.0014261 -0.0046913 0.9999872
3.541754 -0.0036767 -0.0206601 1.1425712 0.0015610 0.0010648 -0.0043788 0.9999886
3.645880 -0.0035256 -0.0213934 1.1799923 0.0013998 0.0004495 -0.0038295 0.9999916
3.854131 -0.0041038 -0.0228200 1.2536721 0.0009470 -0.0003942 -0.0040476 0.9999913
3.958276 -0.0042603 -0.0236197 1.2910906 0.0006912 -0.0010294 -0.0044078 0.9999895
4.062383 -0.0047286 -0.0242261 1.3283906 0.0002237 -0.0014666 -0.0041380 0.9999903
4.166506 -0.0050386 -0.0247747 1.3658659 -0.0001841 -0.0017499 -0.0033091 0.9999930
4.270633 -0.0049803 -0.0255446 1.4037299 -0.0003304 -0.0022990 -0.0025616 0.9999940
4.374756 -0.0054353 -0.0261581 1.4410022 0.0000358 -0.0024239 -0.0012789 0.9999962
4.583132 -0.0058721 -0.0276507 1.5153906 -0.0005584 -0.0022736 -0.0001902 0.9999973
4.791384 -0.0063048 -0.0291338 1.5897255 -0.0007376 -0.0018306 0.0013047 0.9999972
4.895505 -0.0065246 -0.0297978 1.6269031 -0.0003209 -0.0014582 0.0023070 0.9999962
5.103758 -0.0067945 -0.0312666 1.7010804 0.0000423 -0.0008681 0.0010157 0.9999991
5.207869 -0.0069544 -0.0322318 1.7383409 -0.0007654 -0.0007111 -0.0005801 0.9999993
5.311998 -0.0074226 -0.0327475 1.7758647 -0.0012569 -0.0002297 -0.0023900 0.9999963
5.520244 -0.0079719 -0.0341023 1.8498443 -0.0013773 0.0003402 -0.0063258 0.9999790
5.624505 -0.0082977 -0.0346684 1.8870190 -0.0010216 0.0007013 -0.0080251 0.9999670
5.728633 -0.0084115 -0.0352243 1.9243144 -0.0009372 0.0009328 -0.0087801 0.9999606
5.936757 -0.0088614 -0.0366573 1.9973291 -0.0010334 0.0012865 -0.0083846 0.9999635
6.145012 -0.0087162 -0.0378976 2.0705178 -0.0004668 0.0009184 -0.0078432 0.9999687
6.249010 -0.0088160 -0.0386088 2.1070366 -0.0006096 0.0007349 -0.0077131 0.9999698
6.457260 -0.0091346 -0.0398916 2.1789303 -0.0005106 0.0001861 -0.0077322 0.9999700
6.561386 -0.0092788 -0.0405871 2.2154982 -0.0009456 -0.0004311 -0.0074549 0.9999717
6.769636 -0.0096644 -0.0418020 2.2870886 -0.0016870 -0.0014722 -0.0051867 0.9999840
6.873636 -0.0098079 -0.0423911 2.3228731 -0.0017197 -0.0018308 -0.0039892 0.9999889
7.081885 -0.0103449 -0.0436722 2.3941176 -0.0013081 -0.0022305 -0.0028662 0.9999925
7.394135 -0.0114825 -0.0457560 2.5009811 -0.0003598 -0.0020674 -0.0038778 0.9999903
7.498256 -0.0120051 -0.0464126 2.5365455 -0.0005492 -0.0019244 -0.0046035 0.9999874
7.602386 -0.0125089 -0.0471119 2.5721087 -0.0012735 -0.0016989 -0.0050409 0.9999850
7.810511 -0.0133986 -0.0484382 2.6426809 -0.0012803 -0.0014686 -0.0052243 0.9999844
8.018763 -0.0138487 -0.0498227 2.7129598 0.0003162 -0.0015892 -0.0047761 0.9999873
8.122760 -0.0140498 -0.0504623 2.7480886 -0.0001265 -0.0015498 -0.0037063 0.9999919
8.331011 -0.0142966 -0.0516622 2.8187315 -0.0014586 -0.0009744 -0.0013271 0.9999976
8.539282 -0.0146116 -0.0526196 2.8883443 0.0006327 -0.0000994 -0.0023963 0.9999969
8.747509 -0.0150322 -0.0540227 2.9584129 0.0015597 0.0011029 -0.0048870 0.9999862
8.955763 -0.0155830 -0.0552041 3.0287132 -0.0004402 0.0026405 -0.0056984 0.9999802
9.164012 -0.0151635 -0.0564660 3.0992019 -0.0004511 0.0033533 -0.0055406 0.9999789
9.372259 -0.0151840 -0.0578975 3.1696324 -0.0000929 0.0045510 -0.0075392 0.9999612
9.580513 -0.0151002 -0.0590656 3.2397804 0.0008759 0.0058083 -0.0086093 0.9999457
9.684640 -0.0147461 -0.0597017 3.2748570 0.0009824 0.0062302 -0.0082501 0.9999461
9.788784 -0.0144565 -0.0602783 3.3102314 0.0004940 0.0066082 -0.0079525 0.9999464
9.892888 -0.0140945 -0.0607591 3.3456566 0.0002466 0.0070305 -0.0073975 0.9999479
10.101140 -0.0133110 -0.0622859 3.4158394 -0.0003052 0.0071208 -0.0056316 0.9999588
10.309390 -0.0126161 -0.0633422 3.4865329 -0.0003371 0.0066565 -0.0040614 0.9999695
10.517510 -0.0119871 -0.0647822 3.5567706 -0.0008694 0.0054313 -0.0026121 0.9999815
10.725760 -0.0116396 -0.0659216 3.6273201 -0.0008856 0.0043054 -0.0018862 0.9999886
10.829890 -0.0115622 -0.0664908 3.6623621 -0.0006320 0.0038075 -0.0016423 0.9999912
11.038140 -0.0112732 -0.0676492 3.7330868 0.0008311 0.0028176 -0.0006148 0.9999955
11.246390 -0.0108439 -0.0690508 3.8033075 -0.0001792 0.0018066 0.0059582 0.9999806
11.454640 -0.0102720 -0.0703495 3.8737030 0.0007242 0.0003268 0.0110272 0.9999389
11.558780 -0.0104014 -0.0711003 3.9089346 0.0022651 0.0005282 0.0106585 0.9999405
11.663020 -0.0107795 -0.0720317 3.9441695 0.0031455 0.0011182 0.0091432 0.9999526
11.871260 -0.0105084 -0.0735364 4.0153618 0.0015555 0.0015561 0.0107246 0.9999401
11.975390 -0.0104128 -0.0742565 4.0507193 0.0002063 0.0018965 0.0133034 0.9999097
12.183770 -0.0098065 -0.0756893 4.1210842 -0.0006252 0.0018431 0.0162615 0.9998659
12.392020 -0.0098625 -0.0767737 4.1917887 -0.0002872 0.0028120 0.0128873 0.9999130
12.496260 -0.0099188 -0.0774951 4.2268991 0.0005641 0.0031649 0.0113647 0.9999303
12.704520 -0.0098616 -0.0786553 4.2983880 0.0003413 0.0038885 0.0089495 0.9999523
12.912790 -0.0098269 -0.0798417 4.3699818 0.0019761 0.0034368 0.0069605 0.9999679
13.121140 -0.0097689 -0.0814973 4.4398551 0.0039990 0.0032584 0.0023155 0.9999840
13.329390 -0.0098001 -0.0831497 4.5115294 0.0023049 0.0036670 -0.0011689 0.9999899
13.537640 -0.0095163 -0.0844264 4.5830708 0.0008630 0.0033410 -0.0002246 0.9999940
13.641770 -0.0092890 -0.0850867 4.6189747 0.0008190 0.0023509 0.0007724 0.9999966
13.745910 -0.0093243 -0.0857470 4.6549459 0.0030806 0.0014476 0.0009574 0.9999937
13.850020 -0.0095030 -0.0866821 4.6910992 0.0051472 0.0007421 0.0001316 0.9999865
14.058400 -0.0098124 -0.0886807 4.7642479 0.0048336 0.0001830 -0.0039677 0.9999804
14.162520 -0.0100781 -0.0895461 4.8010101 0.0032256 0.0003272 -0.0052294 0.9999810
14.266640 -0.0103096 -0.0903428 4.8379602 0.0022806 0.0004312 -0.0054867 0.9999822
14.474890 -0.0103310 -0.0917470 4.9113779 0.0014576 0.0003859 -0.0040823 0.9999905
14.683140 -0.0104843 -0.0930599 4.9852843 0.0012978 0.0005904 -0.0017942 0.9999974
14.891390 -0.0101882 -0.0945016 5.0596828 -0.0000289 0.0010271 0.0021101 0.9999973
14.995520 -0.0100499 -0.0952526 5.0968819 0.0000494 0.0011512 0.0034406 0.9999934
15.099640 -0.0102351 -0.0958743 5.1341400 0.0022027 0.0013233 0.0024733 0.9999936
15.203790 -0.0104124 -0.0967078 5.1717296 0.0046957 0.0014115 -0.0010683 0.9999874
15.412140 -0.0114323 -0.0985102 5.2467446 0.0029504 0.0029513 -0.0097821 0.9999434
15.516270 -0.0115002 -0.0991796 5.2847486 0.0019696 0.0032938 -0.0103336 0.9999393
15.620390 -0.0113582 -0.1000400 5.3224459 0.0015838 0.0030317 -0.0092240 0.9999516
15.724520 -0.0110753 -0.1008490 5.3603921 0.0015711 0.0022666 -0.0072795 0.9999697
15.932650 -0.0108967 -0.1024692 5.4363761 0.0021594 0.0014196 -0.0068642 0.9999731
16.036770 -0.0110196 -0.1031694 5.4746017 0.0020841 0.0014381 -0.0074133 0.9999693
16.140900 -0.0111439 -0.1041415 5.5124993 0.0013977 0.0014313 -0.0080260 0.9999658
16.245020 -0.0112042 -0.1048947 5.5507927 0.0017358 0.0012298 -0.0074470 0.9999700
16.349140 -0.0112892 -0.1055556 5.5890322 0.0024041 0.0010449 -0.0075279 0.9999682
16.453270 -0.0112108 -0.1065115 5.6274614 0.0023521 0.0007735 -0.0066734 0.9999747
16.557390 -0.0114285 -0.1073089 5.6660924 0.0024636 0.0006718 -0.0070645 0.9999718
16.661520 -0.0117094 -0.1081165 5.7044582 0.0025965 0.0006306 -0.0072582 0.9999701
16.869650 -0.0118598 -0.1098473 5.7820220 0.0027800 0.0000781 -0.0074507 0.9999683
17.077890 -0.0124599 -0.1115768 5.8592825 0.0026750 -0.0001047 -0.0074872 0.9999684
17.286140 -0.0125637 -0.1133421 5.9372582 0.0028425 -0.0002776 -0.0062679 0.9999763
17.390270 -0.0126722 -0.1142289 5.9763722 0.0026757 -0.0001990 -0.0059438 0.9999787
17.598420 -0.0132610 -0.1162454 6.0548420 0.0020871 -0.0001670 -0.0053142 0.9999837
17.702520 -0.0134977 -0.1170463 6.0940895 0.0022843 -0.0002370 -0.0056213 0.9999816
17.806640 -0.0134820 -0.1179287 6.1338735 0.0025701 -0.0003055 -0.0057413 0.9999802
17.910650 -0.0136261 -0.1187611 6.1731405 0.0022426 -0.0000301 -0.0063041 0.9999776
18.014770 -0.0137777 -0.1195753 6.2119598 0.0012111 0.0003513 -0.0065967 0.9999775
18.118900 -0.0140234 -0.1203173 6.2515025 0.0010028 0.0007103 -0.0065175 0.9999780
18.223020 -0.0140168 -0.1209210 6.2910018 0.0019686 0.0009008 -0.0063532 0.9999775
18.327020 -0.0141124 -0.1218095 6.3300619 0.0025061 0.0011862 -0.0063709 0.9999759
18.431150 -0.0141262 -0.1226867 6.3698850 0.0022399 0.0011810 -0.0068567 0.9999733
18.535360 -0.0141972 -0.1235968 6.4094172 0.0016417 0.0012130 -0.0069890 0.9999735
18.743480 -0.0145073 -0.1250217 6.4885421 0.0016119 0.0009833 -0.0074194 0.9999707
18.847540 -0.0146869 -0.1257199 6.5281610 0.0016130 0.0010739 -0.0079648 0.9999664
18.951650 -0.0149053 -0.1263753 6.5672812 0.0016607 0.0013035 -0.0083477 0.9999629
19.055650 -0.0150238 -0.1272696 6.6068115 0.0013837 0.0012494 -0.0082836 0.9999639
19.159650 -0.0148849 -0.1280258 6.6467571 0.0013642 0.0010370 -0.0076744 0.9999691
19.367870 -0.0148071 -0.1294457 6.7262301 0.0005935 0.0009649 -0.0054611 0.9999844
19.471780 -0.0145627 -0.1302251 6.7658558 0.0009218 0.0005914 -0.0046134 0.9999887
19.575900 -0.0146769 -0.1308872 6.8051114 0.0015162 0.0005672 -0.0041365 0.9999901
19.679910 -0.0145864 -0.1315608 6.8448648 0.0007471 0.0007267 -0.0033759 0.9999937
19.784020 -0.0149954 -0.1324404 6.8842721 -0.0003492 0.0012690 -0.0021727 0.9999968
19.888070 -0.0152515 -0.1329456 6.9238286 0.0001964 0.0014883 -0.0017755 0.9999973
19.992130 -0.0151686 -0.1335950 6.9630423 0.0007910 0.0016576 -0.0017226 0.9999968
20.096150 -0.0149944 -0.1342713 7.0031919 0.0009331 0.0017963 -0.0019503 0.9999961
20.200150 -0.0150989 -0.1351903 7.0427990 0.0007589 0.0023112 -0.0028343 0.9999930
20.304270 -0.0152072 -0.1357574 7.0824723 0.0012200 0.0028096 -0.0040912 0.9999869
20.408270 -0.0152035 -0.1366050 7.1218338 0.0012488 0.0033713 -0.0046946 0.9999825
20.512310 -0.0150090 -0.1373780 7.1614833 0.0013448 0.0036536 -0.0049184 0.9999803
20.616400 -0.0149253 -0.1382428 7.2008662 0.0016534 0.0040308 -0.0050096 0.9999779
20.720420 -0.0147765 -0.1390937 7.2401023 0.0019485 0.0045124 -0.0047089 0.9999768
20.824520 -0.0144495 -0.1397570 7.2800045 0.0019128 0.0048512 -0.0042839 0.9999772
20.928690 -0.0142053 -0.1405841 7.3193264 0.0013584 0.0052031 -0.0039354 0.9999778
21.032780 -0.0137811 -0.1415032 7.3587670 0.0012318 0.0052987 -0.0032828 0.9999798
21.136780 -0.0134861 -0.1424213 7.3980594 0.0023563 0.0051907 -0.0030114 0.9999792
21.240880 -0.0132680 -0.1432183 7.4375052 0.0034197 0.0052856 -0.0025218 0.9999770
21.344920 -0.0127915 -0.1441052 7.4769173 0.0034953 0.0046706 -0.0027067 0.9999793
21.448900 -0.0124728 -0.1450491 7.5162239 0.0034029 0.0041882 -0.0019022 0.9999836
21.552900 -0.0124196 -0.1459523 7.5559077 0.0036840 0.0038782 -0.0016349 0.9999844
21.657020 -0.0122662 -0.1468197 7.5957890 0.0039625 0.0034786 -0.0018602 0.9999844
21.761020 -0.0120433 -0.1478205 7.6353445 0.0038078 0.0032306 -0.0014780 0.9999864
21.865030 -0.0118795 -0.1484998 7.6754475 0.0039061 0.0026162 -0.0015131 0.9999878
22.073170 -0.0115005 -0.1503009 7.7548103 0.0027573 0.0016164 -0.0023880 0.9999920
22.177150 -0.0115109 -0.1511795 7.7946925 0.0025622 0.0019725 -0.0022702 0.9999922
22.385270 -0.0105923 -0.1530322 7.8741865 0.0027634 0.0022619 -0.0018797 0.9999918
22.489270 -0.0105637 -0.1536390 7.9145637 0.0034964 0.0023110 -0.0005833 0.9999911
22.697420 -0.0101501 -0.1557530 7.9954233 0.0049245 0.0022758 0.0003201 0.9999852
22.801400 -0.0099545 -0.1568244 8.0361376 0.0054092 0.0010556 0.0002629 0.9999848
22.905400 -0.0099290 -0.1578750 8.0766182 0.0049853 -0.0000868 -0.0000992 0.9999875
23.009400 -0.0101833 -0.1590057 8.1174250 0.0032418 -0.0002202 -0.0005278 0.9999946
23.113490 -0.0102985 -0.1598492 8.1582079 0.0017789 0.0000556 0.0002529 0.9999984
23.217420 -0.0102908 -0.1606601 8.1991634 0.0014222 -0.0000161 0.0006576 0.9999987
23.321400 -0.0103914 -0.1612917 8.2395973 0.0021742 0.0001915 0.0011926 0.9999969
23.425400 -0.0104945 -0.1622652 8.2802620 0.0021106 0.0003388 0.0017114 0.9999962
23.529550 -0.0106884 -0.1631384 8.3211145 0.0018981 0.0004880 0.0018389 0.9999964
23.633550 -0.0107660 -0.1640032 8.3613968 0.0019729 0.0007206 0.0017622 0.9999962
23.737530 -0.0112435 -0.1648531 8.4019690 0.0024880 0.0011930 0.0009910 0.9999957
23.841660 -0.0113239 -0.1657629 8.4423685 0.0028396 0.0015271 0.0003663 0.9999948
23.945650 -0.0113039 -0.1667442 8.4831104 0.0017721 0.0019072 0.0011951 0.9999959
24.049650 -0.0111583 -0.1676384 8.5239058 0.0013423 0.0018478 0.0018556 0.9999956
24.257780 -0.0110837 -0.1694188 8.6050625 0.0019541 0.0018033 0.0015265 0.9999953
24.361780 -0.0112704 -0.1705051 8.6454201 0.0029557 0.0017537 0.0004246 0.9999940
24.465780 -0.0113014 -0.1714839 8.6860800 0.0044630 0.0012838 -0.0003677 0.9999892
24.569780 -0.0114384 -0.1725827 8.7261839 0.0040643 0.0010456 -0.0008750 0.9999908
24.673900 -0.0115418 -0.1733951 8.7667847 0.0024308 0.0004110 -0.0013536 0.9999961
24.777900 -0.0117956 -0.1742655 8.8071203 0.0010704 -0.0000589 -0.0018615 0.9999977
24.882030 -0.0119601 -0.1750930 8.8474712 0.0016716 -0.0008751 -0.0018400 0.9999965
25.090170 -0.0124538 -0.1769159 8.9272747 0.0017701 -0.0026521 -0.0009849 0.9999944
25.194150 -0.0127794 -0.1777423 8.9675217 0.0015720 -0.0031017 -0.0002606 0.9999939
25.298280 -0.0132837 -0.1786300 9.0077877 0.0020182 -0.0032862 -0.0002862 0.9999925
25.402400 -0.0136343 -0.1796350 9.0479841 0.0023571 -0.0034614 0.0000907 0.9999912
25.506530 -0.0139489 -0.1805104 9.0882978 0.0024655 -0.0036298 0.0002175 0.9999903
25.610540 -0.0144469 -0.1814736 9.1283045 0.0025004 -0.0036012 0.0005518 0.9999902
25.714650 -0.0149246 -0.1824651 9.1682806 0.0027464 -0.0035365 0.0006361 0.9999897
25.818650 -0.0154343 -0.1833083 9.2080898 0.0031183 -0.0035296 0.0006857 0.9999887
25.922780 -0.0159132 -0.1842037 9.2482195 0.0031101 -0.0034442 0.0010498 0.9999887
26.026980 -0.0163494 -0.1851781 9.2881384 0.0034296 -0.0034402 0.0009482 0.9999877
26.130900 -0.0166513 -0.1862282 9.3281469 0.0040771 -0.0035705 0.0019001 0.9999835
26.235050 -0.0169783 -0.1871067 9.3679609 0.0032756 -0.0036699 0.0025703 0.9999846
26.339150 -0.0173659 -0.1880633 9.4078465 0.0028695 -0.0036754 0.0032205 0.9999840
26.547800 -0.0184578 -0.1900969 9.4879093 0.0035310 -0.0034168 0.0025752 0.9999846
26.651410 -0.0188871 -0.1911155 9.5279436 0.0030749 -0.0032051 0.0017790 0.9999886
26.757930 -0.0194302 -0.1918086 9.5679350 0.0027707 -0.0028564 0.0011378 0.9999914
26.963660 -0.0202720 -0.1936137 9.6488514 0.0034893 -0.0023185 0.0005119 0.9999911
27.067820 -0.0201677 -0.1945626 9.6893559 0.0036178 -0.0027559 0.0003907 0.9999896
27.276060 -0.0212560 -0.1963915 9.7704630 0.0038491 -0.0021626 -0.0008859 0.9999899
27.380140 -0.0216266 -0.1973914 9.8110943 0.0036089 -0.0021449 -0.0018130 0.9999896
27.484700 -0.0218815 -0.1983640 9.8515902 0.0040145 -0.0019390 -0.0022451 0.9999875
27.588410 -0.0219861 -0.1994940 9.8921013 0.0041950 -0.0020158 -0.0027802 0.9999853
27.692530 -0.0225905 -0.2003383 9.9320126 0.0044064 -0.0016064 -0.0033376 0.9999834
27.796540 -0.0227658 -0.2012340 9.9725084 0.0039278 -0.0014846 -0.0039908 0.9999832
27.900670 -0.0233178 -0.2021037 10.0129919 0.0039368 -0.0010745 -0.0046009 0.9999811
28.005230 -0.0233619 -0.2030809 10.0535135 0.0043770 -0.0012072 -0.0051547 0.9999764
28.108940 -0.0237125 -0.2040976 10.0940599 0.0041866 -0.0009642 -0.0053340 0.9999765
