1.000000000000000000e+00 0.000000000000000000e+00 0.000000000000000000e+00 0.000000000000000000e+00 0.000000000000000000e+00 1.000000000000000000e+00 0.000000000000000000e+00 0.000000000000000000e+00 0.000000000000000000e+00 0.000000000000000000e+00 1.000000000000000000e+00 0.000000000000000000e+00
9.999988642155164253e-01 -1.416892047420136068e-03 -5.137943198416492939e-04 1.660999999999999987e-04 1.416306844236465230e-03 9.999983500101203848e-01 -1.137564046348799995e-03 -5.278000000000000356e-04 5.154052775369241364e-04 1.136835063909485445e-03 9.999992209814152488e-01 3.650450000000000222e-02
9.999984931560457202e-01 -1.735784599731151874e-03 2.715623757445487560e-05 -2.214999999999999901e-04 1.735813466889509155e-03 9.999978865176802900e-01 -1.101776647414497504e-03 -1.157999999999999958e-03 -2.524373324330138514e-05 1.101822125371909166e-03 9.999993926751945539e-01 7.220260000000000566e-02
9.999972414586553171e-01 -2.330418267257461287e-03 -2.936422640449946279e-04 -1.509000000000000087e-04 2.330378545496819293e-03 9.999972754783559292e-01 -1.355422433102406593e-04 -1.792100000000000030e-03 2.939573341300858681e-04 1.348575717791769568e-04 9.999999477012591065e-01 1.084645000000000054e-01
9.999928583682150540e-01 -3.778553044266706219e-03 -7.582518497336553618e-05 -2.626999999999999886e-04 3.778632157862108452e-03 9.999922864994683636e-01 1.071858470568183780e-03 -2.433299999999999786e-03 7.177452600877244897e-05 -1.072137331231977743e-03 9.999994226848135659e-01 1.446922999999999959e-01
9.999957950109507054e-01 -2.898950576794464152e-03 -7.775583565736687559e-05 -5.016000000000000493e-04 2.899042643206491219e-03 9.999950641538752905e-01 1.211288421412507789e-03 -2.940599999999999811e-03 7.424398659860852883e-05 -1.211508745441289021e-03 9.999992633669237962e-01 1.807438000000000100e-01
9.999977023213880711e-01 -2.088092458448184523e-03 -4.849967315069591894e-04 -6.013999999999999815e-04 2.087905094045577892e-03 9.999977456299686818e-01 -3.865065313768275787e-04 -3.631000000000000113e-03 4.858026995181712743e-04 3.854930161627282098e-04 9.999998076954174087e-01 2.173123000000000138e-01
9.999997148737052033e-01 6.618949029900000501e-04 -3.635211763689364956e-04 -9.921000000000000998e-04 -6.629038013530838850e-04 9.999959097377409956e-01 -2.782277185672864771e-03 -4.186999999999999750e-03 3.616781143840862300e-04 2.782517371942167146e-03 9.999960633852597036e-01 2.534661000000000275e-01
9.999911477746042943e-01 4.155796158893718291e-03 -6.585823527433267398e-04 -9.851000000000000381e-04 -4.158171788199925036e-03 9.999847013444961297e-01 -3.647832827704135424e-03 -4.859900000000000331e-03 6.434126276651317821e-04 3.650539034825122341e-03 9.999931297688728904e-01 2.904611999999999750e-01
9.999798604220028198e-01 6.313774220815585730e-03 -6.442091899228082454e-04 -1.183199999999999920e-03 -6.316140282248097759e-03 9.999730613496944365e-01 -3.739377870079142741e-03 -5.520200000000000280e-03 6.205822481987233489e-04 3.743371476201532745e-03 9.999928009979194288e-01 3.272310999999999970e-01
9.999739394531712566e-01 7.209651264640211735e-03 -3.759563109728985175e-04 -1.437799999999999929e-03 -7.210642568176724165e-03 9.999703425793959877e-01 -2.705659882476098288e-03 -6.285800000000000241e-03 3.564382968850751091e-04 2.708300258079703732e-03 9.999962690237662599e-01 3.640340000000000242e-01
9.999897068112588716e-01 4.532182329981525662e-03 2.135295305264111405e-04 -1.719999999999999958e-03 -4.532194579142169791e-03 9.999897279336599221e-01 5.691626801239840240e-05 -7.001799999999999864e-03 -2.132693822327337530e-04 -5.788343954324788295e-05 9.999999755828387071e-01 4.008122000000000074e-01
9.999997359855253842e-01 7.078639634328575628e-04 1.641873588090197599e-04 -1.595000000000000064e-03 -7.081354412673168848e-04 9.999983725638531551e-01 1.659341387973688707e-03 -7.520999999999999908e-03 -1.630125036329979670e-04 -1.659457216771324881e-03 9.999986098133684109e-01 4.377027000000000001e-01
9.999981305043672553e-01 -1.925957526100163493e-03 1.722654294770982583e-04 -1.860300000000000061e-03 1.926040574220731034e-03 9.999980284242065975e-01 -4.832343182019641558e-04 -8.223100000000000548e-03 -1.713344010707365007e-04 4.835652050042251121e-04 9.999998684045990904e-01 4.746960000000000068e-01
9.999953261018341699e-01 -3.057149262520428897e-03 4.016059054800180471e-05 -2.017199999999999809e-03 3.057238813795942842e-03 9.999923004724456943e-01 -2.460139561329911014e-03 -8.889299999999999286e-03 -3.263926748481121403e-05 2.460250843404336151e-03 9.999969730456516048e-01 5.118599000000000343e-01
9.999995865179504007e-01 -7.553548283156492167e-04 5.063625297720434010e-04 -2.028900000000000148e-03 7.574418736859650199e-04 9.999911672967806142e-01 -4.134200071367151105e-03 -9.636300000000000421e-03 -5.032352692369664775e-04 4.134581902132946490e-03 9.999913259557595691e-01 5.492063999999999835e-01
9.999973533600916564e-01 1.958375902799239492e-03 1.207491878013406544e-03 -2.190500000000000173e-03 -1.956019508009811548e-03 9.999961865530760941e-01 -1.949581234475858361e-03 -1.035819999999999970e-02 -1.211305286217365541e-03 1.947214196967201076e-03 9.999973705447303685e-01 5.867476000000000358e-01
9.999950403588261372e-01 2.637798850494416439e-03 1.720835545341098654e-03 -2.380600000000000077e-03 -2.640193417578382343e-03 9.999955476148438827e-01 1.390729738765938235e-03 -1.087639999999999961e-02 -1.717159418212195129e-03 -1.395266179925008744e-03 9.999975522949141604e-01 6.244709000000000509e-01
9.999973605613423633e-01 4.495758236996528828e-04 2.253164869113556939e-03 -2.500300000000000005e-03 -4.572222712128437084e-04 9.999941348807052099e-01 3.394282248817392673e-03 -1.139569999999999993e-02 -2.251625666794928021e-03 -3.395303486976483567e-03 9.999917010136073481e-01 6.620635999999999743e-01
9.999912081859904101e-01 -3.628652496411271904e-03 2.101530819069180427e-03 -2.738200000000000096e-03 3.625329227995681414e-03 9.999921754993316148e-01 1.583012350718846287e-03 -1.191150000000000021e-02 -2.107258577358168093e-03 -1.575379692066778466e-03 9.999965388140670264e-01 6.992796000000000012e-01
9.999881234906281557e-01 -4.595124438354999778e-03 1.624102548610653314e-03 -2.377900000000000066e-03 4.596047811537267748e-03 9.999892783500259341e-01 -5.652694123045379215e-04 -1.255730000000000041e-02 -1.621487652260870113e-03 5.727271518413191206e-04 9.999985213796084293e-01 7.372581000000000273e-01
9.999870578733709436e-01 -4.508483325561066582e-03 2.357469801019411015e-03 -2.495900000000000115e-03 4.516274985410021620e-03 9.999843225217439624e-01 -3.310282614068715476e-03 -1.308969999999999925e-02 -2.342508487869442418e-03 3.320886753863149313e-03 9.999917421484800784e-01 7.748249000000000386e-01
9.999943195534226614e-01 -1.609068322752356048e-03 2.961715722315949421e-03 -2.629300000000000213e-03 1.620521063508177650e-03 9.999912038898602917e-01 -3.868598504694642417e-03 -1.390420000000000024e-02 -2.955464831430902085e-03 3.873376052039644284e-03 9.999881310223585063e-01 8.127263000000000126e-01
9.999934472234012217e-01 -9.661087161112132159e-04 3.488860015437366974e-03 -2.772600000000000064e-03 9.866796024840709511e-04 9.999821124206957901e-01 -5.899262835727148678e-03 -1.472840000000000087e-02 -3.483098278932932317e-03 5.902666566188842327e-03 9.999765130010743741e-01 8.504133000000000386e-01
9.999948450770327346e-01 7.544698589212834791e-05 3.210004223307941391e-03 -2.634099999999999896e-03 -5.815235499158963301e-05 9.999854857299862454e-01 -5.387480641911006167e-03 -1.554099999999999926e-02 -3.210364101615883516e-03 5.387266200558190644e-03 9.999803352692588909e-01 8.884115999999999680e-01
9.999942016091583064e-01 2.733135328036497415e-04 3.394414201999087707e-03 -2.901499999999999999e-03 -2.586844769417048447e-04 9.999906808809508885e-01 -4.309435414712193754e-03 -1.621039999999999981e-02 -3.395560396066621932e-03 4.308532344658983979e-03 9.999849532461133617e-01 9.266394000000000020e-01
9.999954377033125619e-01 1.114012727935627736e-03 2.807765695751156601e-03 -2.819299999999999844e-03 -1.106782970360199476e-03 9.999960717971925206e-01 -2.575154682858160713e-03 -1.707320000000000018e-02 -2.810623421371174872e-03 2.572035346981662880e-03 9.999927424887428140e-01 9.649543999999999899e-01
9.999731541732918005e-01 6.592316140413416979e-03 3.198796746086830182e-03 -3.172900000000000199e-03 -6.583181753826577130e-03 9.999742471729375914e-01 -2.857745424766478144e-03 -1.846980000000000149e-02 -3.217553529316301026e-03 2.836610445854989906e-03 9.999908004529164396e-01 1.041487100000000110e+00
9.999564915201690773e-01 8.749932259090993647e-03 3.233226273428388073e-03 -3.306299999999999864e-03 -8.742265685755520876e-03 9.999589586882899894e-01 -2.377757285851494692e-03 -1.922700000000000103e-02 -3.253898792760831667e-03 2.349388110142104635e-03 9.999919462266455561e-01 1.079931299999999927e+00
9.999486612980507116e-01 9.765909392879518550e-03 2.702180964757975538e-03 -3.327500000000000163e-03 -9.759023539057462213e-03 9.999491286548142233e-01 -2.549816080021151052e-03 -1.992359999999999964e-02 -2.726944773983356381e-03 2.523314528131527686e-03 9.999930983041791510e-01 1.118672700000000075e+00
9.999602382493205655e-01 8.632075647585717160e-03 2.238122064704143460e-03 -3.314999999999999804e-03 -8.626941665108311258e-03 9.999601571300993363e-01 -2.293475496698707018e-03 -2.082250000000000073e-02 -2.257830345481284806e-03 2.274076155606223094e-03 9.999948653767026796e-01 1.157244200000000056e+00
9.999647797479903621e-01 8.237999578648153021e-03 1.604564269638678736e-03 -3.528599999999999792e-03 -8.233438985492079476e-03 9.999621045215926207e-01 -2.828427693905091484e-03 -2.159070000000000086e-02 -1.627804050058672108e-03 2.815116993956550632e-03 9.999947126711645762e-01 1.196005599999999891e+00
9.999727931563567873e-01 7.355898088569410957e-03 5.510992510664212236e-04 -3.467500000000000096e-03 -7.354388437590322382e-03 9.999693297764048472e-01 -2.693042375597189293e-03 -2.224260000000000126e-02 -5.708920939922597576e-04 2.688916108454344860e-03 9.999962218990523510e-01 1.234919799999999901e+00
9.999599641663269312e-01 8.619169451363284731e-03 -2.404159405480125935e-03 -4.222300000000000011e-03 -8.623053395291556747e-03 9.999615249264230954e-01 -1.609849981983111581e-03 -2.442830000000000001e-02 2.390191335484122531e-03 1.630516725221241824e-03 9.999958141915338272e-01 1.351456900000000072e+00
9.999704474932563647e-01 6.494630180964026250e-03 -4.113869097225456885e-03 -4.794500000000000151e-03 -6.492474429349666745e-03 9.999787793930086099e-01 5.371586848938814454e-04 -2.597460000000000047e-02 4.117270445433010052e-03 -5.104336205887956539e-04 9.999913937337651104e-01 1.429735900000000060e+00
9.999748188909585167e-01 5.139745155333871017e-03 -4.893322361423383705e-03 -4.903399999999999599e-03 -5.136989383126326462e-03 9.999866399391529326e-01 5.755721330635732869e-04 -2.665700000000000014e-02 4.896215280421349104e-03 -5.504206945000829094e-04 9.999878619828276305e-01 1.469177500000000025e+00
9.999858101621325046e-01 1.387249132140163949e-03 -5.143443810215288237e-03 -5.592699999999999928e-03 -1.384741015145718544e-03 9.999989206250706752e-01 4.911629204517590401e-04 -2.821610000000000090e-02 5.144119623846124881e-03 -4.840336133264487974e-04 9.999866517832909363e-01 1.546906200000000009e+00
9.999890880543294003e-01 -9.096970395825837398e-04 -4.582163633803113499e-03 -5.884300000000000294e-03 9.174973313731759434e-04 9.999981332441040260e-01 1.700501971249839981e-03 -2.961499999999999896e-02 4.580608138413083848e-03 -1.704687538370646327e-03 9.999880559634094501e-01 1.625793899999999903e+00
9.999828958589520589e-01 -4.615526834481201157e-03 -3.592339291380867734e-03 -6.353000000000000140e-03 4.617634033622204648e-03 9.999891713333476373e-01 5.785084063988238118e-04 -3.111310000000000117e-02 3.589630270062472723e-03 -5.950866196816418166e-04 9.999933801913086784e-01 1.704078399999999993e+00
9.999959023810527370e-01 -1.843446653472522075e-03 -2.190188471281031158e-03 -6.870199999999999918e-03 1.842949432703197034e-03 9.999982755424863257e-01 -2.290184315112002748e-04 -3.257619999999999960e-02 2.190606877655218356e-03 2.249810864802755702e-04 9.999975753095695641e-01 1.782128200000000051e+00
9.999852673652405155e-01 5.380669100422179503e-03 -7.165559992437065635e-04 -7.682099999999999866e-03 -5.378883664065923879e-03 9.999824813873343654e-01 2.470734497662691910e-03 -3.432389999999999747e-02 7.298376509436232213e-04 -2.466843825875029636e-03 9.999966910037962897e-01 1.859911899999999951e+00
9.999118531521228315e-01 1.326814539568077142e-02 4.921825338085128801e-04 -8.662299999999999514e-03 -1.326925166701889772e-02 9.999092751572737914e-01 2.316983956048338910e-03 -3.541489999999999916e-02 -4.613958006172315515e-04 -2.323310615123247349e-03 9.999971946669153899e-01 1.938433899999999932e+00
9.998293448874346900e-01 1.839762712968108505e-02 1.675833512147528433e-03 -8.948700000000000404e-03 -1.840038970378224392e-02 9.998293399011347615e-01 1.648251076154988665e-03 -3.689400000000000318e-02 -1.645223605519468462e-03 -1.678805783384224254e-03 9.999972374213988990e-01 2.015857700000000197e+00
9.998438518637744465e-01 1.753688273014481977e-02 2.174772245500778290e-03 -9.249800000000000730e-03 -1.754093318376291274e-02 9.998444203952995268e-01 1.857597219655169381e-03 -3.840480000000000282e-02 -2.141857430693573736e-03 -1.895454693959693505e-03 9.999959098407601443e-01 2.092488799999999927e+00
9.998599292168933728e-01 1.658569752609677372e-02 2.244233490913694670e-03 -9.478900000000000173e-03 -1.658793844554837249e-02 9.998619268626977030e-01 9.836201197969917081e-04 -3.919260000000000105e-02 -2.227609596767229135e-03 -1.020709550361246663e-03 9.999969979492429051e-01 2.130453099999999989e+00
9.998646843928554739e-01 1.637436685750736851e-02 1.578928114678318983e-03 -9.277499999999999289e-03 -1.637532447915382786e-02 9.998657380556266183e-01 5.954919643290185150e-04 -3.967110000000000081e-02 -1.568965320834995363e-03 -6.212668451794316335e-04 9.999985761866508893e-01 2.168486399999999925e+00
9.998656472204423551e-01 1.637791506445059747e-02 6.718679837664965791e-04 -9.130599999999999133e-03 -1.637818370792579192e-02 9.998657900117997599e-01 3.963111264536599287e-04 -4.116190000000000127e-02 -6.652870624041683960e-04 -4.072618582178525945e-04 9.999996957654053720e-01 2.244079600000000063e+00
9.998729076831367468e-01 1.594078781557189614e-02 -2.444689928467084030e-04 -9.171099999999999738e-03 -1.594059530467012778e-02 9.998726440177216901e-01 7.701729306580769275e-04 -4.179900000000000282e-02 2.567150215269054458e-04 -7.661780663164246370e-04 9.999996735342309151e-01 2.282110900000000164e+00
9.999061838281906311e-01 1.349798465251825230e-02 -2.329796657409415831e-03 -9.670200000000000323e-03 -1.349216086092074399e-02 9.999058574283664624e-01 2.497573972111103748e-03 -4.318090000000000123e-02 2.363289539504788688e-03 -2.465905668007226798e-03 9.999941670688828887e-01 2.357807900000000068e+00
9.999485670555285921e-01 9.044546283917041449e-03 -4.589055034884484061e-03 -1.000009999999999961e-02 -9.029998619431796672e-03 9.999541692692135442e-01 3.180956782175259432e-03 -4.448520000000000252e-02 4.617615025982140312e-03 -3.139354015572211939e-03 9.999844109224087507e-01 2.433724600000000127e+00
9.999601518134916267e-01 7.386098613300608878e-03 -5.014013603239410137e-03 -1.036179999999999914e-02 -7.370937584897405831e-03 9.999682269865133311e-01 3.035505982301371728e-03 -4.535850000000000298e-02 5.036274839444114353e-03 -2.998427041573537271e-03 9.999828225379764346e-01 2.470859100000000197e+00
9.999651984212974964e-01 6.476384710703786581e-03 -5.259124198399322582e-03 -1.059009999999999986e-02 -6.464294702756288695e-03 9.999764320703149467e-01 2.312617114571953372e-03 -4.579670000000000268e-02 5.273977649852536372e-03 -2.278540103148581162e-03 9.999834965711920098e-01 2.508513900000000074e+00
9.999588258758350667e-01 7.319825988525104077e-03 -5.363459752716597494e-03 -1.139319999999999916e-02 -7.314421218344987694e-03 9.999727222686897177e-01 1.026625923353438824e-03 -4.711440000000000072e-02 5.370828172816825320e-03 -9.873530491111899999e-04 9.999850895581865462e-01 2.583248600000000117e+00
9.999541266924925065e-01 8.052198563151900107e-03 -5.187158080702968486e-03 -1.180269999999999930e-02 -8.050416797851792788e-03 9.999675285161445659e-01 3.642838102087063001e-04 -4.783219999999999833e-02 5.189922931556237122e-03 -3.225083147594567760e-04 9.999864802527839158e-01 2.620417100000000055e+00
9.999377361478901660e-01 1.026875558774959125e-02 -4.367663690274820737e-03 -1.279049999999999979e-02 -1.025931401819336376e-02 9.999449984941565228e-01 2.178637738919352983e-03 -4.932070000000000204e-02 4.389795360650048175e-03 -2.133692855216985738e-03 9.999880884548031368e-01 2.694655200000000139e+00
9.999248573418331176e-01 1.146410760880777965e-02 -4.342108548664251957e-03 -1.322530000000000060e-02 -1.144902817419633789e-02 9.999283954394765361e-01 3.481917244885127972e-03 -4.996899999999999953e-02 4.381714707870206990e-03 -3.431942681258754596e-03 9.999845110528718939e-01 2.732016600000000128e+00
9.999325416019123614e-01 1.081790009989536290e-02 -4.229099545833558092e-03 -1.367999999999999945e-02 -1.080972445573921518e-02 9.999396693422905047e-01 1.951290040398811739e-03 -5.063879999999999770e-02 4.249953262199394032e-03 -1.905443008712129479e-03 9.999891535332818826e-01 2.768730600000000042e+00
9.999332335136825733e-01 1.078991808696227322e-02 -4.135962106662672590e-03 -1.395990000000000078e-02 -1.079132123442498592e-02 9.999417217222180687e-01 -3.170886654332931952e-04 -5.138840000000000074e-02 4.132299709187795163e-03 3.616999902436571950e-04 9.999913965991059639e-01 2.805671499999999874e+00
9.999392464618391818e-01 1.013377093256847411e-02 -4.337057990768899279e-03 -1.415059999999999929e-02 -1.013951650719018688e-02 9.999477424446538976e-01 -1.304831345599137635e-03 -5.215360000000000135e-02 4.323608484758970430e-03 1.348727743568231812e-03 9.999897436189754130e-01 2.842714799999999986e+00
9.999784528842303732e-01 5.434106818348953018e-03 -3.682967600683687351e-03 -1.462199999999999958e-02 -5.427029163215899878e-03 9.999834130128829601e-01 1.929003257484640911e-03 -5.359799999999999981e-02 3.693388921101657327e-03 -1.908974120452042568e-03 9.999913573106943288e-01 2.916475500000000221e+00
9.999878544481680676e-01 3.763110720281493803e-03 -3.182758843576695851e-03 -1.465520000000000017e-02 -3.755260791476213843e-03 9.999899015156503701e-01 2.468781705220226587e-03 -5.419240000000000168e-02 3.192017001437274463e-03 -2.456799631010056668e-03 9.999918875486119019e-01 2.953348899999999944e+00
9.999927499781104956e-01 3.193905335452546738e-03 -2.073393335660765439e-03 -1.497019999999999948e-02 -3.192082416205357671e-03 9.999945164066187386e-01 8.819107329863918156e-04 -5.470180000000000181e-02 2.076198705410271447e-03 -8.752858967056329842e-04 9.999974616335457478e-01 2.990028099999999966e+00
9.999861953901409972e-01 5.059089787330306974e-03 -1.419380031744997290e-03 -1.525890000000000059e-02 -5.060872782954524245e-03 9.999864056608402940e-01 -1.255412357830376895e-03 -5.549250000000000016e-02 1.413009492373061386e-03 1.262578329123892080e-03 9.999982046484570120e-01 3.026648999999999923e+00
9.999746520445397246e-01 7.088427014739893776e-03 -6.704258783763395379e-04 -1.526959999999999949e-02 -7.090661623996103759e-03 9.999691091726724546e-01 -3.391639448083155761e-03 -5.616689999999999877e-02 6.463637796782446604e-04 3.396307240005025721e-03 9.999940236376394509e-01 3.063277699999999992e+00
9.999455368832645963e-01 1.039860355596560447e-02 8.901187143266614792e-04 -1.570080000000000087e-02 -1.039548275991888059e-02 9.999400426306823686e-01 -3.441668481627903082e-03 -5.690769999999999856e-02 -9.258538912616806962e-04 3.432227823886559604e-03 9.999936812834053779e-01 3.099647500000000111e+00
9.999317042193567318e-01 1.145833171540792776e-02 2.300767539860620620e-03 -1.602529999999999927e-02 -1.145527216200925742e-02 9.999334902320793361e-01 -1.338600756899284688e-03 -5.768129999999999785e-02 -2.315952647852552882e-03 1.312153417765002644e-03 9.999964573020951875e-01 3.136818400000000118e+00
9.999234171791061554e-01 1.184035383414208664e-02 3.600805179628053208e-03 -1.623279999999999862e-02 -1.184319267485482371e-02 9.999295719310843378e-01 7.680917814639247549e-04 -5.844060000000000227e-02 -3.591457103403081393e-03 -8.106779883555451831e-04 9.999932220955668472e-01 3.173618100000000108e+00
9.999302349455074790e-01 1.105459519608325766e-02 4.161870597804953782e-03 -1.606870000000000173e-02 -1.105981387568025220e-02 9.999380781894018355e-01 1.233006050682710665e-03 -5.904650000000000176e-02 -4.147982504477443037e-03 -1.278949544134784250e-03 9.999905792202274935e-01 3.210600400000000132e+00
9.999214995144554141e-01 1.135620810454459825e-02 5.294463735754035075e-03 -1.615180000000000088e-02 -1.135934578633743947e-02 9.999353220895249583e-01 5.629396276978753787e-04 -5.953510000000000052e-02 -5.287728441340087959e-03 -6.230370809914228831e-04 9.999858257759087765e-01 3.247549799999999820e+00
9.998523819519697931e-01 1.546131634219098834e-02 7.494131166389140543e-03 -1.604620000000000005e-02 -1.546074222519779225e-02 9.998804665303568928e-01 -1.345395178652506352e-04 -6.106799999999999728e-02 -7.495315524935102121e-03 1.865482723887707087e-05 9.999719095540529068e-01 3.321463300000000007e+00
9.998023163165995486e-01 1.729742933524264920e-02 9.804449314183581732e-03 -1.594299999999999884e-02 -1.727804463639365934e-02 9.998486046092813773e-01 -2.058405794686922734e-03 -6.232300000000000340e-02 -9.838570094525732335e-03 1.888597168561773152e-03 9.999498166104286989e-01 3.395270299999999963e+00
9.998071147344129717e-01 1.593610619470503878e-02 1.147927897559010077e-02 -1.550449999999999919e-02 -1.592115284645692283e-02 9.998722802700298340e-01 -1.392853061363364363e-03 -6.363639999999999575e-02 -1.150000949947859244e-02 1.209821045393210271e-03 9.999331408222001949e-01 3.469044199999999911e+00
9.998196448387642876e-01 1.409892470688619941e-02 1.272391907380811607e-02 -1.505680000000000039e-02 -1.409620388806182532e-02 9.999005975222695630e-01 -3.034972069389009226e-04 -6.492570000000000285e-02 -1.272693326899512062e-02 1.240835121316108121e-04 9.999190016060544028e-01 3.542677600000000204e+00
9.998764051504612782e-01 9.654015430483183988e-03 1.240864253085495472e-02 -1.440400000000000014e-02 -9.665385486747389218e-03 9.999529221226166609e-01 8.566573601825076606e-04 -6.637419999999999431e-02 -1.239978817492955535e-02 -9.764857951729315417e-04 9.999226428722917115e-01 3.615696699999999986e+00
9.999206503640069021e-01 6.665668937456894691e-03 1.068933268439519434e-02 -1.398089999999999923e-02 -6.671265068732423406e-03 9.999776278117561423e-01 4.879532310342929967e-04 -6.764100000000000668e-02 -1.068584100593713941e-02 -5.592258838684942366e-04 9.999427483953302609e-01 3.689108800000000077e+00
9.999551438307424656e-01 4.207625073412718172e-03 8.485647746677730738e-03 -1.329780000000000025e-02 -4.218678421830560077e-03 9.999902755688921951e-01 1.285114790315547992e-03 -6.870460000000000456e-02 -8.480157947366869300e-03 -1.320855364033162891e-03 9.999631704529396981e-01 3.762414199999999820e+00
9.999774684079508758e-01 3.305035071655937698e-03 5.842894796311058278e-03 -1.285810000000000078e-02 -3.309727044648731915e-03 9.999942079876570356e-01 7.935351463261671639e-04 -6.999869999999999703e-02 -5.840238292703079856e-03 -8.128556536423616136e-04 9.999826152900712639e-01 3.835643999999999831e+00
9.999905121268171104e-01 1.497475236110809137e-03 4.090626390077286428e-03 -1.280889999999999980e-02 -1.488915990913003071e-03 9.999966977817242864e-01 -2.094649092031501420e-03 -7.123359999999999415e-02 -4.093749567079720680e-03 2.088538619221516537e-03 9.999894395546975456e-01 3.909241399999999977e+00
9.999320319551250336e-01 -1.153355834587081567e-02 1.705433076142505618e-03 -1.222759999999999993e-02 1.153404938102832282e-02 9.999334418927179335e-01 -2.783692845868805817e-04 -7.257979999999999987e-02 -1.702108977359379979e-03 2.980209136871206691e-04 9.999985070031676138e-01 3.982626199999999894e+00
9.998391964394406362e-01 -1.793234092271626251e-02 1.114107944561808195e-04 -1.200000000000000025e-02 1.793221449342074364e-02 9.998386560499142872e-01 1.047640999162689074e-03 -7.314719999999999556e-02 -1.301794745601215207e-04 -1.045474692496765022e-03 9.999994450178318894e-01 4.018790700000000271e+00
9.997812223902859952e-01 -2.090825349418617279e-02 -5.935415809546970567e-04 -1.203650000000000032e-02 2.090492042008842283e-02 9.997681789426295929e-01 -5.154869151384881484e-03 -7.464450000000000252e-02 7.011832964643222466e-04 5.141333441917680935e-03 9.999865374255914041e-01 4.091926100000000233e+00
9.998450379969994195e-01 -1.757070084304428181e-02 1.081880151875772500e-03 -1.239179999999999969e-02 1.757810638648851093e-02 9.998190962541626536e-01 -7.265324588390854356e-03 -7.648370000000000168e-02 -9.540275908335216258e-04 7.283216143547289849e-03 9.999730219330731362e-01 4.165352300000000341e+00
9.996563381391666558e-01 -2.611553008229083178e-02 2.276995106068502046e-03 -1.239430000000000046e-02 2.611757528532474004e-02 9.996584966337357381e-01 -8.731375576847419861e-04 -7.820820000000000549e-02 -2.253415054421119019e-03 9.323070847139647418e-04 9.999970264576252266e-01 4.238525899999999957e+00
9.994992248254773726e-01 -3.157103947072661954e-02 2.137531288134447965e-03 -1.194680000000000047e-02 3.157025191211577930e-02 9.995014548444948188e-01 4.011956429488365561e-04 -7.960029999999999883e-02 -2.149131795745028769e-03 -3.335123328942872240e-04 9.999976349982275803e-01 4.311595399999999856e+00
9.996820249050701879e-01 -2.487502766186247549e-02 4.133047364848635614e-03 -1.215310000000000001e-02 2.487581668286011766e-02 9.996905392450446959e-01 -1.396005453828121317e-04 -8.082839999999999470e-02 -4.128295781462835122e-03 2.423690844756944888e-04 9.999914491790254933e-01 4.384980200000000217e+00
9.998075557172808603e-01 -1.868530746694135880e-02 5.975852700841607218e-03 -1.241669999999999927e-02 1.870245663254372498e-02 9.998210975175493287e-01 -2.826848901318824124e-03 -8.215100000000000180e-02 -5.921963065074939067e-03 2.938068016389613901e-03 9.999781488161563203e-01 4.458407900000000090e+00
9.998727473494334328e-01 -1.466441097927974682e-02 6.280458464706598770e-03 -1.256239999999999961e-02 1.467863777726109015e-02 9.998897870241283403e-01 -2.225173666770388029e-03 -8.351559999999999540e-02 -6.247135415539572384e-03 2.317079082401882293e-03 9.999778019754367309e-01 4.531979599999999664e+00
9.999492717840109401e-01 -8.502245154754201062e-03 5.400526451626212233e-03 -1.257439999999999947e-02 8.544604733116571704e-03 9.999325275634384225e-01 -7.869564825844724970e-03 -8.481170000000000375e-02 -5.333253095537243520e-03 7.915310980740386526e-03 9.999544510943971787e-01 4.605531199999999714e+00
9.999807207604249903e-01 -3.092986966128875945e-03 5.384379173893037891e-03 -1.281780000000000072e-02 3.142117853609002320e-03 9.999532900127646728e-01 -9.140289275611581526e-03 -8.575649999999999940e-02 -5.355856874014440668e-03 9.157031411717742736e-03 9.999437302032899710e-01 4.642651100000000142e+00
9.999708489252314703e-01 4.168642885258458733e-03 6.397164703764582523e-03 -1.309090000000000080e-02 -4.130459617961058580e-03 9.999736462952578675e-01 -5.970428653853944792e-03 -8.753840000000000232e-02 -6.421884699704624201e-03 5.943831378963509993e-03 9.999617143998275060e-01 4.716393000000000058e+00
9.999845835178209352e-01 1.906033924684875014e-03 5.215339046334564049e-03 -1.254749999999999963e-02 -1.891547713593138289e-03 9.999943436362584981e-01 -2.781140545860875252e-03 -8.900700000000000278e-02 -5.220610494709610611e-03 2.771232607808505125e-03 9.999825325953929367e-01 4.791201599999999949e+00
9.999988055998708658e-01 -7.074825489328996240e-04 1.374142377879836218e-03 -1.240699999999999963e-02 7.173078681192113183e-04 9.999740890940090887e-01 -7.162863256355874245e-03 -9.033430000000000626e-02 -1.369039171851600288e-03 7.163840384170644393e-03 9.999734022076267603e-01 4.865536699999999826e+00
9.999809426001787793e-01 6.150392788918997156e-03 -5.358217986289038042e-04 -1.299969999999999945e-02 -6.156516396549951628e-03 9.999054658703870890e-01 -1.229457719416107361e-02 -9.200210000000000332e-02 4.601546662637665420e-04 1.229764168717674064e-02 9.999242752661907652e-01 4.940938899999999911e+00
9.999309579917651236e-01 1.173947069505590184e-02 -5.138846861931484601e-04 -1.334100000000000043e-02 -1.174314376733715838e-02 9.999002420265477031e-01 -7.848857860291349325e-03 -9.413299999999999446e-02 4.216919852577161502e-04 7.854350581132124587e-03 9.999690651979281641e-01 5.017001600000000394e+00
9.999305794923981638e-01 1.177951210967904082e-02 -2.815856081404075474e-04 -1.361389999999999996e-02 -1.178080068541772531e-02 9.999174752067284677e-01 -5.124013213485844632e-03 -9.557400000000000617e-02 2.212039946478955982e-04 5.126974805812989540e-03 9.999868325123753010e-01 5.092630899999999627e+00
9.999694447477941450e-01 7.816098364104602861e-03 -1.348226645654389657e-04 -1.379780000000000069e-02 -7.816553524070726441e-03 9.999622585238290284e-01 -3.792495079532745301e-03 -9.738979999999999859e-02 1.051750615720463118e-04 3.793433047462934759e-03 9.999927993760359124e-01 5.168895199999999690e+00
9.999984687755065771e-01 1.736287607449268390e-03 2.185222793195663296e-04 -1.377940000000000068e-02 -1.735708272343627120e-03 9.999950509882192806e-01 -2.623988540769814186e-03 -9.912840000000000540e-02 -2.230771966356591364e-04 2.623605231926383688e-03 9.999965334600672273e-01 5.245603100000000296e+00
9.999851795126349918e-01 -5.352666746574995249e-03 9.948435974136637071e-04 -1.374249999999999951e-02 5.354091210079282154e-03 9.999846374937152449e-01 -1.434741745739121725e-03 -1.004512000000000044e-01 -9.871486196903053387e-04 1.440046965527522899e-03 9.999984759000084544e-01 5.322709999999999830e+00
9.999944538579861320e-01 -3.096246661938961958e-03 1.226992207240149187e-03 -1.381259999999999953e-02 3.103318613531239143e-03 9.999783396407836422e-01 -5.804279700741844621e-03 -1.011568000000000050e-01 -1.208994148499802860e-03 5.808055257137721174e-03 9.999824022587991967e-01 5.361103100000000232e+00
9.999120609385910852e-01 1.294674570192361554e-02 2.872658223496725189e-03 -1.453529999999999926e-02 -1.291552215081544913e-02 9.998600456170055883e-01 -1.063383591802066590e-02 -1.031901000000000068e-01 -3.009929751854096506e-03 1.059579890755356531e-02 9.999393328439478701e-01 5.438497100000000195e+00
9.997497152441134904e-01 2.185891566759028126e-02 4.763892856807202050e-03 -1.495879999999999953e-02 -2.183501351490659687e-02 9.997490199572820480e-01 -5.012911255738536354e-03 -1.049294000000000060e-01 -4.872274019162799175e-03 4.907636935556661598e-03 9.999760877368972789e-01 5.517034100000000052e+00
9.998606384328749819e-01 1.643214420703467682e-02 2.947600611157946606e-03 -1.484420000000000010e-02 -1.641903338864129924e-02 9.998554363456214622e-01 -4.418342753748557943e-03 -1.065861000000000031e-01 -3.019777340527652048e-03 4.369330253727318931e-03 9.999858948494960709e-01 5.595094200000000129e+00
9.998905017618884283e-01 1.465554677450906819e-02 2.049252326835614667e-03 -1.484760000000000073e-02 -1.464475261138224911e-02 9.998793072409362104e-01 -5.186730409112411989e-03 -1.073705999999999966e-01 -2.125019367035786873e-03 5.156151677906247073e-03 9.999844490753664328e-01 5.634397500000000392e+00
9.998805833817236977e-01 1.538315493285972828e-02 1.475642414515665598e-03 -1.497590000000000032e-02 -1.537419350495044211e-02 9.998643834484062243e-01 -5.903294454031502402e-03 -1.081557999999999964e-01 -1.566253586180681558e-03 5.879902690546236731e-03 9.999814866256542256e-01 5.673782799999999682e+00
9.998370610776164957e-01 1.796940271099683670e-02 1.718098333790559580e-03 -1.560150000000000078e-02 -1.796184882306227706e-02 9.998293601114356388e-01 -4.315396391354582410e-03 -1.100837999999999955e-01 -1.795350253296171825e-03 4.283833022782216997e-03 9.999892126878674459e-01 5.752506300000000294e+00
9.998529138747531686e-01 1.709515892893140321e-02 1.380636577891201878e-03 -1.580120000000000136e-02 -1.708787426160217338e-02 9.998408508102067938e-01 -5.126168583016071575e-03 -1.108649000000000023e-01 -1.468049517321586310e-03 5.101822450497860151e-03 9.999859080198572059e-01 5.792367900000000347e+00
9.998567285879667033e-01 1.690801169425738479e-02 8.008981933148079293e-04 -1.584680000000000116e-02 -1.690260744359037628e-02 9.998370895109006673e-01 -6.332163925475233802e-03 -1.116235000000000005e-01 -9.078320203003062677e-04 6.317719439644524197e-03 9.999796309236027581e-01 5.832036000000000442e+00
9.998749447530270729e-01 1.581206730726557319e-02 2.708922324079645716e-04 -1.620059999999999903e-02 -1.580997674489802857e-02 9.998539469932965496e-01 -6.490710073006920183e-03 -1.135072000000000025e-01 -3.734842123292608806e-04 6.485615575760966811e-03 9.999788984274351478e-01 5.911446599999999663e+00
9.998718831192411338e-01 1.600136872419213527e-02 -4.165891681606018497e-04 -1.668089999999999851e-02 -1.600382362195996652e-02 9.998490052465570654e-01 -6.770844625856648445e-03 -1.152235000000000065e-01 3.081834839493214403e-04 6.776644185933141350e-03 9.999769907935469604e-01 5.991033599999999737e+00
9.998649297958891458e-01 1.637656012807251621e-02 -1.389403697049965483e-03 -1.696059999999999929e-02 -1.638612128700290410e-02 9.998399986215094071e-01 -7.174411871912367289e-03 -1.170845999999999970e-01 1.271689203139227120e-03 7.196209760132923905e-03 9.999732983293397881e-01 6.071136499999999714e+00
9.998569179953956665e-01 1.684865565980860416e-02 -1.505436549926506213e-03 -1.736269999999999827e-02 -1.685873291045052527e-02 9.998337076066495799e-01 -6.952715886247544906e-03 -1.180252999999999997e-01 1.388042291411715643e-03 6.977100830429937457e-03 9.999746963811630973e-01 6.111521699999999946e+00
9.998704714386801307e-01 1.601962827896569186e-02 -1.553014744055916836e-03 -1.763740000000000099e-02 -1.603071407757207523e-02 9.998440423311036884e-01 -7.409940698891293205e-03 -1.188475999999999977e-01 1.434068043931254616e-03 7.433876835253314282e-03 9.999713400513254857e-01 6.152012799999999615e+00
9.998979636525828774e-01 1.422103388958700747e-02 -1.350732589864772149e-03 -1.789189999999999878e-02 -1.423045386946494677e-02 9.998725220117561374e-01 -7.241126191366359030e-03 -1.200079000000000007e-01 1.247584100225363748e-03 7.259608871108658157e-03 9.999728704384691635e-01 6.192084300000000319e+00
9.999065750394189322e-01 1.362905946338837000e-02 -1.043997644810521885e-03 -1.828710000000000058e-02 -1.363613260451299221e-02 9.998818343977238232e-01 -7.097402978205521844e-03 -1.209414000000000045e-01 9.471433529744552283e-04 7.110975993935490617e-03 9.999742681388770205e-01 6.232270200000000315e+00
9.999234126000207112e-01 1.233845652010670708e-02 -9.651036369445804451e-04 -1.882380000000000164e-02 -1.234415509166231044e-02 9.999049557907889740e-01 -6.140131927997678762e-03 -1.229283999999999932e-01 8.892521586112820840e-04 6.151575060231754752e-03 9.999806834908745445e-01 6.313353499999999840e+00
9.999180240807462594e-01 1.270407956029444112e-02 -1.597335588386400223e-03 -1.872240000000000015e-02 -1.271406763903734465e-02 9.998986492063312026e-01 -6.406543484918424645e-03 -1.238864999999999966e-01 1.515784459017872161e-03 6.426326935339995126e-03 9.999782021222232142e-01 6.353809799999999619e+00
9.999151183413402810e-01 1.292713608790081563e-02 -1.626427062084017999e-03 -1.867869999999999947e-02 -1.293815812977400052e-02 9.998920796979801073e-01 -6.959383698081234720e-03 -1.248945999999999945e-01 1.536286637431249916e-03 6.979835944565479858e-03 9.999744605306450929e-01 6.394547900000000062e+00
9.999009834836358745e-01 1.402840597825385366e-02 -1.107724770520811686e-03 -1.896890000000000034e-02 -1.403515793623005825e-02 9.998813836204126781e-01 -6.342951287399359837e-03 -1.257994000000000057e-01 1.018611880459027296e-03 6.357870322563547762e-03 9.999792697425274879e-01 6.435595000000000176e+00
9.998949074947262039e-01 1.449066044034628443e-02 -4.412778211577111204e-04 -1.917169999999999985e-02 -1.449250379832127573e-02 9.998848146070822285e-01 -4.508309197088075301e-03 -1.266030999999999962e-01 3.758986146634016637e-04 4.514230628079247618e-03 9.999897401584018075e-01 6.476073699999999711e+00
9.998925690713130754e-01 1.465471697105813834e-02 2.993099856961333209e-04 -1.914860000000000173e-02 -1.465277722666957078e-02 9.998764482646280705e-01 -5.690722736003944043e-03 -1.284238000000000046e-01 -3.826689364848898144e-04 5.685725653833392790e-03 9.999837629123157212e-01 6.558209899999999593e+00
9.998904632986425067e-01 1.477020558076563676e-02 9.499639614312405675e-04 -1.925500000000000128e-02 -1.476320559854775970e-02 9.998665432367312977e-01 -6.995961426757983312e-03 -1.293119000000000074e-01 -1.053168970824048048e-03 6.981170598946651040e-03 9.999750767355091163e-01 6.599147799999999897e+00
9.998761340102977346e-01 1.569019789687884497e-02 1.238679368503501277e-03 -1.957619999999999846e-02 -1.568186734110715852e-02 9.998560943175522908e-01 -6.470679465554885455e-03 -1.303732999999999975e-01 -1.340027356845469335e-03 6.450453162903799047e-03 9.999782977548443696e-01 6.640253999999999657e+00
9.998785530999320104e-01 1.556469360375022960e-02 7.869967012813636935e-04 -1.974220000000000141e-02 -1.556066743906689594e-02 9.998669852373217593e-01 -4.886456925011807562e-03 -1.323052999999999868e-01 -8.629482239476466603e-04 4.873617286021666647e-03 9.999877515124433458e-01 6.722310099999999622e+00
9.998646343683856852e-01 1.643319696999451587e-02 8.142338237247283284e-04 -2.017149999999999846e-02 -1.642878308117036792e-02 9.998517255752391586e-01 -5.159646372410765791e-03 -1.331105999999999956e-01 -8.989025788062386495e-04 5.145571062753331870e-03 9.999863574432362734e-01 6.763544999999999696e+00
9.998492473839374339e-01 1.732260361595817574e-02 1.187396201039423024e-03 -2.050750000000000142e-02 -1.731679451217696744e-02 9.998388201463921376e-01 -4.739446813021450100e-03 -1.340225999999999917e-01 -1.269304375194451858e-03 4.718170432997758137e-03 9.999880637958477037e-01 6.804617900000000219e+00
9.998280544551207960e-01 1.848140217347384387e-02 1.516343691317507437e-03 -2.074470000000000133e-02 -1.847369557834000961e-02 9.998171031865632497e-01 -4.948004376298926685e-03 -1.347573999999999994e-01 -1.607512415722779728e-03 4.919141117244844180e-03 9.999866088875899450e-01 6.845707400000000220e+00
9.998293083397655767e-01 1.839515941426050558e-02 1.724034497899934980e-03 -2.104800000000000074e-02 -1.838758686825512148e-02 9.998216451226963342e-01 -4.309825206148622245e-03 -1.357896000000000103e-01 -1.803006929653296845e-03 4.277388720834860575e-03 9.999892264978370582e-01 6.886753999999999820e+00
9.998561705534342314e-01 1.690884772561416713e-02 1.314942893734327581e-03 -2.090090000000000003e-02 -1.690306053544821455e-02 9.998479113788465433e-01 -4.294258480015334355e-03 -1.366175000000000028e-01 -1.387353868615730798e-03 4.271414279861294148e-03 9.999899150837937567e-01 6.928291299999999708e+00
9.998841468515793363e-01 1.517282796196077650e-02 1.215798719448198204e-03 -2.095460000000000031e-02 -1.516824281729642517e-02 9.998781255978671512e-01 -3.695721949973929717e-03 -1.374419000000000057e-01 -1.271725098048348112e-03 3.676852258756789418e-03 9.999924317077316660e-01 6.969789500000000082e+00
9.999344898213164967e-01 1.144564732253692575e-02 1.149919639377525323e-04 -2.035050000000000053e-02 -1.144513713200400080e-02 9.999275038280871497e-01 -3.741112690151383521e-03 -1.391431999999999947e-01 -1.578030839059063996e-04 3.739551510394230165e-03 9.999929954018117462e-01 7.052831600000000201e+00
9.999619026396845411e-01 8.724587269971734865e-03 2.735803186837416066e-04 -2.044939999999999952e-02 -8.723621569465586645e-03 9.999563302392951991e-01 -3.352020446573943449e-03 -1.407116999999999951e-01 -3.028133664135551260e-04 3.349506132274154661e-03 9.999943445403753906e-01 7.134951599999999949e+00
9.999765679609355917e-01 6.694376343408128469e-03 1.431382003883756521e-03 -2.123509999999999981e-02 -6.692742798833356890e-03 9.999769501108203285e-01 -1.142996452519225506e-03 -1.417953000000000130e-01 -1.439000659099537493e-03 1.133389798182826962e-03 9.999983223509268937e-01 7.175527599999999673e+00
9.999828550367225732e-01 5.671422339543269117e-03 1.457601197729382556e-03 -2.124459999999999890e-02 -5.668121605286229048e-03 9.999813850742061971e-01 -2.258739148231048155e-03 -1.423750000000000016e-01 -1.470384328255728516e-03 2.250438561390557743e-03 9.999963867415764263e-01 7.216674799999999834e+00
9.999845531504001350e-01 5.124198567303311913e-03 2.153148772705139151e-03 -2.146090000000000150e-02 -5.117750739777783206e-03 9.999824355506132800e-01 -2.989517959330567805e-03 -1.433214999999999906e-01 -2.168429837476628340e-03 2.978452501971910575e-03 9.999932133433373505e-01 7.257435799999999659e+00
9.999802080753182887e-01 5.800789392211409823e-03 2.436041886000923137e-03 -2.140809999999999935e-02 -5.792737498819531747e-03 9.999777786061327944e-01 -3.299467565200634063e-03 -1.441156000000000104e-01 -2.455127270206858715e-03 3.285290911205360903e-03 9.999915895714902581e-01 7.299047500000000355e+00
9.999602018282076621e-01 8.045081601177367370e-03 3.856348236430492699e-03 -2.166399999999999923e-02 -8.033138616551950550e-03 9.999629208502057720e-01 -3.102516509605407827e-03 -1.450253999999999988e-01 -3.881165244805350693e-03 3.071414455183428018e-03 9.999877514097795794e-01 7.340038800000000307e+00
9.999379216755104327e-01 1.007381091733584692e-02 4.761420886920937449e-03 -2.172970000000000110e-02 -1.005624250562747908e-02 9.999425915928529252e-01 -3.699392549710490367e-03 -1.457697000000000020e-01 -4.798414522386847299e-03 3.651280894509138873e-03 9.999818215177217473e-01 7.381576100000000196e+00
9.999213663709535238e-01 1.117763455428831543e-02 5.685205415476441912e-03 -2.171359999999999957e-02 -1.115548340634007346e-02 9.999301186617418624e-01 -3.913180686571595193e-03 -1.466577000000000019e-01 -5.728548229373131573e-03 3.849451764299112975e-03 9.999761824445110303e-01 7.422758100000000248e+00
9.999120413569942967e-01 1.167180041739201285e-02 6.299097102360036275e-03 -2.165800000000000017e-02 -1.164603924898037490e-02 9.999237319694964654e-01 -4.110962661680860400e-03 -1.475072000000000050e-01 -6.346599018340577832e-03 4.037241534896467837e-03 9.999717102806905400e-01 7.464042199999999738e+00
9.999000740703282153e-01 1.209924772393850510e-02 7.310956070646450894e-03 -2.157519999999999924e-02 -1.206688949431719733e-02 9.999172725562930353e-01 -4.454011845049625669e-03 -1.486616000000000049e-01 -7.364241446618284559e-03 4.365346274772942230e-03 9.999633551784871122e-01 7.504551900000000053e+00
9.998991179681415709e-01 1.078087535282660006e-02 9.248059967327788497e-03 -2.134660000000000030e-02 -1.073210826422966654e-02 9.999283275988571917e-01 -5.306742650369638929e-03 -1.501292999999999933e-01 -9.304608467707182681e-03 5.206956114585070163e-03 9.999431543189259974e-01 7.586952700000000327e+00
9.999045170661690074e-01 9.764615403142998945e-03 9.777987354258844618e-03 -2.114740000000000023e-02 -9.724077463524424814e-03 9.999439631746906976e-01 -4.184833088192757566e-03 -1.511389999999999956e-01 -9.818302712522148160e-03 4.089351601581728626e-03 9.999434374680019610e-01 7.628251599999999577e+00
9.999102881022438050e-01 8.728322785659067481e-03 1.016032128610980072e-02 -2.051909999999999845e-02 -8.690856616787904013e-03 9.999552926047151624e-01 -3.725829180833219872e-03 -1.522833000000000103e-01 -1.019238728434438378e-02 3.637193034148613995e-03 9.999414413195795159e-01 7.668927700000000236e+00
9.999302747578521222e-01 6.939905283490917925e-03 9.554231384178964517e-03 -1.978169999999999928e-02 -6.860134725537897493e-03 9.999415491311350879e-01 -8.356845862711690179e-03 -1.541271999999999920e-01 -9.611668649809173778e-03 8.290719865115888862e-03 9.999194366497154984e-01 7.752499600000000157e+00
9.999392397973878577e-01 7.080013373205328205e-03 8.449267663959441135e-03 -1.936600000000000127e-02 -7.008447228644358769e-03 9.999395697256912019e-01 -8.469862114746913237e-03 -1.551288999999999862e-01 -8.508723809438413152e-03 8.410131237665175244e-03 9.999284330949389510e-01 7.794058299999999662e+00
9.999576560953942206e-01 4.876822668089933477e-03 7.804012869636419228e-03 -1.926490000000000147e-02 -4.813395121690875952e-03 9.999554002941213326e-01 -8.125801500536973185e-03 -1.561977999999999978e-01 -7.843292905911977350e-03 8.087893624897068631e-03 9.999365323524811444e-01 7.835371499999999934e+00
9.999687960219180161e-01 4.183371194535116279e-03 6.701222867850767546e-03 -1.902360000000000162e-02 -4.126890278121106252e-03 9.999560333790405986e-01 -8.420218850332018487e-03 -1.573067999999999966e-01 -6.736153138715132195e-03 8.392300894502711592e-03 9.999420950868045388e-01 7.876891600000000437e+00
9.999739700171854651e-01 4.717359590262160292e-03 5.459469439890393856e-03 -1.895490000000000022e-02 -4.670091932194877192e-03 9.999517819087482273e-01 -8.638524113760256279e-03 -1.593312000000000062e-01 -5.499957219268513699e-03 8.612803028940737432e-03 9.999477836840136025e-01 7.959774499999999975e+00
9.999815624673612513e-01 4.271421743848642476e-03 4.316211489385750159e-03 -1.875579999999999956e-02 -4.234060092327441259e-03 9.999538098175523304e-01 -8.628497348721952953e-03 -1.602526999999999979e-01 -4.352868073981643916e-03 8.610063161703207513e-03 9.999534585928897545e-01 8.001757599999999471e+00
9.999881013676855668e-01 3.666633210712109524e-03 3.217595989200499901e-03 -1.862789999999999932e-02 -3.643699180127626166e-03 9.999681218543335914e-01 -7.104838590806513560e-03 -1.613321000000000061e-01 -3.243544255340660622e-03 7.093030101076635077e-03 9.999695837097490880e-01 8.043534299999999249e+00
9.999791304545706527e-01 5.893423672634910508e-03 2.646925147312113522e-03 -1.867869999999999947e-02 -5.877260595234364872e-03 9.999642864959877864e-01 -6.073182070857766589e-03 -1.621286999999999867e-01 -2.682622451324860255e-03 6.057498657441806426e-03 9.999780548826052717e-01 8.085448299999999477e+00
9.999722834496415080e-01 6.327280877457392566e-03 3.924009328176576196e-03 -1.857369999999999854e-02 -6.303373257014530454e-03 9.999616778787747684e-01 -6.075381424089414985e-03 -1.641151999999999889e-01 -3.962299596523313240e-03 6.050478540014722802e-03 9.999738456036458834e-01 8.170069700000000879e+00
9.999802380684598146e-01 4.766434878296372211e-03 4.099337885259149612e-03 -1.822410000000000002e-02 -4.741473987538030906e-03 9.999702918596452550e-01 -6.077320343832025989e-03 -1.651517999999999875e-01 -4.128183253207314170e-03 6.057763340294357660e-03 9.999731304421839440e-01 8.212051400000000001e+00
9.999885497531220135e-01 2.701429048936409161e-03 3.950018195063369555e-03 -1.814110000000000028e-02 -2.672118713555979731e-03 9.999689987122553081e-01 -7.406847911911900416e-03 -1.659105999999999914e-01 -3.969904813523000495e-03 7.396208184136805232e-03 9.999647673594647124e-01 8.253985399999999473e+00
9.999887215689602371e-01 1.409490471714470441e-03 4.535424069089119548e-03 -1.806090000000000126e-02 -1.366871071107457784e-03 9.999550123549147962e-01 -9.386422628300309517e-03 -1.669779000000000124e-01 -4.548450104298863705e-03 9.380117424224745926e-03 9.999456610230159637e-01 8.296179800000000881e+00
9.999907371619853880e-01 7.880096934204695869e-04 4.231386410173493436e-03 -1.790780000000000149e-02 -7.443664366491287415e-04 9.999466161378629536e-01 -1.030586207191670767e-02 -1.680374000000000034e-01 -4.239281641636448959e-03 1.030261690836150809e-02 9.999379403623018803e-01 8.338557200000000336e+00
9.999978028255247509e-01 1.100074342559232863e-03 1.784427236909568891e-03 -1.779419999999999960e-02 -1.079889980406652022e-03 9.999358724405019716e-01 -1.127319139740667192e-02 -1.691686000000000023e-01 -1.796714154560810585e-03 1.127123964314437690e-02 9.999348633661863106e-01 8.380852700000000155e+00
9.999977897894226642e-01 2.070719595643216986e-03 -3.640558004998487094e-04 -1.796489999999999893e-02 -2.074421273052754356e-03 9.999429327705430248e-01 -1.047988447585538295e-02 -1.702996999999999983e-01 3.423341226997155874e-04 1.048061651820099936e-02 9.999450182308760038e-01 8.423177700000000101e+00
9.999955661900333803e-01 2.896399300432749447e-03 -6.917162474720062008e-04 -1.816459999999999950e-02 -2.901158913196913523e-03 9.999714173349951718e-01 -6.981961758792181935e-03 -1.714978000000000058e-01 6.714739272244123897e-04 6.983937580857305788e-03 9.999753865664052777e-01 8.465834600000000876e+00
9.999992567111323227e-01 1.218487947395372742e-03 4.317759783775253229e-05 -1.839019999999999891e-02 -1.218306632697890119e-03 9.999913526685739740e-01 -3.976218935691382995e-03 -1.724563000000000068e-01 -4.802219931609905498e-05 3.976163376658283129e-03 9.999920938780818558e-01 8.508641199999999571e+00
9.999999201204651245e-01 3.952963133982988534e-04 5.915985261023040383e-05 -1.844540000000000068e-02 -3.951026092505110295e-04 9.999946757004957165e-01 -3.239207401302160796e-03 -1.733859000000000095e-01 -6.043998436952370036e-05 3.239183768343650502e-03 9.999947520039909055e-01 8.551584200000000635e+00
9.999994804837517570e-01 -9.880553979762162712e-04 2.505568939688602873e-04 -1.842229999999999909e-02 9.891396142716758332e-04 9.999899855957267159e-01 -4.364666205089535317e-03 -1.742392000000000107e-01 -2.462418527865275000e-04 4.364911773323976868e-03 9.999904434094163408e-01 8.594248800000000799e+00
9.999983597608722574e-01 -1.682507826978082120e-03 6.705542314596207474e-04 -1.857970000000000108e-02 1.685482421792186981e-03 9.999886318114461492e-01 -4.460425638650357925e-03 -1.752004000000000061e-01 -6.630419074239989616e-04 4.461548529855681976e-03 9.999898274283317567e-01 8.636776899999999202e+00
9.999975667071171470e-01 -2.017063365874702859e-03 8.933281719021063556e-04 -1.872909999999999853e-02 2.020526511570210158e-03 9.999903813841279909e-01 -3.892892477608257858e-03 -1.762423999999999935e-01 -8.854673685177003213e-04 3.894687998315559535e-03 9.999920236446563360e-01 8.679719900000000266e+00
9.999970405998809264e-01 -2.012507471839656073e-03 1.366969332466748789e-03 -1.869739999999999944e-02 2.017881781019590162e-03 9.999901958596517648e-01 -3.941616127067082767e-03 -1.771674000000000027e-01 -1.359023398600715153e-03 3.944362844759043835e-03 9.999912974907086971e-01 8.722139399999999654e+00
9.999976693155636642e-01 -5.100932408560351862e-04 2.097896166666952944e-03 -1.903710000000000124e-02 5.207028758433027800e-04 9.999870633569165612e-01 -5.059840642275363447e-03 -1.780261999999999956e-01 -2.095288036421585204e-03 5.060921229950732410e-03 9.999849983096489314e-01 8.764552099999999513e+00
9.999962946201343961e-01 5.019844205531928802e-04 2.675585476671596147e-03 -1.905280000000000168e-02 -4.868106504404886973e-04 9.999838135400732630e-01 -5.668833499293683513e-03 -1.790518000000000109e-01 -2.678387834513852508e-03 5.667509990605965574e-03 9.999803525915468283e-01 8.806858099999999467e+00
9.999919457576949000e-01 -2.252746026085646145e-03 3.321679557299821867e-03 -1.883690000000000017e-02 2.261241491470214558e-03 9.999941766866954351e-01 -2.556047655148555725e-03 -1.812410999999999883e-01 -3.315902087921440873e-03 2.563538187757732727e-03 9.999912164940766290e-01 8.892031700000000427e+00
9.999896428222238010e-01 -3.421344993629465373e-03 3.001440773357685800e-03 -1.874489999999999837e-02 3.432625362474928023e-03 9.999870349500482591e-01 -3.761251777245444832e-03 -1.821064000000000016e-01 -2.988533319590273764e-03 3.771515643014720486e-03 9.999884221021522190e-01 8.934503599999999324e+00
9.999947579051694513e-01 3.158895892014639559e-04 3.222479782555118678e-03 -1.919799999999999979e-02 -2.969069845353948262e-04 9.999826128971276429e-01 -5.889460898589689644e-03 -1.839108999999999883e-01 -3.224284172351508503e-03 5.888473248722193853e-03 9.999774646832672031e-01 9.019247999999999266e+00
9.999946799866518132e-01 2.196352996089615678e-03 2.411645063098757577e-03 -1.928020000000000081e-02 -2.174798174781388503e-03 9.999579905492659293e-01 -8.904346667403277224e-03 -1.850127000000000022e-01 -2.431100839695462743e-03 8.899054454878702405e-03 9.999574473838955813e-01 9.061498600000000181e+00
9.999939706102071169e-01 2.878886071536483540e-03 1.941844025528082114e-03 -1.946950000000000069e-02 -2.863460479336847522e-03 9.999646920626755753e-01 -7.900330504594906336e-03 -1.862182000000000004e-01 -1.964519614471148083e-03 7.894722476798664637e-03 9.999669064622582759e-01 9.103438399999999930e+00
9.999925914493400514e-01 3.805338857559213434e-03 5.800367336990285352e-04 -1.951239999999999919e-02 -3.802626844781193272e-03 9.999821571741446258e-01 -4.607099133261258715e-03 -1.870908000000000015e-01 -5.975579575570259382e-04 4.604859338079411897e-03 9.999892190393673275e-01 9.145694699999999955e+00
9.999885705447986162e-01 4.755314332155710991e-03 -4.957472870505568764e-04 -1.967769999999999936e-02 -4.756253997727867555e-03 9.999868613990693378e-01 -1.911825605970867911e-03 -1.879639999999999922e-01 4.866494419201343523e-04 1.914161654861648576e-03 9.999980495768377997e-01 9.187740299999999749e+00
9.999868312999188324e-01 4.803412043050725271e-03 -1.806781528653606927e-03 -1.998389999999999889e-02 -4.808945198336920905e-03 9.999837224074380471e-01 -3.070662183186317722e-03 -1.888414999999999955e-01 1.792002462889177514e-03 3.079310459913639324e-03 9.999936532669917444e-01 9.229800199999999677e+00
9.999843093267533067e-01 4.442950798500992955e-03 -3.411933249385075764e-03 -2.033710000000000032e-02 -4.459388799993736947e-03 9.999784144622945181e-01 -4.825397497197595961e-03 -1.896284000000000025e-01 3.390420597308013706e-03 4.840536920380816149e-03 9.999825369727692870e-01 9.271776199999999690e+00
9.999799585981600236e-01 3.518232714564549501e-03 -5.263500792082573092e-03 -2.077709999999999974e-02 -3.536521105364964085e-03 9.999877283962033125e-01 -3.469304753450740911e-03 -1.906888999999999945e-01 5.251230379005883929e-03 3.487849705359376707e-03 9.999801295445521765e-01 9.313502299999999678e+00
9.999790702194760739e-01 1.645181207575497706e-03 -6.257196000312982738e-03 -2.098519999999999899e-02 -1.663597840100582799e-03 9.999942967348242062e-01 -2.939207384774401681e-03 -1.916065999999999880e-01 6.252324785110338796e-03 2.949555325560130475e-03 9.999761039935719520e-01 9.355256999999999934e+00
9.999770730137235164e-01 1.692293332355754342e-03 -6.556644735191301428e-03 -2.143209999999999907e-02 -1.716081590648910150e-03 9.999919601268175695e-01 -3.624188971276310223e-03 -1.926547999999999872e-01 6.550458829767840697e-03 3.635357616871989338e-03 9.999719374383047032e-01 9.396832500000000366e+00
9.999743159752582100e-01 1.230573072252992648e-03 -7.060671336948086754e-03 -2.226219999999999935e-02 -1.263804018292909170e-03 9.999881377306144570e-01 -4.703955512235970769e-03 -1.945079000000000113e-01 7.054799020376211621e-03 4.712758000533691198e-03 9.999640092137369596e-01 9.480507899999999211e+00
9.999749788492512392e-01 8.210958340866634370e-04 -7.026199333252113738e-03 -2.277300000000000157e-02 -8.556886151434709483e-04 9.999875217148764817e-01 -4.921809782316443477e-03 -1.954763999999999946e-01 7.022070380825071179e-03 4.927698871749116791e-03 9.999632034787060419e-01 9.522453300000000453e+00
9.999735380836796139e-01 -7.486189180362150209e-04 -7.236207716980793021e-03 -2.357700000000000073e-02 7.065652646397736726e-04 9.999828584122917308e-01 -5.812370180005594494e-03 -1.975329000000000113e-01 7.240434927166919214e-03 5.807103520531731525e-03 9.999569258976944708e-01 9.605618500000000282e+00
9.999732915567028924e-01 -1.059135425545539673e-03 -7.231487081057083773e-03 -2.402690000000000034e-02 1.016841949643036832e-03 9.999823734182068380e-01 -5.849691046487374459e-03 -1.984582000000000013e-01 7.237555229674394637e-03 5.842181530923432932e-03 9.999567424190194398e-01 9.647528599999999344e+00
9.999747571455923634e-01 -6.318449210511663293e-04 -7.077135268545233816e-03 -2.452069999999999944e-02 5.857409242861531069e-04 9.999786077024358510e-01 -6.514679199115754049e-03 -1.995325000000000015e-01 7.081100139325907476e-03 6.510369382263722637e-03 9.999537354854589610e-01 9.689089799999999641e+00
9.999726988895090152e-01 -2.220020189214656596e-03 -7.047906497022605847e-03 -2.495609999999999842e-02 2.164716204037073384e-03 9.999668858394049620e-01 -7.844821756948474473e-03 -2.005994000000000110e-01 7.065088774196220771e-03 7.829350867204262071e-03 9.999443913466442568e-01 9.730868299999999138e+00
9.999604365361698388e-01 -5.316675500556183181e-03 -7.131502227050841303e-03 -2.577219999999999858e-02 5.279984897600828453e-03 9.999727793655113217e-01 -5.153861416036810937e-03 -2.026622999999999897e-01 7.158709511759267854e-03 5.116003287371057549e-03 9.999612889449720488e-01 9.814180399999999693e+00
9.999596083220242404e-01 -5.635456044963163026e-03 -7.001668346132487210e-03 -2.625790000000000068e-02 5.592377634922234518e-03 9.999654076630689614e-01 -6.157011419574427713e-03 -2.036301000000000083e-01 7.036123709285325815e-03 6.117606754085820955e-03 9.999565329806840985e-01 9.856054300000000268e+00
9.999778524935595270e-01 -2.391540772444258021e-03 -6.210881990726867426e-03 -2.734759999999999969e-02 2.355613081229626649e-03 9.999804892143048241e-01 -5.785523116471512003e-03 -2.056879000000000068e-01 6.224597125962328358e-03 5.770764546697698671e-03 9.999639756847074068e-01 9.940110199999999452e+00
9.999845477686403195e-01 -1.558050873001459973e-04 -5.556972981999514123e-03 -2.803200000000000136e-02 1.253927719344106204e-04 9.999850165351341635e-01 -5.472749024031392170e-03 -2.074007999999999963e-01 5.557742401429538980e-03 5.471967653601521320e-03 9.999695840721343210e-01 1.002467350000000046e+01
9.999882673437091585e-01 3.867233399771151218e-05 -4.843932222610755796e-03 -2.852810000000000068e-02 -6.932680425032164721e-05 9.999799729546059446e-01 -6.328418720340935923e-03 -2.084909000000000068e-01 4.843590478237816584e-03 6.328680285520224373e-03 9.999682432143147670e-01 1.006668089999999971e+01
9.999867016070934644e-01 -8.105008762449499938e-05 -5.156553097673309029e-03 -2.878119999999999984e-02 4.854883929306923754e-05 9.999801365167019229e-01 -6.302714895065945899e-03 -2.094744000000000050e-01 5.156961506161495366e-03 6.302380734419247427e-03 9.999668423228353920e-01 1.010864540000000034e+01
9.999876887955662097e-01 7.721467437096304768e-04 -4.901637145695786520e-03 -2.905610000000000137e-02 -8.054393711921095178e-04 9.999765974461526374e-01 -6.793808021613939076e-03 -2.103856000000000059e-01 4.896276618127267007e-03 6.797672353194942306e-03 9.999649084472201910e-01 1.015079120000000046e+01
9.999866689852642265e-01 2.232487315255671841e-03 -4.655948039110278415e-03 -2.946319999999999842e-02 -2.263872386697708249e-03 9.999746793932731137e-01 -6.746514221241999877e-03 -2.113057000000000130e-01 4.640768640259924048e-03 6.756964755561143017e-03 9.999664027824733958e-01 1.019301220000000008e+01
9.999836545979213787e-01 3.912503328015232498e-03 -4.169275080063724812e-03 -2.993439999999999990e-02 -3.939423967360944009e-03 9.999713200841868765e-01 -6.468380623775119367e-03 -2.122031000000000056e-01 4.143847944888036719e-03 6.484699437669950647e-03 9.999703881602758360e-01 1.023513029999999979e+01
9.999780469004394545e-01 5.370532097564428668e-03 -3.881121251854965232e-03 -3.016989999999999950e-02 -5.397742069401768698e-03 9.999606877730858878e-01 -7.034720245266118561e-03 -2.132864999999999900e-01 3.843188485461042879e-03 7.055515102809780704e-03 9.999677242835887103e-01 1.027717299999999945e+01
9.999748128475222098e-01 6.063871472859048116e-03 -3.688242579287600090e-03 -3.033709999999999879e-02 -6.091962229603766800e-03 9.999521559152612094e-01 -7.653357211986389769e-03 -2.143494999999999984e-01 3.641657144227735191e-03 7.675633080197960534e-03 9.999639108438174162e-01 1.031922250000000041e+01
9.999715556635283553e-01 6.622746590169872709e-03 -3.609306230469731900e-03 -3.062339999999999854e-02 -6.651850010032714193e-03 9.999449727683414890e-01 -8.111986610240831674e-03 -2.151771000000000100e-01 3.555383988677185327e-03 8.135764433849598798e-03 9.999605835140552568e-01 1.036136049999999997e+01
9.999594309291937044e-01 8.382085513278099767e-03 -3.298050668380403828e-03 -3.087700000000000167e-02 -8.404446248104565850e-03 9.999413867208172269e-01 -6.825570021007737638e-03 -2.163046000000000135e-01 3.240644847222865204e-03 6.853011403540190845e-03 9.999712668150405603e-01 1.040375329999999998e+01
9.999531171783054839e-01 9.335108576356297705e-03 -2.572779286619295436e-03 -3.150689999999999741e-02 -9.351772189198685747e-03 9.999348658668961720e-01 -6.542811373836968265e-03 -2.172531000000000045e-01 2.511533856301406773e-03 6.566564674159500355e-03 9.999752859076411760e-01 1.044626240000000017e+01
9.999438935798605765e-01 1.029180226800963625e-02 -2.507687864314434457e-03 -3.169820000000000276e-02 -1.031056116147572276e-02 9.999180681694961326e-01 -7.586123958808714020e-03 -2.180761999999999978e-01 2.429407517092709110e-03 7.611553997649555918e-03 9.999680806030044611e-01 1.048892969999999991e+01
9.999388302882353807e-01 1.082740591949734113e-02 -2.258973848904631543e-03 -3.205390000000000322e-02 -1.084371748510386604e-02 9.999142799898765865e-01 -7.338014951599755066e-03 -2.190717000000000081e-01 2.179328543119123801e-03 7.362061761564001570e-03 9.999705248524678458e-01 1.053164480000000047e+01
