0.208254 0.0000000 0.0000000 0.0000000 0.0000000 0.0000000 0.0000000 1.0000000
0.416625 -0.0000482 -0.0011235 0.0626792 0.0004190 -0.0000789 0.0008232 0.9999996
0.520755 -0.0001782 -0.0016217 0.0940563 0.0000019 -0.0000470 0.0011319 0.9999993
0.625004 -0.0003150 -0.0021191 0.1258013 -0.0004964 0.0000453 0.0018145 0.9999982
0.729128 -0.0004100 -0.0026563 0.1573431 -0.0007327 -0.0000716 0.0015573 0.9999985
0.833252 -0.0004978 -0.0031600 0.1889837 0.0001754 -0.0002760 0.0011013 0.9999993
0.937506 -0.0008203 -0.0036890 0.2205310 0.0013270 -0.0001870 -0.0003306 0.9999990
1.041630 -0.0008584 -0.0043144 0.2526495 0.0016997 -0.0003501 -0.0019757 0.9999965
1.145875 -0.0010676 -0.0048483 0.2847822 0.0017987 -0.0003025 -0.0031536 0.9999934
1.250003 -0.0013530 -0.0054563 0.3167793 0.0013207 -0.0002061 -0.0036639 0.9999924
1.354255 -0.0015245 -0.0061864 0.3489797 -0.0001514 0.0000498 -0.0023209 0.9999973
1.458401 -0.0014595 -0.0066510 0.3811722 -0.0009782 0.0000793 -0.0003482 0.9999995
1.562526 -0.0016755 -0.0071645 0.4132762 0.0002261 0.0000469 0.0008030 0.9999996
1.666754 -0.0017919 -0.0077217 0.4456030 0.0012128 -0.0000684 0.0014541 0.9999982
1.771007 -0.0019134 -0.0084033 0.4781375 0.0019912 0.0001907 0.0002658 0.9999980
1.875129 -0.0021610 -0.0089689 0.5107535 0.0009616 0.0006289 -0.0011965 0.9999986
1.979377 -0.0023465 -0.0094546 0.5436857 -0.0007719 0.0009125 -0.0015347 0.9999981
2.083502 -0.0024686 -0.0098853 0.5764821 -0.0017505 0.0011555 -0.0004887 0.9999977
2.187759 -0.0024994 -0.0102996 0.6092108 -0.0007825 0.0010481 0.0014977 0.9999980
2.291881 -0.0022303 -0.0108922 0.6422302 0.0002717 0.0008481 0.0020456 0.9999975
2.396132 -0.0022727 -0.0114695 0.6751098 0.0015159 0.0011153 0.0021287 0.9999959
2.500257 -0.0025149 -0.0121494 0.7080962 0.0018486 0.0014969 0.0006041 0.9999970
2.604383 -0.0026383 -0.0128201 0.7411498 0.0029436 0.0016766 0.0002478 0.9999942
2.708628 -0.0024849 -0.0135160 0.7744067 0.0026433 0.0015494 -0.0001416 0.9999953
2.812757 -0.0026963 -0.0141531 0.8077127 0.0020145 0.0015976 -0.0002714 0.9999967
2.916881 -0.0027234 -0.0148084 0.8412849 0.0012445 0.0013425 -0.0007957 0.9999980
3.021006 -0.0028017 -0.0154110 0.8747877 0.0011142 0.0013023 -0.0020949 0.9999963
3.125256 -0.0028999 -0.0160128 0.9083654 0.0013500 0.0013976 -0.0032813 0.9999927
3.229379 -0.0031127 -0.0166448 0.9417237 0.0011054 0.0014838 -0.0043985 0.9999886
3.333502 -0.0032490 -0.0172658 0.9754956 0.0011604 0.0013131 -0.0049124 0.9999864
3.437629 -0.0032018 -0.0179665 1.0093119 0.0010588 0.0010136 -0.0042707 0.9999898
3.645880 -0.0033474 -0.0193677 1.0765909 0.0011692 0.0002621 -0.0035313 0.9999930
3.854131 -0.0036795 -0.0204096 1.1452602 0.0008997 -0.0008758 -0.0036794 0.9999924
4.062383 -0.0042405 -0.0215565 1.2134960 0.0001887 -0.0019443 -0.0035276 0.9999919
4.270633 -0.0045462 -0.0227506 1.2824467 -0.0003447 -0.0027816 -0.0018074 0.9999945
4.478884 -0.0051716 -0.0241473 1.3502665 -0.0003141 -0.0028526 -0.0000515 0.9999959
4.687259 -0.0054778 -0.0253388 1.4184359 -0.0009944 -0.0024717 0.0015927 0.9999952
4.895505 -0.0057683 -0.0264775 1.4869232 -0.0002333 -0.0021789 0.0031797 0.9999925
5.103758 -0.0062181 -0.0278896 1.5551357 0.0000273 -0.0015067 0.0019061 0.9999970
5.311998 -0.0070217 -0.0293444 1.6236717 -0.0012768 -0.0008988 -0.0015749 0.9999976
5.520244 -0.0078777 -0.0303452 1.6911408 -0.0012219 -0.0001088 -0.0057566 0.9999827
5.624505 -0.0079020 -0.0310183 1.7247615 -0.0010061 0.0001276 -0.0072508 0.9999732
5.728633 -0.0080559 -0.0315069 1.7585970 -0.0008764 0.0003796 -0.0082352 0.9999656
5.832639 -0.0083015 -0.0321250 1.7918440 -0.0010514 0.0006914 -0.0083200 0.9999646
5.936757 -0.0083903 -0.0326989 1.8251007 -0.0009595 0.0007414 -0.0075008 0.9999712
6.145012 -0.0083408 -0.0339308 1.8921444 -0.0003967 0.0003077 -0.0070442 0.9999751
6.249010 -0.0085742 -0.0346597 1.9253689 -0.0005496 0.0002290 -0.0069560 0.9999756
6.457260 -0.0088657 -0.0358660 1.9912950 -0.0005126 -0.0003721 -0.0068720 0.9999762
6.665511 -0.0091982 -0.0369809 2.0573630 -0.0012196 -0.0015210 -0.0058602 0.9999809
6.873636 -0.0096919 -0.0383101 2.1226244 -0.0016038 -0.0024380 -0.0037377 0.9999887
7.186013 -0.0105502 -0.0402123 2.2200134 -0.0010080 -0.0030073 -0.0030037 0.9999905
7.290011 -0.0109550 -0.0407342 2.2522097 -0.0006877 -0.0028879 -0.0029742 0.9999912
7.394135 -0.0113094 -0.0413402 2.2847080 -0.0002791 -0.0028385 -0.0033627 0.9999903
7.602386 -0.0123035 -0.0425742 2.3491385 -0.0010873 -0.0024142 -0.0046937 0.9999855
7.706383 -0.0128173 -0.0431784 2.3813012 -0.0017712 -0.0023393 -0.0053382 0.9999815
7.914632 -0.0135551 -0.0445437 2.4446476 -0.0000060 -0.0021066 -0.0049966 0.9999853
8.122760 -0.0137418 -0.0456139 2.5089350 -0.0000225 -0.0022959 -0.0032857 0.9999920
8.331011 -0.0140966 -0.0466627 2.5731711 -0.0012352 -0.0017312 -0.0013634 0.9999968
8.539282 -0.0144129 -0.0478374 2.6362896 0.0006755 -0.0008925 -0.0022113 0.9999969
8.747509 -0.0150551 -0.0489819 2.6996918 0.0017565 0.0004161 -0.0048184 0.9999868
8.851635 -0.0153599 -0.0495983 2.7317479 0.0007410 0.0011010 -0.0052219 0.9999855
8.955763 -0.0155510 -0.0503236 2.7637005 -0.0004393 0.0017622 -0.0053950 0.9999838
9.059886 -0.0154240 -0.0508353 2.7957454 -0.0006668 0.0020365 -0.0050408 0.9999850
9.164012 -0.0154605 -0.0512738 2.8277938 -0.0003199 0.0025799 -0.0052356 0.9999829
9.268135 -0.0155493 -0.0518113 2.8596771 -0.0000683 0.0032410 -0.0063126 0.9999748
9.372259 -0.0154455 -0.0525058 2.8916681 0.0000515 0.0037461 -0.0073192 0.9999662
9.476392 -0.0154252 -0.0529460 2.9235494 0.0006484 0.0043717 -0.0077491 0.9999602
9.684640 -0.0150311 -0.0540781 2.9876363 0.0010916 0.0052655 -0.0076804 0.9999561
9.892888 -0.0147434 -0.0552289 3.0516346 0.0002988 0.0060920 -0.0068887 0.9999577
10.101140 -0.0142532 -0.0564684 3.1155245 -0.0000528 0.0062283 -0.0052839 0.9999666
10.309390 -0.0137137 -0.0575872 3.1796272 -0.0001842 0.0057648 -0.0037332 0.9999764
10.517510 -0.0133874 -0.0588774 3.2432396 -0.0007158 0.0046589 -0.0022591 0.9999864
10.621640 -0.0133157 -0.0594203 3.2749658 -0.0007556 0.0042178 -0.0015803 0.9999896
10.725760 -0.0129234 -0.0598478 3.3071477 -0.0007226 0.0033209 -0.0012992 0.9999934
10.934020 -0.0130032 -0.0610363 3.3709419 -0.0003738 0.0023544 -0.0011073 0.9999965
11.142270 -0.0128622 -0.0621222 3.4344654 0.0011266 0.0013801 0.0028330 0.9999944
11.350520 -0.0123008 -0.0633286 3.4983525 -0.0007335 0.0000262 0.0098948 0.9999508
11.558780 -0.0121569 -0.0646249 3.5625207 0.0024431 -0.0004225 0.0111101 0.9999352
11.767160 -0.0126090 -0.0662192 3.6262856 0.0034540 0.0004940 0.0095533 0.9999483
11.871260 -0.0127128 -0.0669294 3.6583865 0.0017669 0.0008865 0.0110202 0.9999373
12.079640 -0.0125712 -0.0683142 3.7223392 -0.0002932 0.0011284 0.0154727 0.9998796
12.287890 -0.0125053 -0.0694537 3.7861366 -0.0007538 0.0016968 0.0153982 0.9998797
12.392020 -0.0126341 -0.0700348 3.8178782 -0.0002137 0.0022415 0.0132749 0.9999093
12.600390 -0.0127120 -0.0710303 3.8823833 0.0013412 0.0030021 0.0098767 0.9999458
12.808640 -0.0125003 -0.0723350 3.9469826 0.0007658 0.0028872 0.0082049 0.9999619
12.912790 -0.0125585 -0.0728987 3.9793925 0.0020687 0.0028111 0.0070668 0.9999689
13.016890 -0.0126572 -0.0735513 4.0116515 0.0035105 0.0026112 0.0051185 0.9999774
13.225270 -0.0128310 -0.0751586 4.0764141 0.0035008 0.0026989 0.0003502 0.9999902
13.433520 -0.0129464 -0.0764512 4.1411719 0.0015208 0.0031237 -0.0016677 0.9999925
13.537640 -0.0128130 -0.0771862 4.1738625 0.0009220 0.0027233 0.0000647 0.9999959
13.641770 -0.0125673 -0.0778502 4.2066922 0.0008266 0.0016111 0.0011935 0.9999976
13.850020 -0.0126789 -0.0792152 4.2720909 0.0052438 -0.0000771 0.0003962 0.9999862
13.954150 -0.0130317 -0.0802199 4.3054409 0.0054308 -0.0004752 -0.0020509 0.9999830
14.162520 -0.0135361 -0.0818218 4.3718519 0.0032613 -0.0004333 -0.0048875 0.9999827
14.370770 -0.0138385 -0.0828517 4.4381399 0.0020750 -0.0002465 -0.0049911 0.9999853
14.579010 -0.0140903 -0.0843017 4.5049381 0.0014559 -0.0000862 -0.0030313 0.9999943
14.787290 -0.0142243 -0.0856429 4.5722747 0.0008542 0.0001757 0.0001404 0.9999996
14.995520 -0.0138366 -0.0868212 4.6397543 0.0001687 0.0003760 0.0037815 0.9999927
15.203790 -0.0142666 -0.0881453 4.7069192 0.0048387 0.0007111 -0.0006537 0.9999878
15.412140 -0.0151199 -0.0897881 4.7749209 0.0029901 0.0021263 -0.0092887 0.9999501
15.620390 -0.0151790 -0.0910997 4.8438773 0.0018021 0.0022925 -0.0088712 0.9999564
15.724520 -0.0149914 -0.0919219 4.8783650 0.0016633 0.0015044 -0.0071518 0.9999719
15.932650 -0.0153324 -0.0933509 4.9475317 0.0022509 0.0008997 -0.0065512 0.9999756
16.140900 -0.0155827 -0.0948407 5.0168891 0.0015945 0.0008586 -0.0077641 0.9999682
16.245020 -0.0157328 -0.0955793 5.0518861 0.0018284 0.0007305 -0.0072180 0.9999720
16.349140 -0.0157667 -0.0961434 5.0867629 0.0025610 0.0004541 -0.0071526 0.9999710
16.453270 -0.0156967 -0.0969566 5.1221466 0.0025884 0.0001585 -0.0065381 0.9999753
16.661520 -0.0163278 -0.0983671 5.1920490 0.0028184 0.0000999 -0.0070966 0.9999709
16.869650 -0.0166538 -0.1000332 5.2631927 0.0029943 -0.0004240 -0.0074125 0.9999679
16.973770 -0.0170069 -0.1006979 5.2987175 0.0031255 -0.0004566 -0.0072202 0.9999689
17.077890 -0.0171047 -0.1016204 5.3344164 0.0029672 -0.0007301 -0.0074086 0.9999679
17.182030 -0.0172065 -0.1023347 5.3702140 0.0031433 -0.0007971 -0.0070472 0.9999699
17.390270 -0.0176074 -0.1041232 5.4416013 0.0029336 -0.0008410 -0.0057214 0.9999790
17.494400 -0.0179418 -0.1049470 5.4773512 0.0025189 -0.0006331 -0.0050719 0.9999838
17.598420 -0.0181435 -0.1057274 5.5132346 0.0025267 -0.0007939 -0.0052254 0.9999828
17.702520 -0.0183309 -0.1064823 5.5494571 0.0027752 -0.0008428 -0.0055949 0.9999802
17.806640 -0.0183645 -0.1074660 5.5855136 0.0029306 -0.0008974 -0.0056900 0.9999791
18.014770 -0.0189349 -0.1091528 5.6566887 0.0015622 -0.0001647 -0.0070089 0.9999742
18.118900 -0.0188145 -0.1099277 5.6927600 0.0012945 -0.0000664 -0.0067438 0.9999764
18.223020 -0.0190066 -0.1104441 5.7288251 0.0022845 0.0002801 -0.0067400 0.9999746
18.327020 -0.0190463 -0.1112646 5.7646179 0.0028244 0.0005172 -0.0065968 0.9999741
18.431150 -0.0192388 -0.1121510 5.8005810 0.0025043 0.0006356 -0.0071779 0.9999709
18.535360 -0.0194411 -0.1129323 5.8366723 0.0019713 0.0006520 -0.0071479 0.9999723
18.639420 -0.0193252 -0.1136938 5.8724608 0.0017457 0.0003692 -0.0070854 0.9999733
18.743480 -0.0196085 -0.1142851 5.9086819 0.0019135 0.0003134 -0.0073680 0.9999710
18.847540 -0.0197990 -0.1150435 5.9446864 0.0018425 0.0004826 -0.0081905 0.9999647
18.951650 -0.0199749 -0.1155818 5.9805746 0.0019187 0.0006381 -0.0086590 0.9999605
19.055650 -0.0202650 -0.1164463 6.0162606 0.0016068 0.0007192 -0.0085806 0.9999616
19.159650 -0.0202898 -0.1172551 6.0525260 0.0014766 0.0006498 -0.0078833 0.9999676
19.263770 -0.0202123 -0.1179604 6.0888162 0.0011460 0.0005001 -0.0068658 0.9999756
19.367870 -0.0200902 -0.1185360 6.1253362 0.0008878 0.0003434 -0.0057772 0.9999828
19.471780 -0.0199057 -0.1193234 6.1614985 0.0011156 0.0000226 -0.0049087 0.9999873
19.575900 -0.0200398 -0.1199599 6.1974492 0.0016587 -0.0000651 -0.0043549 0.9999892
19.679910 -0.0201993 -0.1204886 6.2336121 0.0009869 0.0003192 -0.0035664 0.9999931
19.784020 -0.0202154 -0.1212416 6.2696400 -0.0000068 0.0003671 -0.0026612 0.9999964
19.992130 -0.0207560 -0.1225206 6.3414345 0.0008940 0.0010550 -0.0018895 0.9999973
20.096150 -0.0207569 -0.1230049 6.3780360 0.0012662 0.0012115 -0.0023927 0.9999956
20.200150 -0.0209099 -0.1238107 6.4144983 0.0010950 0.0017126 -0.0032479 0.9999927
20.408270 -0.0208476 -0.1253264 6.4865551 0.0013455 0.0026122 -0.0047436 0.9999844
20.512310 -0.0207154 -0.1261319 6.5227847 0.0014367 0.0029714 -0.0050116 0.9999820
20.720420 -0.0207424 -0.1276069 6.5950055 0.0021323 0.0039528 -0.0050217 0.9999773
20.824520 -0.0205172 -0.1283391 6.6313372 0.0020887 0.0042836 -0.0046921 0.9999776
20.928690 -0.0203026 -0.1291645 6.6675701 0.0014847 0.0045663 -0.0042269 0.9999796
21.032780 -0.0200371 -0.1301231 6.7037330 0.0013210 0.0046868 -0.0038611 0.9999807
21.136780 -0.0198013 -0.1309176 6.7403007 0.0024549 0.0045733 -0.0033419 0.9999809
21.240880 -0.0195797 -0.1316970 6.7764759 0.0035653 0.0045411 -0.0026226 0.9999799
21.344920 -0.0191175 -0.1325039 6.8126454 0.0036361 0.0038365 -0.0027269 0.9999823
21.552900 -0.0192241 -0.1343798 6.8848906 0.0038295 0.0032262 -0.0024179 0.9999846
21.657020 -0.0192409 -0.1351210 6.9217486 0.0042380 0.0028727 -0.0029666 0.9999825
21.761020 -0.0190116 -0.1360241 6.9583626 0.0040560 0.0023991 -0.0024913 0.9999858
21.865030 -0.0188743 -0.1367510 6.9945312 0.0039765 0.0019465 -0.0021690 0.9999878
21.969150 -0.0187214 -0.1376417 7.0309649 0.0033324 0.0014431 -0.0021201 0.9999912
22.073170 -0.0186190 -0.1382603 7.0679517 0.0028398 0.0007930 -0.0030195 0.9999911
22.177150 -0.0187886 -0.1391298 7.1046901 0.0027083 0.0012944 -0.0029410 0.9999912
22.281150 -0.0187388 -0.1400096 7.1410942 0.0028177 0.0016980 -0.0032542 0.9999893
22.385270 -0.0185350 -0.1407474 7.1779881 0.0029139 0.0018094 -0.0025976 0.9999908
22.489270 -0.0183452 -0.1415471 7.2148743 0.0034559 0.0017207 -0.0015515 0.9999914
22.593280 -0.0184961 -0.1426205 7.2516422 0.0043994 0.0020893 -0.0007919 0.9999878
22.697420 -0.0184354 -0.1434474 7.2884488 0.0049225 0.0019626 -0.0005472 0.9999858
22.801400 -0.0183584 -0.1444615 7.3253412 0.0053759 0.0007785 -0.0007371 0.9999850
22.905400 -0.0184968 -0.1454411 7.3621235 0.0049356 -0.0003016 -0.0011502 0.9999871
23.009400 -0.0186740 -0.1464197 7.3993788 0.0032423 -0.0005065 -0.0015572 0.9999934
23.113490 -0.0188622 -0.1472348 7.4366126 0.0017290 -0.0001714 -0.0006669 0.9999983
23.217420 -0.0189794 -0.1479287 7.4739404 0.0014357 -0.0001181 -0.0003086 0.9999989
23.321400 -0.0189593 -0.1486446 7.5110779 0.0020531 -0.0000527 0.0002781 0.9999979
23.425400 -0.0191518 -0.1494797 7.5481486 0.0020648 0.0001467 0.0006589 0.9999976
23.529550 -0.0193637 -0.1503289 7.5856080 0.0018460 0.0002892 0.0007957 0.9999979
23.633550 -0.0193552 -0.1511593 7.6226759 0.0018923 0.0004565 0.0007112 0.9999979
23.737530 -0.0196794 -0.1519292 7.6598878 0.0024007 0.0008243 0.0000054 0.9999968
23.841660 -0.0197189 -0.1527198 7.6970496 0.0027572 0.0011197 -0.0005662 0.9999954
23.945650 -0.0197485 -0.1536151 7.7340064 0.0016934 0.0014946 0.0002227 0.9999974
24.049650 -0.0197301 -0.1543857 7.7712011 0.0012888 0.0015573 0.0008848 0.9999976
24.153670 -0.0196154 -0.1552033 7.8080702 0.0018864 0.0014047 0.0014401 0.9999962
24.257780 -0.0196861 -0.1560207 7.8451195 0.0018343 0.0014959 0.0007107 0.9999970
24.361780 -0.0198974 -0.1569250 7.8824267 0.0028964 0.0014273 -0.0004845 0.9999947
24.465780 -0.0200025 -0.1577881 7.9194016 0.0043824 0.0010191 -0.0011393 0.9999892
24.673900 -0.0202012 -0.1595485 7.9932127 0.0025186 0.0001257 -0.0025425 0.9999936
24.777900 -0.0203418 -0.1603633 8.0299902 0.0011041 -0.0003745 -0.0029548 0.9999949
24.882030 -0.0205136 -0.1610947 8.0665960 0.0017208 -0.0010718 -0.0030111 0.9999934
25.090170 -0.0211789 -0.1627437 8.1396313 0.0018689 -0.0028529 -0.0021159 0.9999920
25.298280 -0.0217648 -0.1646013 8.2124271 0.0018471 -0.0035306 -0.0013595 0.9999911
25.506530 -0.0225523 -0.1662212 8.2855387 0.0024652 -0.0037158 -0.0012615 0.9999893
25.714650 -0.0234013 -0.1680244 8.3583794 0.0027818 -0.0036421 -0.0010479 0.9999889
25.818650 -0.0237932 -0.1688845 8.3947706 0.0031005 -0.0037639 -0.0008385 0.9999878
25.922780 -0.0243273 -0.1696726 8.4315023 0.0031042 -0.0036640 -0.0005015 0.9999883
26.026980 -0.0247477 -0.1705813 8.4679613 0.0034745 -0.0036449 -0.0006515 0.9999871
26.130900 -0.0250966 -0.1716000 8.5045214 0.0040147 -0.0037044 0.0002563 0.9999850
26.235050 -0.0254925 -0.1723785 8.5410604 0.0032815 -0.0037820 0.0007170 0.9999872
26.339150 -0.0257414 -0.1732990 8.5775795 0.0027699 -0.0039284 0.0017087 0.9999870
26.443290 -0.0262090 -0.1740033 8.6142759 0.0034487 -0.0038208 0.0020585 0.9999846
26.547800 -0.0267024 -0.1749790 8.6507425 0.0035935 -0.0037708 0.0012774 0.9999856
26.651410 -0.0270587 -0.1758914 8.6873541 0.0031883 -0.0035459 0.0004574 0.9999885
26.757930 -0.0275890 -0.1765149 8.7240925 0.0029013 -0.0031814 -0.0005052 0.9999906
26.862580 -0.0280583 -0.1773405 8.7604961 0.0030799 -0.0029726 -0.0006220 0.9999906
26.963660 -0.0283576 -0.1782167 8.7975760 0.0035892 -0.0028463 -0.0005969 0.9999893
27.067820 -0.0285959 -0.1792240 8.8342934 0.0034653 -0.0029668 -0.0005571 0.9999894
27.171920 -0.0289836 -0.1800432 8.8710184 0.0036885 -0.0027900 -0.0010518 0.9999887
27.276060 -0.0294255 -0.1808497 8.9078274 0.0037816 -0.0025797 -0.0018502 0.9999878
27.380140 -0.0298942 -0.1816733 8.9443398 0.0035647 -0.0023638 -0.0027834 0.9999870
27.484700 -0.0300683 -0.1825545 8.9808769 0.0039371 -0.0022664 -0.0033028 0.9999842
27.588410 -0.0302906 -0.1833708 9.0174751 0.0043215 -0.0022326 -0.0038316 0.9999808
27.692530 -0.0306490 -0.1842154 9.0540123 0.0044200 -0.0020696 -0.0038905 0.9999805
27.796540 -0.0309149 -0.1850066 9.0910521 0.0040741 -0.0018750 -0.0048561 0.9999781
27.900670 -0.0314789 -0.1858510 9.1280584 0.0040621 -0.0015363 -0.0054902 0.9999755
28.005230 -0.0317210 -0.1867297 9.1650705 0.0044402 -0.0015348 -0.0059272 0.9999714
28.108940 -0.0321842 -0.1875954 9.2021580 0.0043945 -0.0011610 -0.0062279 0.9999703
