0.000000 0.0000000 0.0000000 0.0000000 0.0000000 0.0000000 0.0000000 1.0000000
0.103391 -0.0003605 -0.0002309 0.0758374 0.0023174 0.0007180 -0.0004351 0.9999970
0.207106 -0.0001469 -0.0000764 0.1512301 0.0027218 0.0010814 0.0007625 0.9999954
0.310262 0.0001632 -0.0002597 0.2271393 0.0006558 0.0010314 0.0016119 0.9999980
0.413621 0.0001806 -0.0004033 0.3025740 -0.0023760 0.0007281 0.0028166 0.9999930
0.517929 0.0002539 0.0000133 0.3773030 -0.0022950 0.0001159 0.0045237 0.9999871
0.620389 0.0001964 0.0001235 0.4510365 -0.0009270 -0.0003505 0.0059120 0.9999820
0.724219 -0.0000201 0.0001013 0.5247112 0.0007120 -0.0007307 0.0061869 0.9999803
0.827211 -0.0002707 0.0001366 0.5985272 0.0010471 -0.0011634 0.0060447 0.9999805
0.930557 -0.0006520 0.0001939 0.6717234 0.0002019 -0.0016826 0.0058753 0.9999813
1.034070 -0.0013802 0.0001008 0.7450143 -0.0013462 -0.0020201 0.0056505 0.9999811
1.137438 -0.0017815 0.0004472 0.8176691 -0.0020349 -0.0025362 0.0059181 0.9999772
1.244258 -0.0021177 0.0005618 0.8904279 -0.0025042 -0.0028390 0.0065595 0.9999713
1.344229 -0.0024176 0.0006598 0.9628737 -0.0025855 -0.0033718 0.0066587 0.9999688
1.447568 -0.0031668 0.0009301 1.0348898 -0.0018358 -0.0037519 0.0067253 0.9999686
1.551083 -0.0040830 0.0008890 1.1071070 -0.0010311 -0.0044389 0.0069211 0.9999657
1.654521 -0.0048595 0.0011244 1.1789207 -0.0003195 -0.0052424 0.0075493 0.9999577
1.757843 -0.0058057 0.0009624 1.2505705 -0.0001059 -0.0061116 0.0074058 0.9999539
1.964724 -0.0082836 0.0009552 1.3925261 0.0002793 -0.0078544 0.0059824 0.9999512
2.068236 -0.0098769 0.0007948 1.4632318 -0.0002044 -0.0086375 0.0062560 0.9999431
2.275131 -0.0139744 0.0008425 1.6045684 -0.0011648 -0.0097638 0.0059540 0.9999340
2.482010 -0.0170646 0.0011053 1.7433064 -0.0008658 -0.0114367 0.0065180 0.9999130
2.689023 -0.0210824 0.0014091 1.8803400 -0.0020798 -0.0125735 0.0064386 0.9998981
2.896139 -0.0248080 0.0023821 2.0148594 -0.0040855 -0.0132846 0.0069176 0.9998795
3.103545 -0.0288181 0.0030096 2.1444881 -0.0021857 -0.0141250 0.0058514 0.9998807
3.310078 -0.0331592 0.0031954 2.2707362 -0.0012514 -0.0149620 0.0052183 0.9998736
3.517076 -0.0379928 0.0032924 2.3934624 -0.0005167 -0.0164899 0.0051054 0.9998509
3.724674 -0.0427294 0.0036499 2.5153105 -0.0010518 -0.0186241 0.0050906 0.9998130
3.931241 -0.0481762 0.0039712 2.6346586 -0.0029639 -0.0205754 0.0046276 0.9997732
4.142151 -0.0543566 0.0043934 2.7492521 -0.0026190 -0.0224490 0.0028672 0.9997404
4.345966 -0.0605599 0.0048566 2.8598316 -0.0028674 -0.0241185 0.0017341 0.9997035
4.552519 -0.0665386 0.0057601 2.9693651 -0.0039323 -0.0247372 -0.0001525 0.9996862
4.760815 -0.0730944 0.0055917 3.0721533 -0.0013893 -0.0231713 -0.0025842 0.9997272
4.966824 -0.0782979 0.0061430 3.1745656 -0.0008666 -0.0205073 -0.0035209 0.9997832
5.174268 -0.0833093 0.0060288 3.2743969 -0.0040380 -0.0169629 -0.0079739 0.9998162
5.381142 -0.0868964 0.0073773 3.3684900 -0.0043940 -0.0122222 -0.0121603 0.9998417
5.588095 -0.0892069 0.0075408 3.4582779 -0.0062167 -0.0060475 -0.0167398 0.9998223
5.795223 -0.0898854 0.0080251 3.5404389 -0.0061619 0.0011335 -0.0200370 0.9997796
6.002373 -0.0899754 0.0089297 3.6170626 -0.0046599 0.0087400 -0.0244840 0.9996511
6.105870 -0.0893728 0.0091986 3.6522458 -0.0031920 0.0128781 -0.0253462 0.9995907
6.313021 -0.0868047 0.0092650 3.7184181 -0.0040292 0.0208194 -0.0254184 0.9994519
6.524037 -0.0838302 0.0093593 3.7765090 -0.0047271 0.0292345 -0.0277355 0.9991765
6.727294 -0.0810990 0.0093062 3.8260400 -0.0048618 0.0381657 -0.0320704 0.9987448
7.245330 -0.0666259 0.0085614 3.9314032 -0.0000191 0.0687506 -0.0319965 0.9971206
7.452592 -0.0584684 0.0087196 3.9722190 0.0007972 0.0853996 -0.0328605 0.9958044
7.866988 -0.0367748 0.0078727 4.0489335 0.0019737 0.1253715 -0.0331632 0.9915535
8.074250 -0.0228744 0.0070719 4.0865412 0.0026260 0.1495570 -0.0343582 0.9881525
8.696029 0.0371848 0.0033019 4.1964912 0.0059545 0.2438229 -0.0339954 0.9692055
8.903911 0.0642456 0.0019604 4.2320480 0.0093913 0.2827746 -0.0350994 0.9584980
9.110580 0.0973983 0.0001603 4.2687912 0.0103735 0.3249010 -0.0384556 0.9449089
9.317832 0.1364137 -0.0022571 4.3062224 0.0105853 0.3697535 -0.0414310 0.9281453
9.732384 0.2405422 -0.0085142 4.3778734 0.0123553 0.4678001 -0.0390505 0.8828847
9.939685 0.3060718 -0.0120783 4.4082952 0.0122115 0.5166957 -0.0380211 0.8552373
10.146770 0.3781021 -0.0156876 4.4351521 0.0090190 0.5627926 -0.0395458 0.8256024
10.353670 0.4557367 -0.0198971 4.4537125 0.0126340 0.6043173 -0.0358943 0.7958345
10.562990 0.5407664 -0.0250005 4.4646811 0.0179309 0.6392670 -0.0276214 0.7682794
10.767050 0.6302655 -0.0296216 4.4721622 0.0226431 0.6665722 -0.0253008 0.7446668
10.870220 0.6768050 -0.0326781 4.4743814 0.0243908 0.6775015 -0.0225918 0.7347696
10.973420 0.7246023 -0.0354554 4.4753942 0.0259793 0.6867429 -0.0198557 0.7261646
11.180190 0.8237802 -0.0405145 4.4761267 0.0283037 0.6996640 -0.0181124 0.7136814
11.284150 0.8743328 -0.0435934 4.4760823 0.0282464 0.7045041 -0.0178560 0.7089128
11.488980 0.9791117 -0.0494453 4.4736052 0.0313569 0.7117800 -0.0173647 0.7014873
11.592550 1.0327669 -0.0526905 4.4715314 0.0333584 0.7140429 -0.0165312 0.6991113
11.799490 1.1447834 -0.0585648 4.4684520 0.0314049 0.7168677 -0.0161732 0.6963137
12.004820 1.2612561 -0.0648765 4.4649606 0.0267020 0.7182800 -0.0119581 0.6951387
12.211190 1.3811969 -0.0710777 4.4605408 0.0284886 0.7184277 -0.0098459 0.6949483
12.417650 1.5032527 -0.0762554 4.4567008 0.0346841 0.7172006 -0.0149405 0.6958427
12.624550 1.6289538 -0.0831029 4.4542780 0.0334553 0.7158729 -0.0135527 0.6972969
12.830730 1.7564801 -0.0911826 4.4520063 0.0297654 0.7139976 -0.0114318 0.6994217
13.037710 1.8830940 -0.0983388 4.4489303 0.0370851 0.7115822 -0.0119421 0.7015218
13.244210 2.0110893 -0.1060739 4.4495363 0.0324843 0.7095812 -0.0144947 0.7037252
13.452770 2.1390901 -0.1148810 4.4490728 0.0346414 0.7068413 -0.0104946 0.7064454
13.657960 2.2665601 -0.1222804 4.4503608 0.0353101 0.7044012 -0.0137133 0.7087906
13.864670 2.3944845 -0.1299727 4.4514027 0.0353876 0.7017508 -0.0112535 0.7114542
14.071640 2.5224440 -0.1382435 4.4540067 0.0386415 0.6993254 -0.0091620 0.7136995
14.278600 2.6518133 -0.1466053 4.4571137 0.0388086 0.6971053 -0.0079247 0.7158738
14.485500 2.7812648 -0.1549019 4.4617763 0.0387912 0.6947922 -0.0074439 0.7181252
14.692450 2.9114702 -0.1623556 4.4673033 0.0393236 0.6926623 -0.0085286 0.7201388
14.899490 3.0420213 -0.1705929 4.4743509 0.0379891 0.6909731 -0.0098390 0.7218145
15.106400 3.1733048 -0.1790298 4.4807277 0.0372272 0.6885796 -0.0121433 0.7241028
15.313360 3.3062778 -0.1880015 4.4890723 0.0389770 0.6861277 -0.0144510 0.7262925
15.520220 3.4398937 -0.1971834 4.4989786 0.0359464 0.6840100 -0.0182763 0.7283571
15.727200 3.5746956 -0.2071675 4.5084977 0.0372556 0.6812325 -0.0182610 0.7308905
15.934250 3.7114780 -0.2163903 4.5205913 0.0352940 0.6783577 -0.0195373 0.7336235
16.140910 3.8485582 -0.2273254 4.5335884 0.0354341 0.6746886 -0.0215198 0.7369373
16.348280 3.9855559 -0.2378350 4.5479760 0.0396143 0.6694442 -0.0271614 0.7413079
16.554450 4.1241727 -0.2503015 4.5663004 0.0373614 0.6641291 -0.0299637 0.7460823
16.761400 4.2636256 -0.2631757 4.5846558 0.0352970 0.6585118 -0.0280894 0.7512172
16.968080 4.4049602 -0.2742153 4.6065779 0.0289294 0.6530764 -0.0254000 0.7563128
17.175580 4.5438075 -0.2851422 4.6293597 0.0287976 0.6473657 -0.0249520 0.7612264
17.383340 4.6779923 -0.2951363 4.6533122 0.0327646 0.6429619 -0.0283634 0.7646712
17.588870 4.8104515 -0.3068211 4.6794071 0.0322612 0.6390274 -0.0304040 0.7679054
17.795780 4.9417119 -0.3174731 4.7049999 0.0304468 0.6353903 -0.0257517 0.7711608
18.003090 5.0703182 -0.3275813 4.7321639 0.0246211 0.6328803 -0.0243611 0.7734746
18.209790 5.1948977 -0.3364984 4.7593164 0.0242582 0.6307444 -0.0260506 0.7751738
18.417190 5.3151579 -0.3456505 4.7863474 0.0254819 0.6292033 -0.0305331 0.7762226
18.520470 5.3741889 -0.3503683 4.7996960 0.0274108 0.6283322 -0.0324375 0.7767851
18.727490 5.4912090 -0.3598669 4.8260460 0.0275502 0.6270900 -0.0334793 0.7777392
18.934680 5.6054511 -0.3692019 4.8514152 0.0255631 0.6265597 -0.0317622 0.7783063
19.141510 5.7158575 -0.3781736 4.8759637 0.0249777 0.6272053 -0.0309006 0.7778398
19.351800 5.8224874 -0.3870776 4.8995128 0.0255454 0.6286538 -0.0328363 0.7765718
19.557750 5.9261389 -0.3953608 4.9217591 0.0288471 0.6303852 -0.0331840 0.7750363
19.763960 6.0281124 -0.4035308 4.9435825 0.0268114 0.6323755 -0.0322737 0.7735249
19.969850 6.1253753 -0.4127577 4.9625392 0.0261132 0.6340598 -0.0293654 0.7722849
20.177180 6.2203827 -0.4200272 4.9801474 0.0305664 0.6357203 -0.0279328 0.7708081
20.487640 6.3613744 -0.4314196 5.0072780 0.0318631 0.6372818 -0.0287719 0.7694341
20.694250 6.4571190 -0.4385275 5.0242105 0.0348856 0.6363049 -0.0241944 0.7702686
21.004610 6.6006470 -0.4505087 5.0540667 0.0345717 0.6321676 -0.0243127 0.7736781
21.213570 6.6981072 -0.4575834 5.0754185 0.0343557 0.6264917 -0.0240370 0.7782995
21.524290 6.8479061 -0.4697312 5.1143823 0.0320434 0.6158233 -0.0241736 0.7868612
21.730330 6.9503736 -0.4770606 5.1438313 0.0313465 0.6078764 -0.0287857 0.7928903
21.936170 7.0551848 -0.4853320 5.1759048 0.0313759 0.5990412 -0.0316259 0.7994779
22.141920 7.1638761 -0.4945073 5.2115550 0.0305903 0.5904203 -0.0328381 0.8058472
22.348790 7.2748356 -0.5028220 5.2510428 0.0277647 0.5817289 -0.0326829 0.8122514
22.555690 7.3904128 -0.5111941 5.2925539 0.0255463 0.5725287 -0.0273203 0.8190311
22.762490 7.5086765 -0.5189794 5.3391776 0.0256721 0.5641106 -0.0240647 0.8249491
22.969530 7.6317148 -0.5262151 5.3876095 0.0266028 0.5574728 -0.0143797 0.8296443
23.176610 7.7563772 -0.5340112 5.4395647 0.0281641 0.5510359 -0.0108451 0.8339356
23.384670 7.8797622 -0.5411850 5.4933052 0.0361529 0.5442092 -0.0122278 0.8380810
23.590650 8.0012798 -0.5506170 5.5512648 0.0339588 0.5398327 -0.0158851 0.8409371
23.798210 8.1203403 -0.5607211 5.6090493 0.0339242 0.5359616 -0.0198992 0.8433257
24.004580 8.2359304 -0.5707243 5.6656308 0.0345789 0.5322475 -0.0236068 0.8455529
24.213210 8.3500710 -0.5807552 5.7223301 0.0325390 0.5285781 -0.0221625 0.8479712
24.422100 8.4598398 -0.5904819 5.7781463 0.0303749 0.5253184 -0.0215241 0.8500910
24.625310 8.5665302 -0.5994527 5.8334913 0.0310465 0.5223609 -0.0224232 0.8518641
24.832200 8.6706963 -0.6081073 5.8873320 0.0316703 0.5206370 -0.0203369 0.8529481
25.039090 8.7712851 -0.6165212 5.9402752 0.0315325 0.5188211 -0.0201780 0.8540627
25.245970 8.8684778 -0.6249929 5.9916139 0.0336219 0.5161900 -0.0197205 0.8555867
25.452750 8.9628448 -0.6330843 6.0413575 0.0349211 0.5131349 -0.0177217 0.8574142
25.659630 9.0536060 -0.6410366 6.0912809 0.0356524 0.5099875 -0.0165467 0.8592833
25.866530 9.1423120 -0.6488109 6.1407089 0.0362714 0.5067014 -0.0155525 0.8612179
26.177790 9.2725754 -0.6604518 6.2163000 0.0389864 0.5002225 -0.0169420 0.8648528
26.384510 9.3563509 -0.6687132 6.2673068 0.0413279 0.4942733 -0.0232935 0.8680111
26.590190 9.4397516 -0.6768390 6.3201675 0.0430862 0.4876019 -0.0287346 0.8715287
26.796950 9.5256395 -0.6855330 6.3763480 0.0378807 0.4816854 -0.0316007 0.8749546
27.003850 9.6132097 -0.6947025 6.4364185 0.0296531 0.4755110 -0.0337972 0.8785601
27.210600 9.7028418 -0.7027878 6.4979687 0.0269209 0.4685781 -0.0363636 0.8822628
27.417420 9.7942667 -0.7106461 6.5647936 0.0276389 0.4618790 -0.0402270 0.8855990
27.624170 9.8890676 -0.7193797 6.6353741 0.0267239 0.4548731 -0.0424488 0.8891425
27.831080 9.9858789 -0.7288139 6.7100458 0.0234307 0.4473577 -0.0441132 0.8929592
28.037820 10.0858936 -0.7371039 6.7893724 0.0226299 0.4390578 -0.0435557 0.8971171
28.244420 10.1875057 -0.7458240 6.8732858 0.0216225 0.4299824 -0.0456257 0.9014243
28.451340 10.2904711 -0.7538344 6.9628649 0.0208495 0.4232810 -0.0462728 0.9045758
28.660870 10.3970499 -0.7630246 7.0540667 0.0214225 0.4190667 -0.0437347 0.9066485
28.866830 10.5068779 -0.7724150 7.1486602 0.0233654 0.4153726 -0.0373997 0.9085819
29.073550 10.6184683 -0.7812526 7.2456751 0.0236658 0.4115197 -0.0315018 0.9105487
29.279330 10.7297955 -0.7906329 7.3463807 0.0237096 0.4076881 -0.0313604 0.9122745
29.486390 10.8414803 -0.7996583 7.4513278 0.0216632 0.4035471 -0.0368425 0.9139601
29.692890 10.9547749 -0.8084762 7.5582843 0.0160448 0.3996553 -0.0360312 0.9158165
29.899820 11.0686913 -0.8157006 7.6667447 0.0121723 0.3947144 -0.0324113 0.9181513
30.106560 11.1823874 -0.8227247 7.7758403 0.0188178 0.3889064 -0.0262962 0.9207097
30.313330 11.2946835 -0.8311474 7.8869128 0.0259888 0.3819067 -0.0243988 0.9235131
30.520070 11.4063396 -0.8397819 8.0023069 0.0246655 0.3745532 -0.0196346 0.9266693
30.726980 11.5172396 -0.8487818 8.1189747 0.0289105 0.3678976 -0.0174524 0.9292529
30.933840 11.6273966 -0.8583046 8.2392483 0.0294079 0.3632492 -0.0166169 0.9310795
31.142770 11.7385616 -0.8676063 8.3610878 0.0275150 0.3607045 -0.0119738 0.9321973
31.347740 11.8484297 -0.8765332 8.4828844 0.0260987 0.3602452 -0.0096120 0.9324430
31.555590 11.9572134 -0.8846719 8.6031513 0.0259205 0.3605092 -0.0110292 0.9323302
31.661730 12.0114679 -0.8887988 8.6644039 0.0258386 0.3613526 -0.0130839 0.9319793
31.763200 12.0659561 -0.8931306 8.7249012 0.0259908 0.3625431 -0.0150729 0.9314826
31.865880 12.1205950 -0.8973785 8.7852106 0.0249552 0.3638373 -0.0169286 0.9309742
31.970850 12.1756191 -0.9017038 8.8458967 0.0243163 0.3654428 -0.0180139 0.9303418
32.176640 12.2860012 -0.9105060 8.9645872 0.0214858 0.3686390 -0.0179085 0.9291517
32.382560 12.3964634 -0.9195472 9.0817642 0.0235314 0.3724522 -0.0172579 0.9275925
32.589890 12.5060596 -0.9278015 9.1966658 0.0292257 0.3766752 -0.0242249 0.9255673
32.796560 12.6173210 -0.9379512 9.3108959 0.0237694 0.3814768 -0.0246872 0.9237429
33.003430 12.7284374 -0.9470364 9.4229107 0.0213736 0.3859688 -0.0244305 0.9219406
33.211600 12.8408394 -0.9558671 9.5324402 0.0231607 0.3898942 -0.0224587 0.9202943
33.417090 12.9543591 -0.9646839 9.6402731 0.0269766 0.3945400 -0.0207159 0.9182490
33.520520 13.0112972 -0.9693175 9.6941776 0.0267751 0.3969649 -0.0208170 0.9172070
33.727760 13.1268787 -0.9784027 9.8015604 0.0265277 0.4024922 -0.0212970 0.9147911
33.830820 13.1848640 -0.9824938 9.8565741 0.0266561 0.4060876 -0.0228807 0.9131587
34.037880 13.3017969 -0.9928679 9.9619398 0.0295846 0.4133372 -0.0287858 0.9096419
34.244700 13.4221201 -1.0031344 10.0649948 0.0269962 0.4210243 -0.0282793 0.9062064
34.451590 13.5475206 -1.0141023 10.1691742 0.0180432 0.4292921 -0.0273650 0.9025707
34.659100 13.6739388 -1.0210781 10.2716255 0.0175226 0.4379776 -0.0292246 0.8983399
34.866170 13.8040333 -1.0301396 10.3690481 0.0257445 0.4451286 -0.0297257 0.8946028
35.176790 14.0034742 -1.0465654 10.5124502 0.0260020 0.4569730 -0.0243185 0.8887678
35.486280 14.1992455 -1.0620283 10.6499853 0.0266099 0.4680345 -0.0230580 0.8830085
35.693160 14.3310232 -1.0727925 10.7372837 0.0245724 0.4734077 -0.0189911 0.8802958
35.900040 14.4599085 -1.0819116 10.8227959 0.0239364 0.4782285 -0.0200748 0.8776796
36.108200 14.5857525 -1.0911775 10.9033861 0.0284302 0.4816611 -0.0224627 0.8756082
36.417070 14.7736006 -1.1067151 11.0222197 0.0235274 0.4860915 -0.0187472 0.8733900
36.623970 14.8968019 -1.1147377 11.0966358 0.0251499 0.4885975 -0.0140989 0.8720328
36.934690 15.0743484 -1.1268218 11.2039347 0.0332281 0.4912974 -0.0200152 0.8701277
37.040370 15.1331072 -1.1313262 11.2380142 0.0358049 0.4922003 -0.0192370 0.8695325
37.244700 15.2501736 -1.1408678 11.3086262 0.0246343 0.4952375 -0.0175186 0.8682316
37.347880 15.3074217 -1.1446155 11.3438053 0.0193015 0.4967529 -0.0186984 0.8674759
37.554790 15.4199085 -1.1517148 11.4101181 0.0223667 0.4989473 -0.0196275 0.8661213
37.658150 15.4753771 -1.1552533 11.4419937 0.0239974 0.5001373 -0.0197225 0.8653888
37.761670 15.5307074 -1.1588892 11.4741116 0.0232298 0.5014521 -0.0194967 0.8646537
37.865070 15.5853958 -1.1628892 11.5057735 0.0223278 0.5027037 -0.0195962 0.8639482
37.968550 15.6393843 -1.1665299 11.5362501 0.0220529 0.5037754 -0.0194263 0.8633346
38.072390 15.6931915 -1.1699029 11.5666046 0.0229863 0.5052302 -0.0190548 0.8624679
38.176120 15.7460928 -1.1738877 11.5960293 0.0242036 0.5070326 -0.0190474 0.8613764
38.278810 15.7986202 -1.1774898 11.6247234 0.0249730 0.5090025 -0.0196748 0.8601778
38.485830 15.9016409 -1.1846259 11.6810255 0.0268255 0.5137725 -0.0211123 0.8572470
38.589330 15.9529886 -1.1887263 11.7087650 0.0287341 0.5166317 -0.0216147 0.8554524
38.796340 16.0571289 -1.1969572 11.7613869 0.0308450 0.5225264 -0.0231834 0.8517495
39.003240 16.1639194 -1.2051377 11.8152008 0.0284152 0.5285537 -0.0264818 0.8480108
39.210380 16.2726955 -1.2139552 11.8677979 0.0292949 0.5348086 -0.0280569 0.8439990
39.417430 16.3838196 -1.2227185 11.9198265 0.0305646 0.5416415 -0.0323544 0.8394305
39.624300 16.4987297 -1.2327607 11.9708290 0.0318598 0.5481853 -0.0344685 0.8350388
39.831290 16.6177425 -1.2431777 12.0208931 0.0337290 0.5547163 -0.0347515 0.8306289
40.038300 16.7418022 -1.2540350 12.0703220 0.0332386 0.5613858 -0.0328880 0.8262321
40.141680 16.8058929 -1.2595869 12.0955763 0.0314001 0.5647283 -0.0326786 0.8240316
40.350540 16.9367313 -1.2699300 12.1442165 0.0298089 0.5703096 -0.0290871 0.8203733
40.556060 17.0724392 -1.2796263 12.1936684 0.0250933 0.5753903 -0.0255376 0.8170949
40.764080 17.2113380 -1.2896651 12.2410622 0.0315269 0.5793849 -0.0253699 0.8140489
40.865860 17.2800674 -1.2944360 12.2648544 0.0379202 0.5812705 -0.0276083 0.8123574
41.072760 17.4242439 -1.3072124 12.3118153 0.0438516 0.5848389 -0.0244875 0.8095930
41.282760 17.5752621 -1.3213602 12.3592825 0.0419087 0.5890154 -0.0171405 0.8068523
41.486770 17.7254200 -1.3339068 12.4074974 0.0448084 0.5926864 -0.0249936 0.8037975
41.693290 17.8781109 -1.3475412 12.4551020 0.0414138 0.5970045 -0.0265855 0.8007270
41.900180 18.0336952 -1.3618581 12.5020370 0.0387389 0.6017619 -0.0272720 0.7972692
42.106940 18.1920700 -1.3766295 12.5462427 0.0410029 0.6057069 -0.0280747 0.7941346
42.313830 18.3525696 -1.3910660 12.5888968 0.0423998 0.6090483 -0.0257217 0.7915812
42.520590 18.5140762 -1.4058484 12.6310749 0.0425802 0.6118288 -0.0247644 0.7894550
42.727360 18.6774426 -1.4208163 12.6735992 0.0402561 0.6140361 -0.0243405 0.7878747
42.934150 18.8403645 -1.4358004 12.7154961 0.0390764 0.6157227 -0.0270193 0.7865295
43.140760 19.0024929 -1.4505583 12.7560329 0.0393896 0.6172215 -0.0274299 0.7853239
43.347610 19.1652851 -1.4650651 12.7963276 0.0373629 0.6185043 -0.0252144 0.7844875
43.555160 19.3281136 -1.4795574 12.8356628 0.0372125 0.6198692 -0.0255313 0.7834064
43.762280 19.4900379 -1.4944463 12.8737545 0.0411281 0.6212091 -0.0279877 0.7820643
43.971430 19.6515331 -1.5099181 12.9118042 0.0387678 0.6234855 -0.0282357 0.7803625
44.176790 19.8144112 -1.5243032 12.9486952 0.0353003 0.6263646 -0.0249569 0.7783305
44.382090 19.9761715 -1.5378875 12.9840498 0.0352377 0.6296035 -0.0260739 0.7756790
44.589150 20.1385727 -1.5512097 13.0182199 0.0352269 0.6329387 -0.0261654 0.7729574
44.796760 20.2989540 -1.5645720 13.0497131 0.0345088 0.6360022 -0.0258735 0.7704809
45.003060 20.4605179 -1.5778908 13.0810299 0.0334487 0.6391706 -0.0277221 0.7678370
45.209900 20.6220055 -1.5904026 13.1122503 0.0309590 0.6423483 -0.0306237 0.7651747
45.416890 20.7832489 -1.6044838 13.1414976 0.0317651 0.6446830 -0.0361145 0.7629355
45.520350 20.8636627 -1.6117920 13.1559725 0.0319212 0.6460108 -0.0373627 0.7617449
45.727180 21.0256329 -1.6264164 13.1833544 0.0290294 0.6487225 -0.0359645 0.7596202
45.830550 21.1060944 -1.6335329 13.1972342 0.0278839 0.6501081 -0.0347875 0.7585326
45.933940 21.1871567 -1.6402789 13.2095327 0.0280073 0.6513228 -0.0342283 0.7575108
46.140840 21.3468685 -1.6537105 13.2340174 0.0284249 0.6542215 -0.0350591 0.7549550
46.244200 21.4266682 -1.6604414 13.2461634 0.0295345 0.6560775 -0.0361030 0.7532507
46.451100 21.5874157 -1.6733865 13.2667971 0.0290960 0.6598234 -0.0297033 0.7502695
46.554470 21.6682453 -1.6804359 13.2769032 0.0298820 0.6618217 -0.0297350 0.7484751
46.761380 21.8237228 -1.6941742 13.2959557 0.0398628 0.6651499 -0.0371383 0.7447197
46.968250 21.9819221 -1.7101717 13.3139725 0.0371248 0.6692454 -0.0389292 0.7410916
47.175200 22.1379585 -1.7261637 13.3299742 0.0311739 0.6731881 -0.0367288 0.7379003
47.382040 22.2920570 -1.7402291 13.3444185 0.0273898 0.6780772 -0.0386511 0.7334625
47.588920 22.4464016 -1.7535708 13.3567057 0.0226973 0.6834747 -0.0380649 0.7286277
47.795800 22.5989723 -1.7651836 13.3653975 0.0266150 0.6881958 -0.0384714 0.7240153
48.105950 22.8279781 -1.7855046 13.3749685 0.0261093 0.6951247 -0.0373371 0.7174439
48.209330 22.9048595 -1.7915877 13.3774090 0.0265662 0.6974012 -0.0362640 0.7152697
48.416100 23.0554218 -1.8042129 13.3802395 0.0292606 0.7006525 -0.0378107 0.7118990
48.622870 23.2056465 -1.8180090 13.3817749 0.0319621 0.7029309 -0.0353321 0.7096606
48.829380 23.3577099 -1.8313231 13.3825111 0.0319052 0.7044154 -0.0324337 0.7083283
49.036150 23.5088692 -1.8444182 13.3832607 0.0336273 0.7054064 -0.0310793 0.7073225
49.242780 23.6572056 -1.8576279 13.3829412 0.0366809 0.7052783 -0.0301684 0.7073379
49.452210 23.8042049 -1.8711920 13.3838167 0.0381673 0.7044818 -0.0294180 0.7080842
49.553030 23.8760872 -1.8777016 13.3844929 0.0390017 0.7038265 -0.0286100 0.7087232
49.759580 24.0172539 -1.8912221 13.3862467 0.0384719 0.7021851 -0.0267786 0.7104498
49.966330 24.1558285 -1.9035691 13.3895292 0.0361662 0.6999791 -0.0249338 0.7128111
50.172720 24.2908936 -1.9153446 13.3944197 0.0331242 0.6973434 -0.0265237 0.7154799
50.379340 24.4222775 -1.9265727 13.3995132 0.0329054 0.6944300 -0.0275404 0.7182797
50.586570 24.5504570 -1.9370114 13.4053745 0.0299238 0.6919689 -0.0266784 0.7208133
50.896200 24.7330494 -1.9512122 13.4159889 0.0297628 0.6877122 -0.0274670 0.7248529
50.999580 24.7909260 -1.9561939 13.4194040 0.0302442 0.6864229 -0.0283046 0.7260219
51.206270 24.9041405 -1.9654913 13.4276276 0.0300240 0.6841018 -0.0308910 0.7281134
51.413610 25.0126019 -1.9748026 13.4360018 0.0288805 0.6815209 -0.0322815 0.7305157
51.516920 25.0651073 -1.9794921 13.4397097 0.0285337 0.6802173 -0.0323691 0.7317393
51.723400 25.1661911 -1.9880193 13.4490290 0.0286542 0.6779633 -0.0352476 0.7336909
51.930130 25.2639980 -1.9967201 13.4585161 0.0276333 0.6758987 -0.0358350 0.7356040
52.136910 25.3589420 -2.0049362 13.4679976 0.0272485 0.6736880 -0.0363127 0.7376201
52.343730 25.4495621 -2.0130248 13.4773159 0.0274497 0.6714364 -0.0376184 0.7395976
52.550540 25.5369339 -2.0209908 13.4871445 0.0283658 0.6697540 -0.0386129 0.7410357
52.757460 25.6220455 -2.0282712 13.4968615 0.0289955 0.6685618 -0.0399541 0.7420162
52.964300 25.7066765 -2.0362465 13.5063944 0.0296709 0.6680644 -0.0406656 0.7423988
53.171240 25.7929134 -2.0437717 13.5162773 0.0290043 0.6687040 -0.0412803 0.7418151
53.378120 25.8803387 -2.0516036 13.5253983 0.0291304 0.6699415 -0.0408569 0.7407162
53.585110 25.9692364 -2.0607061 13.5334330 0.0347672 0.6712430 -0.0402603 0.7393262
53.792070 26.0617886 -2.0684404 13.5421791 0.0382560 0.6728629 -0.0427365 0.7375402
53.999020 26.1591492 -2.0781343 13.5504494 0.0388944 0.6743218 -0.0402462 0.7363135
54.205940 26.2603836 -2.0885646 13.5576229 0.0406530 0.6757803 -0.0346607 0.7351646
54.412740 26.3640118 -2.0983863 13.5671778 0.0398934 0.6773927 -0.0386278 0.7335227
54.619690 26.4725685 -2.1087236 13.5742016 0.0422155 0.6783504 -0.0341087 0.7327313
54.826640 26.5836601 -2.1197948 13.5827217 0.0416684 0.6798148 -0.0354923 0.7313384
55.033520 26.6985397 -2.1303780 13.5913582 0.0424929 0.6808783 -0.0384178 0.7301528
55.240380 26.8169079 -2.1423190 13.5986185 0.0422575 0.6819896 -0.0391783 0.7290882
55.447050 26.9399776 -2.1551239 13.6073923 0.0405747 0.6834274 -0.0409420 0.7277393
55.653990 27.0648060 -2.1688166 13.6149511 0.0465812 0.6843023 -0.0429730 0.7264392
55.860740 27.1924953 -2.1832395 13.6219339 0.0483412 0.6849249 -0.0421665 0.7257844
56.067460 27.3243065 -2.1986856 13.6283712 0.0481559 0.6859038 -0.0362167 0.7251933
56.274290 27.4580479 -2.2124989 13.6354752 0.0503483 0.6864935 -0.0360836 0.7244928
56.481050 27.5937939 -2.2271826 13.6420784 0.0512917 0.6866105 -0.0351884 0.7243597
56.687660 27.7333927 -2.2426488 13.6500425 0.0507265 0.6860223 -0.0335845 0.7250326
56.894350 27.8742256 -2.2580590 13.6581841 0.0497414 0.6850556 -0.0328869 0.7260462
57.100960 28.0167580 -2.2737069 13.6662321 0.0494003 0.6837078 -0.0313499 0.7274066
57.307630 28.1634865 -2.2887642 13.6764278 0.0501494 0.6821561 -0.0304624 0.7288484
57.514200 28.3114700 -2.3037860 13.6865396 0.0508644 0.6801472 -0.0284874 0.7307538
57.720780 28.4637184 -2.3193939 13.6977348 0.0515931 0.6779121 -0.0278228 0.7328023
57.927360 28.6157246 -2.3350942 13.7108545 0.0523070 0.6757650 -0.0283023 0.7347140
58.133900 28.7690582 -2.3516347 13.7250538 0.0512170 0.6738217 -0.0306917 0.7364776
58.340500 28.9236774 -2.3685844 13.7406340 0.0499806 0.6724048 -0.0313167 0.7378299
58.547070 29.0790958 -2.3853972 13.7557392 0.0479422 0.6713327 -0.0298053 0.7390031
58.753660 29.2366352 -2.4010663 13.7715359 0.0498589 0.6706346 -0.0295636 0.7395197
58.960410 29.3930168 -2.4170845 13.7874517 0.0476479 0.6702966 -0.0300448 0.7399523
59.270460 29.6242542 -2.4415939 13.8113708 0.0463500 0.6699272 -0.0316706 0.7403015
59.477160 29.7783852 -2.4580357 13.8277225 0.0460136 0.6696973 -0.0324786 0.7404953
59.683780 29.9322147 -2.4747531 13.8435125 0.0461722 0.6694533 -0.0326630 0.7406980
59.890360 30.0829544 -2.4912310 13.8592501 0.0457628 0.6692195 -0.0327091 0.7409326
60.097040 30.2354851 -2.5080566 13.8757267 0.0481937 0.6689084 -0.0327039 0.7410596
60.303580 30.3875885 -2.5239205 13.8919086 0.0470976 0.6680456 -0.0293795 0.7420470
60.510030 30.5380917 -2.5404508 13.9073782 0.0532764 0.6659853 -0.0285631 0.7435116
60.716680 30.6886368 -2.5568960 13.9241438 0.0567998 0.6635023 -0.0274231 0.7455109
60.923310 30.8389397 -2.5746276 13.9428968 0.0584835 0.6609399 -0.0268256 0.7476754
61.233200 31.0633888 -2.6000929 13.9734783 0.0546840 0.6567056 -0.0249499 0.7517479
61.439830 31.2128334 -2.6163142 13.9961309 0.0526061 0.6530578 -0.0256623 0.7550428
61.646430 31.3592777 -2.6316879 14.0190239 0.0514941 0.6485361 -0.0262507 0.7589862
61.853030 31.5069523 -2.6471136 14.0452738 0.0511891 0.6425850 -0.0284037 0.7639747
62.059540 31.6555405 -2.6638241 14.0744581 0.0505409 0.6353505 -0.0302286 0.7699751
62.266190 31.7992611 -2.6800241 14.1057243 0.0496626 0.6280561 -0.0309105 0.7759663
62.472790 31.9454937 -2.6961255 14.1394005 0.0485391 0.6212674 -0.0318111 0.7814466
62.679430 32.0913200 -2.7130854 14.1761112 0.0476182 0.6161622 -0.0324437 0.7855088
62.886160 32.2398376 -2.7295668 14.2143011 0.0470584 0.6121721 -0.0333481 0.7886183
63.092920 32.3888359 -2.7458112 14.2540445 0.0468363 0.6085515 -0.0336003 0.7914180
63.299560 32.5370598 -2.7623172 14.2955408 0.0467562 0.6049029 -0.0336964 0.7942109
63.506200 32.6848183 -2.7788608 14.3387957 0.0452676 0.6014044 -0.0330311 0.7969772
63.712840 32.8305473 -2.7948484 14.3821115 0.0436815 0.5976338 -0.0315523 0.7999564
64.022620 33.0467644 -2.8189306 14.4498644 0.0435063 0.5920513 -0.0327982 0.8040564
64.332410 33.2603111 -2.8425727 14.5202961 0.0412135 0.5870020 -0.0344176 0.8078029
64.539060 33.4008484 -2.8577113 14.5681906 0.0375828 0.5853954 -0.0363229 0.8090614
64.745710 33.5392036 -2.8721266 14.6162148 0.0398055 0.5844822 -0.0409077 0.8093964
64.952280 33.6770325 -2.8871181 14.6637964 0.0365735 0.5841861 -0.0412767 0.8097439
65.158820 33.8126755 -2.9021592 14.7110310 0.0323311 0.5843195 -0.0406442 0.8098601
65.365480 33.9477654 -2.9156764 14.7569542 0.0328547 0.5847068 -0.0404249 0.8095704
65.571960 34.0819016 -2.9280918 14.8017645 0.0341289 0.5851580 -0.0378104 0.8093181
65.778660 34.2152443 -2.9424016 14.8464975 0.0348733 0.5853678 -0.0374733 0.8091503
66.088540 34.4165916 -2.9629166 14.9148579 0.0389398 0.5856897 -0.0392366 0.8086480
66.295140 34.5538483 -2.9773049 14.9605503 0.0372720 0.5859181 -0.0381171 0.8086148
66.503710 34.6937103 -2.9915640 15.0071650 0.0398590 0.5857091 -0.0390402 0.8085988
66.712060 34.8349686 -3.0064018 15.0546656 0.0400923 0.5856664 -0.0386044 0.8086390
66.914810 34.9799538 -3.0219495 15.1030598 0.0401847 0.5854585 -0.0363394 0.8088900
67.122370 35.1271439 -3.0372064 15.1515055 0.0437293 0.5848694 -0.0336722 0.8092476
67.327990 35.2749939 -3.0529923 15.2002974 0.0460152 0.5837766 -0.0301761 0.8100474
67.534610 35.4216805 -3.0685322 15.2498779 0.0451269 0.5831114 -0.0281052 0.8106508
67.741230 35.5695381 -3.0842185 15.3003941 0.0404679 0.5827748 -0.0255437 0.8112234
68.051170 35.7889061 -3.1060045 15.3755693 0.0437419 0.5819161 -0.0266590 0.8116339
68.361010 36.0043526 -3.1284325 15.4496164 0.0425001 0.5812582 -0.0238046 0.8122597
68.567750 36.1445122 -3.1425908 15.4979677 0.0420923 0.5814158 -0.0244650 0.8121486
68.774690 36.2811890 -3.1560969 15.5443878 0.0411280 0.5819735 -0.0223695 0.8118590
68.981020 36.4142342 -3.1690459 15.5897675 0.0403468 0.5829656 -0.0216013 0.8112069
69.187640 36.5440025 -3.1812732 15.6331959 0.0434953 0.5839298 -0.0231266 0.8103082
69.394410 36.6707306 -3.1950650 15.6758976 0.0463996 0.5849349 -0.0270089 0.8093013
69.704490 36.8600655 -3.2148495 15.7380514 0.0429766 0.5865858 -0.0250681 0.8083574
70.014150 37.0460587 -3.2339766 15.7983961 0.0445625 0.5872619 -0.0239515 0.8078143
70.324290 37.2302170 -3.2523196 15.8583832 0.0467212 0.5872983 -0.0236306 0.8076753
70.530930 37.3539581 -3.2648804 15.8983459 0.0479283 0.5872002 -0.0244780 0.8076507
70.841960 37.5391273 -3.2839277 15.9589128 0.0473851 0.5867669 -0.0232433 0.8080340
71.151220 37.7217941 -3.3032925 16.0197964 0.0456567 0.5849653 -0.0211320 0.8094965
71.359740 37.8397217 -3.3155828 16.0601559 0.0453032 0.5832882 -0.0229032 0.8106775
71.668000 38.0086708 -3.3329482 16.1195049 0.0440607 0.5812560 -0.0238571 0.8121766
71.977870 38.1692467 -3.3503218 16.1769314 0.0426237 0.5800401 -0.0237429 0.8131254
72.288020 38.3250580 -3.3662543 16.2308006 0.0432679 0.5784155 -0.0224469 0.8142847
72.601510 38.4702034 -3.3814955 16.2835121 0.0430237 0.5770857 -0.0233814 0.8152143
72.804810 38.5632858 -3.3909698 16.3169327 0.0429274 0.5762594 -0.0234611 0.8158014
73.011570 38.6527367 -3.4000828 16.3496056 0.0414329 0.5756899 -0.0239578 0.8162662
73.218200 38.7384491 -3.4086051 16.3809109 0.0410556 0.5751140 -0.0234323 0.8167064
73.425090 38.8207474 -3.4170656 16.4107132 0.0425907 0.5744899 -0.0248591 0.8170247
73.632800 38.8986473 -3.4251833 16.4403381 0.0439241 0.5738690 -0.0270108 0.8173221
73.838630 38.9731293 -3.4327960 16.4673576 0.0454026 0.5732777 -0.0261737 0.8176835
74.045380 39.0443382 -3.4407499 16.4935608 0.0435114 0.5740898 -0.0260775 0.8172194
74.252330 39.1106644 -3.4482372 16.5175362 0.0426485 0.5752045 -0.0256936 0.8164929
74.459100 39.1724625 -3.4545896 16.5402012 0.0422391 0.5762799 -0.0254009 0.8157647
74.665890 39.2321129 -3.4606667 16.5612354 0.0418709 0.5771186 -0.0245865 0.8152156
74.872800 39.2872734 -3.4662905 16.5812721 0.0414723 0.5781261 -0.0244859 0.8145248
75.079510 39.3395462 -3.4716940 16.5999489 0.0403793 0.5789430 -0.0253613 0.8139725
75.906260 39.5265274 -3.4894621 16.6651573 0.0406613 0.5792786 -0.0261172 0.8136957
76.112930 39.5703545 -3.4938543 16.6815262 0.0400886 0.5774409 -0.0267007 0.8150104
76.422600 39.6367607 -3.5004227 16.7071705 0.0405460 0.5699661 -0.0269147 0.8202257
76.628920 39.6826706 -3.5047174 16.7263165 0.0406814 0.5611497 -0.0282906 0.8262298
76.938900 39.7525139 -3.5120804 16.7586975 0.0404111 0.5420470 -0.0300872 0.8388366
77.248120 39.8216667 -3.5199027 16.7978554 0.0415358 0.5160677 -0.0333292 0.8548906
77.557920 39.8868523 -3.5266550 16.8409119 0.0414740 0.4897825 -0.0390635 0.8699811
77.868560 39.9482765 -3.5337265 16.8810406 0.0404234 0.4893211 -0.0442784 0.8700404
78.490350 40.0673409 -3.5487714 16.9380798 0.0443610 0.5363261 -0.0392622 0.8419293
78.800950 40.1322365 -3.5569510 16.9614983 0.0447377 0.5636745 -0.0369675 0.8239557
79.114220 40.1988487 -3.5646865 16.9805470 0.0468175 0.5832897 -0.0338955 0.8102051
79.422000 40.2632866 -3.5720828 16.9994640 0.0453251 0.5946856 -0.0309562 0.8020825
79.733660 40.3207130 -3.5787745 17.0166912 0.0461585 0.5917988 -0.0299285 0.8042064
80.350710 40.4113960 -3.5894971 17.0563278 0.0407211 0.5579865 -0.0348106 0.8281190
80.555530 40.4341049 -3.5924466 17.0669918 0.0449314 0.5443974 -0.0303854 0.8370720
80.864960 40.4613609 -3.5958447 17.0841866 0.0463816 0.5230213 -0.0341722 0.8503703
81.174860 40.4847908 -3.5985343 17.1018372 0.0421189 0.5043344 -0.0364062 0.8617119
82.001790 40.5260391 -3.6037309 17.1393661 0.0371457 0.4668258 -0.0468754 0.8823245
82.415420 40.5407524 -3.6053097 17.1500607 0.0362648 0.4562945 -0.0403272 0.8881745
82.726180 40.5471497 -3.6060328 17.1585827 0.0335250 0.4491379 -0.0459179 0.8916517
