0.000000 0.0000000 0.0000000 0.0000000 0.0000000 0.0000000 0.0000000 1.0000000
0.103391 -0.0003075 -0.0002427 0.0759536 0.0023016 0.0007178 -0.0004197 0.9999970
0.207106 -0.0001442 -0.0000977 0.1515330 0.0027197 0.0010983 0.0007475 0.9999954
0.310262 0.0001374 -0.0003116 0.2275537 0.0006263 0.0010512 0.0016173 0.9999979
0.413621 0.0002140 -0.0004458 0.3031015 -0.0023966 0.0007214 0.0028417 0.9999928
0.517929 0.0003106 0.0000152 0.3779102 -0.0022881 0.0001147 0.0045427 0.9999871
0.620389 0.0002488 0.0001212 0.4518409 -0.0009304 -0.0003604 0.0059496 0.9999818
0.724219 -0.0000028 0.0001299 0.5256526 0.0007218 -0.0007289 0.0062243 0.9999801
0.827211 -0.0002874 0.0001088 0.5993783 0.0010305 -0.0011608 0.0060825 0.9999803
0.930557 -0.0006342 0.0001626 0.6728041 0.0001893 -0.0017040 0.0059037 0.9999811
1.034070 -0.0011731 0.0000978 0.7461618 -0.0013589 -0.0020833 0.0057731 0.9999802
1.137438 -0.0015231 0.0003302 0.8189023 -0.0020688 -0.0026028 0.0059718 0.9999766
1.244258 -0.0020723 0.0004538 0.8918424 -0.0025374 -0.0028740 0.0065316 0.9999713
1.447568 -0.0034006 0.0010889 1.0363626 -0.0018377 -0.0036938 0.0067980 0.9999684
1.551083 -0.0039464 0.0013946 1.1088532 -0.0008224 -0.0045095 0.0070095 0.9999650
1.757843 -0.0055678 0.0012530 1.2522950 -0.0000186 -0.0061921 0.0075187 0.9999526
1.964724 -0.0084275 0.0010183 1.3943886 0.0003118 -0.0078194 0.0059623 0.9999516
2.171620 -0.0116522 0.0010389 1.5361345 -0.0007413 -0.0091244 0.0058609 0.9999409
2.378626 -0.0151844 0.0009520 1.6758025 -0.0011277 -0.0105174 0.0062994 0.9999242
2.585514 -0.0187849 0.0014482 1.8131400 -0.0010093 -0.0118916 0.0061845 0.9999096
2.793694 -0.0223233 0.0018698 1.9487644 -0.0034549 -0.0129050 0.0067473 0.9998880
2.896139 -0.0244849 0.0021069 2.0155160 -0.0042220 -0.0131935 0.0066569 0.9998819
3.103545 -0.0287252 0.0029261 2.1455591 -0.0021943 -0.0139831 0.0055914 0.9998842
3.206573 -0.0309348 0.0032558 2.2087302 -0.0013630 -0.0143318 0.0054151 0.9998817
3.413963 -0.0352845 0.0031090 2.3338273 -0.0010479 -0.0155327 0.0051849 0.9998654
3.517076 -0.0374366 0.0032424 2.3960516 -0.0005441 -0.0165662 0.0049514 0.9998503
3.620721 -0.0403597 0.0031156 2.4566040 -0.0006839 -0.0173976 0.0049815 0.9998360
3.724674 -0.0425359 0.0037272 2.5173476 -0.0010857 -0.0185654 0.0048638 0.9998152
3.827725 -0.0449213 0.0038995 2.5777092 -0.0022155 -0.0196130 0.0051754 0.9997918
3.931241 -0.0478682 0.0040965 2.6367567 -0.0029467 -0.0205241 0.0045715 0.9997746
4.034871 -0.0506565 0.0043188 2.6948786 -0.0030762 -0.0215464 0.0039488 0.9997553
4.142151 -0.0537457 0.0043806 2.7526779 -0.0026127 -0.0224454 0.0026508 0.9997411
4.243437 -0.0569502 0.0049096 2.8092914 -0.0022188 -0.0234196 0.0018639 0.9997215
4.449183 -0.0627063 0.0053781 2.9187944 -0.0037311 -0.0247939 0.0008534 0.9996852
4.656235 -0.0697273 0.0055193 3.0254200 -0.0029538 -0.0241641 -0.0020885 0.9997014
4.863788 -0.0757824 0.0055461 3.1282473 -0.0005732 -0.0220469 -0.0033403 0.9997512
5.073257 -0.0807429 0.0065316 3.2303536 -0.0021310 -0.0188553 -0.0060180 0.9998018
5.277498 -0.0850322 0.0063394 3.3265636 -0.0044107 -0.0148078 -0.0107381 0.9998230
5.484644 -0.0880961 0.0072170 3.4187961 -0.0056121 -0.0091490 -0.0146226 0.9998355
5.691619 -0.0893373 0.0074306 3.5044870 -0.0061436 -0.0024241 -0.0185957 0.9998053
5.898736 -0.0901310 0.0079366 3.5845740 -0.0061217 0.0051314 -0.0225725 0.9997133
6.313021 -0.0867419 0.0083304 3.7227175 -0.0042481 0.0209797 -0.0257288 0.9994398
6.524037 -0.0834521 0.0084848 3.7803326 -0.0049245 0.0293233 -0.0280737 0.9991635
6.727294 -0.0807042 0.0085573 3.8293312 -0.0050401 0.0382526 -0.0323391 0.9987320
7.038067 -0.0727500 0.0080358 3.8938112 -0.0027563 0.0543153 -0.0308044 0.9980447
7.245330 -0.0662464 0.0080612 3.9350460 -0.0001415 0.0688490 -0.0321833 0.9971078
7.452592 -0.0580818 0.0082132 3.9753761 0.0007124 0.0854923 -0.0330404 0.9957906
7.663357 -0.0478293 0.0077774 4.0133648 0.0008913 0.1043658 -0.0322160 0.9940166
8.177962 -0.0150158 0.0063877 4.1077442 0.0023919 0.1628750 -0.0360850 0.9859837
8.488779 0.0132700 0.0043019 4.1634035 0.0029556 0.2080338 -0.0365825 0.9774328
8.696029 0.0372217 0.0029437 4.1991825 0.0058262 0.2439437 -0.0343750 0.9691625
8.903911 0.0645757 0.0016607 4.2349248 0.0093254 0.2828838 -0.0354486 0.9584535
9.110580 0.0974779 -0.0000935 4.2713237 0.0103193 0.3250147 -0.0389806 0.9448489
9.732384 0.2391195 -0.0087626 4.3791299 0.0123910 0.4679134 -0.0395110 0.8828037
9.939685 0.3040195 -0.0124972 4.4097619 0.0121574 0.5169394 -0.0385567 0.8550668
10.146770 0.3761823 -0.0161487 4.4363794 0.0090489 0.5629768 -0.0400080 0.8254542
10.353670 0.4528964 -0.0205339 4.4547553 0.0126272 0.6045284 -0.0364110 0.7956508
10.562990 0.5369191 -0.0252584 4.4650216 0.0181067 0.6393560 -0.0280843 0.7681844
10.767050 0.6253051 -0.0300035 4.4727101 0.0228476 0.6667488 -0.0257006 0.7444888
10.870220 0.6714593 -0.0329095 4.4747171 0.0246467 0.6776205 -0.0230069 0.7346385
10.973420 0.7189441 -0.0357461 4.4757967 0.0262255 0.6868427 -0.0203140 0.7260487
11.077200 0.7676466 -0.0382979 4.4763770 0.0271799 0.6941209 -0.0186008 0.7191045
11.284150 0.8675863 -0.0438666 4.4765158 0.0285422 0.7046157 -0.0182828 0.7087792
11.488980 0.9717026 -0.0499145 4.4740949 0.0315590 0.7119293 -0.0177790 0.7013164
11.695270 1.0791124 -0.0562785 4.4710226 0.0335530 0.7158664 -0.0164903 0.6972356
11.901710 1.1936688 -0.0622086 4.4682784 0.0286057 0.7180890 -0.0148674 0.6952041
12.108000 1.3108914 -0.0685076 4.4633865 0.0270403 0.7186006 -0.0104165 0.6948190
12.314500 1.4296508 -0.0745194 4.4591951 0.0317845 0.7182157 -0.0125078 0.6949816
12.521050 1.5515383 -0.0805090 4.4560251 0.0354119 0.7166650 -0.0151562 0.6963531
12.727430 1.6773392 -0.0879633 4.4526772 0.0313394 0.7149831 -0.0116624 0.6983416
12.934130 1.8025696 -0.0957625 4.4504318 0.0348298 0.7128755 -0.0108175 0.7003416
13.141650 1.9273107 -0.1029348 4.4496393 0.0356358 0.7107835 -0.0144784 0.7023583
13.348030 2.0539694 -0.1115763 4.4498668 0.0329383 0.7080776 -0.0120020 0.7052639
13.554880 2.1801727 -0.1189494 4.4497013 0.0367382 0.7057413 -0.0124458 0.7074069
13.761270 2.3069651 -0.1270518 4.4516859 0.0353494 0.7031172 -0.0140736 0.7100554
13.968170 2.4340706 -0.1357203 4.4531159 0.0374502 0.7006309 -0.0101368 0.7124683
14.175050 2.5616832 -0.1442625 4.4561257 0.0389720 0.6984500 -0.0091129 0.7145388
14.382120 2.6899219 -0.1522322 4.4595771 0.0394006 0.6958258 -0.0072075 0.7170928
14.588970 2.8182662 -0.1595599 4.4657264 0.0388457 0.6937907 -0.0094764 0.7190658
14.795970 2.9469044 -0.1676468 4.4715576 0.0386749 0.6918671 -0.0095940 0.7209246
15.002870 3.0766640 -0.1761037 4.4784427 0.0371695 0.6899799 -0.0113347 0.7227847
15.209870 3.2069762 -0.1846006 4.4863896 0.0383315 0.6875534 -0.0141527 0.7249832
15.520220 3.4043152 -0.1982920 4.5000916 0.0363549 0.6842296 -0.0184871 0.7281253
15.727200 3.5376022 -0.2083768 4.5096030 0.0375837 0.6814362 -0.0185377 0.7306767
16.039410 3.7400753 -0.2233088 4.5277238 0.0355994 0.6769074 -0.0196756 0.7349434
16.244300 3.8744256 -0.2335525 4.5413361 0.0383972 0.6725934 -0.0255435 0.7385739
16.554450 4.0777512 -0.2513043 4.5652695 0.0373162 0.6642705 -0.0306471 0.7459310
16.864710 4.2845249 -0.2698202 4.5943203 0.0324671 0.6560580 -0.0277684 0.7535003
17.073430 4.4227223 -0.2805080 4.6169939 0.0281879 0.6504869 -0.0248888 0.7585860
17.383340 4.6229029 -0.2961272 4.6516800 0.0327393 0.6433133 -0.0288763 0.7643574
17.588870 4.7535491 -0.3077912 4.6770625 0.0322753 0.6393254 -0.0308768 0.7676379
17.795780 4.8830094 -0.3182440 4.7021170 0.0305248 0.6356834 -0.0262659 0.7708988
18.003090 5.0099716 -0.3285633 4.7285743 0.0247589 0.6331172 -0.0246494 0.7732671
18.209790 5.1327972 -0.3372446 4.7554183 0.0243953 0.6309787 -0.0264337 0.7749658
18.417190 5.2512474 -0.3462184 4.7820306 0.0255364 0.6294524 -0.0310202 0.7759995
18.623970 5.3673334 -0.3556060 4.8077121 0.0286749 0.6278386 -0.0331038 0.7771104
18.830950 5.4805131 -0.3652068 4.8334322 0.0266089 0.6270879 -0.0326760 0.7778078
19.038030 5.5913005 -0.3740999 4.8583603 0.0254266 0.6269750 -0.0313874 0.7779915
19.245500 5.6977725 -0.3829002 4.8823009 0.0247417 0.6283249 -0.0320667 0.7768959
19.452110 5.8009276 -0.3917987 4.9040508 0.0276251 0.6299102 -0.0339922 0.7754318
19.660070 5.9016104 -0.3998402 4.9247561 0.0280475 0.6315295 -0.0331871 0.7741334
19.866980 6.0000162 -0.4084738 4.9444342 0.0252039 0.6332727 -0.0310875 0.7728932
20.073350 6.0945206 -0.4165796 4.9620624 0.0281156 0.6347973 -0.0288875 0.7716265
20.280310 6.1871638 -0.4234600 4.9796357 0.0309920 0.6364021 -0.0291365 0.7701837
20.590890 6.3257442 -0.4347046 5.0053082 0.0336917 0.6372554 -0.0264207 0.7694623
20.797730 6.4195414 -0.4418579 5.0221143 0.0357979 0.6355576 -0.0232426 0.7708728
21.108200 6.5606418 -0.4534638 5.0533934 0.0347408 0.6296990 -0.0235350 0.7757051
21.316100 6.6573334 -0.4608717 5.0763593 0.0337487 0.6233590 -0.0233101 0.7808593
21.624800 6.8055916 -0.4726604 5.1165638 0.0315936 0.6118796 -0.0271983 0.7898515
21.833000 6.9070702 -0.4802957 5.1466255 0.0310748 0.6033717 -0.0308200 0.7962582
22.038410 7.0108619 -0.4888012 5.1794410 0.0306793 0.5949029 -0.0326819 0.8025467
22.141920 7.0639291 -0.4931372 5.1971340 0.0306802 0.5905671 -0.0328427 0.8057361
22.348790 7.1732416 -0.5015173 5.2357063 0.0278487 0.5817806 -0.0324847 0.8122195
22.555690 7.2865615 -0.5099159 5.2767620 0.0256692 0.5726889 -0.0271071 0.8189223
22.659440 7.3442817 -0.5140220 5.2995729 0.0240078 0.5682764 -0.0264138 0.8220632
22.865960 7.4621644 -0.5207170 5.3460970 0.0266303 0.5606308 -0.0199546 0.8273970
22.969530 7.5231824 -0.5241721 5.3697214 0.0268709 0.5575506 -0.0141491 0.8295873
23.176610 7.6447759 -0.5318699 5.4208999 0.0283956 0.5512358 -0.0107383 0.8337970
23.384670 7.7651620 -0.5390689 5.4739032 0.0363619 0.5444950 -0.0121221 0.8378878
23.590650 7.8853927 -0.5482461 5.5305738 0.0342443 0.5399659 -0.0157225 0.8408430
23.798210 8.0023270 -0.5581428 5.5868478 0.0341797 0.5360121 -0.0196988 0.8432880
24.004580 8.1155071 -0.5679416 5.6422701 0.0348714 0.5323236 -0.0233895 0.8454990
24.213210 8.2275286 -0.5776985 5.6978812 0.0328212 0.5286478 -0.0221187 0.8479181
24.422100 8.3347788 -0.5873920 5.7526226 0.0306210 0.5254033 -0.0213093 0.8500351
24.625310 8.4390974 -0.5959867 5.8067579 0.0314111 0.5224624 -0.0222114 0.8517940
24.832200 8.5408106 -0.6045364 5.8589897 0.0319886 0.5206514 -0.0201687 0.8529315
25.039090 8.6387377 -0.6131543 5.9107633 0.0317141 0.5189579 -0.0199465 0.8539784
25.245970 8.7337551 -0.6211417 5.9604464 0.0339258 0.5161767 -0.0195513 0.8555866
25.452750 8.8255072 -0.6291391 6.0090652 0.0352110 0.5132192 -0.0175097 0.8573562
25.659630 8.9141426 -0.6367683 6.0575056 0.0359983 0.5099970 -0.0163617 0.8592668
25.866530 9.0006905 -0.6444619 6.1057177 0.0366331 0.5066871 -0.0152694 0.8612160
26.177790 9.1276436 -0.6560823 6.1792593 0.0392557 0.5001898 -0.0166706 0.8648648
26.384510 9.2092981 -0.6640719 6.2282963 0.0416175 0.4941773 -0.0230192 0.8680592
26.590190 9.2904844 -0.6723017 6.2801819 0.0432496 0.4875689 -0.0284660 0.8715479
26.900360 9.4165106 -0.6857544 6.3640327 0.0337769 0.4785982 -0.0322349 0.8767918
27.210600 9.5464048 -0.6980762 6.4542875 0.0269794 0.4687355 -0.0361537 0.8821859
27.417420 9.6361179 -0.7060825 6.5199189 0.0275509 0.4620949 -0.0400376 0.8854977
27.624170 9.7287025 -0.7141430 6.5882745 0.0269012 0.4550354 -0.0422235 0.8890648
27.831080 9.8233557 -0.7237669 6.6607008 0.0234761 0.4474274 -0.0436563 0.8929455
28.037820 9.9203911 -0.7318321 6.7376118 0.0226493 0.4390999 -0.0432197 0.8971123
28.244420 10.0184603 -0.7400136 6.8189788 0.0216890 0.4300451 -0.0453386 0.9014074
28.451340 10.1192188 -0.7482777 6.9059730 0.0207500 0.4232764 -0.0458466 0.9046019
28.660870 10.2228680 -0.7576836 6.9946952 0.0212838 0.4190468 -0.0432364 0.9066848
28.866830 10.3297586 -0.7666807 7.0864944 0.0232246 0.4153069 -0.0367973 0.9086400
29.073550 10.4380646 -0.7749456 7.1807594 0.0236198 0.4115092 -0.0306958 0.9105823
29.279330 10.5461235 -0.7837240 7.2782836 0.0237073 0.4076021 -0.0308524 0.9123303
29.486390 10.6544924 -0.7923768 7.3803596 0.0217066 0.4034894 -0.0362764 0.9140072
29.692890 10.7649479 -0.8005569 7.4848213 0.0162777 0.3995950 -0.0353295 0.9158661
29.899820 10.8758993 -0.8078276 7.5909142 0.0122436 0.3947815 -0.0317556 0.9181445
30.106560 10.9867744 -0.8146782 7.6965303 0.0189562 0.3888421 -0.0255115 0.9207560
30.313330 11.0966187 -0.8223079 7.8054299 0.0262802 0.3818971 -0.0236727 0.9235278
30.520070 11.2059908 -0.8309622 7.9178991 0.0249240 0.3744602 -0.0189207 0.9267148
30.623580 11.2604342 -0.8354556 7.9747653 0.0260750 0.3709900 -0.0168784 0.9281172
30.830330 11.3677702 -0.8440439 8.0903234 0.0298846 0.3653647 -0.0172854 0.9302241
30.933840 11.4218435 -0.8489382 8.1494713 0.0297493 0.3632264 -0.0159164 0.9310898
31.142770 11.5298977 -0.8581065 8.2677336 0.0277619 0.3606820 -0.0112436 0.9322078
31.347740 11.6369295 -0.8669741 8.3864298 0.0262560 0.3601845 -0.0089632 0.9324685
31.555590 11.7433805 -0.8749821 8.5046339 0.0260965 0.3605112 -0.0103780 0.9323320
31.763200 11.8489027 -0.8829211 8.6232786 0.0261824 0.3625718 -0.0145342 0.9314746
31.970850 11.9554443 -0.8914072 8.7417421 0.0244000 0.3655809 -0.0176149 0.9302930
32.176640 12.0628309 -0.8997563 8.8569717 0.0216602 0.3686826 -0.0175103 0.9291380
32.382560 12.1704941 -0.9086242 8.9707079 0.0236858 0.3724495 -0.0167154 0.9275995
32.589890 12.2765331 -0.9172248 9.0826101 0.0292186 0.3768007 -0.0237128 0.9255297
32.796560 12.3851089 -0.9269677 9.1939611 0.0237956 0.3815538 -0.0241439 0.9237248
33.003430 12.4925842 -0.9358423 9.3028946 0.0214256 0.3861260 -0.0238590 0.9218885
33.211600 12.6019201 -0.9442023 9.4093542 0.0233318 0.3900323 -0.0218738 0.9202456
33.417090 12.7120457 -0.9528531 9.5138264 0.0270196 0.3947245 -0.0202182 0.9181796
33.623980 12.8233213 -0.9614891 9.6189537 0.0265412 0.3996226 -0.0213494 0.9160467
33.830820 12.9361029 -0.9700405 9.7234030 0.0266773 0.4061188 -0.0224768 0.9131542
33.934650 12.9928312 -0.9749681 9.7741194 0.0283247 0.4096045 -0.0256065 0.9114637
34.142230 13.1078215 -0.9852200 9.8750916 0.0309005 0.4169761 -0.0287047 0.9079384
34.244700 13.1677313 -0.9902491 9.9262199 0.0270363 0.4209667 -0.0275116 0.9062556
34.348070 13.2280807 -0.9949391 9.9774828 0.0210489 0.4250354 -0.0282062 0.9044923
34.555090 13.3506289 -1.0025966 10.0790520 0.0163390 0.4335189 -0.0287275 0.9005383
34.659100 13.4120207 -1.0066574 10.1270466 0.0176596 0.4380297 -0.0287729 0.8983263
34.866170 13.5383797 -1.0153576 10.2224512 0.0259158 0.4453601 -0.0294139 0.8944929
35.074860 13.6673298 -1.0255558 10.3163891 0.0273644 0.4533460 -0.0270472 0.8905038
35.279490 13.7963266 -1.0362400 10.4079905 0.0257877 0.4612111 -0.0238453 0.8865950
35.486280 13.9241848 -1.0463152 10.4960032 0.0267180 0.4682734 -0.0228268 0.8828845
35.589680 13.9885740 -1.0512859 10.5389500 0.0261339 0.4711130 -0.0198260 0.8814627
35.693160 14.0523157 -1.0562747 10.5809746 0.0248157 0.4736930 -0.0190225 0.8801348
35.796540 14.1151009 -1.0607233 10.6229162 0.0233467 0.4760023 -0.0192813 0.8789226
36.006010 14.2390652 -1.0702929 10.7040482 0.0258852 0.4804870 -0.0205034 0.8763800
36.108200 14.2996426 -1.0748411 10.7425041 0.0285244 0.4820479 -0.0224681 0.8753921
36.313700 14.4215136 -1.0845035 10.8203096 0.0263114 0.4852148 -0.0222971 0.8737146
36.417070 14.4826908 -1.0894353 10.8576155 0.0237142 0.4863678 -0.0188692 0.8732284
36.623970 14.6021719 -1.0969168 10.9300938 0.0254871 0.4890310 -0.0140798 0.8717803
36.727360 14.6603279 -1.1008284 10.9656782 0.0273953 0.4902805 -0.0143299 0.8710161
36.934690 14.7737894 -1.1098951 11.0352354 0.0331459 0.4921387 -0.0200082 0.8696554
37.141020 14.8867483 -1.1191598 11.1017256 0.0321253 0.4944446 -0.0175586 0.8684378
37.347880 14.9987488 -1.1281934 11.1705332 0.0187255 0.4977050 -0.0188221 0.8669399
37.554790 15.1080685 -1.1349620 11.2342243 0.0218066 0.4997736 -0.0198143 0.8656548
37.865070 15.2675285 -1.1460984 11.3260384 0.0217533 0.5034705 -0.0197094 0.8635136
38.072390 15.3723307 -1.1526839 11.3851595 0.0224525 0.5061092 -0.0191551 0.8619643
38.382320 15.5246611 -1.1628940 11.4691114 0.0252892 0.5122116 -0.0206050 0.8582396
38.589330 15.6239176 -1.1704890 11.5222750 0.0281235 0.5174528 -0.0218006 0.8549715
38.796340 15.7251425 -1.1780809 11.5732603 0.0303853 0.5233747 -0.0233830 0.8512396
39.003240 15.8285723 -1.1862482 11.6255884 0.0277134 0.5295359 -0.0268100 0.8474107
39.210380 15.9342289 -1.1944472 11.6759415 0.0286990 0.5356323 -0.0284334 0.8434844
39.417430 16.0416870 -1.2029346 11.7262611 0.0298826 0.5425698 -0.0327818 0.8388387
39.624300 16.1533108 -1.2124394 11.7755356 0.0311923 0.5491249 -0.0348689 0.8344298
39.831290 16.2687263 -1.2223941 11.8237104 0.0330942 0.5556322 -0.0352147 0.8300226
39.934800 16.3281326 -1.2276875 11.8474226 0.0333519 0.5588619 -0.0343652 0.8278768
40.038300 16.3887997 -1.2328641 11.8711891 0.0326301 0.5622311 -0.0333704 0.8256621
40.141680 16.4506893 -1.2382379 11.8955088 0.0308019 0.5655883 -0.0331651 0.8234447
40.245190 16.5136452 -1.2432474 11.9192705 0.0292456 0.5684804 -0.0317607 0.8215631
40.350540 16.5775909 -1.2480733 11.9424791 0.0292181 0.5711345 -0.0296140 0.8198016
40.452080 16.6428299 -1.2531432 11.9663420 0.0263513 0.5736029 -0.0277784 0.8182382
40.660160 16.7759361 -1.2625850 12.0128107 0.0261055 0.5782750 -0.0245489 0.8150545
40.865860 16.9101048 -1.2722261 12.0573444 0.0373244 0.5820243 -0.0281462 0.8118266
41.072760 17.0485039 -1.2837580 12.1016645 0.0432528 0.5855243 -0.0251559 0.8091092
41.282760 17.1925201 -1.2973770 12.1469440 0.0413307 0.5897941 -0.0177856 0.8062992
41.486770 17.3364944 -1.3095732 12.1928329 0.0442764 0.5934656 -0.0254845 0.8032364
41.693290 17.4824162 -1.3224876 12.2380838 0.0408557 0.5978236 -0.0272174 0.8001231
41.900180 17.6306038 -1.3362319 12.2820597 0.0381891 0.6024982 -0.0279529 0.7967159
42.106940 17.7821941 -1.3499568 12.3241796 0.0405555 0.6064165 -0.0283847 0.7936049
42.313830 17.9370422 -1.3636644 12.3655825 0.0419518 0.6098239 -0.0262710 0.7909897
42.520590 18.0934143 -1.3779397 12.4057274 0.0421353 0.6125235 -0.0251598 0.7889275
42.727360 18.2498341 -1.3918874 12.4463081 0.0398110 0.6147389 -0.0249263 0.7873308
42.934150 18.4068050 -1.4064202 12.4861307 0.0387158 0.6164555 -0.0274215 0.7859591
43.140760 18.5630779 -1.4203082 12.5246019 0.0390003 0.6179122 -0.0281267 0.7847754
43.347610 18.7191563 -1.4344434 12.5626459 0.0369883 0.6191142 -0.0257702 0.7840060
43.555160 18.8758659 -1.4486272 12.5998974 0.0368726 0.6204225 -0.0258401 0.7829742
43.762280 19.0328388 -1.4626557 12.6367712 0.0406229 0.6218073 -0.0287406 0.7815877
43.971430 19.1888885 -1.4779069 12.6729431 0.0384488 0.6239758 -0.0286546 0.7799711
44.176790 19.3464260 -1.4915323 12.7081013 0.0348304 0.6267782 -0.0256013 0.7779977
44.382090 19.5026054 -1.5048198 12.7420301 0.0348931 0.6300464 -0.0265240 0.7753196
44.589150 19.6590767 -1.5180488 12.7741203 0.0347884 0.6332515 -0.0265482 0.7727079
44.899580 19.8895969 -1.5372020 12.8196249 0.0337859 0.6380638 -0.0269463 0.7687698
45.107140 20.0433903 -1.5495960 12.8489408 0.0319513 0.6412801 -0.0287588 0.7661018
45.313460 20.1963921 -1.5624878 12.8768988 0.0304247 0.6438512 -0.0336953 0.7638027
45.520350 20.3487587 -1.5754249 12.9039984 0.0316705 0.6463810 -0.0374781 0.7614354
45.727180 20.5027409 -1.5896795 12.9295788 0.0287769 0.6490821 -0.0359106 0.7593252
45.933940 20.6567936 -1.6024462 12.9540691 0.0278960 0.6515747 -0.0342085 0.7572991
46.140840 20.8083191 -1.6151892 12.9765282 0.0284531 0.6544317 -0.0347991 0.7547838
46.347740 20.9630890 -1.6276882 12.9978247 0.0314242 0.6583958 -0.0308281 0.7513834
46.554470 21.1157722 -1.6411350 13.0170603 0.0300689 0.6620895 -0.0291017 0.7482557
46.657980 21.1903915 -1.6471336 13.0257654 0.0352937 0.6634623 -0.0329191 0.7466515
46.864950 21.3389015 -1.6616592 13.0426054 0.0412193 0.6673034 -0.0384312 0.7426507
46.968250 21.4145527 -1.6688462 13.0508852 0.0378133 0.6693361 -0.0380674 0.7410197
47.175200 21.5641670 -1.6837466 13.0661421 0.0319030 0.6732522 -0.0359765 0.7378478
47.278520 21.6383686 -1.6907775 13.0732317 0.0304727 0.6755263 -0.0371503 0.7357687
47.485460 21.7861004 -1.7034860 13.0863743 0.0252391 0.6809345 -0.0378040 0.7309323
47.588920 21.8593731 -1.7099413 13.0916014 0.0234490 0.6834755 -0.0372585 0.7286448
47.795800 22.0037231 -1.7225657 13.0998468 0.0273338 0.6882318 -0.0370872 0.7240266
48.105950 22.2215996 -1.7409586 13.1091681 0.0268955 0.6952262 -0.0362650 0.7173716
48.209330 22.2950001 -1.7465147 13.1110106 0.0273220 0.6973912 -0.0352823 0.7153001
48.416100 22.4388485 -1.7589396 13.1141291 0.0299792 0.7007191 -0.0367182 0.7118607
48.622870 22.5831909 -1.7721447 13.1155062 0.0325526 0.7029820 -0.0343973 0.7096291
48.829380 22.7282066 -1.7851254 13.1164999 0.0325791 0.7045092 -0.0313043 0.7082552
49.139410 22.9440041 -1.8037083 13.1169529 0.0355260 0.7055528 -0.0298120 0.7071382
49.346620 23.0845680 -1.8162743 13.1171732 0.0383685 0.7050766 -0.0286137 0.7075140
49.553030 23.2223568 -1.8293567 13.1183224 0.0395275 0.7039822 -0.0276196 0.7085788
49.759580 23.3574886 -1.8421011 13.1198254 0.0391642 0.7022901 -0.0256229 0.7103509
49.966330 23.4897861 -1.8536898 13.1233377 0.0367446 0.7002125 -0.0238922 0.7125878
50.069330 23.5555134 -1.8595606 13.1243916 0.0355310 0.6987949 -0.0234862 0.7140529
50.276120 23.6819229 -1.8703729 13.1291409 0.0334943 0.6958960 -0.0265465 0.7168697
50.483680 23.8051987 -1.8799787 13.1347656 0.0326175 0.6932657 -0.0258573 0.7194790
50.691000 23.9251213 -1.8900043 13.1412487 0.0291704 0.6907713 -0.0257948 0.7220241
50.896200 24.0394745 -1.8990130 13.1474886 0.0305464 0.6877311 -0.0260496 0.7248546
50.999580 24.0942230 -1.9033728 13.1508751 0.0310473 0.6864759 -0.0270987 0.7259838
51.206270 24.2009144 -1.9122475 13.1585417 0.0307400 0.6841626 -0.0295933 0.7280803
51.413610 24.3035889 -1.9209113 13.1665792 0.0295617 0.6815742 -0.0313011 0.7304813
51.622300 24.4019318 -1.9293270 13.1747398 0.0292801 0.6792214 -0.0319787 0.7326516
51.826760 24.4972038 -1.9375077 13.1835394 0.0288165 0.6771422 -0.0343121 0.7344867
52.033540 24.5890293 -1.9455825 13.1924591 0.0277173 0.6748232 -0.0349816 0.7366286
52.240390 24.6777248 -1.9532847 13.2012548 0.0279283 0.6725146 -0.0357727 0.7386910
52.447130 24.7627296 -1.9607530 13.2106400 0.0291693 0.6706719 -0.0365336 0.7402794
52.654640 24.8444214 -1.9681200 13.2200422 0.0292775 0.6693075 -0.0381387 0.7414281
52.860930 24.9249096 -1.9753506 13.2292671 0.0298960 0.6683674 -0.0394774 0.7421811
53.067800 25.0054588 -1.9828718 13.2385292 0.0304000 0.6684991 -0.0396852 0.7420310
53.274690 25.0880299 -1.9899522 13.2479362 0.0289505 0.6694081 -0.0398971 0.7412576
53.481550 25.1725407 -1.9979877 13.2557945 0.0319661 0.6707340 -0.0395706 0.7399515
53.688500 25.2578392 -2.0066655 13.2632313 0.0381907 0.6721610 -0.0396706 0.7383544
53.895510 25.3487453 -2.0140514 13.2720118 0.0392563 0.6737825 -0.0413932 0.7367243
54.102390 25.4439049 -2.0239758 13.2785940 0.0412580 0.6750842 -0.0340797 0.7357973
54.309430 25.5408821 -2.0336518 13.2872829 0.0408357 0.6769516 -0.0359630 0.7340134
54.619690 25.6949368 -2.0480287 13.2986736 0.0429522 0.6785744 -0.0329147 0.7325357
54.826640 25.8025036 -2.0584497 13.3073702 0.0424894 0.6800833 -0.0342268 0.7311018
55.136960 25.9680614 -2.0738678 13.3187170 0.0447732 0.6817327 -0.0373768 0.7292728
55.343740 26.0847607 -2.0861106 13.3274469 0.0415902 0.6830386 -0.0388214 0.7281631
55.550620 26.2018318 -2.0985422 13.3348198 0.0447655 0.6842364 -0.0398852 0.7267914
55.860740 26.3849316 -2.1184151 13.3451281 0.0493529 0.6853240 -0.0405135 0.7254336
56.067460 26.5113926 -2.1332343 13.3509312 0.0492979 0.6862918 -0.0342455 0.7248452
56.274290 26.6403637 -2.1467328 13.3576908 0.0513654 0.6869045 -0.0340935 0.7241280
56.481050 26.7711945 -2.1604862 13.3637886 0.0522234 0.6870024 -0.0334774 0.7240025
56.687660 26.9058037 -2.1753564 13.3716650 0.0517772 0.6865116 -0.0317475 0.7245778
56.894350 27.0436478 -2.1899374 13.3795166 0.0511018 0.6855699 -0.0307999 0.7255576
57.100960 27.1837559 -2.2053494 13.3875055 0.0506561 0.6842539 -0.0292678 0.7268934
57.307630 27.3275452 -2.2199576 13.3970699 0.0514276 0.6826822 -0.0283942 0.7283502
57.514200 27.4723511 -2.2349164 13.4068050 0.0520983 0.6807053 -0.0261859 0.7302331
57.720780 27.6210823 -2.2501469 13.4174824 0.0529170 0.6784477 -0.0252353 0.7323058
57.927360 27.7716713 -2.2651391 13.4299212 0.0538523 0.6761760 -0.0258308 0.7343151
58.133900 27.9238911 -2.2815597 13.4436970 0.0529083 0.6742463 -0.0279807 0.7360772
58.340500 28.0774059 -2.2976303 13.4583206 0.0518551 0.6727334 -0.0285276 0.7375140
58.547070 28.2312870 -2.3145475 13.4731579 0.0499028 0.6716712 -0.0267736 0.7386818
58.753660 28.3858624 -2.3303058 13.4881639 0.0520825 0.6708850 -0.0260721 0.7392706
58.960410 28.5393639 -2.3460424 13.5037022 0.0497714 0.6705361 -0.0266350 0.7397261
59.270460 28.7673779 -2.3700387 13.5277214 0.0483679 0.6701873 -0.0282960 0.7400736
59.580540 28.9933319 -2.3943684 13.5512171 0.0483434 0.6699960 -0.0292432 0.7402115
59.787170 29.1437035 -2.4105473 13.5667114 0.0477178 0.6697757 -0.0285071 0.7404802
59.993680 29.2906265 -2.4262042 13.5825081 0.0485936 0.6696582 -0.0299093 0.7404742
60.200330 29.4384003 -2.4415483 13.5979834 0.0497237 0.6690888 -0.0274448 0.7410091
60.406760 29.5873547 -2.4575813 13.6134882 0.0513009 0.6676227 -0.0248696 0.7423137
60.613290 29.7341576 -2.4727075 13.6287613 0.0578579 0.6651872 -0.0248858 0.7440155
60.819920 29.8819599 -2.4896474 13.6456881 0.0593514 0.6626163 -0.0226631 0.7462597
61.129940 30.1034603 -2.5144353 13.6732359 0.0594141 0.6584088 -0.0217129 0.7499976
61.336450 30.2501011 -2.5307457 13.6927538 0.0558549 0.6550693 -0.0212918 0.7532006
61.543140 30.3986931 -2.5465965 13.7165451 0.0541309 0.6510979 -0.0221211 0.7567378
61.749770 30.5414219 -2.5627265 13.7405519 0.0536463 0.6459792 -0.0233978 0.7611080
61.956290 30.6870594 -2.5772634 13.7678623 0.0530741 0.6392646 -0.0260011 0.7667124
62.266190 30.9041805 -2.6013086 13.8137894 0.0520711 0.6283267 -0.0271533 0.7757300
62.472790 31.0493622 -2.6175077 13.8465958 0.0509456 0.6215060 -0.0281233 0.7812451
62.679430 31.1932774 -2.6345296 13.8824539 0.0500491 0.6163318 -0.0286643 0.7853716
62.886160 31.3395844 -2.6506133 13.9205494 0.0496246 0.6124532 -0.0294333 0.7883985
63.092920 31.4870834 -2.6664059 13.9599771 0.0493149 0.6088241 -0.0299423 0.7912046
63.299560 31.6334782 -2.6826103 14.0008221 0.0492663 0.6052348 -0.0300681 0.7939519
63.506200 31.7800903 -2.6992004 14.0432186 0.0478657 0.6016349 -0.0292899 0.7967976
63.712840 31.9241562 -2.7152224 14.0860033 0.0463009 0.5979040 -0.0277541 0.7997479
64.022620 32.1370583 -2.7387877 14.1530390 0.0460484 0.5923584 -0.0291480 0.8038293
64.332410 32.3482895 -2.7616086 14.2223873 0.0438510 0.5872623 -0.0308404 0.8076193
64.539060 32.4881287 -2.7768931 14.2698040 0.0402416 0.5856803 -0.0326796 0.8088827
64.745710 32.6236076 -2.7911828 14.3168077 0.0424694 0.5847384 -0.0372041 0.8092547
64.952280 32.7594719 -2.8063600 14.3640175 0.0391917 0.5845286 -0.0375761 0.8095544
65.158820 32.8938942 -2.8211856 14.4103727 0.0350260 0.5846015 -0.0369162 0.8097231
65.365480 33.0263786 -2.8345795 14.4555664 0.0355109 0.5850102 -0.0366546 0.8094186
65.571960 33.1592026 -2.8467214 14.4997778 0.0367478 0.5854604 -0.0340903 0.8091499
65.778660 33.2912064 -2.8600936 14.5440531 0.0375493 0.5856835 -0.0338727 0.8089607
66.088540 33.4907303 -2.8806701 14.6114912 0.0416410 0.5859836 -0.0356541 0.8084665
66.295140 33.6267281 -2.8948402 14.6563635 0.0399222 0.5862198 -0.0345414 0.8084302
66.503710 33.7645721 -2.9089673 14.7022152 0.0425709 0.5860297 -0.0353455 0.8083982
66.712060 33.9049339 -2.9237256 14.7491884 0.0427309 0.5860050 -0.0349644 0.8084242
66.914810 34.0484924 -2.9389436 14.7967939 0.0428455 0.5857710 -0.0327457 0.8086806
67.122370 34.1942139 -2.9543362 14.8445225 0.0464010 0.5851535 -0.0299702 0.8090390
67.431360 34.4132118 -2.9778795 14.9164028 0.0498926 0.5834680 -0.0244208 0.8102342
67.741230 34.6318703 -3.0007179 14.9914503 0.0432061 0.5830153 -0.0218387 0.8110175
67.947740 34.7767105 -3.0151694 15.0418739 0.0450785 0.5826764 -0.0228203 0.8111322
68.154890 34.9200172 -3.0294874 15.0904789 0.0465190 0.5818815 -0.0218983 0.8116466
68.361010 35.0613365 -3.0438802 15.1389093 0.0452390 0.5815412 -0.0202757 0.8120050
68.670920 35.2673340 -3.0647516 15.2094831 0.0445649 0.5819286 -0.0199814 0.8117720
68.981020 35.4661903 -3.0850344 15.2769346 0.0431469 0.5831892 -0.0176830 0.8109969
69.394410 35.7186508 -3.1104748 15.3621445 0.0491313 0.5852879 -0.0232290 0.8090022
69.600870 35.8438263 -3.1233671 15.4030294 0.0476659 0.5863180 -0.0226500 0.8083602
69.910950 36.0273476 -3.1426790 15.4623280 0.0466214 0.5874600 -0.0194230 0.8076757
70.118000 36.1494560 -3.1547935 15.5026417 0.0478764 0.5876916 -0.0205814 0.8074050
70.429610 36.3312187 -3.1734991 15.5604486 0.0504871 0.5876101 -0.0196864 0.8073276
70.738030 36.5132408 -3.1920369 15.6197224 0.0504097 0.5874453 -0.0201098 0.8074419
71.049300 36.6959801 -3.2107728 15.6794119 0.0489054 0.5859252 -0.0177831 0.8086926
71.359740 36.8715782 -3.2289732 15.7386827 0.0480560 0.5836025 -0.0191169 0.8103908
71.564460 36.9847488 -3.2407517 15.7772522 0.0477075 0.5819230 -0.0196227 0.8116061
71.771950 37.0945625 -3.2524350 15.8155975 0.0459454 0.5809857 -0.0195801 0.8123800
71.977870 37.2006035 -3.2631826 15.8528728 0.0455371 0.5800649 -0.0197063 0.8130577
72.184720 37.3023758 -3.2740836 15.8887167 0.0457726 0.5790883 -0.0191794 0.8137529
72.495110 37.4496994 -3.2886505 15.9410944 0.0461035 0.5776288 -0.0191586 0.8147714
72.804810 37.5894051 -3.3028686 15.9907846 0.0458193 0.5762852 -0.0196325 0.8157270
73.011570 37.6782913 -3.3120914 16.0229797 0.0443326 0.5756491 -0.0200048 0.8162491
73.322240 37.8046265 -3.3247547 16.0690403 0.0445983 0.5747939 -0.0198006 0.8168420
73.528470 37.8826904 -3.3332880 16.0982895 0.0461489 0.5742722 -0.0223330 0.8170575
73.735300 37.9586296 -3.3409371 16.1264286 0.0477943 0.5735456 -0.0228384 0.8174592
74.045380 38.0644722 -3.3526783 16.1656036 0.0462599 0.5742052 -0.0222312 0.8171011
74.252330 38.1308556 -3.3599327 16.1894951 0.0454515 0.5753095 -0.0218610 0.8163794
74.562490 38.2230301 -3.3698075 16.2224236 0.0447352 0.5767589 -0.0211503 0.8154144
74.769280 38.2800980 -3.3755028 16.2421951 0.0446625 0.5775249 -0.0203027 0.8148976
74.976100 38.3327942 -3.3808832 16.2613907 0.0437335 0.5784901 -0.0209443 0.8142468
75.182880 38.3830261 -3.3860722 16.2787819 0.0433937 0.5793092 -0.0212425 0.8136747
75.906260 38.5425987 -3.4015236 16.3355961 0.0433425 0.5793804 -0.0220879 0.8136043
76.112930 38.5863190 -3.4055231 16.3520927 0.0428956 0.5775421 -0.0227404 0.8149160
76.319510 38.6302376 -3.4098787 16.3684483 0.0432713 0.5733268 -0.0224165 0.8178762
76.732320 38.7204170 -3.4191756 16.4062386 0.0438025 0.5560095 -0.0242408 0.8296669
77.041770 38.7891731 -3.4258971 16.4415359 0.0428832 0.5343010 -0.0277484 0.8437496
77.248120 38.8345070 -3.4311364 16.4666443 0.0446587 0.5162358 -0.0295768 0.8547698
77.868560 38.9596329 -3.4452932 16.5491333 0.0436386 0.4896436 -0.0405746 0.8698842
78.179430 39.0176544 -3.4529254 16.5797405 0.0456768 0.5084168 -0.0382491 0.8590477
78.386780 39.0568428 -3.4576545 16.5969620 0.0473506 0.5268147 -0.0356589 0.8479108
78.697630 39.1192131 -3.4652913 16.6214218 0.0468016 0.5556686 -0.0346564 0.8293618
79.007710 39.1847305 -3.4732690 16.6406860 0.0499689 0.5778975 -0.0298811 0.8140299
79.322290 39.2497902 -3.4809268 16.6594887 0.0481061 0.5919250 -0.0276925 0.8040794
79.631890 39.3089638 -3.4876299 16.6760883 0.0484218 0.5945097 -0.0267216 0.8021842
79.940110 39.3608398 -3.4936147 16.6939678 0.0484399 0.5826139 -0.0250381 0.8109179
80.350710 39.4160080 -3.5003107 16.7209759 0.0435982 0.5581508 -0.0308513 0.8280188
80.658440 39.4480934 -3.5044153 16.7359238 0.0517030 0.5369207 -0.0260401 0.8416442
80.971640 39.4730263 -3.5075808 16.7545300 0.0466963 0.5165922 -0.0323315 0.8543457
81.278100 39.4947090 -3.5098586 16.7703094 0.0451508 0.4984664 -0.0326421 0.8651168
81.588120 39.5133438 -3.5118909 16.7844296 0.0441962 0.4826739 -0.0314263 0.8741196
82.208520 39.5358124 -3.5154221 16.8070164 0.0401956 0.4607603 -0.0401211 0.8857056
82.518840 39.5451393 -3.5164886 16.8149681 0.0385065 0.4532028 -0.0382762 0.8897524
