0.000000 0.0000000 0.0000000 0.0000000 0.0000000 0.0000000 0.0000000 1.0000000
0.103391 -0.0003337 -0.0002201 0.0756988 0.0023040 0.0007266 -0.0004341 0.9999970
0.207106 -0.0001716 -0.0001061 0.1509948 0.0027092 0.0011054 0.0007731 0.9999954
0.310262 0.0000895 -0.0002950 0.2267104 0.0006345 0.0010703 0.0016178 0.9999979
0.413621 0.0002180 -0.0004116 0.3019931 -0.0023836 0.0007164 0.0028956 0.9999927
0.517929 0.0002806 0.0000289 0.3765313 -0.0022842 0.0001379 0.0045992 0.9999868
0.620389 0.0001548 0.0001528 0.4502362 -0.0009041 -0.0003279 0.0059425 0.9999819
0.724219 -0.0001300 0.0000051 0.5238060 0.0006878 -0.0006911 0.0061946 0.9999803
0.827211 -0.0002970 -0.0000091 0.5973061 0.0009997 -0.0011542 0.0060455 0.9999806
0.930557 -0.0007247 0.0001232 0.6705428 0.0001913 -0.0016782 0.0059563 0.9999808
1.034070 -0.0013170 -0.0002022 0.7435684 -0.0014513 -0.0020375 0.0057259 0.9999804
1.137438 -0.0016207 0.0001950 0.8164703 -0.0021211 -0.0025708 0.0059399 0.9999768
1.244258 -0.0021459 0.0003722 0.8890046 -0.0025614 -0.0028385 0.0066103 0.9999709
1.344229 -0.0025422 0.0001735 0.9615048 -0.0027304 -0.0033613 0.0065816 0.9999689
1.447568 -0.0033895 0.0006967 1.0336266 -0.0018910 -0.0037067 0.0067981 0.9999682
1.551083 -0.0041055 0.0006683 1.1060358 -0.0010567 -0.0044672 0.0070017 0.9999650
1.654521 -0.0049004 0.0010366 1.1781167 -0.0003130 -0.0053043 0.0077049 0.9999562
1.757843 -0.0061428 0.0009730 1.2495064 -0.0000451 -0.0060281 0.0075243 0.9999535
1.861353 -0.0074504 0.0005604 1.3205634 0.0002438 -0.0068438 0.0067549 0.9999537
2.068236 -0.0102797 0.0005669 1.4613630 -0.0002553 -0.0084425 0.0064302 0.9999437
2.171620 -0.0118119 0.0007900 1.5318877 -0.0008541 -0.0091671 0.0060745 0.9999391
2.378626 -0.0151993 0.0008109 1.6712759 -0.0011517 -0.0105670 0.0066755 0.9999212
2.585514 -0.0187447 0.0012797 1.8086939 -0.0010783 -0.0119471 0.0065751 0.9999064
2.793694 -0.0223014 0.0015568 1.9447507 -0.0035373 -0.0129630 0.0072728 0.9998833
2.896139 -0.0244498 0.0018456 2.0116811 -0.0043341 -0.0132941 0.0070899 0.9998771
3.103545 -0.0286969 0.0025252 2.1418943 -0.0023928 -0.0140440 0.0061839 0.9998794
3.310078 -0.0333044 0.0031454 2.2680485 -0.0013142 -0.0148201 0.0056153 0.9998735
3.517076 -0.0380101 0.0029606 2.3918996 -0.0007131 -0.0164578 0.0054537 0.9998494
3.724674 -0.0429173 0.0032644 2.5143149 -0.0012114 -0.0185501 0.0054145 0.9998125
3.931241 -0.0485808 0.0036943 2.6336563 -0.0030505 -0.0204692 0.0049738 0.9997734
4.142151 -0.0548487 0.0040909 2.7494409 -0.0027119 -0.0223130 0.0031568 0.9997424
4.345966 -0.0609785 0.0047634 2.8610444 -0.0029663 -0.0239881 0.0019897 0.9997059
4.552519 -0.0670230 0.0057778 2.9709442 -0.0040314 -0.0247068 0.0001661 0.9996866
4.760815 -0.0738122 0.0055054 3.0743880 -0.0015318 -0.0230829 -0.0022726 0.9997298
4.966824 -0.0785990 0.0060285 3.1770763 -0.0009916 -0.0204916 -0.0032805 0.9997842
5.174268 -0.0836901 0.0060601 3.2772856 -0.0041203 -0.0169080 -0.0076896 0.9998190
5.381142 -0.0873022 0.0074355 3.3717439 -0.0045230 -0.0121861 -0.0120047 0.9998435
5.691619 -0.0902325 0.0075331 3.5032043 -0.0062287 -0.0024629 -0.0180958 0.9998139
5.795223 -0.0908935 0.0074816 3.5431981 -0.0064656 0.0012868 -0.0199391 0.9997795
6.002373 -0.0903620 0.0087576 3.6206472 -0.0047991 0.0087657 -0.0242816 0.9996552
6.209506 -0.0887674 0.0090377 3.6896794 -0.0033831 0.0168986 -0.0255204 0.9995257
6.313021 -0.0869872 0.0088763 3.7214997 -0.0042349 0.0207753 -0.0251876 0.9994579
6.416516 -0.0853115 0.0091385 3.7519338 -0.0046732 0.0247588 -0.0259740 0.9993451
7.141701 -0.0696577 0.0088006 3.9138246 -0.0009255 0.0607050 -0.0307410 0.9976819
7.556580 -0.0533215 0.0083260 3.9953220 0.0009424 0.0943902 -0.0321757 0.9950147
7.866988 -0.0368228 0.0080654 4.0535522 0.0018104 0.1252989 -0.0328191 0.9915744
8.074250 -0.0230225 0.0074953 4.0912766 0.0025577 0.1494771 -0.0340930 0.9881739
8.283921 -0.0068423 0.0063434 4.1295986 0.0020897 0.1770705 -0.0367730 0.9835087
8.696029 0.0378115 0.0038221 4.2024784 0.0058028 0.2438120 -0.0338871 0.9692129
8.903911 0.0649615 0.0025597 4.2379322 0.0092704 0.2827490 -0.0349301 0.9585129
9.110580 0.0979052 0.0007552 4.2745776 0.0101914 0.3248451 -0.0384705 0.9449295
9.317832 0.1372011 -0.0014085 4.3121095 0.0103962 0.3697022 -0.0415289 0.9281635
9.525112 0.1851500 -0.0043541 4.3487339 0.0107591 0.4178511 -0.0397667 0.9075810
9.732384 0.2418321 -0.0076636 4.3837643 0.0122193 0.4677107 -0.0390865 0.8829324
9.939685 0.3072351 -0.0114310 4.4147391 0.0120042 0.5167083 -0.0380896 0.8552296
10.146770 0.3801628 -0.0147681 4.4415607 0.0089715 0.5627469 -0.0395205 0.8256353
10.353670 0.4573291 -0.0192985 4.4598403 0.0125338 0.6041885 -0.0358123 0.7959376
10.457170 0.4988962 -0.0216562 4.4657273 0.0151856 0.6223853 -0.0303755 0.7819740
10.562990 0.5421571 -0.0240695 4.4708910 0.0178630 0.6392345 -0.0276035 0.7683086
10.664530 0.5859681 -0.0261013 4.4752760 0.0193119 0.6540431 -0.0275768 0.7557077
10.767050 0.6311734 -0.0289455 4.4783092 0.0225060 0.6665557 -0.0252195 0.7446885
10.870220 0.6777998 -0.0318511 4.4802580 0.0243250 0.6773875 -0.0224787 0.7348804
10.973420 0.7255212 -0.0344972 4.4813032 0.0259409 0.6866321 -0.0198476 0.7262710
11.077200 0.7742361 -0.0369398 4.4818029 0.0269142 0.6938766 -0.0181398 0.7193621
11.180190 0.8237691 -0.0398347 4.4821987 0.0281678 0.6995880 -0.0179824 0.7137645
11.385900 0.9258547 -0.0454752 4.4815683 0.0285637 0.7085692 -0.0179114 0.7048354
11.592550 1.0323737 -0.0512992 4.4781885 0.0333522 0.7140045 -0.0164928 0.6991519
11.799490 1.1440738 -0.0574161 4.4748588 0.0313739 0.7167701 -0.0160944 0.6964175
12.004820 1.2606201 -0.0635759 4.4714270 0.0266981 0.7181832 -0.0118974 0.6952399
12.211190 1.3798164 -0.0697687 4.4668617 0.0285197 0.7183099 -0.0097371 0.6950702
12.417650 1.5012128 -0.0751084 4.4629517 0.0346618 0.7170824 -0.0147554 0.6959696
12.624550 1.6268615 -0.0819107 4.4604969 0.0334311 0.7156978 -0.0133936 0.6974810
12.830730 1.7545410 -0.0898557 4.4582829 0.0298388 0.7138506 -0.0112483 0.6995717
13.037710 1.8810697 -0.0970630 4.4553070 0.0370818 0.7114314 -0.0117442 0.7016783
13.244210 2.0093696 -0.1045880 4.4561062 0.0324254 0.7094347 -0.0144622 0.7038763
13.452770 2.1372681 -0.1136063 4.4560380 0.0345870 0.7067325 -0.0103374 0.7065593
13.657960 2.2647476 -0.1211828 4.4571776 0.0353025 0.7042505 -0.0135153 0.7089445
13.864670 2.3928542 -0.1288905 4.4585819 0.0353023 0.7016163 -0.0111013 0.7115934
14.071640 2.5213184 -0.1372339 4.4614606 0.0386054 0.6992735 -0.0089592 0.7137548
14.278600 2.6507275 -0.1455652 4.4646001 0.0387436 0.6970379 -0.0077422 0.7159450
14.485500 2.7802534 -0.1536583 4.4690485 0.0387154 0.6946826 -0.0073667 0.7182360
14.692450 2.9104245 -0.1613699 4.4747829 0.0392081 0.6925862 -0.0083153 0.7202208
14.899490 3.0415351 -0.1695324 4.4820471 0.0378838 0.6909199 -0.0096927 0.7218730
15.106400 3.1732419 -0.1780194 4.4890680 0.0371217 0.6886392 -0.0118592 0.7240562
15.313360 3.3064961 -0.1868310 4.4971638 0.0389215 0.6861063 -0.0142085 0.7263205
15.520220 3.4406917 -0.1958503 4.5071020 0.0359096 0.6839592 -0.0180162 0.7284132
15.727200 3.5761552 -0.2061068 4.5170746 0.0371477 0.6812701 -0.0180280 0.7308667
15.934250 3.7133405 -0.2151610 4.5291057 0.0352784 0.6783473 -0.0193511 0.7336388
16.140910 3.8510435 -0.2262416 4.5421772 0.0353675 0.6747110 -0.0213540 0.7369248
16.348280 3.9888580 -0.2365729 4.5567527 0.0396135 0.6694872 -0.0270244 0.7412741
16.554450 4.1277733 -0.2492010 4.5745735 0.0373255 0.6640376 -0.0297141 0.7461755
16.761400 4.2680807 -0.2618195 4.5933990 0.0353737 0.6584412 -0.0278881 0.7512830
16.968080 4.4095502 -0.2729953 4.6153307 0.0288766 0.6530221 -0.0252105 0.7563682
17.175580 4.5490670 -0.2840945 4.6382899 0.0287430 0.6473352 -0.0247248 0.7612618
17.383340 4.6841455 -0.2939729 4.6626754 0.0327385 0.6429971 -0.0281987 0.7646488
17.588870 4.8172755 -0.3054930 4.6888542 0.0324018 0.6390641 -0.0301640 0.7678785
17.795780 4.9493032 -0.3161790 4.7143884 0.0305550 0.6353298 -0.0255674 0.7712125
18.003090 5.0784054 -0.3263554 4.7417836 0.0247542 0.6328548 -0.0241664 0.7734973
18.209790 5.2038140 -0.3353701 4.7690310 0.0244075 0.6306777 -0.0258062 0.7752315
18.417190 5.3247437 -0.3442350 4.7961798 0.0256666 0.6291131 -0.0304199 0.7762941
18.623970 5.4431920 -0.3538762 4.8226724 0.0287631 0.6275790 -0.0324260 0.7773454
18.830950 5.5584989 -0.3636799 4.8489723 0.0266287 0.6268184 -0.0320102 0.7780520
19.038030 5.6714301 -0.3728187 4.8744984 0.0254766 0.6266979 -0.0306228 0.7782435
19.245500 5.7801671 -0.3818731 4.8989987 0.0247160 0.6279980 -0.0312650 0.7771937
19.452110 5.8853087 -0.3907462 4.9213114 0.0276305 0.6295949 -0.0331411 0.7757245
19.660070 5.9879007 -0.3984397 4.9424739 0.0282843 0.6311821 -0.0323657 0.7744428
19.866980 6.0884624 -0.4074722 4.9628892 0.0252642 0.6330197 -0.0302138 0.7731332
20.073350 6.1850867 -0.4155744 4.9806976 0.0282414 0.6344511 -0.0280700 0.7719367
20.280310 6.2794385 -0.4227680 4.9989562 0.0310394 0.6361066 -0.0282033 0.7704606
20.487640 6.3738503 -0.4301997 5.0170999 0.0320154 0.6370831 -0.0281700 0.7696146
20.694250 6.4692736 -0.4374692 5.0338206 0.0350814 0.6360561 -0.0234323 0.7704887
20.902080 6.5643950 -0.4451344 5.0533171 0.0348600 0.6340636 -0.0230658 0.7721503
21.108200 6.6607499 -0.4523864 5.0745864 0.0349257 0.6294717 -0.0228796 0.7759008
21.316100 6.7594547 -0.4599852 5.0982175 0.0339434 0.6231454 -0.0224904 0.7810454
21.524290 6.8599916 -0.4679133 5.1247134 0.0322651 0.6156404 -0.0235394 0.7870144
21.730330 6.9626665 -0.4754699 5.1539297 0.0315321 0.6076063 -0.0280915 0.7931148
21.936170 7.0677009 -0.4837284 5.1865807 0.0316297 0.5988852 -0.0309048 0.7996130
22.141920 7.1760874 -0.4926495 5.2225204 0.0308275 0.5903412 -0.0321850 0.8059225
22.245290 7.2315006 -0.4966639 5.2421627 0.0297196 0.5859600 -0.0336877 0.8090938
22.452170 7.3454375 -0.5050243 5.2825966 0.0268303 0.5771545 -0.0285635 0.8156942
22.555690 7.4034004 -0.5095016 5.3043857 0.0256965 0.5725349 -0.0267612 0.8190405
22.659440 7.4627538 -0.5136745 5.3279567 0.0241472 0.5681444 -0.0258594 0.8221680
22.865960 7.5834293 -0.5205749 5.3754072 0.0268163 0.5604428 -0.0192874 0.8275341
22.969530 7.6458063 -0.5238678 5.3995733 0.0270449 0.5573896 -0.0136926 0.8296975
23.176610 7.7709270 -0.5318237 5.4518290 0.0285477 0.5509328 -0.0101504 0.8339995
23.384670 7.8936400 -0.5393929 5.5059371 0.0365460 0.5441810 -0.0112548 0.8380959
23.590650 8.0161457 -0.5486461 5.5637059 0.0343505 0.5396479 -0.0150525 0.8410551
23.798210 8.1354609 -0.5586105 5.6215901 0.0342757 0.5358064 -0.0191405 0.8434277
24.004580 8.2513027 -0.5685768 5.6785002 0.0349409 0.5321246 -0.0229233 0.8456341
24.213210 8.3656416 -0.5784152 5.7354646 0.0329666 0.5284778 -0.0215677 0.8480326
24.422100 8.4758854 -0.5884735 5.7915554 0.0306993 0.5251918 -0.0208080 0.8501754
24.625310 8.5830297 -0.5975012 5.8470836 0.0314036 0.5222442 -0.0217394 0.8519403
24.832200 8.6873989 -0.6061118 5.9011178 0.0319739 0.5205289 -0.0197795 0.8530158
25.039090 8.7881508 -0.6148170 5.9544206 0.0317638 0.5187671 -0.0195252 0.8541022
25.245970 8.8854275 -0.6230923 6.0054803 0.0339567 0.5160328 -0.0190623 0.8556832
25.452750 8.9795876 -0.6311373 6.0554023 0.0352599 0.5130432 -0.0170490 0.8574688
25.659630 9.0705862 -0.6388702 6.1052794 0.0360243 0.5098169 -0.0159184 0.8593810
25.866530 9.1590319 -0.6466157 6.1547871 0.0367125 0.5065665 -0.0148852 0.8612903
26.177790 9.2887831 -0.6585942 6.2299261 0.0392395 0.5000369 -0.0162937 0.8649612
26.384510 9.3724051 -0.6666374 6.2813315 0.0417353 0.4942126 -0.0226163 0.8680441
26.590190 9.4558353 -0.6752907 6.3344002 0.0433652 0.4875064 -0.0279828 0.8715927
26.900360 9.5848961 -0.6890352 6.4208555 0.0339235 0.4786658 -0.0317138 0.8767682
27.107250 9.6733093 -0.6975118 6.4815583 0.0277333 0.4723039 -0.0332671 0.8803710
27.417420 9.8092051 -0.7093288 6.5804052 0.0278546 0.4621113 -0.0396112 0.8854989
27.624170 9.9038486 -0.7176856 6.6505318 0.0270830 0.4550769 -0.0418371 0.8890563
27.831080 10.0000200 -0.7276559 6.7245822 0.0236780 0.4474755 -0.0432868 0.8929341
28.141050 10.1500788 -0.7401744 6.8461156 0.0217190 0.4348261 -0.0447884 0.8991377
28.348030 10.2528229 -0.7479329 6.9321284 0.0214022 0.4262776 -0.0460528 0.9031658
28.554810 10.3578129 -0.7577333 7.0222650 0.0207745 0.4211424 -0.0447707 0.9056507
28.761830 10.4655304 -0.7671115 7.1153107 0.0224922 0.4172838 -0.0403929 0.9075994
28.970690 10.5767269 -0.7764686 7.2109270 0.0235583 0.4134603 -0.0333638 0.9096056
29.176740 10.6888733 -0.7855830 7.3107271 0.0230844 0.4097600 -0.0297860 0.9114146
29.384830 10.8009357 -0.7946310 7.4140878 0.0232550 0.4057711 -0.0330639 0.9130804
29.589380 10.9143839 -0.8027592 7.5202093 0.0200031 0.4019135 -0.0348668 0.9147949
29.796330 11.0292063 -0.8109554 7.6286535 0.0134438 0.3976942 -0.0332216 0.9168178
30.003170 11.1441422 -0.8180997 7.7383089 0.0141883 0.3922156 -0.0288805 0.9193104
30.211630 11.2585888 -0.8254005 7.8487000 0.0239383 0.3857161 -0.0239842 0.9219950
30.416690 11.3720198 -0.8338025 7.9634557 0.0253427 0.3783976 -0.0214095 0.9250484
30.623580 11.4855309 -0.8428137 8.0806255 0.0262192 0.3711212 -0.0163410 0.9280704
30.726980 11.5415049 -0.8471605 8.1400919 0.0293997 0.3680208 -0.0161914 0.9292116
30.933840 11.6527119 -0.8564237 8.2608366 0.0300810 0.3633929 -0.0151270 0.9310274
31.142770 11.7650223 -0.8655859 8.3833408 0.0282536 0.3607946 -0.0104261 0.9321589
31.244240 11.8209896 -0.8704412 8.4444904 0.0273392 0.3603306 -0.0080635 0.9323891
31.451260 11.9319544 -0.8790148 8.5677643 0.0261962 0.3602002 -0.0086600 0.9324669
31.661730 12.0421352 -0.8876006 8.6913996 0.0265154 0.3614413 -0.0115694 0.9319459
31.865880 12.1526070 -0.8965338 8.8136444 0.0255914 0.3638993 -0.0154615 0.9309583
32.074110 12.2635660 -0.9058005 8.9365282 0.0237320 0.3672972 -0.0165296 0.9296539
32.280170 12.3753099 -0.9137677 9.0552320 0.0220704 0.3707929 -0.0145196 0.9283398
32.486110 12.4856682 -0.9227658 9.1721191 0.0271830 0.3747948 -0.0201409 0.9264903
32.694680 12.5960817 -0.9320246 9.2879133 0.0277177 0.3794642 -0.0227329 0.9245117
32.902290 12.7086267 -0.9415656 9.4024544 0.0218946 0.3842134 -0.0234384 0.9226870
33.106800 12.8207989 -0.9499561 9.5136690 0.0222458 0.3884696 -0.0226271 0.9209151
33.314720 12.9348783 -0.9592242 9.6227713 0.0256302 0.3925155 -0.0202287 0.9191656
33.417090 12.9924088 -0.9638589 9.6769600 0.0276061 0.3948769 -0.0198950 0.9181036
33.623980 13.1077480 -0.9734701 9.7859507 0.0269317 0.3998229 -0.0212764 0.9159496
33.727760 13.1658411 -0.9779856 9.8399506 0.0271792 0.4029231 -0.0206861 0.9145963
33.934650 13.2832069 -0.9875448 9.9473858 0.0286844 0.4099289 -0.0256684 0.9113049
34.037880 13.3416510 -0.9932115 9.9998093 0.0299976 0.4136209 -0.0281201 0.9095203
34.244700 13.4635391 -1.0034956 10.1042738 0.0273517 0.4213691 -0.0276846 0.9060538
34.451590 13.5886374 -1.0141218 10.2075071 0.0184793 0.4295283 -0.0267050 0.9024693
34.659100 13.7141600 -1.0211923 10.3087339 0.0178472 0.4381757 -0.0286651 0.8982549
34.866170 13.8431339 -1.0307040 10.4061890 0.0258891 0.4455818 -0.0293102 0.8943867
35.074860 13.9752531 -1.0411749 10.5015373 0.0274220 0.4533816 -0.0267764 0.8904921
35.279490 14.1073713 -1.0521500 10.5947924 0.0258501 0.4612055 -0.0236118 0.8866023
35.486280 14.2383299 -1.0617158 10.6846762 0.0269757 0.4681562 -0.0226803 0.8829426
35.693160 14.3686562 -1.0724933 10.7719088 0.0248680 0.4737473 -0.0186746 0.8801116
35.900040 14.4969168 -1.0820202 10.8561087 0.0241422 0.4784474 -0.0196417 0.8775645
36.108200 14.6215296 -1.0907770 10.9366350 0.0287629 0.4820146 -0.0221404 0.8754110
36.313700 14.7462940 -1.1010379 11.0160294 0.0264719 0.4851027 -0.0220015 0.8737795
36.417070 14.8090506 -1.1068404 11.0543690 0.0234795 0.4862073 -0.0187449 0.8733269
36.623970 14.9313393 -1.1142979 11.1281347 0.0252400 0.4887658 -0.0139749 0.8719379
36.830740 15.0495825 -1.1226629 11.1990204 0.0295327 0.4905899 -0.0170723 0.8707227
36.934690 15.1076260 -1.1273242 11.2341642 0.0329759 0.4914117 -0.0198250 0.8700771
37.141020 15.2239323 -1.1367193 11.3032570 0.0318674 0.4938564 -0.0175786 0.8687815
37.244700 15.2818842 -1.1412092 11.3383350 0.0242810 0.4955082 -0.0175868 0.8680857
37.347880 15.3389597 -1.1452055 11.3736076 0.0187420 0.4970769 -0.0187401 0.8673016
37.451400 15.3948822 -1.1491256 11.4063234 0.0191384 0.4979771 -0.0196870 0.8667554
37.554790 15.4506102 -1.1523129 11.4388351 0.0217228 0.4991805 -0.0197781 0.8659999
37.658150 15.5053396 -1.1555496 11.4707022 0.0234731 0.5004476 -0.0197601 0.8652229
37.865070 15.6145134 -1.1632189 11.5335398 0.0217110 0.5029257 -0.0196839 0.8638327
38.072390 15.7218933 -1.1700928 11.5945234 0.0223206 0.5055902 -0.0192302 0.8622705
38.278810 15.8259821 -1.1776092 11.6522188 0.0242296 0.5093999 -0.0198677 0.8599592
38.485830 15.9280272 -1.1845808 11.7071896 0.0260731 0.5140668 -0.0212870 0.8570895
38.692720 16.0310345 -1.1920017 11.7609701 0.0300337 0.5198336 -0.0221730 0.8534514
38.899920 16.1350288 -1.2001388 11.8140335 0.0288624 0.5260003 -0.0252853 0.8496184
39.003240 16.1889210 -1.2043337 11.8402863 0.0277560 0.5288647 -0.0267645 0.8478298
39.210380 16.2968998 -1.2130272 11.8922958 0.0286850 0.5350277 -0.0283822 0.8438702
39.417430 16.4069977 -1.2214876 11.9438276 0.0299322 0.5418859 -0.0326704 0.8392833
39.624300 16.5208874 -1.2313792 11.9942503 0.0312149 0.5484294 -0.0347425 0.8348915
39.831290 16.6384068 -1.2413100 12.0434303 0.0330873 0.5549517 -0.0351471 0.8304809
39.934800 16.6992989 -1.2468383 12.0674944 0.0333039 0.5581202 -0.0343373 0.8283802
40.141680 16.8243961 -1.2575285 12.1170063 0.0308481 0.5648590 -0.0330063 0.8239498
40.350540 16.9529953 -1.2677500 12.1650372 0.0291974 0.5704973 -0.0294292 0.8202525
40.556060 17.0864105 -1.2772944 12.2134714 0.0244737 0.5755582 -0.0258985 0.8169841
40.764080 17.2225285 -1.2873291 12.2597399 0.0308743 0.5795591 -0.0255550 0.8139441
40.969360 17.3613796 -1.2981087 12.3060179 0.0426412 0.5831904 -0.0280353 0.8107309
41.176820 17.5047264 -1.3105197 12.3515100 0.0425656 0.5871598 -0.0204452 0.8080925
41.385110 17.6492901 -1.3238289 12.3974781 0.0422807 0.5912174 -0.0205971 0.8051398
41.592690 17.7974987 -1.3361018 12.4437923 0.0439479 0.5948496 -0.0274211 0.8021662
41.796670 17.9486122 -1.3505946 12.4905825 0.0381419 0.5997151 -0.0269530 0.7988495
42.003560 18.1031685 -1.3637623 12.5354395 0.0392011 0.6039546 -0.0293342 0.7955135
42.210320 18.2594032 -1.3779448 12.5779076 0.0417584 0.6077608 -0.0266791 0.7925726
42.417600 18.4185619 -1.3924626 12.6193485 0.0422136 0.6107669 -0.0251653 0.7902838
42.623970 18.5799065 -1.4071414 12.6611986 0.0407461 0.6130874 -0.0248890 0.7885709
42.830730 18.7420521 -1.4214144 12.7026711 0.0385183 0.6151510 -0.0253253 0.7870605
43.037390 18.9028435 -1.4355886 12.7430344 0.0387623 0.6165475 -0.0280100 0.7858640
43.244710 19.0648670 -1.4509172 12.7828226 0.0385430 0.6179451 -0.0272562 0.7848028
43.450910 19.2246170 -1.4650596 12.8216228 0.0373984 0.6192392 -0.0240899 0.7839413
43.660340 19.3852787 -1.4786614 12.8603525 0.0396974 0.6203427 -0.0277208 0.7828350
43.865300 19.5461178 -1.4935026 12.8977623 0.0407194 0.6221926 -0.0290795 0.7812635
44.071640 19.7065163 -1.5088409 12.9343853 0.0360784 0.6246259 -0.0263680 0.7796445
44.278660 19.8667278 -1.5225714 12.9697018 0.0343210 0.6276954 -0.0257418 0.7772759
44.485720 20.0263882 -1.5356339 13.0035667 0.0352836 0.6308982 -0.0261191 0.7746227
44.692960 20.1844234 -1.5490339 13.0356426 0.0346415 0.6341270 -0.0256318 0.7720271
44.899580 20.3431358 -1.5622277 13.0671129 0.0335029 0.6372957 -0.0266538 0.7694293
45.107140 20.5001163 -1.5754519 13.0970459 0.0317107 0.6405270 -0.0281181 0.7667652
45.313460 20.6584282 -1.5883912 13.1267462 0.0301691 0.6431440 -0.0332592 0.7644275
45.520350 20.8158131 -1.6013178 13.1550207 0.0314624 0.6456541 -0.0372875 0.7620699
45.727180 20.9738731 -1.6160294 13.1815481 0.0286276 0.6483027 -0.0355461 0.7600135
45.933940 21.1317692 -1.6291724 13.2068624 0.0278995 0.6508474 -0.0337179 0.7579462
46.037440 21.2104340 -1.6357164 13.2188663 0.0279221 0.6522285 -0.0333491 0.7567735
46.140840 21.2881680 -1.6421114 13.2305422 0.0284301 0.6537265 -0.0342944 0.7554187
46.244200 21.3656712 -1.6483661 13.2422085 0.0295776 0.6555331 -0.0352652 0.7537625
46.451100 21.5226040 -1.6610951 13.2626209 0.0292776 0.6593285 -0.0286856 0.7507370
46.554470 21.6005268 -1.6679900 13.2725534 0.0300450 0.6613842 -0.0287438 0.7488938
46.657980 21.6766872 -1.6739851 13.2819462 0.0350719 0.6627977 -0.0326932 0.7472619
46.761380 21.7522602 -1.6811464 13.2908831 0.0399489 0.6646515 -0.0361877 0.7452067
46.864950 21.8286877 -1.6888437 13.2999392 0.0408664 0.6667383 -0.0381708 0.7431911
46.968250 21.9057198 -1.6964294 13.3081980 0.0374831 0.6687012 -0.0376875 0.7416288
47.071770 21.9828205 -1.7041820 13.3166323 0.0339114 0.6706602 -0.0365373 0.7400878
47.278520 22.1336689 -1.7186710 13.3315725 0.0300071 0.6748773 -0.0369068 0.7363953
47.485460 22.2857494 -1.7312940 13.3450165 0.0246808 0.6802484 -0.0377313 0.7315937
47.692300 22.4360313 -1.7442442 13.3542595 0.0248439 0.6852617 -0.0364302 0.7269609
47.899190 22.5850182 -1.7568529 13.3621597 0.0286153 0.6899092 -0.0368087 0.7223930
48.105950 22.7339001 -1.7692136 13.3677521 0.0266229 0.6943960 -0.0360001 0.7181988
48.312780 22.8824711 -1.7817014 13.3721256 0.0284971 0.6984641 -0.0350172 0.7142196
48.519480 23.0290127 -1.7938552 13.3749266 0.0309564 0.7012619 -0.0361587 0.7113129
48.726120 23.1777496 -1.8073081 13.3762827 0.0322406 0.7030683 -0.0321949 0.7096611
48.932760 23.3259888 -1.8199250 13.3766365 0.0327423 0.7043632 -0.0298290 0.7084566
49.242780 23.5450172 -1.8385485 13.3777294 0.0370603 0.7046900 -0.0289942 0.7079533
49.452210 23.6876945 -1.8519849 13.3783636 0.0386266 0.7037994 -0.0279398 0.7087975
49.656580 23.8280907 -1.8653363 13.3800716 0.0392806 0.7023954 -0.0262953 0.7102157
49.863540 23.9656925 -1.8774987 13.3822384 0.0378261 0.7003682 -0.0242063 0.7123676
50.069330 24.0995750 -1.8893766 13.3859911 0.0352715 0.6979948 -0.0232358 0.7148561
50.276120 24.2291203 -1.9003094 13.3915930 0.0333337 0.6952157 -0.0261518 0.7175514
50.483680 24.3561401 -1.9100680 13.3973103 0.0324867 0.6924942 -0.0255352 0.7202391
50.691000 24.4789410 -1.9204518 13.4038286 0.0289933 0.6899272 -0.0254216 0.7228510
50.896200 24.5963020 -1.9293272 13.4109898 0.0303821 0.6870239 -0.0258091 0.7255404
51.103000 24.7084961 -1.9386821 13.4181957 0.0315231 0.6844620 -0.0280987 0.7278245
51.309660 24.8166122 -1.9475747 13.4268093 0.0300755 0.6820868 -0.0301712 0.7300293
51.516920 24.9201889 -1.9564828 13.4354811 0.0291420 0.6796449 -0.0309273 0.7323093
51.723400 25.0189972 -1.9647614 13.4447880 0.0292539 0.6774175 -0.0337258 0.7342427
51.930130 25.1147289 -1.9732114 13.4538040 0.0282322 0.6752308 -0.0343744 0.7362640
52.136910 25.2075653 -1.9811773 13.4631853 0.0278591 0.6730638 -0.0347335 0.7382429
52.343730 25.2961979 -1.9889719 13.4724140 0.0282108 0.6708032 -0.0358641 0.7402304
52.550540 25.3819695 -1.9966635 13.4820652 0.0290914 0.6690744 -0.0369395 0.7417066
52.757460 25.4653492 -2.0037060 13.4917860 0.0296910 0.6679090 -0.0382876 0.7426642
52.964300 25.5484447 -2.0115278 13.5012236 0.0303493 0.6674352 -0.0389281 0.7430301
53.171240 25.6327343 -2.0185981 13.5113497 0.0297138 0.6681277 -0.0396201 0.7423966
53.378120 25.7183018 -2.0263834 13.5201340 0.0298376 0.6693286 -0.0390678 0.7413384
53.585110 25.8058681 -2.0351117 13.5282145 0.0354888 0.6706310 -0.0385073 0.7399403
53.792070 25.8964653 -2.0426466 13.5370579 0.0389824 0.6722931 -0.0409519 0.7381228
54.102390 26.0418053 -2.0571976 13.5486012 0.0412265 0.6743534 -0.0336808 0.7364873
54.309430 26.1421394 -2.0669460 13.5576439 0.0409421 0.6762375 -0.0354898 0.7346885
54.516280 26.2471924 -2.0767806 13.5660105 0.0419535 0.6774001 -0.0345612 0.7336038
54.723200 26.3557911 -2.0868859 13.5733814 0.0436428 0.6783807 -0.0318721 0.7327203
54.930030 26.4680462 -2.0978830 13.5829659 0.0426015 0.6799716 -0.0351785 0.7311540
55.136960 26.5829620 -2.1085463 13.5904293 0.0446378 0.6810045 -0.0370869 0.7299760
55.343740 26.7022476 -2.1211038 13.5997524 0.0413419 0.6823108 -0.0385576 0.7288732
55.550620 26.8235722 -2.1339278 13.6072569 0.0446314 0.6834384 -0.0395186 0.7275701
55.757510 26.9478283 -2.1472626 13.6147833 0.0486363 0.6843050 -0.0424552 0.7263324
55.964160 27.0765934 -2.1622341 13.6211252 0.0488652 0.6850183 -0.0361785 0.7259843
56.170950 27.2068672 -2.1764591 13.6278439 0.0501888 0.6859437 -0.0336256 0.7251425
56.377670 27.3404541 -2.1909263 13.6352863 0.0518037 0.6864620 -0.0342190 0.7245104
56.584420 27.4766407 -2.2047098 13.6426945 0.0516805 0.6860089 -0.0324630 0.7250291
56.791050 27.6152115 -2.2206330 13.6507387 0.0511117 0.6853377 -0.0316601 0.7257392
56.997680 27.7579842 -2.2356262 13.6600895 0.0498837 0.6843710 -0.0305574 0.7267835
57.204360 27.9020195 -2.2503369 13.6689014 0.0502175 0.6829727 -0.0291584 0.7281320
57.410890 28.0488262 -2.2656827 13.6786432 0.0511467 0.6809772 -0.0276930 0.7299912
57.617510 28.1975231 -2.2811134 13.6892843 0.0513395 0.6789621 -0.0260083 0.7319141
57.720780 28.2725830 -2.2884181 13.6954212 0.0521596 0.6778724 -0.0260693 0.7328634
57.927360 28.4243622 -2.3040180 13.7082996 0.0528327 0.6756340 -0.0265235 0.7348632
58.133900 28.5777454 -2.3201900 13.7229242 0.0517314 0.6737339 -0.0291225 0.7365856
58.340500 28.7318325 -2.3371208 13.7380285 0.0507016 0.6722549 -0.0292752 0.7380012
58.547070 28.8873901 -2.3536437 13.7527142 0.0488001 0.6710808 -0.0275471 0.7392634
58.753660 29.0451603 -2.3690150 13.7692118 0.0506296 0.6704470 -0.0275778 0.7397141
58.960410 29.2020893 -2.3853106 13.7856827 0.0483068 0.6702119 -0.0279787 0.7400674
59.270460 29.4338837 -2.4093804 13.8103085 0.0468944 0.6698951 -0.0296620 0.7403794
59.477160 29.5877838 -2.4251940 13.8264513 0.0466705 0.6696503 -0.0305593 0.7405785
59.683780 29.7406406 -2.4418085 13.8425655 0.0466591 0.6695090 -0.0307683 0.7406983
59.890360 29.8928947 -2.4577472 13.8583288 0.0464446 0.6692111 -0.0307008 0.7409837
60.097040 30.0455589 -2.4743161 13.8750553 0.0488627 0.6689212 -0.0308090 0.7410854
60.303580 30.1984329 -2.4903755 13.8912582 0.0476791 0.6680443 -0.0274352 0.7420855
60.510030 30.3495502 -2.5064602 13.9072924 0.0538939 0.6660761 -0.0266814 0.7434555
60.716680 30.5005226 -2.5223684 13.9241228 0.0574675 0.6635523 -0.0255043 0.7454833
60.923310 30.6515255 -2.5400267 13.9434710 0.0589796 0.6611162 -0.0251371 0.7475392
61.233200 30.8770695 -2.5649910 13.9729099 0.0552842 0.6567180 -0.0232856 0.7517466
61.543140 31.1005745 -2.5888803 14.0067263 0.0525326 0.6509225 -0.0240536 0.7569423
61.749770 31.2498093 -2.6047385 14.0322151 0.0519905 0.6458793 -0.0256205 0.7612363
62.162940 31.5452290 -2.6368563 14.0904131 0.0507285 0.6318473 -0.0289800 0.7728879
62.369430 31.6952629 -2.6535068 14.1242476 0.0497419 0.6246435 -0.0297642 0.7787556
62.576200 31.8436317 -2.6704514 14.1595182 0.0487148 0.6185238 -0.0302733 0.7836701
62.782780 31.9910049 -2.6876519 14.1971998 0.0481871 0.6141509 -0.0313237 0.7870930
62.989540 32.1403618 -2.7039709 14.2368746 0.0474153 0.6104299 -0.0317962 0.7900102
63.196200 32.2884827 -2.7205691 14.2768764 0.0477181 0.6067998 -0.0316325 0.7927902
63.402810 32.4393044 -2.7365413 14.3191996 0.0470671 0.6031978 -0.0312933 0.7955865
63.609460 32.5886192 -2.7534564 14.3638315 0.0454090 0.5995777 -0.0300377 0.7984625
63.919450 32.8091774 -2.7773342 14.4312840 0.0435703 0.5941024 -0.0293216 0.8026732
64.125870 32.9534225 -2.7930179 14.4773016 0.0446077 0.5901044 -0.0325974 0.8054342
64.435680 33.1684799 -2.8163023 14.5492783 0.0396022 0.5860404 -0.0325717 0.8086578
64.642350 33.3112221 -2.8311977 14.5981913 0.0392890 0.5849006 -0.0372805 0.8092946
64.849050 33.4506531 -2.8460999 14.6456223 0.0400260 0.5841993 -0.0396522 0.8096523
65.055650 33.5890121 -2.8610497 14.6939878 0.0344678 0.5841168 -0.0390846 0.8099951
65.262120 33.7256088 -2.8752518 14.7409401 0.0331629 0.5844310 -0.0384063 0.8098553
65.468780 33.8623962 -2.8887930 14.7876139 0.0339825 0.5848234 -0.0389875 0.8095102
65.675410 33.9988365 -2.9021399 14.8328085 0.0347540 0.5851092 -0.0347733 0.8094629
65.881970 34.1335793 -2.9152446 14.8780861 0.0383801 0.5853188 -0.0365158 0.8090707
66.191750 34.3405800 -2.9362946 14.9462204 0.0384705 0.5856252 -0.0364839 0.8088462
66.398400 34.4805450 -2.9509001 14.9931717 0.0388029 0.5857446 -0.0368328 0.8087280
66.605040 34.6228867 -2.9650512 15.0405712 0.0416221 0.5854746 -0.0373938 0.8087576
66.811530 34.7671318 -2.9813721 15.0886402 0.0401929 0.5853750 -0.0352834 0.8089968
67.018180 34.9138451 -2.9962885 15.1378775 0.0430125 0.5849375 -0.0331418 0.8092587
67.224700 35.0634880 -3.0124893 15.1867294 0.0449391 0.5840929 -0.0301401 0.8098812
67.431360 35.2130661 -3.0287409 15.2354383 0.0480896 0.5829088 -0.0260032 0.8106963
67.638020 35.3612442 -3.0439191 15.2868690 0.0426153 0.5828063 -0.0250948 0.8111048
67.947740 35.5838432 -3.0659380 15.3636084 0.0432396 0.5821093 -0.0246597 0.8115855
68.154890 35.7307091 -3.0806706 15.4133158 0.0445819 0.5812591 -0.0237113 0.8121502
68.361010 35.8764000 -3.0953133 15.4627934 0.0434819 0.5808402 -0.0218928 0.8125606
68.567750 36.0175972 -3.1097486 15.5118637 0.0430719 0.5810090 -0.0225291 0.8124443
68.877620 36.2230568 -3.1302879 15.5825863 0.0411375 0.5821182 -0.0200178 0.8118162
69.187640 36.4200668 -3.1488447 15.6487875 0.0444747 0.5835563 -0.0210349 0.8105810
69.497520 36.6115685 -3.1690948 15.7134781 0.0478365 0.5850100 -0.0252003 0.8092218
69.704490 36.7387085 -3.1824222 15.7555428 0.0439120 0.5862445 -0.0228955 0.8086191
69.910950 36.8635788 -3.1949508 15.7961063 0.0448297 0.5868531 -0.0213544 0.8081694
70.221570 37.0488663 -3.2132363 15.8568087 0.0470455 0.5870300 -0.0215929 0.8079085
70.429610 37.1716957 -3.2258902 15.8964520 0.0487056 0.5869973 -0.0215861 0.8078341
70.738030 37.3571281 -3.2449942 15.9574499 0.0485959 0.5868831 -0.0218674 0.8079162
71.049300 37.5431709 -3.2640517 16.0188160 0.0471181 0.5853571 -0.0194846 0.8091707
71.359740 37.7224464 -3.2824576 16.0802879 0.0462597 0.5831234 -0.0208369 0.8107978
71.668000 37.8929367 -3.2999570 16.1397552 0.0450427 0.5809815 -0.0216210 0.8123818
71.977870 38.0558701 -3.3171000 16.1977272 0.0436945 0.5796772 -0.0214366 0.8133914
72.288020 38.2118874 -3.3330019 16.2524261 0.0442981 0.5781477 -0.0201978 0.8144783
72.601510 38.3584709 -3.3482985 16.3053093 0.0440607 0.5767674 -0.0211006 0.8154464
72.908190 38.4987030 -3.3618307 16.3552246 0.0433692 0.5754547 -0.0215614 0.8163983
73.218200 38.6293640 -3.3753963 16.4038582 0.0420979 0.5747128 -0.0210377 0.8170009
73.528470 38.7519112 -3.3880959 16.4489937 0.0443214 0.5738501 -0.0238807 0.8174114
73.838630 38.8659248 -3.3999782 16.4910641 0.0463928 0.5728804 -0.0236820 0.8179822
74.045380 38.9373360 -3.4077332 16.5175362 0.0445163 0.5736749 -0.0236583 0.8175302
74.355660 39.0362701 -3.4188554 16.5535641 0.0435212 0.5753915 -0.0229118 0.8163980
74.665890 39.1275597 -3.4280851 16.5864582 0.0427853 0.5767326 -0.0221412 0.8155113
74.872800 39.1832161 -3.4337680 16.6064873 0.0424021 0.5776592 -0.0219258 0.8148811
75.182880 39.2604713 -3.4418771 16.6342640 0.0415344 0.5789927 -0.0225401 0.8139620
75.699680 39.3789635 -3.4531119 16.6763115 0.0423227 0.5799346 -0.0228526 0.8132419
75.906260 39.4237633 -3.4572778 16.6923428 0.0414841 0.5789865 -0.0234950 0.8139421
76.112930 39.4680023 -3.4614415 16.7085915 0.0409806 0.5770889 -0.0241187 0.8152958
76.526720 39.5578156 -3.4700441 16.7442245 0.0412690 0.5655701 -0.0251028 0.8232844
76.835380 39.6283836 -3.4770875 16.7757778 0.0415376 0.5491789 -0.0262955 0.8342575
77.144940 39.6984253 -3.4841340 16.8133049 0.0416690 0.5248959 -0.0299868 0.8496168
77.454530 39.7654877 -3.4921546 16.8545399 0.0424828 0.4965582 -0.0337363 0.8663065
77.764930 39.8282738 -3.4990683 16.8977394 0.0417003 0.4867907 -0.0409839 0.8715596
78.075790 39.8885803 -3.5060391 16.9327621 0.0425710 0.5005762 -0.0409073 0.8636769
78.593920 39.9893456 -3.5182867 16.9758701 0.0451303 0.5458280 -0.0366451 0.8358781
78.800950 40.0334435 -3.5241168 16.9908562 0.0456590 0.5633696 -0.0344391 0.8242232
79.007710 40.0781822 -3.5290010 17.0038300 0.0480905 0.5773497 -0.0313404 0.8144768
79.214940 40.1225777 -3.5341206 17.0173378 0.0471269 0.5876543 -0.0305137 0.8071620
79.524510 40.1858368 -3.5410852 17.0349636 0.0467355 0.5952360 -0.0279601 0.8017033
79.733660 40.2236023 -3.5450935 17.0471706 0.0472620 0.5915825 -0.0274595 0.8043894
79.940110 40.2579842 -3.5493526 17.0595226 0.0466947 0.5823058 -0.0265730 0.8111926
80.763430 40.3553391 -3.5612776 17.1075897 0.0504012 0.5293273 -0.0286025 0.8464362
81.071670 40.3796692 -3.5640454 17.1268902 0.0437914 0.5100057 -0.0341844 0.8583752
81.691630 40.4183197 -3.5681353 17.1560555 0.0417491 0.4784492 -0.0333845 0.8764867
82.312040 40.4394302 -3.5713022 17.1770535 0.0383524 0.4578731 -0.0386585 0.8873482
82.624270 40.4470406 -3.5724666 17.1854591 0.0354620 0.4503347 -0.0417155 0.8911795
