1.000000e+00 -1.822835e-10 5.241111e-10 -5.551115e-17 -1.822835e-10 9.999999e-01 -5.072855e-10 -3.330669e-16 5.241111e-10 -5.072855e-10 9.999999e-01 2.220446e-16
9.999986e-01 7.122128e-04 1.533514e-03 -1.101102e-02 -7.055720e-04 9.999903e-01 -4.327036e-03 -1.712164e-02 -1.536580e-03 4.325946e-03 9.999894e-01 9.617130e-01
9.999968e-01 -1.383964e-03 2.129266e-03 -1.699529e-02 1.395070e-03 9.999853e-01 -5.223267e-03 -3.304158e-02 -2.122006e-03 5.226219e-03 9.999840e-01 1.924885e+00
9.999935e-01 -2.875213e-03 2.196984e-03 -3.106702e-02 2.877221e-03 9.999954e-01 -9.111935e-04 -6.341853e-02 -2.194353e-03 9.175076e-04 9.999971e-01 2.888054e+00
9.999894e-01 -4.378258e-03 1.426928e-03 -4.462738e-02 4.370282e-03 9.999750e-01 5.546374e-03 -9.503621e-02 -1.451175e-03 -5.540079e-03 9.999835e-01 3.848312e+00
9.999613e-01 -8.800744e-03 4.930361e-05 -5.337242e-02 8.800421e-03 9.999503e-01 4.659577e-03 -1.222173e-01 -9.030788e-05 -4.658963e-03 9.999891e-01 4.806551e+00
9.999329e-01 -1.154122e-02 -9.928825e-04 -6.458549e-02 1.154281e-02 9.999320e-01 1.608232e-03 -1.448705e-01 9.742552e-04 -1.619585e-03 9.999981e-01 5.738958e+00
9.999251e-01 -1.210851e-02 -1.791951e-03 -7.542792e-02 1.210590e-02 9.999256e-01 -1.463266e-03 -1.535673e-01 1.809537e-03 1.441462e-03 9.999973e-01 6.676395e+00
9.999307e-01 -1.148261e-02 -2.596193e-03 -8.936429e-02 1.147713e-02 9.999318e-01 -2.115606e-03 -1.678814e-01 2.620310e-03 2.085662e-03 9.999943e-01 7.606157e+00
9.999351e-01 -1.082459e-02 -3.547008e-03 -1.013034e-01 1.082533e-02 9.999413e-01 1.915052e-04 -1.791661e-01 3.544728e-03 -2.298913e-04 9.999936e-01 8.535486e+00
9.999332e-01 -1.074628e-02 -4.252912e-03 -1.141317e-01 1.075959e-02 9.999372e-01 3.119014e-03 -1.865848e-01 4.219129e-03 -3.164566e-03 9.999860e-01 9.465868e+00
9.999267e-01 -1.090491e-02 -5.254531e-03 -1.275574e-01 1.092822e-02 9.999304e-01 4.428359e-03 -1.916301e-01 5.205877e-03 -4.485457e-03 9.999763e-01 1.038892e+01
9.999051e-01 -1.246298e-02 -5.868031e-03 -1.421945e-01 1.249287e-02 9.999090e-01 5.084305e-03 -1.997185e-01 5.804133e-03 -5.157132e-03 9.999698e-01 1.133952e+01
9.998969e-01 -1.263069e-02 -6.826217e-03 -1.548813e-01 1.266478e-02 9.999074e-01 4.973288e-03 -2.155601e-01 6.762771e-03 -5.059228e-03 9.999643e-01 1.222345e+01
9.998890e-01 -1.287236e-02 -7.500847e-03 -1.693123e-01 1.289812e-02 9.999110e-01 3.394724e-03 -2.354858e-01 7.456483e-03 -3.491094e-03 9.999660e-01 1.313325e+01
9.998699e-01 -1.336574e-02 -9.034486e-03 -1.849063e-01 1.337692e-02 9.999098e-01 1.177817e-03 -2.602522e-01 9.017931e-03 -1.298518e-03 9.999584e-01 1.404136e+01
9.998368e-01 -1.468699e-02 -1.051998e-02 -1.992846e-01 1.468671e-02 9.998921e-01 -1.034110e-04 -2.760574e-01 1.052037e-02 -5.111081e-05 9.999446e-01 1.494552e+01
9.998231e-01 -1.432671e-02 -1.218625e-02 -2.169483e-01 1.431971e-02 9.998972e-01 -6.616172e-04 -2.851106e-01 1.219448e-02 4.869955e-04 9.999255e-01 1.584627e+01
9.998220e-01 -1.304143e-02 -1.363681e-02 -2.367130e-01 1.302122e-02 9.999139e-01 -1.569338e-03 -2.933610e-01 1.365611e-02 1.391489e-03 9.999057e-01 1.674309e+01
9.998148e-01 -1.159649e-02 -1.536125e-02 -2.548521e-01 1.157275e-02 9.999316e-01 -1.633665e-03 -2.982439e-01 1.537915e-02 1.455589e-03 9.998806e-01 1.763484e+01
9.997674e-01 -1.148423e-02 -1.825599e-02 -2.937433e-01 1.149904e-02 9.999336e-01 7.061475e-04 -3.138402e-01 1.824668e-02 -9.159104e-04 9.998330e-01 1.941419e+01
9.996913e-01 -1.246784e-02 -2.149326e-02 -3.335669e-01 1.249154e-02 9.999214e-01 9.685078e-04 -3.220398e-01 2.147950e-02 -1.236693e-03 9.997685e-01 2.116890e+01
9.996297e-01 -1.261378e-02 -2.411198e-02 -3.725490e-01 1.263650e-02 9.999198e-01 7.899130e-04 -3.172185e-01 2.410009e-02 -1.094312e-03 9.997089e-01 2.290089e+01
9.995692e-01 -1.363816e-02 -2.598840e-02 -4.121035e-01 1.378817e-02 9.998892e-01 5.601313e-03 -3.140241e-01 2.590913e-02 -5.957232e-03 9.996465e-01 2.461543e+01
9.995560e-01 -1.327670e-02 -2.667519e-02 -4.280328e-01 1.346665e-02 9.998851e-01 6.953738e-03 -3.057383e-01 2.657980e-02 -7.309876e-03 9.996199e-01 2.544218e+01
9.995372e-01 -1.142993e-02 -2.819322e-02 -4.690774e-01 1.151922e-02 9.999291e-01 3.006464e-03 -2.930490e-01 2.815686e-02 -3.329837e-03 9.995979e-01 2.708037e+01
9.995005e-01 -1.020425e-02 -2.990979e-02 -5.147234e-01 1.023690e-02 9.999471e-01 9.386493e-04 -2.982767e-01 2.989864e-02 -1.244365e-03 9.995521e-01 2.866957e+01
9.993980e-01 -1.012000e-02 -3.318482e-02 -5.610502e-01 1.012245e-02 9.999487e-01 -9.415537e-05 -3.024561e-01 3.318408e-02 -2.418140e-04 9.994492e-01 3.022665e+01
9.992572e-01 -1.045439e-02 -3.709050e-02 -6.098827e-01 1.048559e-02 9.999447e-01 6.466132e-04 -2.849460e-01 3.708169e-02 -1.035049e-03 9.993116e-01 3.175331e+01
9.991166e-01 -9.676451e-03 -4.089457e-02 -6.694970e-01 9.870613e-03 9.999409e-01 4.548579e-03 -2.913155e-01 4.084814e-02 -4.948216e-03 9.991530e-01 3.323490e+01
9.989871e-01 -5.570437e-03 -4.465125e-02 -7.475972e-01 5.752148e-03 9.999756e-01 3.942093e-03 -3.011809e-01 4.462821e-02 -4.194941e-03 9.989948e-01 3.470353e+01
9.988447e-01 -3.602322e-03 -4.792024e-02 -8.225011e-01 3.824192e-03 9.999823e-01 4.539097e-03 -2.935002e-01 4.790305e-02 -4.717109e-03 9.988408e-01 3.608573e+01
9.988038e-01 6.059604e-04 -4.889413e-02 -8.979841e-01 -2.707568e-04 9.999763e-01 6.862041e-03 -2.829222e-01 4.889714e-02 -6.840594e-03 9.987803e-01 3.744921e+01
9.989248e-01 5.352123e-03 -4.605101e-02 -9.662440e-01 -5.291339e-03 9.999849e-01 1.441747e-03 -2.643952e-01 4.605804e-02 -1.196526e-03 9.989380e-01 3.876355e+01
9.991414e-01 6.928143e-03 -4.084787e-02 -1.022967e+00 -6.919997e-03 9.999759e-01 3.408663e-04 -2.546909e-01 4.084925e-02 -5.790746e-05 9.991653e-01 4.003748e+01
9.993048e-01 1.641604e-02 -3.347332e-02 -1.082779e+00 -1.618094e-02 9.998425e-01 7.282552e-03 -2.559993e-01 3.358760e-02 -6.735859e-03 9.994130e-01 4.129211e+01
9.994044e-01 2.501999e-02 -2.376615e-02 -1.127463e+00 -2.483055e-02 9.996577e-01 8.233076e-03 -2.504927e-01 2.396401e-02 -7.638046e-03 9.996836e-01 4.247569e+01
9.993683e-01 3.372431e-02 -1.120755e-02 -1.156523e+00 -3.359318e-02 9.993671e-01 1.169024e-02 -2.461265e-01 1.159470e-02 -1.130636e-02 9.998688e-01 4.359239e+01
9.991739e-01 4.050788e-02 3.260896e-03 -1.165311e+00 -4.054268e-02 9.991124e-01 1.142537e-02 -2.460311e-01 -2.795184e-03 -1.154814e-02 9.999293e-01 4.462705e+01
9.989309e-01 4.494697e-02 1.081107e-02 -1.165281e+00 -4.506496e-02 9.989242e-01 1.092935e-02 -2.401569e-01 -1.030820e-02 -1.140486e-02 9.998818e-01 4.511047e+01
9.983445e-01 5.105621e-02 2.648756e-02 -1.153911e+00 -5.119570e-02 9.986779e-01 4.614266e-03 -2.368661e-01 -2.621696e-02 -5.962677e-03 9.996384e-01 4.601395e+01
9.978050e-01 5.099690e-02 4.224351e-02 -1.119110e+00 -5.130814e-02 9.986628e-01 6.315813e-03 -2.395256e-01 -4.186495e-02 -8.469386e-03 9.990873e-01 4.683267e+01
9.966453e-01 5.618538e-02 5.950962e-02 -1.077742e+00 -5.670529e-02 9.983658e-01 7.082538e-03 -2.387525e-01 -5.901444e-02 -1.043329e-02 9.982025e-01 4.756732e+01
9.949463e-01 6.439773e-02 7.703781e-02 -1.036133e+00 -6.510727e-02 9.978555e-01 6.731622e-03 -2.443984e-01 -7.643911e-02 -1.171332e-02 9.970054e-01 4.817664e+01
9.883707e-01 6.431657e-02 1.377925e-01 -8.567415e-01 -6.411000e-02 9.979251e-01 -5.941497e-03 -2.805680e-01 -1.378888e-01 -2.961478e-03 9.904432e-01 4.948708e+01
9.830186e-01 6.669167e-02 1.709583e-01 -7.577117e-01 -6.621707e-02 9.977691e-01 -8.483377e-03 -2.915714e-01 -1.711427e-01 -2.981041e-03 9.852417e-01 4.998615e+01
9.659140e-01 6.760924e-02 2.498781e-01 -4.889211e-01 -6.623732e-02 9.977069e-01 -1.390550e-02 -3.117062e-01 -2.502453e-01 -3.119744e-03 9.681774e-01 5.094530e+01
9.522731e-01 7.018360e-02 2.970693e-01 -3.172192e-01 -6.815286e-02 9.975265e-01 -1.720102e-02 -3.255041e-01 -2.975418e-01 -3.866058e-03 9.547009e-01 5.142020e+01
8.771443e-01 7.145361e-02 4.748814e-01 4.279778e-01 -6.473981e-02 9.974359e-01 -3.050080e-02 -3.824345e-01 -4.758432e-01 -3.990132e-03 8.795210e-01 5.280031e+01
8.354269e-01 7.568777e-02 5.443649e-01 7.701079e-01 -6.394528e-02 9.971310e-01 -4.050415e-02 -4.025973e-01 -5.458689e-01 -9.713071e-04 8.378700e-01 5.324411e+01
7.831650e-01 8.302927e-02 6.162457e-01 1.172293e+00 -6.828228e-02 9.965350e-01 -4.748968e-02 -4.302534e-01 -6.180536e-01 -4.886408e-03 7.861208e-01 5.369477e+01
7.198925e-01 8.857767e-02 6.884102e-01 1.658262e+00 -7.134170e-02 9.960132e-01 -5.355265e-02 -4.647131e-01 -6.904094e-01 -1.056021e-02 7.233418e-01 5.415343e+01
6.444403e-01 8.503336e-02 7.599118e-01 2.269729e+00 -6.511601e-02 9.962903e-01 -5.626252e-02 -4.777691e-01 -7.618770e-01 -1.322459e-02 6.475867e-01 5.458519e+01
5.561716e-01 8.472528e-02 8.267374e-01 2.973763e+00 -5.939500e-02 9.962982e-01 -6.214531e-02 -4.792758e-01 -8.289424e-01 -1.454061e-02 5.591450e-01 5.498383e+01
4.595568e-01 8.166095e-02 8.843862e-01 3.766145e+00 -5.479782e-02 9.964739e-01 -6.353594e-02 -4.913921e-01 -8.864563e-01 -1.926406e-02 4.624112e-01 5.533541e+01
3.597340e-01 7.961125e-02 9.296523e-01 4.641416e+00 -5.780824e-02 9.963408e-01 -6.295296e-02 -5.396177e-01 -9.312624e-01 -3.109524e-02 3.630199e-01 5.561845e+01
2.636126e-01 7.622494e-02 9.616122e-01 5.585536e+00 -4.431946e-02 9.967773e-01 -6.686285e-02 -5.957735e-01 -9.636100e-01 -2.499224e-02 2.661413e-01 5.580227e+01
1.770423e-01 6.939967e-02 9.817533e-01 6.612372e+00 -2.180620e-02 9.975425e-01 -6.658344e-02 -6.532414e-01 -9.839617e-01 -9.620226e-03 1.781206e-01 5.590280e+01
1.074817e-01 7.204208e-02 9.915934e-01 7.658631e+00 -8.852841e-03 9.974009e-01 -7.150444e-02 -7.242890e-01 -9.941677e-01 -1.093003e-03 1.078401e-01 5.595413e+01
5.379933e-02 6.807411e-02 9.962286e-01 8.774944e+00 4.677949e-03 9.976453e-01 -6.842356e-02 -8.137508e-01 -9.985408e-01 8.341445e-03 5.335421e-02 5.597751e+01
1.874635e-02 7.007914e-02 9.973652e-01 9.933246e+00 1.331628e-02 9.974345e-01 -7.033431e-02 -9.020616e-01 -9.997356e-01 1.459970e-02 1.776507e-02 5.598182e+01
-6.190262e-03 7.029766e-02 9.975068e-01 1.113754e+01 1.431476e-02 9.974299e-01 -7.020342e-02 -9.965387e-01 -9.998784e-01 1.384449e-02 -7.180648e-03 5.597900e+01
-1.479860e-02 7.371512e-02 9.971695e-01 1.175501e+01 1.910705e-02 9.971174e-01 -7.342773e-02 -1.055254e+00 -9.997080e-01 1.796633e-02 -1.616442e-02 5.596304e+01
-2.590903e-02 7.474963e-02 9.968656e-01 1.302027e+01 2.392123e-02 9.969612e-01 -7.413508e-02 -1.167977e+00 -9.993781e-01 2.192548e-02 -2.761840e-02 5.590304e+01
-2.969905e-02 7.235375e-02 9.969367e-01 1.367308e+01 2.153551e-02 9.971914e-01 -7.173070e-02 -1.217524e+00 -9.993269e-01 1.933920e-02 -3.117381e-02 5.588330e+01
-3.224636e-02 6.482052e-02 9.973757e-01 1.433357e+01 1.930001e-02 9.977490e-01 -6.422080e-02 -1.269538e+00 -9.992936e-01 1.717847e-02 -3.342481e-02 5.585852e+01
-3.403686e-02 5.685168e-02 9.978022e-01 1.569798e+01 2.332191e-02 9.981540e-01 -5.607618e-02 -1.366117e+00 -9.991485e-01 2.136199e-02 -3.529992e-02 5.577901e+01
-3.305902e-02 6.730529e-02 9.971845e-01 1.708252e+01 2.770655e-02 9.974081e-01 -6.640186e-02 -1.462354e+00 -9.990693e-01 2.543336e-02 -3.483813e-02 5.570318e+01
-2.869260e-02 7.658907e-02 9.966497e-01 1.850468e+01 2.970433e-02 9.966852e-01 -7.573665e-02 -1.545746e+00 -9.991469e-01 2.743173e-02 -3.087252e-02 5.564300e+01
-2.419601e-02 6.403547e-02 9.976542e-01 1.997824e+01 2.815724e-02 9.975941e-01 -6.334873e-02 -1.647724e+00 -9.993107e-01 2.655840e-02 -2.594085e-02 5.559027e+01
-1.813135e-02 6.898441e-02 9.974529e-01 2.143850e+01 3.389740e-02 9.970858e-01 -6.834286e-02 -1.741686e+00 -9.992609e-01 3.257190e-02 -2.041691e-02 5.553688e+01
-1.252203e-02 7.473476e-02 9.971247e-01 2.290332e+01 2.917558e-02 9.968057e-01 -7.434447e-02 -1.839076e+00 -9.994959e-01 2.816074e-02 -1.466246e-02 5.550537e+01
-4.586658e-03 6.657880e-02 9.977705e-01 2.437331e+01 2.924907e-02 9.973631e-01 -6.641717e-02 -1.955801e+00 -9.995617e-01 2.887922e-02 -6.521932e-03 5.548454e+01
1.859530e-03 7.309744e-02 9.973230e-01 2.583505e+01 3.365647e-02 9.967551e-01 -7.311859e-02 -2.059391e+00 -9.994318e-01 3.370233e-02 -6.067061e-04 5.546181e+01
9.153452e-03 7.318056e-02 9.972766e-01 2.730492e+01 2.911682e-02 9.968760e-01 -7.341842e-02 -2.167614e+00 -9.995341e-01 2.970955e-02 6.994071e-03 5.548963e+01
1.709323e-02 7.022556e-02 9.973846e-01 2.877765e+01 3.809348e-02 9.967604e-01 -7.083447e-02 -2.288673e+00 -9.991280e-01 3.920463e-02 1.436272e-02 5.551027e+01
2.346026e-02 7.155827e-02 9.971604e-01 3.024630e+01 4.104867e-02 9.965248e-01 -7.247843e-02 -2.395401e+00 -9.988817e-01 4.263246e-02 2.044136e-02 5.553620e+01
3.070906e-02 6.867484e-02 9.971663e-01 3.172630e+01 4.416618e-02 9.965691e-01 -6.999389e-02 -2.496112e+00 -9.985521e-01 4.619046e-02 2.757060e-02 5.556188e+01
3.662308e-02 7.125285e-02 9.967856e-01 3.320740e+01 4.027483e-02 9.965392e-01 -7.271499e-02 -2.578228e+00 -9.985173e-01 4.280842e-02 3.362664e-02 5.561348e+01
4.226827e-02 7.092015e-02 9.965860e-01 3.469841e+01 3.944885e-02 9.965811e-01 -7.259297e-02 -2.667716e+00 -9.983272e-01 4.238254e-02 3.932604e-02 5.567316e+01
4.741274e-02 7.133303e-02 9.963250e-01 3.619785e+01 3.453945e-02 9.967332e-01 -7.300592e-02 -2.761384e+00 -9.982781e-01 3.787392e-02 4.479405e-02 5.574855e+01
5.397584e-02 7.769258e-02 9.955151e-01 3.770474e+01 3.235073e-02 9.963090e-01 -7.950858e-02 -2.867554e+00 -9.980181e-01 3.649717e-02 5.126320e-02 5.582660e+01
6.039293e-02 8.181733e-02 9.948158e-01 3.923007e+01 2.627180e-02 9.961594e-01 -8.352275e-02 -2.973413e+00 -9.978289e-01 3.117978e-02 5.801150e-02 5.592107e+01
6.664603e-02 8.105877e-02 9.944786e-01 4.077830e+01 2.445742e-02 9.962624e-01 -8.284322e-02 -3.080932e+00 -9.974769e-01 2.984355e-02 6.441445e-02 5.602494e+01
7.416550e-02 8.302010e-02 9.937842e-01 4.233951e+01 1.936530e-02 9.962209e-01 -8.466889e-02 -3.188774e+00 -9.970579e-01 2.552443e-02 7.227750e-02 5.614130e+01
8.332298e-02 8.026167e-02 9.932850e-01 4.393795e+01 1.886995e-02 9.964454e-01 -8.209998e-02 -3.297181e+00 -9.963440e-01 2.558405e-02 8.151226e-02 5.626972e+01
9.421985e-02 9.422725e-02 9.910821e-01 4.550440e+01 1.386091e-02 9.952900e-01 -9.594507e-02 -3.402580e+00 -9.954550e-01 2.277722e-02 9.247000e-02 5.642297e+01
1.088845e-01 1.009468e-01 9.889154e-01 4.712224e+01 8.008224e-03 9.947089e-01 -1.024200e-01 -3.525277e+00 -9.940222e-01 1.907140e-02 1.075000e-01 5.660533e+01
1.234522e-01 9.684397e-02 9.876136e-01 4.872687e+01 3.804221e-03 9.951731e-01 -9.806079e-02 -3.662244e+00 -9.923433e-01 1.586291e-02 1.224879e-01 5.681192e+01
1.381181e-01 8.777174e-02 9.865188e-01 5.035682e+01 1.418947e-03 9.960468e-01 -8.881813e-02 -3.792894e+00 -9.904148e-01 1.366721e-02 1.374476e-01 5.704097e+01
1.529056e-01 7.734363e-02 9.852095e-01 5.198907e+01 -1.273776e-03 9.969472e-01 -7.806743e-02 -3.912550e+00 -9.882400e-01 1.068200e-02 1.525373e-01 5.729726e+01
1.656985e-01 8.616732e-02 9.824047e-01 5.356153e+01 -9.232977e-04 9.961885e-01 -8.722059e-02 -4.023164e+00 -9.861761e-01 1.354526e-02 1.651465e-01 5.756033e+01
1.755626e-01 9.300269e-02 9.800654e-01 5.510439e+01 -3.992120e-03 9.955867e-01 -9.376047e-02 -4.143701e+00 -9.844602e-01 1.254829e-02 1.751591e-01 5.783752e+01
1.863508e-01 8.909315e-02 9.784353e-01 5.664546e+01 -2.180078e-03 9.959149e-01 -9.026959e-02 -4.262120e+00 -9.824809e-01 1.468874e-02 1.857838e-01 5.812033e+01
1.938017e-01 7.570595e-02 9.781152e-01 5.813668e+01 -3.606712e-03 9.970662e-01 -7.645814e-02 -4.369152e+00 -9.810341e-01 1.128994e-02 1.935062e-01 5.841357e+01
2.000843e-01 7.342233e-02 9.770237e-01 5.959961e+01 -8.462431e-03 9.972804e-01 -7.321160e-02 -4.467621e+00 -9.797422e-01 6.380489e-03 2.001614e-01 5.871611e+01
2.034632e-01 7.984969e-02 9.758210e-01 6.101319e+01 -1.476313e-02 9.968056e-01 -7.848865e-02 -4.564529e+00 -9.789713e-01 1.563375e-03 2.039921e-01 5.902108e+01
2.074464e-01 8.946661e-02 9.741466e-01 6.238199e+01 -1.684370e-02 9.959881e-01 -8.788567e-02 -4.657586e+00 -9.781014e-01 1.823331e-03 2.081211e-01 5.932091e+01
2.101708e-01 9.099554e-02 9.734207e-01 6.372231e+01 -1.864042e-02 9.958511e-01 -8.906770e-02 -4.758759e+00 -9.774870e-01 5.744598e-04 2.109950e-01 5.961689e+01
2.112869e-01 8.541374e-02 9.736849e-01 6.503281e+01 -1.865394e-02 9.963453e-01 -8.335373e-02 -4.867829e+00 -9.772461e-01 -5.515137e-04 2.121080e-01 5.990218e+01
2.095206e-01 8.372355e-02 9.742132e-01 6.630099e+01 -1.785350e-02 9.964889e-01 -8.179825e-02 -4.965400e+00 -9.776413e-01 -2.547066e-04 2.102797e-01 6.016765e+01
2.053680e-01 8.784886e-02 9.747340e-01 6.754573e+01 -2.015721e-02 9.961316e-01 -8.553041e-02 -5.076711e+00 -9.784773e-01 -2.082714e-03 2.063443e-01 6.043224e+01
2.013967e-01 9.173994e-02 9.752041e-01 6.872472e+01 -1.608471e-02 9.957798e-01 -9.035379e-02 -5.182058e+00 -9.793777e-01 2.511083e-03 2.020224e-01 6.067792e+01
1.965663e-01 8.799307e-02 9.765341e-01 6.988288e+01 -1.711964e-02 9.961210e-01 -8.631201e-02 -5.285896e+00 -9.803411e-01 2.481145e-04 1.973102e-01 6.091928e+01
1.926949e-01 8.257239e-02 9.777782e-01 7.100066e+01 -1.386283e-02 9.965827e-01 -8.142841e-02 -5.393054e+00 -9.811608e-01 2.136068e-03 1.931811e-01 6.114039e+01
1.909839e-01 8.458246e-02 9.779421e-01 7.154538e+01 -9.556653e-03 9.963935e-01 -8.431200e-02 -5.440828e+00 -9.815467e-01 6.756381e-03 1.911035e-01 6.124382e+01
1.869668e-01 8.883578e-02 9.783412e-01 7.262287e+01 -6.447483e-03 9.959922e-01 -8.920640e-02 -5.532216e+00 -9.823451e-01 1.037080e-02 1.867903e-01 6.145078e+01
1.856976e-01 9.117689e-02 9.783675e-01 7.315814e+01 -6.598439e-03 9.957788e-01 -9.154711e-02 -5.583135e+00 -9.825848e-01 1.054438e-02 1.855154e-01 6.155451e+01
1.853966e-01 8.748296e-02 9.787618e-01 7.424267e+01 1.400607e-03 9.960047e-01 -8.928947e-02 -5.676448e+00 -9.826628e-01 1.792482e-02 1.845333e-01 6.174950e+01
1.900022e-01 8.543021e-02 9.780597e-01 7.533524e+01 8.831326e-03 9.960179e-01 -8.871443e-02 -5.768173e+00 -9.817440e-01 2.549349e-02 1.884911e-01 6.194475e+01
1.989535e-01 8.554309e-02 9.762683e-01 7.643447e+01 5.154324e-03 9.960779e-01 -8.832928e-02 -5.862448e+00 -9.799954e-01 2.260541e-02 1.977323e-01 6.217121e+01
2.140796e-01 8.394021e-02 9.732029e-01 7.756843e+01 5.760599e-03 9.961751e-01 -8.718880e-02 -5.961148e+00 -9.767993e-01 2.427156e-02 2.127772e-01 6.242394e+01
2.310045e-01 8.248163e-02 9.694501e-01 7.869259e+01 1.415855e-03 9.963705e-01 -8.510943e-02 -6.059871e+00 -9.729517e-01 2.103326e-02 2.300493e-01 6.269195e+01
2.504059e-01 8.572786e-02 9.643378e-01 7.985086e+01 -4.511346e-03 9.961643e-01 -8.738574e-02 -6.150779e+00 -9.681305e-01 1.753144e-02 2.498322e-01 6.300502e+01
2.707708e-01 9.062972e-02 9.583680e-01 8.104837e+01 -1.252273e-02 9.958056e-01 -9.063200e-02 -6.239009e+00 -9.625624e-01 1.253911e-02 2.707700e-01 6.335684e+01
2.908657e-01 9.326445e-02 9.522073e-01 8.226579e+01 -1.695222e-02 9.955836e-01 -9.233468e-02 -6.324963e+00 -9.566137e-01 1.071496e-02 2.911622e-01 6.374049e+01
3.114761e-01 9.499952e-02 9.454933e-01 8.353476e+01 -2.182553e-02 9.954428e-01 -9.282824e-02 -6.414738e+00 -9.500033e-01 8.277883e-03 3.121301e-01 6.416680e+01
3.221019e-01 8.973348e-02 9.424426e-01 8.419403e+01 -2.158695e-02 9.959350e-01 -8.744886e-02 -6.458457e+00 -9.464589e-01 7.822978e-03 3.227297e-01 6.439981e+01
3.440230e-01 7.757898e-02 9.357508e-01 8.553876e+01 -1.656435e-02 9.969272e-01 -7.656109e-02 -6.545009e+00 -9.388151e-01 1.083867e-02 3.442509e-01 6.488814e+01
3.540944e-01 7.458960e-02 9.322303e-01 8.622445e+01 -1.650619e-02 9.971574e-01 -7.351492e-02 -6.585584e+00 -9.350641e-01 1.064365e-02 3.543190e-01 6.515377e+01
3.724555e-01 6.671889e-02 9.256486e-01 8.763165e+01 -3.810859e-03 9.975139e-01 -7.036543e-02 -6.624344e+00 -9.280423e-01 2.268047e-02 3.717838e-01 6.570333e+01
3.795424e-01 5.699201e-02 9.234172e-01 8.835787e+01 5.138607e-03 9.979555e-01 -6.370449e-02 -6.646336e+00 -9.251601e-01 2.892363e-02 3.784736e-01 6.599341e+01
3.941549e-01 5.312216e-02 9.175074e-01 8.979244e+01 1.280626e-02 9.979136e-01 -6.327904e-02 -6.725361e+00 -9.189548e-01 3.669158e-02 3.926523e-01 6.659944e+01
4.091353e-01 6.372032e-02 9.102461e-01 9.121810e+01 1.973855e-02 9.967072e-01 -7.864494e-02 -6.813377e+00 -9.122603e-01 5.014335e-02 4.065303e-01 6.722868e+01
4.188452e-01 6.732450e-02 9.055584e-01 9.260904e+01 9.204078e-03 9.968817e-01 -7.837115e-02 -6.914272e+00 -9.080110e-01 4.116020e-02 4.169195e-01 6.790371e+01
4.270382e-01 7.405487e-02 9.011959e-01 9.396130e+01 2.044972e-03 9.965590e-01 -8.286027e-02 -7.034880e+00 -9.042313e-01 3.722741e-02 4.254173e-01 6.858083e+01
4.345564e-01 8.123113e-02 8.969739e-01 9.527546e+01 -4.290526e-03 9.960997e-01 -8.812948e-02 -7.183014e+00 -9.006345e-01 3.444873e-02 4.332100e-01 6.924820e+01
4.428542e-01 7.591396e-02 8.933740e-01 9.658342e+01 -4.416793e-03 9.965817e-01 -8.249455e-02 -7.329268e+00 -8.965828e-01 3.258720e-02 4.416757e-01 6.991299e+01
4.498128e-01 7.264084e-02 8.901638e-01 9.784561e+01 -6.223303e-03 9.969176e-01 -7.820765e-02 -7.469536e+00 -8.931012e-01 2.963904e-02 4.488783e-01 7.056975e+01
4.559167e-01 7.493501e-02 8.868622e-01 9.903309e+01 -6.874789e-03 9.967160e-01 -8.068289e-02 -7.592121e+00 -8.899959e-01 3.068768e-02 4.549346e-01 7.119793e+01
4.597856e-01 7.210194e-02 8.850980e-01 1.002122e+02 -2.867504e-03 9.968137e-01 -7.971295e-02 -7.709739e+00 -8.880254e-01 3.411284e-02 4.585273e-01 7.181621e+01
4.635939e-01 7.154756e-02 8.831543e-01 1.013530e+02 -3.114287e-03 9.968598e-01 -7.912450e-02 -7.823540e+00 -8.860423e-01 3.393123e-02 4.623610e-01 7.243265e+01
4.693305e-01 7.307267e-02 8.799938e-01 1.024447e+02 -1.109730e-03 9.966180e-01 -8.216504e-02 -7.943074e+00 -8.830219e-01 3.758600e-02 4.678244e-01 7.303236e+01
4.756810e-01 7.068726e-02 8.767729e-01 1.035115e+02 4.050499e-03 9.965791e-01 -8.254384e-02 -8.053690e+00 -8.796086e-01 4.281590e-02 4.737675e-01 7.362090e+01
4.823176e-01 6.935246e-02 8.732467e-01 1.045505e+02 6.467138e-03 9.965520e-01 -8.271724e-02 -8.139292e+00 -8.759726e-01 4.554338e-02 4.802060e-01 7.419588e+01
4.891732e-01 6.814586e-02 8.695203e-01 1.055640e+02 8.817026e-03 9.965056e-01 -8.305820e-02 -8.223750e+00 -8.721421e-01 4.829642e-02 4.868630e-01 7.476626e+01
4.974064e-01 6.960041e-02 8.647211e-01 1.065650e+02 1.039377e-02 9.962267e-01 -8.616388e-02 -8.308372e+00 -8.674554e-01 5.184617e-02 4.948061e-01 7.534311e+01
5.075846e-01 7.889659e-02 8.579820e-01 1.075403e+02 4.700685e-03 9.955302e-01 -9.432592e-02 -8.418748e+00 -8.615891e-01 5.191148e-02 5.049449e-01 7.592569e+01
5.194125e-01 9.210111e-02 8.495457e-01 1.085079e+02 -5.748399e-03 9.945287e-01 -1.043045e-01 -8.530283e+00 -8.545043e-01 4.929352e-02 5.171001e-01 7.653231e+01
5.311767e-01 9.671565e-02 8.417228e-01 1.094846e+02 -1.339558e-02 9.942978e-01 -1.057934e-01 -8.642339e+00 -8.471552e-01 4.491963e-02 5.294434e-01 7.716092e+01
5.422377e-01 9.312728e-02 8.350482e-01 1.104964e+02 -2.597826e-02 9.952217e-01 -9.412141e-02 -8.763095e+00 -8.398235e-01 2.934307e-02 5.420659e-01 7.782451e+01
5.540927e-01 8.923672e-02 8.276582e-01 1.115367e+02 -3.493499e-02 9.958545e-01 -8.398345e-02 -8.867411e+00 -8.317217e-01 1.762038e-02 5.549131e-01 7.851965e+01
5.664510e-01 9.677166e-02 8.183938e-01 1.125829e+02 -4.325482e-02 9.952038e-01 -8.773993e-02 -8.963221e+00 -8.229595e-01 1.430088e-02 5.679200e-01 7.924678e+01
5.788717e-01 1.020245e-01 8.090108e-01 1.136686e+02 -4.805454e-02 9.946856e-01 -9.105551e-02 -9.057118e+00 -8.140015e-01 1.383281e-02 5.806981e-01 8.001888e+01
5.912435e-01 1.049190e-01 7.996393e-01 1.147933e+02 -5.726240e-02 9.944606e-01 -8.814198e-02 -9.158005e+00 -8.044577e-01 6.324097e-03 5.939762e-01 8.084871e+01
6.059710e-01 1.007245e-01 7.890841e-01 1.159476e+02 -5.766546e-02 9.949036e-01 -8.271315e-02 -9.273702e+00 -7.933939e-01 4.618868e-03 6.086910e-01 8.172926e+01
6.209422e-01 1.032880e-01 7.770214e-01 1.171091e+02 -6.351949e-02 9.946507e-01 -8.145667e-02 -9.366338e+00 -7.812785e-01 1.223868e-03 6.241813e-01 8.266397e+01
6.355250e-01 1.046068e-01 7.649610e-01 1.182986e+02 -6.565811e-02 9.945124e-01 -8.144912e-02 -9.457628e+00 -7.692835e-01 1.537052e-03 6.389057e-01 8.365236e+01
6.444287e-01 1.017978e-01 7.578580e-01 1.195230e+02 -6.480563e-02 9.948039e-01 -7.851900e-02 -9.549903e+00 -7.619133e-01 1.486427e-03 6.476773e-01 8.468521e+01
6.517854e-01 9.553642e-02 7.523619e-01 1.207812e+02 -5.554669e-02 9.953831e-01 -7.827461e-02 -9.635230e+00 -7.563665e-01 9.227034e-03 6.540829e-01 8.574376e+01
6.594618e-01 8.305565e-02 7.471357e-01 1.220849e+02 -4.218349e-02 9.964003e-01 -7.353186e-02 -9.728697e+00 -7.505536e-01 1.697466e-02 6.605915e-01 8.685165e+01
6.663679e-01 7.623736e-02 7.417153e-01 1.233777e+02 -3.632067e-02 9.968970e-01 -6.983526e-02 -9.820354e+00 -7.447380e-01 1.959638e-02 6.670692e-01 8.797821e+01
6.726330e-01 8.244028e-02 7.353695e-01 1.246768e+02 -4.296094e-02 9.964489e-01 -7.241340e-02 -9.916275e+00 -7.387281e-01 1.711548e-02 6.737862e-01 8.916047e+01
6.781317e-01 8.261678e-02 7.302820e-01 1.259636e+02 -4.941746e-02 9.965384e-01 -6.684989e-02 -1.001373e+01 -7.332771e-01 9.244349e-03 6.798670e-01 9.035993e+01
6.851176e-01 7.449807e-02 7.246129e-01 1.272756e+02 -5.171768e-02 9.972208e-01 -5.362636e-02 -1.010087e+01 -7.265943e-01 -7.349427e-04 6.870664e-01 9.159686e+01
6.945548e-01 6.746366e-02 7.162696e-01 1.285815e+02 -4.338405e-02 9.977092e-01 -5.190300e-02 -1.018420e+01 -7.181305e-01 4.974799e-03 6.958906e-01 9.284078e+01
7.055871e-01 6.626764e-02 7.055178e-01 1.298788e+02 -2.683090e-02 9.974021e-01 -6.685014e-02 -1.028691e+01 -7.081151e-01 2.823891e-02 7.055321e-01 9.410638e+01
7.170970e-01 6.227613e-02 6.941855e-01 1.311491e+02 -2.167839e-02 9.975111e-01 -6.709393e-02 -1.039963e+01 -6.966362e-01 3.306402e-02 7.166622e-01 9.540323e+01
7.284913e-01 5.352637e-02 6.829607e-01 1.324272e+02 -1.289581e-02 9.978376e-01 -6.444902e-02 -1.050523e+01 -6.849337e-01 3.814321e-02 7.276063e-01 9.674200e+01
7.367498e-01 5.740409e-02 6.737244e-01 1.336847e+02 -1.154373e-02 9.973123e-01 -7.235151e-02 -1.060432e+01 -6.760670e-01 4.552765e-02 7.354323e-01 9.810439e+01
7.423894e-01 4.822207e-02 6.682309e-01 1.349539e+02 -5.940312e-03 9.978408e-01 -6.540843e-02 -1.071551e+01 -6.699423e-01 4.458902e-02 7.410729e-01 9.948856e+01
7.444086e-01 3.981831e-02 6.665360e-01 1.362215e+02 6.075426e-04 9.981795e-01 -6.030895e-02 -1.081998e+01 -6.677241e-01 4.529944e-02 7.430292e-01 1.008793e+02
7.439725e-01 4.142014e-02 6.669253e-01 1.381207e+02 -2.359997e-03 9.982335e-01 -5.936379e-02 -1.096869e+01 -6.682062e-01 4.259108e-02 7.427560e-01 1.029852e+02
7.406677e-01 4.907649e-02 6.700767e-01 1.393904e+02 -9.656987e-03 9.980032e-01 -6.241955e-02 -1.106529e+01 -6.718021e-01 3.976121e-02 7.396627e-01 1.043827e+02
7.361989e-01 5.306085e-02 6.746819e-01 1.406686e+02 -1.596371e-02 9.980058e-01 -6.106964e-02 -1.116410e+01 -6.765770e-01 3.418896e-02 7.355777e-01 1.057715e+02
7.313859e-01 5.166595e-02 6.800038e-01 1.419472e+02 -1.795340e-02 9.982391e-01 -5.653516e-02 -1.126171e+01 -6.817275e-01 2.914063e-02 7.310256e-01 1.071334e+02
7.258265e-01 5.210861e-02 6.859013e-01 1.432295e+02 -1.519369e-02 9.980978e-01 -5.974841e-02 -1.135965e+01 -6.877101e-01 3.294560e-02 7.252375e-01 1.084648e+02
7.151980e-01 6.636784e-02 6.957637e-01 1.451538e+02 -2.496307e-02 9.972717e-01 -6.946792e-02 -1.152141e+01 -6.984760e-01 3.231491e-02 7.149034e-01 1.104492e+02
7.079977e-01 6.419717e-02 7.032908e-01 1.464484e+02 -2.918610e-02 9.976687e-01 -6.168690e-02 -1.163357e+01 -7.056114e-01 2.314786e-02 7.082208e-01 1.117540e+02
7.017347e-01 6.235181e-02 7.097046e-01 1.477333e+02 -2.673815e-02 9.977659e-01 -6.122186e-02 -1.173221e+01 -7.119365e-01 2.398531e-02 7.018341e-01 1.130076e+02
6.954869e-01 6.096418e-02 7.159478e-01 1.490522e+02 -1.943465e-02 9.976256e-01 -6.607031e-02 -1.183500e+01 -7.182760e-01 3.203684e-02 6.950203e-01 1.142503e+02
6.876071e-01 6.194504e-02 7.234357e-01 1.503763e+02 -1.668900e-02 9.974392e-01 -6.954446e-02 -1.192783e+01 -7.258912e-01 3.574584e-02 6.868801e-01 1.154384e+02
6.834020e-01 6.347575e-02 7.272775e-01 1.510476e+02 -1.859951e-02 9.974033e-01 -6.957454e-02 -1.197578e+01 -7.298054e-01 3.402036e-02 6.828080e-01 1.160372e+02
6.782384e-01 6.333601e-02 7.321074e-01 1.517272e+02 -1.839537e-02 9.974298e-01 -6.924776e-02 -1.202409e+01 -7.346117e-01 3.349909e-02 6.776602e-01 1.166342e+02
6.661776e-01 7.294586e-02 7.422171e-01 1.530860e+02 -2.514374e-02 9.968361e-01 -7.540231e-02 -1.212501e+01 -7.453692e-01 3.156921e-02 6.659040e-01 1.178158e+02
6.599246e-01 7.911778e-02 7.471545e-01 1.537739e+02 -2.713381e-02 9.963010e-01 -8.153451e-02 -1.217933e+01 -7.508417e-01 3.353347e-02 6.596303e-01 1.183992e+02
6.469446e-01 7.608418e-02 7.587317e-01 1.551890e+02 -2.810513e-02 9.967128e-01 -7.598421e-02 -1.229900e+01 -7.620189e-01 2.783331e-02 6.469563e-01 1.195662e+02
6.397512e-01 7.181624e-02 7.652194e-01 1.559127e+02 -3.418701e-02 9.972984e-01 -6.501541e-02 -1.236503e+01 -7.678214e-01 1.543313e-02 6.404781e-01 1.201520e+02
6.251650e-01 6.886405e-02 7.774487e-01 1.573838e+02 -3.787701e-02 9.976031e-01 -5.790688e-02 -1.247643e+01 -7.795731e-01 6.753918e-03 6.262749e-01 1.212983e+02
6.108586e-01 7.059566e-02 7.885860e-01 1.589058e+02 -3.062857e-02 9.973783e-01 -6.556148e-02 -1.258374e+01 -7.911471e-01 1.589552e-02 6.114194e-01 1.224322e+02
5.963776e-01 7.929639e-02 7.987777e-01 1.604008e+02 -2.527590e-02 9.964702e-01 -8.005047e-02 -1.270216e+01 -8.023060e-01 2.755048e-02 5.962768e-01 1.235094e+02
5.822744e-01 6.889034e-02 8.100682e-01 1.619638e+02 -1.852015e-02 9.972687e-01 -7.149816e-02 -1.285193e+01 -8.127814e-01 2.662895e-02 5.819599e-01 1.245828e+02
5.691041e-01 6.805338e-02 8.194444e-01 1.634987e+02 -1.568329e-02 9.972862e-01 -7.193080e-02 -1.298726e+01 -8.221159e-01 2.808453e-02 5.686270e-01 1.256019e+02
5.573815e-01 6.199015e-02 8.279390e-01 1.650417e+02 -9.673814e-03 9.976259e-01 -6.818255e-02 -1.312226e+01 -8.302002e-01 2.999436e-02 5.566579e-01 1.266042e+02
5.479447e-01 5.798755e-02 8.345022e-01 1.665531e+02 -1.051015e-02 9.979929e-01 -6.244704e-02 -1.323954e+01 -8.364486e-01 2.544678e-02 5.474544e-01 1.275770e+02
5.395125e-01 6.452462e-02 8.395015e-01 1.680469e+02 -1.026839e-02 9.974892e-01 -7.006861e-02 -1.336429e+01 -8.419150e-01 2.918255e-02 5.388205e-01 1.285271e+02
5.330025e-01 7.208680e-02 8.430372e-01 1.694764e+02 -1.306140e-02 9.969463e-01 -7.698940e-02 -1.348459e+01 -8.460129e-01 3.002430e-02 5.323164e-01 1.294289e+02
5.280669e-01 5.862653e-02 8.471766e-01 1.709121e+02 -9.759284e-03 9.979671e-01 -6.297838e-02 -1.361181e+01 -8.491468e-01 2.498895e-02 5.275655e-01 1.303215e+02
5.230206e-01 5.247386e-02 8.507032e-01 1.723205e+02 4.771035e-04 9.980848e-01 -6.185813e-02 -1.372813e+01 -8.523200e-01 3.275894e-02 5.219938e-01 1.311750e+02
5.186716e-01 6.233329e-02 8.526982e-01 1.736861e+02 -2.165016e-04 9.973482e-01 -7.277570e-02 -1.384508e+01 -8.549736e-01 3.756207e-02 5.173097e-01 1.320073e+02
5.142678e-01 7.224068e-02 8.545816e-01 1.750350e+02 1.884135e-03 9.963484e-01 -8.535855e-02 -1.396378e+01 -8.576276e-01 4.550729e-02 5.122538e-01 1.328270e+02
5.116812e-01 6.617294e-02 8.566232e-01 1.756897e+02 8.975473e-04 9.969878e-01 -7.755205e-02 -1.401825e+01 -8.591749e-01 4.045078e-02 5.100806e-01 1.332184e+02
5.045411e-01 5.525444e-02 8.616177e-01 1.770072e+02 -1.538348e-02 9.983669e-01 -5.501584e-02 -1.413400e+01 -8.632506e-01 1.450307e-02 5.045671e-01 1.340303e+02
5.023265e-01 5.713914e-02 8.627880e-01 1.776520e+02 -1.616384e-02 9.982603e-01 -5.670016e-02 -1.418089e+01 -8.645270e-01 1.453602e-02 5.023762e-01 1.344121e+02
4.975661e-01 6.193002e-02 8.652124e-01 1.789314e+02 -1.167629e-02 9.978358e-01 -6.470813e-02 -1.426465e+01 -8.673475e-01 2.209409e-02 4.972124e-01 1.351404e+02
4.921297e-01 6.017400e-02 8.684396e-01 1.801748e+02 -1.296951e-02 9.980041e-01 -6.180192e-02 -1.436322e+01 -8.704253e-01 1.915132e-02 4.919279e-01 1.358638e+02
4.866699e-01 6.023619e-02 8.715067e-01 1.813913e+02 -1.112561e-02 9.979663e-01 -6.276395e-02 -1.445852e+01 -8.735151e-01 2.084928e-02 4.863503e-01 1.365576e+02
4.784604e-01 6.412302e-02 8.757647e-01 1.825812e+02 -1.039562e-02 9.976738e-01 -6.736967e-02 -1.454745e+01 -8.780476e-01 2.312960e-02 4.780140e-01 1.372138e+02
4.685024e-01 6.864257e-02 8.807914e-01 1.837467e+02 -1.075481e-02 9.973462e-01 -7.200543e-02 -1.463103e+01 -8.833968e-01 2.426197e-02 4.679973e-01 1.378441e+02
4.562691e-01 7.465751e-02 8.867044e-01 1.849104e+02 -7.607239e-03 9.967650e-01 -8.000982e-02 -1.471237e+01 -8.898093e-01 2.976063e-02 4.553610e-01 1.384500e+02
4.427020e-01 7.909464e-02 8.931735e-01 1.860967e+02 -1.379913e-02 9.965849e-01 -8.141266e-02 -1.479763e+01 -8.965626e-01 2.371653e-02 4.422816e-01 1.390562e+02
4.295368e-01 8.152935e-02 8.993614e-01 1.873167e+02 -1.777900e-02 9.964866e-01 -8.184272e-02 -1.489366e+01 -9.028744e-01 1.916471e-02 4.294772e-01 1.396500e+02
4.148052e-01 9.003995e-02 9.054443e-01 1.885640e+02 -2.199096e-02 9.957932e-01 -8.894995e-02 -1.499292e+01 -9.096445e-01 1.698531e-02 4.150403e-01 1.402354e+02
3.997251e-01 9.636593e-02 9.115554e-01 1.898399e+02 -2.556744e-02 9.952436e-01 -9.400157e-02 -1.508795e+01 -9.162784e-01 1.426864e-02 4.002877e-01 1.408155e+02
3.847916e-01 1.008805e-01 9.174739e-01 1.911667e+02 -2.733209e-02 9.948186e-01 -9.792178e-02 -1.520551e+01 -9.225988e-01 1.260299e-02 3.855551e-01 1.413810e+02
3.707676e-01 1.006210e-01 9.232587e-01 1.925394e+02 -2.164634e-02 9.947797e-01 -9.972289e-02 -1.532526e+01 -9.284734e-01 1.698885e-02 3.710102e-01 1.419287e+02
3.558825e-01 9.574795e-02 9.296127e-01 1.939627e+02 -2.182126e-02 9.953177e-01 -9.416162e-02 -1.545199e+01 -9.342759e-01 1.322515e-02 3.563055e-01 1.424808e+02
3.492649e-01 9.144873e-02 9.325508e-01 1.946963e+02 -2.109748e-02 9.957413e-01 -8.974384e-02 -1.551367e+01 -9.367865e-01 1.166989e-02 3.497068e-01 1.427543e+02
3.436377e-01 8.776456e-02 9.349922e-01 1.954600e+02 -1.751161e-02 9.960491e-01 -8.705974e-02 -1.557305e+01 -9.389391e-01 1.354378e-02 3.438169e-01 1.430263e+02
3.326918e-01 7.692879e-02 9.398925e-01 1.969859e+02 -1.629127e-02 9.969872e-01 -7.583532e-02 -1.568196e+01 -9.428949e-01 9.917743e-03 3.329428e-01 1.435675e+02
3.230512e-01 8.427881e-02 9.426213e-01 1.985592e+02 -9.109144e-03 9.962575e-01 -8.595254e-02 -1.579846e+01 -9.463377e-01 1.918059e-02 3.226099e-01 1.440967e+02
3.148095e-01 1.023328e-01 9.436222e-01 2.001451e+02 2.326605e-03 9.940847e-01 -1.085816e-01 -1.592437e+01 -9.491521e-01 3.637793e-02 3.127092e-01 1.446074e+02
3.107911e-01 9.763496e-02 9.454502e-01 2.009751e+02 8.425803e-03 9.943879e-01 -1.054584e-01 -1.600532e+01 -9.504409e-01 4.074171e-02 3.082243e-01 1.448679e+02
3.014416e-01 8.371634e-02 9.498023e-01 2.026924e+02 1.738545e-02 9.954898e-01 -9.326097e-02 -1.617598e+01 -9.533262e-01 4.462547e-02 2.986266e-01 1.453976e+02
2.920486e-01 9.973348e-02 9.511891e-01 2.043673e+02 1.011548e-02 9.941702e-01 -1.073459e-01 -1.633869e+01 -9.563500e-01 4.097195e-02 2.893371e-01 1.459080e+02
2.812924e-01 9.863609e-02 9.545394e-01 2.061048e+02 3.084065e-03 9.946053e-01 -1.036851e-01 -1.651609e+01 -9.596172e-01 3.210968e-02 2.794707e-01 1.464228e+02
2.701798e-01 9.681046e-02 9.579303e-01 2.078609e+02 -6.002559e-04 9.949487e-01 -1.003823e-01 -1.669858e+01 -9.628097e-01 2.654627e-02 2.688731e-01 1.469260e+02
2.606053e-01 1.013878e-01 9.601069e-01 2.096440e+02 1.688637e-03 9.944210e-01 -1.054698e-01 -1.687390e+01 -9.654440e-01 2.910725e-02 2.589801e-01 1.474068e+02
2.528181e-01 9.892462e-02 9.624431e-01 2.114620e+02 7.020823e-03 9.945453e-01 -1.040685e-01 -1.705443e+01 -9.674884e-01 3.306754e-02 2.507445e-01 1.478807e+02
2.466281e-01 9.726272e-02 9.642170e-01 2.133004e+02 9.659479e-03 9.946547e-01 -1.028038e-01 -1.723376e+01 -9.690621e-01 3.466812e-02 2.443703e-01 1.483482e+02
2.412380e-01 9.416597e-02 9.658866e-01 2.151568e+02 8.599209e-03 9.950347e-01 -9.915541e-02 -1.741109e+01 -9.704279e-01 3.222591e-02 2.392304e-01 1.488145e+02
2.367007e-01 9.694294e-02 9.667340e-01 2.170093e+02 2.825041e-03 9.949367e-01 -1.004628e-01 -1.758912e+01 -9.715785e-01 2.651067e-02 2.352284e-01 1.492778e+02
2.328840e-01 9.866896e-02 9.674861e-01 2.188603e+02 2.613904e-03 9.947726e-01 -1.020810e-01 -1.776862e+01 -9.725010e-01 2.630194e-02 2.314087e-01 1.497262e+02
2.304690e-01 9.379991e-02 9.685481e-01 2.207197e+02 5.176530e-03 9.952108e-01 -9.761387e-02 -1.794623e+01 -9.730659e-01 2.751068e-02 2.288797e-01 1.501656e+02
2.271951e-01 9.333935e-02 9.693658e-01 2.225742e+02 5.126221e-03 9.952677e-01 -9.703490e-02 -1.812038e+01 -9.738358e-01 2.701503e-02 2.256415e-01 1.506004e+02
2.234058e-01 1.020275e-01 9.693710e-01 2.244121e+02 4.420208e-03 9.943903e-01 -1.056795e-01 -1.829363e+01 -9.747155e-01 2.789423e-02 2.217015e-01 1.510218e+02
2.177265e-01 9.880990e-02 9.709952e-01 2.262731e+02 1.781073e-03 9.948202e-01 -1.016338e-01 -1.848080e+01 -9.760082e-01 2.385777e-02 2.164227e-01 1.514464e+02
2.109988e-01 8.885442e-02 9.734394e-01 2.281038e+02 3.055129e-03 9.957950e-01 -9.155725e-02 -1.865508e+01 -9.774816e-01 2.229244e-02 2.098401e-01 1.518450e+02
2.028161e-01 9.132666e-02 9.749487e-01 2.299189e+02 1.864635e-03 9.956034e-01 -9.364937e-02 -1.881652e+01 -9.792151e-01 2.081152e-02 2.017541e-01 1.522303e+02
1.946759e-01 9.085693e-02 9.766505e-01 2.317587e+02 1.971537e-03 9.956623e-01 -9.301859e-02 -1.896992e+01 -9.808657e-01 2.003397e-02 1.936523e-01 1.526032e+02
1.867244e-01 8.935452e-02 9.783402e-01 2.336155e+02 1.846353e-03 9.958213e-01 -9.130353e-02 -1.911494e+01 -9.824106e-01 1.885495e-02 1.857791e-01 1.529646e+02
1.785548e-01 9.099055e-02 9.797136e-01 2.354493e+02 -2.091990e-03 9.957476e-01 -9.209846e-02 -1.926118e+01 -9.839278e-01 1.439507e-02 1.779859e-01 1.533132e+02
1.705743e-01 9.158339e-02 9.810794e-01 2.372897e+02 -8.781858e-03 9.957729e-01 -9.142819e-02 -1.941011e+01 -9.853057e-01 6.979593e-03 1.706575e-01 1.536418e+02
1.633438e-01 1.017604e-01 9.813070e-01 2.391054e+02 -1.609225e-02 9.948087e-01 -1.004819e-01 -1.957930e+01 -9.864380e-01 6.216606e-04 1.641334e-01 1.539590e+02
1.564371e-01 1.008394e-01 9.825267e-01 2.409342e+02 -1.912174e-02 9.948972e-01 -9.906450e-02 -1.975257e+01 -9.875028e-01 -3.290260e-03 1.575671e-01 1.542564e+02
1.531232e-01 9.702814e-02 9.834321e-01 2.418500e+02 -1.863667e-02 9.952745e-01 -9.529479e-02 -1.983999e+01 -9.880314e-01 -3.736056e-03 1.542079e-01 1.543982e+02
1.468285e-01 9.306468e-02 9.847742e-01 2.436688e+02 -1.671571e-02 9.956554e-01 -9.160072e-02 -2.000434e+01 -9.890208e-01 -3.011608e-03 1.477462e-01 1.546684e+02
1.391890e-01 9.508455e-02 9.856902e-01 2.454743e+02 -1.670129e-02 9.954632e-01 -9.366894e-02 -2.016399e+01 -9.901250e-01 -3.424617e-03 1.401456e-01 1.549236e+02
1.295849e-01 9.341149e-02 9.871585e-01 2.472733e+02 -7.631354e-03 9.956171e-01 -9.321015e-02 -2.032350e+01 -9.915390e-01 4.545266e-03 1.297298e-01 1.551446e+02
1.198622e-01 8.884159e-02 9.888074e-01 2.490698e+02 -7.117082e-03 9.960392e-01 -8.862864e-02 -2.048204e+01 -9.927651e-01 3.585797e-03 1.200197e-01 1.553582e+02
1.158805e-01 1.016851e-01 9.880444e-01 2.499549e+02 -3.982113e-03 9.947854e-01 -1.019118e-01 -2.055749e+01 -9.932552e-01 7.875084e-03 1.156811e-01 1.554527e+02
1.047395e-01 1.180202e-01 9.874719e-01 2.517259e+02 -4.262840e-03 9.929775e-01 -1.182261e-01 -2.071972e+01 -9.944906e-01 8.173507e-03 1.045071e-01 1.556328e+02
9.917196e-02 1.118108e-01 9.887685e-01 2.526209e+02 -8.700271e-03 9.937264e-01 -1.114988e-01 -2.080615e+01 -9.950323e-01 2.454999e-03 9.952258e-02 1.557215e+02
8.875950e-02 1.013125e-01 9.908872e-01 2.544024e+02 -1.243372e-02 9.948488e-01 -1.006038e-01 -2.098217e+01 -9.959755e-01 -3.390874e-03 8.956197e-02 1.558813e+02
8.239821e-02 1.009633e-01 9.914720e-01 2.552821e+02 -1.617835e-02 9.948595e-01 -9.996378e-02 -2.106516e+01 -9.964682e-01 -7.803544e-03 8.360806e-02 1.559558e+02
6.775378e-02 9.475242e-02 9.931924e-01 2.570428e+02 -2.362694e-02 9.953532e-01 -9.334679e-02 -2.122381e+01 -9.974223e-01 -1.714150e-02 6.967765e-02 1.560897e+02
6.045093e-02 9.080372e-02 9.940323e-01 2.579199e+02 -2.544022e-02 9.956702e-01 -8.940624e-02 -2.130232e+01 -9.978470e-01 -1.988371e-02 6.249926e-02 1.561451e+02
4.757742e-02 9.690533e-02 9.941557e-01 2.596601e+02 -1.894279e-02 9.951914e-01 -9.609975e-02 -2.144205e+01 -9.986880e-01 -1.425990e-02 4.918430e-02 1.562240e+02
3.443742e-02 9.744229e-02 9.946451e-01 2.613989e+02 -1.652403e-02 9.951549e-01 -9.692014e-02 -2.158418e+01 -9.992703e-01 -1.309787e-02 3.588071e-02 1.562883e+02
2.220778e-02 9.332828e-02 9.953876e-01 2.631403e+02 -1.454025e-02 9.955580e-01 -9.301987e-02 -2.172636e+01 -9.996477e-01 -1.240742e-02 2.346615e-02 1.563324e+02
1.239196e-02 9.919173e-02 9.949911e-01 2.648657e+02 -1.273930e-02 9.950024e-01 -9.903421e-02 -2.186707e+01 -9.998421e-01 -1.144826e-02 1.359367e-02 1.563569e+02
6.660461e-03 9.944125e-02 9.950211e-01 2.665945e+02 -4.772361e-03 9.950350e-01 -9.941072e-02 -2.201710e+01 -9.999665e-01 -4.086480e-03 7.101961e-03 1.563599e+02
1.306964e-03 9.412386e-02 9.955596e-01 2.691826e+02 1.142220e-03 9.955596e-01 -9.412539e-02 -2.224240e+01 -9.999985e-01 1.260164e-03 1.193650e-03 1.563491e+02
4.131730e-04 9.896354e-02 9.950909e-01 2.717439e+02 8.805307e-03 9.950520e-01 -9.896335e-02 -2.246937e+01 -9.999612e-01 8.802966e-03 -4.602761e-04 1.563340e+02
2.918794e-03 1.000762e-01 9.949754e-01 2.734367e+02 1.201711e-02 9.949043e-01 -1.001044e-01 -2.263729e+01 -9.999236e-01 1.224891e-02 1.701293e-03 1.563283e+02
7.215725e-03 9.861120e-02 9.950998e-01 2.750562e+02 1.484922e-02 9.950054e-01 -9.870955e-02 -2.279801e+01 -9.998637e-01 1.548871e-02 5.715386e-03 1.563301e+02
1.298051e-02 9.328545e-02 9.955547e-01 2.766656e+02 1.561146e-02 9.954983e-01 -9.348373e-02 -2.295477e+01 -9.997939e-01 1.675553e-02 1.146576e-02 1.563455e+02
1.989448e-02 8.828070e-02 9.958969e-01 2.782238e+02 1.298542e-02 9.959872e-01 -8.854813e-02 -2.310166e+01 -9.997178e-01 1.469376e-02 1.866829e-02 1.563778e+02
2.360367e-02 8.872324e-02 9.957765e-01 2.789862e+02 8.346178e-03 9.960018e-01 -8.894116e-02 -2.317205e+01 -9.996866e-01 1.041026e-02 2.276880e-02 1.564029e+02
3.148095e-02 9.015983e-02 9.954295e-01 2.804806e+02 5.682488e-03 9.958909e-01 -9.038135e-02 -2.330168e+01 -9.994882e-01 8.501804e-03 3.083926e-02 1.564550e+02
3.826068e-02 8.410351e-02 9.957221e-01 2.819382e+02 2.804072e-03 9.964388e-01 -8.427180e-02 -2.343189e+01 -9.992639e-01 6.016370e-03 3.788859e-02 1.565202e+02
4.598351e-02 8.363717e-02 9.954347e-01 2.833383e+02 1.450858e-03 9.964821e-01 -8.379222e-02 -2.355164e+01 -9.989412e-01 5.297292e-03 4.570040e-02 1.565937e+02
5.315016e-02 8.696359e-02 9.947926e-01 2.846753e+02 3.544211e-04 9.961990e-01 -8.710549e-02 -2.366960e+01 -9.985865e-01 4.982244e-03 5.291732e-02 1.566761e+02
5.922029e-02 8.988187e-02 9.941901e-01 2.859670e+02 -4.209716e-03 9.959517e-01 -8.979039e-02 -2.378128e+01 -9.982361e-01 1.132152e-03 5.935893e-02 1.567616e+02
6.586665e-02 9.151821e-02 9.936226e-01 2.872092e+02 -7.837117e-03 9.958017e-01 -9.119942e-02 -2.389017e+01 -9.977977e-01 -1.780139e-03 6.630736e-02 1.568523e+02
6.883180e-02 8.959867e-02 9.935965e-01 2.878108e+02 -9.041925e-03 9.959738e-01 -8.918668e-02 -2.394344e+01 -9.975873e-01 -2.845148e-03 6.936481e-02 1.568983e+02
7.498782e-02 9.437462e-02 9.927085e-01 2.889746e+02 -1.271679e-02 9.955209e-01 -9.368141e-02 -2.404626e+01 -9.971034e-01 -5.599100e-03 7.585209e-02 1.569918e+02
8.078990e-02 9.339951e-02 9.923454e-01 2.901099e+02 -1.566925e-02 9.955958e-01 -9.242978e-02 -2.415117e+01 -9.966080e-01 -8.081919e-03 8.189758e-02 1.570886e+02
8.663261e-02 9.365735e-02 9.918281e-01 2.911990e+02 -1.710046e-02 9.955642e-01 -9.251650e-02 -2.424004e+01 -9.960936e-01 -8.945774e-03 8.784991e-02 1.571804e+02
9.215738e-02 9.591684e-02 9.911139e-01 2.922488e+02 -1.891062e-02 9.953388e-01 -9.456734e-02 -2.432193e+01 -9.955649e-01 -1.002750e-02 9.354166e-02 1.572772e+02
9.679969e-02 9.870160e-02 9.903977e-01 2.932587e+02 -1.898933e-02 9.950727e-01 -9.731153e-02 -2.440494e+01 -9.951228e-01 -9.387263e-03 9.819701e-02 1.573722e+02
9.976809e-02 1.014255e-01 9.898278e-01 2.942374e+02 -2.065299e-02 9.947878e-01 -9.985206e-02 -2.449148e+01 -9.947964e-01 -1.048085e-02 1.013428e-01 1.574678e+02
1.008718e-01 1.031887e-01 9.895336e-01 2.952096e+02 -2.039731e-02 9.946121e-01 -1.016390e-01 -2.458496e+01 -9.946904e-01 -9.931315e-03 1.024331e-01 1.575670e+02
9.926632e-02 1.029983e-01 9.897158e-01 2.961993e+02 -2.246840e-02 9.946068e-01 -1.012538e-01 -2.467824e+01 -9.948072e-01 -1.218624e-02 1.010452e-01 1.576689e+02
9.593365e-02 1.025233e-01 9.900937e-01 2.972090e+02 -2.124570e-02 9.946657e-01 -1.009382e-01 -2.477055e+01 -9.951610e-01 -1.135187e-02 9.760010e-02 1.577654e+02
9.260036e-02 1.091591e-01 9.897016e-01 2.982403e+02 -1.321807e-02 9.940196e-01 -1.083986e-01 -2.487488e+01 -9.956157e-01 -3.044198e-03 9.348944e-02 1.578477e+02
8.787483e-02 1.180023e-01 9.891174e-01 2.993114e+02 -1.130602e-02 9.930129e-01 -1.174626e-01 -2.496956e+01 -9.960674e-01 -8.609784e-04 8.859498e-02 1.579364e+02
8.426795e-02 1.151518e-01 9.897671e-01 3.004328e+02 -6.534590e-03 9.933426e-01 -1.150114e-01 -2.508500e+01 -9.964217e-01 3.224053e-03 8.445941e-02 1.580169e+02
8.139896e-02 1.087770e-01 9.907278e-01 3.015988e+02 3.792299e-03 9.939854e-01 -1.094462e-01 -2.521321e+01 -9.966744e-01 1.266594e-02 8.049687e-02 1.580882e+02
7.616432e-02 1.140868e-01 9.905468e-01 3.027896e+02 -3.335015e-03 9.934561e-01 -1.141654e-01 -2.533868e+01 -9.970897e-01 5.391842e-03 7.604638e-02 1.581930e+02
7.426643e-02 1.111381e-01 9.910261e-01 3.040385e+02 6.830937e-03 9.936904e-01 -1.119489e-01 -2.546722e+01 -9.972151e-01 1.508367e-02 7.303866e-02 1.582678e+02
6.983813e-02 1.121359e-01 9.912356e-01 3.053328e+02 3.889924e-03 9.936236e-01 -1.126801e-01 -2.559815e+01 -9.975508e-01 1.172520e-02 6.895661e-02 1.583588e+02
6.629428e-02 1.175675e-01 9.908495e-01 3.066661e+02 1.256886e-03 9.930235e-01 -1.179096e-01 -2.572467e+01 -9.977994e-01 9.062113e-03 6.568401e-02 1.584467e+02
6.256863e-02 1.180965e-01 9.910289e-01 3.080487e+02 -1.239109e-03 9.929829e-01 -1.182511e-01 -2.586821e+01 -9.980399e-01 6.170813e-03 6.227591e-02 1.585319e+02
5.847112e-02 1.188269e-01 9.911918e-01 3.094569e+02 -5.443540e-03 9.929137e-01 -1.187122e-01 -2.601685e+01 -9.982743e-01 1.545642e-03 5.870361e-02 1.586244e+02
5.565177e-02 1.291976e-01 9.900559e-01 3.108972e+02 -5.022675e-04 9.915961e-01 -1.293704e-01 -2.617480e+01 -9.984501e-01 6.702417e-03 5.524897e-02 1.586982e+02
5.391789e-02 1.304135e-01 9.899924e-01 3.123814e+02 3.792934e-03 9.914007e-01 -1.308056e-01 -2.634091e+01 -9.985382e-01 1.080773e-02 5.295959e-02 1.587711e+02
5.222614e-02 1.214984e-01 9.912166e-01 3.139052e+02 1.168147e-02 9.924290e-01 -1.222625e-01 -2.652053e+01 -9.985670e-01 1.796416e-02 5.041146e-02 1.588338e+02
5.044464e-02 1.246398e-01 9.909188e-01 3.154536e+02 1.463580e-02 9.919832e-01 -1.255188e-01 -2.669381e+01 -9.986196e-01 2.083464e-02 4.821603e-02 1.589033e+02
5.009590e-02 1.245794e-01 9.909441e-01 3.170373e+02 1.627108e-02 9.919564e-01 -1.255293e-01 -2.687072e+01 -9.986119e-01 2.241222e-02 4.766591e-02 1.589755e+02
5.201746e-02 1.218305e-01 9.911868e-01 3.186531e+02 1.741029e-02 9.922691e-01 -1.228772e-01 -2.705549e+01 -9.984944e-01 2.364860e-02 4.949421e-02 1.590532e+02
5.454453e-02 1.189726e-01 9.913981e-01 3.203018e+02 1.721411e-02 9.926166e-01 -1.200659e-01 -2.723538e+01 -9.983630e-01 2.361497e-02 5.209380e-02 1.591401e+02
5.867949e-02 1.161298e-01 9.914991e-01 3.219833e+02 1.971585e-02 9.928820e-01 -1.174586e-01 -2.741810e+01 -9.980822e-01 2.644065e-02 5.597221e-02 1.592317e+02
6.327043e-02 1.161945e-01 9.912091e-01 3.236909e+02 2.143224e-02 9.928118e-01 -1.177504e-01 -2.759901e+01 -9.977663e-01 2.869394e-02 6.032533e-02 1.593323e+02
6.917695e-02 1.139790e-01 9.910717e-01 3.254350e+02 2.437491e-02 9.929619e-01 -1.158978e-01 -2.778207e+01 -9.973066e-01 3.217473e-02 6.591185e-02 1.594432e+02
7.209766e-02 1.129565e-01 9.909806e-01 3.263133e+02 2.588720e-02 9.930197e-01 -1.150723e-01 -2.787480e+01 -9.970616e-01 3.395015e-02 6.867027e-02 1.595010e+02
7.817080e-02 1.142752e-01 9.903688e-01 3.280932e+02 2.733506e-02 9.927895e-01 -1.167121e-01 -2.806283e+01 -9.965652e-01 3.619527e-02 7.448343e-02 1.596224e+02
8.374685e-02 1.164910e-01 9.896546e-01 3.298880e+02 2.376216e-02 9.926276e-01 -1.188518e-01 -2.825775e+01 -9.962037e-01 3.346978e-02 8.036135e-02 1.597631e+02
8.819552e-02 1.181846e-01 9.890671e-01 3.316970e+02 1.969879e-02 9.925353e-01 -1.203556e-01 -2.845992e+01 -9.959084e-01 3.009824e-02 8.520907e-02 1.599145e+02
9.163701e-02 1.140286e-01 9.892421e-01 3.335180e+02 1.945100e-02 9.930275e-01 -1.162667e-01 -2.866639e+01 -9.956025e-01 2.989608e-02 8.878009e-02 1.600736e+02
9.403856e-02 1.116727e-01 9.892855e-01 3.353462e+02 2.084473e-02 9.932503e-01 -1.141017e-01 -2.887348e+01 -9.953503e-01 3.135134e-02 9.107604e-02 1.602423e+02
9.558836e-02 1.128985e-01 9.889978e-01 3.371754e+02 2.178626e-02 9.930720e-01 -1.154693e-01 -2.907108e+01 -9.951825e-01 3.258408e-02 9.246648e-02 1.604126e+02
9.555729e-02 1.087423e-01 9.894664e-01 3.389981e+02 1.608639e-02 9.937166e-01 -1.107630e-01 -2.927516e+01 -9.952940e-01 2.650114e-02 9.320760e-02 1.605872e+02
9.584067e-02 1.117738e-01 9.891011e-01 3.408083e+02 1.424895e-02 9.934194e-01 -1.136425e-01 -2.947693e+01 -9.952947e-01 2.498522e-02 9.361733e-02 1.607513e+02
9.604387e-02 1.127033e-01 9.889759e-01 3.426161e+02 1.237417e-02 9.933571e-01 -1.144043e-01 -2.968020e+01 -9.953002e-01 2.322558e-02 9.401125e-02 1.609116e+02
9.651481e-02 1.128235e-01 9.889164e-01 3.444236e+02 1.238225e-02 9.933418e-01 -1.145368e-01 -2.987756e+01 -9.952546e-01 2.329951e-02 9.447518e-02 1.610668e+02
9.704748e-02 1.119951e-01 9.889584e-01 3.462235e+02 1.235480e-02 9.934366e-01 -1.137146e-01 -3.007709e+01 -9.952031e-01 2.325410e-02 9.502684e-02 1.612272e+02
9.833792e-02 1.159032e-01 9.883805e-01 3.480099e+02 1.569985e-02 9.928901e-01 -1.179941e-01 -3.027574e+01 -9.950293e-01 2.712072e-02 9.581908e-02 1.613912e+02
1.015405e-01 1.105410e-01 9.886709e-01 3.498059e+02 2.064777e-02 9.933592e-01 -1.131858e-01 -3.047413e+01 -9.946171e-01 3.190678e-02 9.858377e-02 1.615564e+02
1.107003e-01 1.198682e-01 9.865986e-01 3.524825e+02 3.306623e-02 9.917062e-01 -1.241990e-01 -3.076035e+01 -9.933036e-01 4.637195e-02 1.058186e-01 1.617983e+02
1.172720e-01 1.189627e-01 9.859488e-01 3.542731e+02 3.631767e-02 9.916214e-01 -1.239669e-01 -3.096097e+01 -9.924356e-01 5.034520e-02 1.119690e-01 1.619694e+02
1.239344e-01 1.210330e-01 9.848813e-01 3.560658e+02 3.688766e-02 9.912853e-01 -1.264618e-01 -3.114982e+01 -9.916046e-01 5.200293e-02 1.183897e-01 1.621440e+02
1.318728e-01 1.125377e-01 9.848577e-01 3.578634e+02 3.352562e-02 9.924598e-01 -1.178955e-01 -3.134268e+01 -9.906996e-01 4.856516e-02 1.271055e-01 1.623464e+02
1.413442e-01 1.105499e-01 9.837685e-01 3.596666e+02 2.997660e-02 9.928115e-01 -1.158730e-01 -3.152203e+01 -9.895066e-01 4.586800e-02 1.370142e-01 1.625502e+02
1.529007e-01 1.095949e-01 9.821457e-01 3.614763e+02 2.681702e-02 9.930055e-01 -1.149816e-01 -3.169958e+01 -9.878777e-01 4.391898e-02 1.488922e-01 1.627695e+02
1.685298e-01 1.116793e-01 9.793494e-01 3.632722e+02 2.252629e-02 9.928649e-01 -1.170969e-01 -3.188456e+01 -9.854392e-01 4.179542e-02 1.648116e-01 1.630348e+02
1.956206e-01 1.130345e-01 9.741435e-01 3.659547e+02 1.678754e-02 9.928036e-01 -1.185709e-01 -3.216864e+01 -9.805360e-01 3.954838e-02 1.923152e-01 1.634848e+02
2.135395e-01 1.128075e-01 9.703995e-01 3.677270e+02 1.273175e-02 9.929051e-01 -1.182255e-01 -3.236548e+01 -9.768515e-01 3.760068e-02 2.105882e-01 1.638508e+02
2.285522e-01 1.122576e-01 9.670377e-01 3.694767e+02 9.226360e-03 9.930351e-01 -1.174561e-01 -3.256385e+01 -9.734880e-01 3.576708e-02 2.259246e-01 1.642602e+02
2.394172e-01 1.132440e-01 9.642899e-01 3.712200e+02 6.456768e-03 9.929670e-01 -1.182149e-01 -3.275253e+01 -9.708953e-01 3.452888e-02 2.370022e-01 1.646956e+02
2.485591e-01 1.130185e-01 9.620005e-01 3.729644e+02 4.561648e-03 9.930218e-01 -1.178416e-01 -3.294965e+01 -9.686060e-01 3.367890e-02 2.463090e-01 1.651387e+02
2.574499e-01 1.130131e-01 9.596601e-01 3.747198e+02 4.280739e-03 9.929939e-01 -1.180870e-01 -3.314733e+01 -9.662822e-01 3.450954e-02 2.551624e-01 1.655911e+02
2.661828e-01 1.111869e-01 9.574884e-01 3.764772e+02 3.666615e-03 9.932010e-01 -1.163533e-01 -3.334844e+01 -9.639156e-01 3.448199e-02 2.639654e-01 1.660669e+02
2.752357e-01 1.072420e-01 9.553765e-01 3.782299e+02 2.690412e-03 9.936689e-01 -1.123155e-01 -3.355204e+01 -9.613731e-01 3.348357e-02 2.732046e-01 1.665661e+02
2.883694e-01 1.039393e-01 9.518611e-01 3.808018e+02 9.181531e-04 9.940604e-01 -1.088254e-01 -3.385006e+01 -9.575188e-01 3.225586e-02 2.865611e-01 1.673575e+02
2.972749e-01 1.107134e-01 9.483512e-01 3.824797e+02 -3.855091e-03 9.933854e-01 -1.147624e-01 -3.405166e+01 -9.547842e-01 3.046000e-02 2.957353e-01 1.678984e+02
3.067000e-01 1.042673e-01 9.460779e-01 3.849855e+02 -1.092571e-02 9.943017e-01 -1.060402e-01 -3.434893e+01 -9.517436e-01 2.218595e-02 3.060915e-01 1.687309e+02
3.095370e-01 1.160975e-01 9.437733e-01 3.874349e+02 -1.989768e-02 9.930920e-01 -1.156385e-01 -3.463900e+01 -9.506792e-01 1.701548e-02 3.097088e-01 1.695726e+02
3.099903e-01 1.123501e-01 9.440780e-01 3.890518e+02 -2.463686e-02 9.936090e-01 -1.101550e-01 -3.483651e+01 -9.504205e-01 1.088786e-02 3.107771e-01 1.701379e+02
3.100444e-01 1.064960e-01 9.447386e-01 3.906508e+02 -2.875904e-02 9.943022e-01 -1.026450e-01 -3.503121e+01 -9.502870e-01 4.654721e-03 3.113405e-01 1.706950e+02
3.091957e-01 1.072735e-01 9.449287e-01 3.922273e+02 -2.789587e-02 9.942130e-01 -1.037406e-01 -3.521056e+01 -9.505892e-01 5.716521e-03 3.103989e-01 1.712375e+02
3.086937e-01 1.038425e-01 9.454759e-01 3.938158e+02 -2.176814e-02 9.945335e-01 -1.021234e-01 -3.537808e+01 -9.509124e-01 1.094358e-02 3.092667e-01 1.717624e+02
3.080547e-01 1.044962e-01 9.456123e-01 3.954044e+02 -2.125178e-02 9.944573e-01 -1.029707e-01 -3.554302e+01 -9.511313e-01 1.162466e-02 3.085680e-01 1.722841e+02
3.071199e-01 1.123495e-01 9.450158e-01 3.977804e+02 -1.939441e-02 9.935396e-01 -1.118154e-01 -3.579994e+01 -9.514732e-01 1.601270e-02 3.073147e-01 1.730637e+02
3.066595e-01 1.093771e-01 9.455139e-01 3.993940e+02 -1.962407e-02 9.938908e-01 -1.086087e-01 -3.598738e+01 -9.516170e-01 1.475104e-02 3.069324e-01 1.736026e+02
3.070320e-01 1.138787e-01 9.448613e-01 4.010420e+02 -1.766371e-02 9.933259e-01 -1.139801e-01 -3.617291e+01 -9.515353e-01 1.830578e-02 3.069944e-01 1.741460e+02
3.072435e-01 1.132316e-01 9.448703e-01 4.027259e+02 -1.704133e-02 9.933912e-01 -1.135049e-01 -3.635992e+01 -9.514784e-01 1.877180e-02 3.071426e-01 1.746994e+02
3.081225e-01 1.099155e-01 9.449756e-01 4.043866e+02 -1.344742e-02 9.937071e-01 -1.111991e-01 -3.655987e+01 -9.512517e-01 2.155545e-02 3.076616e-01 1.752516e+02
3.099970e-01 1.098248e-01 9.443729e-01 4.060994e+02 -4.999210e-03 9.934802e-01 -1.138946e-01 -3.676127e+01 -9.507244e-01 3.058587e-02 3.085249e-01 1.758119e+02
3.130370e-01 1.064513e-01 9.437562e-01 4.078104e+02 3.684987e-03 9.935550e-01 -1.132907e-01 -3.696060e+01 -9.497338e-01 3.894190e-02 3.106272e-01 1.763696e+02
3.147561e-01 1.020186e-01 9.436740e-01 4.095217e+02 5.657862e-03 9.939877e-01 -1.093451e-01 -3.714867e+01 -9.491557e-01 3.975620e-02 3.122865e-01 1.769473e+02
3.157271e-01 9.375545e-02 9.442066e-01 4.112375e+02 3.742762e-03 9.949755e-01 -1.000481e-01 -3.732340e+01 -9.488427e-01 3.512183e-02 3.137898e-01 1.775323e+02
3.166015e-01 9.692250e-02 9.435939e-01 4.129441e+02 4.488751e-03 9.946018e-01 -1.036680e-01 -3.749169e+01 -9.485480e-01 3.705698e-02 3.144574e-01 1.780918e+02
3.184832e-01 9.679597e-02 9.429734e-01 4.146582e+02 7.814923e-03 9.944708e-01 -1.047216e-01 -3.766188e+01 -9.478963e-01 4.072133e-02 3.159658e-01 1.786362e+02
3.192730e-01 9.231668e-02 9.431555e-01 4.163431e+02 9.134190e-03 9.948977e-01 -1.004733e-01 -3.783262e+01 -9.476188e-01 4.069338e-02 3.168008e-01 1.791783e+02
3.186001e-01 9.339868e-02 9.432765e-01 4.179870e+02 7.158151e-03 9.948682e-01 -1.009248e-01 -3.800097e+01 -9.478622e-01 3.890676e-02 3.162966e-01 1.797220e+02
3.172940e-01 8.815438e-02 9.442210e-01 4.196091e+02 9.535326e-03 9.953231e-01 -9.612962e-02 -3.815827e+01 -9.482793e-01 3.950479e-02 3.149694e-01 1.802456e+02
3.141182e-01 8.772990e-02 9.453217e-01 4.219594e+02 1.226682e-02 9.952631e-01 -9.644080e-02 -3.837484e+01 -9.493047e-01 4.188989e-02 3.115541e-01 1.809889e+02
3.099927e-01 1.023837e-01 9.452100e-01 4.242251e+02 9.030405e-03 9.938227e-01 -1.106110e-01 -3.860018e+01 -9.506961e-01 4.282423e-02 3.071532e-01 1.817147e+02
3.064270e-01 9.419666e-02 9.472219e-01 4.264553e+02 8.217497e-03 9.947928e-01 -1.015857e-01 -3.884576e+01 -9.518587e-01 3.891240e-02 3.040573e-01 1.824274e+02
3.050925e-01 9.545886e-02 9.475263e-01 4.286390e+02 1.185970e-02 9.945054e-01 -1.040105e-01 -3.906082e+01 -9.522489e-01 4.297018e-02 3.022840e-01 1.831044e+02
3.052745e-01 9.748485e-02 9.472613e-01 4.308055e+02 1.498041e-02 9.941314e-01 -1.071361e-01 -3.926661e+01 -9.521466e-01 4.689628e-02 3.020226e-01 1.837827e+02
3.054465e-01 9.994590e-02 9.469494e-01 4.329778e+02 1.539454e-02 9.938278e-01 -1.098594e-01 -3.944566e+01 -9.520848e-01 4.813400e-02 3.020227e-01 1.844755e+02
3.082757e-01 9.496456e-02 9.465451e-01 4.351772e+02 1.641353e-02 9.943257e-01 -1.051039e-01 -3.965560e+01 -9.511555e-01 4.793712e-02 3.049678e-01 1.851676e+02
3.133710e-01 9.253911e-02 9.451111e-01 4.372950e+02 1.523776e-02 9.946225e-01 -1.024393e-01 -3.987998e+01 -9.495086e-01 4.650289e-02 3.102757e-01 1.858583e+02
3.190373e-01 9.454291e-02 9.430147e-01 4.393183e+02 1.207221e-02 9.945257e-01 -1.037915e-01 -4.011521e+01 -9.476653e-01 4.449761e-02 3.161495e-01 1.865498e+02
3.223719e-01 9.208473e-02 9.421235e-01 4.412583e+02 9.156853e-03 9.949072e-01 -1.003772e-01 -4.033301e+01 -9.465688e-01 4.098566e-02 3.198869e-01 1.872107e+02
3.258291e-01 9.143753e-02 9.409965e-01 4.431116e+02 9.863533e-03 9.949291e-01 -1.000936e-01 -4.053170e+01 -9.453773e-01 4.189494e-02 3.232750e-01 1.878378e+02
3.293295e-01 9.156653e-02 9.397646e-01 4.448710e+02 1.006165e-02 9.948898e-01 -1.004637e-01 -4.071269e+01 -9.441615e-01 4.254123e-02 3.267252e-01 1.884403e+02
3.322889e-01 9.199614e-02 9.386803e-01 4.465258e+02 8.942019e-03 9.948797e-01 -1.006695e-01 -4.089361e+01 -9.431353e-01 4.184503e-02 3.297648e-01 1.890156e+02
3.335041e-01 9.066370e-02 9.383789e-01 4.475777e+02 6.513945e-03 9.951195e-01 -9.846092e-02 -4.100285e+01 -9.427262e-01 3.894966e-02 3.312858e-01 1.893847e+02
3.356351e-01 9.044704e-02 9.376397e-01 4.490822e+02 7.375546e-03 9.950968e-01 -9.862964e-02 -4.116507e+01 -9.419632e-01 4.001917e-02 3.333223e-01 1.899127e+02
3.366296e-01 9.647984e-02 9.366814e-01 4.500150e+02 4.601294e-03 9.945567e-01 -1.040948e-01 -4.127840e+01 -9.416259e-01 3.935131e-02 3.343533e-01 1.902493e+02
3.384125e-01 9.896722e-02 9.357790e-01 4.509162e+02 6.088911e-03 9.942028e-01 -1.073481e-01 -4.138482e+01 -9.409782e-01 4.202580e-02 3.358481e-01 1.905699e+02
3.383185e-01 9.730497e-02 9.359873e-01 4.517763e+02 6.980390e-03 9.943527e-01 -1.058957e-01 -4.147778e+01 -9.410058e-01 4.236003e-02 3.357286e-01 1.908714e+02
3.345526e-01 9.479137e-02 9.375975e-01 4.529753e+02 5.306256e-03 9.947229e-01 -1.024602e-01 -4.161612e+01 -9.423622e-01 3.925343e-02 3.322841e-01 1.912926e+02
3.324680e-01 9.403196e-02 9.384151e-01 4.537102e+02 5.425047e-03 9.948100e-01 -1.016049e-01 -4.170389e+01 -9.430989e-01 3.887133e-02 3.302324e-01 1.915502e+02
3.305591e-01 9.233410e-02 9.392577e-01 4.544021e+02 6.400617e-03 9.949605e-01 -1.000626e-01 -4.179023e+01 -9.437636e-01 3.908843e-02 3.283023e-01 1.917949e+02
3.284433e-01 9.134146e-02 9.400966e-01 4.550471e+02 6.353516e-03 9.950767e-01 -9.890318e-02 -4.187896e+01 -9.445024e-01 3.845699e-02 3.262459e-01 1.920290e+02
3.263618e-01 9.168611e-02 9.407877e-01 4.556532e+02 3.667488e-03 9.951543e-01 -9.825678e-02 -4.194952e+01 -9.452379e-01 3.551758e-02 3.244441e-01 1.922468e+02
3.233885e-01 9.389593e-02 9.415962e-01 4.567802e+02 6.139755e-03 9.948355e-01 -1.013137e-01 -4.206007e+01 -9.462464e-01 3.854483e-02 3.211418e-01 1.926304e+02
3.238729e-01 9.308561e-02 9.415101e-01 4.573193e+02 4.811580e-03 9.949731e-01 -1.000266e-01 -4.211960e+01 -9.460884e-01 3.692604e-02 3.217969e-01 1.928262e+02
3.407326e-01 9.321062e-02 9.355281e-01 4.588966e+02 1.050943e-03 9.950347e-01 -9.952230e-02 -4.227315e+01 -9.401597e-01 3.489367e-02 3.389428e-01 1.934109e+02
3.680307e-01 9.578386e-02 9.248669e-01 4.596977e+02 -3.340707e-03 9.948096e-01 -1.016981e-01 -4.235796e+01 -9.298077e-01 3.433831e-02 3.664404e-01 1.937601e+02
4.098683e-01 9.768578e-02 9.068987e-01 4.605317e+02 -8.864805e-03 9.946284e-01 -1.031291e-01 -4.244519e+01 -9.121016e-01 3.422987e-02 4.085327e-01 1.941659e+02
4.837386e-01 1.042873e-01 8.689770e-01 4.616462e+02 -1.786057e-02 9.938449e-01 -1.093303e-01 -4.255214e+01 -8.750303e-01 3.736686e-02 4.826238e-01 1.947973e+02
5.209580e-01 1.164952e-01 8.455954e-01 4.624096e+02 -3.605008e-02 9.927619e-01 -1.145600e-01 -4.262020e+01 -8.528207e-01 2.919716e-02 5.213869e-01 1.953093e+02
5.061351e-01 1.197342e-01 8.541024e-01 4.631354e+02 -3.898857e-02 9.924803e-01 -1.160287e-01 -4.268335e+01 -8.615725e-01 2.542595e-02 5.069973e-01 1.957438e+02
4.611439e-01 1.167452e-01 8.796117e-01 4.638526e+02 -2.574568e-02 9.926499e-01 -1.182507e-01 -4.271946e+01 -8.869518e-01 3.188439e-02 4.607602e-01 1.960754e+02
3.998922e-01 1.164892e-01 9.091294e-01 4.646036e+02 -1.972033e-02 9.927545e-01 -1.185301e-01 -4.276345e+01 -9.163500e-01 2.947094e-02 3.992920e-01 1.963641e+02
3.617435e-01 1.145253e-01 9.252165e-01 4.651394e+02 -1.269053e-02 9.929388e-01 -1.179463e-01 -4.281190e+01 -9.321913e-01 3.092482e-02 3.606425e-01 1.965508e+02
3.305536e-01 1.123499e-01 9.370761e-01 4.656751e+02 -3.202771e-03 9.930170e-01 -1.179272e-01 -4.287317e+01 -9.437818e-01 3.598000e-02 3.286052e-01 1.967174e+02
3.069734e-01 1.105617e-01 9.452742e-01 4.662106e+02 -1.743759e-03 9.932929e-01 -1.156118e-01 -4.293432e+01 -9.517165e-01 3.384141e-02 3.051073e-01 1.968705e+02
2.894986e-01 1.064076e-01 9.512454e-01 4.669526e+02 2.845079e-03 9.937015e-01 -1.120227e-01 -4.303319e+01 -9.571742e-01 3.513678e-02 2.873725e-01 1.970727e+02
2.989503e-01 1.058601e-01 9.483787e-01 4.674097e+02 4.103635e-03 9.936760e-01 -1.122098e-01 -4.307618e+01 -9.542599e-01 3.743695e-02 2.966253e-01 1.972090e+02
3.757864e-01 1.058797e-01 9.206378e-01 4.684910e+02 -1.372735e-02 9.939785e-01 -1.087112e-01 -4.322371e+01 -9.266046e-01 2.821426e-02 3.749771e-01 1.976433e+02
4.222470e-01 1.055119e-01 9.003192e-01 4.688842e+02 6.376888e-04 9.931678e-01 -1.166923e-01 -4.327329e+01 -9.064806e-01 4.984707e-02 4.192948e-01 1.977883e+02
4.642500e-01 1.097715e-01 8.788754e-01 4.692040e+02 -1.799657e-02 9.932543e-01 -1.145511e-01 -4.329579e+01 -8.855214e-01 3.736361e-02 4.630938e-01 1.979843e+02
5.003428e-01 1.074614e-01 8.591327e-01 4.694730e+02 -2.225667e-02 9.935363e-01 -1.113110e-01 -4.331315e+01 -8.655413e-01 3.657220e-02 4.995005e-01 1.981348e+02
5.312143e-01 1.036979e-01 8.408674e-01 4.697087e+02 -2.277776e-02 9.938706e-01 -1.081769e-01 -4.332229e+01 -8.469313e-01 3.831202e-02 5.303203e-01 1.982622e+02
5.709020e-01 1.138916e-01 8.130803e-01 4.699846e+02 -4.444896e-02 9.931667e-01 -1.079074e-01 -4.336013e+01 -8.198142e-01 2.546394e-02 5.720632e-01 1.985051e+02
5.889091e-01 1.121413e-01 8.003813e-01 4.701173e+02 -4.938056e-02 9.934691e-01 -1.028614e-01 -4.338980e+01 -8.066893e-01 2.105272e-02 5.906007e-01 1.986341e+02
