0.000000 0.0000000 0.0000000 0.0000000 0.0000000 0.0000000 0.0000000 1.0000000
0.103391 -0.0003445 -0.0001616 0.0756884 0.0023242 0.0007289 -0.0004105 0.9999970
0.207106 -0.0001141 -0.0000310 0.1509811 0.0027503 0.0010793 0.0007539 0.9999954
0.310262 0.0001346 -0.0001868 0.2267479 0.0006782 0.0010471 0.0016231 0.9999979
0.413621 0.0002328 -0.0003487 0.3020370 -0.0023659 0.0007343 0.0028698 0.9999928
0.517929 0.0004322 0.0000413 0.3767085 -0.0022934 0.0000806 0.0045750 0.9999869
0.620389 0.0003564 0.0002279 0.4503770 -0.0008767 -0.0003671 0.0058975 0.9999822
0.724219 0.0000867 0.0001813 0.5237927 0.0007550 -0.0007326 0.0061801 0.9999803
0.827211 -0.0002495 0.0000721 0.5975515 0.0010191 -0.0011515 0.0060549 0.9999805
0.930557 -0.0006543 0.0000680 0.6706795 0.0001713 -0.0016959 0.0059509 0.9999809
1.034070 -0.0011212 -0.0000496 0.7436917 -0.0014013 -0.0020770 0.0057008 0.9999806
1.137438 -0.0013800 0.0002695 0.8164737 -0.0021040 -0.0026269 0.0059437 0.9999767
1.244258 -0.0018213 0.0003572 0.8890150 -0.0025773 -0.0029151 0.0065410 0.9999710
1.344229 -0.0023643 0.0002352 0.9615586 -0.0027071 -0.0033653 0.0065388 0.9999693
1.447568 -0.0028686 0.0006339 1.0337249 -0.0019471 -0.0038376 0.0067701 0.9999678
1.551083 -0.0040960 0.0007885 1.1059586 -0.0010398 -0.0044133 0.0069100 0.9999658
1.654521 -0.0047405 0.0011224 1.1774731 -0.0002946 -0.0052928 0.0075273 0.9999576
1.757843 -0.0056351 0.0009852 1.2489951 -0.0000771 -0.0061623 0.0073742 0.9999538
1.964724 -0.0089434 0.0007292 1.3914517 0.0002097 -0.0076517 0.0060016 0.9999527
2.171620 -0.0125291 0.0007138 1.5320663 -0.0008949 -0.0089188 0.0060092 0.9999418
2.378626 -0.0157450 0.0008237 1.6719087 -0.0011672 -0.0103859 0.0065103 0.9999242
2.585514 -0.0194199 0.0013377 1.8091103 -0.0010559 -0.0117109 0.0062770 0.9999112
2.793694 -0.0228084 0.0019182 1.9443803 -0.0033921 -0.0127864 0.0069469 0.9998884
2.896139 -0.0248525 0.0021193 2.0110466 -0.0041726 -0.0131312 0.0067163 0.9998825
3.103545 -0.0290035 0.0028038 2.1409082 -0.0022260 -0.0139239 0.0056650 0.9998845
3.206573 -0.0312607 0.0031065 2.2040074 -0.0014361 -0.0142224 0.0054911 0.9998828
3.413963 -0.0357862 0.0029884 2.3283393 -0.0010939 -0.0153153 0.0052200 0.9998685
3.517076 -0.0379432 0.0030612 2.3901148 -0.0006192 -0.0164154 0.0050358 0.9998524
3.620721 -0.0407526 0.0030293 2.4505191 -0.0007009 -0.0172383 0.0050349 0.9998385
3.724674 -0.0427634 0.0036338 2.5113363 -0.0011109 -0.0184365 0.0049539 0.9998171
3.827725 -0.0451555 0.0037383 2.5714967 -0.0022946 -0.0194569 0.0052679 0.9997942
3.931241 -0.0480686 0.0039686 2.6301520 -0.0029755 -0.0203845 0.0046830 0.9997768
4.034871 -0.0506618 0.0042773 2.6881962 -0.0030948 -0.0214581 0.0040956 0.9997566
4.142151 -0.0538155 0.0042077 2.7455544 -0.0026542 -0.0223584 0.0028241 0.9997425
4.243437 -0.0568834 0.0043698 2.8017924 -0.0023648 -0.0233280 0.0019574 0.9997231
4.345966 -0.0602535 0.0045185 2.8569732 -0.0030168 -0.0240045 0.0017194 0.9997058
4.552519 -0.0662127 0.0052386 2.9655151 -0.0040626 -0.0246277 -0.0003373 0.9996884
4.656235 -0.0695938 0.0054678 3.0178938 -0.0030114 -0.0240911 -0.0020406 0.9997032
4.863788 -0.0752698 0.0059906 3.1206329 -0.0005183 -0.0220147 -0.0031559 0.9997525
5.073257 -0.0800311 0.0064646 3.2220824 -0.0021964 -0.0189445 -0.0057830 0.9998014
5.277498 -0.0846921 0.0063577 3.3181915 -0.0044654 -0.0148339 -0.0105130 0.9998247
5.484644 -0.0877346 0.0072399 3.4097230 -0.0055969 -0.0091297 -0.0144599 0.9998381
5.691619 -0.0892482 0.0072664 3.4953489 -0.0062651 -0.0023647 -0.0185188 0.9998061
5.898736 -0.0899651 0.0079340 3.5748510 -0.0061724 0.0051744 -0.0225519 0.9997132
6.313021 -0.0864848 0.0083514 3.7124374 -0.0043266 0.0209530 -0.0256657 0.9994416
6.524037 -0.0829954 0.0085778 3.7703342 -0.0050088 0.0292662 -0.0280790 0.9991646
6.727294 -0.0801531 0.0087057 3.8197081 -0.0051172 0.0382052 -0.0323050 0.9987345
7.038067 -0.0721918 0.0082099 3.8839834 -0.0028385 0.0542814 -0.0308698 0.9980444
7.245330 -0.0656965 0.0083863 3.9250691 -0.0001340 0.0687867 -0.0321145 0.9971144
7.452592 -0.0575077 0.0083102 3.9652967 0.0006095 0.0854479 -0.0331918 0.9957894
8.074250 -0.0224367 0.0065858 4.0784574 0.0023722 0.1495880 -0.0347886 0.9881334
8.488779 0.0132764 0.0041201 4.1525531 0.0028072 0.2080499 -0.0367158 0.9774248
8.696029 0.0374419 0.0031001 4.1882863 0.0058002 0.2439163 -0.0344539 0.9691667
8.903911 0.0645781 0.0016902 4.2235346 0.0092199 0.2828283 -0.0355623 0.9584667
9.110580 0.0974163 0.0000243 4.2599773 0.0102242 0.3249565 -0.0391527 0.9448628
9.317832 0.1366593 -0.0023370 4.2974787 0.0104556 0.3698293 -0.0421236 0.9280854
9.732384 0.2397728 -0.0086960 4.3683043 0.0123022 0.4678430 -0.0396309 0.8828369
9.939685 0.3041292 -0.0124767 4.3986340 0.0121258 0.5168546 -0.0385919 0.8551169
10.146770 0.3764550 -0.0159959 4.4253931 0.0090325 0.5629320 -0.0401092 0.8254800
10.353670 0.4530262 -0.0205757 4.4435019 0.0125544 0.6044026 -0.0365186 0.7957426
10.457170 0.4942125 -0.0230069 4.4490199 0.0152546 0.6225166 -0.0309676 0.7818449
10.562990 0.5374472 -0.0254786 4.4545188 0.0179344 0.6394137 -0.0282106 0.7681359
10.664530 0.5810626 -0.0274657 4.4589348 0.0193902 0.6542447 -0.0282419 0.7555066
10.870220 0.6721573 -0.0331539 4.4640079 0.0245443 0.6776072 -0.0231051 0.7346511
10.973420 0.7196243 -0.0360709 4.4652953 0.0261113 0.6868818 -0.0203910 0.7260135
11.180190 0.8172584 -0.0410929 4.4656930 0.0284542 0.6997775 -0.0186310 0.7135507
11.284150 0.8676903 -0.0440349 4.4655261 0.0284725 0.7045381 -0.0183545 0.7088571
11.488980 0.9716919 -0.0498316 4.4638457 0.0315183 0.7119510 -0.0179402 0.7012920
11.592550 1.0252155 -0.0532931 4.4617448 0.0334835 0.7141995 -0.0170753 0.6989323
11.799490 1.1367110 -0.0591799 4.4589453 0.0315883 0.7170706 -0.0166644 0.6960849
11.901710 1.1939392 -0.0622274 4.4577770 0.0284992 0.7181044 -0.0150139 0.6951894
12.108000 1.3115561 -0.0688497 4.4531064 0.0268371 0.7186894 -0.0106331 0.6947318
12.314500 1.4310563 -0.0747419 4.4484277 0.0316934 0.7182228 -0.0126543 0.6949759
12.521050 1.5533485 -0.0806932 4.4451380 0.0353847 0.7166449 -0.0152708 0.6963726
12.727430 1.6799823 -0.0881671 4.4421220 0.0313499 0.7150475 -0.0117470 0.6982737
12.934130 1.8061336 -0.0958198 4.4395828 0.0348167 0.7129079 -0.0110477 0.7003057
13.141650 1.9314190 -0.1032492 4.4390478 0.0355123 0.7108812 -0.0146441 0.7022623
13.348030 2.0589697 -0.1118007 4.4389629 0.0328504 0.7081604 -0.0121881 0.7051816
13.554880 2.1864145 -0.1193165 4.4382172 0.0366157 0.7057586 -0.0126555 0.7073924
13.864670 2.3775203 -0.1322649 4.4420104 0.0356278 0.7019848 -0.0115227 0.7112069
14.071640 2.5049639 -0.1405991 4.4436212 0.0388168 0.6994133 -0.0094466 0.7136000
14.278600 2.6332483 -0.1487926 4.4468746 0.0390258 0.6971921 -0.0082553 0.7157738
14.485500 2.7618723 -0.1570106 4.4516873 0.0389299 0.6949490 -0.0079174 0.7179608
14.692450 2.8914018 -0.1644523 4.4570842 0.0394705 0.6927996 -0.0089554 0.7199935
14.899490 3.0216045 -0.1727996 4.4641256 0.0381502 0.6911070 -0.0102966 0.7216714
15.106400 3.1525519 -0.1814509 4.4708490 0.0373851 0.6887753 -0.0124965 0.7239025
15.313360 3.2849195 -0.1905909 4.4791837 0.0391231 0.6863536 -0.0147410 0.7260653
15.520220 3.4181406 -0.1996773 4.4889059 0.0361221 0.6841913 -0.0186106 0.7281696
15.727200 3.5525141 -0.2098304 4.4983163 0.0373426 0.6814204 -0.0186894 0.7307000
15.934250 3.6886699 -0.2191014 4.5100341 0.0354252 0.6784862 -0.0199738 0.7334867
16.140910 3.8254669 -0.2300780 4.5231605 0.0355825 0.6748796 -0.0220076 0.7367409
16.348280 3.9619548 -0.2406928 4.5373783 0.0397297 0.6696498 -0.0276095 0.7410994
16.554450 4.0999651 -0.2530799 4.5550923 0.0375205 0.6642168 -0.0303981 0.7459787
16.761400 4.2389650 -0.2659469 4.5738864 0.0354536 0.6586958 -0.0285897 0.7510297
16.968080 4.3791671 -0.2770358 4.5952010 0.0290152 0.6532068 -0.0259224 0.7561793
17.175580 4.5172949 -0.2881401 4.6179094 0.0288237 0.6475528 -0.0254341 0.7610503
17.383340 4.6513767 -0.2980784 4.6417918 0.0327838 0.6431742 -0.0289326 0.7644705
17.588870 4.7834196 -0.3097204 4.6676960 0.0324252 0.6392389 -0.0309119 0.7677022
17.795780 4.9140229 -0.3204817 4.6929584 0.0305870 0.6355450 -0.0262539 0.7710109
18.003090 5.0421362 -0.3306380 4.7201877 0.0247826 0.6330709 -0.0248737 0.7732970
18.209790 5.1662698 -0.3397395 4.7471814 0.0243982 0.6309339 -0.0265551 0.7749980
18.417190 5.2860608 -0.3487472 4.7739716 0.0256298 0.6293614 -0.0311163 0.7760664
18.623970 5.4034691 -0.3583045 4.8000603 0.0287286 0.6277956 -0.0331473 0.7771413
18.830950 5.5180278 -0.3680640 4.8259139 0.0266371 0.6270057 -0.0327692 0.7778692
19.038030 5.6298079 -0.3771636 4.8508916 0.0255138 0.6268564 -0.0313240 0.7780867
19.245500 5.7375655 -0.3861566 4.8751230 0.0247958 0.6281998 -0.0319968 0.7769983
19.452110 5.8418145 -0.3949820 4.8970652 0.0277555 0.6297780 -0.0338080 0.7755426
19.660070 5.9436817 -0.4030625 4.9179883 0.0282232 0.6313396 -0.0330248 0.7742888
19.866980 6.0434117 -0.4119250 4.9383335 0.0252495 0.6332028 -0.0309446 0.7729548
20.073350 6.1393099 -0.4199189 4.9560924 0.0283074 0.6346782 -0.0287735 0.7717216
20.280310 6.2330341 -0.4273447 4.9742785 0.0310438 0.6363558 -0.0288887 0.7702292
20.487640 6.3268261 -0.4347701 4.9923744 0.0320147 0.6373897 -0.0289173 0.7693330
20.694250 6.4217563 -0.4422596 5.0085306 0.0350223 0.6362653 -0.0241481 0.7702965
20.902080 6.5163736 -0.4500504 5.0276418 0.0348203 0.6342373 -0.0236926 0.7719905
21.108200 6.6121707 -0.4573840 5.0487285 0.0349134 0.6296486 -0.0234667 0.7757403
21.316100 6.7100625 -0.4648122 5.0720644 0.0339227 0.6233302 -0.0231851 0.7808784
21.524290 6.8096833 -0.4727156 5.0981994 0.0322342 0.6158347 -0.0242554 0.7868420
21.730330 6.9112635 -0.4804271 5.1272445 0.0315062 0.6078510 -0.0286737 0.7929075
21.936170 7.0154438 -0.4886669 5.1592050 0.0315805 0.5990484 -0.0314717 0.7994706
22.038410 7.0687032 -0.4929271 5.1763482 0.0308754 0.5948079 -0.0325452 0.8026152
22.245290 7.1775699 -0.5015684 5.2140136 0.0296969 0.5860990 -0.0342585 0.8089699
22.348790 7.2329211 -0.5057790 5.2330952 0.0280261 0.5816481 -0.0324985 0.8123078
22.452170 7.2898993 -0.5100572 5.2536607 0.0268020 0.5772920 -0.0290878 0.8155793
22.659440 7.4072933 -0.5186375 5.2983584 0.0242330 0.5681043 -0.0261750 0.8221831
22.865960 7.5271244 -0.5255483 5.3454289 0.0268639 0.5604155 -0.0197241 0.8275408
23.072970 7.6502213 -0.5327508 5.3946624 0.0275709 0.5542539 -0.0110907 0.8318170
23.280040 7.7730551 -0.5405992 5.4474950 0.0326762 0.5475071 -0.0114321 0.8360847
23.487620 7.8953452 -0.5486719 5.5028958 0.0368867 0.5418106 -0.0127313 0.8395943
23.694540 8.0156002 -0.5588021 5.5611000 0.0331769 0.5378103 -0.0181532 0.8422172
23.903510 8.1324348 -0.5686607 5.6173010 0.0348791 0.5338809 -0.0215271 0.8445656
24.108220 8.2468452 -0.5780801 5.6738987 0.0339790 0.5303510 -0.0232758 0.8467771
24.315110 8.3586340 -0.5879788 5.7297282 0.0317092 0.5268754 -0.0213370 0.8490828
24.522420 8.4663162 -0.5974149 5.7848477 0.0307767 0.5233943 -0.0223691 0.8512408
24.728750 8.5707626 -0.6063762 5.8398285 0.0316480 0.5213197 -0.0211116 0.8525130
25.039090 8.7215166 -0.6194394 5.9184213 0.0318635 0.5186915 -0.0199806 0.8541338
25.245970 8.8176174 -0.6273932 5.9692907 0.0341780 0.5161053 -0.0194763 0.8556213
25.452750 8.9110050 -0.6357188 6.0183921 0.0354551 0.5129461 -0.0174055 0.8575117
25.659630 9.0005102 -0.6434545 6.0676470 0.0362041 0.5098282 -0.0162512 0.8593605
25.866530 9.0882130 -0.6511339 6.1166162 0.0369120 0.5064920 -0.0152236 0.8613197
26.074530 9.1741447 -0.6587097 6.1655278 0.0386491 0.5023331 -0.0152211 0.8636758
26.280040 9.2577972 -0.6666974 6.2163615 0.0409186 0.4972624 -0.0193655 0.8664184
26.486950 9.3399429 -0.6749668 6.2673726 0.0428396 0.4908511 -0.0262065 0.8697949
26.693580 9.4240932 -0.6831256 6.3219385 0.0420548 0.4845150 -0.0297173 0.8732660
26.900360 9.5088606 -0.6926439 6.3790216 0.0340982 0.4784735 -0.0323256 0.8768440
27.107250 9.5956154 -0.7008053 6.4393001 0.0279844 0.4721783 -0.0337700 0.8804114
27.313990 9.6837425 -0.7089652 6.5031328 0.0274841 0.4653996 -0.0383516 0.8838422
27.520750 9.7756414 -0.7168095 6.5699334 0.0281779 0.4584361 -0.0412228 0.8873235
27.727690 9.8692732 -0.7254096 6.6410542 0.0254454 0.4511639 -0.0443366 0.8909758
27.934460 9.9672747 -0.7343022 6.7181554 0.0232644 0.4433580 -0.0432701 0.8949973
28.141050 10.0661144 -0.7435331 6.7984796 0.0219837 0.4345519 -0.0451085 0.8992478
28.348030 10.1679754 -0.7515418 6.8841982 0.0216848 0.4259987 -0.0463059 0.9032777
28.554810 10.2716351 -0.7612944 6.9734783 0.0210302 0.4208282 -0.0451398 0.9057724
28.761830 10.3786240 -0.7708743 7.0654025 0.0226487 0.4168554 -0.0407048 0.9077784
28.970690 10.4884052 -0.7799244 7.1608024 0.0237629 0.4131635 -0.0338072 0.9097188
29.176740 10.5994177 -0.7893662 7.2602720 0.0231732 0.4095466 -0.0302019 0.9114946
29.384830 10.7102013 -0.7981454 7.3627849 0.0234654 0.4056576 -0.0335012 0.9131095
29.589380 10.8224783 -0.8066087 7.4679971 0.0200796 0.4018168 -0.0352321 0.9148217
29.796330 10.9359350 -0.8145459 7.5754485 0.0135934 0.3975956 -0.0336111 0.9168442
30.003170 11.0494938 -0.8218260 7.6842237 0.0142913 0.3921263 -0.0293892 0.9193308
30.211630 11.1627607 -0.8291026 7.7940502 0.0240574 0.3856611 -0.0246430 0.9219975
30.416690 11.2750854 -0.8374252 7.9076591 0.0254478 0.3783081 -0.0220884 0.9250662
30.623580 11.3878059 -0.8466100 8.0250750 0.0262840 0.3710703 -0.0171582 0.9280741
30.830330 11.4979935 -0.8556451 8.1434383 0.0301327 0.3654224 -0.0174429 0.9301904
31.037350 11.6083946 -0.8657238 8.2634821 0.0285849 0.3616516 -0.0134979 0.9317772
31.244240 11.7187071 -0.8748537 8.3840132 0.0271546 0.3603028 -0.0090228 0.9323964
31.555590 11.8825188 -0.8872923 8.5665941 0.0266120 0.3604809 -0.0103288 0.9323297
31.763200 11.9914179 -0.8960018 8.6891165 0.0265002 0.3625661 -0.0145634 0.9314674
31.970850 12.0999517 -0.9051433 8.8101244 0.0247582 0.3656323 -0.0174646 0.9302661
32.074110 12.1548872 -0.9094108 8.8696442 0.0237022 0.3671966 -0.0175719 0.9296753
32.280170 12.2652483 -0.9180162 8.9869690 0.0218502 0.3706835 -0.0152907 0.9283763
32.382560 12.3196468 -0.9223570 9.0442905 0.0240931 0.3724933 -0.0167165 0.9275715
32.589890 12.4282913 -0.9311672 9.1593885 0.0295387 0.3769429 -0.0238352 0.9254585
32.796560 12.5401325 -0.9411132 9.2733946 0.0241277 0.3815546 -0.0243059 0.9237116
33.003430 12.6506643 -0.9499044 9.3850574 0.0217343 0.3861053 -0.0243130 0.9218781
33.211600 12.7620945 -0.9587290 9.4944983 0.0236471 0.3901539 -0.0221220 0.9201801
33.417090 12.8759050 -0.9680479 9.6019173 0.0273074 0.3947831 -0.0205461 0.9181386
33.623980 12.9897404 -0.9775510 9.7097998 0.0265730 0.3997797 -0.0220433 0.9159608
33.830820 13.1060162 -0.9861623 9.8174572 0.0268359 0.4062352 -0.0231185 0.9130818
33.934650 13.1642265 -0.9915158 9.8693848 0.0284171 0.4097487 -0.0261961 0.9113793
34.142230 13.2823448 -1.0016989 9.9731941 0.0311142 0.4170759 -0.0292833 0.9078668
34.348070 13.4058084 -1.0121424 10.0780563 0.0211416 0.4251467 -0.0286510 0.9044238
34.555090 13.5301523 -1.0208584 10.1803522 0.0163240 0.4335005 -0.0290622 0.9005366
34.764710 13.6570387 -1.0298108 10.2779198 0.0207133 0.4416204 -0.0275314 0.8965402
34.969030 13.7855539 -1.0395143 10.3763866 0.0282431 0.4498054 -0.0291095 0.8922052
35.176790 13.9198551 -1.0505183 10.4707232 0.0262146 0.4574667 -0.0242446 0.8885096
35.279490 13.9849873 -1.0562841 10.5172119 0.0256889 0.4613476 -0.0240014 0.8865227
35.486280 14.1156912 -1.0664073 10.6072569 0.0266984 0.4683986 -0.0229881 0.8828145
35.589680 14.1807699 -1.0717769 10.6508808 0.0259365 0.4713435 -0.0201436 0.8813381
35.796540 14.3109999 -1.0818076 10.7363796 0.0231035 0.4760498 -0.0193779 0.8789012
36.006010 14.4379177 -1.0918449 10.8187704 0.0255275 0.4803993 -0.0207418 0.8764330
36.210300 14.5625935 -1.1009145 10.8995867 0.0284443 0.4837744 -0.0240068 0.8744009
36.417070 14.6877184 -1.1121032 10.9771528 0.0231857 0.4863923 -0.0189361 0.8732276
36.623970 14.8105383 -1.1200047 11.0511932 0.0249082 0.4889576 -0.0141637 0.8718368
36.830740 14.9290667 -1.1282052 11.1232834 0.0292519 0.4909421 -0.0171858 0.8705313
37.040370 15.0454674 -1.1368227 11.1923409 0.0354382 0.4927213 -0.0192430 0.8692523
37.141020 15.1037083 -1.1416383 11.2267675 0.0318991 0.4940442 -0.0175508 0.8686742
37.347880 15.2187710 -1.1505923 11.2976484 0.0185889 0.4973969 -0.0187528 0.8671212
37.451400 15.2749081 -1.1543355 11.3308611 0.0189449 0.4983532 -0.0197221 0.8665427
37.658150 15.3850460 -1.1609483 11.3947201 0.0232043 0.5008366 -0.0199021 0.8650018
37.761670 15.4400244 -1.1641752 11.4263887 0.0225397 0.5020584 -0.0196633 0.8643163
37.968550 15.5477600 -1.1717657 11.4879456 0.0213260 0.5044282 -0.0196045 0.8629676
38.072390 15.6009035 -1.1752273 11.5177298 0.0222171 0.5058671 -0.0192072 0.8621113
38.278810 15.7054749 -1.1823344 11.5756817 0.0242196 0.5097355 -0.0199320 0.8597592
38.382320 15.7568808 -1.1858684 11.6032867 0.0251378 0.5119299 -0.0204923 0.8584148
38.589330 15.8588238 -1.1933790 11.6580925 0.0279421 0.5171762 -0.0218988 0.8551424
38.796340 15.9626646 -1.2013189 11.7107687 0.0301807 0.5231416 -0.0233482 0.8513911
39.003240 16.0696125 -1.2096767 11.7641802 0.0275916 0.5291345 -0.0267726 0.8476666
39.210380 16.1775932 -1.2180345 11.8161697 0.0285023 0.5353216 -0.0284716 0.8436871
39.417430 16.2883282 -1.2267134 11.8683214 0.0297304 0.5422227 -0.0327251 0.8390708
39.624300 16.4030437 -1.2365874 11.9188223 0.0310146 0.5487673 -0.0348842 0.8346710
39.831290 16.5216637 -1.2468189 11.9682312 0.0329066 0.5552429 -0.0351259 0.8302943
40.038300 16.6450539 -1.2575653 12.0173006 0.0324138 0.5619319 -0.0332717 0.8258782
40.245190 16.7728043 -1.2683358 12.0671005 0.0289744 0.5683203 -0.0318120 0.8216815
40.452080 16.9059067 -1.2778041 12.1155987 0.0260707 0.5734035 -0.0280321 0.8183783
40.660160 17.0428371 -1.2872066 12.1638050 0.0257943 0.5780262 -0.0247276 0.8152354
40.764080 17.1111050 -1.2924674 12.1866827 0.0306394 0.5799208 -0.0259180 0.8136839
40.969360 17.2512112 -1.3027472 12.2333794 0.0425071 0.5835346 -0.0286127 0.8104702
41.176820 17.3965378 -1.3155663 12.2794533 0.0424439 0.5875420 -0.0209151 0.8078091
41.385110 17.5435123 -1.3289605 12.3260021 0.0421022 0.5916188 -0.0212172 0.8048382
41.592690 17.6932049 -1.3414006 12.3733253 0.0438054 0.5952965 -0.0279573 0.8018239
41.796670 17.8474350 -1.3554827 12.4210329 0.0380562 0.6001430 -0.0275540 0.7985117
42.003560 18.0035019 -1.3693538 12.4658489 0.0390957 0.6042933 -0.0297795 0.7952448
42.210320 18.1609287 -1.3836836 12.5089865 0.0416261 0.6081817 -0.0272765 0.7922363
42.417600 18.3202038 -1.3984267 12.5506706 0.0420316 0.6112507 -0.0256958 0.7899023
42.623970 18.4818783 -1.4131376 12.5926895 0.0406186 0.6136358 -0.0252820 0.7881384
42.830730 18.6448021 -1.4276358 12.6341896 0.0383783 0.6157225 -0.0256903 0.7866085
43.037390 18.8063202 -1.4425608 12.6743059 0.0387485 0.6170754 -0.0279446 0.7854525
43.244710 18.9685364 -1.4570739 12.7145348 0.0384346 0.6186252 -0.0276347 0.7842589
43.450910 19.1290436 -1.4712731 12.7528048 0.0373357 0.6198114 -0.0243988 0.7834824
43.660340 19.2905598 -1.4850893 12.7924623 0.0396335 0.6210993 -0.0280696 0.7822257
43.865300 19.4517841 -1.5000820 12.8296814 0.0406261 0.6229379 -0.0295162 0.7806578
44.071640 19.6126919 -1.5153852 12.8666248 0.0360634 0.6254739 -0.0267500 0.7789520
44.278660 19.7734871 -1.5293607 12.9026241 0.0342519 0.6287245 -0.0260803 0.7764356
44.485720 19.9345322 -1.5422970 12.9365978 0.0351371 0.6319702 -0.0267106 0.7737348
44.692960 20.0943375 -1.5557787 12.9689436 0.0345538 0.6352779 -0.0262007 0.7710652
44.899580 20.2550030 -1.5690883 13.0003366 0.0335028 0.6384531 -0.0272672 0.7684476
45.107140 20.4134483 -1.5818801 13.0299749 0.0317015 0.6416945 -0.0289991 0.7657560
45.313460 20.5725727 -1.5947325 13.0599537 0.0302463 0.6444043 -0.0340198 0.7633289
45.520350 20.7314835 -1.6082726 13.0882568 0.0314730 0.6470370 -0.0379196 0.7608645
45.727180 20.8909473 -1.6226654 13.1143970 0.0286536 0.6497087 -0.0364444 0.7587684
45.933940 21.0511036 -1.6358758 13.1392546 0.0280051 0.6522146 -0.0345464 0.7567288
46.140840 21.2077579 -1.6487604 13.1624222 0.0285583 0.6550303 -0.0351981 0.7542419
46.347740 21.3670387 -1.6612326 13.1840391 0.0312842 0.6590546 -0.0315953 0.7507796
46.451100 21.4469490 -1.6679840 13.1937199 0.0295665 0.6606018 -0.0296163 0.7495692
46.657980 21.6024761 -1.6812844 13.2124357 0.0354411 0.6640721 -0.0333724 0.7460821
46.761380 21.6790352 -1.6884823 13.2210331 0.0402147 0.6658812 -0.0371124 0.7440482
46.968250 21.8349953 -1.7044487 13.2379637 0.0378709 0.6699170 -0.0384137 0.7404737
47.071770 21.9128189 -1.7118675 13.2461309 0.0345589 0.6719127 -0.0371049 0.7388926
47.278520 22.0650787 -1.7271081 13.2599716 0.0307820 0.6760097 -0.0372971 0.7353043
47.588920 22.2924366 -1.7468044 13.2785902 0.0235186 0.6841013 -0.0376380 0.7280355
47.795800 22.4438496 -1.7594620 13.2855625 0.0276291 0.6886581 -0.0375210 0.7235875
48.209330 22.7437859 -1.7843490 13.2976189 0.0275662 0.6979242 -0.0357402 0.7147479
48.622870 23.0407581 -1.8113102 13.3017330 0.0329141 0.7034623 -0.0345158 0.7091305
49.242780 23.4816265 -1.8491319 13.3036470 0.0376368 0.7059485 -0.0297616 0.7066360
49.656580 23.7660751 -1.8765720 13.3046618 0.0398658 0.7036470 -0.0271623 0.7089103
50.069330 24.0373402 -1.9008645 13.3100195 0.0358028 0.6992594 -0.0242014 0.7135606
50.379340 24.2291279 -1.9172199 13.3174801 0.0338880 0.6949792 -0.0270552 0.7177210
50.793430 24.4771233 -1.9375346 13.3300381 0.0302345 0.6897180 -0.0263436 0.7229668
51.103000 24.6467152 -1.9511400 13.3401909 0.0320547 0.6856948 -0.0290583 0.7266022
51.413610 24.8065224 -1.9652094 13.3524494 0.0298294 0.6820556 -0.0316940 0.7300040
51.622300 24.9072208 -1.9735386 13.3611288 0.0295507 0.6797569 -0.0327037 0.7321118
51.826760 25.0035572 -1.9816425 13.3699970 0.0291395 0.6776688 -0.0350081 0.7339552
52.136910 25.1428509 -1.9940556 13.3832750 0.0283954 0.6743122 -0.0357457 0.7370339
52.240390 25.1878490 -1.9981678 13.3879213 0.0283404 0.6731136 -0.0363273 0.7381024
52.447130 25.2749767 -2.0058315 13.3971043 0.0295900 0.6712062 -0.0371055 0.7397498
52.654640 25.3589325 -2.0135009 13.4066210 0.0297249 0.6698093 -0.0386688 0.7409296
52.860930 25.4411831 -2.0210078 13.4161282 0.0303359 0.6688555 -0.0400743 0.7416914
53.067800 25.5241756 -2.0288906 13.4252777 0.0308514 0.6689692 -0.0402625 0.7415574
53.274690 25.6090355 -2.0363443 13.4349098 0.0294155 0.6699060 -0.0404565 0.7407590
53.481550 25.6959190 -2.0447135 13.4431381 0.0324010 0.6712571 -0.0401175 0.7394286
53.688500 25.7837696 -2.0535729 13.4501925 0.0386067 0.6726259 -0.0403643 0.7378717
53.895510 25.8772144 -2.0615535 13.4590187 0.0395924 0.6742565 -0.0420022 0.7362380
54.102390 25.9752560 -2.0720072 13.4655561 0.0416188 0.6755011 -0.0346266 0.7353687
54.309430 26.0752010 -2.0819399 13.4741049 0.0412555 0.6773294 -0.0365276 0.7336134
54.516280 26.1790199 -2.0916860 13.4823246 0.0422979 0.6785278 -0.0357590 0.7324836
54.723200 26.2865887 -2.1020093 13.4892368 0.0439805 0.6795359 -0.0331027 0.7315743
54.930030 26.3972664 -2.1127257 13.4979753 0.0430829 0.6810837 -0.0362646 0.7300368
55.136960 26.5123444 -2.1237307 13.5057583 0.0450935 0.6821476 -0.0381489 0.7288250
55.343740 26.6309719 -2.1363573 13.5143175 0.0418041 0.6834550 -0.0398086 0.7277066
55.550620 26.7517357 -2.1495969 13.5217838 0.0450051 0.6846427 -0.0407371 0.7263466
55.757510 26.8757935 -2.1633475 13.5287447 0.0489525 0.6854124 -0.0435947 0.7251986
55.964160 27.0038776 -2.1783903 13.5351343 0.0493360 0.6861912 -0.0372526 0.7247895
56.170950 27.1338215 -2.1926975 13.5410748 0.0507144 0.6870716 -0.0346059 0.7239911
56.377670 27.2667713 -2.2074454 13.5482550 0.0523368 0.6875864 -0.0351710 0.7233594
56.584420 27.4010029 -2.2216461 13.5544977 0.0521990 0.6871243 -0.0332922 0.7238972
56.791050 27.5393314 -2.2375970 13.5622196 0.0516906 0.6864682 -0.0324880 0.7245923
56.997680 27.6804123 -2.2528615 13.5703430 0.0506335 0.6854314 -0.0311018 0.7257084
57.204360 27.8239307 -2.2678497 13.5787687 0.0508876 0.6840015 -0.0297467 0.7270952
57.410890 27.9690666 -2.2831192 13.5880232 0.0519402 0.6819931 -0.0283810 0.7289596
57.617510 28.1160221 -2.2988198 13.5983515 0.0521231 0.6799707 -0.0265700 0.7309015
57.824090 28.2674828 -2.3140192 13.6107101 0.0533232 0.6778719 -0.0265253 0.7327637
58.030610 28.4187870 -2.3302882 13.6235437 0.0530052 0.6756576 -0.0284028 0.7347589
58.237240 28.5732231 -2.3471608 13.6383476 0.0519222 0.6739663 -0.0303959 0.7363081
58.443830 28.7292347 -2.3642504 13.6534777 0.0505195 0.6726674 -0.0289260 0.7376515
58.650440 28.8847427 -2.3801758 13.6678782 0.0498917 0.6719059 -0.0276584 0.7384363
58.857110 29.0399132 -2.3964765 13.6831598 0.0508321 0.6713164 -0.0279909 0.7388957
59.063680 29.1984978 -2.4131849 13.6987906 0.0477480 0.6711404 -0.0283933 0.7392459
59.270460 29.3531494 -2.4292951 13.7143860 0.0479094 0.6708643 -0.0299928 0.7394229
59.477160 29.5047550 -2.4453142 13.7301130 0.0475821 0.6706692 -0.0309456 0.7395818
59.683780 29.6569481 -2.4620709 13.7453899 0.0476052 0.6704299 -0.0311288 0.7397895
59.890360 29.8075066 -2.4781063 13.7606544 0.0473116 0.6702276 -0.0310541 0.7399947
60.097040 29.9588566 -2.4944501 13.7770615 0.0496835 0.6699575 -0.0313042 0.7400733
60.303580 30.1106777 -2.5104899 13.7925882 0.0486826 0.6690360 -0.0277338 0.7411152
60.510030 30.2599182 -2.5268118 13.8075638 0.0550010 0.6669860 -0.0267751 0.7425548
60.716680 30.4089985 -2.5429137 13.8238029 0.0585225 0.6645370 -0.0256569 0.7445183
60.923310 30.5574131 -2.5608425 13.8413353 0.0599860 0.6619924 -0.0251192 0.7466838
61.129940 30.7068443 -2.5774302 13.8595314 0.0587534 0.6591730 -0.0239234 0.7493109
61.336450 30.8560009 -2.5943732 13.8795643 0.0553237 0.6557940 -0.0230723 0.7525564
61.543140 31.0069504 -2.6102366 13.9038229 0.0536537 0.6518347 -0.0239662 0.7560810
61.749770 31.1539192 -2.6265755 13.9281549 0.0532560 0.6467395 -0.0252945 0.7604288
61.956290 31.3015060 -2.6420219 13.9552917 0.0527877 0.6399702 -0.0274576 0.7660924
62.162940 31.4488564 -2.6590228 13.9851274 0.0520851 0.6327051 -0.0285298 0.7721123
62.369430 31.5983620 -2.6761158 14.0186224 0.0509731 0.6255420 -0.0293848 0.7779689
62.576200 31.7469978 -2.6934524 14.0536423 0.0498946 0.6194597 -0.0300145 0.7828661
62.782780 31.8950844 -2.7105057 14.0908880 0.0493220 0.6150309 -0.0312334 0.7863388
62.989540 32.0443802 -2.7272546 14.1303949 0.0486812 0.6113030 -0.0314955 0.7892698
63.196200 32.1923561 -2.7441270 14.1701622 0.0489447 0.6077116 -0.0315091 0.7920216
63.402810 32.3413429 -2.7609468 14.2114906 0.0482140 0.6041239 -0.0310880 0.7948228
63.712840 32.5643272 -2.7853255 14.2773314 0.0456749 0.5986245 -0.0294542 0.7991839
64.022620 32.7822456 -2.8103075 14.3449888 0.0454423 0.5930913 -0.0306315 0.8032680
64.332410 32.9973640 -2.8335977 14.4154119 0.0431906 0.5880139 -0.0324471 0.8070449
64.539060 33.1388092 -2.8489816 14.4636011 0.0395514 0.5864483 -0.0343186 0.8082922
64.745710 33.2775497 -2.8633552 14.5113459 0.0418250 0.5855182 -0.0389641 0.8086414
64.952280 33.4162025 -2.8789468 14.5589485 0.0385107 0.5852610 -0.0392683 0.8089774
65.158820 33.5539742 -2.8942125 14.6058340 0.0344082 0.5853001 -0.0385677 0.8091677
65.365480 33.6900253 -2.9079337 14.6518106 0.0349399 0.5856648 -0.0383271 0.8088924
65.571960 33.8262291 -2.9209690 14.6965122 0.0361998 0.5861450 -0.0356438 0.8086119
65.778660 33.9604034 -2.9353569 14.7412090 0.0368836 0.5863842 -0.0353500 0.8084204
66.088540 34.1633797 -2.9559655 14.8093195 0.0410119 0.5866477 -0.0371651 0.8079487
66.295140 34.3013840 -2.9708524 14.8551769 0.0393264 0.5869179 -0.0359636 0.8078907
66.503710 34.4416084 -2.9852951 14.9013987 0.0418830 0.5867161 -0.0369146 0.8078659
66.712060 34.5834808 -3.0002456 14.9487314 0.0421428 0.5866655 -0.0364701 0.8079094
66.914810 34.7297783 -3.0159028 14.9971809 0.0422618 0.5864947 -0.0342085 0.8081260
67.122370 34.8777008 -3.0314586 15.0452900 0.0457867 0.5858459 -0.0315112 0.8085142
67.327990 35.0270348 -3.0473845 15.0937977 0.0481003 0.5847114 -0.0280570 0.8093280
67.534610 35.1760063 -3.0632782 15.1429558 0.0472091 0.5840067 -0.0259326 0.8099599
67.741230 35.3250847 -3.0790105 15.1936359 0.0425024 0.5837114 -0.0235060 0.8105073
67.947740 35.4715462 -3.0940220 15.2441416 0.0444199 0.5833028 -0.0245006 0.8106691
68.154890 35.6185875 -3.1087151 15.2934608 0.0457855 0.5825068 -0.0235782 0.8111927
68.361010 35.7632141 -3.1236100 15.3424444 0.0445237 0.5821398 -0.0219256 0.8115727
68.567750 35.9041023 -3.1382470 15.3907881 0.0441093 0.5822861 -0.0225087 0.8114744
68.877620 36.1083603 -3.1589308 15.4603014 0.0422264 0.5834224 -0.0199946 0.8108240
69.187640 36.3049774 -3.1778326 15.5259867 0.0455011 0.5848991 -0.0210306 0.8095556
69.394410 36.4329605 -3.1912665 15.5688267 0.0484513 0.5859064 -0.0250421 0.8085414
69.704490 36.6234398 -3.2116604 15.6311111 0.0449857 0.5875985 -0.0230936 0.8075710
70.014150 36.8095284 -3.2310648 15.6908312 0.0466041 0.5882564 -0.0218822 0.8070338
70.324290 36.9934845 -3.2496066 15.7507286 0.0487117 0.5883777 -0.0217240 0.8068252
70.634290 37.1784058 -3.2690279 15.8107052 0.0502493 0.5883526 -0.0221347 0.8067380
70.946380 37.3650093 -3.2886987 15.8714113 0.0487901 0.5873345 -0.0203727 0.8076154
71.255370 37.5472984 -3.3076432 15.9317570 0.0473583 0.5851737 -0.0199107 0.8092790
71.564460 37.7213020 -3.3253593 15.9910526 0.0470808 0.5827525 -0.0214077 0.8110023
71.874710 37.8887787 -3.3431752 16.0491428 0.0448836 0.5813279 -0.0215707 0.8121441
72.184720 38.0467682 -3.3596015 16.1046581 0.0451296 0.5798925 -0.0211922 0.8131660
72.495110 38.1975594 -3.3753076 16.1575127 0.0453492 0.5783732 -0.0210215 0.8142396
72.804810 38.3392410 -3.3898187 16.2083244 0.0451458 0.5771109 -0.0214055 0.8151360
73.114920 38.4734039 -3.4037857 16.2568092 0.0429804 0.5762495 -0.0218104 0.8158514
73.425090 38.5985641 -3.4162679 16.3024216 0.0448007 0.5753800 -0.0228601 0.8163383
73.735300 38.7149963 -3.4284284 16.3456554 0.0472340 0.5744301 -0.0245903 0.8168197
74.045380 38.8239632 -3.4404495 16.3847771 0.0457916 0.5749340 -0.0239603 0.8165659
74.252330 38.8903694 -3.4479408 16.4093933 0.0449612 0.5761765 -0.0235605 0.8157475
74.459100 38.9535751 -3.4545870 16.4318104 0.0445995 0.5771357 -0.0232615 0.8150977
74.665890 39.0137558 -3.4605150 16.4529037 0.0442714 0.5779782 -0.0224976 0.8145398
74.872800 39.0698662 -3.4665673 16.4725971 0.0438141 0.5788870 -0.0223196 0.8139238
75.079510 39.1224937 -3.4720495 16.4916592 0.0427052 0.5797887 -0.0232076 0.8133159
75.699680 39.2653503 -3.4861252 16.5409012 0.0437620 0.5810541 -0.0232919 0.8123537
75.906260 39.3106422 -3.4904296 16.5573750 0.0429094 0.5801570 -0.0239419 0.8130212
76.112930 39.3546295 -3.4947371 16.5732937 0.0424216 0.5782518 -0.0245518 0.8143848
76.319510 39.3990173 -3.4990137 16.5894146 0.0428015 0.5739574 -0.0242764 0.8174054
76.732320 39.4907875 -3.5083947 16.6279659 0.0433494 0.5566912 -0.0261187 0.8291764
76.938900 39.5381165 -3.5127749 16.6515083 0.0429281 0.5430657 -0.0280747 0.8381221
77.144940 39.5847816 -3.5179126 16.6765976 0.0431096 0.5260146 -0.0304364 0.8488368
77.557920 39.6733551 -3.5280967 16.7328262 0.0440539 0.4906537 -0.0370750 0.8694502
77.764930 39.7145233 -3.5330834 16.7604504 0.0431373 0.4879019 -0.0416110 0.8708383
78.386780 39.8347664 -3.5483611 16.8220463 0.0466929 0.5273968 -0.0374642 0.8475074
78.697630 39.8980255 -3.5560462 16.8461704 0.0463860 0.5560877 -0.0363888 0.8290300
79.007710 39.9650917 -3.5643966 16.8661709 0.0493941 0.5784146 -0.0317406 0.8136272
79.322290 40.0315323 -3.5722995 16.8852749 0.0477022 0.5924392 -0.0295153 0.8036598
79.631890 40.0918427 -3.5791569 16.9024487 0.0481067 0.5950946 -0.0285511 0.8017063
79.940110 40.1450920 -3.5854089 16.9212723 0.0479998 0.5833493 -0.0268524 0.8103570
80.245950 40.1883392 -3.5906804 16.9423389 0.0446451 0.5653701 -0.0325995 0.8229828
80.864960 40.2515602 -3.5986023 16.9762802 0.0489610 0.5238041 -0.0320784 0.8498253
81.174860 40.2751884 -3.6009731 16.9936256 0.0450474 0.5049909 -0.0342978 0.8612657
81.484880 40.2951660 -3.6031196 17.0089893 0.0444636 0.4883215 -0.0338908 0.8708711
82.106980 40.3202019 -3.6071458 17.0341740 0.0397901 0.4649069 -0.0446026 0.8833396
82.415420 40.3315582 -3.6079931 17.0416832 0.0394522 0.4567954 -0.0382916 0.8878712
82.726180 40.3379822 -3.6088147 17.0500698 0.0366181 0.4495519 -0.0439436 0.8914209
