1.000000e+00 -1.822835e-10 5.241111e-10 -5.551115e-17 -1.822835e-10 9.999999e-01 -5.072855e-10 -3.330669e-16 5.241111e-10 -5.072855e-10 9.999999e-01 2.220446e-16
9.999986e-01 7.122128e-04 1.533514e-03 -1.101102e-02 -7.055720e-04 9.999903e-01 -4.327036e-03 -1.712164e-02 -1.536580e-03 4.325946e-03 9.999894e-01 9.617130e-01
9.999968e-01 -1.383964e-03 2.129266e-03 -1.699529e-02 1.395070e-03 9.999853e-01 -5.223267e-03 -3.304158e-02 -2.122006e-03 5.226219e-03 9.999840e-01 1.924885e+00
9.999935e-01 -2.875213e-03 2.196984e-03 -3.106702e-02 2.877221e-03 9.999954e-01 -9.111935e-04 -6.341853e-02 -2.194353e-03 9.175076e-04 9.999971e-01 2.888054e+00
9.999894e-01 -4.378258e-03 1.426928e-03 -4.462738e-02 4.370282e-03 9.999750e-01 5.546374e-03 -9.503621e-02 -1.451175e-03 -5.540079e-03 9.999835e-01 3.848312e+00
9.999613e-01 -8.800744e-03 4.930361e-05 -5.337242e-02 8.800421e-03 9.999503e-01 4.659577e-03 -1.222173e-01 -9.030788e-05 -4.658963e-03 9.999891e-01 4.806551e+00
9.999329e-01 -1.154122e-02 -9.928825e-04 -6.458549e-02 1.154281e-02 9.999320e-01 1.608232e-03 -1.448705e-01 9.742552e-04 -1.619585e-03 9.999981e-01 5.738958e+00
9.999251e-01 -1.210851e-02 -1.791951e-03 -7.542792e-02 1.210590e-02 9.999256e-01 -1.463266e-03 -1.535673e-01 1.809537e-03 1.441462e-03 9.999973e-01 6.676395e+00
9.999307e-01 -1.148261e-02 -2.596193e-03 -8.936429e-02 1.147713e-02 9.999318e-01 -2.115606e-03 -1.678814e-01 2.620310e-03 2.085662e-03 9.999943e-01 7.606157e+00
9.999351e-01 -1.082459e-02 -3.547008e-03 -1.013034e-01 1.082533e-02 9.999413e-01 1.915052e-04 -1.791661e-01 3.544728e-03 -2.298913e-04 9.999936e-01 8.535486e+00
9.999332e-01 -1.074628e-02 -4.252912e-03 -1.141317e-01 1.075959e-02 9.999372e-01 3.119014e-03 -1.865848e-01 4.219129e-03 -3.164566e-03 9.999860e-01 9.465868e+00
9.999267e-01 -1.090491e-02 -5.254531e-03 -1.275574e-01 1.092822e-02 9.999304e-01 4.428359e-03 -1.916301e-01 5.205877e-03 -4.485457e-03 9.999763e-01 1.038892e+01
9.999051e-01 -1.246298e-02 -5.868031e-03 -1.421945e-01 1.249287e-02 9.999090e-01 5.084305e-03 -1.997185e-01 5.804133e-03 -5.157132e-03 9.999698e-01 1.133952e+01
9.998969e-01 -1.263069e-02 -6.826217e-03 -1.548813e-01 1.266478e-02 9.999074e-01 4.973288e-03 -2.155601e-01 6.762771e-03 -5.059228e-03 9.999643e-01 1.222345e+01
9.998890e-01 -1.287236e-02 -7.500847e-03 -1.693123e-01 1.289812e-02 9.999110e-01 3.394724e-03 -2.354858e-01 7.456483e-03 -3.491094e-03 9.999660e-01 1.313325e+01
9.998699e-01 -1.336574e-02 -9.034486e-03 -1.849063e-01 1.337692e-02 9.999098e-01 1.177817e-03 -2.602522e-01 9.017931e-03 -1.298518e-03 9.999584e-01 1.404136e+01
9.998368e-01 -1.468699e-02 -1.051998e-02 -1.992846e-01 1.468671e-02 9.998921e-01 -1.034110e-04 -2.760574e-01 1.052037e-02 -5.111081e-05 9.999446e-01 1.494552e+01
9.998231e-01 -1.432671e-02 -1.218625e-02 -2.169483e-01 1.431971e-02 9.998972e-01 -6.616172e-04 -2.851106e-01 1.219448e-02 4.869955e-04 9.999255e-01 1.584627e+01
9.998148e-01 -1.159649e-02 -1.536125e-02 -2.548521e-01 1.157275e-02 9.999316e-01 -1.633665e-03 -2.982439e-01 1.537915e-02 1.455589e-03 9.998806e-01 1.763484e+01
9.997674e-01 -1.148423e-02 -1.825599e-02 -2.937433e-01 1.149904e-02 9.999336e-01 7.061475e-04 -3.138402e-01 1.824668e-02 -9.159104e-04 9.998330e-01 1.941419e+01
9.996913e-01 -1.246784e-02 -2.149326e-02 -3.335669e-01 1.249154e-02 9.999214e-01 9.685078e-04 -3.220398e-01 2.147950e-02 -1.236693e-03 9.997685e-01 2.116890e+01
9.996297e-01 -1.261378e-02 -2.411198e-02 -3.725490e-01 1.263650e-02 9.999198e-01 7.899130e-04 -3.172185e-01 2.410009e-02 -1.094312e-03 9.997089e-01 2.290089e+01
9.995692e-01 -1.363816e-02 -2.598840e-02 -4.121035e-01 1.378817e-02 9.998892e-01 5.601313e-03 -3.140241e-01 2.590913e-02 -5.957232e-03 9.996465e-01 2.461543e+01
9.995560e-01 -1.327670e-02 -2.667519e-02 -4.280328e-01 1.346665e-02 9.998851e-01 6.953738e-03 -3.057383e-01 2.657980e-02 -7.309876e-03 9.996199e-01 2.544218e+01
9.995372e-01 -1.142993e-02 -2.819322e-02 -4.690774e-01 1.151922e-02 9.999291e-01 3.006464e-03 -2.930490e-01 2.815686e-02 -3.329837e-03 9.995979e-01 2.708037e+01
9.995206e-01 -1.092301e-02 -2.896974e-02 -4.916230e-01 1.096822e-02 9.999388e-01 1.401950e-03 -2.934051e-01 2.895266e-02 -1.719025e-03 9.995792e-01 2.787697e+01
9.994551e-01 -1.042435e-02 -3.131936e-02 -5.377287e-01 1.044602e-02 9.999452e-01 5.283531e-04 -3.030386e-01 3.131214e-02 -8.552288e-04 9.995092e-01 2.945471e+01
9.993980e-01 -1.012000e-02 -3.318482e-02 -5.610502e-01 1.012245e-02 9.999487e-01 -9.415537e-05 -3.024561e-01 3.318408e-02 -2.418140e-04 9.994492e-01 3.022665e+01
9.993348e-01 -1.013992e-02 -3.503166e-02 -5.837097e-01 1.012933e-02 9.999485e-01 -4.799930e-04 -2.893166e-01 3.503473e-02 1.248256e-04 9.993860e-01 3.099325e+01
9.992572e-01 -1.045439e-02 -3.709050e-02 -6.098827e-01 1.048559e-02 9.999447e-01 6.466132e-04 -2.849460e-01 3.708169e-02 -1.035049e-03 9.993116e-01 3.175331e+01
9.991826e-01 -1.044167e-02 -3.905299e-02 -6.373473e-01 1.057814e-02 9.999386e-01 3.289435e-03 -2.859582e-01 3.901625e-02 -3.699855e-03 9.992317e-01 3.249745e+01
9.991166e-01 -9.676451e-03 -4.089457e-02 -6.694970e-01 9.870613e-03 9.999409e-01 4.548579e-03 -2.913155e-01 4.084814e-02 -4.948216e-03 9.991530e-01 3.323490e+01
9.990483e-01 -8.212274e-03 -4.283877e-02 -7.070281e-01 8.425612e-03 9.999529e-01 4.801790e-03 -2.980989e-01 4.279733e-02 -5.158163e-03 9.990704e-01 3.396228e+01
9.989871e-01 -5.570437e-03 -4.465125e-02 -7.475972e-01 5.752148e-03 9.999756e-01 3.942093e-03 -3.011809e-01 4.462821e-02 -4.194941e-03 9.989948e-01 3.470353e+01
9.989142e-01 -4.076822e-03 -4.640854e-02 -7.861231e-01 4.225973e-03 9.999861e-01 3.116198e-03 -3.012987e-01 4.639521e-02 -3.308936e-03 9.989176e-01 3.539317e+01
9.988447e-01 -3.602322e-03 -4.792024e-02 -8.225011e-01 3.824192e-03 9.999823e-01 4.539097e-03 -2.935002e-01 4.790305e-02 -4.717109e-03 9.988408e-01 3.608573e+01
9.988038e-01 6.059604e-04 -4.889413e-02 -8.979841e-01 -2.707568e-04 9.999763e-01 6.862041e-03 -2.829222e-01 4.889714e-02 -6.840594e-03 9.987803e-01 3.744921e+01
9.988488e-01 3.748494e-03 -4.782370e-02 -9.356939e-01 -3.523552e-03 9.999823e-01 4.787030e-03 -2.753503e-01 4.784081e-02 -4.613010e-03 9.988443e-01 3.811124e+01
9.990194e-01 5.712810e-03 -4.390410e-02 -9.940685e-01 -5.743068e-03 9.999833e-01 -5.630376e-04 -2.590333e-01 4.390016e-02 8.146287e-04 9.990355e-01 3.940063e+01
9.992324e-01 1.197639e-02 -3.729938e-02 -1.054571e+00 -1.185276e-02 9.999234e-01 3.533972e-03 -2.561416e-01 3.733886e-02 -3.089159e-03 9.992978e-01 4.068683e+01
9.993476e-01 2.131604e-02 -2.915361e-02 -1.107347e+00 -2.108763e-02 9.997446e-01 8.120116e-03 -2.542439e-01 2.931926e-02 -7.500038e-03 9.995419e-01 4.189089e+01
9.994265e-01 2.870924e-02 -1.795791e-02 -1.143225e+00 -2.852866e-02 9.995405e-01 1.023293e-02 -2.472759e-01 1.824345e-02 -9.714743e-03 9.997863e-01 4.304425e+01
9.993066e-01 3.700958e-02 -4.072654e-03 -1.163695e+00 -3.696271e-02 9.992556e-01 1.103952e-02 -2.463307e-01 4.478192e-03 -1.088133e-02 9.999307e-01 4.411947e+01
9.989309e-01 4.494697e-02 1.081107e-02 -1.165281e+00 -4.506496e-02 9.989242e-01 1.092935e-02 -2.401569e-01 -1.030820e-02 -1.140486e-02 9.998818e-01 4.511047e+01
9.978050e-01 5.099690e-02 4.224351e-02 -1.119110e+00 -5.130814e-02 9.986628e-01 6.315813e-03 -2.395256e-01 -4.186495e-02 -8.469386e-03 9.990873e-01 4.683267e+01
9.966453e-01 5.618538e-02 5.950962e-02 -1.077742e+00 -5.670529e-02 9.983658e-01 7.082538e-03 -2.387525e-01 -5.901444e-02 -1.043329e-02 9.982025e-01 4.756732e+01
9.949463e-01 6.439773e-02 7.703781e-02 -1.036133e+00 -6.510727e-02 9.978555e-01 6.731622e-03 -2.443984e-01 -7.643911e-02 -1.171332e-02 9.970054e-01 4.817664e+01
9.921379e-01 6.152264e-02 1.089836e-01 -9.369557e-01 -6.192852e-02 9.980805e-01 3.401550e-04 -2.675893e-01 -1.087535e-01 -7.086672e-03 9.940434e-01 4.897559e+01
9.883707e-01 6.431657e-02 1.377925e-01 -8.567415e-01 -6.411000e-02 9.979251e-01 -5.941497e-03 -2.805680e-01 -1.378888e-01 -2.961478e-03 9.904432e-01 4.948708e+01
9.830186e-01 6.669167e-02 1.709583e-01 -7.577117e-01 -6.621707e-02 9.977691e-01 -8.483377e-03 -2.915714e-01 -1.711427e-01 -2.981041e-03 9.852417e-01 4.998615e+01
9.522731e-01 7.018360e-02 2.970693e-01 -3.172192e-01 -6.815286e-02 9.975265e-01 -1.720102e-02 -3.255041e-01 -2.975418e-01 -3.866058e-03 9.547009e-01 5.142020e+01
9.095902e-01 7.427774e-02 4.088135e-01 1.309526e-01 -7.108895e-02 9.972044e-01 -2.301366e-02 -3.642721e-01 -4.093801e-01 -8.129124e-03 9.123277e-01 5.235595e+01
8.771443e-01 7.145361e-02 4.748814e-01 4.279778e-01 -6.473981e-02 9.974359e-01 -3.050080e-02 -3.824345e-01 -4.758432e-01 -3.990132e-03 8.795210e-01 5.280031e+01
8.354269e-01 7.568777e-02 5.443649e-01 7.701079e-01 -6.394528e-02 9.971310e-01 -4.050415e-02 -4.025973e-01 -5.458689e-01 -9.713071e-04 8.378700e-01 5.324411e+01
7.831650e-01 8.302927e-02 6.162457e-01 1.172293e+00 -6.828228e-02 9.965350e-01 -4.748968e-02 -4.302534e-01 -6.180536e-01 -4.886408e-03 7.861208e-01 5.369477e+01
7.198925e-01 8.857767e-02 6.884102e-01 1.658262e+00 -7.134170e-02 9.960132e-01 -5.355265e-02 -4.647131e-01 -6.904094e-01 -1.056021e-02 7.233418e-01 5.415343e+01
5.561716e-01 8.472528e-02 8.267374e-01 2.973763e+00 -5.939500e-02 9.962982e-01 -6.214531e-02 -4.792758e-01 -8.289424e-01 -1.454061e-02 5.591450e-01 5.498383e+01
4.595568e-01 8.166095e-02 8.843862e-01 3.766145e+00 -5.479782e-02 9.964739e-01 -6.353594e-02 -4.913921e-01 -8.864563e-01 -1.926406e-02 4.624112e-01 5.533541e+01
3.597340e-01 7.961125e-02 9.296523e-01 4.641416e+00 -5.780824e-02 9.963408e-01 -6.295296e-02 -5.396177e-01 -9.312624e-01 -3.109524e-02 3.630199e-01 5.561845e+01
2.636126e-01 7.622494e-02 9.616122e-01 5.585536e+00 -4.431946e-02 9.967773e-01 -6.686285e-02 -5.957735e-01 -9.636100e-01 -2.499224e-02 2.661413e-01 5.580227e+01
2.200748e-01 7.093645e-02 9.729003e-01 6.088519e+00 -3.059900e-02 9.973636e-01 -6.579850e-02 -6.266796e-01 -9.750030e-01 -1.528919e-02 2.216651e-01 5.585617e+01
1.770423e-01 6.939967e-02 9.817533e-01 6.612372e+00 -2.180620e-02 9.975425e-01 -6.658344e-02 -6.532414e-01 -9.839617e-01 -9.620226e-03 1.781206e-01 5.590280e+01
1.394343e-01 7.225282e-02 9.875917e-01 7.126377e+00 -1.775361e-02 9.973565e-01 -7.046066e-02 -6.821309e-01 -9.900722e-01 -7.708693e-03 1.403484e-01 5.593790e+01
7.852152e-02 7.027376e-02 9.944324e-01 8.209580e+00 -2.181921e-03 9.975220e-01 -7.031982e-02 -7.737852e-01 -9.969101e-01 3.351844e-03 7.848028e-02 5.597135e+01
5.379933e-02 6.807411e-02 9.962286e-01 8.774944e+00 4.677949e-03 9.976453e-01 -6.842356e-02 -8.137508e-01 -9.985408e-01 8.341445e-03 5.335421e-02 5.597751e+01
1.874635e-02 7.007914e-02 9.973652e-01 9.933246e+00 1.331628e-02 9.974345e-01 -7.033431e-02 -9.020616e-01 -9.997356e-01 1.459970e-02 1.776507e-02 5.598182e+01
5.284248e-03 6.962217e-02 9.975594e-01 1.053767e+01 1.391943e-02 9.974715e-01 -6.968979e-02 -9.473740e-01 -9.998892e-01 1.425371e-02 4.301785e-03 5.597984e+01
-1.479860e-02 7.371512e-02 9.971695e-01 1.175501e+01 1.910705e-02 9.971174e-01 -7.342773e-02 -1.055254e+00 -9.997080e-01 1.796633e-02 -1.616442e-02 5.596304e+01
-2.122260e-02 7.564821e-02 9.969086e-01 1.238276e+01 2.370387e-02 9.968910e-01 -7.514227e-02 -1.117194e+00 -9.994938e-01 2.203587e-02 -2.294978e-02 5.592954e+01
-2.969905e-02 7.235375e-02 9.969367e-01 1.367308e+01 2.153551e-02 9.971914e-01 -7.173070e-02 -1.217524e+00 -9.993269e-01 1.933920e-02 -3.117381e-02 5.588330e+01
-3.224636e-02 6.482052e-02 9.973757e-01 1.433357e+01 1.930001e-02 9.977490e-01 -6.422080e-02 -1.269538e+00 -9.992936e-01 1.717847e-02 -3.342481e-02 5.585852e+01
-3.403686e-02 5.685168e-02 9.978022e-01 1.569798e+01 2.332191e-02 9.981540e-01 -5.607618e-02 -1.366117e+00 -9.991485e-01 2.136199e-02 -3.529992e-02 5.577901e+01
-3.305902e-02 6.730529e-02 9.971845e-01 1.708252e+01 2.770655e-02 9.974081e-01 -6.640186e-02 -1.462354e+00 -9.990693e-01 2.543336e-02 -3.483813e-02 5.570318e+01
-2.869260e-02 7.658907e-02 9.966497e-01 1.850468e+01 2.970433e-02 9.966852e-01 -7.573665e-02 -1.545746e+00 -9.991469e-01 2.743173e-02 -3.087252e-02 5.564300e+01
-2.419601e-02 6.403547e-02 9.976542e-01 1.997824e+01 2.815724e-02 9.975941e-01 -6.334873e-02 -1.647724e+00 -9.993107e-01 2.655840e-02 -2.594085e-02 5.559027e+01
-1.813135e-02 6.898441e-02 9.974529e-01 2.143850e+01 3.389740e-02 9.970858e-01 -6.834286e-02 -1.741686e+00 -9.992609e-01 3.257190e-02 -2.041691e-02 5.553688e+01
-1.252203e-02 7.473476e-02 9.971247e-01 2.290332e+01 2.917558e-02 9.968057e-01 -7.434447e-02 -1.839076e+00 -9.994959e-01 2.816074e-02 -1.466246e-02 5.550537e+01
-4.586658e-03 6.657880e-02 9.977705e-01 2.437331e+01 2.924907e-02 9.973631e-01 -6.641717e-02 -1.955801e+00 -9.995617e-01 2.887922e-02 -6.521932e-03 5.548454e+01
1.859530e-03 7.309744e-02 9.973230e-01 2.583505e+01 3.365647e-02 9.967551e-01 -7.311859e-02 -2.059391e+00 -9.994318e-01 3.370233e-02 -6.067061e-04 5.546181e+01
1.307642e-02 7.048501e-02 9.974270e-01 2.804413e+01 3.351330e-02 9.969210e-01 -7.088863e-02 -2.226546e+00 -9.993528e-01 3.435404e-02 1.067398e-02 5.549768e+01
2.071775e-02 7.126874e-02 9.972419e-01 2.951232e+01 4.090596e-02 9.965603e-01 -7.206987e-02 -2.343893e+00 -9.989482e-01 4.228625e-02 1.773117e-02 5.552232e+01
2.700453e-02 7.039721e-02 9.971534e-01 3.098559e+01 4.270772e-02 9.965251e-01 -7.150946e-02 -2.445222e+00 -9.987226e-01 4.451722e-02 2.390419e-02 5.554859e+01
3.356629e-02 6.985875e-02 9.969919e-01 3.246495e+01 4.308927e-02 9.965254e-01 -7.127678e-02 -2.537443e+00 -9.985072e-01 4.535214e-02 3.043949e-02 5.558466e+01
3.950202e-02 7.135192e-02 9.966686e-01 3.395101e+01 4.213026e-02 9.964412e-01 -7.300545e-02 -2.620601e+00 -9.983310e-01 4.487376e-02 3.635537e-02 5.563975e+01
4.429263e-02 7.181466e-02 9.964340e-01 3.544252e+01 3.837120e-02 9.965546e-01 -7.352900e-02 -2.711893e+00 -9.982815e-01 4.149115e-02 4.138441e-02 5.570930e+01
5.077075e-02 7.342347e-02 9.960076e-01 3.695093e+01 3.333449e-02 9.966135e-01 -7.516735e-02 -2.812393e+00 -9.981539e-01 3.701770e-02 4.815128e-02 5.578704e+01
5.735005e-02 7.908020e-02 9.952171e-01 3.846575e+01 3.198206e-02 9.962007e-01 -8.100135e-02 -2.922992e+00 -9.978418e-01 3.647452e-02 5.460300e-02 5.586855e+01
6.297842e-02 8.056066e-02 9.947580e-01 4.000220e+01 2.229850e-02 9.963743e-01 -8.210329e-02 -3.024315e+00 -9.977658e-01 2.735234e-02 6.095370e-02 5.597631e+01
7.069430e-02 8.200656e-02 9.941213e-01 4.155550e+01 2.387540e-02 9.961901e-01 -8.387508e-02 -3.135919e+00 -9.972123e-01 2.966452e-02 6.846702e-02 5.607788e+01
7.831116e-02 8.192870e-02 9.935567e-01 4.313031e+01 1.900906e-02 9.963134e-01 -8.365431e-02 -3.244326e+00 -9.967478e-01 2.543764e-02 7.646507e-02 5.620333e+01
8.814603e-02 8.493966e-02 9.924794e-01 4.471372e+01 1.544655e-02 9.961213e-01 -8.662324e-02 -3.352539e+00 -9.959878e-01 2.296587e-02 8.649212e-02 5.634391e+01
1.017001e-01 9.855422e-02 9.899212e-01 4.630756e+01 1.204009e-02 9.948858e-01 -1.002854e-01 -3.461241e+00 -9.947423e-01 2.211777e-02 9.999338e-02 5.650810e+01
1.158008e-01 9.873063e-02 9.883533e-01 4.791411e+01 4.086353e-03 9.949918e-01 -9.987257e-02 -3.592468e+00 -9.932641e-01 1.560408e-02 1.148174e-01 5.670663e+01
1.306562e-01 9.388208e-02 9.869726e-01 4.954068e+01 3.680756e-03 9.954536e-01 -9.517607e-02 -3.727642e+00 -9.914209e-01 1.606814e-02 1.297166e-01 5.692162e+01
1.452465e-01 8.101518e-02 9.860729e-01 5.116788e+01 -7.262737e-04 9.966503e-01 -8.177725e-02 -3.850124e+00 -9.893953e-01 1.116169e-02 1.448188e-01 5.716787e+01
1.599738e-01 8.035847e-02 9.838449e-01 5.277379e+01 -1.057041e-03 9.966942e-01 -8.123612e-02 -3.968025e+00 -9.871207e-01 1.195568e-02 1.595299e-01 5.742490e+01
1.708588e-01 9.069896e-02 9.811120e-01 5.434318e+01 -1.860034e-03 9.957820e-01 -9.173122e-02 -4.082523e+00 -9.852938e-01 1.384818e-02 1.703068e-01 5.769851e+01
1.809517e-01 9.250328e-02 9.791320e-01 5.587053e+01 -5.855985e-03 9.956505e-01 -9.298165e-02 -4.204409e+00 -9.834746e-01 1.109141e-02 1.807064e-01 5.797950e+01
1.908189e-01 8.315480e-02 9.780968e-01 5.738911e+01 -1.183557e-03 9.964242e-01 -8.448206e-02 -4.318314e+00 -9.816246e-01 1.496313e-02 1.902350e-01 5.826251e+01
1.969010e-01 7.301812e-02 9.777005e-01 5.887601e+01 -6.793476e-03 9.973004e-01 -7.311378e-02 -4.420802e+00 -9.803999e-01 7.754189e-03 1.968655e-01 5.856727e+01
2.021928e-01 7.573447e-02 9.764129e-01 6.031245e+01 -1.049868e-02 9.971157e-01 -7.516624e-02 -4.516372e+00 -9.792895e-01 4.947024e-03 2.024047e-01 5.886609e+01
2.054345e-01 8.430510e-02 9.750329e-01 6.170436e+01 -1.627995e-02 9.964393e-01 -8.272590e-02 -4.614787e+00 -9.785355e-01 1.121269e-03 2.060755e-01 5.917238e+01
2.090407e-01 9.129393e-02 9.736361e-01 6.305593e+01 -1.639693e-02 9.958199e-01 -8.985360e-02 -4.706379e+00 -9.777695e-01 2.818410e-03 2.096638e-01 5.946843e+01
2.108260e-01 8.823281e-02 9.735334e-01 6.438160e+01 -1.866586e-02 9.960998e-01 -8.623582e-02 -4.814707e+00 -9.773454e-01 8.912483e-06 2.116507e-01 5.976019e+01
2.110651e-01 8.443186e-02 9.738186e-01 6.567175e+01 -1.792305e-02 9.964292e-01 -8.250762e-02 -4.913385e+00 -9.773077e-01 -3.931829e-05 2.118247e-01 6.003522e+01
2.077765e-01 8.441024e-02 9.745274e-01 6.692208e+01 -1.912970e-02 9.964298e-01 -8.222878e-02 -5.018319e+00 -9.779893e-01 -1.557212e-03 2.086494e-01 6.029836e+01
2.031289e-01 9.132170e-02 9.748840e-01 6.812018e+01 -1.842777e-02 9.958213e-01 -8.944337e-02 -5.130339e+00 -9.789786e-01 2.035992e-04 2.039630e-01 6.055436e+01
1.991932e-01 9.078018e-02 9.757463e-01 6.930307e+01 -1.683966e-02 9.958700e-01 -8.921471e-02 -5.231855e+00 -9.798156e-01 1.339723e-03 1.998992e-01 6.080309e+01
1.945332e-01 8.356130e-02 9.773301e-01 7.044995e+01 -1.685792e-02 9.965024e-01 -8.184504e-02 -5.342758e+00 -9.807511e-01 -5.541834e-04 1.952615e-01 6.103300e+01
1.909839e-01 8.458246e-02 9.779421e-01 7.154538e+01 -9.556653e-03 9.963935e-01 -8.431200e-02 -5.440828e+00 -9.815467e-01 6.756381e-03 1.911035e-01 6.124382e+01
1.869668e-01 8.883578e-02 9.783412e-01 7.262287e+01 -6.447483e-03 9.959922e-01 -8.920640e-02 -5.532216e+00 -9.823451e-01 1.037080e-02 1.867903e-01 6.145078e+01
1.845375e-01 8.926813e-02 9.787630e-01 7.370114e+01 -4.887309e-03 9.959375e-01 -8.991310e-02 -5.630170e+00 -9.828134e-01 1.180882e-02 1.842241e-01 6.165701e+01
1.879927e-01 8.647239e-02 9.783563e-01 7.478759e+01 6.455634e-03 9.959864e-01 -8.927110e-02 -5.720800e+00 -9.821493e-01 2.309822e-02 1.866799e-01 6.184178e+01
1.934204e-01 8.506894e-02 9.774209e-01 7.588674e+01 5.714224e-03 9.961193e-01 -8.782713e-02 -5.817062e+00 -9.810994e-01 2.257276e-02 1.921837e-01 6.205821e+01
2.058044e-01 8.467054e-02 9.749232e-01 7.699260e+01 6.227646e-03 9.961163e-01 -8.782578e-02 -5.912287e+00 -9.785734e-01 2.414640e-02 2.044778e-01 6.229135e+01
2.221289e-01 8.323105e-02 9.714583e-01 7.812868e+01 5.261109e-03 9.962330e-01 -8.655665e-02 -6.008758e+00 -9.750032e-01 2.433767e-02 2.208542e-01 6.255305e+01
2.409914e-01 8.249252e-02 9.670150e-01 7.928502e+01 -1.509138e-04 9.963842e-01 -8.496031e-02 -6.107865e+00 -9.705273e-01 2.032877e-02 2.401325e-01 6.284580e+01
2.600305e-01 8.867053e-02 9.615204e-01 8.045340e+01 -8.288988e-03 9.959430e-01 -8.960332e-02 -6.192815e+00 -9.655649e-01 1.532956e-02 2.597105e-01 6.317985e+01
2.810514e-01 9.255691e-02 9.552189e-01 8.165468e+01 -1.440018e-02 9.956330e-01 -9.223596e-02 -6.285674e+00 -9.595847e-01 1.216772e-02 2.811569e-01 6.354111e+01
2.908657e-01 9.326445e-02 9.522073e-01 8.226579e+01 -1.695222e-02 9.955836e-01 -9.233468e-02 -6.324963e+00 -9.566137e-01 1.071496e-02 2.911622e-01 6.374049e+01
3.114761e-01 9.499952e-02 9.454933e-01 8.353476e+01 -2.182553e-02 9.954428e-01 -9.282824e-02 -6.414738e+00 -9.500033e-01 8.277883e-03 3.121301e-01 6.416680e+01
3.221019e-01 8.973348e-02 9.424426e-01 8.419403e+01 -2.158695e-02 9.959350e-01 -8.744886e-02 -6.458457e+00 -9.464589e-01 7.822978e-03 3.227297e-01 6.439981e+01
3.329780e-01 8.181771e-02 9.393782e-01 8.486139e+01 -1.796666e-02 9.965980e-01 -8.043286e-02 -6.498607e+00 -9.427634e-01 9.904888e-03 3.333152e-01 6.463735e+01
3.540944e-01 7.458960e-02 9.322303e-01 8.622445e+01 -1.650619e-02 9.971574e-01 -7.351492e-02 -6.585584e+00 -9.350641e-01 1.064365e-02 3.543190e-01 6.515377e+01
3.724555e-01 6.671889e-02 9.256486e-01 8.763165e+01 -3.810859e-03 9.975139e-01 -7.036543e-02 -6.624344e+00 -9.280423e-01 2.268047e-02 3.717838e-01 6.570333e+01
3.868597e-01 5.286436e-02 9.206220e-01 8.907692e+01 1.153572e-02 9.979998e-01 -6.215508e-02 -6.684073e+00 -9.220665e-01 3.466532e-02 3.854760e-01 6.628897e+01
4.017997e-01 5.915111e-02 9.138151e-01 9.050245e+01 1.551673e-02 9.973284e-01 -7.137956e-02 -6.763694e+00 -9.155961e-01 4.285970e-02 3.998084e-01 6.690709e+01
4.144271e-01 6.513043e-02 9.077489e-01 9.192183e+01 1.705387e-02 9.967049e-01 -7.929882e-02 -6.870738e+00 -9.099228e-01 4.834421e-02 4.119508e-01 6.755932e+01
4.227454e-01 7.070038e-02 9.034864e-01 9.328887e+01 3.057782e-03 9.968352e-01 -7.943595e-02 -6.975179e+00 -9.062434e-01 3.634384e-02 4.211913e-01 6.824748e+01
4.311862e-01 7.836336e-02 8.988534e-01 9.463312e+01 -1.013917e-03 9.962626e-01 -8.636927e-02 -7.110019e+00 -9.022624e-01 3.632986e-02 4.296541e-01 6.892013e+01
4.385578e-01 7.953606e-02 8.951765e-01 9.592749e+01 -5.482144e-03 9.962942e-01 -8.583457e-02 -7.259679e+00 -8.986863e-01 3.273593e-02 4.373687e-01 6.958240e+01
4.462005e-01 7.354328e-02 8.919061e-01 9.720647e+01 -4.875929e-03 9.968026e-01 -7.975336e-02 -7.398532e+00 -8.949198e-01 3.123711e-02 4.451324e-01 7.023613e+01
4.531344e-01 7.464556e-02 8.883114e-01 9.843505e+01 -7.837986e-03 9.967830e-01 -7.976232e-02 -7.533159e+00 -8.914078e-01 2.918048e-02 4.522618e-01 7.088389e+01
4.580361e-01 7.309423e-02 8.859233e-01 9.962790e+01 -4.849071e-03 9.968042e-01 -7.973557e-02 -7.650212e+00 -8.889204e-01 3.222586e-02 4.569267e-01 7.150888e+01
4.635939e-01 7.154756e-02 8.831543e-01 1.013530e+02 -3.114287e-03 9.968598e-01 -7.912450e-02 -7.823540e+00 -8.860423e-01 3.393123e-02 4.623610e-01 7.243265e+01
4.693305e-01 7.307267e-02 8.799938e-01 1.024447e+02 -1.109730e-03 9.966180e-01 -8.216504e-02 -7.943074e+00 -8.830219e-01 3.758600e-02 4.678244e-01 7.303236e+01
4.756810e-01 7.068726e-02 8.767729e-01 1.035115e+02 4.050499e-03 9.965791e-01 -8.254384e-02 -8.053690e+00 -8.796086e-01 4.281590e-02 4.737675e-01 7.362090e+01
4.823176e-01 6.935246e-02 8.732467e-01 1.045505e+02 6.467138e-03 9.965520e-01 -8.271724e-02 -8.139292e+00 -8.759726e-01 4.554338e-02 4.802060e-01 7.419588e+01
4.891732e-01 6.814586e-02 8.695203e-01 1.055640e+02 8.817026e-03 9.965056e-01 -8.305820e-02 -8.223750e+00 -8.721421e-01 4.829642e-02 4.868630e-01 7.476626e+01
4.974064e-01 6.960041e-02 8.647211e-01 1.065650e+02 1.039377e-02 9.962267e-01 -8.616388e-02 -8.308372e+00 -8.674554e-01 5.184617e-02 4.948061e-01 7.534311e+01
5.075846e-01 7.889659e-02 8.579820e-01 1.075403e+02 4.700685e-03 9.955302e-01 -9.432592e-02 -8.418748e+00 -8.615891e-01 5.191148e-02 5.049449e-01 7.592569e+01
5.194125e-01 9.210111e-02 8.495457e-01 1.085079e+02 -5.748399e-03 9.945287e-01 -1.043045e-01 -8.530283e+00 -8.545043e-01 4.929352e-02 5.171001e-01 7.653231e+01
5.311767e-01 9.671565e-02 8.417228e-01 1.094846e+02 -1.339558e-02 9.942978e-01 -1.057934e-01 -8.642339e+00 -8.471552e-01 4.491963e-02 5.294434e-01 7.716092e+01
5.422377e-01 9.312728e-02 8.350482e-01 1.104964e+02 -2.597826e-02 9.952217e-01 -9.412141e-02 -8.763095e+00 -8.398235e-01 2.934307e-02 5.420659e-01 7.782451e+01
5.540927e-01 8.923672e-02 8.276582e-01 1.115367e+02 -3.493499e-02 9.958545e-01 -8.398345e-02 -8.867411e+00 -8.317217e-01 1.762038e-02 5.549131e-01 7.851965e+01
5.664510e-01 9.677166e-02 8.183938e-01 1.125829e+02 -4.325482e-02 9.952038e-01 -8.773993e-02 -8.963221e+00 -8.229595e-01 1.430088e-02 5.679200e-01 7.924678e+01
5.788717e-01 1.020245e-01 8.090108e-01 1.136686e+02 -4.805454e-02 9.946856e-01 -9.105551e-02 -9.057118e+00 -8.140015e-01 1.383281e-02 5.806981e-01 8.001888e+01
5.912435e-01 1.049190e-01 7.996393e-01 1.147933e+02 -5.726240e-02 9.944606e-01 -8.814198e-02 -9.158005e+00 -8.044577e-01 6.324097e-03 5.939762e-01 8.084871e+01
6.059710e-01 1.007245e-01 7.890841e-01 1.159476e+02 -5.766546e-02 9.949036e-01 -8.271315e-02 -9.273702e+00 -7.933939e-01 4.618868e-03 6.086910e-01 8.172926e+01
6.209422e-01 1.032880e-01 7.770214e-01 1.171091e+02 -6.351949e-02 9.946507e-01 -8.145667e-02 -9.366338e+00 -7.812785e-01 1.223868e-03 6.241813e-01 8.266397e+01
6.355250e-01 1.046068e-01 7.649610e-01 1.182986e+02 -6.565811e-02 9.945124e-01 -8.144912e-02 -9.457628e+00 -7.692835e-01 1.537052e-03 6.389057e-01 8.365236e+01
6.444287e-01 1.017978e-01 7.578580e-01 1.195230e+02 -6.480563e-02 9.948039e-01 -7.851900e-02 -9.549903e+00 -7.619133e-01 1.486427e-03 6.476773e-01 8.468521e+01
6.517854e-01 9.553642e-02 7.523619e-01 1.207812e+02 -5.554669e-02 9.953831e-01 -7.827461e-02 -9.635230e+00 -7.563665e-01 9.227034e-03 6.540829e-01 8.574376e+01
6.594618e-01 8.305565e-02 7.471357e-01 1.220849e+02 -4.218349e-02 9.964003e-01 -7.353186e-02 -9.728697e+00 -7.505536e-01 1.697466e-02 6.605915e-01 8.685165e+01
6.663679e-01 7.623736e-02 7.417153e-01 1.233777e+02 -3.632067e-02 9.968970e-01 -6.983526e-02 -9.820354e+00 -7.447380e-01 1.959638e-02 6.670692e-01 8.797821e+01
6.726330e-01 8.244028e-02 7.353695e-01 1.246768e+02 -4.296094e-02 9.964489e-01 -7.241340e-02 -9.916275e+00 -7.387281e-01 1.711548e-02 6.737862e-01 8.916047e+01
6.781317e-01 8.261678e-02 7.302820e-01 1.259636e+02 -4.941746e-02 9.965384e-01 -6.684989e-02 -1.001373e+01 -7.332771e-01 9.244349e-03 6.798670e-01 9.035993e+01
6.851176e-01 7.449807e-02 7.246129e-01 1.272756e+02 -5.171768e-02 9.972208e-01 -5.362636e-02 -1.010087e+01 -7.265943e-01 -7.349427e-04 6.870664e-01 9.159686e+01
6.945548e-01 6.746366e-02 7.162696e-01 1.285815e+02 -4.338405e-02 9.977092e-01 -5.190300e-02 -1.018420e+01 -7.181305e-01 4.974799e-03 6.958906e-01 9.284078e+01
7.055871e-01 6.626764e-02 7.055178e-01 1.298788e+02 -2.683090e-02 9.974021e-01 -6.685014e-02 -1.028691e+01 -7.081151e-01 2.823891e-02 7.055321e-01 9.410638e+01
7.170970e-01 6.227613e-02 6.941855e-01 1.311491e+02 -2.167839e-02 9.975111e-01 -6.709393e-02 -1.039963e+01 -6.966362e-01 3.306402e-02 7.166622e-01 9.540323e+01
7.284913e-01 5.352637e-02 6.829607e-01 1.324272e+02 -1.289581e-02 9.978376e-01 -6.444902e-02 -1.050523e+01 -6.849337e-01 3.814321e-02 7.276063e-01 9.674200e+01
7.367498e-01 5.740409e-02 6.737244e-01 1.336847e+02 -1.154373e-02 9.973123e-01 -7.235151e-02 -1.060432e+01 -6.760670e-01 4.552765e-02 7.354323e-01 9.810439e+01
7.423894e-01 4.822207e-02 6.682309e-01 1.349539e+02 -5.940312e-03 9.978408e-01 -6.540843e-02 -1.071551e+01 -6.699423e-01 4.458902e-02 7.410729e-01 9.948856e+01
7.444086e-01 3.981831e-02 6.665360e-01 1.362215e+02 6.075426e-04 9.981795e-01 -6.030895e-02 -1.081998e+01 -6.677241e-01 4.529944e-02 7.430292e-01 1.008793e+02
7.439725e-01 4.142014e-02 6.669253e-01 1.381207e+02 -2.359997e-03 9.982335e-01 -5.936379e-02 -1.096869e+01 -6.682062e-01 4.259108e-02 7.427560e-01 1.029852e+02
7.406677e-01 4.907649e-02 6.700767e-01 1.393904e+02 -9.656987e-03 9.980032e-01 -6.241955e-02 -1.106529e+01 -6.718021e-01 3.976121e-02 7.396627e-01 1.043827e+02
7.361989e-01 5.306085e-02 6.746819e-01 1.406686e+02 -1.596371e-02 9.980058e-01 -6.106964e-02 -1.116410e+01 -6.765770e-01 3.418896e-02 7.355777e-01 1.057715e+02
7.338585e-01 5.302817e-02 6.772294e-01 1.413096e+02 -1.676349e-02 9.980585e-01 -5.998439e-02 -1.121534e+01 -6.790956e-01 3.266732e-02 7.333226e-01 1.064570e+02
7.287605e-01 4.794310e-02 6.830882e-01 1.425933e+02 -1.422739e-02 9.983907e-01 -5.489421e-02 -1.130940e+01 -6.846209e-01 3.028616e-02 7.282698e-01 1.078056e+02
7.258265e-01 5.210861e-02 6.859013e-01 1.432295e+02 -1.519369e-02 9.980978e-01 -5.974841e-02 -1.135965e+01 -6.877101e-01 3.294560e-02 7.252375e-01 1.084648e+02
7.189310e-01 6.814252e-02 6.917331e-01 1.444994e+02 -2.214004e-02 9.969229e-01 -7.519618e-02 -1.146260e+01 -6.947288e-01 3.874586e-02 7.182274e-01 1.097839e+02
7.115688e-01 6.459830e-02 6.996405e-01 1.457899e+02 -2.769090e-02 9.975692e-01 -6.394329e-02 -1.157854e+01 -7.020706e-01 2.612637e-02 7.116279e-01 1.110957e+02
7.047570e-01 6.385359e-02 7.065694e-01 1.470826e+02 -2.882029e-02 9.976960e-01 -6.141674e-02 -1.168264e+01 -7.088632e-01 2.292033e-02 7.049734e-01 1.123782e+02
6.988853e-01 6.118800e-02 7.126116e-01 1.483963e+02 -2.290297e-02 9.977374e-01 -6.320838e-02 -1.178416e+01 -7.148670e-01 2.785448e-02 6.987054e-01 1.136394e+02
6.916046e-01 6.120012e-02 7.196788e-01 1.497073e+02 -1.661558e-02 9.974881e-01 -6.885709e-02 -1.188352e+01 -7.220853e-01 3.566398e-02 6.908842e-01 1.148427e+02
6.834020e-01 6.347575e-02 7.272775e-01 1.510476e+02 -1.859951e-02 9.974033e-01 -6.957454e-02 -1.197578e+01 -7.298054e-01 3.402036e-02 6.828080e-01 1.160372e+02
6.725802e-01 6.631303e-02 7.370471e-01 1.524041e+02 -2.058202e-02 9.972679e-01 -7.094364e-02 -1.207204e+01 -7.397380e-01 3.254536e-02 6.721075e-01 1.172224e+02
6.661776e-01 7.294586e-02 7.422171e-01 1.530860e+02 -2.514374e-02 9.968361e-01 -7.540231e-02 -1.212501e+01 -7.453692e-01 3.156921e-02 6.659040e-01 1.178158e+02
6.534586e-01 8.079660e-02 7.526378e-01 1.544786e+02 -2.689334e-02 9.961374e-01 -8.358715e-02 -1.223831e+01 -7.564844e-01 3.437979e-02 6.531075e-01 1.189893e+02
6.397512e-01 7.181624e-02 7.652194e-01 1.559127e+02 -3.418701e-02 9.972984e-01 -6.501541e-02 -1.236503e+01 -7.678214e-01 1.543313e-02 6.404781e-01 1.201520e+02
6.251650e-01 6.886405e-02 7.774487e-01 1.573838e+02 -3.787701e-02 9.976031e-01 -5.790688e-02 -1.247643e+01 -7.795731e-01 6.753918e-03 6.262749e-01 1.212983e+02
6.108586e-01 7.059566e-02 7.885860e-01 1.589058e+02 -3.062857e-02 9.973783e-01 -6.556148e-02 -1.258374e+01 -7.911471e-01 1.589552e-02 6.114194e-01 1.224322e+02
5.963776e-01 7.929639e-02 7.987777e-01 1.604008e+02 -2.527590e-02 9.964702e-01 -8.005047e-02 -1.270216e+01 -8.023060e-01 2.755048e-02 5.962768e-01 1.235094e+02
5.822744e-01 6.889034e-02 8.100682e-01 1.619638e+02 -1.852015e-02 9.972687e-01 -7.149816e-02 -1.285193e+01 -8.127814e-01 2.662895e-02 5.819599e-01 1.245828e+02
5.757273e-01 6.846542e-02 8.147702e-01 1.627291e+02 -1.710626e-02 9.972784e-01 -7.171416e-02 -1.291940e+01 -8.174629e-01 2.735012e-02 5.753316e-01 1.250909e+02
5.624434e-01 6.760840e-02 8.240670e-01 1.642698e+02 -1.422680e-02 9.972951e-01 -7.211036e-02 -1.305527e+01 -8.267134e-01 2.883416e-02 5.618839e-01 1.261138e+02
5.573815e-01 6.199015e-02 8.279390e-01 1.650417e+02 -9.673814e-03 9.976259e-01 -6.818255e-02 -1.312226e+01 -8.302002e-01 2.999436e-02 5.566579e-01 1.266042e+02
5.479447e-01 5.798755e-02 8.345022e-01 1.665531e+02 -1.051015e-02 9.979929e-01 -6.244704e-02 -1.323954e+01 -8.364486e-01 2.544678e-02 5.474544e-01 1.275770e+02
5.395125e-01 6.452462e-02 8.395015e-01 1.680469e+02 -1.026839e-02 9.974892e-01 -7.006861e-02 -1.336429e+01 -8.419150e-01 2.918255e-02 5.388205e-01 1.285271e+02
5.330025e-01 7.208680e-02 8.430372e-01 1.694764e+02 -1.306140e-02 9.969463e-01 -7.698940e-02 -1.348459e+01 -8.460129e-01 3.002430e-02 5.323164e-01 1.294289e+02
5.280669e-01 5.862653e-02 8.471766e-01 1.709121e+02 -9.759284e-03 9.979671e-01 -6.297838e-02 -1.361181e+01 -8.491468e-01 2.498895e-02 5.275655e-01 1.303215e+02
5.230206e-01 5.247386e-02 8.507032e-01 1.723205e+02 4.771035e-04 9.980848e-01 -6.185813e-02 -1.372813e+01 -8.523200e-01 3.275894e-02 5.219938e-01 1.311750e+02
5.186716e-01 6.233329e-02 8.526982e-01 1.736861e+02 -2.165016e-04 9.973482e-01 -7.277570e-02 -1.384508e+01 -8.549736e-01 3.756207e-02 5.173097e-01 1.320073e+02
5.142678e-01 7.224068e-02 8.545816e-01 1.750350e+02 1.884135e-03 9.963484e-01 -8.535855e-02 -1.396378e+01 -8.576276e-01 4.550729e-02 5.122538e-01 1.328270e+02
5.116812e-01 6.617294e-02 8.566232e-01 1.756897e+02 8.975473e-04 9.969878e-01 -7.755205e-02 -1.401825e+01 -8.591749e-01 4.045078e-02 5.100806e-01 1.332184e+02
5.045411e-01 5.525444e-02 8.616177e-01 1.770072e+02 -1.538348e-02 9.983669e-01 -5.501584e-02 -1.413400e+01 -8.632506e-01 1.450307e-02 5.045671e-01 1.340303e+02
5.023265e-01 5.713914e-02 8.627880e-01 1.776520e+02 -1.616384e-02 9.982603e-01 -5.670016e-02 -1.418089e+01 -8.645270e-01 1.453602e-02 5.023762e-01 1.344121e+02
4.975661e-01 6.193002e-02 8.652124e-01 1.789314e+02 -1.167629e-02 9.978358e-01 -6.470813e-02 -1.426465e+01 -8.673475e-01 2.209409e-02 4.972124e-01 1.351404e+02
4.949234e-01 6.121024e-02 8.667780e-01 1.795573e+02 -1.208720e-02 9.979042e-01 -6.356844e-02 -1.431261e+01 -8.688526e-01 2.098458e-02 4.946260e-01 1.355048e+02
4.896008e-01 5.986967e-02 8.698888e-01 1.807795e+02 -1.280694e-02 9.980260e-01 -6.148051e-02 -1.441258e+01 -8.718527e-01 1.896030e-02 4.894011e-01 1.362166e+02
4.866699e-01 6.023619e-02 8.715067e-01 1.813913e+02 -1.112561e-02 9.979663e-01 -6.276395e-02 -1.445852e+01 -8.735151e-01 2.084928e-02 4.863503e-01 1.365576e+02
4.784604e-01 6.412302e-02 8.757647e-01 1.825812e+02 -1.039562e-02 9.976738e-01 -6.736967e-02 -1.454745e+01 -8.780476e-01 2.312960e-02 4.780140e-01 1.372138e+02
4.736855e-01 6.600436e-02 8.782171e-01 1.831665e+02 -1.039294e-02 9.975370e-01 -6.936647e-02 -1.459096e+01 -8.806328e-01 2.373063e-02 4.732048e-01 1.375326e+02
4.626633e-01 7.179588e-02 8.836221e-01 1.843283e+02 -9.424215e-03 9.970572e-01 -7.607820e-02 -1.467151e+01 -8.864840e-01 2.687114e-02 4.619784e-01 1.381496e+02
4.496326e-01 7.711009e-02 8.898789e-01 1.855029e+02 -9.350031e-03 9.966184e-01 -8.163501e-02 -1.475510e+01 -8.931647e-01 2.838536e-02 4.488331e-01 1.387526e+02
4.359586e-01 8.053965e-02 8.963556e-01 1.867023e+02 -1.739722e-02 9.965556e-01 -8.108142e-02 -1.484501e+01 -8.997986e-01 1.975405e-02 4.358582e-01 1.393564e+02
4.225271e-01 8.476602e-02 9.023777e-01 1.879390e+02 -1.879476e-02 9.962223e-01 -8.478104e-02 -1.494259e+01 -9.061555e-01 1.886231e-02 4.225240e-01 1.399420e+02
4.070557e-01 9.379638e-02 9.085746e-01 1.891978e+02 -2.398002e-02 9.954680e-01 -9.202339e-02 -1.503908e+01 -9.130885e-01 1.567100e-02 4.074601e-01 1.405266e+02
3.922288e-01 9.906575e-02 9.145176e-01 1.904965e+02 -2.595899e-02 9.949799e-01 -9.664833e-02 -1.514579e+01 -9.195014e-01 1.416831e-02 3.928315e-01 1.410981e+02
3.777429e-01 1.015973e-01 9.203196e-01 1.918455e+02 -2.382205e-02 9.946991e-01 -1.000306e-01 -1.526383e+01 -9.256041e-01 1.586195e-02 3.781608e-01 1.416544e+02
3.633030e-01 9.808784e-02 9.264932e-01 1.932450e+02 -2.057046e-02 9.950445e-01 -9.727916e-02 -1.538822e+01 -9.314440e-01 1.628341e-02 3.635203e-01 1.422045e+02
3.492649e-01 9.144873e-02 9.325508e-01 1.946963e+02 -2.109748e-02 9.957413e-01 -8.974384e-02 -1.551367e+01 -9.367865e-01 1.166989e-02 3.497068e-01 1.427543e+02
3.382361e-01 8.240972e-02 9.374459e-01 1.962138e+02 -1.692004e-02 9.965297e-01 -8.149887e-02 -1.562684e+01 -9.409092e-01 1.170424e-02 3.384567e-01 1.432937e+02
3.280429e-01 7.676251e-02 9.415387e-01 1.977721e+02 -1.147022e-02 9.969431e-01 -7.728322e-02 -1.574033e+01 -9.445932e-01 1.455255e-02 3.279206e-01 1.438336e+02
3.230512e-01 8.427881e-02 9.426213e-01 1.985592e+02 -9.109144e-03 9.962575e-01 -8.595254e-02 -1.579846e+01 -9.463377e-01 1.918059e-02 3.226099e-01 1.440967e+02
3.148095e-01 1.023328e-01 9.436222e-01 2.001451e+02 2.326605e-03 9.940847e-01 -1.085816e-01 -1.592437e+01 -9.491521e-01 3.637793e-02 3.127092e-01 1.446074e+02
3.062511e-01 8.904936e-02 9.477765e-01 2.018244e+02 1.522725e-02 9.950294e-01 -9.840939e-02 -1.608857e+01 -9.518290e-01 4.457001e-02 3.033729e-01 1.451297e+02
2.966921e-01 9.037361e-02 9.506873e-01 2.035316e+02 1.415046e-02 9.949866e-01 -9.900089e-02 -1.626124e+01 -9.548684e-01 4.282544e-02 2.939259e-01 1.456544e+02
2.868469e-01 1.037087e-01 9.523462e-01 2.052495e+02 6.313512e-03 9.938965e-01 -1.101351e-01 -1.642655e+01 -9.579557e-01 3.760455e-02 2.844414e-01 1.461719e+02
2.756989e-01 9.513302e-02 9.565248e-01 2.069819e+02 5.180705e-04 9.950756e-01 -9.911651e-02 -1.660980e+01 -9.612439e-01 2.782186e-02 2.742920e-01 1.466776e+02
2.651747e-01 1.011309e-01 9.588820e-01 2.087471e+02 -1.566681e-03 9.945281e-01 -1.044571e-01 -1.678439e+01 -9.641991e-01 2.619712e-02 2.638821e-01 1.471708e+02
2.566684e-01 1.005347e-01 9.612565e-01 2.105492e+02 5.486179e-03 9.944076e-01 -1.054667e-01 -1.696319e+01 -9.664840e-01 3.234359e-02 2.546814e-01 1.476436e+02
2.493833e-01 9.838460e-02 9.633942e-01 2.123811e+02 9.511728e-03 9.945290e-01 -1.040264e-01 -1.714388e+01 -9.683582e-01 3.510598e-02 2.470831e-01 1.481148e+02
2.437899e-01 9.602031e-02 9.650629e-01 2.142272e+02 8.511665e-03 9.948364e-01 -1.011329e-01 -1.732239e+01 -9.697908e-01 3.286945e-02 2.417138e-01 1.485829e+02
2.384371e-01 9.451012e-02 9.665482e-01 2.160841e+02 4.124666e-03 9.951458e-01 -9.832395e-02 -1.750032e+01 -9.711492e-01 2.743076e-02 2.368899e-01 1.490489e+02
2.348880e-01 9.796276e-02 9.670733e-01 2.179343e+02 2.215985e-03 9.948519e-01 -1.013149e-01 -1.767768e+01 -9.720199e-01 2.594068e-02 2.334617e-01 1.495044e+02
2.315539e-01 9.596294e-02 9.680773e-01 2.197937e+02 2.582563e-03 9.950586e-01 -9.925526e-02 -1.785886e+01 -9.728187e-01 2.548306e-02 2.301619e-01 1.499499e+02
2.288692e-01 8.945903e-02 9.693378e-01 2.216448e+02 5.952827e-03 9.956211e-01 -9.329021e-02 -1.803413e+01 -9.734390e-01 2.712155e-02 2.273345e-01 1.503821e+02
2.252583e-01 9.769402e-02 9.693887e-01 2.235075e+02 4.753492e-03 9.948380e-01 -1.013634e-01 -1.820847e+01 -9.742875e-01 2.744092e-02 2.236312e-01 1.508144e+02
2.206324e-01 1.024896e-01 9.699572e-01 2.253277e+02 3.208701e-03 9.943821e-01 -1.058003e-01 -1.838635e+01 -9.753518e-01 2.645528e-02 2.190641e-01 1.512317e+02
2.146834e-01 9.265815e-02 9.722784e-01 2.271676e+02 2.290800e-03 9.954391e-01 -9.537119e-02 -1.856752e+01 -9.766811e-01 2.270190e-02 2.134919e-01 1.516432e+02
2.070110e-01 8.963300e-02 9.742239e-01 2.290056e+02 1.722539e-03 9.957593e-01 -9.198038e-02 -1.873661e+01 -9.783371e-01 2.071908e-02 2.059787e-01 1.520382e+02
1.989953e-01 9.142692e-02 9.757263e-01 2.308378e+02 1.895294e-03 9.956009e-01 -9.367575e-02 -1.889376e+01 -9.799986e-01 2.049032e-02 1.979466e-01 1.524181e+02
1.906832e-01 8.970677e-02 9.775441e-01 2.326895e+02 2.738799e-03 9.957632e-01 -9.191294e-02 -1.904112e+01 -9.816478e-01 2.020354e-02 1.896296e-01 1.527858e+02
1.825907e-01 9.018021e-02 9.790444e-01 2.345305e+02 2.826323e-04 9.957797e-01 -9.177443e-02 -1.918701e+01 -9.831890e-01 1.703386e-02 1.817946e-01 1.531401e+02
1.743611e-01 9.053696e-02 9.805106e-01 2.363787e+02 -4.315816e-03 9.958247e-01 -9.118355e-02 -1.933366e+01 -9.846724e-01 1.166716e-02 1.740238e-01 1.534780e+02
1.667417e-01 9.616093e-02 9.813002e-01 2.381998e+02 -1.347371e-02 9.953622e-01 -9.524949e-02 -1.949555e+01 -9.859086e-01 2.660306e-03 1.672640e-01 1.538032e+02
1.598319e-01 1.034678e-01 9.817067e-01 2.400191e+02 -1.762164e-02 9.946322e-01 -1.019611e-01 -1.966444e+01 -9.869870e-01 -1.002646e-03 1.607972e-01 1.541100e+02
1.531232e-01 9.702814e-02 9.834321e-01 2.418500e+02 -1.863667e-02 9.952745e-01 -9.529479e-02 -1.983999e+01 -9.880314e-01 -3.736056e-03 1.542079e-01 1.543982e+02
1.468285e-01 9.306468e-02 9.847742e-01 2.436688e+02 -1.671571e-02 9.956554e-01 -9.160072e-02 -2.000434e+01 -9.890208e-01 -3.011608e-03 1.477462e-01 1.546684e+02
1.391890e-01 9.508455e-02 9.856902e-01 2.454743e+02 -1.670129e-02 9.954632e-01 -9.366894e-02 -2.016399e+01 -9.901250e-01 -3.424617e-03 1.401456e-01 1.549236e+02
1.295849e-01 9.341149e-02 9.871585e-01 2.472733e+02 -7.631354e-03 9.956171e-01 -9.321015e-02 -2.032350e+01 -9.915390e-01 4.545266e-03 1.297298e-01 1.551446e+02
1.253781e-01 8.789818e-02 9.882075e-01 2.481739e+02 -7.045965e-03 9.961212e-01 -8.770814e-02 -2.040379e+01 -9.920840e-01 4.033802e-03 1.255111e-01 1.552524e+02
1.158805e-01 1.016851e-01 9.880444e-01 2.499549e+02 -3.982113e-03 9.947854e-01 -1.019118e-01 -2.055749e+01 -9.932552e-01 7.875084e-03 1.156811e-01 1.554527e+02
1.104988e-01 1.151812e-01 9.871794e-01 2.508345e+02 -2.010936e-03 9.932857e-01 -1.156686e-01 -2.063460e+01 -9.938743e-01 1.079609e-02 1.099885e-01 1.555425e+02
9.917196e-02 1.118108e-01 9.887685e-01 2.526209e+02 -8.700271e-03 9.937264e-01 -1.114988e-01 -2.080615e+01 -9.950323e-01 2.454999e-03 9.952258e-02 1.557215e+02
9.406476e-02 1.050531e-01 9.900078e-01 2.535136e+02 -1.083401e-02 9.944661e-01 -1.044968e-01 -2.089449e+01 -9.955072e-01 -8.962934e-04 9.468236e-02 1.558057e+02
8.239821e-02 1.009633e-01 9.914720e-01 2.552821e+02 -1.617835e-02 9.948595e-01 -9.996378e-02 -2.106516e+01 -9.964682e-01 -7.803544e-03 8.360806e-02 1.559558e+02
6.045093e-02 9.080372e-02 9.940323e-01 2.579199e+02 -2.544022e-02 9.956702e-01 -8.940624e-02 -2.130232e+01 -9.978470e-01 -1.988371e-02 6.249926e-02 1.561451e+02
4.757742e-02 9.690533e-02 9.941557e-01 2.596601e+02 -1.894279e-02 9.951914e-01 -9.609975e-02 -2.144205e+01 -9.986880e-01 -1.425990e-02 4.918430e-02 1.562240e+02
2.220778e-02 9.332828e-02 9.953876e-01 2.631403e+02 -1.454025e-02 9.955580e-01 -9.301987e-02 -2.172636e+01 -9.996477e-01 -1.240742e-02 2.346615e-02 1.563324e+02
6.660461e-03 9.944125e-02 9.950211e-01 2.665945e+02 -4.772361e-03 9.950350e-01 -9.941072e-02 -2.201710e+01 -9.999665e-01 -4.086480e-03 7.101961e-03 1.563599e+02
4.131730e-04 9.896354e-02 9.950909e-01 2.717439e+02 8.805307e-03 9.950520e-01 -9.896335e-02 -2.246937e+01 -9.999612e-01 8.802966e-03 -4.602761e-04 1.563340e+02
7.215725e-03 9.861120e-02 9.950998e-01 2.750562e+02 1.484922e-02 9.950054e-01 -9.870955e-02 -2.279801e+01 -9.998637e-01 1.548871e-02 5.715386e-03 1.563301e+02
1.989448e-02 8.828070e-02 9.958969e-01 2.782238e+02 1.298542e-02 9.959872e-01 -8.854813e-02 -2.310166e+01 -9.997178e-01 1.469376e-02 1.866829e-02 1.563778e+02
3.148095e-02 9.015983e-02 9.954295e-01 2.804806e+02 5.682488e-03 9.958909e-01 -9.038135e-02 -2.330168e+01 -9.994882e-01 8.501804e-03 3.083926e-02 1.564550e+02
4.598351e-02 8.363717e-02 9.954347e-01 2.833383e+02 1.450858e-03 9.964821e-01 -8.379222e-02 -2.355164e+01 -9.989412e-01 5.297292e-03 4.570040e-02 1.565937e+02
5.619304e-02 8.942614e-02 9.944069e-01 2.853276e+02 -6.545837e-04 9.959837e-01 -8.953096e-02 -2.372680e+01 -9.984197e-01 4.380092e-03 5.602589e-02 1.567166e+02
6.586665e-02 9.151821e-02 9.936226e-01 2.872092e+02 -7.837117e-03 9.958017e-01 -9.119942e-02 -2.389017e+01 -9.977977e-01 -1.780139e-03 6.630736e-02 1.568523e+02
7.240766e-02 9.171733e-02 9.931490e-01 2.884106e+02 -9.505547e-03 9.957810e-01 -9.126739e-02 -2.399582e+01 -9.973299e-01 -2.831968e-03 7.297399e-02 1.569431e+02
7.748816e-02 9.419449e-02 9.925335e-01 2.895493e+02 -1.441353e-02 9.955286e-01 -9.335347e-02 -2.410169e+01 -9.968891e-01 -7.072121e-03 7.849936e-02 1.570416e+02
8.663261e-02 9.365735e-02 9.918281e-01 2.911990e+02 -1.710046e-02 9.955642e-01 -9.251650e-02 -2.424004e+01 -9.960936e-01 -8.945774e-03 8.784991e-02 1.571804e+02
8.964866e-02 9.529768e-02 9.914037e-01 2.917281e+02 -1.806414e-02 9.954036e-01 -9.404872e-02 -2.428194e+01 -9.958097e-01 -9.477513e-03 9.095807e-02 1.572288e+02
9.465993e-02 9.701353e-02 9.907713e-01 2.927596e+02 -1.786123e-02 9.952455e-01 -9.574516e-02 -2.436116e+01 -9.953495e-01 -8.633167e-03 9.594266e-02 1.573242e+02
9.834348e-02 9.989360e-02 9.901261e-01 2.937527e+02 -1.992185e-02 9.949473e-01 -9.840131e-02 -2.444767e+01 -9.949531e-01 -1.004802e-02 9.983664e-02 1.574213e+02
1.007501e-01 1.026575e-01 9.896013e-01 2.947246e+02 -2.120281e-02 9.946580e-01 -1.010234e-01 -2.453746e+01 -9.946858e-01 -1.080421e-02 1.023885e-01 1.575174e+02
1.002965e-01 1.036965e-01 9.895390e-01 2.957020e+02 -2.090760e-02 9.945540e-01 -1.021029e-01 -2.463307e+01 -9.947379e-01 -1.044832e-02 1.019183e-01 1.576170e+02
9.780866e-02 1.018172e-01 9.899831e-01 2.967013e+02 -2.305459e-02 9.947176e-01 -1.000264e-01 -2.472333e+01 -9.949382e-01 -1.304020e-02 9.963935e-02 1.577197e+02
9.405200e-02 1.058972e-01 9.899191e-01 2.977199e+02 -1.840470e-02 9.943417e-01 -1.046217e-01 -2.482169e+01 -9.953972e-01 -8.379288e-03 9.546883e-02 1.578091e+02
9.036216e-02 1.143786e-01 9.893190e-01 2.987679e+02 -1.039326e-02 9.934372e-01 -1.139055e-01 -2.492374e+01 -9.958548e-01 1.048919e-05 9.095790e-02 1.578894e+02
8.575183e-02 1.181163e-01 9.892901e-01 2.998664e+02 -1.111031e-02 9.929993e-01 -1.175962e-01 -2.502054e+01 -9.962546e-01 -9.072382e-04 8.646381e-02 1.579801e+02
8.343147e-02 1.088990e-01 9.905453e-01 3.010133e+02 2.473078e-03 9.939852e-01 -1.094855e-01 -2.515046e+01 -9.965105e-01 1.158423e-02 8.266033e-02 1.580468e+02
7.827110e-02 1.124281e-01 9.905723e-01 3.021893e+02 -6.016215e-04 9.936257e-01 -1.127271e-01 -2.527483e+01 -9.969320e-01 8.227323e-03 7.783981e-02 1.581416e+02
7.521955e-02 1.120311e-01 9.908536e-01 3.034095e+02 1.847027e-03 9.936513e-01 -1.124876e-01 -2.540269e+01 -9.971653e-01 1.029140e-02 7.453508e-02 1.582314e+02
7.250130e-02 1.104748e-01 9.912309e-01 3.046811e+02 7.489698e-03 9.937581e-01 -1.113043e-01 -2.553204e+01 -9.973402e-01 1.549372e-02 7.122133e-02 1.583096e+02
6.772387e-02 1.131934e-01 9.912621e-01 3.059952e+02 1.301164e-03 9.935323e-01 -1.135416e-01 -2.566221e+01 -9.977033e-01 8.979264e-03 6.713857e-02 1.584057e+02
6.452438e-02 1.190950e-01 9.907839e-01 3.073491e+02 2.360926e-03 9.928319e-01 -1.194949e-01 -2.579503e+01 -9.979134e-01 1.004950e-02 6.378068e-02 1.584838e+02
6.062733e-02 1.170197e-01 9.912772e-01 3.087476e+02 -4.908244e-03 9.931270e-01 -1.169379e-01 -2.594126e+01 -9.981484e-01 2.224202e-03 6.078500e-02 1.585802e+02
5.713243e-02 1.229182e-01 9.907708e-01 3.101745e+02 -2.094116e-03 9.924044e-01 -1.230001e-01 -2.609606e+01 -9.983644e-01 4.952504e-03 5.695588e-02 1.586611e+02
5.430244e-02 1.332636e-01 9.895918e-01 3.116329e+02 -4.975636e-04 9.910575e-01 -1.334337e-01 -2.625448e+01 -9.985244e-01 6.753389e-03 5.388315e-02 1.587386e+02
5.332015e-02 1.240819e-01 9.908383e-01 3.131397e+02 8.682950e-03 9.921547e-01 -1.247140e-01 -2.643175e+01 -9.985398e-01 1.525316e-02 5.182444e-02 1.588018e+02
5.113628e-02 1.227066e-01 9.911246e-01 3.146762e+02 1.394691e-02 9.922385e-01 -1.235641e-01 -2.660789e+01 -9.985943e-01 2.014173e-02 4.902800e-02 1.588676e+02
4.997089e-02 1.255290e-01 9.908306e-01 3.162406e+02 1.586639e-02 9.918450e-01 -1.264577e-01 -2.678025e+01 -9.986247e-01 2.204011e-02 4.757169e-02 1.589387e+02
5.096456e-02 1.227630e-01 9.911265e-01 3.178436e+02 1.686391e-02 9.921689e-01 -1.237593e-01 -2.696318e+01 -9.985581e-01 2.302160e-02 4.849518e-02 1.590134e+02
5.328914e-02 1.204013e-01 9.912939e-01 3.194779e+02 1.732402e-02 9.924436e-01 -1.214722e-01 -2.714548e+01 -9.984289e-01 2.364634e-02 5.080063e-02 1.590967e+02
5.657803e-02 1.175706e-01 9.914514e-01 3.211391e+02 1.830567e-02 9.927530e-01 -1.187696e-01 -2.732655e+01 -9.982304e-01 2.486893e-02 5.401580e-02 1.591855e+02
6.060118e-02 1.157836e-01 9.914240e-01 3.228344e+02 2.023431e-02 9.929029e-01 -1.171931e-01 -2.750858e+01 -9.979570e-01 2.716282e-02 5.782829e-02 1.592816e+02
6.625425e-02 1.150114e-01 9.911521e-01 3.245567e+02 2.284912e-02 9.928994e-01 -1.167416e-01 -2.768936e+01 -9.975412e-01 3.038158e-02 6.315589e-02 1.593854e+02
7.209766e-02 1.129565e-01 9.909806e-01 3.263133e+02 2.588720e-02 9.930197e-01 -1.150723e-01 -2.787480e+01 -9.970616e-01 3.395015e-02 6.867027e-02 1.595010e+02
7.817080e-02 1.142752e-01 9.903688e-01 3.280932e+02 2.733506e-02 9.927895e-01 -1.167121e-01 -2.806283e+01 -9.965652e-01 3.619527e-02 7.448343e-02 1.596224e+02
8.374685e-02 1.164910e-01 9.896546e-01 3.298880e+02 2.376216e-02 9.926276e-01 -1.188518e-01 -2.825775e+01 -9.962037e-01 3.346978e-02 8.036135e-02 1.597631e+02
8.819552e-02 1.181846e-01 9.890671e-01 3.316970e+02 1.969879e-02 9.925353e-01 -1.203556e-01 -2.845992e+01 -9.959084e-01 3.009824e-02 8.520907e-02 1.599145e+02
9.163701e-02 1.140286e-01 9.892421e-01 3.335180e+02 1.945100e-02 9.930275e-01 -1.162667e-01 -2.866639e+01 -9.956025e-01 2.989608e-02 8.878009e-02 1.600736e+02
9.403856e-02 1.116727e-01 9.892855e-01 3.353462e+02 2.084473e-02 9.932503e-01 -1.141017e-01 -2.887348e+01 -9.953503e-01 3.135134e-02 9.107604e-02 1.602423e+02
9.558836e-02 1.128985e-01 9.889978e-01 3.371754e+02 2.178626e-02 9.930720e-01 -1.154693e-01 -2.907108e+01 -9.951825e-01 3.258408e-02 9.246648e-02 1.604126e+02
9.555729e-02 1.087423e-01 9.894664e-01 3.389981e+02 1.608639e-02 9.937166e-01 -1.107630e-01 -2.927516e+01 -9.952940e-01 2.650114e-02 9.320760e-02 1.605872e+02
9.584067e-02 1.117738e-01 9.891011e-01 3.408083e+02 1.424895e-02 9.934194e-01 -1.136425e-01 -2.947693e+01 -9.952947e-01 2.498522e-02 9.361733e-02 1.607513e+02
9.604387e-02 1.127033e-01 9.889759e-01 3.426161e+02 1.237417e-02 9.933571e-01 -1.144043e-01 -2.968020e+01 -9.953002e-01 2.322558e-02 9.401125e-02 1.609116e+02
9.651481e-02 1.128235e-01 9.889164e-01 3.444236e+02 1.238225e-02 9.933418e-01 -1.145368e-01 -2.987756e+01 -9.952546e-01 2.329951e-02 9.447518e-02 1.610668e+02
9.704748e-02 1.119951e-01 9.889584e-01 3.462235e+02 1.235480e-02 9.934366e-01 -1.137146e-01 -3.007709e+01 -9.952031e-01 2.325410e-02 9.502684e-02 1.612272e+02
9.833792e-02 1.159032e-01 9.883805e-01 3.480099e+02 1.569985e-02 9.928901e-01 -1.179941e-01 -3.027574e+01 -9.950293e-01 2.712072e-02 9.581908e-02 1.613912e+02
1.015405e-01 1.105410e-01 9.886709e-01 3.498059e+02 2.064777e-02 9.933592e-01 -1.131858e-01 -3.047413e+01 -9.946171e-01 3.190678e-02 9.858377e-02 1.615564e+02
1.076221e-01 1.166956e-01 9.873193e-01 3.515901e+02 2.888635e-02 9.923010e-01 -1.204332e-01 -3.066501e+01 -9.937722e-01 4.148131e-02 1.034226e-01 1.617177e+02
1.139344e-01 1.182988e-01 9.864199e-01 3.533785e+02 3.497157e-02 9.917924e-01 -1.229824e-01 -3.086050e+01 -9.928726e-01 4.850858e-02 1.088622e-01 1.618840e+02
1.204753e-01 1.198291e-01 9.854575e-01 3.551700e+02 3.678917e-02 9.914671e-01 -1.250575e-01 -3.105569e+01 -9.920344e-01 5.132049e-02 1.150389e-01 1.620527e+02
1.277618e-01 1.160830e-01 9.849881e-01 3.569660e+02 3.613260e-02 9.919228e-01 -1.215871e-01 -3.124424e+01 -9.911465e-01 5.112436e-02 1.225355e-01 1.622399e+02
1.365953e-01 1.115372e-01 9.843277e-01 3.587644e+02 3.175280e-02 9.926376e-01 -1.168852e-01 -3.143232e+01 -9.901179e-01 4.722112e-02 1.320481e-01 1.624482e+02
1.466974e-01 1.095166e-01 9.831001e-01 3.605743e+02 2.815798e-02 9.929871e-01 -1.148197e-01 -3.160985e+01 -9.887806e-01 4.452585e-02 1.425848e-01 1.626543e+02
1.599654e-01 1.106391e-01 9.809026e-01 3.623757e+02 2.478776e-02 9.929353e-01 -1.160387e-01 -3.179176e+01 -9.868114e-01 4.287654e-02 1.560928e-01 1.628963e+02
1.770761e-01 1.127470e-01 9.777178e-01 3.641687e+02 2.026468e-02 9.927883e-01 -1.181550e-01 -3.197736e+01 -9.839885e-01 4.073556e-02 1.735143e-01 1.631733e+02
1.956206e-01 1.130345e-01 9.741435e-01 3.659547e+02 1.678754e-02 9.928036e-01 -1.185709e-01 -3.216864e+01 -9.805360e-01 3.954838e-02 1.923152e-01 1.634848e+02
2.135395e-01 1.128075e-01 9.703995e-01 3.677270e+02 1.273175e-02 9.929051e-01 -1.182255e-01 -3.236548e+01 -9.768515e-01 3.760068e-02 2.105882e-01 1.638508e+02
2.285522e-01 1.122576e-01 9.670377e-01 3.694767e+02 9.226360e-03 9.930351e-01 -1.174561e-01 -3.256385e+01 -9.734880e-01 3.576708e-02 2.259246e-01 1.642602e+02
2.394172e-01 1.132440e-01 9.642899e-01 3.712200e+02 6.456768e-03 9.929670e-01 -1.182149e-01 -3.275253e+01 -9.708953e-01 3.452888e-02 2.370022e-01 1.646956e+02
2.485591e-01 1.130185e-01 9.620005e-01 3.729644e+02 4.561648e-03 9.930218e-01 -1.178416e-01 -3.294965e+01 -9.686060e-01 3.367890e-02 2.463090e-01 1.651387e+02
2.574499e-01 1.130131e-01 9.596601e-01 3.747198e+02 4.280739e-03 9.929939e-01 -1.180870e-01 -3.314733e+01 -9.662822e-01 3.450954e-02 2.551624e-01 1.655911e+02
2.661828e-01 1.111869e-01 9.574884e-01 3.764772e+02 3.666615e-03 9.932010e-01 -1.163533e-01 -3.334844e+01 -9.639156e-01 3.448199e-02 2.639654e-01 1.660669e+02
2.797899e-01 1.051832e-01 9.542819e-01 3.790956e+02 2.531317e-03 9.938960e-01 -1.102918e-01 -3.365147e+01 -9.600580e-01 3.327410e-02 2.778158e-01 1.668284e+02
2.929533e-01 1.074307e-01 9.500720e-01 3.816460e+02 -1.215826e-03 9.937085e-01 -1.119901e-01 -3.394947e+01 -9.561260e-01 3.165274e-02 2.912408e-01 1.676218e+02
3.045009e-01 1.068686e-01 9.464978e-01 3.841565e+02 -7.518452e-03 9.939247e-01 -1.098048e-01 -3.424855e+01 -9.524824e-01 2.631946e-02 3.034545e-01 1.684494e+02
3.080226e-01 1.058548e-01 9.454717e-01 3.858082e+02 -1.552208e-02 9.942176e-01 -1.062555e-01 -3.444909e+01 -9.512524e-01 1.805340e-02 3.078846e-01 1.690139e+02
3.095370e-01 1.160975e-01 9.437733e-01 3.874349e+02 -1.989768e-02 9.930920e-01 -1.156385e-01 -3.463900e+01 -9.506792e-01 1.701548e-02 3.097088e-01 1.695726e+02
3.099903e-01 1.123501e-01 9.440780e-01 3.890518e+02 -2.463686e-02 9.936090e-01 -1.101550e-01 -3.483651e+01 -9.504205e-01 1.088786e-02 3.107771e-01 1.701379e+02
3.100444e-01 1.064960e-01 9.447386e-01 3.906508e+02 -2.875904e-02 9.943022e-01 -1.026450e-01 -3.503121e+01 -9.502870e-01 4.654721e-03 3.113405e-01 1.706950e+02
3.091957e-01 1.072735e-01 9.449287e-01 3.922273e+02 -2.789587e-02 9.942130e-01 -1.037406e-01 -3.521056e+01 -9.505892e-01 5.716521e-03 3.103989e-01 1.712375e+02
3.086937e-01 1.038425e-01 9.454759e-01 3.938158e+02 -2.176814e-02 9.945335e-01 -1.021234e-01 -3.537808e+01 -9.509124e-01 1.094358e-02 3.092667e-01 1.717624e+02
3.080547e-01 1.044962e-01 9.456123e-01 3.954044e+02 -2.125178e-02 9.944573e-01 -1.029707e-01 -3.554302e+01 -9.511313e-01 1.162466e-02 3.085680e-01 1.722841e+02
3.071199e-01 1.123495e-01 9.450158e-01 3.977804e+02 -1.939441e-02 9.935396e-01 -1.118154e-01 -3.579994e+01 -9.514732e-01 1.601270e-02 3.073147e-01 1.730637e+02
3.066595e-01 1.093771e-01 9.455139e-01 3.993940e+02 -1.962407e-02 9.938908e-01 -1.086087e-01 -3.598738e+01 -9.516170e-01 1.475104e-02 3.069324e-01 1.736026e+02
3.070320e-01 1.138787e-01 9.448613e-01 4.010420e+02 -1.766371e-02 9.933259e-01 -1.139801e-01 -3.617291e+01 -9.515353e-01 1.830578e-02 3.069944e-01 1.741460e+02
3.072435e-01 1.132316e-01 9.448703e-01 4.027259e+02 -1.704133e-02 9.933912e-01 -1.135049e-01 -3.635992e+01 -9.514784e-01 1.877180e-02 3.071426e-01 1.746994e+02
3.081225e-01 1.099155e-01 9.449756e-01 4.043866e+02 -1.344742e-02 9.937071e-01 -1.111991e-01 -3.655987e+01 -9.512517e-01 2.155545e-02 3.076616e-01 1.752516e+02
3.099970e-01 1.098248e-01 9.443729e-01 4.060994e+02 -4.999210e-03 9.934802e-01 -1.138946e-01 -3.676127e+01 -9.507244e-01 3.058587e-02 3.085249e-01 1.758119e+02
3.130370e-01 1.064513e-01 9.437562e-01 4.078104e+02 3.684987e-03 9.935550e-01 -1.132907e-01 -3.696060e+01 -9.497338e-01 3.894190e-02 3.106272e-01 1.763696e+02
3.147561e-01 1.020186e-01 9.436740e-01 4.095217e+02 5.657862e-03 9.939877e-01 -1.093451e-01 -3.714867e+01 -9.491557e-01 3.975620e-02 3.122865e-01 1.769473e+02
3.157271e-01 9.375545e-02 9.442066e-01 4.112375e+02 3.742762e-03 9.949755e-01 -1.000481e-01 -3.732340e+01 -9.488427e-01 3.512183e-02 3.137898e-01 1.775323e+02
3.166015e-01 9.692250e-02 9.435939e-01 4.129441e+02 4.488751e-03 9.946018e-01 -1.036680e-01 -3.749169e+01 -9.485480e-01 3.705698e-02 3.144574e-01 1.780918e+02
3.184832e-01 9.679597e-02 9.429734e-01 4.146582e+02 7.814923e-03 9.944708e-01 -1.047216e-01 -3.766188e+01 -9.478963e-01 4.072133e-02 3.159658e-01 1.786362e+02
3.192730e-01 9.231668e-02 9.431555e-01 4.163431e+02 9.134190e-03 9.948977e-01 -1.004733e-01 -3.783262e+01 -9.476188e-01 4.069338e-02 3.168008e-01 1.791783e+02
3.186001e-01 9.339868e-02 9.432765e-01 4.179870e+02 7.158151e-03 9.948682e-01 -1.009248e-01 -3.800097e+01 -9.478622e-01 3.890676e-02 3.162966e-01 1.797220e+02
3.162635e-01 8.641041e-02 9.447277e-01 4.204007e+02 9.263240e-03 9.955142e-01 -9.415669e-02 -3.823307e+01 -9.486262e-01 3.852955e-02 3.140443e-01 1.804990e+02
3.127525e-01 9.238385e-02 9.453311e-01 4.227235e+02 1.166195e-02 9.948101e-01 -1.010775e-01 -3.844427e+01 -9.497631e-01 4.263663e-02 3.100520e-01 1.812296e+02
3.099927e-01 1.023837e-01 9.452100e-01 4.242251e+02 9.030405e-03 9.938227e-01 -1.106110e-01 -3.860018e+01 -9.506961e-01 4.282423e-02 3.071532e-01 1.817147e+02
3.064270e-01 9.419666e-02 9.472219e-01 4.264553e+02 8.217497e-03 9.947928e-01 -1.015857e-01 -3.884576e+01 -9.518587e-01 3.891240e-02 3.040573e-01 1.824274e+02
3.050925e-01 9.545886e-02 9.475263e-01 4.286390e+02 1.185970e-02 9.945054e-01 -1.040105e-01 -3.906082e+01 -9.522489e-01 4.297018e-02 3.022840e-01 1.831044e+02
3.052745e-01 9.748485e-02 9.472613e-01 4.308055e+02 1.498041e-02 9.941314e-01 -1.071361e-01 -3.926661e+01 -9.521466e-01 4.689628e-02 3.020226e-01 1.837827e+02
3.054465e-01 9.994590e-02 9.469494e-01 4.329778e+02 1.539454e-02 9.938278e-01 -1.098594e-01 -3.944566e+01 -9.520848e-01 4.813400e-02 3.020227e-01 1.844755e+02
3.082757e-01 9.496456e-02 9.465451e-01 4.351772e+02 1.641353e-02 9.943257e-01 -1.051039e-01 -3.965560e+01 -9.511555e-01 4.793712e-02 3.049678e-01 1.851676e+02
3.133710e-01 9.253911e-02 9.451111e-01 4.372950e+02 1.523776e-02 9.946225e-01 -1.024393e-01 -3.987998e+01 -9.495086e-01 4.650289e-02 3.102757e-01 1.858583e+02
3.190373e-01 9.454291e-02 9.430147e-01 4.393183e+02 1.207221e-02 9.945257e-01 -1.037915e-01 -4.011521e+01 -9.476653e-01 4.449761e-02 3.161495e-01 1.865498e+02
3.223719e-01 9.208473e-02 9.421235e-01 4.412583e+02 9.156853e-03 9.949072e-01 -1.003772e-01 -4.033301e+01 -9.465688e-01 4.098566e-02 3.198869e-01 1.872107e+02
3.258291e-01 9.143753e-02 9.409965e-01 4.431116e+02 9.863533e-03 9.949291e-01 -1.000936e-01 -4.053170e+01 -9.453773e-01 4.189494e-02 3.232750e-01 1.878378e+02
3.293295e-01 9.156653e-02 9.397646e-01 4.448710e+02 1.006165e-02 9.948898e-01 -1.004637e-01 -4.071269e+01 -9.441615e-01 4.254123e-02 3.267252e-01 1.884403e+02
3.322889e-01 9.199614e-02 9.386803e-01 4.465258e+02 8.942019e-03 9.948797e-01 -1.006695e-01 -4.089361e+01 -9.431353e-01 4.184503e-02 3.297648e-01 1.890156e+02
3.342198e-01 8.978541e-02 9.382087e-01 4.480907e+02 5.909832e-03 9.952328e-01 -9.734784e-02 -4.105680e+01 -9.424767e-01 3.808022e-02 3.320959e-01 1.895643e+02
3.360799e-01 9.352981e-02 9.371779e-01 4.495511e+02 6.060934e-03 9.948215e-01 -1.014561e-01 -4.122241e+01 -9.418140e-01 3.977753e-02 3.337726e-01 1.900814e+02
3.384125e-01 9.896722e-02 9.357790e-01 4.509162e+02 6.088911e-03 9.942028e-01 -1.073481e-01 -4.138482e+01 -9.409782e-01 4.202580e-02 3.358481e-01 1.905699e+02
3.371164e-01 9.616336e-02 9.365389e-01 4.521892e+02 5.380338e-03 9.945567e-01 -1.040573e-01 -4.152320e+01 -9.414476e-01 4.011831e-02 3.347639e-01 1.910192e+02
3.345526e-01 9.479137e-02 9.375975e-01 4.529753e+02 5.306256e-03 9.947229e-01 -1.024602e-01 -4.161612e+01 -9.423622e-01 3.925343e-02 3.322841e-01 1.912926e+02
3.324680e-01 9.403196e-02 9.384151e-01 4.537102e+02 5.425047e-03 9.948100e-01 -1.016049e-01 -4.170389e+01 -9.430989e-01 3.887133e-02 3.302324e-01 1.915502e+02
3.305591e-01 9.233410e-02 9.392577e-01 4.544021e+02 6.400617e-03 9.949605e-01 -1.000626e-01 -4.179023e+01 -9.437636e-01 3.908843e-02 3.283023e-01 1.917949e+02
3.284433e-01 9.134146e-02 9.400966e-01 4.550471e+02 6.353516e-03 9.950767e-01 -9.890318e-02 -4.187896e+01 -9.445024e-01 3.845699e-02 3.262459e-01 1.920290e+02
3.263618e-01 9.168611e-02 9.407877e-01 4.556532e+02 3.667488e-03 9.951543e-01 -9.825678e-02 -4.194952e+01 -9.452379e-01 3.551758e-02 3.244441e-01 1.922468e+02
3.238729e-01 9.308561e-02 9.415101e-01 4.573193e+02 4.811580e-03 9.949731e-01 -1.000266e-01 -4.211960e+01 -9.460884e-01 3.692604e-02 3.217969e-01 1.928262e+02
3.260310e-01 9.299330e-02 9.407741e-01 4.578478e+02 2.494010e-03 9.950619e-01 -9.922386e-02 -4.217833e+01 -9.453558e-01 3.469635e-02 3.241891e-01 1.930158e+02
3.306440e-01 9.344245e-02 9.391182e-01 4.583727e+02 7.158041e-04 9.950611e-01 -9.926083e-02 -4.222298e+01 -9.437553e-01 3.349222e-02 3.289441e-01 1.932069e+02
3.407326e-01 9.321062e-02 9.355281e-01 4.588966e+02 1.050943e-03 9.950347e-01 -9.952230e-02 -4.227315e+01 -9.401597e-01 3.489367e-02 3.389428e-01 1.934109e+02
3.798081e-01 9.587525e-02 9.200835e-01 4.599699e+02 -3.471510e-03 9.947553e-01 -1.022233e-01 -4.238822e+01 -9.250588e-01 3.563113e-02 3.781489e-01 1.938837e+02
4.098683e-01 9.768578e-02 9.068987e-01 4.605317e+02 -8.864805e-03 9.946284e-01 -1.031291e-01 -4.244519e+01 -9.121016e-01 3.422987e-02 4.085327e-01 1.941659e+02
4.457413e-01 1.009795e-01 8.894480e-01 4.610905e+02 -1.430944e-02 9.942938e-01 -1.057117e-01 -4.249464e+01 -8.950475e-01 3.439255e-02 4.446428e-01 1.944719e+02
5.167028e-01 1.113386e-01 8.488945e-01 4.621586e+02 -2.877736e-02 9.932065e-01 -1.127501e-01 -4.260070e+01 -8.556811e-01 3.382933e-02 5.163966e-01 1.951399e+02
5.200352e-01 1.182342e-01 8.459220e-01 4.626558e+02 -3.851893e-02 9.926117e-01 -1.150572e-01 -4.264180e+01 -8.532759e-01 2.724978e-02 5.207472e-01 1.954678e+02
4.413199e-01 1.162526e-01 8.897876e-01 4.641011e+02 -2.260178e-02 9.926981e-01 -1.184879e-01 -4.273706e+01 -8.970652e-01 3.218029e-02 4.407249e-01 1.961766e+02
3.799271e-01 1.156615e-01 9.177569e-01 4.648704e+02 -1.755105e-02 9.928747e-01 -1.178626e-01 -4.278446e+01 -9.248499e-01 2.867161e-02 3.792500e-01 1.964577e+02
3.305536e-01 1.123499e-01 9.370761e-01 4.656751e+02 -3.202771e-03 9.930170e-01 -1.179272e-01 -4.287317e+01 -9.437818e-01 3.598000e-02 3.286052e-01 1.967174e+02
2.977034e-01 1.074260e-01 9.485948e-01 4.664742e+02 8.995351e-05 9.936453e-01 -1.125561e-01 -4.297107e+01 -9.546584e-01 3.359366e-02 2.958019e-01 1.969409e+02
2.923063e-01 1.068445e-01 9.503374e-01 4.671914e+02 2.919385e-03 9.936349e-01 -1.126103e-01 -4.305471e+01 -9.563203e-01 3.569110e-02 2.901338e-01 1.971423e+02
3.210372e-01 1.035137e-01 9.413925e-01 4.678226e+02 3.645640e-03 9.938664e-01 -1.105269e-01 -4.312385e+01 -9.470596e-01 3.891521e-02 3.186908e-01 1.973493e+02
3.611940e-01 1.078870e-01 9.262284e-01 4.683295e+02 -1.159096e-02 9.937271e-01 -1.112293e-01 -4.320345e+01 -9.324187e-01 2.943946e-02 3.601788e-01 1.975723e+02
4.505978e-01 1.096455e-01 8.859681e-01 4.690948e+02 -1.140323e-02 9.930547e-01 -1.170987e-01 -4.329185e+01 -8.926543e-01 4.266150e-02 4.487186e-01 1.979181e+02
4.884469e-01 1.080321e-01 8.658802e-01 4.693867e+02 -2.129129e-02 9.934865e-01 -1.119425e-01 -4.330684e+01 -8.723339e-01 3.624227e-02 4.875656e-01 1.980824e+02
5.218632e-01 1.058312e-01 8.464387e-01 4.696341e+02 -2.313388e-02 9.936649e-01 -1.099762e-01 -4.331351e+01 -8.527155e-01 3.781110e-02 5.210054e-01 1.982243e+02
5.642626e-01 1.190064e-01 8.169731e-01 4.699367e+02 -4.897448e-02 9.926386e-01 -1.107697e-01 -4.335745e+01 -8.241416e-01 2.249237e-02 5.659371e-01 1.984781e+02
5.798753e-01 1.073130e-01 8.076066e-01 4.700664e+02 -3.962307e-02 9.938286e-01 -1.036078e-01 -4.337479e+01 -8.137412e-01 2.807974e-02 5.805487e-01 1.985661e+02
5.916659e-01 1.148511e-01 7.979603e-01 4.701424e+02 -5.333305e-02 9.932080e-01 -1.034083e-01 -4.339187e+01 -8.044172e-01 1.862552e-02 5.937727e-01 1.986644e+02
