0.000000 0.0000000 0.0000000 0.0000000 0.0000000 0.0000000 0.0000000 1.0000000
0.103391 -0.0003787 -0.0001956 0.0755402 0.0023058 0.0007495 -0.0004447 0.9999970
0.207106 -0.0001588 -0.0000454 0.1506914 0.0027387 0.0010980 0.0007534 0.9999954
0.310262 0.0001336 -0.0002191 0.2262616 0.0006631 0.0010513 0.0016032 0.9999979
0.413621 0.0002321 -0.0003287 0.3014196 -0.0023481 0.0007292 0.0028499 0.9999929
0.517929 0.0003812 0.0000533 0.3759452 -0.0022965 0.0000982 0.0045959 0.9999868
0.620389 0.0003983 0.0002071 0.4494688 -0.0008809 -0.0004025 0.0059520 0.9999818
0.724219 0.0000894 0.0001536 0.5227006 0.0007389 -0.0007556 0.0062478 0.9999799
0.827211 -0.0001658 0.0001437 0.5961430 0.0010719 -0.0012000 0.0061273 0.9999799
0.930557 -0.0004539 0.0001088 0.6690593 0.0001958 -0.0017366 0.0059520 0.9999807
1.034070 -0.0010544 -0.0000528 0.7419800 -0.0013974 -0.0021012 0.0057110 0.9999805
1.137438 -0.0014725 0.0003545 0.8143389 -0.0020548 -0.0026188 0.0060064 0.9999764
1.244258 -0.0018638 0.0004967 0.8866969 -0.0025028 -0.0028952 0.0065900 0.9999710
1.344229 -0.0022930 0.0003182 0.9588301 -0.0026773 -0.0033869 0.0066394 0.9999686
1.447568 -0.0027866 0.0008243 1.0305613 -0.0018523 -0.0038715 0.0068407 0.9999674
1.551083 -0.0036688 0.0011198 1.1024817 -0.0009220 -0.0045587 0.0070575 0.9999643
1.654521 -0.0044748 0.0012338 1.1740390 -0.0002657 -0.0053722 0.0076473 0.9999563
1.757843 -0.0053293 0.0012267 1.2453849 0.0000438 -0.0062729 0.0074659 0.9999524
1.964724 -0.0085099 0.0011120 1.3868917 0.0003773 -0.0077674 0.0060681 0.9999514
2.068236 -0.0096785 0.0010286 1.4571853 -0.0000803 -0.0087073 0.0063367 0.9999420
2.275131 -0.0135423 0.0009638 1.5978857 -0.0011207 -0.0099120 0.0060151 0.9999322
2.482010 -0.0169738 0.0011326 1.7355906 -0.0008731 -0.0115194 0.0066956 0.9999108
2.585514 -0.0193322 0.0013180 1.8038524 -0.0010246 -0.0119610 0.0065379 0.9999065
2.793694 -0.0230383 0.0018373 1.9387813 -0.0034477 -0.0128655 0.0070733 0.9998863
2.896139 -0.0252646 0.0019050 2.0057170 -0.0042835 -0.0131709 0.0069872 0.9998797
3.103545 -0.0293256 0.0025097 2.1343663 -0.0023666 -0.0139462 0.0058154 0.9998831
3.310078 -0.0334990 0.0029723 2.2599280 -0.0013666 -0.0148954 0.0053524 0.9998738
3.517076 -0.0381908 0.0030056 2.3819761 -0.0006732 -0.0164864 0.0051272 0.9998507
3.724674 -0.0431599 0.0031698 2.5026526 -0.0013031 -0.0184967 0.0051048 0.9998150
3.931241 -0.0486122 0.0039062 2.6211832 -0.0030614 -0.0204187 0.0047300 0.9997756
4.142151 -0.0551127 0.0041059 2.7350264 -0.0027798 -0.0222280 0.0028748 0.9997450
4.345966 -0.0611190 0.0047315 2.8449159 -0.0030333 -0.0239171 0.0017732 0.9997078
4.552519 -0.0671122 0.0056920 2.9534774 -0.0040656 -0.0245324 -0.0001861 0.9996908
4.760815 -0.0733587 0.0055825 3.0563381 -0.0015147 -0.0230002 -0.0026745 0.9997307
4.966824 -0.0784333 0.0060271 3.1581120 -0.0010521 -0.0202909 -0.0035359 0.9997873
5.174268 -0.0832589 0.0061301 3.2571747 -0.0041349 -0.0168237 -0.0078878 0.9998188
5.381142 -0.0869860 0.0072914 3.3509736 -0.0045818 -0.0120002 -0.0121189 0.9998441
5.588095 -0.0892290 0.0075571 3.4398997 -0.0063672 -0.0058484 -0.0166813 0.9998235
5.795223 -0.0898761 0.0079201 3.5209904 -0.0063559 0.0013374 -0.0201139 0.9997766
6.002373 -0.0896812 0.0089385 3.5976808 -0.0047881 0.0088750 -0.0244923 0.9996492
6.209506 -0.0880924 0.0092520 3.6665852 -0.0033302 0.0170263 -0.0256911 0.9995194
6.416516 -0.0851359 0.0089934 3.7281520 -0.0047223 0.0250217 -0.0263475 0.9993285
7.141701 -0.0698643 0.0089598 3.8898733 -0.0008516 0.0610414 -0.0308514 0.9976580
7.353300 -0.0628949 0.0088727 3.9304607 0.0002912 0.0770553 -0.0325925 0.9964939
7.663357 -0.0485779 0.0082468 3.9877810 0.0008349 0.1044681 -0.0319791 0.9940136
7.970621 -0.0308068 0.0075410 4.0439067 0.0023788 0.1371615 -0.0338003 0.9899690
8.385961 0.0022931 0.0055549 4.1197443 0.0022096 0.1921975 -0.0375603 0.9806347
8.799662 0.0495297 0.0030099 4.1909294 0.0077067 0.2631219 -0.0347459 0.9641059
9.214197 0.1146320 -0.0002605 4.2635317 0.0101496 0.3470504 -0.0412099 0.9368857
9.421456 0.1582567 -0.0029370 4.3006763 0.0106111 0.3939862 -0.0406525 0.9181556
9.630085 0.2096341 -0.0058792 4.3364010 0.0111433 0.4427389 -0.0399902 0.8956891
9.836009 0.2700453 -0.0092787 4.3688040 0.0128233 0.4929514 -0.0389421 0.8690903
10.043900 0.3381485 -0.0132444 4.3971419 0.0107746 0.5404123 -0.0383633 0.8404562
10.250360 0.4118961 -0.0162767 4.4199939 0.0098024 0.5844131 -0.0401415 0.8104036
10.353670 0.4513494 -0.0187811 4.4279299 0.0127114 0.6044706 -0.0363140 0.7956978
10.457170 0.4925839 -0.0213670 4.4334083 0.0153389 0.6226093 -0.0307906 0.7817764
10.562990 0.5354395 -0.0236405 4.4387465 0.0181034 0.6394976 -0.0279828 0.7680703
10.664530 0.5789590 -0.0256814 4.4432034 0.0194712 0.6543456 -0.0280789 0.7554233
10.767050 0.6236181 -0.0284307 4.4459057 0.0228236 0.6667724 -0.0255947 0.7444720
10.870220 0.6699696 -0.0314574 4.4479828 0.0245686 0.6776308 -0.0229395 0.7346337
10.973420 0.7171913 -0.0340344 4.4489570 0.0262556 0.6868937 -0.0202560 0.7260010
11.077200 0.7656280 -0.0366091 4.4494882 0.0271487 0.6941267 -0.0186017 0.7191001
11.284150 0.8649585 -0.0422642 4.4497166 0.0285651 0.7046362 -0.0181588 0.7087610
11.695270 1.0777360 -0.0546824 4.4437699 0.0334583 0.7157919 -0.0164891 0.6973166
11.799490 1.1332983 -0.0574203 4.4419422 0.0317312 0.7169695 -0.0164242 0.6961882
12.004820 1.2489610 -0.0636921 4.4386578 0.0270910 0.7184356 -0.0121712 0.6949591
12.211190 1.3672671 -0.0695418 4.4340820 0.0289210 0.7185260 -0.0101745 0.6948240
12.417650 1.4876468 -0.0752050 4.4303794 0.0349822 0.7173377 -0.0151879 0.6956811
12.624550 1.6125765 -0.0821220 4.4279308 0.0338160 0.7159386 -0.0137851 0.6972076
12.830730 1.7384862 -0.0902069 4.4258456 0.0302239 0.7141052 -0.0115529 0.6992902
13.037710 1.8632880 -0.0973228 4.4228997 0.0374394 0.7117400 -0.0121826 0.7013388
13.244210 1.9898820 -0.1049098 4.4232521 0.0328448 0.7096661 -0.0147874 0.7036168
13.452770 2.1162972 -0.1136593 4.4229026 0.0350217 0.7069532 -0.0107912 0.7063103
13.657960 2.2425015 -0.1213573 4.4240327 0.0356907 0.7044939 -0.0139949 0.7086739
13.864670 2.3690238 -0.1292725 4.4247336 0.0357629 0.7018220 -0.0114171 0.7113625
14.071640 2.4960957 -0.1375712 4.4270229 0.0390168 0.6993697 -0.0093113 0.7136337
14.278600 2.6236265 -0.1457437 4.4302306 0.0392238 0.6971726 -0.0080964 0.7157837
14.485500 2.7518220 -0.1540345 4.4348860 0.0391172 0.6948713 -0.0077201 0.7180279
14.692450 2.8804755 -0.1616982 4.4403744 0.0396816 0.6927532 -0.0086520 0.7200302
14.899490 3.0101967 -0.1698433 4.4476447 0.0383460 0.6911293 -0.0100819 0.7216427
15.106400 3.1405368 -0.1782906 4.4540009 0.0376094 0.6887354 -0.0122839 0.7239324
15.313360 3.2721875 -0.1874231 4.4621143 0.0393597 0.6862963 -0.0145209 0.7261111
15.520220 3.4046910 -0.1961515 4.4717965 0.0364791 0.6841443 -0.0183826 0.7282019
15.727200 3.5390494 -0.2064085 4.4811869 0.0376819 0.6813596 -0.0184174 0.7307462
15.934250 3.6745746 -0.2157880 4.4928846 0.0356409 0.6784376 -0.0197553 0.7335271
16.140910 3.8105245 -0.2267057 4.5061154 0.0357823 0.6748458 -0.0217991 0.7367683
16.348280 3.9466217 -0.2372377 4.5200691 0.0399846 0.6695595 -0.0273680 0.7411763
16.554450 4.0843983 -0.2496233 4.5379133 0.0377704 0.6641839 -0.0301833 0.7460041
16.761400 4.2234092 -0.2623334 4.5562243 0.0358406 0.6585605 -0.0282765 0.7511417
16.968080 4.3631978 -0.2734358 4.5775943 0.0293903 0.6531272 -0.0256276 0.7562435
17.175580 4.5014081 -0.2845627 4.6003256 0.0291971 0.6474383 -0.0252012 0.7611412
17.383340 4.6350975 -0.2945947 4.6242352 0.0331161 0.6430975 -0.0286695 0.7645306
17.588870 4.7664676 -0.3061590 4.6499448 0.0327893 0.6391326 -0.0305916 0.7677881
17.795780 4.8969617 -0.3167820 4.6748552 0.0309672 0.6353763 -0.0259607 0.7711446
18.003090 5.0248766 -0.3271813 4.7021008 0.0251581 0.6329309 -0.0245208 0.7734108
18.209790 5.1482015 -0.3361865 4.7289515 0.0247796 0.6307780 -0.0262201 0.7751242
18.417190 5.2676558 -0.3451645 4.7557325 0.0259811 0.6292205 -0.0308401 0.7761801
18.623970 5.3847275 -0.3548123 4.7817731 0.0290638 0.6276310 -0.0328858 0.7772729
18.830950 5.4986129 -0.3644797 4.8077502 0.0270374 0.6268811 -0.0324959 0.7779673
19.038030 5.6104298 -0.3736040 4.8328667 0.0258789 0.6266922 -0.0311070 0.7782156
19.245500 5.7178030 -0.3825113 4.8572454 0.0252161 0.6280647 -0.0316700 0.7771074
19.452110 5.8216472 -0.3915952 4.8793616 0.0280508 0.6297102 -0.0335346 0.7755989
19.660070 5.9232144 -0.3994578 4.9003048 0.0286875 0.6312630 -0.0327702 0.7743450
19.866980 6.0222425 -0.4083518 4.9203453 0.0256795 0.6330998 -0.0306380 0.7730372
19.969850 6.0702205 -0.4126495 4.9293084 0.0266623 0.6339147 -0.0290816 0.7723960
20.073350 6.1172690 -0.4163584 4.9382410 0.0286836 0.6345669 -0.0284104 0.7718128
20.280310 6.2104583 -0.4234689 4.9560313 0.0316244 0.6361844 -0.0285421 0.7703601
20.487640 6.3039713 -0.4313670 4.9735398 0.0324248 0.6370729 -0.0284484 0.7695956
20.797730 6.4453464 -0.4422556 4.9991236 0.0362469 0.6353653 -0.0227655 0.7710245
21.108200 6.5879879 -0.4537123 5.0304613 0.0352482 0.6294822 -0.0232197 0.7758676
21.417970 6.7346988 -0.4652629 5.0660343 0.0329738 0.6194718 -0.0237256 0.7839672
21.730330 6.8862839 -0.4764469 5.1090007 0.0319422 0.6076760 -0.0285916 0.7930272
21.936170 6.9895525 -0.4847320 5.1405616 0.0319742 0.5988618 -0.0314517 0.7995955
22.141920 7.0962977 -0.4936326 5.1755304 0.0312626 0.5902646 -0.0326917 0.8059415
22.348790 7.2061958 -0.5022688 5.2144589 0.0283457 0.5815347 -0.0324062 0.8123815
22.452170 7.2629566 -0.5061743 5.2346687 0.0272023 0.5770617 -0.0289567 0.8157337
22.555690 7.3202662 -0.5107492 5.2562008 0.0261192 0.5724151 -0.0270598 0.8191010
22.659440 7.3784046 -0.5148630 5.2791591 0.0245393 0.5680040 -0.0261894 0.8222429
22.762490 7.4371729 -0.5183979 5.3019381 0.0263409 0.5639089 -0.0235756 0.8250801
22.969530 7.5581174 -0.5254568 5.3497086 0.0273881 0.5572596 -0.0139092 0.8297699
23.176610 7.6805615 -0.5330278 5.4009457 0.0289141 0.5508440 -0.0105265 0.8340408
23.384670 7.8011160 -0.5402689 5.4538589 0.0368928 0.5441214 -0.0119251 0.8381101
23.590650 7.9209895 -0.5493597 5.5106959 0.0347913 0.5396410 -0.0156735 0.8410301
23.798210 8.0394220 -0.5596650 5.5675678 0.0346979 0.5356266 -0.0195539 0.8435152
24.004580 8.1526384 -0.5693191 5.6229162 0.0354211 0.5319368 -0.0233597 0.8457204
24.213210 8.2647495 -0.5793094 5.6788182 0.0333792 0.5282732 -0.0219189 0.8481349
24.422100 8.3730249 -0.5891586 5.7340174 0.0311917 0.5249904 -0.0210823 0.8502750
24.625310 8.4779654 -0.5978786 5.7883377 0.0319994 0.5219496 -0.0220127 0.8520916
24.832200 8.5798407 -0.6067071 5.8412700 0.0324920 0.5202841 -0.0200076 0.8531404
25.039090 8.6783056 -0.6152628 5.8934784 0.0322619 0.5185592 -0.0198660 0.8542019
25.245970 8.7738543 -0.6236987 5.9437666 0.0344051 0.5158210 -0.0193772 0.8557859
25.452750 8.8661652 -0.6318190 5.9925680 0.0356693 0.5127846 -0.0173118 0.8576013
25.659630 8.9550629 -0.6395614 6.0415373 0.0364150 0.5096343 -0.0161986 0.8594676
25.866530 9.0416527 -0.6474149 6.0902081 0.0370224 0.5063462 -0.0151599 0.8614018
26.177790 9.1690798 -0.6591925 6.1645002 0.0396752 0.4998865 -0.0164937 0.8650244
26.384510 9.2506733 -0.6671050 6.2142229 0.0421127 0.4939732 -0.0228922 0.8681549
26.590190 9.3322611 -0.6755847 6.2659216 0.0436679 0.4872525 -0.0283319 0.8717083
26.796950 9.4161663 -0.6841180 6.3209085 0.0385887 0.4813415 -0.0312026 0.8751273
27.003850 9.5021763 -0.6931316 6.3799953 0.0303008 0.4751131 -0.0334779 0.8787654
27.313990 9.6334562 -0.7052787 6.4737377 0.0275585 0.4651547 -0.0383691 0.8839680
27.520750 9.7243433 -0.7139027 6.5397177 0.0282070 0.4581203 -0.0410764 0.8874925
27.831080 9.8661966 -0.7270226 6.6488070 0.0240657 0.4472458 -0.0436704 0.8930201
28.037820 9.9637241 -0.7353703 6.7263217 0.0231870 0.4389564 -0.0431374 0.8971727
28.244420 10.0627537 -0.7437336 6.8080502 0.0222452 0.4297786 -0.0452907 0.9015233
28.451340 10.1646042 -0.7521981 6.8956232 0.0213388 0.4229209 -0.0457843 0.9047576
28.660870 10.2683582 -0.7613555 6.9845033 0.0219155 0.4186583 -0.0431745 0.9068522
28.866830 10.3754587 -0.7705155 7.0771923 0.0238508 0.4149847 -0.0368166 0.9087702
29.073550 10.4843197 -0.7790235 7.1725740 0.0242607 0.4112605 -0.0307573 0.9106757
29.279330 10.5930014 -0.7882733 7.2713819 0.0242028 0.4074387 -0.0307751 0.9123929
29.486390 10.7018747 -0.7969389 7.3739276 0.0222330 0.4033421 -0.0364585 0.9140523
29.692890 10.8132353 -0.8056623 7.4790478 0.0166869 0.3993618 -0.0356026 0.9159498
29.899820 10.9252138 -0.8129751 7.5860271 0.0126632 0.3945146 -0.0321890 0.9182384
30.106560 11.0367174 -0.8203780 7.6927519 0.0192928 0.3886164 -0.0257526 0.9208376
30.313330 11.1469164 -0.8282662 7.8020916 0.0265791 0.3816643 -0.0240037 0.9236069
30.520070 11.2561083 -0.8372231 7.9159365 0.0251517 0.3744273 -0.0193938 0.9267122
30.726980 11.3650665 -0.8463001 8.0305462 0.0292828 0.3677825 -0.0172405 0.9292908
30.933840 11.4731808 -0.8558717 8.1485233 0.0297576 0.3631291 -0.0164896 0.9311175
31.142770 11.5824499 -0.8649760 8.2684736 0.0279035 0.3605210 -0.0118262 0.9322586
31.451260 11.7435589 -0.8779482 8.4466820 0.0259702 0.3599851 -0.0097410 0.9325456
31.661730 11.8497858 -0.8862426 8.5653543 0.0262083 0.3611090 -0.0129656 0.9320651
31.865880 11.9564381 -0.8946250 8.6846170 0.0253148 0.3637161 -0.0168524 0.9310133
32.074110 12.0636330 -0.9035096 8.8029928 0.0235454 0.3669346 -0.0179935 0.9297746
32.280170 12.1711912 -0.9113145 8.9186029 0.0219155 0.3706895 -0.0159249 0.9283617
32.486110 12.2789354 -0.9199166 9.0323143 0.0270542 0.3746529 -0.0216733 0.9265169
32.694680 12.3863354 -0.9291616 9.1445408 0.0275683 0.3791907 -0.0242300 0.9245903
32.902290 12.4953585 -0.9385359 9.2558422 0.0217850 0.3839945 -0.0247645 0.9227461
33.106800 12.6045685 -0.9468901 9.3637934 0.0221311 0.3881178 -0.0238081 0.9210364
33.314720 12.7151232 -0.9560103 9.4696703 0.0255440 0.3922430 -0.0213482 0.9192590
33.520520 12.8262701 -0.9653782 9.5754461 0.0273800 0.3971903 -0.0212125 0.9170824
33.727760 12.9395523 -0.9741080 9.6800127 0.0273297 0.4025371 -0.0211972 0.9147500
33.934650 13.0536175 -0.9827623 9.7848177 0.0291207 0.4095174 -0.0261011 0.9114638
34.142230 13.1694489 -0.9934933 9.8864679 0.0314850 0.4169306 -0.0296355 0.9079093
34.244700 13.2292604 -0.9984945 9.9379311 0.0276149 0.4209661 -0.0284377 0.9062098
34.451590 13.3512163 -1.0084531 10.0409508 0.0188862 0.4295169 -0.0276249 0.9024386
34.659100 13.4737024 -1.0163074 10.1386614 0.0181232 0.4379923 -0.0293224 0.8983176
34.866170 13.5988922 -1.0250728 10.2338352 0.0263732 0.4454236 -0.0299168 0.8944312
35.176790 13.7916164 -1.0417521 10.3730021 0.0264678 0.4574246 -0.0245870 0.8885143
35.382770 13.9192410 -1.0528704 10.4627542 0.0258444 0.4649698 -0.0250818 0.8845937
35.589680 14.0477304 -1.0629385 10.5480795 0.0262869 0.4708962 -0.0201305 0.8815671
35.796540 14.1740580 -1.0723686 10.6317625 0.0236093 0.4757487 -0.0194123 0.8790500
35.900040 14.2366476 -1.0767329 10.6729593 0.0244844 0.4781852 -0.0201940 0.8776854
36.006010 14.2974396 -1.0812917 10.7121439 0.0262768 0.4801370 -0.0208574 0.8765517
36.108200 14.3577347 -1.0857681 10.7509985 0.0289661 0.4817412 -0.0227606 0.8755388
36.313700 14.4786806 -1.0957935 10.8284168 0.0266984 0.4849394 -0.0225005 0.8738505
36.417070 14.5396137 -1.1004742 10.8656235 0.0241967 0.4860732 -0.0190953 0.8733743
36.623970 14.6582527 -1.1084619 10.9373169 0.0258057 0.4886535 -0.0142941 0.8719791
36.727360 14.7163544 -1.1125683 10.9727364 0.0276409 0.4898033 -0.0146577 0.8712714
36.934690 14.8294210 -1.1213257 11.0412388 0.0335254 0.4913934 -0.0202809 0.8700559
37.040370 14.8859320 -1.1255264 11.0739994 0.0361935 0.4923425 -0.0195445 0.8694291
37.141020 14.9423876 -1.1300347 11.1079254 0.0327984 0.4936959 -0.0177725 0.8688341
37.244700 14.9983997 -1.1346302 11.1420088 0.0250611 0.4954115 -0.0178336 0.8681136
37.451400 15.1085052 -1.1424637 11.2088251 0.0199178 0.4979616 -0.0200914 0.8667375
37.658150 15.2162037 -1.1491755 11.2711620 0.0240924 0.5003008 -0.0202716 0.8652790
37.865070 15.3229876 -1.1567396 11.3327351 0.0224774 0.5028194 -0.0200860 0.8638657
38.072390 15.4279118 -1.1635199 11.3918905 0.0231429 0.5053642 -0.0196054 0.8623729
38.278810 15.5296173 -1.1707357 11.4482536 0.0250487 0.5091972 -0.0203453 0.8600447
38.485830 15.6293383 -1.1780680 11.5019045 0.0268146 0.5138243 -0.0216848 0.8572021
38.692720 15.7300816 -1.1854155 11.5541496 0.0308673 0.5194922 -0.0225025 0.8536209
38.899920 15.8316336 -1.1932708 11.6063099 0.0298168 0.5256734 -0.0255749 0.8497790
39.106870 15.9358807 -1.2022114 11.6581469 0.0285969 0.5317333 -0.0274488 0.8459837
39.313880 16.0412312 -1.2104801 11.7077665 0.0301537 0.5382585 -0.0312660 0.8416597
39.520900 16.1499672 -1.2194003 11.7574615 0.0311225 0.5449164 -0.0344644 0.8372035
39.727990 16.2631969 -1.2296120 11.8065119 0.0321649 0.5515161 -0.0364584 0.8327462
39.934800 16.3803234 -1.2398922 11.8542852 0.0340806 0.5580274 -0.0348909 0.8283879
40.141680 16.5018482 -1.2506711 11.9023705 0.0315231 0.5647725 -0.0335301 0.8239624
40.245190 16.5644913 -1.2558029 11.9264822 0.0299296 0.5677699 -0.0321579 0.8220143
40.350540 16.6281567 -1.2608610 11.9496336 0.0299692 0.5704032 -0.0297683 0.8202780
40.556060 16.7587833 -1.2703228 11.9970589 0.0252758 0.5754565 -0.0261890 0.8170221
40.660160 16.8251896 -1.2752156 12.0201435 0.0267432 0.5775916 -0.0248290 0.8155098
40.865860 16.9596500 -1.2852825 12.0658140 0.0379815 0.5813920 -0.0283126 0.8122433
40.969360 17.0286560 -1.2907958 12.0885353 0.0433055 0.5830451 -0.0288622 0.8107712
41.176820 17.1697140 -1.3037280 12.1334686 0.0433678 0.5870532 -0.0207319 0.8081200
41.385110 17.3123188 -1.3165323 12.1791744 0.0429636 0.5911165 -0.0214163 0.8051564
41.592690 17.4562626 -1.3290936 12.2247486 0.0446675 0.5948073 -0.0280643 0.8021356
41.796670 17.6044483 -1.3432038 12.2705870 0.0389417 0.5996028 -0.0273916 0.7988803
42.003560 17.7533188 -1.3562152 12.3138390 0.0399706 0.6039022 -0.0299386 0.7954924
42.210320 17.9049358 -1.3701459 12.3553171 0.0425974 0.6076684 -0.0273430 0.7925761
42.417600 18.0585003 -1.3847929 12.3953218 0.0429067 0.6107379 -0.0258446 0.7902470
42.623970 18.2144108 -1.3992462 12.4359217 0.0414463 0.6130616 -0.0255733 0.7885326
42.830730 18.3715744 -1.4136906 12.4762850 0.0392053 0.6152405 -0.0258605 0.7869393
43.037390 18.5277290 -1.4280952 12.5152369 0.0395583 0.6165973 -0.0283116 0.7857744
43.244710 18.6856022 -1.4423451 12.5543375 0.0393437 0.6180619 -0.0279162 0.7846479
43.450910 18.8405056 -1.4566529 12.5919161 0.0381545 0.6193345 -0.0247375 0.7838093
43.660340 18.9970646 -1.4703258 12.6297598 0.0405008 0.6204934 -0.0282923 0.7826540
43.865300 19.1537189 -1.4851407 12.6662006 0.0414695 0.6223285 -0.0296864 0.7810930
44.071640 19.3099346 -1.5003992 12.7019224 0.0368814 0.6248313 -0.0268931 0.7794244
44.278660 19.4664059 -1.5144129 12.7365713 0.0350534 0.6279638 -0.0261777 0.7770119
44.485720 19.6228600 -1.5271759 12.7699013 0.0359694 0.6312221 -0.0267916 0.7743042
44.692960 19.7783318 -1.5405587 12.8017454 0.0352767 0.6344948 -0.0264359 0.7716690
44.899580 19.9345226 -1.5538369 12.8322458 0.0343528 0.6376206 -0.0272060 0.7691032
45.107140 20.0897236 -1.5667013 12.8614826 0.0325343 0.6407967 -0.0289325 0.7664751
45.313460 20.2447624 -1.5796689 12.8907909 0.0310375 0.6434751 -0.0340299 0.7640802
45.520350 20.3986340 -1.5933316 12.9181395 0.0322287 0.6459484 -0.0377895 0.7617638
45.727180 20.5540714 -1.6073666 12.9438295 0.0294457 0.6485634 -0.0362570 0.7597262
45.830550 20.6313190 -1.6141222 12.9566584 0.0284077 0.6498585 -0.0350636 0.7587143
45.933940 20.7084446 -1.6206585 12.9689999 0.0285098 0.6512300 -0.0345415 0.7575577
46.037440 20.7851562 -1.6270330 12.9806480 0.0285760 0.6526418 -0.0343048 0.7563500
46.244200 20.9373817 -1.6397824 13.0032959 0.0300658 0.6558654 -0.0364135 0.7533994
46.347740 21.0148296 -1.6463256 13.0131092 0.0318446 0.6579579 -0.0314418 0.7517238
46.451100 21.0921516 -1.6525689 13.0227175 0.0298786 0.6595507 -0.0297821 0.7504753
46.657980 21.2429581 -1.6659003 13.0414371 0.0357414 0.6630636 -0.0335043 0.7469583
46.761380 21.3171291 -1.6730298 13.0502272 0.0406119 0.6649581 -0.0370003 0.7448573
46.968250 21.4681301 -1.6883277 13.0669060 0.0381567 0.6689327 -0.0385139 0.7413433
47.071770 21.5439644 -1.6958480 13.0750103 0.0348590 0.6708830 -0.0370800 0.7398148
47.278520 21.6926537 -1.7104065 13.0896111 0.0309048 0.6750829 -0.0375832 0.7361355
47.485460 21.8417015 -1.7238609 13.1030197 0.0257521 0.6804878 -0.0380686 0.7313166
47.692300 21.9884357 -1.7374187 13.1118727 0.0258538 0.6854551 -0.0365765 0.7267358
47.795800 22.0617180 -1.7433573 13.1160393 0.0278937 0.6877528 -0.0373519 0.7244465
48.105950 22.2818508 -1.7620692 13.1253672 0.0274814 0.6946675 -0.0364719 0.7178800
48.209330 22.3549137 -1.7679378 13.1280346 0.0279016 0.6969768 -0.0353710 0.7156771
48.416100 22.4994392 -1.7804441 13.1311283 0.0305557 0.7003049 -0.0368679 0.7122360
48.519480 22.5713425 -1.7868510 13.1323948 0.0316133 0.7015824 -0.0368472 0.7109326
48.726120 22.7162838 -1.7995840 13.1333590 0.0328765 0.7033973 -0.0331036 0.7092641
48.932760 22.8609962 -1.8132960 13.1336136 0.0335447 0.7046447 -0.0300989 0.7081275
49.242780 23.0757580 -1.8314961 13.1345844 0.0377922 0.7049802 -0.0294805 0.7076055
49.346620 23.1462173 -1.8376231 13.1349640 0.0388514 0.7045953 -0.0291330 0.7079459
49.553030 23.2842140 -1.8508294 13.1361923 0.0400278 0.7035033 -0.0279811 0.7090120
49.759580 23.4204388 -1.8640715 13.1378574 0.0395907 0.7018313 -0.0259502 0.7107686
49.966330 23.5533714 -1.8759397 13.1408405 0.0373706 0.6995920 -0.0240095 0.7131606
50.069330 23.6194038 -1.8816296 13.1423712 0.0360350 0.6983092 -0.0238479 0.7144907
50.276120 23.7461891 -1.8926994 13.1471949 0.0340276 0.6954192 -0.0268685 0.7172952
50.483680 23.8700638 -1.9026231 13.1526337 0.0331013 0.6927267 -0.0261573 0.7199651
50.691000 23.9915047 -1.9129342 13.1587305 0.0296668 0.6900880 -0.0260781 0.7226468
50.896200 24.1064777 -1.9218420 13.1654701 0.0310689 0.6871369 -0.0265164 0.7253788
51.103000 24.2163391 -1.9313159 13.1725979 0.0322508 0.6846476 -0.0287442 0.7275928
51.309660 24.3221474 -1.9402386 13.1809368 0.0307404 0.6822563 -0.0308003 0.7298169
51.516920 24.4237385 -1.9492339 13.1892853 0.0297433 0.6798345 -0.0315439 0.7320829
51.723400 24.5205517 -1.9574796 13.1979904 0.0299525 0.6774909 -0.0343172 0.7341193
51.930130 24.6143742 -1.9659240 13.2070303 0.0289510 0.6753531 -0.0349051 0.7360989
52.136910 24.7052517 -1.9739441 13.2160006 0.0285327 0.6731285 -0.0352730 0.7381325
52.343730 24.7923870 -1.9819056 13.2251539 0.0287929 0.6709254 -0.0364696 0.7400677
52.550540 24.8762970 -1.9896474 13.2347155 0.0295969 0.6692606 -0.0375714 0.7414868
52.757460 24.9585705 -1.9965187 13.2443066 0.0302872 0.6681154 -0.0389250 0.7424212
52.964300 25.0393219 -2.0043709 13.2537107 0.0309239 0.6676803 -0.0396165 0.7427498
53.171240 25.1222401 -2.0114512 13.2634106 0.0302476 0.6683206 -0.0402543 0.7421673
53.378120 25.2059631 -2.0192032 13.2720881 0.0303721 0.6695369 -0.0398367 0.7410876
53.688500 25.3361282 -2.0316658 13.2836905 0.0387919 0.6715280 -0.0400903 0.7388762
53.895510 25.4279099 -2.0396156 13.2928610 0.0397787 0.6732220 -0.0416378 0.7371947
54.102390 25.5242500 -2.0498548 13.2999125 0.0417723 0.6745422 -0.0343658 0.7362519
54.309430 25.6237717 -2.0598063 13.3084984 0.0414518 0.6763709 -0.0362008 0.7345024
54.516280 25.7264462 -2.0694263 13.3170300 0.0424785 0.6775601 -0.0354205 0.7333848
54.723200 25.8332558 -2.0796432 13.3242006 0.0440412 0.6785544 -0.0327353 0.7324975
54.930030 25.9422722 -2.0904083 13.3329954 0.0430770 0.6801104 -0.0359285 0.7309606
55.136960 26.0556278 -2.1009376 13.3413382 0.0451782 0.6812818 -0.0378225 0.7296461
55.343740 26.1739864 -2.1134071 13.3499622 0.0418290 0.6825139 -0.0396623 0.7285959
55.550620 26.2937622 -2.1265371 13.3576403 0.0451431 0.6836758 -0.0403872 0.7272677
55.757510 26.4160995 -2.1400335 13.3651638 0.0489758 0.6845360 -0.0434537 0.7260328
55.964160 26.5433617 -2.1549013 13.3720522 0.0492776 0.6853917 -0.0371793 0.7255533
56.170950 26.6723042 -2.1691921 13.3781528 0.0506241 0.6862561 -0.0344820 0.7247763
56.377670 26.8045959 -2.1837010 13.3849287 0.0521916 0.6866702 -0.0351669 0.7242398
56.584420 26.9387207 -2.1978540 13.3921556 0.0520003 0.6862362 -0.0333502 0.7247508
56.791050 27.0762119 -2.2135081 13.4004736 0.0515500 0.6856416 -0.0326296 0.7253782
56.997680 27.2165413 -2.2288973 13.4091549 0.0502450 0.6846360 -0.0315337 0.7264672
57.307630 27.4327221 -2.2511189 13.4224272 0.0513958 0.6822641 -0.0294640 0.7287015
57.514200 27.5777683 -2.2660367 13.4327850 0.0519221 0.6803445 -0.0276139 0.7305292
57.720780 27.7275600 -2.2819564 13.4436188 0.0526098 0.6780916 -0.0266476 0.7326076
57.927360 27.8790970 -2.2972505 13.4560223 0.0533156 0.6757783 -0.0273778 0.7346643
58.133900 28.0317841 -2.3139856 13.4706068 0.0524040 0.6738940 -0.0296255 0.7363715
58.340500 28.1869106 -2.3307331 13.4857683 0.0512157 0.6724613 -0.0302688 0.7377375
58.547070 28.3420296 -2.3474905 13.5004978 0.0491683 0.6713313 -0.0287236 0.7389666
58.753660 28.4977760 -2.3631625 13.5164671 0.0511299 0.6706422 -0.0284898 0.7394681
58.960410 28.6518536 -2.3791258 13.5323420 0.0488544 0.6703140 -0.0289195 0.7399027
59.270460 28.8789730 -2.4034996 13.5562477 0.0473872 0.6700413 -0.0306355 0.7401761
59.477160 29.0308781 -2.4193456 13.5720921 0.0470058 0.6698373 -0.0317184 0.7403393
59.683780 29.1820774 -2.4359920 13.5882530 0.0470876 0.6696903 -0.0318925 0.7404597
59.890360 29.3323269 -2.4523106 13.6049595 0.0466154 0.6695814 -0.0320348 0.7405819
60.097040 29.4828758 -2.4687569 13.6203232 0.0491988 0.6691256 -0.0318921 0.7408329
60.303580 29.6332874 -2.4846027 13.6362247 0.0481316 0.6682690 -0.0284349 0.7418162
60.510030 29.7822285 -2.5008953 13.6516829 0.0543586 0.6662204 -0.0275901 0.7432593
60.716680 29.9309673 -2.5172737 13.6677074 0.0579432 0.6637195 -0.0263764 0.7452673
60.923310 30.0797920 -2.5347552 13.6859274 0.0594085 0.6611400 -0.0260624 0.7474525
61.233200 30.3021145 -2.5599859 13.7156878 0.0555813 0.6568984 -0.0243116 0.7515345
61.439830 30.4500694 -2.5758846 13.7380590 0.0538067 0.6531925 -0.0245828 0.7548775
61.646430 30.5953617 -2.5919085 13.7606735 0.0526329 0.6487011 -0.0252098 0.7588025
61.853030 30.7410946 -2.6074693 13.7865276 0.0523328 0.6427943 -0.0272089 0.7637646
62.162940 30.9593887 -2.6321146 13.8306761 0.0514101 0.6319478 -0.0293368 0.7727472
62.369430 31.1064014 -2.6485662 13.8635445 0.0504404 0.6247276 -0.0299978 0.7786343
62.576200 31.2518463 -2.6649153 13.8987522 0.0492947 0.6186866 -0.0309018 0.7834807
62.782780 31.3980160 -2.6820416 13.9357271 0.0487653 0.6142657 -0.0319458 0.7869428
62.989540 31.5452061 -2.6986291 13.9750662 0.0479865 0.6106275 -0.0323072 0.7898023
63.196200 31.6904526 -2.7150507 14.0146208 0.0483239 0.6070263 -0.0322277 0.7925561
63.402810 31.8386669 -2.7311563 14.0566473 0.0476495 0.6034555 -0.0318202 0.7953355
63.609460 31.9864807 -2.7480538 14.1006413 0.0460000 0.5998130 -0.0305747 0.7982315
63.919450 32.2033195 -2.7720320 14.1668243 0.0441347 0.5943285 -0.0299085 0.8024533
64.125870 32.3472710 -2.7876017 14.2128639 0.0452414 0.5903800 -0.0331963 0.8051724
64.435680 32.5601578 -2.8109450 14.2837887 0.0402011 0.5863096 -0.0331277 0.8084105
64.745710 32.7697182 -2.8329215 14.3551922 0.0414001 0.5846660 -0.0394435 0.8092564
64.952280 32.9073563 -2.8484781 14.4025927 0.0379786 0.5843876 -0.0398741 0.8096041
65.158820 33.0422363 -2.8635576 14.4495811 0.0338162 0.5844807 -0.0392264 0.8097531
65.365480 33.1769867 -2.8772669 14.4952908 0.0342750 0.5848468 -0.0390352 0.8094787
65.571960 33.3119545 -2.8900611 14.5404224 0.0355558 0.5853726 -0.0364408 0.8091643
65.778660 33.4455185 -2.9043252 14.5850954 0.0362254 0.5855765 -0.0361972 0.8089979
66.088540 33.6479607 -2.9248693 14.6530380 0.0403671 0.5858758 -0.0379860 0.8085030
66.295140 33.7845879 -2.9394445 14.6987143 0.0386691 0.5861253 -0.0368515 0.8084576
66.503710 33.9234428 -2.9538856 14.7447224 0.0412603 0.5859076 -0.0376869 0.8084489
66.712060 34.0650368 -2.9687059 14.7918854 0.0415347 0.5858079 -0.0372494 0.8085273
66.914810 34.2097549 -2.9844444 14.8400602 0.0416335 0.5855981 -0.0349242 0.8087780
67.122370 34.3565445 -2.9997835 14.8880758 0.0451623 0.5849752 -0.0323018 0.8091483
67.327990 34.5042915 -3.0154469 14.9364128 0.0474465 0.5838181 -0.0289164 0.8099809
67.534610 34.6510544 -3.0311866 14.9858007 0.0465455 0.5831665 -0.0267971 0.8105752
67.844550 34.8716011 -3.0543468 15.0611935 0.0425292 0.5825688 -0.0246349 0.8112940
68.051170 35.0161438 -3.0691593 15.1106300 0.0452089 0.5818835 -0.0251958 0.8116236
68.361010 35.2308464 -3.0913420 15.1845875 0.0440128 0.5812771 -0.0224393 0.8122046
68.670920 35.4386177 -3.1124690 15.2559204 0.0433055 0.5816987 -0.0221090 0.8119498
68.981020 35.6391830 -3.1325626 15.3237858 0.0418485 0.5829365 -0.0200433 0.8111917
69.394410 35.8931160 -3.1585286 15.4095812 0.0479007 0.5850206 -0.0253469 0.8092058
69.600870 36.0184441 -3.1716216 15.4508953 0.0464799 0.5861014 -0.0246575 0.8085276
69.910950 36.2034302 -3.1903927 15.5111647 0.0453446 0.5873283 -0.0218557 0.8077820
70.118000 36.3261261 -3.2032392 15.5517511 0.0466172 0.5875264 -0.0227280 0.8075413
70.429610 36.5087242 -3.2220192 15.6099682 0.0492023 0.5874449 -0.0220190 0.8074669
70.738030 36.6919441 -3.2406659 15.6698380 0.0490965 0.5872917 -0.0224838 0.8075720
71.049300 36.8765945 -3.2598736 15.7299118 0.0476298 0.5856610 -0.0200075 0.8089080
71.359740 37.0546036 -3.2782114 15.7905560 0.0468043 0.5833557 -0.0214063 0.8105845
71.668000 37.2242126 -3.2958992 15.8492680 0.0456193 0.5812059 -0.0221295 0.8121754
72.084410 37.4380951 -3.3181927 15.9243641 0.0443849 0.5794235 -0.0219778 0.8135204
72.495110 37.6370049 -3.3392556 15.9954872 0.0447447 0.5774568 -0.0214165 0.8149129
72.804810 37.7783623 -3.3534141 16.0456486 0.0445450 0.5760856 -0.0219530 0.8158793
73.114920 37.9110413 -3.3672206 16.0936794 0.0423887 0.5751822 -0.0223327 0.8166211
73.528470 38.0744972 -3.3841283 16.1541595 0.0449037 0.5740444 -0.0246360 0.8172207
73.735300 38.1508446 -3.3917570 16.1823406 0.0466051 0.5733348 -0.0250076 0.8176123
73.942010 38.2230453 -3.3993955 16.2087555 0.0463221 0.5733784 -0.0243314 0.8176181
74.150730 38.2913017 -3.4069691 16.2338257 0.0447341 0.5744402 -0.0243695 0.8169599
74.355660 38.3555908 -3.4140689 16.2569523 0.0443005 0.5755285 -0.0237615 0.8162351
74.769280 38.4743576 -3.4264405 16.2990875 0.0435504 0.5772610 -0.0226268 0.8150836
74.976100 38.5274048 -3.4317529 16.3186073 0.0426432 0.5782436 -0.0233245 0.8144150
75.182880 38.5777817 -3.4370182 16.3363647 0.0423363 0.5791231 -0.0234992 0.8138008
75.699680 38.6942558 -3.4483883 16.3765335 0.0431775 0.5798960 -0.0237278 0.8131995
75.906260 38.7389336 -3.4526312 16.3931293 0.0422948 0.5790487 -0.0244237 0.8138288
76.319510 38.8271790 -3.4614134 16.4260521 0.0421629 0.5729354 -0.0247012 0.8181425
76.526720 38.8719177 -3.4657376 16.4441948 0.0421158 0.5655189 -0.0259544 0.8232502
76.938900 38.9644241 -3.4750528 16.4869957 0.0422222 0.5418829 -0.0284704 0.8389098
77.248120 39.0331039 -3.4825945 16.5253506 0.0434766 0.5157824 -0.0318484 0.8550228
77.454530 39.0767365 -3.4878640 16.5531693 0.0432671 0.4965737 -0.0346717 0.8662219
77.868560 39.1590424 -3.4972882 16.6086407 0.0422156 0.4891633 -0.0427773 0.8701191
78.490350 39.2771225 -3.5123136 16.6650105 0.0461354 0.5361308 -0.0375786 0.8420351
78.800950 39.3416634 -3.5202250 16.6879101 0.0465579 0.5633384 -0.0353056 0.8241576
79.114220 39.4080887 -3.5282333 16.7074966 0.0485008 0.5831136 -0.0321454 0.8103042
79.422000 39.4720955 -3.5355217 16.7258549 0.0470594 0.5943787 -0.0291042 0.8022795
79.733660 39.5292473 -3.5421615 16.7430706 0.0478718 0.5914919 -0.0281385 0.8043965
80.350710 39.6190224 -3.5530450 16.7823334 0.0424202 0.5576853 -0.0330345 0.8283094
80.555530 39.6417732 -3.5558355 16.7932625 0.0467032 0.5441734 -0.0287146 0.8371795
80.971640 39.6769447 -3.5603840 16.8169632 0.0454254 0.5162617 -0.0344889 0.8545297
81.174860 39.6921082 -3.5619745 16.8275509 0.0440294 0.5039704 -0.0347346 0.8618984
81.588120 39.7178459 -3.5647905 16.8471966 0.0428318 0.4823650 -0.0335609 0.8742787
82.208520 39.7405663 -3.5683019 16.8699207 0.0388295 0.4603982 -0.0421457 0.8858609
82.518840 39.7501068 -3.5693159 16.8785152 0.0370823 0.4530461 -0.0403714 0.8898001
