0.000000 0.0000000 0.0000000 0.0000000 0.0000000 0.0000000 0.0000000 1.0000000
0.104128 -0.0001397 -0.0008624 0.0516119 -0.0008728 -0.0001627 0.0003061 0.9999996
0.208254 -0.0002888 -0.0016451 0.1035285 -0.0008877 -0.0003372 0.0007766 0.9999992
0.312504 -0.0005131 -0.0023391 0.1552510 -0.0003158 -0.0003600 0.0016082 0.9999986
0.416625 -0.0006888 -0.0032116 0.2073320 -0.0003623 -0.0003127 0.0017921 0.9999983
0.520755 -0.0007781 -0.0038517 0.2593254 -0.0006968 -0.0003011 0.0019860 0.9999977
0.625004 -0.0008243 -0.0048603 0.3118775 -0.0014121 -0.0003027 0.0027381 0.9999952
0.729128 -0.0010491 -0.0053312 0.3643616 -0.0015114 -0.0004348 0.0024337 0.9999958
0.833252 -0.0012480 -0.0061135 0.4168172 -0.0005939 -0.0006021 0.0020329 0.9999976
0.937506 -0.0016749 -0.0069449 0.4693455 0.0004977 -0.0006709 0.0006160 0.9999995
1.041630 -0.0022305 -0.0080671 0.5221225 0.0007932 -0.0004845 -0.0010376 0.9999990
1.145875 -0.0025881 -0.0088155 0.5752078 0.0009546 -0.0004835 -0.0021924 0.9999970
1.250003 -0.0026289 -0.0097150 0.6285679 0.0005234 -0.0005788 -0.0027510 0.9999959
1.354255 -0.0027740 -0.0106311 0.6817082 -0.0008721 -0.0003568 -0.0015124 0.9999984
1.458401 -0.0027988 -0.0114730 0.7350990 -0.0018389 -0.0002883 0.0006701 0.9999980
1.562526 -0.0029343 -0.0122037 0.7885033 -0.0007315 -0.0004271 0.0018817 0.9999979
1.666754 -0.0031533 -0.0129400 0.8418849 0.0003381 -0.0004266 0.0023545 0.9999971
1.771007 -0.0034659 -0.0139988 0.8956069 0.0011258 -0.0001711 0.0012226 0.9999986
1.875129 -0.0038929 -0.0147339 0.9494206 0.0001524 0.0001977 -0.0002962 0.9999999
2.083502 -0.0045658 -0.0159833 1.0578645 -0.0025346 0.0008086 0.0006831 0.9999962
2.291881 -0.0049516 -0.0179199 1.1664355 -0.0007965 0.0007704 0.0030062 0.9999949
2.500257 -0.0051119 -0.0194224 1.2767121 0.0009296 0.0011930 0.0015718 0.9999976
2.708628 -0.0052032 -0.0213811 1.3866667 0.0017186 0.0014211 0.0007323 0.9999973
2.916881 -0.0056131 -0.0235807 1.4958616 0.0002697 0.0012384 -0.0003522 0.9999991
3.125256 -0.0059977 -0.0250676 1.6075761 0.0003930 0.0012991 -0.0026811 0.9999955
3.333502 -0.0062616 -0.0269803 1.7198352 0.0001293 0.0010199 -0.0041122 0.9999910
3.541754 -0.0065651 -0.0286433 1.8319066 0.0005239 0.0005059 -0.0033473 0.9999941
3.750007 -0.0072437 -0.0308760 1.9448175 -0.0003069 -0.0003623 -0.0032423 0.9999946
3.958276 -0.0082000 -0.0325466 2.0580218 -0.0001466 -0.0012901 -0.0036204 0.9999926
4.166506 -0.0091397 -0.0342694 2.1721735 -0.0010425 -0.0023675 -0.0030746 0.9999919
4.374756 -0.0101000 -0.0358782 2.2853510 -0.0007152 -0.0026892 -0.0013558 0.9999952
4.583132 -0.0111644 -0.0377277 2.3978145 -0.0013578 -0.0025638 0.0000522 0.9999958
4.791384 -0.0119259 -0.0399922 2.5091817 -0.0016588 -0.0022800 0.0019257 0.9999942
4.999630 -0.0126131 -0.0416029 2.6209214 -0.0009595 -0.0017400 0.0024212 0.9999951
5.207869 -0.0135065 -0.0435851 2.7327147 -0.0015718 -0.0010343 0.0000266 0.9999982
5.416245 -0.0145109 -0.0454429 2.8438795 -0.0025203 -0.0004045 -0.0033405 0.9999912
5.624505 -0.0159559 -0.0467740 2.9536483 -0.0019120 0.0004482 -0.0072762 0.9999716
5.832639 -0.0165045 -0.0485331 3.0635171 -0.0019508 0.0008108 -0.0083968 0.9999625
6.040889 -0.0169534 -0.0504106 3.1717718 -0.0014844 0.0008607 -0.0070183 0.9999739
6.249010 -0.0174497 -0.0523816 3.2799654 -0.0015692 0.0005153 -0.0067183 0.9999760
6.353135 -0.0174149 -0.0532869 3.3337209 -0.0013945 0.0002509 -0.0066744 0.9999767
6.561386 -0.0183401 -0.0545112 3.4427340 -0.0017453 -0.0007696 -0.0064582 0.9999774
6.665511 -0.0184777 -0.0556703 3.4954879 -0.0023239 -0.0011761 -0.0054965 0.9999815
6.873636 -0.0189757 -0.0571913 3.6026754 -0.0026085 -0.0021414 -0.0031871 0.9999892
7.081885 -0.0194744 -0.0582911 3.7107944 -0.0020534 -0.0027256 -0.0018907 0.9999924
7.290011 -0.0204236 -0.0601129 3.8167846 -0.0015972 -0.0028261 -0.0019924 0.9999927
7.498256 -0.0215424 -0.0617951 3.9215069 -0.0013816 -0.0024985 -0.0030188 0.9999914
7.706383 -0.0227271 -0.0634222 4.0256324 -0.0028695 -0.0023288 -0.0034226 0.9999873
7.914632 -0.0238406 -0.0650347 4.1296902 -0.0009116 -0.0022520 -0.0030036 0.9999925
8.122760 -0.0248132 -0.0667679 4.2332797 -0.0010271 -0.0021804 -0.0013418 0.9999962
8.331011 -0.0254831 -0.0684824 4.3364725 -0.0023227 -0.0014197 0.0005566 0.9999961
8.539282 -0.0260885 -0.0697362 4.4393644 -0.0003512 -0.0007714 0.0002197 0.9999996
8.747509 -0.0271177 -0.0716425 4.5418811 0.0006032 0.0006609 -0.0022649 0.9999970
8.955763 -0.0272253 -0.0733999 4.6454182 -0.0015185 0.0017246 -0.0028718 0.9999932
9.164012 -0.0271782 -0.0746467 4.7493691 -0.0015292 0.0025356 -0.0023843 0.9999928
9.372259 -0.0274474 -0.0760141 4.8529859 -0.0009312 0.0038304 -0.0045324 0.9999819
9.580513 -0.0273911 -0.0776367 4.9570670 -0.0000983 0.0049420 -0.0054429 0.9999729
9.788784 -0.0268593 -0.0797022 5.0604548 -0.0006959 0.0059178 -0.0048900 0.9999703
9.997010 -0.0258854 -0.0813892 5.1638603 -0.0013055 0.0064455 -0.0037662 0.9999713
10.205260 -0.0250722 -0.0830422 5.2684503 -0.0017381 0.0063357 -0.0020157 0.9999764
10.413390 -0.0242959 -0.0846412 5.3722291 -0.0015643 0.0054949 -0.0005716 0.9999835
10.621640 -0.0236859 -0.0860458 5.4769888 -0.0019193 0.0044583 0.0005203 0.9999881
10.829890 -0.0234333 -0.0875904 5.5810971 -0.0016170 0.0033105 0.0008757 0.9999928
11.038140 -0.0229211 -0.0890370 5.6859865 -0.0001953 0.0021340 0.0020601 0.9999956
11.246390 -0.0224770 -0.0909755 5.7903867 -0.0012819 0.0011797 0.0085838 0.9999616
11.454640 -0.0219673 -0.0921833 5.8947029 -0.0002028 -0.0001818 0.0135472 0.9999082
11.663020 -0.0225870 -0.0946428 5.9985862 0.0022251 0.0005626 0.0113645 0.9999328
11.871260 -0.0223443 -0.0966032 6.1037149 0.0006771 0.0011609 0.0129204 0.9999156
12.079640 -0.0217802 -0.0983835 6.2087107 -0.0014968 0.0014184 0.0173611 0.9998472
12.287890 -0.0213362 -0.0998127 6.3138962 -0.0017143 0.0017866 0.0169871 0.9998527
12.496260 -0.0216047 -0.1015613 6.4188738 -0.0002138 0.0027812 0.0132734 0.9999080
12.704520 -0.0218023 -0.1032228 6.5241833 -0.0003888 0.0034320 0.0106919 0.9999369
13.016890 -0.0219253 -0.1061051 6.6812167 0.0022668 0.0028044 0.0072726 0.9999670
13.225270 -0.0221303 -0.1081694 6.7868338 0.0023487 0.0028223 0.0022408 0.9999908
13.433520 -0.0226566 -0.1101547 6.8926635 0.0003275 0.0032596 0.0004253 0.9999945
13.641770 -0.0221936 -0.1120111 6.9994869 -0.0003043 0.0019667 0.0035245 0.9999918
13.850020 -0.0223124 -0.1141111 7.1069474 0.0039348 0.0001004 0.0025762 0.9999889
14.058400 -0.0233034 -0.1162081 7.2147098 0.0038773 -0.0002952 -0.0014252 0.9999914
14.266640 -0.0243507 -0.1184969 7.3224859 0.0011970 0.0001586 -0.0029871 0.9999948
14.474890 -0.0244569 -0.1205248 7.4308810 0.0003490 0.0000699 -0.0014932 0.9999988
14.683140 -0.0243726 -0.1224896 7.5391955 0.0000849 0.0001500 0.0011957 0.9999993
14.891390 -0.0242556 -0.1243510 7.6480603 -0.0013054 0.0005823 0.0048898 0.9999870
15.099640 -0.0240523 -0.1258174 7.7579494 0.0009792 0.0007698 0.0051904 0.9999858
15.308020 -0.0256374 -0.1281090 7.8671298 0.0034884 0.0017819 -0.0030274 0.9999877
15.516270 -0.0259605 -0.1300341 7.9777141 0.0006854 0.0026252 -0.0073029 0.9999697
15.724520 -0.0257997 -0.1318728 8.0883474 0.0005872 0.0018577 -0.0050137 0.9999855
15.932650 -0.0253322 -0.1338465 8.2001286 0.0011135 0.0009756 -0.0040951 0.9999905
16.140900 -0.0260051 -0.1359535 8.3124123 0.0005798 0.0009957 -0.0054538 0.9999844
16.349140 -0.0263905 -0.1379534 8.4264097 0.0013909 0.0006833 -0.0051109 0.9999858
16.557390 -0.0265281 -0.1403855 8.5399075 0.0015241 0.0003585 -0.0049485 0.9999865
16.765650 -0.0263399 -0.1424587 8.6544924 0.0017337 -0.0002725 -0.0047996 0.9999869
16.973770 -0.0274474 -0.1449090 8.7682943 0.0018934 -0.0003967 -0.0052009 0.9999846
17.182030 -0.0280743 -0.1471139 8.8835440 0.0019821 -0.0006818 -0.0048250 0.9999862
17.390270 -0.0285162 -0.1492440 8.9997120 0.0020466 -0.0006763 -0.0035007 0.9999915
17.598420 -0.0296684 -0.1519606 9.1155367 0.0014365 -0.0005252 -0.0028536 0.9999948
17.806640 -0.0300645 -0.1540881 9.2323570 0.0020454 -0.0005363 -0.0032002 0.9999927
18.014770 -0.0306641 -0.1561792 9.3488779 0.0006726 -0.0000142 -0.0039284 0.9999921
18.223020 -0.0310832 -0.1585920 9.4652662 0.0011014 0.0005016 -0.0040190 0.9999912
18.431150 -0.0314773 -0.1607977 9.5821743 0.0016015 0.0008315 -0.0042073 0.9999895
18.639420 -0.0317737 -0.1631856 9.6989470 0.0008081 0.0005986 -0.0042284 0.9999905
18.847540 -0.0326813 -0.1655058 9.8163013 0.0006019 0.0006985 -0.0049091 0.9999875
19.055650 -0.0333171 -0.1669764 9.9333229 0.0007966 0.0007794 -0.0058548 0.9999822
19.159650 -0.0337796 -0.1681523 9.9919567 0.0006068 0.0008897 -0.0049006 0.9999874
19.367870 -0.0340841 -0.1700280 10.1100950 -0.0000083 0.0009242 -0.0029563 0.9999952
19.575900 -0.0338123 -0.1721318 10.2276840 0.0007577 0.0004271 -0.0012431 0.9999989
19.784020 -0.0344148 -0.1741907 10.3444662 -0.0012292 0.0011109 0.0010646 0.9999980
19.992130 -0.0345980 -0.1760881 10.4611721 -0.0003370 0.0014762 0.0015751 0.9999976
20.200150 -0.0347298 -0.1778710 10.5782194 -0.0001271 0.0022704 -0.0002330 0.9999974
20.408270 -0.0347173 -0.1802015 10.6956635 -0.0000492 0.0030827 -0.0011021 0.9999946
20.616400 -0.0355338 -0.1823806 10.8144855 0.0005223 0.0041220 -0.0024377 0.9999884
20.824520 -0.0352271 -0.1847799 10.9317713 0.0005537 0.0050091 -0.0016900 0.9999859
21.032780 -0.0342967 -0.1871417 11.0475264 -0.0001550 0.0055807 -0.0007943 0.9999841
21.240880 -0.0332856 -0.1890799 11.1646471 0.0022522 0.0053829 0.0001848 0.9999830
21.344920 -0.0328851 -0.1903889 11.2230434 0.0022691 0.0049622 -0.0000760 0.9999851
21.552900 -0.0321102 -0.1924930 11.3404264 0.0026397 0.0040697 0.0004842 0.9999881
21.761020 -0.0328709 -0.1950156 11.4576006 0.0025600 0.0038443 -0.0002066 0.9999893
21.969150 -0.0326554 -0.1972344 11.5727825 0.0017649 0.0029669 -0.0005644 0.9999939
22.177150 -0.0325039 -0.1990389 11.6894388 0.0012364 0.0030961 -0.0016911 0.9999930
22.385270 -0.0323886 -0.2012768 11.8061028 0.0013998 0.0037285 -0.0011092 0.9999915
22.489270 -0.0319727 -0.2022410 11.8645830 0.0019727 0.0037196 -0.0000342 0.9999911
22.697420 -0.0315035 -0.2047880 11.9832945 0.0033362 0.0039037 0.0010880 0.9999862
22.905400 -0.0314036 -0.2074445 12.1019440 0.0034387 0.0018384 -0.0000145 0.9999924
23.113490 -0.0314137 -0.2098010 12.2223568 0.0003011 0.0018370 0.0001126 0.9999983
23.217420 -0.0316474 -0.2105895 12.2823210 0.0000638 0.0020853 0.0002968 0.9999978
23.425400 -0.0313100 -0.2126923 12.4021902 0.0007917 0.0022537 0.0013007 0.9999963
23.529550 -0.0314615 -0.2137970 12.4615335 0.0006615 0.0024635 0.0013788 0.9999958
23.633550 -0.0312255 -0.2150056 12.5217028 0.0006911 0.0026785 0.0013174 0.9999953
23.737530 -0.0316349 -0.2159230 12.5811272 0.0012808 0.0029998 0.0003389 0.9999946
23.841660 -0.0314974 -0.2174159 12.6405172 0.0014524 0.0033582 0.0001541 0.9999933
23.945650 -0.0312829 -0.2186025 12.6999998 0.0004544 0.0037359 0.0007299 0.9999927
24.049650 -0.0311559 -0.2195379 12.7597160 0.0001128 0.0038670 0.0012227 0.9999918
24.153670 -0.0309369 -0.2207604 12.8187580 0.0005260 0.0038183 0.0020445 0.9999905
24.257780 -0.0305945 -0.2216310 12.8782606 0.0006468 0.0037607 0.0012897 0.9999919
24.465780 -0.0299834 -0.2244164 12.9965124 0.0031094 0.0032896 -0.0006110 0.9999896
24.673900 -0.0296746 -0.2270684 13.1154709 0.0010232 0.0022640 -0.0014926 0.9999958
24.882030 -0.0300771 -0.2291585 13.2331610 0.0003821 0.0011369 -0.0022796 0.9999967
25.090170 -0.0304949 -0.2316256 13.3519058 0.0004472 -0.0007403 -0.0013181 0.9999987
25.298280 -0.0310956 -0.2341148 13.4694309 0.0004693 -0.0013857 -0.0002136 0.9999989
25.506530 -0.0320361 -0.2362762 13.5872145 0.0009437 -0.0015289 0.0001362 0.9999984
25.714650 -0.0325040 -0.2388068 13.7044420 0.0012292 -0.0016391 0.0004529 0.9999978
25.818650 -0.0326783 -0.2401503 13.7632570 0.0013666 -0.0018742 0.0008414 0.9999970
26.026980 -0.0335423 -0.2422809 13.8809690 0.0017622 -0.0017702 0.0009652 0.9999964
26.235050 -0.0343242 -0.2448068 13.9979172 0.0015057 -0.0017375 0.0023112 0.9999947
26.443290 -0.0350688 -0.2472082 14.1158352 0.0015804 -0.0015848 0.0032802 0.9999921
26.651410 -0.0359076 -0.2493277 14.2336321 0.0016151 -0.0013099 0.0020438 0.9999958
26.757930 -0.0363242 -0.2502626 14.2926741 0.0013406 -0.0011829 0.0013544 0.9999975
26.862580 -0.0363940 -0.2514516 14.3515472 0.0014653 -0.0010914 0.0012652 0.9999975
26.963660 -0.0371113 -0.2528010 14.4100437 0.0016955 -0.0008353 0.0014945 0.9999971
27.067820 -0.0373293 -0.2537130 14.4691133 0.0020718 -0.0007876 0.0011544 0.9999968
27.276060 -0.0383465 -0.2560802 14.5873699 0.0021514 -0.0004567 0.0004905 0.9999974
27.380140 -0.0386628 -0.2571899 14.6465158 0.0018771 -0.0004077 -0.0000996 0.9999982
27.484700 -0.0386610 -0.2582749 14.7050457 0.0022840 -0.0004823 -0.0008275 0.9999969
27.588410 -0.0391939 -0.2594489 14.7634344 0.0026234 -0.0000864 -0.0012808 0.9999957
27.692530 -0.0395572 -0.2605401 14.8220110 0.0026998 -0.0000306 -0.0018891 0.9999946
27.796540 -0.0398430 -0.2617755 14.8811922 0.0021008 0.0000311 -0.0023743 0.9999950
27.900670 -0.0403476 -0.2625480 14.9399538 0.0023424 0.0003098 -0.0029128 0.9999930
28.005230 -0.0403493 -0.2639519 14.9992046 0.0022859 0.0002715 -0.0030895 0.9999925
28.108940 -0.0410513 -0.2648301 15.0585318 0.0025055 0.0005931 -0.0033168 0.9999912
