0.000000 0.0000000 0.0000000 0.0000000 0.0000000 0.0000000 0.0000000 1.0000000
0.104128 -0.0001844 -0.0008752 0.0516011 -0.0008927 -0.0001163 0.0002832 0.9999996
0.208254 -0.0001834 -0.0016773 0.1035000 -0.0009394 -0.0003553 0.0007890 0.9999992
0.312504 -0.0004140 -0.0023948 0.1552325 -0.0003789 -0.0003505 0.0015948 0.9999986
0.416625 -0.0006598 -0.0032002 0.2075061 -0.0003861 -0.0002885 0.0018080 0.9999983
0.520755 -0.0006079 -0.0039024 0.2598484 -0.0007658 -0.0003761 0.0020539 0.9999976
0.625004 -0.0006695 -0.0049078 0.3125061 -0.0015064 -0.0003600 0.0028120 0.9999949
0.729128 -0.0010699 -0.0054459 0.3649510 -0.0016471 -0.0004183 0.0025286 0.9999954
0.833252 -0.0012731 -0.0061933 0.4174015 -0.0007209 -0.0005783 0.0020650 0.9999974
0.937506 -0.0017619 -0.0070874 0.4699122 0.0002920 -0.0006354 0.0006766 0.9999995
1.041630 -0.0024315 -0.0079663 0.5224596 0.0007568 -0.0003959 -0.0010562 0.9999990
1.145875 -0.0026927 -0.0087161 0.5758256 0.0009215 -0.0004331 -0.0021736 0.9999971
1.250003 -0.0028413 -0.0095731 0.6291959 0.0005194 -0.0004544 -0.0027017 0.9999961
1.354255 -0.0030100 -0.0106762 0.6822170 -0.0010432 -0.0002437 -0.0014458 0.9999984
1.458401 -0.0029815 -0.0113820 0.7358336 -0.0018922 -0.0001869 0.0007483 0.9999979
1.562526 -0.0029312 -0.0121511 0.7893566 -0.0007839 -0.0004167 0.0021158 0.9999974
1.771007 -0.0033879 -0.0138787 0.8966025 0.0010915 -0.0001518 0.0011656 0.9999987
1.875129 -0.0035660 -0.0147540 0.9510022 0.0000532 0.0000760 -0.0000873 1.0000000
2.083502 -0.0044807 -0.0159689 1.0596192 -0.0026207 0.0007543 0.0008017 0.9999959
2.291881 -0.0047637 -0.0178170 1.1687489 -0.0008218 0.0006427 0.0033288 0.9999939
2.500257 -0.0048357 -0.0192969 1.2796031 0.0008869 0.0010059 0.0021466 0.9999968
2.708628 -0.0050112 -0.0212230 1.3887575 0.0016604 0.0013499 0.0013574 0.9999968
2.916881 -0.0053087 -0.0232654 1.4987496 0.0002734 0.0010862 0.0003747 0.9999993
3.125256 -0.0056898 -0.0252448 1.6100987 0.0002454 0.0011039 -0.0019069 0.9999976
3.333502 -0.0060197 -0.0269893 1.7224648 0.0000020 0.0009082 -0.0034898 0.9999935
3.541754 -0.0062206 -0.0287701 1.8343378 0.0003666 0.0003424 -0.0025777 0.9999965
3.750007 -0.0068983 -0.0308377 1.9470385 -0.0003882 -0.0005349 -0.0024357 0.9999968
3.958276 -0.0077220 -0.0325325 2.0604703 -0.0002904 -0.0015621 -0.0023821 0.9999959
4.166506 -0.0088159 -0.0341250 2.1745143 -0.0011095 -0.0025033 -0.0020887 0.9999940
4.374756 -0.0097071 -0.0357956 2.2875919 -0.0008650 -0.0029184 -0.0003127 0.9999953
4.583132 -0.0105875 -0.0375372 2.4003599 -0.0014401 -0.0028283 0.0012059 0.9999942
4.791384 -0.0113913 -0.0397717 2.5122647 -0.0017661 -0.0024804 0.0029465 0.9999910
4.999630 -0.0118885 -0.0412456 2.6238046 -0.0011253 -0.0020634 0.0037987 0.9999900
5.207869 -0.0130208 -0.0433655 2.7336507 -0.0017876 -0.0013814 0.0012223 0.9999967
5.416245 -0.0142048 -0.0450485 2.8438845 -0.0026943 -0.0006395 -0.0023477 0.9999934
5.624505 -0.0153265 -0.0462972 2.9538858 -0.0021020 0.0000866 -0.0062594 0.9999782
5.832639 -0.0157244 -0.0480711 3.0634482 -0.0020685 0.0004095 -0.0073876 0.9999705
6.040889 -0.0162722 -0.0497286 3.1722767 -0.0015418 0.0003543 -0.0061130 0.9999800
6.145012 -0.0161262 -0.0505636 3.2255249 -0.0014737 0.0000921 -0.0058603 0.9999818
6.353135 -0.0167827 -0.0520830 3.3334658 -0.0012025 -0.0002266 -0.0058295 0.9999822
6.561386 -0.0175254 -0.0537195 3.4420085 -0.0017931 -0.0012792 -0.0053856 0.9999831
6.769636 -0.0182039 -0.0551769 3.5492914 -0.0024256 -0.0023644 -0.0032501 0.9999890
6.977759 -0.0180042 -0.0571071 3.6553025 -0.0024514 -0.0033058 -0.0011989 0.9999908
7.186013 -0.0193077 -0.0588163 3.7608349 -0.0020407 -0.0034648 -0.0007438 0.9999917
7.394135 -0.0206995 -0.0601583 3.8661039 -0.0012861 -0.0033324 -0.0008719 0.9999933
7.602386 -0.0217288 -0.0616009 3.9702542 -0.0022005 -0.0031548 -0.0013971 0.9999917
7.810511 -0.0230514 -0.0637020 4.0724006 -0.0023261 -0.0029180 -0.0019979 0.9999911
8.018763 -0.0237996 -0.0651806 4.1762319 -0.0005188 -0.0031955 -0.0012413 0.9999940
8.226883 -0.0248105 -0.0669906 4.2796049 -0.0022948 -0.0028407 0.0011904 0.9999926
8.435138 -0.0259461 -0.0680718 4.3822536 -0.0015909 -0.0018945 0.0021394 0.9999946
8.643387 -0.0266417 -0.0700663 4.4847245 0.0004227 -0.0010833 0.0004326 0.9999992
8.851635 -0.0275060 -0.0715014 4.5871687 -0.0003161 0.0002972 -0.0020848 0.9999977
9.059886 -0.0280310 -0.0729961 4.6888990 -0.0017044 0.0011726 -0.0017510 0.9999963
9.268135 -0.0281220 -0.0743782 4.7902784 -0.0011998 0.0023061 -0.0026827 0.9999930
9.476392 -0.0281427 -0.0756305 4.8918700 -0.0005017 0.0034906 -0.0039600 0.9999859
9.684640 -0.0283573 -0.0771349 4.9941335 0.0001293 0.0046248 -0.0042015 0.9999804
9.892888 -0.0276914 -0.0791116 5.0960917 -0.0010237 0.0054009 -0.0034388 0.9999790
10.101140 -0.0268509 -0.0806250 5.1986747 -0.0011598 0.0055207 -0.0019457 0.9999822
10.309390 -0.0263666 -0.0820323 5.3007984 -0.0012120 0.0051879 -0.0006495 0.9999856
10.517510 -0.0255302 -0.0837049 5.4031487 -0.0015905 0.0039490 0.0008769 0.9999905
10.725760 -0.0252061 -0.0852076 5.5055685 -0.0016466 0.0027977 0.0016862 0.9999933
10.934020 -0.0252176 -0.0865787 5.6076341 -0.0011042 0.0018430 0.0015857 0.9999964
11.142270 -0.0249652 -0.0882471 5.7102189 0.0004069 0.0007024 0.0052800 0.9999858
11.350520 -0.0246839 -0.0897734 5.8128920 -0.0014207 -0.0004671 0.0123771 0.9999223
11.558780 -0.0248302 -0.0919383 5.9153161 0.0015897 -0.0008794 0.0138184 0.9999028
11.767160 -0.0257066 -0.0941765 6.0177174 0.0026410 0.0000033 0.0119567 0.9999250
11.975390 -0.0256965 -0.0963518 6.1203094 -0.0005182 0.0005023 0.0161168 0.9998699
12.183770 -0.0252348 -0.0979700 6.2240276 -0.0010774 0.0004683 0.0188145 0.9998223
12.392020 -0.0252553 -0.0992480 6.3268819 -0.0009122 0.0014839 0.0156809 0.9998755
12.600390 -0.0259543 -0.1008004 6.4299598 0.0006399 0.0023941 0.0123890 0.9999202
12.808640 -0.0256295 -0.1027769 6.5335894 0.0001502 0.0023630 0.0104658 0.9999424
13.016890 -0.0258327 -0.1047274 6.6365547 0.0028168 0.0017918 0.0076846 0.9999649
13.225270 -0.0267827 -0.1068705 6.7398372 0.0028632 0.0020002 0.0027041 0.9999902
13.433520 -0.0272390 -0.1089629 6.8429027 0.0007064 0.0023549 0.0011063 0.9999964
13.641770 -0.0269794 -0.1106141 6.9468522 0.0001297 0.0010327 0.0039955 0.9999915
13.850020 -0.0276169 -0.1129664 7.0516000 0.0044202 -0.0007674 0.0031692 0.9999849
14.162520 -0.0299458 -0.1159336 7.2100072 0.0026740 -0.0009810 -0.0016724 0.9999945
14.370770 -0.0309079 -0.1183634 7.3160048 0.0011779 -0.0007577 -0.0020568 0.9999969
14.579010 -0.0311433 -0.1203865 7.4212046 0.0005593 -0.0007727 0.0002911 0.9999995
14.787290 -0.0314253 -0.1223235 7.5273089 -0.0000155 -0.0004601 0.0032096 0.9999948
14.995520 -0.0319024 -0.1237584 7.6331291 -0.0005657 0.0000774 0.0064445 0.9999791
15.203790 -0.0324117 -0.1254444 7.7397537 0.0041415 0.0003616 0.0019627 0.9999894
15.412140 -0.0336491 -0.1277821 7.8470221 0.0023940 0.0016150 -0.0064482 0.9999750
15.620390 -0.0336937 -0.1298298 7.9555597 0.0010642 0.0016398 -0.0060431 0.9999799
15.828640 -0.0333857 -0.1317314 8.0632191 0.0014202 0.0005016 -0.0035444 0.9999926
16.036770 -0.0339080 -0.1339142 8.1719122 0.0014926 0.0001179 -0.0041831 0.9999901
16.245020 -0.0343671 -0.1360746 8.2824287 0.0013055 -0.0000683 -0.0044700 0.9999892
16.453270 -0.0347878 -0.1379217 8.3923922 0.0020898 -0.0003268 -0.0041476 0.9999892
16.661520 -0.0350933 -0.1403517 8.5030527 0.0021412 -0.0007401 -0.0042311 0.9999885
16.869650 -0.0364157 -0.1425128 8.6133747 0.0024765 -0.0008995 -0.0048587 0.9999847
17.077890 -0.0367555 -0.1445086 8.7248793 0.0026699 -0.0013287 -0.0051425 0.9999823
17.286140 -0.0373143 -0.1471635 8.8364658 0.0026483 -0.0014552 -0.0036398 0.9999888
17.494400 -0.0382083 -0.1496819 8.9484692 0.0021740 -0.0011884 -0.0025889 0.9999936
17.702520 -0.0390100 -0.1521094 9.0603456 0.0021520 -0.0013091 -0.0024909 0.9999937
17.910650 -0.0398291 -0.1541591 9.1725807 0.0022448 -0.0010105 -0.0034206 0.9999911
18.118900 -0.0401068 -0.1561602 9.2854767 0.0010580 -0.0006203 -0.0028757 0.9999951
18.327020 -0.0411648 -0.1585917 9.3975401 0.0024645 0.0000987 -0.0030385 0.9999923
18.535360 -0.0422894 -0.1615004 9.5106859 0.0014181 0.0002975 -0.0029352 0.9999946
18.743480 -0.0429726 -0.1636554 9.6232347 0.0012054 0.0001914 -0.0033156 0.9999937
18.951650 -0.0435133 -0.1656861 9.7361012 0.0011926 0.0001831 -0.0043615 0.9999897
19.159650 -0.0442721 -0.1678060 9.8498964 0.0008116 0.0002178 -0.0035527 0.9999933
19.367870 -0.0445886 -0.1696569 9.9642944 0.0000801 0.0002039 -0.0013918 0.9999990
19.575900 -0.0447685 -0.1717411 10.0790167 0.0008944 -0.0002490 0.0004077 0.9999995
19.784020 -0.0454505 -0.1733944 10.1938839 -0.0007903 0.0004663 0.0025313 0.9999964
19.992130 -0.0458379 -0.1754221 10.3083811 -0.0000381 0.0007393 0.0033950 0.9999940
20.200150 -0.0464849 -0.1770282 10.4246759 0.0003939 0.0017800 0.0014344 0.9999973
20.408270 -0.0465700 -0.1795558 10.5401402 0.0004417 0.0025325 0.0003136 0.9999967
20.616400 -0.0469361 -0.1818317 10.6558285 0.0010036 0.0036682 -0.0010255 0.9999923
20.824520 -0.0463406 -0.1845485 10.7719564 0.0009183 0.0043538 -0.0005470 0.9999899
21.032780 -0.0454976 -0.1865920 10.8880739 0.0004124 0.0047346 0.0004520 0.9999886
21.240880 -0.0447370 -0.1889688 11.0047340 0.0026787 0.0045809 0.0011748 0.9999852
21.448900 -0.0446064 -0.1910120 11.1212149 0.0028767 0.0040536 0.0015581 0.9999864
21.657020 -0.0446258 -0.1934706 11.2372065 0.0033031 0.0032462 0.0013048 0.9999884
21.865030 -0.0446766 -0.1957397 11.3532009 0.0031094 0.0025449 0.0012287 0.9999912
22.073170 -0.0446324 -0.1976839 11.4713974 0.0019054 0.0017881 0.0005843 0.9999964
22.281150 -0.0442292 -0.1992438 11.5895948 0.0021563 0.0025418 0.0002912 0.9999944
22.489270 -0.0440424 -0.2017013 11.7081146 0.0027462 0.0028656 0.0018621 0.9999904
22.593280 -0.0442465 -0.2027992 11.7681847 0.0038542 0.0031687 0.0023923 0.9999847
22.801400 -0.0447953 -0.2065816 11.8876858 0.0044646 0.0021993 0.0025104 0.9999844
23.009400 -0.0451572 -0.2089469 12.0085106 0.0026430 0.0010101 0.0011124 0.9999954
23.217420 -0.0447512 -0.2109635 12.1310921 0.0009408 0.0012724 0.0020131 0.9999967
23.425400 -0.0445934 -0.2134553 12.2524748 0.0015045 0.0015972 0.0030912 0.9999928
23.633550 -0.0448353 -0.2160245 12.3740673 0.0014693 0.0021372 0.0025989 0.9999933
23.841660 -0.0450178 -0.2187390 12.4956293 0.0021958 0.0027312 0.0015896 0.9999926
24.049650 -0.0447939 -0.2210642 12.6172152 0.0008393 0.0031877 0.0026955 0.9999909
24.257780 -0.0446720 -0.2234890 12.7379904 0.0014605 0.0031594 0.0025746 0.9999906
24.465780 -0.0443689 -0.2261991 12.8596592 0.0039552 0.0027043 0.0008180 0.9999882
24.673900 -0.0441032 -0.2291958 12.9805536 0.0018229 0.0017124 -0.0000273 0.9999968
24.882030 -0.0446149 -0.2316280 13.1007996 0.0011033 0.0007193 -0.0010032 0.9999986
25.090170 -0.0450301 -0.2340724 13.2215700 0.0013165 -0.0012870 -0.0000437 0.9999983
25.298280 -0.0456797 -0.2370021 13.3408279 0.0012612 -0.0019542 0.0010866 0.9999967
25.506530 -0.0467413 -0.2391474 13.4611244 0.0018736 -0.0021373 0.0013127 0.9999951
25.714650 -0.0475199 -0.2419676 13.5809965 0.0021506 -0.0022567 0.0015866 0.9999939
25.818650 -0.0480127 -0.2433596 13.6407633 0.0023873 -0.0023138 0.0018762 0.9999927
26.026980 -0.0487929 -0.2457816 13.7608404 0.0027164 -0.0023616 0.0020100 0.9999915
26.235050 -0.0497540 -0.2487112 13.8803053 0.0024202 -0.0022738 0.0033536 0.9999889
26.443290 -0.0505271 -0.2513964 14.0000296 0.0024804 -0.0021618 0.0042640 0.9999855
26.651410 -0.0515859 -0.2538175 14.1192579 0.0024523 -0.0019230 0.0031633 0.9999901
26.757930 -0.0519704 -0.2549356 14.1794338 0.0021453 -0.0018507 0.0024526 0.9999930
26.862580 -0.0521093 -0.2561712 14.2391233 0.0022842 -0.0017818 0.0022502 0.9999933
26.963660 -0.0527840 -0.2574991 14.2986517 0.0026391 -0.0015602 0.0025229 0.9999921
27.067820 -0.0531448 -0.2588338 14.3582182 0.0027851 -0.0015375 0.0024541 0.9999920
27.171920 -0.0535601 -0.2603241 14.4181490 0.0027159 -0.0014498 0.0022277 0.9999928
27.276060 -0.0540954 -0.2615321 14.4780369 0.0027468 -0.0013116 0.0015744 0.9999941
27.380140 -0.0547058 -0.2628001 14.5378647 0.0024417 -0.0011513 0.0009024 0.9999959
27.484700 -0.0550291 -0.2639967 14.5969877 0.0027696 -0.0009477 0.0001839 0.9999957
27.588410 -0.0556160 -0.2653096 14.6564074 0.0030873 -0.0005936 -0.0002333 0.9999950
27.692530 -0.0561911 -0.2664448 14.7158155 0.0032224 -0.0004303 -0.0009596 0.9999943
27.796540 -0.0565002 -0.2677073 14.7760096 0.0028179 -0.0003649 -0.0015243 0.9999948
27.900670 -0.0568769 -0.2691381 14.8368387 0.0025880 -0.0003137 -0.0019115 0.9999948
28.005230 -0.0575426 -0.2704403 14.8975620 0.0029152 0.0000013 -0.0026240 0.9999923
