0.000000 0.0000000 0.0000000 0.0000000 0.0000000 0.0000000 0.0000000 1.0000000
0.104128 -0.0002150 -0.0008061 0.0519212 -0.0008263 -0.0001125 0.0002875 0.9999996
0.208254 -0.0002512 -0.0016425 0.1040401 -0.0008775 -0.0003304 0.0007468 0.9999993
0.312504 -0.0003939 -0.0023657 0.1560211 -0.0003167 -0.0003907 0.0016533 0.9999985
0.416625 -0.0005715 -0.0032134 0.2085668 -0.0003527 -0.0003698 0.0017993 0.9999983
0.520755 -0.0006015 -0.0038652 0.2608342 -0.0007011 -0.0003825 0.0020662 0.9999976
0.625004 -0.0006764 -0.0048238 0.3137653 -0.0013865 -0.0003873 0.0027824 0.9999951
0.729128 -0.0010363 -0.0053349 0.3664525 -0.0015041 -0.0004879 0.0024797 0.9999956
0.833252 -0.0011426 -0.0060876 0.4190666 -0.0005824 -0.0006441 0.0020733 0.9999975
0.937506 -0.0016688 -0.0069363 0.4720002 0.0004845 -0.0007177 0.0006649 0.9999994
1.041630 -0.0022152 -0.0079670 0.5248089 0.0008280 -0.0005463 -0.0010055 0.9999990
1.145875 -0.0026119 -0.0087716 0.5782826 0.0009690 -0.0005132 -0.0021521 0.9999971
1.250003 -0.0027613 -0.0096676 0.6318582 0.0005414 -0.0005558 -0.0027635 0.9999959
1.354255 -0.0028577 -0.0105880 0.6852593 -0.0008402 -0.0003770 -0.0015021 0.9999985
1.458401 -0.0028451 -0.0115322 0.7390403 -0.0018616 -0.0003323 0.0007288 0.9999979
1.666754 -0.0031317 -0.0129417 0.8462030 0.0003967 -0.0004518 0.0024783 0.9999967
1.771007 -0.0033022 -0.0139990 0.9002575 0.0011609 -0.0002114 0.0013064 0.9999985
1.875129 -0.0038480 -0.0147879 0.9543942 0.0001439 0.0001885 -0.0002984 0.9999999
2.083502 -0.0046361 -0.0159280 1.0632111 -0.0024191 0.0008249 0.0007412 0.9999965
2.291881 -0.0047408 -0.0178194 1.1720321 -0.0006664 0.0006063 0.0032185 0.9999944
2.500257 -0.0048891 -0.0193176 1.2827122 0.0010705 0.0010551 0.0019223 0.9999970
2.708628 -0.0049073 -0.0213550 1.3919741 0.0018438 0.0013284 0.0011581 0.9999967
2.916881 -0.0050019 -0.0236518 1.5021213 0.0003983 0.0009916 0.0001210 0.9999994
3.125256 -0.0054591 -0.0254764 1.6137863 0.0003939 0.0010574 -0.0021599 0.9999970
3.333502 -0.0059204 -0.0271842 1.7259698 0.0002369 0.0009200 -0.0037822 0.9999924
3.541754 -0.0062321 -0.0291275 1.8384094 0.0005681 0.0003661 -0.0027467 0.9999960
3.750007 -0.0068876 -0.0312527 1.9518070 -0.0001470 -0.0005189 -0.0026762 0.9999962
3.958276 -0.0077890 -0.0331637 2.0653622 -0.0001269 -0.0014579 -0.0028545 0.9999949
4.166506 -0.0089118 -0.0348552 2.1798444 -0.0009937 -0.0024453 -0.0021949 0.9999941
4.374756 -0.0096464 -0.0365422 2.2937939 -0.0006861 -0.0029340 -0.0002936 0.9999954
4.583132 -0.0106468 -0.0383995 2.4066844 -0.0012980 -0.0028129 0.0010596 0.9999946
4.791384 -0.0114186 -0.0405902 2.5188985 -0.0016522 -0.0024940 0.0029202 0.9999912
4.999630 -0.0121715 -0.0420401 2.6318917 -0.0009780 -0.0019643 0.0038439 0.9999902
5.207869 -0.0130310 -0.0443354 2.7428725 -0.0016056 -0.0012701 0.0012558 0.9999971
5.416245 -0.0140940 -0.0460663 2.8549137 -0.0025079 -0.0005879 -0.0023043 0.9999940
5.624505 -0.0155368 -0.0473356 2.9662695 -0.0018613 0.0002194 -0.0063557 0.9999781
5.832639 -0.0160257 -0.0491282 3.0770941 -0.0019349 0.0005440 -0.0071571 0.9999723
6.040889 -0.0165340 -0.0508670 3.1873286 -0.0014442 0.0004697 -0.0058304 0.9999818
6.145012 -0.0166856 -0.0517223 3.2414153 -0.0013464 0.0003293 -0.0056883 0.9999828
6.353135 -0.0171700 -0.0533862 3.3499608 -0.0011581 0.0000118 -0.0056400 0.9999834
6.561386 -0.0176672 -0.0549625 3.4604859 -0.0017440 -0.0012200 -0.0049532 0.9999855
6.769636 -0.0187510 -0.0564245 3.5690372 -0.0023358 -0.0021322 -0.0028858 0.9999908
6.977759 -0.0184705 -0.0583265 3.6765113 -0.0024520 -0.0031832 -0.0004740 0.9999918
7.186013 -0.0197885 -0.0599484 3.7838182 -0.0019732 -0.0032805 -0.0003264 0.9999926
7.394135 -0.0210837 -0.0612512 3.8905966 -0.0012225 -0.0032033 -0.0004628 0.9999940
7.602386 -0.0218510 -0.0629497 3.9957318 -0.0022454 -0.0030659 -0.0007496 0.9999925
7.706383 -0.0227515 -0.0639631 4.0482483 -0.0029796 -0.0028451 -0.0016071 0.9999902
7.914632 -0.0234376 -0.0653876 4.1540141 -0.0009820 -0.0028851 -0.0009757 0.9999949
8.122760 -0.0249985 -0.0675339 4.2594042 -0.0011649 -0.0029271 0.0006059 0.9999949
8.331011 -0.0261405 -0.0689361 4.3641453 -0.0023443 -0.0020627 0.0024947 0.9999920
8.435138 -0.0263456 -0.0697988 4.4160709 -0.0017298 -0.0017594 0.0030796 0.9999922
8.643387 -0.0273202 -0.0715429 4.5199680 0.0005066 -0.0008264 0.0011022 0.9999989
8.851635 -0.0284369 -0.0732550 4.6240778 -0.0003532 0.0007533 -0.0013796 0.9999987
9.059886 -0.0287474 -0.0748956 4.7290111 -0.0019064 0.0014149 -0.0007755 0.9999969
9.268135 -0.0288249 -0.0764771 4.8328109 -0.0013610 0.0025555 -0.0019565 0.9999939
9.476392 -0.0287309 -0.0777153 4.9373980 -0.0006616 0.0036909 -0.0031532 0.9999880
9.684640 -0.0286439 -0.0792321 5.0416193 -0.0000470 0.0048125 -0.0034785 0.9999824
9.892888 -0.0281590 -0.0812416 5.1456280 -0.0011649 0.0057678 -0.0028628 0.9999786
10.101140 -0.0270274 -0.0828191 5.2504587 -0.0013762 0.0057842 -0.0012398 0.9999816
10.309390 -0.0263765 -0.0841175 5.3544497 -0.0013862 0.0054435 -0.0000771 0.9999842
10.517510 -0.0255949 -0.0857944 5.4583092 -0.0017469 0.0042797 0.0014883 0.9999882
10.725760 -0.0251190 -0.0871801 5.5624762 -0.0017037 0.0030807 0.0022047 0.9999914
10.934020 -0.0250984 -0.0886204 5.6665316 -0.0011535 0.0021340 0.0020926 0.9999949
11.142270 -0.0247014 -0.0904819 5.7707267 0.0002358 0.0009667 0.0059205 0.9999820
11.350520 -0.0242624 -0.0920278 5.8751121 -0.0015813 -0.0002468 0.0130181 0.9999140
11.558780 -0.0241076 -0.0944130 5.9788790 0.0013020 -0.0007684 0.0146689 0.9998913
11.767160 -0.0250005 -0.0966347 6.0824418 0.0023286 0.0001382 0.0128800 0.9999143
11.975390 -0.0248520 -0.0986807 6.1866894 -0.0007794 0.0006661 0.0168755 0.9998571
12.183770 -0.0242409 -0.1001722 6.2914963 -0.0013136 0.0006165 0.0194945 0.9998089
12.392020 -0.0244822 -0.1015004 6.3955011 -0.0012257 0.0017234 0.0166319 0.9998595
12.600390 -0.0250985 -0.1031151 6.4994926 0.0002055 0.0026295 0.0135194 0.9999051
12.808640 -0.0250311 -0.1048982 6.6046700 -0.0002695 0.0027126 0.0116388 0.9999285
13.016890 -0.0253999 -0.1068720 6.7094903 0.0023671 0.0022941 0.0085900 0.9999577
13.225270 -0.0259293 -0.1090626 6.8145595 0.0024213 0.0023901 0.0035644 0.9999878
13.433520 -0.0261523 -0.1110162 6.9200363 0.0003696 0.0026614 0.0019053 0.9999946
13.641770 -0.0257781 -0.1127100 7.0269241 -0.0002286 0.0013283 0.0049758 0.9999867
13.850020 -0.0261995 -0.1151278 7.1334953 0.0040012 -0.0003651 0.0038433 0.9999846
14.162520 -0.0283293 -0.1184927 7.2955894 0.0022173 -0.0004898 -0.0012100 0.9999967
14.370770 -0.0288454 -0.1202575 7.4049177 0.0008323 -0.0003642 -0.0012652 0.9999988
14.579010 -0.0288639 -0.1223199 7.5133991 0.0001715 -0.0004862 0.0012429 0.9999991
14.787290 -0.0291234 -0.1240603 7.6227794 -0.0003382 -0.0001114 0.0039514 0.9999921
14.995520 -0.0290991 -0.1255413 7.7318335 -0.0009511 0.0004084 0.0071115 0.9999742
15.203790 -0.0296431 -0.1273187 7.8416815 0.0037256 0.0006596 0.0026069 0.9999894
15.412140 -0.0309848 -0.1295209 7.9521170 0.0020701 0.0020024 -0.0058605 0.9999787
15.620390 -0.0309714 -0.1314399 8.0636082 0.0007524 0.0020720 -0.0053707 0.9999831
15.828640 -0.0305282 -0.1333206 8.1743269 0.0011198 0.0008920 -0.0029367 0.9999946
16.036770 -0.0309248 -0.1354671 8.2861204 0.0012448 0.0004662 -0.0035878 0.9999927
16.245020 -0.0314169 -0.1376500 8.3995771 0.0010646 0.0003454 -0.0040136 0.9999913
16.453270 -0.0317418 -0.1395048 8.5121307 0.0017944 0.0000594 -0.0034534 0.9999924
16.661520 -0.0320453 -0.1418794 8.6266489 0.0019240 -0.0003982 -0.0036749 0.9999913
16.869650 -0.0335146 -0.1439960 8.7397881 0.0022818 -0.0004351 -0.0043898 0.9999877
17.077890 -0.0336881 -0.1459239 8.8549118 0.0024995 -0.0009269 -0.0044045 0.9999868
17.286140 -0.0339814 -0.1483735 8.9695635 0.0026232 -0.0010959 -0.0031276 0.9999911
17.494400 -0.0345718 -0.1509691 9.0850687 0.0020797 -0.0009100 -0.0020518 0.9999953
17.702520 -0.0354719 -0.1533500 9.1997919 0.0021515 -0.0009284 -0.0021304 0.9999950
17.910650 -0.0359179 -0.1555321 9.3152428 0.0022052 -0.0007571 -0.0030808 0.9999925
18.118900 -0.0361830 -0.1577124 9.4315042 0.0009267 -0.0003749 -0.0026061 0.9999961
18.327020 -0.0370951 -0.1602773 9.5465460 0.0023522 0.0003899 -0.0030260 0.9999925
18.535360 -0.0378225 -0.1627870 9.6631508 0.0015112 0.0003856 -0.0027441 0.9999950
18.743480 -0.0385094 -0.1651372 9.7790012 0.0012934 0.0003053 -0.0031441 0.9999942
18.951650 -0.0390344 -0.1672357 9.8952007 0.0012147 0.0003955 -0.0044083 0.9999894
19.159650 -0.0396738 -0.1693302 10.0121603 0.0008844 0.0003059 -0.0035723 0.9999932
19.367870 -0.0402553 -0.1711799 10.1293859 0.0002780 0.0002974 -0.0013193 0.9999990
19.575900 -0.0405075 -0.1731288 10.2458773 0.0011264 0.0000764 0.0004052 0.9999993
19.784020 -0.0407441 -0.1750086 10.3632078 -0.0006905 0.0004814 0.0024481 0.9999967
19.992130 -0.0411235 -0.1769429 10.4800844 0.0001987 0.0008620 0.0031323 0.9999947
20.200150 -0.0417198 -0.1785286 10.5979509 0.0007257 0.0018551 0.0011076 0.9999974
20.408270 -0.0420564 -0.1810782 10.7153368 0.0007303 0.0027499 0.0000475 0.9999959
20.616400 -0.0424212 -0.1832519 10.8334284 0.0012498 0.0037297 -0.0007828 0.9999920
20.824520 -0.0417978 -0.1858622 10.9502764 0.0012746 0.0045088 -0.0001225 0.9999890
21.032780 -0.0408643 -0.1881730 11.0668793 0.0006919 0.0049075 0.0009537 0.9999872
21.240880 -0.0399248 -0.1905372 11.1834221 0.0029572 0.0046967 0.0015239 0.9999834
21.448900 -0.0396316 -0.1929068 11.3003607 0.0030442 0.0039947 0.0018938 0.9999856
21.657020 -0.0395534 -0.1952340 11.4169016 0.0036404 0.0031782 0.0015977 0.9999871
21.865030 -0.0392566 -0.1977819 11.5336132 0.0033237 0.0024377 0.0018213 0.9999899
22.073170 -0.0388711 -0.2002286 11.6522236 0.0020359 0.0015040 0.0011713 0.9999961
22.281150 -0.0387366 -0.2022797 11.7706661 0.0022263 0.0022346 0.0008976 0.9999946
22.489270 -0.0382727 -0.2050765 11.8895950 0.0027729 0.0024730 0.0024901 0.9999900
22.697420 -0.0371636 -0.2078161 12.0105209 0.0043147 0.0022161 0.0035270 0.9999820
22.905400 -0.0372084 -0.2106327 12.1301632 0.0043663 0.0000367 0.0027064 0.9999868
23.113490 -0.0373769 -0.2133228 12.2512350 0.0011973 -0.0000491 0.0028774 0.9999951
23.321400 -0.0380202 -0.2155794 12.3730478 0.0016945 0.0002028 0.0033313 0.9999930
23.529550 -0.0383144 -0.2177806 12.4932814 0.0016574 0.0005101 0.0038979 0.9999909
23.737530 -0.0390917 -0.2204904 12.6130695 0.0021054 0.0009764 0.0030897 0.9999925
23.945650 -0.0390164 -0.2234482 12.7326975 0.0011447 0.0016957 0.0037527 0.9999909
24.153670 -0.0387043 -0.2255250 12.8526545 0.0014219 0.0015516 0.0047759 0.9999864
24.465780 -0.0388405 -0.2295132 13.0305414 0.0040215 0.0011306 0.0020049 0.9999893
24.569780 -0.0390003 -0.2312788 13.0892210 0.0035996 0.0007751 0.0016568 0.9999918
24.777900 -0.0396564 -0.2339475 13.2077122 0.0004607 -0.0002376 0.0006978 0.9999996
24.882030 -0.0402218 -0.2350297 13.2663717 0.0012194 -0.0007322 0.0002902 0.9999989
24.986020 -0.0405857 -0.2362087 13.3252506 0.0020244 -0.0016498 0.0005389 0.9999964
25.090170 -0.0407491 -0.2375772 13.3844528 0.0013080 -0.0027917 0.0013271 0.9999943
25.194150 -0.0411668 -0.2388280 13.4429960 0.0010253 -0.0032940 0.0020395 0.9999920
25.298280 -0.0417799 -0.2400472 13.5017614 0.0014152 -0.0035486 0.0023624 0.9999899
25.402400 -0.0426602 -0.2410677 13.5605612 0.0018883 -0.0036008 0.0027792 0.9999878
25.506530 -0.0433671 -0.2423438 13.6190691 0.0019067 -0.0036389 0.0027728 0.9999877
25.714650 -0.0446709 -0.2450963 13.7362089 0.0022789 -0.0037021 0.0028294 0.9999865
25.818650 -0.0453225 -0.2464094 13.7946224 0.0025143 -0.0037631 0.0031058 0.9999849
26.026980 -0.0464783 -0.2485831 13.9113684 0.0030873 -0.0037550 0.0033867 0.9999824
26.235050 -0.0477098 -0.2516348 14.0270042 0.0026661 -0.0036798 0.0050133 0.9999771
26.443290 -0.0484458 -0.2545409 14.1438398 0.0026150 -0.0038958 0.0061806 0.9999699
26.651410 -0.0498362 -0.2570460 14.2607346 0.0025076 -0.0036174 0.0049456 0.9999781
26.757930 -0.0505083 -0.2581530 14.3190002 0.0022224 -0.0033793 0.0042256 0.9999829
26.862580 -0.0509505 -0.2592066 14.3770447 0.0024720 -0.0032149 0.0040401 0.9999836
26.963660 -0.0520184 -0.2605077 14.4344587 0.0028247 -0.0029414 0.0042339 0.9999827
27.171920 -0.0528638 -0.2629955 14.5508471 0.0032670 -0.0027959 0.0036225 0.9999842
27.276060 -0.0535373 -0.2643934 14.6087866 0.0031232 -0.0026514 0.0030383 0.9999870
27.380140 -0.0543449 -0.2656794 14.6677790 0.0029165 -0.0024872 0.0022325 0.9999902
27.484700 -0.0548072 -0.2668760 14.7261620 0.0032727 -0.0024038 0.0015802 0.9999905
27.588410 -0.0556898 -0.2682201 14.7840576 0.0036027 -0.0020377 0.0012016 0.9999907
27.692530 -0.0561593 -0.2695925 14.8425283 0.0034757 -0.0020989 0.0009804 0.9999913
27.796540 -0.0566864 -0.2705735 14.9014511 0.0032622 -0.0020664 0.0001593 0.9999925
27.900670 -0.0574823 -0.2718512 14.9603519 0.0031056 -0.0018217 -0.0000761 0.9999935
28.005230 -0.0579859 -0.2732838 15.0191059 0.0031809 -0.0016498 -0.0004574 0.9999934
28.108940 -0.0586248 -0.2744082 15.0776443 0.0031795 -0.0013560 -0.0003702 0.9999940
