0.207793 -0.0000070 0.0000153 0.0001726 0.0000066 0.0000670 0.0000156 1.0000000
0.311634 -0.0009181 -0.0019330 0.0613151 0.0000020 -0.0000869 0.0003581 0.9999999
0.415494 -0.0000745 -0.0047047 0.1600940 -0.0008680 0.0017739 0.0005358 0.9999979
0.623401 -0.0011248 -0.0048842 0.2416453 0.0004190 0.0016722 0.0000615 0.9999985
0.727346 -0.0004668 -0.0055532 0.3010103 0.0004006 0.0018785 0.0001093 0.9999982
0.831180 -0.0005649 -0.0059227 0.3604531 -0.0002297 0.0021237 0.0002967 0.9999977
1.038877 -0.0012610 -0.0081675 0.4796084 -0.0004961 0.0004971 0.0014266 0.9999987
1.142774 -0.0052489 -0.0066886 0.5382949 0.0000085 -0.0000738 0.0012332 0.9999992
1.246636 -0.0022082 -0.0099984 0.5988585 -0.0002858 -0.0011661 0.0010893 0.9999987
1.454410 -0.0028360 -0.0119920 0.7180147 -0.0003779 -0.0019250 0.0004177 0.9999980
1.558293 -0.0034370 -0.0128988 0.7776998 -0.0007300 -0.0021210 0.0008235 0.9999971
1.662157 -0.0048722 -0.0109653 0.8436052 -0.0004049 -0.0019962 0.0009329 0.9999975
1.766057 -0.0039526 -0.0124439 0.8978730 -0.0002101 -0.0030200 0.0007290 0.9999952
1.870090 -0.0028642 -0.0065581 0.9780834 0.0015431 -0.0027616 0.0006617 0.9999948
1.973923 -0.0049459 -0.0162005 1.0179518 -0.0002002 -0.0033650 0.0005380 0.9999942
2.077874 -0.0055681 -0.0183182 1.0768106 0.0000613 -0.0037244 0.0007446 0.9999928
2.285652 -0.0070391 -0.0205428 1.1963018 0.0001101 -0.0047693 0.0005925 0.9999884
2.389627 -0.0078454 -0.0217967 1.2559017 -0.0008311 -0.0050180 0.0012097 0.9999864
2.493488 -0.0086433 -0.0230404 1.3153371 -0.0009519 -0.0054552 0.0013740 0.9999837
2.597363 -0.0094934 -0.0238687 1.3750943 -0.0003090 -0.0057652 0.0016190 0.9999820
2.701441 -0.0100257 -0.0248349 1.4344686 0.0001856 -0.0063978 0.0017473 0.9999780
2.909338 -0.0122770 -0.0271532 1.5528221 -0.0002206 -0.0069524 0.0017785 0.9999742
3.013136 -0.0131240 -0.0282240 1.6124207 -0.0002365 -0.0073133 0.0021247 0.9999710
3.221000 -0.0152309 -0.0305464 1.7306719 -0.0002887 -0.0078610 0.0027075 0.9999654
3.324990 -0.0168718 -0.0314762 1.7899122 -0.0004672 -0.0077065 0.0031251 0.9999653
3.428991 -0.0179109 -0.0325669 1.8489833 -0.0011438 -0.0076560 0.0030167 0.9999655
3.636879 -0.0201024 -0.0341587 1.9677917 -0.0011992 -0.0076228 0.0023764 0.9999674
3.844868 -0.0228942 -0.0362004 2.0858121 -0.0021054 -0.0071575 0.0005486 0.9999720
3.948871 -0.0238887 -0.0368753 2.1450498 -0.0035843 -0.0062960 0.0004056 0.9999737
4.052745 -0.0247012 -0.0374508 2.2042727 -0.0048760 -0.0054500 0.0002045 0.9999732
4.156747 -0.0252736 -0.0380368 2.2632725 -0.0065241 -0.0046916 0.0000025 0.9999677
4.260741 -0.0256110 -0.0386524 2.3214495 -0.0070658 -0.0040166 0.0003285 0.9999669
4.364619 -0.0266336 -0.0381308 2.3823125 -0.0065501 -0.0032529 0.0013691 0.9999723
4.468620 -0.0271021 -0.0383237 2.4415507 -0.0057244 -0.0027561 0.0006594 0.9999796
4.572617 -0.0277700 -0.0386378 2.5003815 -0.0054879 -0.0023967 0.0004911 0.9999819
4.676494 -0.0282349 -0.0388767 2.5598109 -0.0051638 -0.0023561 0.0007233 0.9999836
4.780371 -0.0287527 -0.0392391 2.6190820 -0.0045659 -0.0026763 0.0011039 0.9999854
4.884244 -0.0295160 -0.0398714 2.6780019 -0.0049179 -0.0035283 0.0010322 0.9999812
4.988118 -0.0301556 -0.0402076 2.7369361 -0.0054054 -0.0042648 0.0010650 0.9999757
5.091994 -0.0311600 -0.0409359 2.7958963 -0.0056809 -0.0047548 0.0012790 0.9999717
5.195994 -0.0322163 -0.0414336 2.8546934 -0.0056550 -0.0051357 0.0007804 0.9999705
5.299899 -0.0328617 -0.0418129 2.9136310 -0.0055261 -0.0055471 0.0004681 0.9999692
5.403745 -0.0334991 -0.0424550 2.9722342 -0.0053400 -0.0056713 0.0011728 0.9999689
5.507756 -0.0343278 -0.0429125 3.0307353 -0.0048147 -0.0059011 0.0018416 0.9999693
5.611618 -0.0355290 -0.0437603 3.0892355 -0.0056657 -0.0059137 0.0019501 0.9999645
5.715493 -0.0364029 -0.0439284 3.1476049 -0.0062707 -0.0061260 0.0018077 0.9999599
5.819513 -0.0374320 -0.0444313 3.2057195 -0.0054943 -0.0062169 0.0015873 0.9999643
6.027387 -0.0394086 -0.0455329 3.3219490 -0.0051366 -0.0063804 -0.0005102 0.9999663
6.235244 -0.0414105 -0.0463628 3.4374955 -0.0054481 -0.0062338 -0.0021235 0.9999635
6.339121 -0.0424893 -0.0467411 3.4949081 -0.0059138 -0.0057846 -0.0024423 0.9999628
6.443120 -0.0434817 -0.0470571 3.5525291 -0.0062360 -0.0046460 -0.0034359 0.9999639
6.547122 -0.0441292 -0.0475952 3.6098945 -0.0051427 -0.0033922 -0.0027758 0.9999772
6.651123 -0.0445749 -0.0481203 3.6666002 -0.0026561 -0.0021519 -0.0012236 0.9999934
6.755121 -0.0449009 -0.0486130 3.7238996 -0.0023363 -0.0009054 -0.0018042 0.9999952
6.859122 -0.0449224 -0.0492992 3.7810729 -0.0040569 0.0003612 -0.0015676 0.9999905
6.963119 -0.0452259 -0.0503005 3.8373001 -0.0050351 0.0021393 -0.0012350 0.9999843
7.067120 -0.0452810 -0.0508490 3.8941445 -0.0040601 0.0042283 -0.0014540 0.9999818
7.275124 -0.0438874 -0.0521994 4.0056381 -0.0007720 0.0076005 -0.0004936 0.9999707
7.379122 -0.0431542 -0.0531236 4.0615621 -0.0002871 0.0092809 -0.0001625 0.9999568
7.483122 -0.0421619 -0.0543605 4.1178541 -0.0012366 0.0110646 -0.0000910 0.9999380
7.691125 -0.0397516 -0.0561848 4.2281342 -0.0003634 0.0149437 -0.0004741 0.9998882
7.899123 -0.0359999 -0.0582980 4.3386235 0.0009258 0.0181149 -0.0002249 0.9998354
8.107122 -0.0321594 -0.0603984 4.4489884 -0.0004105 0.0211337 0.0007791 0.9997762
8.211127 -0.0296106 -0.0611846 4.5035934 -0.0013249 0.0223048 0.0011790 0.9997497
8.419122 -0.0245770 -0.0625447 4.6127882 -0.0005044 0.0247851 0.0024634 0.9996896
8.523125 -0.0219430 -0.0633760 4.6673775 0.0013200 0.0258465 0.0031011 0.9996603
9.043123 -0.0080502 -0.0685608 4.9430547 0.0013411 0.0269570 0.0029874 0.9996312
9.459001 0.0017077 -0.0723415 5.1673813 0.0008889 0.0212603 0.0015905 0.9997723
9.978770 0.0089965 -0.0773412 5.4521637 -0.0006111 0.0103631 0.0009579 0.9999456
10.602630 0.0091410 -0.0831041 5.7958040 0.0000779 -0.0003819 -0.0028759 0.9999958
10.706750 0.0087790 -0.0842431 5.8539519 -0.0001380 -0.0009849 -0.0039086 0.9999919
11.122750 0.0061979 -0.0872845 6.0857606 -0.0032308 -0.0024122 -0.0069061 0.9999680
11.330770 0.0052897 -0.0885217 6.2011857 -0.0023293 -0.0030117 -0.0061434 0.9999739
11.538630 0.0043637 -0.0897839 6.3178501 -0.0037951 -0.0038587 -0.0035595 0.9999790
11.746630 0.0029062 -0.0908607 6.4340963 -0.0053166 -0.0039773 -0.0009640 0.9999775
11.954620 0.0023898 -0.0916809 6.5507431 -0.0038387 -0.0040622 0.0024031 0.9999815
12.162500 0.0015584 -0.0925176 6.6662445 -0.0038638 -0.0039195 0.0033638 0.9999792
12.266520 0.0010988 -0.0929936 6.7235546 -0.0048539 -0.0036373 0.0030709 0.9999769
12.474370 -0.0003329 -0.0938070 6.8380051 -0.0047363 -0.0027761 0.0019676 0.9999830
12.682250 -0.0015950 -0.0951550 6.9566908 -0.0027249 -0.0022446 0.0017422 0.9999923
12.890250 -0.0020330 -0.0967204 7.0710926 0.0011325 -0.0020335 0.0024283 0.9999943
13.098130 -0.0029972 -0.0993516 7.1856608 0.0013634 -0.0018689 0.0025711 0.9999940
13.306000 -0.0039303 -0.1012582 7.2997851 0.0006637 -0.0019672 0.0019946 0.9999958
13.514010 -0.0048940 -0.1034829 7.4131937 0.0005923 -0.0022596 0.0015004 0.9999961
13.721880 -0.0059932 -0.1054288 7.5250993 -0.0001391 -0.0029840 0.0015217 0.9999944
13.929750 -0.0074439 -0.1073379 7.6381474 0.0002504 -0.0036183 0.0007898 0.9999931
14.137750 -0.0091552 -0.1093893 7.7517958 0.0008501 -0.0042249 0.0005442 0.9999906
14.345630 -0.0105662 -0.1117831 7.8655329 0.0018196 -0.0049173 0.0004259 0.9999862
14.553630 -0.0121682 -0.1141515 7.9791522 0.0010434 -0.0056435 0.0002757 0.9999835
14.865380 -0.0149230 -0.1175118 8.1501379 0.0005612 -0.0067319 -0.0003409 0.9999771
14.969380 -0.0159572 -0.1186811 8.2071733 0.0009380 -0.0070617 -0.0004203 0.9999745
15.073250 -0.0171745 -0.1197064 8.2641182 0.0012633 -0.0072752 -0.0009288 0.9999723
15.281260 -0.0192716 -0.1223010 8.3772650 0.0014830 -0.0076393 -0.0009558 0.9999692
15.489130 -0.0213390 -0.1246285 8.4905396 0.0022831 -0.0078326 0.0012506 0.9999660
15.697000 -0.0238484 -0.1267158 8.6037235 -0.0016889 -0.0079846 0.0012165 0.9999660
15.801010 -0.0251008 -0.1277252 8.6603394 -0.0013920 -0.0080286 0.0006629 0.9999666
16.009010 -0.0275137 -0.1297251 8.7714300 0.0010985 -0.0080670 -0.0001256 0.9999669
16.112880 -0.0287280 -0.1308546 8.8271008 0.0009736 -0.0081025 -0.0000765 0.9999667
16.216880 -0.0299002 -0.1320717 8.8828297 0.0004086 -0.0080771 0.0001325 0.9999673
16.320880 -0.0309107 -0.1333061 8.9386377 -0.0007750 -0.0080476 0.0002218 0.9999673
16.424880 -0.0320386 -0.1343749 8.9939899 -0.0011624 -0.0076993 0.0005527 0.9999695
16.528880 -0.0333322 -0.1353646 9.0490351 -0.0008954 -0.0069462 0.0005710 0.9999753
16.632880 -0.0342839 -0.1362299 9.1037359 -0.0000442 -0.0062237 0.0011325 0.9999800
16.736760 -0.0354239 -0.1374498 9.1580353 0.0006504 -0.0054932 0.0012109 0.9999840
16.840760 -0.0363833 -0.1386431 9.2122889 0.0009032 -0.0047039 0.0013816 0.9999876
17.048760 -0.0375423 -0.1408920 9.3205652 -0.0003734 -0.0034672 0.0015514 0.9999927
17.256760 -0.0388133 -0.1424873 9.4267473 -0.0003966 -0.0023290 0.0011631 0.9999965
17.464760 -0.0395595 -0.1449183 9.5324144 -0.0007215 -0.0013430 0.0009284 0.9999984
17.672760 -0.0402170 -0.1466363 9.6358395 -0.0005900 -0.0004997 0.0010412 0.9999992
17.880630 -0.0405373 -0.1484762 9.7371721 -0.0008632 -0.0001733 0.0014310 0.9999986
18.088630 -0.0411528 -0.1506594 9.8353024 -0.0014171 -0.0006117 0.0015618 0.9999976
18.192630 -0.0414000 -0.1515624 9.8834829 -0.0008843 -0.0008000 0.0013708 0.9999983
18.400630 -0.0420784 -0.1533417 9.9779778 -0.0003200 -0.0014212 0.0014484 0.9999979
18.608520 -0.0427245 -0.1552899 10.0701590 -0.0007903 -0.0028450 0.0017338 0.9999942
18.712510 -0.0431253 -0.1561105 10.1155453 -0.0015336 -0.0038321 0.0024717 0.9999884
18.920510 -0.0441993 -0.1578171 10.2036715 -0.0024314 -0.0062955 0.0022238 0.9999747
19.024630 -0.0448991 -0.1585688 10.2465725 -0.0022463 -0.0076477 0.0021031 0.9999660
19.336510 -0.0476997 -0.1608411 10.3707390 -0.0023138 -0.0121488 0.0016672 0.9999222
19.440510 -0.0489715 -0.1616350 10.4097290 -0.0020742 -0.0137039 0.0017218 0.9999025
19.544640 -0.0501513 -0.1624015 10.4479332 -0.0017731 -0.0154400 0.0018833 0.9998775
19.856630 -0.0547793 -0.1644329 10.5570736 -0.0010896 -0.0197696 0.0001695 0.9998040
20.064890 -0.0577685 -0.1659522 10.6257143 -0.0019456 -0.0201142 -0.0001022 0.9997958
20.273010 -0.0605926 -0.1672093 10.6914930 -0.0020295 -0.0197507 -0.0001921 0.9998029
20.377010 -0.0622202 -0.1679066 10.7234249 -0.0011050 -0.0194436 -0.0004352 0.9998103
20.481150 -0.0635414 -0.1685903 10.7550840 -0.0000675 -0.0189906 -0.0002171 0.9998196
20.585260 -0.0649561 -0.1691967 10.7866411 0.0006312 -0.0183184 -0.0004991 0.9998319
20.897510 -0.0683376 -0.1712405 10.8802834 0.0009277 -0.0159714 -0.0003139 0.9998720
21.105630 -0.0701722 -0.1724239 10.9423370 0.0012462 -0.0139853 -0.0002763 0.9999014
21.209640 -0.0710074 -0.1731470 10.9730959 0.0009666 -0.0125671 -0.0002681 0.9999205
21.521880 -0.0727998 -0.1750000 11.0635395 0.0004162 -0.0080218 0.0011456 0.9999671
21.834140 -0.0738965 -0.1767153 11.1530972 0.0012119 -0.0036653 0.0007061 0.9999923
22.042260 -0.0742598 -0.1779369 11.2132397 0.0010350 -0.0007538 0.0008503 0.9999988
22.146400 -0.0742858 -0.1785899 11.2436590 0.0006471 0.0004410 0.0007869 0.9999994
22.354510 -0.0740540 -0.1796877 11.3045425 0.0016725 0.0026199 0.0007343 0.9999949
22.458660 -0.0739193 -0.1802534 11.3351116 0.0028646 0.0034303 0.0004834 0.9999899
22.562760 -0.0738095 -0.1808971 11.3658800 0.0035492 0.0040520 0.0011367 0.9999849
22.666760 -0.0734916 -0.1815411 11.3970165 0.0038067 0.0038996 0.0010541 0.9999846
22.770760 -0.0731264 -0.1823541 11.4284067 0.0040927 0.0038685 0.0018059 0.9999825
22.874760 -0.0730797 -0.1830142 11.4599962 0.0042604 0.0039733 0.0011426 0.9999824
22.978890 -0.0729452 -0.1837381 11.4917612 0.0043970 0.0040347 0.0006290 0.9999820
23.186890 -0.0722292 -0.1853546 11.5552063 0.0063655 0.0043013 0.0033203 0.9999650
23.395010 -0.0717477 -0.1863208 11.6208744 0.0050668 0.0049167 0.0035711 0.9999687
23.499010 -0.0717820 -0.1872068 11.6541939 0.0019889 0.0051982 0.0016586 0.9999831
23.603010 -0.0716126 -0.1877590 11.6876936 0.0003957 0.0056940 0.0018905 0.9999819
23.707160 -0.0710333 -0.1884336 11.7214041 0.0014132 0.0067989 0.0024573 0.9999729
24.019270 -0.0695096 -0.1905504 11.8247356 0.0061118 0.0123624 0.0001492 0.9999049
24.227390 -0.0674322 -0.1920623 11.8959818 0.0035454 0.0154960 0.0023757 0.9998708
24.331390 -0.0661893 -0.1928814 11.9317608 0.0028234 0.0168736 0.0036904 0.9998468
24.435530 -0.0651514 -0.1938625 11.9674063 0.0024784 0.0184977 0.0035525 0.9998195
24.747640 -0.0611841 -0.1964191 12.0749245 0.0046706 0.0221398 0.0018575 0.9997423
24.955760 -0.0582638 -0.1984924 12.1461296 0.0025440 0.0251658 0.0010847 0.9996794
25.163760 -0.0544098 -0.1999353 12.2175932 0.0030149 0.0277790 0.0006409 0.9996094
25.371770 -0.0502861 -0.2012221 12.2892847 0.0031977 0.0301092 0.0026898 0.9995379
25.475770 -0.0481789 -0.2020767 12.3253899 0.0032571 0.0304659 0.0031582 0.9995255
25.579770 -0.0458857 -0.2029216 12.3614435 0.0032587 0.0306840 0.0035091 0.9995177
25.683760 -0.0439230 -0.2037218 12.3977671 0.0031971 0.0309880 0.0034713 0.9995086
25.787650 -0.0417566 -0.2044402 12.4341078 0.0029723 0.0308443 0.0033476 0.9995142
25.891640 -0.0396435 -0.2053328 12.4703121 0.0027697 0.0305608 0.0030759 0.9995244
25.995520 -0.0376872 -0.2061458 12.5064812 0.0031865 0.0299651 0.0030792 0.9995411
26.203510 -0.0336556 -0.2079249 12.5786886 0.0038876 0.0281884 0.0026306 0.9995916
26.411390 -0.0303905 -0.2098017 12.6503944 0.0041529 0.0267558 0.0016044 0.9996321
26.827140 -0.0244419 -0.2136609 12.7926207 0.0009668 0.0196557 0.0028556 0.9998023
27.035140 -0.0225318 -0.2152009 12.8621922 -0.0001192 0.0148710 0.0033389 0.9998838
27.971390 -0.0228963 -0.2208792 13.1430769 0.0022890 -0.0050163 0.0031263 0.9999799
28.387040 -0.0283410 -0.2242220 13.2480602 0.0032667 -0.0297128 0.0020638 0.9995510
28.802270 -0.0417325 -0.2268609 13.3430758 0.0030653 -0.0778898 -0.0014590 0.9969562
29.632160 -0.0997866 -0.2304273 13.4979210 -0.0038687 -0.2330983 -0.0024390 0.9724424
30.462040 -0.2044253 -0.2306105 13.5991354 -0.0120606 -0.4361598 0.0027890 0.8997841
30.877140 -0.2721907 -0.2311938 13.6303291 -0.0130781 -0.5462658 -0.0051380 0.8374940
31.396270 -0.3461952 -0.2317646 13.6242580 -0.0202780 -0.6675271 -0.0101873 0.7442396
31.811650 -0.4014704 -0.2316199 13.6133060 -0.0290601 -0.7507179 -0.0189862 0.6597103
32.019400 -0.4357088 -0.2305168 13.5987015 -0.0335010 -0.7918446 -0.0215877 0.6094208
32.227300 -0.3823011 -0.2378791 13.5958233 -0.0349462 -0.8057504 -0.0248396 0.5907013
32.539520 -0.7314156 -0.1851669 13.6053219 0.0244091 0.8854867 -0.0072070 -0.4639673
32.852150 -0.7267878 -0.2046980 13.5488062 0.0437752 0.9366935 0.0140799 -0.3471179
32.956400 -0.6971738 -0.2192665 13.5160341 0.0532993 0.9360451 0.0344282 -0.3461118
33.164770 -0.7973048 -0.1876930 13.4226961 0.0359283 0.9488761 -0.0092511 -0.3134609
33.373140 -0.8912109 -0.1993075 13.3006868 0.0485453 0.9738508 0.0255827 -0.2204619
33.581640 -0.8335223 -0.2028192 13.2803049 0.0454455 0.9731935 0.0236111 -0.2242135
33.685770 -0.9496440 -0.1806977 13.1091986 0.0414005 0.9846169 0.0081873 -0.1695537
33.998280 -0.8918369 -0.1893822 13.0907087 0.0444283 0.9864783 0.0144144 -0.1570953
34.102520 -0.8743344 -0.1929182 13.0967875 0.0450336 0.9869603 0.0181546 -0.1534657
34.206650 -0.9798548 -0.1752477 12.8625956 0.0470419 0.9949740 0.0093120 -0.0879041
34.519020 -0.9235619 -0.1853602 12.8145609 0.0457750 0.9962994 0.0130581 -0.0715647
34.623270 -0.9294461 -0.1839091 12.7580976 0.0455843 0.9973231 0.0130863 -0.0556549
34.727400 -0.9336730 -0.1823991 12.7000389 0.0449060 0.9980916 0.0131118 -0.0403075
34.831660 -0.9366861 -0.1810991 12.6400871 0.0448343 0.9985832 0.0126051 -0.0257417
34.935780 -0.9379650 -0.1800885 12.5792198 0.0446258 0.9988492 0.0124677 -0.0123813
35.144150 -0.9361021 -0.1779176 12.4519300 0.0429669 0.9989102 0.0137622 0.0119460
35.248400 -0.9328073 -0.1769425 12.3868256 0.0418394 0.9987906 0.0133478 0.0221032
35.352650 -0.9281623 -0.1759704 12.3208847 0.0394063 0.9986890 0.0120988 0.0303480
35.456920 -0.9229120 -0.1749622 12.2534485 0.0369966 0.9985844 0.0115628 0.0364239
35.561270 -0.9169430 -0.1744166 12.1854610 0.0348695 0.9984995 0.0124448 0.0403494
35.769770 -0.9040047 -0.1725756 12.0460167 0.0322591 0.9985093 0.0122399 0.0422933
35.874180 -0.8974112 -0.1715956 11.9744320 0.0308788 0.9986001 0.0116687 0.0413310
36.082520 -0.8848263 -0.1700360 11.8278046 0.0303224 0.9987050 0.0126567 0.0388421
36.186650 -0.8785510 -0.1689460 11.7532711 0.0299089 0.9987935 0.0128264 0.0367764
36.290910 -0.8732195 -0.1680185 11.6778421 0.0290505 0.9988929 0.0138268 0.0343200
36.395030 -0.8679153 -0.1669817 11.6021700 0.0289937 0.9989747 0.0149385 0.0313971
36.499150 -0.8630062 -0.1661683 11.5268841 0.0287461 0.9990476 0.0157614 0.0287932
36.603150 -0.8586775 -0.1651646 11.4505444 0.0285226 0.9991239 0.0157049 0.0262919
36.707280 -0.8544868 -0.1641333 11.3746424 0.0278468 0.9992129 0.0153191 0.0237368
36.811280 -0.8508224 -0.1631663 11.2984619 0.0271315 0.9992977 0.0149804 0.0210605
36.915280 -0.8473847 -0.1622889 11.2228527 0.0266425 0.9993681 0.0147572 0.0183234
37.019270 -0.8443110 -0.1611656 11.1462507 0.0263479 0.9993995 0.0161296 0.0156953
37.123280 -0.8418605 -0.1599355 11.0691662 0.0267393 0.9993988 0.0176075 0.0133077
37.227300 -0.8398475 -0.1585522 10.9924812 0.0272046 0.9994160 0.0173998 0.0111753
37.435150 -0.8362697 -0.1561909 10.8400230 0.0277754 0.9994416 0.0168201 0.0078875
37.539030 -0.8344600 -0.1554615 10.7628260 0.0279107 0.9994740 0.0152114 0.0064199
37.746770 -0.8324086 -0.1529005 10.6100492 0.0271806 0.9995092 0.0149950 0.0042241
37.954400 -0.8309782 -0.1503885 10.4549751 0.0278349 0.9994800 0.0159929 0.0030211
38.162020 -0.8296222 -0.1474550 10.3001652 0.0285969 0.9994572 0.0160462 0.0031750
38.369530 -0.8283387 -0.1457368 10.1447287 0.0300869 0.9994321 0.0146253 0.0040508
38.577050 -0.8256915 -0.1434237 9.9896793 0.0311103 0.9993678 0.0164823 0.0049401
38.784650 -0.8230891 -0.1403857 9.8326292 0.0295469 0.9993980 0.0172025 0.0058953
38.992150 -0.8200918 -0.1384280 9.6749506 0.0280896 0.9994414 0.0169217 0.0064463
39.095900 -0.8186482 -0.1372080 9.5967426 0.0284332 0.9994439 0.0161661 0.0064934
39.199650 -0.8172269 -0.1354914 9.5181150 0.0284528 0.9994572 0.0151805 0.0067316
39.303400 -0.8158484 -0.1341209 9.4388390 0.0288428 0.9994387 0.0156448 0.0067508
39.511030 -0.8130106 -0.1322100 9.2809629 0.0287534 0.9994254 0.0165022 0.0070618
39.614780 -0.8118105 -0.1307157 9.2017155 0.0286778 0.9994185 0.0169892 0.0071860
39.822150 -0.8084719 -0.1283970 9.0447655 0.0286264 0.9994307 0.0164206 0.0070074
39.925900 -0.8068711 -0.1266076 8.9659615 0.0292222 0.9994107 0.0165580 0.0070764
40.029660 -0.8054320 -0.1253971 8.8876610 0.0296796 0.9993784 0.0176259 0.0071514
40.133400 -0.8038068 -0.1236627 8.8099623 0.0298628 0.9993842 0.0170420 0.0070056
40.340780 -0.8014952 -0.1205500 8.6578617 0.0299953 0.9993985 0.0159721 0.0069216
40.444530 -0.7998954 -0.1197007 8.5813417 0.0297503 0.9994033 0.0161656 0.0068333
40.652040 -0.7974563 -0.1172782 8.4296188 0.0293887 0.9994086 0.0164361 0.0069736
40.755780 -0.7962146 -0.1156651 8.3537569 0.0289115 0.9994092 0.0172437 0.0069278
40.859530 -0.7948529 -0.1142871 8.2769146 0.0286403 0.9994153 0.0173117 0.0070085
40.963300 -0.7933211 -0.1128942 8.2007256 0.0291014 0.9994094 0.0168873 0.0069830
41.067040 -0.7919249 -0.1117261 8.1252995 0.0294614 0.9994003 0.0168162 0.0069513
41.170800 -0.7907434 -0.1106590 8.0501060 0.0293511 0.9993850 0.0179171 0.0068670
41.274530 -0.7897123 -0.1091567 7.9743314 0.0294556 0.9993625 0.0190780 0.0065546
41.378300 -0.7881345 -0.1076372 7.8989673 0.0287841 0.9993849 0.0191293 0.0059513
41.482150 -0.7871299 -0.1064281 7.8252258 0.0281194 0.9994051 0.0192061 0.0054683
41.585910 -0.7857550 -0.1051077 7.7503052 0.0277059 0.9994152 0.0194182 0.0049703
41.689670 -0.7845672 -0.1034636 7.6753044 0.0277938 0.9994215 0.0190889 0.0044522
41.793530 -0.7837389 -0.1023465 7.6010294 0.0282492 0.9994211 0.0185172 0.0040823
41.897280 -0.7829620 -0.1011340 7.5263214 0.0286532 0.9994071 0.0187008 0.0038336
42.001030 -0.7819504 -0.0998368 7.4523349 0.0284568 0.9994122 0.0187865 0.0035492
42.208530 -0.7801092 -0.0969119 7.3047366 0.0282622 0.9994187 0.0188616 0.0027884
42.312280 -0.7793279 -0.0955504 7.2307920 0.0282759 0.9994003 0.0198542 0.0023395
42.416050 -0.7786024 -0.0939078 7.1577792 0.0278787 0.9994105 0.0199567 0.0017776
42.519900 -0.7779670 -0.0926257 7.0850444 0.0279456 0.9994205 0.0194265 0.0006641
42.623660 -0.7776139 -0.0914201 7.0129046 0.0279974 0.9994258 0.0190803 -0.0003872
42.727400 -0.7777160 -0.0900777 6.9407434 0.0284077 0.9993979 0.0198801 -0.0013105
42.831160 -0.7780168 -0.0888328 6.8694162 0.0287161 0.9993662 0.0209121 -0.0023190
42.934910 -0.7781213 -0.0869205 6.7977905 0.0291398 0.9993632 0.0203134 -0.0033808
43.038660 -0.7785913 -0.0855900 6.7283683 0.0290453 0.9993610 0.0203884 -0.0042848
43.142410 -0.7790152 -0.0840275 6.6585302 0.0291709 0.9993403 0.0209552 -0.0053757
43.246160 -0.7801353 -0.0825942 6.5894570 0.0289955 0.9993229 0.0217739 -0.0062398
43.349910 -0.7804582 -0.0811459 6.5220070 0.0292728 0.9992974 0.0221743 -0.0074855
43.453690 -0.7814228 -0.0800064 6.4557333 0.0294425 0.9992917 0.0219296 -0.0082728
43.557400 -0.7819054 -0.0789041 6.3905754 0.0297650 0.9992641 0.0223732 -0.0092019
43.661030 -0.7828766 -0.0775266 6.3259206 0.0293831 0.9992447 0.0235107 -0.0096893
43.764790 -0.7836981 -0.0760414 6.2630329 0.0293368 0.9992451 0.0234198 -0.0100060
43.972290 -0.7854245 -0.0735988 6.1408858 0.0289948 0.9992803 0.0223118 -0.0100146
44.179660 -0.7872569 -0.0712371 6.0235395 0.0293998 0.9992723 0.0222615 -0.0097427
44.283280 -0.7879092 -0.0698482 5.9670615 0.0290422 0.9992760 0.0226478 -0.0095378
44.387040 -0.7887471 -0.0686920 5.9116330 0.0292088 0.9992523 0.0235941 -0.0092208
44.490780 -0.7896525 -0.0677951 5.8579011 0.0291418 0.9992455 0.0240521 -0.0089884
44.698280 -0.7911770 -0.0653957 5.7535377 0.0287548 0.9992844 0.0230542 -0.0085044
44.905910 -0.7918905 -0.0635494 5.6545758 0.0282574 0.9993128 0.0225950 -0.0080562
45.113530 -0.7929185 -0.0618257 5.5614758 0.0284758 0.9992937 0.0233128 -0.0076024
45.321160 -0.7938989 -0.0598033 5.4724712 0.0287443 0.9992805 0.0237168 -0.0070517
45.528910 -0.7943787 -0.0579788 5.3876619 0.0284705 0.9993275 0.0221599 -0.0065535
45.944410 -0.7960949 -0.0551168 5.2266436 0.0304042 0.9993072 0.0205844 -0.0060847
46.152410 -0.7966253 -0.0536004 5.1501312 0.0316708 0.9992889 0.0195378 -0.0060787
46.568280 -0.7981336 -0.0511260 5.0031672 0.0325963 0.9992533 0.0195107 -0.0070404
47.816410 -0.8030305 -0.0462658 4.5873208 0.0302230 0.9994648 0.0085911 -0.0091068
48.024410 -0.8032731 -0.0459115 4.5175285 0.0259426 0.9995896 0.0084521 -0.0087227
48.232410 -0.8030124 -0.0447088 4.4448776 0.0237397 0.9996208 0.0116586 -0.0076690
48.648410 -0.8033470 -0.0431252 4.2945924 0.0220858 0.9996930 0.0110414 -0.0020555
48.960410 -0.8022912 -0.0412940 4.1729493 0.0226009 0.9996041 0.0163968 0.0034622
49.064530 -0.8016691 -0.0405031 4.1309638 0.0232455 0.9995812 0.0164404 0.0051678
49.272540 -0.8003634 -0.0384966 4.0442595 0.0248040 0.9995442 0.0146343 0.0090555
49.376540 -0.7989352 -0.0375395 3.9998178 0.0258414 0.9995053 0.0142003 0.0109437
49.480540 -0.7975805 -0.0365761 3.9543021 0.0264709 0.9994627 0.0144302 0.0128588
49.688540 -0.7942933 -0.0347878 3.8605187 0.0278305 0.9993319 0.0165729 0.0169306
50.000540 -0.7876053 -0.0322618 3.7146156 0.0306637 0.9991661 0.0138416 0.0231353
50.104550 -0.7848449 -0.0310978 3.6641548 0.0309795 0.9991232 0.0130254 0.0249698
50.208540 -0.7820109 -0.0303608 3.6128752 0.0311028 0.9990827 0.0131801 0.0263193
50.520540 -0.7721518 -0.0286716 3.4541326 0.0305346 0.9991004 0.0101078 0.0276363
50.624670 -0.7693232 -0.0281817 3.3997941 0.0315201 0.9990832 0.0089817 0.0275409
50.728660 -0.7653462 -0.0275493 3.3440688 0.0321485 0.9990606 0.0107844 0.0269838
51.040790 -0.7556165 -0.0247904 3.1730943 0.0319424 0.9990466 0.0136744 0.0264314
51.144790 -0.7520958 -0.0236912 3.1144230 0.0314251 0.9990853 0.0129633 0.0259414
51.248790 -0.7484871 -0.0228023 3.0550430 0.0308257 0.9991117 0.0131618 0.0255441
51.456790 -0.7419532 -0.0207691 2.9339089 0.0312507 0.9991210 0.0123408 0.0250667
51.560790 -0.7388009 -0.0197170 2.8719976 0.0313458 0.9991134 0.0137321 0.0245211
51.664790 -0.7354780 -0.0185975 2.8098774 0.0309762 0.9991323 0.0145984 0.0237058
51.768790 -0.7324204 -0.0174145 2.7470376 0.0303425 0.9991828 0.0138441 0.0228322
51.872790 -0.7294539 -0.0165840 2.6838663 0.0302728 0.9992043 0.0143069 0.0216704
51.976790 -0.7263673 -0.0151361 2.6195748 0.0288695 0.9992909 0.0130014 0.0203738
52.080790 -0.7240798 -0.0142582 2.5553305 0.0295919 0.9993435 0.0084622 0.0191149
52.184660 -0.7214674 -0.0138366 2.4901261 0.0298773 0.9993669 0.0072058 0.0179219
52.288680 -0.7191405 -0.0135274 2.4234934 0.0301722 0.9993495 0.0108995 0.0164777
52.392670 -0.7166368 -0.0129210 2.3568108 0.0299013 0.9993383 0.0141794 0.0150968
52.496670 -0.7142636 -0.0116209 2.2895756 0.0291058 0.9993783 0.0143398 0.0137955
52.600670 -0.7119957 -0.0106350 2.2219355 0.0287959 0.9994133 0.0137732 0.0124178
52.704540 -0.7102505 -0.0096051 2.1536412 0.0290805 0.9994242 0.0132526 0.0113962
52.808540 -0.7085359 -0.0082243 2.0841699 0.0292227 0.9994301 0.0133605 0.0103498
52.912410 -0.7068208 -0.0072401 2.0152097 0.0302295 0.9994075 0.0136138 0.0092443
53.016420 -0.7052401 -0.0060265 1.9451199 0.0299438 0.9994129 0.0144879 0.0082045
53.120310 -0.7042192 -0.0047791 1.8750542 0.0300739 0.9994017 0.0154684 0.0072422
53.224160 -0.7027502 -0.0036768 1.8061055 0.0291454 0.9994082 0.0171892 0.0061827
53.328040 -0.7016704 -0.0023786 1.7365755 0.0286815 0.9993973 0.0188566 0.0051774
53.431910 -0.7004868 -0.0008537 1.6677301 0.0288082 0.9993958 0.0189925 0.0041612
53.535790 -0.6996558 0.0002442 1.5985744 0.0287471 0.9994080 0.0185485 0.0036375
53.639670 -0.6988288 0.0016125 1.5302811 0.0290695 0.9994091 0.0181126 0.0029002
53.743420 -0.6978335 0.0032090 1.4615207 0.0288620 0.9994169 0.0180939 0.0023391
53.847310 -0.6974427 0.0044074 1.3928845 0.0286147 0.9994147 0.0186306 0.0020901
53.951170 -0.6967303 0.0057025 1.3243581 0.0284400 0.9994304 0.0180797 0.0017680
54.054920 -0.6962107 0.0070202 1.2559966 0.0282244 0.9994576 0.0169079 0.0014238
54.158790 -0.6957107 0.0080262 1.1888211 0.0287761 0.9994308 0.0175594 0.0012532
54.262540 -0.6951662 0.0092368 1.1208788 0.0293054 0.9993775 0.0196124 0.0010212
54.366290 -0.6950870 0.0106738 1.0530707 0.0293118 0.9993509 0.0209056 0.0012595
54.470160 -0.6944789 0.0122129 0.9858598 0.0292162 0.9993641 0.0203773 0.0015710
54.573910 -0.6939302 0.0135477 0.9187739 0.0290009 0.9993999 0.0188317 0.0020357
54.677690 -0.6934083 0.0146676 0.8520776 0.0285014 0.9994408 0.0172838 0.0026395
54.781540 -0.6923229 0.0162833 0.7848413 0.0284002 0.9994535 0.0166884 0.0027612
54.885290 -0.6914926 0.0173041 0.7183746 0.0279658 0.9994529 0.0173760 0.0031538
54.989170 -0.6909727 0.0183514 0.6513019 0.0287525 0.9994007 0.0189477 0.0035526
55.092920 -0.6901037 0.0195670 0.5844986 0.0284830 0.9993737 0.0206442 0.0038485
55.196790 -0.6895722 0.0208588 0.5179069 0.0278664 0.9993947 0.0204252 0.0040701
55.300540 -0.6887381 0.0223645 0.4517573 0.0277251 0.9994410 0.0182284 0.0041008
55.404410 -0.6881897 0.0233713 0.3861432 0.0277111 0.9994657 0.0168572 0.0040314
55.508190 -0.6871712 0.0243699 0.3205094 0.0282194 0.9994498 0.0170175 0.0037634
55.611910 -0.6864819 0.0253601 0.2545407 0.0288170 0.9994052 0.0186035 0.0035739
55.819540 -0.6847343 0.0276491 0.1241594 0.0278150 0.9994376 0.0185071 0.0028877
55.923300 -0.6841866 0.0287147 0.0586547 0.0269605 0.9994678 0.0181817 0.0025930
56.027170 -0.6836823 0.0297535 -0.0058370 0.0268696 0.9994764 0.0178552 0.0024611
56.130920 -0.6831386 0.0307992 -0.0704826 0.0272356 0.9994754 0.0173648 0.0023637
56.234670 -0.6823642 0.0317615 -0.1345940 0.0283545 0.9994459 0.0173088 0.0021112
56.338420 -0.6820629 0.0329446 -0.1985077 0.0294397 0.9994038 0.0179060 0.0021903
56.442290 -0.6815550 0.0340080 -0.2620656 0.0295262 0.9993962 0.0181894 0.0021410
56.546040 -0.6808920 0.0350819 -0.3251773 0.0293819 0.9994110 0.0176130 0.0020018
56.649810 -0.6801881 0.0361232 -0.3885892 0.0287390 0.9994319 0.0174977 0.0019261
56.753550 -0.6794280 0.0366938 -0.4511370 0.0277478 0.9994563 0.0177318 0.0016252
56.857290 -0.6787415 0.0377256 -0.5133850 0.0272910 0.9994712 0.0176164 0.0014901
56.961060 -0.6784266 0.0387612 -0.5757374 0.0272128 0.9994611 0.0182934 0.0015538
57.064790 -0.6780151 0.0393564 -0.6371637 0.0278830 0.9994372 0.0185857 0.0015328
57.272300 -0.6773329 0.0414616 -0.7612954 0.0283336 0.9994106 0.0193327 0.0014159
57.376170 -0.6773651 0.0425657 -0.8228438 0.0282525 0.9994386 0.0179432 0.0015177
57.479920 -0.6764041 0.0433755 -0.8838869 0.0270225 0.9995087 0.0158409 0.0010833
57.583670 -0.6754264 0.0440832 -0.9458175 0.0250197 0.9995724 0.0150928 0.0010970
57.687420 -0.6748082 0.0447879 -1.0072595 0.0235504 0.9995915 0.0161557 0.0011387
57.791170 -0.6739206 0.0455125 -1.0690632 0.0231069 0.9995819 0.0173382 0.0011934
57.894920 -0.6735017 0.0465311 -1.1303525 0.0237485 0.9995489 0.0183500 0.0011736
58.102420 -0.6725486 0.0486132 -1.2524836 0.0283554 0.9993886 0.0204200 0.0012106
58.206190 -0.6725088 0.0499637 -1.3134974 0.0295306 0.9993665 0.0198163 0.0013428
58.310040 -0.6723146 0.0512421 -1.3743596 0.0299544 0.9993793 0.0184969 0.0013141
58.413800 -0.6719993 0.0523680 -1.4354134 0.0294810 0.9994110 0.0175088 0.0013692
58.621420 -0.6707373 0.0545192 -1.5575897 0.0276064 0.9994675 0.0173623 0.0010817
58.725190 -0.6702799 0.0555136 -1.6192288 0.0273042 0.9994801 0.0171205 0.0009573
58.829070 -0.6700664 0.0565983 -1.6808654 0.0274666 0.9994899 0.0162699 0.0009029
59.036550 -0.6695446 0.0582313 -1.8050401 0.0270355 0.9994999 0.0163678 0.0010394
59.244170 -0.6687587 0.0600573 -1.9292974 0.0252474 0.9995466 0.0163786 0.0009430
59.348040 -0.6680000 0.0609162 -1.9913502 0.0242284 0.9995499 0.0176758 0.0007301
59.451800 -0.6672157 0.0620066 -2.0538316 0.0233797 0.9995716 0.0175963 0.0005236
59.555580 -0.6663272 0.0629817 -2.1158254 0.0231334 0.9996043 0.0159976 0.0002624
59.659420 -0.6655787 0.0640082 -2.1781576 0.0224174 0.9996262 0.0156459 0.0002069
59.763180 -0.6654250 0.0649616 -2.2407725 0.0224328 0.9996193 0.0160549 0.0005036
59.866920 -0.6648090 0.0659488 -2.3026397 0.0217867 0.9996520 0.0148652 0.0005791
59.970800 -0.6642981 0.0665774 -2.3647954 0.0211082 0.9996909 0.0131201 0.0006732
60.074550 -0.6637049 0.0672488 -2.4273889 0.0209658 0.9996990 0.0127238 0.0007114
60.282170 -0.6624427 0.0683120 -2.5524788 0.0232826 0.9996303 0.0140112 0.0009508
60.385920 -0.6622818 0.0688897 -2.6149585 0.0239875 0.9996154 0.0138536 0.0013544
60.489670 -0.6617514 0.0694681 -2.6779764 0.0238734 0.9996160 0.0139867 0.0014907
60.593420 -0.6609375 0.0703025 -2.7401717 0.0233678 0.9996427 0.0128998 0.0014191
60.697180 -0.6603752 0.0708929 -2.8033407 0.0228897 0.9996420 0.0137652 0.0015415
60.801050 -0.6596527 0.0718628 -2.8664606 0.0230014 0.9996154 0.0153876 0.0018145
60.904800 -0.6594887 0.0727148 -2.9296970 0.0240680 0.9995862 0.0155937 0.0022596
61.216170 -0.6579682 0.0750515 -3.1172295 0.0270802 0.9995039 0.0157550 0.0032262
61.319920 -0.6570650 0.0753955 -3.1794927 0.0280896 0.9994714 0.0160432 0.0032408
61.423670 -0.6565102 0.0763110 -3.2419541 0.0291491 0.9994373 0.0162377 0.0034331
61.527550 -0.6558205 0.0768570 -3.3042035 0.0301504 0.9993937 0.0170309 0.0036194
61.631300 -0.6550109 0.0778716 -3.3661730 0.0312306 0.9993531 0.0174603 0.0036497
61.838800 -0.6534565 0.0791381 -3.4889436 0.0332964 0.9993486 0.0134118 0.0037199
62.046420 -0.6520220 0.0799826 -3.6120076 0.0336991 0.9993218 0.0143514 0.0038054
62.150170 -0.6513978 0.0806816 -3.6734040 0.0335950 0.9993185 0.0147937 0.0038872
62.253920 -0.6506711 0.0813684 -3.7344391 0.0333285 0.9993342 0.0143145 0.0039235
62.461550 -0.6492602 0.0826335 -3.8572001 0.0330269 0.9993370 0.0147908 0.0039946
62.669050 -0.6477655 0.0839816 -3.9801059 0.0326515 0.9993712 0.0134473 0.0031977
62.876680 -0.6467139 0.0856864 -4.1033821 0.0331183 0.9993559 0.0136429 0.0022197
62.980550 -0.6459100 0.0863125 -4.1636410 0.0333185 0.9993584 0.0130271 0.0017577
63.188170 -0.6450425 0.0872162 -4.2855840 0.0328566 0.9993718 0.0132463 0.0009327
63.395800 -0.6440926 0.0875766 -4.4058433 0.0320590 0.9993883 0.0139718 0.0001066
63.603430 -0.6435524 0.0888568 -4.5260792 0.0322643 0.9993827 0.0138936 -0.0005080
63.811050 -0.6432127 0.0899720 -4.6458907 0.0327337 0.9993907 0.0121111 -0.0002347
63.914800 -0.6430841 0.0905323 -4.7053280 0.0325680 0.9994002 0.0117706 -0.0000605
64.122420 -0.6429313 0.0911315 -4.8246684 0.0337572 0.9993406 0.0133528 0.0006821
64.226180 -0.6423043 0.0913022 -4.8834777 0.0343963 0.9993009 0.0146056 0.0011581
64.330050 -0.6415606 0.0917980 -4.9424257 0.0344544 0.9993033 0.0142611 0.0015874
64.537570 -0.6404862 0.0925781 -5.0591979 0.0339017 0.9993616 0.0110680 0.0021495
64.745300 -0.6393519 0.0932622 -5.1761622 0.0331723 0.9993469 0.0141744 0.0021195
64.952920 -0.6383207 0.0945130 -5.2912889 0.0337485 0.9993083 0.0154556 0.0022257
65.160550 -0.6372870 0.0955679 -5.4054523 0.0335472 0.9993420 0.0136964 0.0015975
65.368050 -0.6364397 0.0966870 -5.5193920 0.0324017 0.9993820 0.0136020 0.0008105
65.575680 -0.6357731 0.0973436 -5.6323876 0.0325175 0.9993781 0.0136372 -0.0000085
65.783180 -0.6350651 0.0980815 -5.7444978 0.0326996 0.9993703 0.0137576 -0.0006872
65.886930 -0.6347626 0.0983645 -5.8004990 0.0326105 0.9993649 0.0143266 -0.0010726
65.990800 -0.6346601 0.0989394 -5.8559875 0.0324610 0.9993705 0.0142310 -0.0015376
66.198300 -0.6346158 0.0997437 -5.9668169 0.0326644 0.9993623 0.0142491 -0.0022306
66.302080 -0.6347616 0.1004001 -6.0215926 0.0324115 0.9993712 0.0141447 -0.0025836
66.509680 -0.6348450 0.1013696 -6.1319237 0.0323501 0.9993771 0.0137298 -0.0032164
66.717300 -0.6353933 0.1019507 -6.2407389 0.0325415 0.9993868 0.0123391 -0.0038415
66.821050 -0.6357856 0.1023756 -6.2952695 0.0327246 0.9993728 0.0129163 -0.0040371
67.028680 -0.6358972 0.1029328 -6.4025440 0.0331753 0.9993474 0.0137032 -0.0040329
67.132440 -0.6360197 0.1033777 -6.4564424 0.0330340 0.9993577 0.0133233 -0.0039268
67.236300 -0.6364378 0.1039149 -6.5094185 0.0334611 0.9993436 0.0134001 -0.0036371
67.340050 -0.6366168 0.1040224 -6.5629282 0.0337420 0.9993295 0.0137412 -0.0036378
67.547680 -0.6368026 0.1047842 -6.6679087 0.0339312 0.9993138 0.0144710 -0.0033478
67.755300 -0.6369947 0.1054487 -6.7708292 0.0336713 0.9993252 0.0143101 -0.0032484
67.962930 -0.6372772 0.1069111 -6.8738661 0.0332391 0.9993469 0.0136895 -0.0036839
68.066810 -0.6374410 0.1071276 -6.9247203 0.0328488 0.9993533 0.0140048 -0.0042226
68.274430 -0.6377230 0.1080096 -7.0254703 0.0315580 0.9993792 0.0146464 -0.0055425
68.378180 -0.6379837 0.1083277 -7.0752630 0.0315026 0.9993840 0.0141414 -0.0062632
68.482050 -0.6386042 0.1086131 -7.1246939 0.0315962 0.9993898 0.0132492 -0.0067990
68.585930 -0.6388614 0.1089204 -7.1740222 0.0316673 0.9993845 0.0132671 -0.0071939
68.689680 -0.6395826 0.1094901 -7.2222567 0.0320251 0.9993616 0.0141052 -0.0072055
68.897430 -0.6408218 0.1100612 -7.3167224 0.0333963 0.9992978 0.0154297 -0.0071099
69.001180 -0.6414649 0.1104526 -7.3628864 0.0340433 0.9992818 0.0150858 -0.0070242
69.105050 -0.6416849 0.1108583 -7.4078145 0.0333171 0.9992948 0.0157163 -0.0072754
69.208930 -0.6422308 0.1111506 -7.4518647 0.0336560 0.9992619 0.0170022 -0.0073411
69.312800 -0.6429349 0.1115942 -7.4952674 0.0335055 0.9992623 0.0169420 -0.0080707
69.520680 -0.6436276 0.1123794 -7.5777168 0.0326337 0.9992866 0.0162468 -0.0098665
69.624560 -0.6443839 0.1127875 -7.6178536 0.0330910 0.9992588 0.0166537 -0.0104597
69.728440 -0.6450173 0.1129621 -7.6563997 0.0337769 0.9992291 0.0168353 -0.0108086
69.832320 -0.6458846 0.1134240 -7.6935186 0.0340751 0.9992239 0.0167060 -0.0105546
70.558570 -0.6397201 0.1139926 -7.9178114 0.0406096 0.9978873 0.0184166 0.0472513
70.765810 -0.6312700 0.1137046 -7.9681296 0.0413739 0.9957058 0.0172275 0.0810020
70.973060 -0.6194684 0.1133400 -8.0128984 0.0428579 0.9912938 0.0137016 0.1237421
72.529060 -0.4260158 0.1006754 -8.1945143 0.0351003 0.8569471 0.0055183 0.5141782
72.736950 -0.4165978 0.1141572 -8.2519779 0.0370798 0.8338398 -0.0007522 0.5507591
73.048810 -0.4049204 0.1139467 -8.2050505 0.0326243 0.8118588 0.0019500 0.5829384
73.360680 -0.2897670 0.1275659 -8.7328377 0.0378606 0.6169633 -0.0080646 0.7860393
73.672580 -0.0961590 0.1044746 -8.3588219 0.0029413 0.4139732 0.0208497 0.9100455
73.776440 -0.0951584 0.1054825 -8.3247890 0.0025729 0.4108995 0.0216589 0.9114197
74.192560 -0.0704223 0.1042778 -8.2086020 0.0033878 0.3582363 0.0193000 0.9334253
74.296560 -0.0582308 0.1040077 -8.1816940 0.0051486 0.3371205 0.0194702 0.9412460
74.400680 -0.0414878 0.1033261 -8.1551924 0.0050241 0.3084724 0.0194226 0.9510217
74.712820 -0.0009178 0.1020809 -8.0624332 0.0021570 0.2218233 0.0196957 0.9748856
74.921080 0.0205045 0.1012669 -7.9929943 0.0007860 0.1638547 0.0184151 0.9863123
75.025200 0.0296648 0.1008683 -7.9559340 0.0009812 0.1374278 0.0156612 0.9903875
75.233810 0.0433657 0.1004528 -7.8760934 0.0017382 0.0945214 0.0101955 0.9954691
75.442560 0.0539280 0.0994743 -7.7894096 0.0004605 0.0595929 0.0098521 0.9981741
75.546930 0.0573623 0.0992340 -7.7439528 0.0001419 0.0445068 0.0094814 0.9989641
75.651310 0.0594951 0.0987427 -7.6969175 0.0001765 0.0314130 0.0079069 0.9994752
75.755680 0.0603748 0.0984111 -7.6493626 0.0005482 0.0207557 0.0052605 0.9997706
75.964710 0.0608311 0.0969553 -7.5494757 0.0015718 0.0085028 0.0004037 0.9999625
76.069190 0.0607477 0.0966869 -7.4977460 0.0017549 0.0066103 -0.0012390 0.9999759
76.173710 0.0609549 0.0960846 -7.4448071 0.0013914 0.0060126 -0.0014306 0.9999799
76.278060 0.0613429 0.0956649 -7.3903990 0.0009604 0.0055879 -0.0009445 0.9999835
76.382460 0.0618888 0.0949293 -7.3348603 0.0003842 0.0048177 -0.0007010 0.9999881
76.486810 0.0625165 0.0942492 -7.2785492 0.0005781 0.0038493 0.0000387 0.9999924
76.591060 0.0622297 0.0942158 -7.2206550 0.0009738 0.0029029 -0.0001935 0.9999953
76.695310 0.0623930 0.0934787 -7.1618586 0.0003190 0.0018342 -0.0000184 0.9999983
76.799440 0.0623156 0.0929051 -7.1020341 -0.0010094 0.0008318 0.0000993 0.9999991
76.903560 0.0620883 0.0926135 -7.0412750 -0.0012335 -0.0000691 0.0008380 0.9999989
77.007690 0.0619030 0.0921416 -6.9796700 -0.0006099 -0.0009710 0.0010643 0.9999987
77.424060 0.0592751 0.0895413 -6.7235727 0.0008344 -0.0025237 0.0009814 0.9999960
77.528190 0.0587787 0.0888963 -6.6573119 0.0010553 -0.0024115 0.0009450 0.9999961
77.632190 0.0582157 0.0881433 -6.5906606 0.0006720 -0.0020358 0.0006183 0.9999975
77.736190 0.0574797 0.0874097 -6.5231395 0.0004233 -0.0013493 0.0004644 0.9999989
77.944210 0.0559231 0.0850507 -6.3857784 0.0028601 0.0007900 0.0001813 0.9999956
78.152070 0.0565413 0.0828494 -6.2463865 0.0043865 0.0020449 0.0014147 0.9999873
78.255940 0.0567341 0.0813783 -6.1752830 0.0037973 0.0018304 0.0020255 0.9999891
78.359820 0.0565652 0.0798849 -6.1036820 0.0039352 0.0014963 0.0026435 0.9999877
78.463690 0.0563049 0.0786500 -6.0311780 0.0053108 0.0008883 0.0025442 0.9999822
78.567580 0.0563908 0.0772384 -5.9580398 0.0060346 -0.0004916 0.0025102 0.9999785
78.775190 0.0548197 0.0740147 -5.8098664 0.0045777 -0.0029316 0.0029071 0.9999810
78.879060 0.0538852 0.0725025 -5.7347298 0.0049237 -0.0035847 0.0023024 0.9999788
78.982940 0.0528632 0.0707593 -5.6585937 0.0049629 -0.0040448 0.0025500 0.9999763
79.086810 0.0520420 0.0691539 -5.5816045 0.0055174 -0.0046884 0.0029010 0.9999696
79.190690 0.0510875 0.0676849 -5.5041265 0.0060589 -0.0050837 0.0027272 0.9999650
79.294440 0.0498980 0.0657619 -5.4262481 0.0059504 -0.0054823 0.0021026 0.9999651
79.398310 0.0482344 0.0642983 -5.3480182 0.0056644 -0.0053148 0.0022040 0.9999674
79.502200 0.0472634 0.0625470 -5.2681360 0.0038524 -0.0050832 0.0014445 0.9999786
79.606060 0.0464746 0.0610827 -5.1878300 0.0031204 -0.0050117 0.0015055 0.9999814
79.709940 0.0452094 0.0600038 -5.1068416 0.0017646 -0.0046393 0.0016956 0.9999862
79.813820 0.0442345 0.0587440 -5.0253611 -0.0012707 -0.0044870 0.0016222 0.9999878
79.917560 0.0432828 0.0576713 -4.9434237 -0.0040882 -0.0043095 0.0013354 0.9999815
80.021460 0.0420661 0.0571667 -4.8622265 -0.0055689 -0.0043145 0.0008231 0.9999748
80.125190 0.0407611 0.0566645 -4.7818770 -0.0064568 -0.0042710 -0.0000507 0.9999700
80.228940 0.0396554 0.0561008 -4.7011290 -0.0066885 -0.0041583 0.0003908 0.9999689
80.332810 0.0382762 0.0552941 -4.6211634 -0.0058798 -0.0043057 0.0005500 0.9999733
80.436670 0.0373373 0.0547120 -4.5406666 -0.0047376 -0.0039614 0.0008879 0.9999805
80.540440 0.0365486 0.0539268 -4.4606028 -0.0047946 -0.0034051 0.0013093 0.9999818
80.644320 0.0357433 0.0534202 -4.3807368 -0.0058630 -0.0029901 0.0011201 0.9999777
80.748100 0.0351303 0.0526719 -4.3009601 -0.0058605 -0.0026032 0.0019150 0.9999776
80.851960 0.0344216 0.0520767 -4.2220488 -0.0048956 -0.0022070 0.0017332 0.9999841
80.955700 0.0340334 0.0512539 -4.1429596 -0.0050399 -0.0020018 0.0021264 0.9999830
81.059440 0.0335307 0.0506986 -4.0640397 -0.0058233 -0.0016670 0.0022043 0.9999792
81.163210 0.0332130 0.0500619 -3.9852719 -0.0070611 -0.0013531 0.0028993 0.9999700
81.370700 0.0323138 0.0491652 -3.8278866 -0.0072071 -0.0015250 0.0031744 0.9999678
81.474570 0.0314881 0.0487637 -3.7497983 -0.0050356 -0.0017398 0.0029160 0.9999816
81.578330 0.0306873 0.0480029 -3.6716309 -0.0041511 -0.0021177 0.0013817 0.9999882
81.785940 0.0286545 0.0464831 -3.5157607 -0.0055214 -0.0023672 0.0003625 0.9999819
81.889700 0.0281819 0.0459212 -3.4375875 -0.0043388 -0.0025685 0.0017411 0.9999858
81.993440 0.0277691 0.0451508 -3.3599622 -0.0049933 -0.0030840 0.0022586 0.9999802
82.097310 0.0268799 0.0445932 -3.2824311 -0.0059950 -0.0033629 0.0031398 0.9999714
82.201070 0.0261038 0.0438183 -3.2053449 -0.0052042 -0.0039172 0.0033939 0.9999730
82.304840 0.0253210 0.0430027 -3.1293435 -0.0036428 -0.0046849 0.0035554 0.9999760
82.512440 0.0229799 0.0414825 -2.9750497 -0.0064586 -0.0060003 0.0037402 0.9999542
82.616210 0.0216234 0.0411616 -2.8984513 -0.0063547 -0.0066113 0.0038743 0.9999505
82.823820 0.0189897 0.0402378 -2.7462208 -0.0054701 -0.0071735 0.0032231 0.9999541
82.927570 0.0174453 0.0394894 -2.6706803 -0.0056386 -0.0072302 0.0023391 0.9999552
83.031440 0.0159060 0.0387999 -2.5947013 -0.0053068 -0.0073894 0.0023795 0.9999558
83.135190 0.0145215 0.0383429 -2.5196915 -0.0050708 -0.0071820 0.0022329 0.9999589
83.342820 0.0121275 0.0365557 -2.3733842 -0.0053665 -0.0066457 0.0034558 0.9999576
83.550440 0.0099900 0.0352054 -2.2253566 -0.0061424 -0.0060330 0.0045000 0.9999528
83.654320 0.0088238 0.0345944 -2.1517951 -0.0061702 -0.0055246 0.0044810 0.9999557
83.758190 0.0075165 0.0338263 -2.0789893 -0.0055442 -0.0050641 0.0040678 0.9999635
83.862070 0.0065678 0.0329389 -2.0060930 -0.0045975 -0.0046996 0.0041263 0.9999699
83.965950 0.0056293 0.0325184 -1.9333975 -0.0043506 -0.0043192 0.0032471 0.9999759
84.069850 0.0047190 0.0318672 -1.8604528 -0.0054109 -0.0038326 0.0024246 0.9999751
84.277690 0.0028826 0.0308865 -1.7165531 -0.0060597 -0.0026722 0.0014612 0.9999770
84.381590 0.0025407 0.0305043 -1.6445830 -0.0050705 -0.0019415 0.0013379 0.9999844
84.485440 0.0022029 0.0296745 -1.5734408 -0.0039597 -0.0013871 0.0021061 0.9999890
84.589320 0.0018393 0.0292849 -1.5019013 -0.0045170 -0.0006926 0.0017509 0.9999880
84.797070 0.0013299 0.0272956 -1.3591453 -0.0029654 0.0008631 0.0014036 0.9999942
85.004820 0.0007858 0.0249399 -1.2176701 0.0007852 0.0019824 0.0002270 0.9999977
85.212450 0.0007203 0.0224819 -1.0768164 0.0014497 0.0030429 0.0005561 0.9999942
85.420190 0.0011389 0.0193325 -0.9385658 -0.0005771 0.0032728 0.0014258 0.9999934
85.627820 0.0016836 0.0169301 -0.8003277 0.0002753 0.0030087 0.0024818 0.9999924
85.835320 0.0019312 0.0137295 -0.6621061 0.0000841 0.0020982 0.0023529 0.9999951
85.939070 0.0015699 0.0123456 -0.5937772 -0.0000879 0.0016521 0.0025753 0.9999953
86.042820 0.0015464 0.0112308 -0.5254037 -0.0004395 0.0009731 0.0020101 0.9999974
86.146690 0.0010302 0.0098828 -0.4572600 -0.0008654 0.0004843 0.0023620 0.9999967
86.354210 0.0006575 0.0073513 -0.3219522 0.0008944 -0.0003346 0.0032156 0.9999943
86.561820 -0.0000186 0.0047231 -0.1869429 0.0010487 -0.0005767 0.0027866 0.9999954
86.665690 -0.0005406 0.0025377 -0.1189574 0.0004805 -0.0007800 0.0023977 0.9999967
86.873200 -0.0006002 -0.0007084 0.0162284 0.0010976 -0.0008091 0.0014516 0.9999980
86.976950 0.0244751 -0.0170899 0.0962521 -0.0037438 -0.0089817 0.0022261 0.9999502
87.599690 -0.0050519 -0.0084952 0.4917693 -0.0005138 -0.0014638 -0.0000063 0.9999987
94.553950 -0.0431964 -0.0620420 4.5686088 -0.0023604 0.0042394 0.0042017 0.9999794
94.865460 -0.0427924 -0.0641996 4.7175570 0.0023822 -0.0013668 0.0048302 0.9999846
95.176950 -0.0454976 -0.0672992 4.8685284 0.0014055 -0.0094606 0.0040410 0.9999461
95.488580 -0.0515150 -0.0697050 5.0199490 0.0004039 -0.0195629 0.0027615 0.9998047
95.696330 -0.0570784 -0.0712553 5.1234007 -0.0000436 -0.0222423 -0.0011091 0.9997520
96.008460 -0.0647670 -0.0737332 5.2795973 0.0007014 -0.0162791 -0.0062526 0.9998477
96.320580 -0.0683864 -0.0760702 5.4401517 0.0003132 -0.0040731 -0.0082793 0.9999574
96.632830 -0.0669166 -0.0789545 5.6021757 0.0013476 0.0102802 -0.0076800 0.9999167
96.944850 -0.0616234 -0.0816466 5.7672257 0.0010693 0.0225612 -0.0061808 0.9997258
97.256580 -0.0531514 -0.0846280 5.9354973 -0.0001904 0.0305660 -0.0083845 0.9994976
97.776080 -0.0352164 -0.0880679 6.2224331 0.0016292 0.0343127 -0.0058768 0.9993926
98.087470 -0.0234286 -0.0902560 6.3996992 -0.0018407 0.0287727 0.0009171 0.9995838
100.266800 -0.0181774 -0.1087420 7.7219849 0.0005765 -0.0088321 0.0008495 0.9999605
100.578200 -0.0225614 -0.1127826 7.9159760 0.0019613 -0.0091487 -0.0003426 0.9999562
101.304700 -0.0320923 -0.1218249 8.3657274 0.0009938 -0.0060891 -0.0019692 0.9999790
102.861300 -0.0405313 -0.1405620 9.2989435 0.0004409 -0.0003291 0.0021731 0.9999975
105.144300 -0.0527881 -0.1638091 10.5150862 -0.0025961 -0.0139005 0.0017613 0.9998984
106.495100 -0.0708120 -0.1734744 10.9939680 0.0011315 -0.0114121 0.0000016 0.9999343
106.911100 -0.0727062 -0.1762638 11.1255674 0.0006149 -0.0028159 0.0009095 0.9999954
107.327000 -0.0725293 -0.1788705 11.2549667 -0.0010877 0.0027467 0.0014037 0.9999946
107.639000 -0.0721993 -0.1806395 11.3506842 0.0027938 0.0038241 0.0009071 0.9999884
109.615000 -0.0647260 -0.1946593 11.9931192 0.0044710 0.0151331 0.0033399 0.9998699
110.966800 -0.0477437 -0.2058284 12.4894056 0.0029747 0.0188480 0.0031041 0.9998131
111.278800 -0.0441969 -0.2088091 12.6075506 0.0038901 0.0154997 0.0023818 0.9998695
111.798600 -0.0409635 -0.2137562 12.8041878 0.0013848 0.0095359 0.0003003 0.9999535
112.006600 -0.0400720 -0.2152466 12.8818455 0.0012252 0.0076055 -0.0000233 0.9999703
112.214600 -0.0393266 -0.2168942 12.9588013 0.0015032 0.0060366 0.0006402 0.9999804
112.630600 -0.0397602 -0.2201032 13.1076012 0.0010909 0.0038812 -0.0002758 0.9999918
112.838600 -0.0399301 -0.2220780 13.1777287 0.0034935 0.0034231 -0.0026481 0.9999845
113.462600 -0.0400347 -0.2275838 13.3831320 0.0063766 0.0059906 -0.0076992 0.9999321
113.670600 -0.0389628 -0.2296108 13.4500704 0.0048757 0.0068187 -0.0079475 0.9999333
113.878500 -0.0389077 -0.2313794 13.5164442 0.0027391 0.0062713 -0.0067333 0.9999539
114.086300 -0.0383050 -0.2328651 13.5820580 0.0015917 0.0046167 -0.0061182 0.9999694
114.294300 -0.0378200 -0.2341656 13.6479321 0.0008443 0.0027718 -0.0044015 0.9999861
