0.207793 -0.0000252 0.0000031 -0.0000640 -0.0000123 0.0000131 0.0000004 1.0000000
0.311634 0.0000750 -0.0011138 0.0641753 -0.0001332 0.0004240 0.0003905 0.9999998
0.415494 -0.0000290 -0.0021811 0.1283695 -0.0002308 0.0007005 0.0003449 0.9999996
0.623401 -0.0003649 -0.0043543 0.2567607 0.0002544 0.0017350 -0.0000864 0.9999985
0.727346 -0.0001704 -0.0056403 0.3209247 0.0003404 0.0019781 -0.0000713 0.9999980
0.831180 -0.0002060 -0.0063735 0.3846706 -0.0003051 0.0021753 0.0001979 0.9999976
1.038877 -0.0007735 -0.0087091 0.5114239 -0.0005189 0.0005383 0.0012702 0.9999989
1.142774 -0.0010806 -0.0098136 0.5750492 -0.0002847 -0.0005746 0.0011377 0.9999992
1.246636 -0.0015275 -0.0108836 0.6389301 -0.0001717 -0.0011623 0.0009939 0.9999988
1.454410 -0.0024787 -0.0132315 0.7661762 -0.0002102 -0.0019378 0.0003795 0.9999980
1.558293 -0.0031238 -0.0143539 0.8297324 -0.0005204 -0.0021512 0.0007410 0.9999973
1.662157 -0.0035990 -0.0154703 0.8933125 -0.0005649 -0.0023736 0.0009000 0.9999966
1.766057 -0.0044018 -0.0165928 0.9572466 -0.0001074 -0.0026312 0.0006977 0.9999963
1.870090 -0.0048944 -0.0178125 1.0206511 0.0002473 -0.0029853 0.0008312 0.9999952
1.973923 -0.0056887 -0.0187862 1.0841540 0.0000111 -0.0033784 0.0004797 0.9999942
2.181756 -0.0073351 -0.0209447 1.2116110 0.0004391 -0.0041335 0.0006032 0.9999912
2.389627 -0.0090402 -0.0236603 1.3381159 -0.0009424 -0.0049017 0.0010637 0.9999869
2.493488 -0.0098221 -0.0248358 1.4013774 -0.0010095 -0.0053074 0.0011533 0.9999847
2.597363 -0.0107864 -0.0254956 1.4647105 -0.0004382 -0.0056780 0.0013063 0.9999830
2.701441 -0.0115031 -0.0265603 1.5278528 0.0000512 -0.0062829 0.0015806 0.9999790
2.806098 -0.0127536 -0.0276071 1.5908152 0.0000673 -0.0065891 0.0014219 0.9999773
2.909338 -0.0138021 -0.0287304 1.6539284 -0.0002491 -0.0069279 0.0018345 0.9999743
3.013136 -0.0147233 -0.0298428 1.7167299 -0.0003249 -0.0073477 0.0021111 0.9999707
3.221000 -0.0171459 -0.0322681 1.8425545 -0.0003938 -0.0077214 0.0023941 0.9999672
3.324990 -0.0185540 -0.0332055 1.9061174 -0.0006255 -0.0077091 0.0027369 0.9999663
3.533061 -0.0206187 -0.0347650 2.0343099 -0.0015179 -0.0076054 0.0021110 0.9999677
3.636879 -0.0220382 -0.0360653 2.0968423 -0.0014445 -0.0075771 0.0019276 0.9999684
3.844868 -0.0254119 -0.0379200 2.2222888 -0.0022957 -0.0070178 0.0000533 0.9999728
3.948871 -0.0262915 -0.0383029 2.2859354 -0.0036612 -0.0062520 -0.0001607 0.9999737
4.052745 -0.0273505 -0.0386236 2.3496411 -0.0049137 -0.0052944 -0.0005333 0.9999738
4.156747 -0.0280715 -0.0392796 2.4125276 -0.0066908 -0.0046091 -0.0006159 0.9999668
4.364619 -0.0293130 -0.0399290 2.5383284 -0.0066777 -0.0031158 0.0008549 0.9999725
4.468620 -0.0297179 -0.0398929 2.6018844 -0.0057453 -0.0026228 0.0000620 0.9999800
4.572617 -0.0304336 -0.0403299 2.6643541 -0.0055038 -0.0022523 -0.0000859 0.9999823
4.676494 -0.0307742 -0.0406776 2.7274604 -0.0052796 -0.0022817 0.0000656 0.9999834
4.780371 -0.0312980 -0.0411873 2.7906053 -0.0047136 -0.0027035 0.0006099 0.9999850
4.884244 -0.0319462 -0.0418562 2.8531396 -0.0051051 -0.0035446 0.0005478 0.9999805
4.988118 -0.0327725 -0.0422149 2.9158411 -0.0056209 -0.0042160 0.0005702 0.9999751
5.195994 -0.0349308 -0.0432980 3.0411549 -0.0058228 -0.0051049 0.0001745 0.9999700
5.299899 -0.0355237 -0.0438378 3.1036255 -0.0057386 -0.0055647 -0.0000991 0.9999681
5.611618 -0.0385961 -0.0456113 3.2906454 -0.0057460 -0.0058361 0.0013475 0.9999655
5.715493 -0.0398297 -0.0461748 3.3523610 -0.0065791 -0.0059620 0.0012852 0.9999598
5.819513 -0.0408185 -0.0466327 3.4140382 -0.0057459 -0.0060804 0.0010399 0.9999645
5.923372 -0.0419304 -0.0472073 3.4755356 -0.0052260 -0.0060844 0.0001244 0.9999678
6.027387 -0.0430123 -0.0477888 3.5370030 -0.0054376 -0.0061503 -0.0009153 0.9999659
6.131261 -0.0445125 -0.0485181 3.5983839 -0.0056836 -0.0059922 -0.0017176 0.9999644
6.235244 -0.0455755 -0.0489198 3.6596842 -0.0058916 -0.0059234 -0.0025498 0.9999619
6.339121 -0.0464504 -0.0491144 3.7210143 -0.0062430 -0.0054959 -0.0027598 0.9999616
6.443120 -0.0475432 -0.0494473 3.7823029 -0.0066284 -0.0043052 -0.0038158 0.9999615
6.547122 -0.0481818 -0.0499408 3.8431890 -0.0055678 -0.0030252 -0.0031082 0.9999751
6.651123 -0.0485848 -0.0504035 3.9034853 -0.0029988 -0.0017635 -0.0016306 0.9999926
6.755121 -0.0490294 -0.0511467 3.9641008 -0.0028404 -0.0004355 -0.0020639 0.9999937
6.859122 -0.0489474 -0.0517608 4.0247502 -0.0045603 0.0008363 -0.0018392 0.9999875
6.963119 -0.0491265 -0.0526602 4.0844598 -0.0054210 0.0025768 -0.0016967 0.9999806
7.067120 -0.0490738 -0.0530405 4.1447687 -0.0043719 0.0047267 -0.0021240 0.9999770
7.171120 -0.0484368 -0.0538355 4.2045674 -0.0029593 0.0063770 -0.0017238 0.9999738
7.275124 -0.0476688 -0.0544720 4.2642474 -0.0011484 0.0080971 -0.0008980 0.9999661
7.379122 -0.0467563 -0.0554480 4.3233728 -0.0006791 0.0098563 -0.0007031 0.9999509
7.483122 -0.0456142 -0.0569176 4.3832326 -0.0016536 0.0115858 -0.0005876 0.9999313
7.691125 -0.0430484 -0.0589348 4.5010796 -0.0008749 0.0154896 -0.0009137 0.9998792
7.899123 -0.0390614 -0.0610379 4.6184831 0.0004154 0.0186888 -0.0008251 0.9998249
8.003122 -0.0369235 -0.0619278 4.6770701 -0.0001693 0.0201936 -0.0001628 0.9997960
8.211127 -0.0318858 -0.0635781 4.7935228 -0.0016952 0.0228001 0.0003818 0.9997385
8.419122 -0.0265329 -0.0653876 4.9091182 -0.0010120 0.0253417 0.0016526 0.9996769
9.251125 -0.0026066 -0.0730311 5.3784108 0.0001958 0.0252027 0.0018566 0.9996806
9.874750 0.0090478 -0.0789163 5.7400556 -0.0011166 0.0132984 0.0005495 0.9999108
10.498620 0.0104908 -0.0844977 6.1048474 -0.0006443 0.0009020 -0.0031122 0.9999945
10.706750 0.0099129 -0.0865206 6.2280297 -0.0006478 -0.0002788 -0.0046717 0.9999889
11.226750 0.0071875 -0.0902550 6.5360341 -0.0036650 -0.0020990 -0.0070605 0.9999661
11.330770 0.0066666 -0.0907624 6.5972142 -0.0029145 -0.0023588 -0.0069853 0.9999686
11.538630 0.0060674 -0.0920847 6.7216206 -0.0044593 -0.0032338 -0.0043383 0.9999754
11.746630 0.0047514 -0.0928567 6.8461266 -0.0058725 -0.0033729 -0.0018944 0.9999753
11.954620 0.0039708 -0.0935125 6.9704313 -0.0044245 -0.0031975 0.0012700 0.9999843
12.162500 0.0030660 -0.0945101 7.0941801 -0.0045272 -0.0028503 0.0022980 0.9999831
12.266520 0.0026315 -0.0950018 7.1566572 -0.0055199 -0.0026132 0.0022444 0.9999788
12.474370 0.0017653 -0.0955155 7.2793517 -0.0054016 -0.0020283 0.0010475 0.9999828
12.682250 0.0009045 -0.0968663 7.4023719 -0.0033764 -0.0014839 0.0009689 0.9999927
12.890250 0.0005390 -0.0984465 7.5248127 0.0004609 -0.0012646 0.0015710 0.9999979
13.098130 -0.0002900 -0.1009779 7.6474409 0.0007097 -0.0011101 0.0016491 0.9999978
13.306000 -0.0012812 -0.1028839 7.7699580 0.0000915 -0.0011980 0.0010464 0.9999987
13.410000 -0.0016291 -0.1040528 7.8307490 -0.0001919 -0.0013614 0.0007501 0.9999987
13.514010 -0.0021136 -0.1051666 7.8909073 0.0000383 -0.0015485 0.0007374 0.9999985
13.721880 -0.0028132 -0.1071886 8.0120964 -0.0007305 -0.0024379 0.0006920 0.9999965
13.929750 -0.0043208 -0.1093701 8.1334724 -0.0004655 -0.0029179 -0.0000078 0.9999956
14.137750 -0.0058000 -0.1113171 8.2555313 0.0001967 -0.0035628 -0.0003293 0.9999936
14.345630 -0.0073993 -0.1136753 8.3772936 0.0011683 -0.0042586 -0.0004978 0.9999901
14.553630 -0.0090997 -0.1160545 8.4980087 0.0003249 -0.0049825 -0.0007852 0.9999872
14.761510 -0.0109771 -0.1182729 8.6176300 0.0000090 -0.0058174 -0.0007897 0.9999828
14.969380 -0.0130346 -0.1199593 8.7380743 0.0004555 -0.0064425 -0.0013584 0.9999782
15.177250 -0.0159551 -0.1226199 8.8581619 0.0003418 -0.0067294 -0.0018122 0.9999757
15.385130 -0.0182751 -0.1248329 8.9786415 0.0017932 -0.0068070 -0.0011895 0.9999745
15.489130 -0.0189649 -0.1261068 9.0389004 0.0016814 -0.0070882 0.0003359 0.9999734
15.697000 -0.0213181 -0.1282701 9.1591434 -0.0022336 -0.0072975 0.0006816 0.9999707
15.905010 -0.0236492 -0.1299534 9.2773933 -0.0003050 -0.0072509 -0.0006990 0.9999734
16.112880 -0.0264735 -0.1321003 9.3949356 0.0005462 -0.0073177 -0.0008670 0.9999727
16.320880 -0.0289092 -0.1343572 9.5120068 -0.0010990 -0.0070940 -0.0008870 0.9999738
16.528880 -0.0312566 -0.1366040 9.6289673 -0.0012852 -0.0059962 -0.0003968 0.9999811
16.632880 -0.0320342 -0.1374913 9.6872149 -0.0004127 -0.0052532 0.0000288 0.9999861
16.840760 -0.0337417 -0.1399330 9.8026352 0.0005189 -0.0039567 0.0004407 0.9999920
16.944760 -0.0345997 -0.1411047 9.8600073 0.0001883 -0.0032468 0.0002863 0.9999947
17.048760 -0.0350375 -0.1423066 9.9172916 -0.0007613 -0.0025911 0.0005540 0.9999962
17.256760 -0.0357852 -0.1441717 10.0298243 -0.0009200 -0.0016013 0.0002133 0.9999983
17.464760 -0.0364472 -0.1465527 10.1415539 -0.0011848 -0.0005887 0.0001059 0.9999991
17.672760 -0.0372320 -0.1484022 10.2514811 -0.0010590 0.0004076 0.0001893 0.9999993
17.880630 -0.0372333 -0.1504086 10.3593311 -0.0014633 0.0006268 0.0006808 0.9999985
18.088630 -0.0376886 -0.1525383 10.4630299 -0.0019206 0.0001913 0.0006394 0.9999979
18.296630 -0.0380674 -0.1544963 10.5647745 -0.0010565 -0.0002909 0.0005620 0.9999992
18.504630 -0.0385722 -0.1567055 10.6645565 -0.0011450 -0.0012669 0.0007614 0.9999983
18.712510 -0.0394509 -0.1581119 10.7612133 -0.0021004 -0.0030506 0.0016672 0.9999918
18.920510 -0.0404712 -0.1597742 10.8547602 -0.0029402 -0.0054639 0.0013172 0.9999799
19.128630 -0.0418715 -0.1611431 10.9462090 -0.0026615 -0.0082720 0.0012785 0.9999614
19.232630 -0.0429459 -0.1619749 10.9896898 -0.0028816 -0.0097510 0.0009165 0.9999479
19.440510 -0.0455420 -0.1636085 11.0739803 -0.0025379 -0.0126914 0.0008848 0.9999158
19.648650 -0.0483539 -0.1650174 11.1541595 -0.0019926 -0.0159721 0.0001774 0.9998704
19.856630 -0.0512758 -0.1667279 11.2308750 -0.0017115 -0.0188190 -0.0006517 0.9998212
19.960780 -0.0529103 -0.1674224 11.2677631 -0.0019485 -0.0191655 -0.0011176 0.9998138
20.168880 -0.0561269 -0.1689149 11.3390274 -0.0029102 -0.0187603 -0.0012092 0.9998190
20.585260 -0.0620154 -0.1715726 11.4753389 0.0000229 -0.0171741 -0.0013522 0.9998516
20.793380 -0.0646589 -0.1727867 11.5424175 0.0004069 -0.0155532 -0.0014316 0.9998779
21.001510 -0.0669107 -0.1742535 11.6089392 0.0004548 -0.0136680 -0.0012744 0.9999057
21.417760 -0.0698457 -0.1768787 11.7398252 -0.0000689 -0.0081469 -0.0002208 0.9999668
21.834140 -0.0712191 -0.1793623 11.8685131 0.0006409 -0.0022714 -0.0004274 0.9999971
22.042260 -0.0713790 -0.1805454 11.9333677 0.0004889 0.0006070 -0.0003323 0.9999996
22.146400 -0.0713152 -0.1811764 11.9661236 0.0001623 0.0018727 -0.0005443 0.9999981
22.250510 -0.0711256 -0.1817782 11.9989471 0.0002759 0.0029515 -0.0004039 0.9999955
22.354510 -0.0709972 -0.1823791 12.0317297 0.0011142 0.0040759 -0.0003712 0.9999910
22.458660 -0.0707768 -0.1829203 12.0647221 0.0023574 0.0049518 -0.0006749 0.9999847
22.562760 -0.0704848 -0.1835455 12.0979261 0.0031475 0.0053932 -0.0000796 0.9999805
22.666760 -0.0701590 -0.1842726 12.1315098 0.0033015 0.0054320 -0.0000960 0.9999798
22.770760 -0.0698401 -0.1850777 12.1652832 0.0035649 0.0054127 0.0004835 0.9999789
22.874760 -0.0696033 -0.1858212 12.1991549 0.0036448 0.0055243 0.0000178 0.9999781
22.978890 -0.0695444 -0.1865457 12.2330818 0.0038752 0.0057174 -0.0004260 0.9999760
23.082900 -0.0692322 -0.1873544 12.2674818 0.0048433 0.0058841 0.0000288 0.9999710
23.186890 -0.0686205 -0.1881600 12.3021364 0.0059280 0.0060082 0.0019455 0.9999625
23.290890 -0.0679678 -0.1889315 12.3371964 0.0063837 0.0062571 0.0035401 0.9999538
23.603010 -0.0672999 -0.1910966 12.4457922 -0.0003854 0.0072504 0.0007779 0.9999734
23.707160 -0.0665612 -0.1915881 12.4825354 0.0007861 0.0083792 0.0011230 0.9999639
23.811130 -0.0659048 -0.1921548 12.5193968 0.0038347 0.0103978 0.0006670 0.9999384
24.123280 -0.0633459 -0.1945117 12.6329575 0.0044390 0.0155149 -0.0002805 0.9998698
24.227390 -0.0620156 -0.1953500 12.6713591 0.0029181 0.0170890 0.0012979 0.9998488
24.435530 -0.0593900 -0.1972840 12.7485981 0.0018033 0.0200994 0.0025204 0.9997932
24.643640 -0.0564662 -0.1990583 12.8258066 0.0038807 0.0225231 0.0009164 0.9997384
24.851760 -0.0526107 -0.2009450 12.9039288 0.0028154 0.0250675 0.0005070 0.9996817
25.267760 -0.0445453 -0.2037313 13.0578012 0.0029088 0.0307373 -0.0000207 0.9995233
25.475770 -0.0396223 -0.2054044 13.1358061 0.0027545 0.0320797 0.0019179 0.9994797
25.579770 -0.0370653 -0.2064740 13.1743851 0.0026333 0.0323330 0.0024768 0.9994706
25.787650 -0.0323403 -0.2079711 13.2533207 0.0023904 0.0324731 0.0022669 0.9994672
25.891640 -0.0299814 -0.2086644 13.2925892 0.0022728 0.0321670 0.0018315 0.9994782
25.995520 -0.0277016 -0.2097362 13.3318110 0.0026481 0.0315852 0.0021135 0.9994953
26.099520 -0.0255851 -0.2107129 13.3708830 0.0029852 0.0308003 0.0018978 0.9995193
26.203510 -0.0234208 -0.2116217 13.4101305 0.0033507 0.0299484 0.0016904 0.9995444
26.515270 -0.0174937 -0.2147904 13.5270004 0.0032517 0.0272804 0.0003848 0.9996225
26.619260 -0.0155622 -0.2156855 13.5657663 0.0025152 0.0258231 0.0004269 0.9996633
27.139140 -0.0091645 -0.2201292 13.7554064 -0.0009647 0.0141681 0.0026790 0.9998956
27.659410 -0.0078379 -0.2234666 13.9301357 -0.0007594 0.0041345 0.0033122 0.9999857
28.698520 -0.0242152 -0.2308543 14.2180977 0.0024497 -0.0624941 -0.0016990 0.9980409
30.565790 -0.2013884 -0.2333170 14.4457817 -0.0124491 -0.4522136 0.0005290 0.8918226
30.980890 -0.2500536 -0.2351682 14.4603376 -0.0143330 -0.5505881 -0.0063250 0.8346300
31.292410 -0.2926068 -0.2352436 14.4614906 -0.0190062 -0.6205397 -0.0078965 0.7839049
31.603900 -0.2815547 -0.2411061 14.4375248 -0.0235804 -0.6743799 -0.0162301 0.7378294
32.019400 -0.2079545 -0.2558773 14.3905592 -0.0318101 -0.7350892 -0.0269373 0.6766878
32.331290 -0.3252734 -0.2319257 14.5246096 -0.0303978 -0.8341999 -0.0148708 0.5504228
32.435430 -0.5023815 -0.2219007 14.5559330 0.0348113 0.8725239 0.0154927 -0.4870833
32.643770 -0.7599496 -0.1459078 14.3908424 -0.0006427 0.8896953 -0.0398260 -0.4548140
32.956400 -0.8319749 -0.1875746 14.4187021 0.0399164 0.9529956 -0.0029342 -0.3003289
33.269020 -0.9783787 -0.2322445 14.4339542 0.0756954 0.9851979 0.0601007 -0.1415742
33.373140 -0.9328876 -0.1971218 14.2153921 0.0490796 0.9731055 0.0232818 -0.2238634
33.477420 -0.8151984 -0.1719473 14.1706123 0.0346854 0.9483371 -0.0010583 -0.3153610
33.685770 -1.0259813 -0.1570045 14.0809450 0.0369791 0.9843038 -0.0117544 -0.1721636
33.894150 -1.1288073 -0.1752124 13.8179760 0.0481836 0.9949868 0.0125952 -0.0867230
33.998280 -1.1258943 -0.1852726 13.8465090 0.0500665 0.9955810 0.0231881 -0.0759873
34.206650 -0.9996929 -0.1802279 13.7429037 0.0480476 0.9934411 0.0129498 -0.1029492
34.310770 -0.9562849 -0.1868906 13.7352142 0.0472430 0.9930338 0.0157508 -0.1067891
34.519020 -1.0471616 -0.1690745 13.5309582 0.0468462 0.9978454 0.0074074 -0.0453345
34.727400 -0.9857658 -0.1813534 13.5247173 0.0456891 0.9979699 0.0131808 -0.0423661
34.831660 -0.9878781 -0.1820572 13.5093603 0.0453630 0.9983995 0.0132182 -0.0310795
34.935780 -0.9804679 -0.1847667 13.4769392 0.0452928 0.9986718 0.0130816 -0.0207858
35.040020 -1.0285076 -0.1620013 13.2544050 0.0449893 0.9986287 0.0098479 0.0248920
35.248400 -0.9746770 -0.1621697 13.1041718 0.0419473 0.9989167 0.0089996 0.0180212
35.352650 -0.9690981 -0.1687969 13.0765457 0.0397977 0.9988075 0.0102556 0.0263546
35.456920 -0.9731327 -0.1729079 13.0188732 0.0375725 0.9985820 0.0114256 0.0359418
35.561270 -0.9667630 -0.1723385 12.9461269 0.0354198 0.9985003 0.0123123 0.0398858
35.665520 -0.9599006 -0.1714172 12.8724346 0.0339158 0.9984705 0.0128481 0.0417297
35.769770 -0.9531505 -0.1700938 12.7974243 0.0328452 0.9985067 0.0120324 0.0419616
35.978280 -0.9393930 -0.1687195 12.6433716 0.0315891 0.9986420 0.0120417 0.0396380
36.082520 -0.9326466 -0.1676679 12.5658236 0.0308193 0.9987139 0.0123936 0.0383025
36.186650 -0.9263143 -0.1667303 12.4866419 0.0305116 0.9987966 0.0126559 0.0362506
36.290910 -0.9206197 -0.1657834 12.4066925 0.0296511 0.9988970 0.0135982 0.0337744
36.395030 -0.9150804 -0.1648467 12.3267803 0.0295814 0.9989770 0.0147703 0.0308501
36.499150 -0.9101977 -0.1638315 12.2467670 0.0292081 0.9990519 0.0154947 0.0283216
36.603150 -0.9056810 -0.1629390 12.1659384 0.0290504 0.9991236 0.0155206 0.0258287
36.707280 -0.9014001 -0.1620254 12.0859585 0.0284889 0.9992073 0.0151945 0.0232878
36.811280 -0.8974364 -0.1609526 12.0054674 0.0276230 0.9992964 0.0148350 0.0205815
36.915280 -0.8939665 -0.1600476 11.9256058 0.0273246 0.9993593 0.0146683 0.0178661
37.123280 -0.8881628 -0.1575355 11.7626514 0.0272482 0.9993955 0.0174327 0.0127371
37.331150 -0.8841714 -0.1547516 11.6018028 0.0282804 0.9994186 0.0169701 0.0086408
37.435150 -0.8827796 -0.1533205 11.5216513 0.0282959 0.9994349 0.0165691 0.0073922
37.642900 -0.8799040 -0.1516663 11.3590736 0.0281781 0.9994946 0.0139036 0.0048177
37.746770 -0.8789839 -0.1507721 11.2784805 0.0276237 0.9994987 0.0150158 0.0037180
37.850530 -0.8784477 -0.1491517 11.1969032 0.0283812 0.9994671 0.0158506 0.0029768
37.954400 -0.8772336 -0.1479468 11.1157207 0.0282627 0.9994693 0.0159990 0.0025199
38.058150 -0.8768060 -0.1463197 11.0338125 0.0289271 0.9994491 0.0160785 0.0024794
38.265780 -0.8756118 -0.1439471 10.8690138 0.0298883 0.9994332 0.0152142 0.0029178
38.369530 -0.8750178 -0.1429560 10.7869778 0.0305542 0.9994221 0.0145091 0.0033751
38.577050 -0.8727364 -0.1406245 10.6216564 0.0314331 0.9993624 0.0163836 0.0042777
38.680780 -0.8718084 -0.1391019 10.5382395 0.0310256 0.9993652 0.0167986 0.0049406
38.784650 -0.8704152 -0.1376659 10.4548721 0.0301485 0.9993825 0.0172262 0.0053785
38.992150 -0.8674397 -0.1348003 10.2879620 0.0286086 0.9994322 0.0167562 0.0060013
39.095900 -0.8652464 -0.1334958 10.2052164 0.0287567 0.9994413 0.0160008 0.0058355
39.199650 -0.8641205 -0.1319369 10.1222744 0.0287577 0.9994547 0.0150410 0.0060911
39.303400 -0.8622356 -0.1306365 10.0383091 0.0292970 0.9994342 0.0154479 0.0058654
39.407270 -0.8609704 -0.1299726 9.9550638 0.0292890 0.9994249 0.0159896 0.0060300
39.614780 -0.8588818 -0.1272930 9.7880220 0.0289537 0.9994161 0.0169756 0.0064105
39.822150 -0.8554439 -0.1244077 9.6223803 0.0287762 0.9994338 0.0163015 0.0061950
39.925900 -0.8536801 -0.1231122 9.5385656 0.0295610 0.9994037 0.0167927 0.0060272
40.029660 -0.8522307 -0.1216868 9.4547501 0.0297823 0.9993818 0.0177261 0.0059038
40.133400 -0.8506784 -0.1200336 9.3727999 0.0302733 0.9993773 0.0171581 0.0058546
40.237040 -0.8494731 -0.1186320 9.2902584 0.0302605 0.9993975 0.0159531 0.0058688
40.340780 -0.8479393 -0.1173364 9.2066460 0.0302715 0.9993929 0.0163012 0.0056287
40.548280 -0.8458692 -0.1139989 9.0435925 0.0297430 0.9994225 0.0154386 0.0056235
40.755780 -0.8433872 -0.1116646 8.8807201 0.0290492 0.9994091 0.0174891 0.0056321
40.859530 -0.8422720 -0.1101100 8.7982635 0.0288434 0.9994143 0.0175215 0.0056647
40.963300 -0.8408224 -0.1084713 8.7167454 0.0292534 0.9994113 0.0170366 0.0055785
41.067040 -0.8396497 -0.1073341 8.6351089 0.0293035 0.9994098 0.0170100 0.0056614
41.170800 -0.8385109 -0.1060683 8.5529499 0.0295776 0.9993858 0.0179529 0.0055470
41.274530 -0.8373711 -0.1043187 8.4708014 0.0292611 0.9993758 0.0191220 0.0051201
41.378300 -0.8358390 -0.1028304 8.3890324 0.0286690 0.9993939 0.0192443 0.0044311
41.482150 -0.8349400 -0.1015345 8.3095388 0.0280818 0.9994112 0.0193287 0.0038764
41.585910 -0.8336519 -0.0999419 8.2293110 0.0275655 0.9994224 0.0195847 0.0033943
41.689670 -0.8325096 -0.0980726 8.1485510 0.0276475 0.9994300 0.0191752 0.0027635
41.793530 -0.8319142 -0.0966674 8.0682716 0.0280316 0.9994326 0.0185268 0.0023555
41.897280 -0.8313873 -0.0952398 7.9878569 0.0284154 0.9994186 0.0187174 0.0021463
42.001030 -0.8304841 -0.0937011 7.9082775 0.0282918 0.9994239 0.0186602 0.0017881
42.208530 -0.8293284 -0.0907834 7.7491765 0.0280839 0.9994231 0.0190610 0.0011751
42.312280 -0.8290439 -0.0891884 7.6694579 0.0280360 0.9994061 0.0200188 0.0008262
42.416050 -0.8282287 -0.0874973 7.5909586 0.0277790 0.9994122 0.0200868 0.0001327
42.519900 -0.8278707 -0.0860375 7.5124726 0.0277460 0.9994226 0.0195891 -0.0010008
42.623660 -0.8277162 -0.0846547 7.4347501 0.0278344 0.9994267 0.0191693 -0.0020365
42.727400 -0.8281351 -0.0832240 7.3570600 0.0281245 0.9993982 0.0200827 -0.0029787
42.831160 -0.8288000 -0.0817850 7.2805886 0.0284299 0.9993674 0.0210230 -0.0038159
42.934910 -0.8293251 -0.0794935 7.2035694 0.0289873 0.9993615 0.0203165 -0.0048553
43.038660 -0.8299258 -0.0779300 7.1280637 0.0288088 0.9993601 0.0203856 -0.0058063
43.142410 -0.8303606 -0.0766230 7.0540094 0.0291111 0.9993309 0.0210296 -0.0069254
43.349910 -0.8323564 -0.0734231 6.9075255 0.0292389 0.9992840 0.0222763 -0.0089662
43.453690 -0.8331422 -0.0722654 6.8364077 0.0293512 0.9992756 0.0220788 -0.0099629
43.557400 -0.8337898 -0.0707225 6.7661901 0.0296031 0.9992533 0.0223094 -0.0108985
43.764790 -0.8362699 -0.0678489 6.6287265 0.0293727 0.9992250 0.0234603 -0.0116699
43.972290 -0.8387908 -0.0656575 6.4969306 0.0292325 0.9992514 0.0225570 -0.0115430
44.075920 -0.8400221 -0.0643887 6.4328032 0.0297061 0.9992409 0.0224837 -0.0113844
44.179660 -0.8410477 -0.0631599 6.3705783 0.0295446 0.9992462 0.0224970 -0.0113108
44.283280 -0.8419097 -0.0615160 6.3095679 0.0290373 0.9992547 0.0228362 -0.0111983
44.490780 -0.8442444 -0.0592701 6.1918077 0.0294417 0.9992164 0.0242902 -0.0104704
44.594530 -0.8450939 -0.0578993 6.1351142 0.0287775 0.9992499 0.0238287 -0.0101868
44.698280 -0.8461282 -0.0565518 6.0794525 0.0289695 0.9992602 0.0232476 -0.0099678
45.009780 -0.8483676 -0.0534155 5.9225831 0.0290549 0.9992660 0.0232221 -0.0091608
45.217410 -0.8492473 -0.0516327 5.8252420 0.0290186 0.9992549 0.0238927 -0.0087531
45.321160 -0.8500490 -0.0504166 5.7777400 0.0291673 0.9992526 0.0239338 -0.0084040
45.528910 -0.8508908 -0.0484975 5.6865153 0.0289151 0.9992986 0.0224346 -0.0079255
45.840530 -0.8528495 -0.0460067 5.5560160 0.0304660 0.9992818 0.0212598 -0.0074662
46.048410 -0.8537160 -0.0445250 5.4728770 0.0316989 0.9992691 0.0200803 -0.0072900
46.256280 -0.8543519 -0.0432525 5.3922143 0.0318853 0.9992585 0.0202287 -0.0075187
46.464300 -0.8554053 -0.0417980 5.3127055 0.0324613 0.9992334 0.0203440 -0.0080651
47.088280 -0.8589133 -0.0378950 5.0850167 0.0341062 0.9992623 0.0149405 -0.0094015
47.712410 -0.8618422 -0.0354714 4.8640628 0.0298640 0.9994221 0.0125926 -0.0102524
48.128430 -0.8631154 -0.0343246 4.7134504 0.0251874 0.9995775 0.0109970 -0.0094603
48.336410 -0.8640663 -0.0337907 4.6350412 0.0244454 0.9995896 0.0128457 -0.0076229
48.544410 -0.8645030 -0.0323691 4.5541601 0.0237554 0.9996439 0.0113622 -0.0043169
48.752410 -0.8639898 -0.0310117 4.4696474 0.0222759 0.9996629 0.0132900 -0.0010726
48.960410 -0.8631813 -0.0294170 4.3818898 0.0232112 0.9995844 0.0169352 0.0023254
49.168540 -0.8624603 -0.0277040 4.2902160 0.0247855 0.9995356 0.0165824 0.0062712
49.376540 -0.8603531 -0.0254417 4.1956267 0.0265747 0.9994855 0.0147482 0.0102490
49.584540 -0.8572760 -0.0234930 4.0967584 0.0279950 0.9993789 0.0160001 0.0142180
49.792540 -0.8532020 -0.0214371 3.9947577 0.0303239 0.9992273 0.0169796 0.0183565
50.000540 -0.8487277 -0.0195618 3.8888838 0.0315552 0.9991392 0.0143489 0.0227843
50.208540 -0.8430453 -0.0177231 3.7791340 0.0319791 0.9990520 0.0137245 0.0261563
50.416540 -0.8362342 -0.0161268 3.6658027 0.0314914 0.9990516 0.0123061 0.0274361
50.624670 -0.8297182 -0.0153701 3.5492263 0.0324192 0.9990512 0.0095208 0.0274795
50.728660 -0.8262773 -0.0146326 3.4891086 0.0330763 0.9990171 0.0113284 0.0272479
50.832660 -0.8223418 -0.0140504 3.4285982 0.0332275 0.9989799 0.0144255 0.0269625
51.040790 -0.8146622 -0.0116160 3.3057234 0.0326864 0.9990198 0.0141897 0.0262622
51.248790 -0.8071620 -0.0096585 3.1789575 0.0318201 0.9990702 0.0137576 0.0256291
51.456790 -0.8001694 -0.0074185 3.0488722 0.0321104 0.9990847 0.0129834 0.0251040
51.560790 -0.7970648 -0.0063589 2.9826083 0.0322423 0.9990705 0.0144756 0.0246799
51.664790 -0.7934622 -0.0051155 2.9152381 0.0319093 0.9990885 0.0153286 0.0238519
51.768790 -0.7901294 -0.0040453 2.8473136 0.0313069 0.9991370 0.0147228 0.0229874
51.872790 -0.7869800 -0.0026197 2.7791409 0.0311944 0.9991632 0.0149563 0.0218216
51.976790 -0.7835942 -0.0012735 2.7100914 0.0298847 0.9992468 0.0137608 0.0205756
52.080790 -0.7809488 -0.0000938 2.6405103 0.0305680 0.9993063 0.0091194 0.0192218
52.184660 -0.7780616 0.0002325 2.5702283 0.0308291 0.9993305 0.0080750 0.0179697
52.288680 -0.7756316 0.0007898 2.4982731 0.0309382 0.9993141 0.0117010 0.0166501
52.392670 -0.7726896 0.0014565 2.4261787 0.0308298 0.9992955 0.0150728 0.0151922
52.496670 -0.7699298 0.0031511 2.3534665 0.0300250 0.9993408 0.0150554 0.0137724
52.600670 -0.7675085 0.0044495 2.2800972 0.0294337 0.9993864 0.0143214 0.0124682
52.704540 -0.7654445 0.0055167 2.2068987 0.0297633 0.9993975 0.0138471 0.0112778
52.808540 -0.7636433 0.0068848 2.1315854 0.0298650 0.9994016 0.0140341 0.0103744
52.912410 -0.7617334 0.0082603 2.0571811 0.0308062 0.9993848 0.0140208 0.0091942
53.016420 -0.7600637 0.0095314 1.9807788 0.0305732 0.9993864 0.0149775 0.0082299
53.120310 -0.7589570 0.0109428 1.9055426 0.0306784 0.9993773 0.0158604 0.0072310
53.224160 -0.7574661 0.0122385 1.8306865 0.0296443 0.9993880 0.0174911 0.0062364
53.328040 -0.7560454 0.0137198 1.7553123 0.0291697 0.9993783 0.0191322 0.0050994
53.431910 -0.7548258 0.0152550 1.6801281 0.0293611 0.9993734 0.0193361 0.0040948
53.535790 -0.7540495 0.0166680 1.6049107 0.0293712 0.9993845 0.0188429 0.0035858
53.639670 -0.7530963 0.0182847 1.5303223 0.0295674 0.9993916 0.0182935 0.0027334
53.743420 -0.7522851 0.0199677 1.4553269 0.0295200 0.9993933 0.0183366 0.0023333
53.847310 -0.7514628 0.0211889 1.3806483 0.0292596 0.9993910 0.0189106 0.0019662
53.951170 -0.7508733 0.0225166 1.3060422 0.0291798 0.9994025 0.0184541 0.0016365
54.054920 -0.7505457 0.0242758 1.2312782 0.0289025 0.9994349 0.0171043 0.0013699
54.158790 -0.7500689 0.0250593 1.1583668 0.0296082 0.9994001 0.0179198 0.0012787
54.262540 -0.7494777 0.0265215 1.0843506 0.0299397 0.9993526 0.0199246 0.0010182
54.366290 -0.7490226 0.0281225 1.0104761 0.0298471 0.9993292 0.0211890 0.0011337
54.470160 -0.7484145 0.0297706 0.9372750 0.0297880 0.9993413 0.0206724 0.0014869
54.573910 -0.7477918 0.0312713 0.8642862 0.0295261 0.9993790 0.0191361 0.0019013
54.677690 -0.7473196 0.0325168 0.7917339 0.0290635 0.9994210 0.0175198 0.0024568
54.781540 -0.7461708 0.0340492 0.7184098 0.0289796 0.9994318 0.0170095 0.0026191
54.885290 -0.7451806 0.0353420 0.6455925 0.0284960 0.9994336 0.0176518 0.0029799
54.989170 -0.7446287 0.0365343 0.5726801 0.0293577 0.9993792 0.0191991 0.0032978
55.092920 -0.7438722 0.0380047 0.5000535 0.0291635 0.9993502 0.0208577 0.0036908
55.196790 -0.7431085 0.0393232 0.4273859 0.0284648 0.9993746 0.0206252 0.0038545
55.300540 -0.7420117 0.0410012 0.3553323 0.0284260 0.9994199 0.0183855 0.0037216
55.404410 -0.7412019 0.0421617 0.2835375 0.0282909 0.9994493 0.0169739 0.0035499
55.508190 -0.7402281 0.0433047 0.2116675 0.0287681 0.9994350 0.0170591 0.0033307
55.611910 -0.7395530 0.0443855 0.1399020 0.0294252 0.9993886 0.0186086 0.0032014
55.715790 -0.7388127 0.0455847 0.0677010 0.0291195 0.9993883 0.0191507 0.0028892
55.819540 -0.7377110 0.0469854 -0.0027251 0.0283817 0.9994241 0.0184340 0.0024817
55.923300 -0.7369762 0.0482616 -0.0743093 0.0274749 0.9994571 0.0180606 0.0021202
56.027170 -0.7361659 0.0494585 -0.1447580 0.0272742 0.9994709 0.0176180 0.0018910
56.130920 -0.7352886 0.0503969 -0.2153489 0.0275816 0.9994695 0.0172391 0.0016604
56.234670 -0.7346830 0.0516907 -0.2863911 0.0287182 0.9994408 0.0170652 0.0014749
56.338420 -0.7344564 0.0528222 -0.3565400 0.0300256 0.9993917 0.0176766 0.0014953
56.442290 -0.7339369 0.0538627 -0.4264315 0.0301787 0.9993814 0.0180039 0.0014294
56.546040 -0.7332529 0.0547372 -0.4958767 0.0299107 0.9993981 0.0175193 0.0013526
56.649810 -0.7324917 0.0561232 -0.5653772 0.0292908 0.9994212 0.0172582 0.0011855
56.753550 -0.7314558 0.0570632 -0.6343170 0.0282417 0.9994507 0.0173238 0.0007661
56.961060 -0.7305634 0.0589170 -0.7707768 0.0275376 0.9994581 0.0180227 0.0005847
57.168540 -0.7303268 0.0609293 -0.9055051 0.0286275 0.9994176 0.0185653 0.0004454
57.272300 -0.7300507 0.0620152 -0.9724771 0.0286291 0.9994108 0.0189241 0.0004812
57.376170 -0.7295645 0.0632487 -1.0399786 0.0284601 0.9994419 0.0174890 0.0003038
57.479920 -0.7291814 0.0640161 -1.1057726 0.0272159 0.9995111 0.0153927 0.0000711
57.687420 -0.7280248 0.0652253 -1.2392493 0.0237081 0.9995942 0.0157863 0.0002750
57.791170 -0.7271737 0.0659924 -1.3061974 0.0233647 0.9995836 0.0169316 0.0002563
57.894920 -0.7267866 0.0671228 -1.3723259 0.0240665 0.9995512 0.0178374 0.0002465
57.998680 -0.7265009 0.0678967 -1.4385781 0.0262510 0.9994704 0.0192273 0.0002231
58.206190 -0.7265545 0.0704179 -1.5705479 0.0296685 0.9993716 0.0193890 0.0005200
58.413800 -0.7260709 0.0727510 -1.7028352 0.0296837 0.9994121 0.0171466 0.0004746
58.621420 -0.7249242 0.0751061 -1.8353589 0.0277627 0.9994710 0.0169400 0.0001103
58.725190 -0.7247013 0.0760576 -1.9021043 0.0274733 0.9994830 0.0167005 0.0000326
58.829070 -0.7244892 0.0771513 -1.9686407 0.0276718 0.9994913 0.0158545 -0.0000181
58.932820 -0.7240880 0.0782227 -2.0353618 0.0272901 0.9995054 0.0156279 -0.0000000
59.036550 -0.7237849 0.0793285 -2.1024752 0.0272045 0.9995044 0.0158356 -0.0000862
59.140420 -0.7235106 0.0803809 -2.1701000 0.0264946 0.9995275 0.0155837 -0.0002300
59.348040 -0.7225764 0.0823411 -2.3037903 0.0243865 0.9995559 0.0171222 -0.0003621
59.451800 -0.7218849 0.0831394 -2.3709919 0.0236217 0.9995744 0.0171071 -0.0006257
59.555580 -0.7210077 0.0842879 -2.4381068 0.0233992 0.9996063 0.0154481 -0.0010440
59.763180 -0.7203721 0.0862366 -2.5724819 0.0225226 0.9996271 0.0154232 -0.0008128
59.866920 -0.7197664 0.0871040 -2.6394923 0.0218364 0.9996585 0.0143280 -0.0008367
59.970800 -0.7194040 0.0879332 -2.7068496 0.0211680 0.9996979 0.0124665 -0.0007925
60.074550 -0.7195198 0.0885820 -2.7744877 0.0210698 0.9997048 0.0120882 -0.0006069
60.178320 -0.7191803 0.0891487 -2.8418369 0.0217639 0.9996781 0.0130289 -0.0004781
60.385920 -0.7184253 0.0906905 -2.9770253 0.0238498 0.9996315 0.0129600 -0.0000680
60.489670 -0.7180843 0.0912530 -3.0446246 0.0235719 0.9996369 0.0130520 0.0000790
60.697180 -0.7169707 0.0926089 -3.1794975 0.0225435 0.9996638 0.0128121 0.0001112
60.801050 -0.7166349 0.0933380 -3.2474926 0.0226389 0.9996384 0.0145039 0.0004339
60.904800 -0.7165328 0.0942682 -3.3153393 0.0236398 0.9996130 0.0146409 0.0007864
61.008550 -0.7159708 0.0950761 -3.3821988 0.0248293 0.9995927 0.0140257 0.0011442
61.216170 -0.7154087 0.0963387 -3.5154843 0.0265652 0.9995353 0.0148596 0.0016430
61.423670 -0.7143060 0.0973096 -3.6489155 0.0286833 0.9994692 0.0153408 0.0018187
61.527550 -0.7140719 0.0982240 -3.7161129 0.0295745 0.9994326 0.0159872 0.0020345
61.631300 -0.7135210 0.0991348 -3.7824161 0.0306426 0.9993941 0.0163758 0.0020847
61.735050 -0.7129866 0.0995789 -3.8486140 0.0318449 0.9993853 0.0145171 0.0020556
61.942550 -0.7117455 0.1005797 -3.9801490 0.0331790 0.9993756 0.0119471 0.0021972
62.150170 -0.7107987 0.1015039 -4.1117668 0.0329110 0.9993625 0.0136511 0.0022617
62.253920 -0.7103029 0.1022217 -4.1772227 0.0326953 0.9993773 0.0130700 0.0022981
62.357670 -0.7097805 0.1028770 -4.2430487 0.0325391 0.9993809 0.0131556 0.0024387
62.565300 -0.7084601 0.1039564 -4.3744435 0.0325152 0.9993917 0.0124446 0.0020427
62.669050 -0.7076384 0.1044106 -4.4405179 0.0320097 0.9994110 0.0122714 0.0015605
62.876680 -0.7067890 0.1057937 -4.5723448 0.0324017 0.9993965 0.0125038 0.0006108
62.980550 -0.7066383 0.1064690 -4.6373940 0.0328076 0.9993917 0.0118235 0.0001622
63.188170 -0.7064914 0.1069021 -4.7682052 0.0321745 0.9994069 0.0122587 -0.0005757
63.395800 -0.7061475 0.1072048 -4.8967247 0.0313439 0.9994252 0.0128554 -0.0012415
63.603430 -0.7057799 0.1079312 -5.0261574 0.0314752 0.9994193 0.0129192 -0.0018394
63.811050 -0.7056496 0.1088077 -5.1550555 0.0318757 0.9994293 0.0110561 -0.0016807
64.018680 -0.7055694 0.1092207 -5.2823663 0.0320647 0.9994193 0.0114599 -0.0012657
64.226180 -0.7053277 0.1099348 -5.4093747 0.0333381 0.9993550 0.0133441 -0.0003228
64.433800 -0.7043837 0.1107042 -5.5340915 0.0335568 0.9993750 0.0111042 0.0003310
64.641430 -0.7042357 0.1108399 -5.6565599 0.0323044 0.9994201 0.0107382 0.0007297
64.849050 -0.7037209 0.1118570 -5.7794762 0.0326196 0.9993693 0.0140049 0.0009283
65.056690 -0.7026114 0.1124670 -5.9002023 0.0327348 0.9993771 0.0131720 0.0005151
65.264300 -0.7015223 0.1134661 -6.0206323 0.0317457 0.9994276 0.0116728 -0.0006411
65.471930 -0.7009319 0.1138938 -6.1386247 0.0310934 0.9994332 0.0128500 -0.0011735
65.679420 -0.7009975 0.1138455 -6.2562203 0.0316853 0.9994265 0.0118186 -0.0017268
65.886930 -0.7008021 0.1149199 -6.3726792 0.0314804 0.9994192 0.0127958 -0.0025476
66.094550 -0.7006591 0.1155370 -6.4884944 0.0315280 0.9994158 0.0127284 -0.0034896
66.302080 -0.7011432 0.1162128 -6.6037288 0.0314283 0.9994178 0.0126131 -0.0041612
66.509680 -0.7018034 0.1168084 -6.7189412 0.0312950 0.9994221 0.0123708 -0.0047937
66.613430 -0.7017037 0.1171352 -6.7764955 0.0311956 0.9994311 0.0116577 -0.0053379
66.821050 -0.7023727 0.1171351 -6.8894739 0.0316812 0.9994144 0.0115410 -0.0058140
66.924810 -0.7026294 0.1172881 -6.9465938 0.0318633 0.9993927 0.0128109 -0.0059058
67.028680 -0.7028563 0.1175297 -7.0027528 0.0321164 0.9993911 0.0123010 -0.0058914
67.236300 -0.7040592 0.1181217 -7.1152525 0.0323556 0.9993872 0.0120992 -0.0056550
67.443820 -0.7048848 0.1185245 -7.2269111 0.0329974 0.9993593 0.0128021 -0.0053188
67.547680 -0.7049498 0.1187926 -7.2823706 0.0328243 0.9993613 0.0130975 -0.0052964
67.651550 -0.7049816 0.1189864 -7.3369226 0.0330133 0.9993567 0.0129716 -0.0052911
67.859060 -0.7058744 0.1198639 -7.4463534 0.0324532 0.9993792 0.0126210 -0.0053669
68.066810 -0.7071309 0.1202774 -7.5535150 0.0317282 0.9993947 0.0128470 -0.0062094
68.274430 -0.7080633 0.1210164 -7.6591740 0.0300996 0.9994272 0.0135610 -0.0074445
68.378180 -0.7085125 0.1211672 -7.7111135 0.0300910 0.9994277 0.0130670 -0.0082506
68.482050 -0.7092456 0.1214973 -7.7626748 0.0301916 0.9994318 0.0121007 -0.0088306
68.585930 -0.7098880 0.1218453 -7.8139863 0.0302469 0.9994289 0.0119905 -0.0091260
68.689680 -0.7107139 0.1219292 -7.8643408 0.0306371 0.9994029 0.0130645 -0.0091905
68.897430 -0.7126242 0.1224123 -7.9628606 0.0322342 0.9993380 0.0143383 -0.0088842
69.001180 -0.7133294 0.1227875 -8.0106907 0.0326917 0.9993296 0.0139466 -0.0087761
69.208930 -0.7143741 0.1230205 -8.1025801 0.0323983 0.9993069 0.0159149 -0.0090981
69.312800 -0.7155559 0.1233433 -8.1479588 0.0321641 0.9993096 0.0158387 -0.0097415
69.416810 -0.7160807 0.1235470 -8.1916494 0.0316799 0.9993250 0.0152311 -0.0106687
69.624560 -0.7177842 0.1241474 -8.2758493 0.0319557 0.9992948 0.0156898 -0.0119376
69.728440 -0.7185130 0.1242249 -8.3156691 0.0327170 0.9992636 0.0158870 -0.0122265
69.832320 -0.7194884 0.1246311 -8.3550673 0.0329603 0.9992614 0.0157319 -0.0119516
70.040060 -0.7206094 0.1247404 -8.4287100 0.0360353 0.9992074 0.0149876 -0.0078369
70.143930 -0.7207954 0.1247417 -8.4637604 0.0381695 0.9991633 0.0145831 -0.0017505
71.076680 -0.6842248 0.1241412 -8.7092781 0.0416788 0.9883074 0.0120959 0.1461681
71.283930 -0.6662564 0.1231191 -8.7495041 0.0432952 0.9786804 0.0112049 0.2004611
71.802430 -0.5994549 0.1193361 -8.8314352 0.0415258 0.9349540 0.0081094 0.3522367
72.529060 -0.4708960 0.1113882 -8.8799982 0.0328753 0.8271666 0.0036010 0.5609828
72.736950 -0.4297511 0.1090381 -8.8966618 0.0331233 0.7813059 0.0006967 0.6232683
72.944810 -0.4079245 0.1070673 -8.8329477 0.0293726 0.7676523 0.0008300 0.6401926
73.256690 -0.3125636 0.1065225 -8.9512291 0.0188358 0.6404978 0.0104788 0.7676575
73.672580 -0.1519205 0.0985413 -8.9134398 0.0054633 0.4839852 0.0192668 0.8748470
73.776440 -0.1225746 0.0997355 -8.8999739 0.0042640 0.4466532 0.0212362 0.8944449
74.088440 -0.0810837 0.0974459 -8.8145008 0.0005616 0.3719818 0.0194738 0.9280356
74.192560 -0.0773415 0.0975183 -8.7772121 0.0025260 0.3551231 0.0185614 0.9346319
74.296560 -0.0542099 0.0971470 -8.7514534 0.0039853 0.3227497 0.0188636 0.9462880
74.712820 -0.0084637 0.0951646 -8.6109982 0.0015356 0.2193483 0.0187418 0.9754654
74.921080 0.0102730 0.0947984 -8.5353222 0.0005424 0.1639340 0.0176166 0.9863138
75.025200 0.0183283 0.0940984 -8.4947042 0.0004512 0.1390625 0.0146545 0.9901751
75.233810 0.0345414 0.0941590 -8.4087830 0.0015151 0.0950263 0.0092757 0.9954304
75.442560 0.0445172 0.0935174 -8.3154697 0.0003850 0.0613209 0.0089934 0.9980775
75.546930 0.0489261 0.0931050 -8.2668352 -0.0001237 0.0457371 0.0086779 0.9989158
75.651310 0.0512767 0.0927815 -8.2164621 -0.0000699 0.0326721 0.0069280 0.9994421
75.755680 0.0525558 0.0925182 -8.1652861 0.0002317 0.0218583 0.0043389 0.9997516
75.964710 0.0529537 0.0911658 -8.0585842 0.0012166 0.0097605 -0.0005242 0.9999515
76.069190 0.0528426 0.0909347 -8.0031986 0.0012758 0.0079743 -0.0021862 0.9999650
76.173710 0.0533261 0.0905138 -7.9464164 0.0009140 0.0073112 -0.0024679 0.9999698
76.278060 0.0541399 0.0899068 -7.8883886 0.0003826 0.0067676 -0.0018519 0.9999753
76.486810 0.0554907 0.0884683 -7.7675319 -0.0000958 0.0050699 -0.0008033 0.9999868
76.591060 0.0555256 0.0882756 -7.7055917 0.0002001 0.0041096 -0.0011637 0.9999909
76.695310 0.0554329 0.0876080 -7.6429396 -0.0004629 0.0032246 -0.0010156 0.9999942
76.799440 0.0557588 0.0870186 -7.5787525 -0.0017576 0.0019652 -0.0008695 0.9999961
76.903560 0.0557699 0.0868153 -7.5138297 -0.0019658 0.0010715 -0.0000419 0.9999975
77.111810 0.0549764 0.0859515 -7.3807011 -0.0006717 -0.0003514 0.0004196 0.9999996
77.320060 0.0540379 0.0850935 -7.2438941 -0.0004406 -0.0011774 -0.0000343 0.9999992
77.424060 0.0532272 0.0841312 -7.1739531 -0.0000422 -0.0012536 -0.0001652 0.9999992
77.528190 0.0526744 0.0838606 -7.1032829 0.0003536 -0.0011293 -0.0002435 0.9999993
77.736190 0.0513337 0.0823573 -6.9590659 -0.0002846 -0.0000311 -0.0005019 0.9999998
77.944210 0.0499165 0.0802066 -6.8122759 0.0022192 0.0020360 -0.0009206 0.9999951
78.048060 0.0496285 0.0794210 -6.7378869 0.0035253 0.0031490 -0.0004537 0.9999887
78.255940 0.0508782 0.0769342 -6.5874796 0.0032369 0.0032335 0.0005950 0.9999893
78.359820 0.0508974 0.0754131 -6.5111098 0.0034031 0.0028695 0.0013809 0.9999892
78.567580 0.0504736 0.0727905 -6.3546419 0.0055541 0.0010797 0.0012564 0.9999832
78.671320 0.0504249 0.0709001 -6.2758389 0.0049902 -0.0005786 0.0011589 0.9999867
78.775190 0.0496268 0.0692889 -6.1954412 0.0039717 -0.0015677 0.0016045 0.9999896
78.879060 0.0490143 0.0677375 -6.1152887 0.0042473 -0.0022621 0.0010882 0.9999878
78.982940 0.0485901 0.0663251 -6.0339255 0.0044262 -0.0029286 0.0013274 0.9999850
79.086810 0.0476609 0.0647321 -5.9515171 0.0050694 -0.0034983 0.0017933 0.9999794
79.190690 0.0468505 0.0632556 -5.8693261 0.0056443 -0.0040774 0.0015556 0.9999745
79.294440 0.0456589 0.0611928 -5.7859774 0.0054481 -0.0044972 0.0009683 0.9999745
79.398310 0.0438775 0.0599756 -5.7023702 0.0052578 -0.0043171 0.0008747 0.9999765
79.502200 0.0432186 0.0580723 -5.6170964 0.0034679 -0.0042024 0.0001689 0.9999852
79.606060 0.0420790 0.0565177 -5.5318089 0.0027349 -0.0040617 0.0002421 0.9999880
79.709940 0.0407877 0.0554230 -5.4456429 0.0012508 -0.0037063 0.0004609 0.9999923
79.813820 0.0398242 0.0541441 -5.3585019 -0.0017296 -0.0035056 0.0004089 0.9999923
79.917560 0.0389409 0.0530374 -5.2716827 -0.0046246 -0.0034246 0.0002210 0.9999834
80.021460 0.0377579 0.0527086 -5.1848149 -0.0060367 -0.0033432 -0.0003566 0.9999761
80.125190 0.0365377 0.0522275 -5.0986824 -0.0069318 -0.0033389 -0.0012470 0.9999696
80.228940 0.0355075 0.0515768 -5.0120845 -0.0073842 -0.0033577 -0.0007175 0.9999669
80.332810 0.0343562 0.0510893 -4.9266400 -0.0064047 -0.0035247 -0.0007110 0.9999730
80.436670 0.0336952 0.0502661 -4.8405967 -0.0054316 -0.0033509 -0.0003530 0.9999796
80.540440 0.0330370 0.0496210 -4.7550168 -0.0055201 -0.0028582 0.0000975 0.9999807
80.644320 0.0322430 0.0493043 -4.6695175 -0.0065467 -0.0023980 -0.0000571 0.9999757
80.748100 0.0315835 0.0486317 -4.5850015 -0.0064768 -0.0018978 0.0006565 0.9999770
80.851960 0.0309448 0.0480902 -4.5002012 -0.0057526 -0.0016453 0.0005156 0.9999819
80.955700 0.0306320 0.0475454 -4.4154792 -0.0059054 -0.0014318 0.0008892 0.9999812
81.059440 0.0304500 0.0471857 -4.3309941 -0.0066164 -0.0011364 0.0011132 0.9999769
81.163210 0.0301165 0.0468340 -4.2474618 -0.0077080 -0.0008394 0.0015419 0.9999688
81.370700 0.0299050 0.0459503 -4.0797958 -0.0078600 -0.0011039 0.0019103 0.9999667
81.578330 0.0286798 0.0445135 -3.9141183 -0.0049067 -0.0016774 -0.0000339 0.9999865
81.785940 0.0267017 0.0433562 -3.7475460 -0.0061084 -0.0019982 -0.0011263 0.9999787
81.993440 0.0246758 0.0424914 -3.5839627 -0.0055434 -0.0024191 0.0007120 0.9999815
82.201070 0.0234490 0.0409869 -3.4193428 -0.0060036 -0.0034427 0.0020774 0.9999739
82.304840 0.0230094 0.0401542 -3.3378227 -0.0044469 -0.0042219 0.0021592 0.9999788
82.408570 0.0215694 0.0394915 -3.2571788 -0.0047537 -0.0046697 0.0024628 0.9999748
82.616210 0.0187616 0.0386637 -3.0954721 -0.0071445 -0.0058683 0.0024850 0.9999542
82.719960 0.0174044 0.0383437 -3.0143199 -0.0065591 -0.0062540 0.0022090 0.9999565
82.927570 0.0144626 0.0370668 -2.8548014 -0.0066035 -0.0064272 0.0013175 0.9999567
83.031440 0.0130650 0.0363618 -2.7748756 -0.0063926 -0.0065589 0.0012545 0.9999573
83.135190 0.0117738 0.0359225 -2.6955693 -0.0061472 -0.0064812 0.0013900 0.9999591
83.238940 0.0106188 0.0351924 -2.6168716 -0.0062337 -0.0063772 0.0018337 0.9999586
83.342820 0.0092151 0.0345738 -2.5380142 -0.0061993 -0.0060915 0.0026127 0.9999588
83.446570 0.0081989 0.0340358 -2.4586523 -0.0062593 -0.0057627 0.0029845 0.9999593
83.550440 0.0071662 0.0338336 -2.3801100 -0.0069224 -0.0055020 0.0034074 0.9999551
83.654320 0.0062740 0.0332626 -2.3014066 -0.0069141 -0.0050661 0.0032911 0.9999579
83.758190 0.0051037 0.0326321 -2.2236419 -0.0062819 -0.0046646 0.0029062 0.9999652
83.862070 0.0042234 0.0318866 -2.1455917 -0.0052998 -0.0043198 0.0028870 0.9999725
83.965950 0.0033480 0.0315315 -2.0673499 -0.0050893 -0.0039904 0.0020530 0.9999770
84.069850 0.0024002 0.0309636 -1.9896202 -0.0061073 -0.0034871 0.0013178 0.9999744
84.277690 0.0005429 0.0299429 -1.8355920 -0.0069461 -0.0022895 0.0002237 0.9999732
84.381590 0.0000306 0.0296397 -1.7583058 -0.0059580 -0.0016858 0.0002145 0.9999808
84.485440 -0.0002970 0.0289725 -1.6821847 -0.0048115 -0.0010286 0.0008785 0.9999875
84.589320 -0.0007895 0.0285613 -1.6061825 -0.0053919 -0.0002694 0.0007434 0.9999852
84.797070 -0.0013490 0.0273629 -1.4538399 -0.0035954 0.0015609 0.0002477 0.9999923
84.900940 -0.0018744 0.0264993 -1.3780003 -0.0010549 0.0019402 -0.0008916 0.9999971
85.004820 -0.0016931 0.0250502 -1.3023604 0.0000773 0.0023926 -0.0010530 0.9999966
85.212450 -0.0013589 0.0227960 -1.1515528 0.0008172 0.0033233 -0.0009457 0.9999937
85.316330 -0.0011902 0.0213629 -1.0772692 -0.0000693 0.0033306 -0.0004530 0.9999943
85.523960 -0.0006612 0.0179607 -0.9289737 -0.0012007 0.0036284 0.0007996 0.9999924
85.627820 -0.0004342 0.0166337 -0.8551940 -0.0004445 0.0033604 0.0011890 0.9999936
85.835320 -0.0001319 0.0135496 -0.7080607 -0.0005891 0.0025540 0.0011458 0.9999959
85.939070 -0.0000116 0.0122343 -0.6346607 -0.0006821 0.0019119 0.0014032 0.9999970
86.042820 -0.0001020 0.0110814 -0.5617307 -0.0012404 0.0012616 0.0007136 0.9999982
86.146690 -0.0003133 0.0097945 -0.4887192 -0.0016163 0.0007108 0.0010833 0.9999979
86.354210 -0.0008679 0.0070441 -0.3435960 0.0000354 0.0001065 0.0019311 0.9999982
86.458070 -0.0009441 0.0057532 -0.2710176 0.0005134 -0.0001179 0.0018365 0.9999982
86.561820 -0.0015684 0.0042282 -0.1990689 0.0001370 -0.0002417 0.0016787 0.9999986
86.665690 -0.0017242 0.0027202 -0.1266133 -0.0003027 -0.0004101 0.0013019 0.9999990
86.769450 -0.0019646 0.0015499 -0.0545766 0.0001147 -0.0004747 0.0009647 0.9999994
86.976950 -0.0024896 -0.0012949 0.0893384 -0.0001639 -0.0008646 0.0006731 0.9999994
87.288320 -0.0708432 -0.0085679 0.3984770 0.0011841 0.0129044 -0.0008797 0.9999157
87.599690 -0.1377559 -0.0140120 0.5508952 -0.0018136 0.0239461 -0.0013864 0.9997106
87.911070 -0.0904944 -0.0124821 0.7503560 -0.0005159 0.0157344 -0.0004308 0.9998760
88.222590 0.0278452 -0.0182161 0.9524585 -0.0008247 -0.0087225 -0.0001090 0.9999616
90.505950 -0.0202064 -0.0398769 2.4891458 -0.0081753 -0.0040749 0.0009292 0.9999579
91.128700 -0.0262799 -0.0417862 2.8895218 -0.0059444 -0.0072951 0.0001368 0.9999557
91.439950 -0.0305463 -0.0439183 3.0863347 -0.0063437 -0.0084852 0.0002205 0.9999439
94.657710 -0.0455184 -0.0654823 4.9152002 -0.0016784 0.0029009 0.0044491 0.9999845
94.865460 -0.0460501 -0.0668722 5.0204678 0.0018380 -0.0007685 0.0042062 0.9999892
95.176950 -0.0485345 -0.0697365 5.1804175 0.0009343 -0.0088601 0.0033447 0.9999547
95.488580 -0.0549572 -0.0727955 5.3401122 -0.0003176 -0.0189214 0.0021412 0.9998186
95.800330 -0.0638380 -0.0751550 5.5056953 -0.0001915 -0.0207079 -0.0038773 0.9997780
96.112450 -0.0700316 -0.0770815 5.6736202 -0.0005331 -0.0124123 -0.0077968 0.9998924
96.424720 -0.0730872 -0.0790943 5.8441405 0.0003001 0.0015827 -0.0091078 0.9999572
96.736830 -0.0697527 -0.0823723 6.0185294 0.0011166 0.0157538 -0.0074684 0.9998474
97.048710 -0.0620075 -0.0848427 6.1956081 0.0001548 0.0262492 -0.0068649 0.9996318
97.360580 -0.0529130 -0.0873054 6.3759165 -0.0007499 0.0333213 -0.0103078 0.9993913
97.672210 -0.0405780 -0.0894681 6.5583148 0.0007854 0.0354593 -0.0088071 0.9993320
97.983580 -0.0273574 -0.0918844 6.7453318 -0.0012557 0.0318436 -0.0020699 0.9994899
99.851710 -0.0109197 -0.1061959 7.9458113 0.0008074 -0.0046826 0.0012664 0.9999879
101.616100 -0.0325337 -0.1274215 9.1085310 -0.0002562 -0.0036683 -0.0003888 0.9999931
102.965100 -0.0382064 -0.1434066 9.9583378 -0.0006310 0.0004007 0.0011241 0.9999991
105.455800 -0.0539493 -0.1685945 11.3212481 -0.0046349 -0.0155168 -0.0001791 0.9998689
106.287100 -0.0670455 -0.1746189 11.6252079 0.0015518 -0.0141253 -0.0026185 0.9998956
106.911100 -0.0700799 -0.1789161 11.8389578 0.0000059 -0.0013883 -0.0003675 0.9999990
107.639000 -0.0689242 -0.1833277 12.0814486 0.0023108 0.0053507 -0.0002713 0.9999830
108.991000 -0.0645592 -0.1927621 12.5479860 0.0043787 0.0105832 0.0004542 0.9999343
109.407000 -0.0607300 -0.1959386 12.6994410 0.0022291 0.0147721 0.0027662 0.9998846
110.447000 -0.0469893 -0.2048475 13.0997410 0.0043616 0.0210516 0.0013471 0.9997680
111.486700 -0.0327611 -0.2147452 13.5270586 0.0031352 0.0146266 -0.0002213 0.9998881
111.902600 -0.0295724 -0.2188624 13.6975088 0.0003730 0.0100524 -0.0006765 0.9999492
112.110600 -0.0285038 -0.2204004 13.7818937 0.0004047 0.0083915 -0.0003081 0.9999647
112.318600 -0.0278810 -0.2221533 13.8650990 0.0007642 0.0070350 -0.0001671 0.9999750
112.734600 -0.0272691 -0.2256949 14.0242357 0.0012547 0.0050478 -0.0023459 0.9999837
112.942600 -0.0270073 -0.2274552 14.1002827 0.0038793 0.0048524 -0.0043883 0.9999711
113.358600 -0.0265987 -0.2315876 14.2493858 0.0055559 0.0065277 -0.0079305 0.9999318
113.566600 -0.0260722 -0.2337247 14.3229704 0.0049314 0.0079307 -0.0090204 0.9999157
113.774600 -0.0252063 -0.2357205 14.3963804 0.0029997 0.0082471 -0.0080510 0.9999291
113.982500 -0.0242803 -0.2380369 14.4688549 0.0009997 0.0068387 -0.0072395 0.9999499
114.190300 -0.0238611 -0.2393306 14.5411882 0.0002371 0.0054015 -0.0059529 0.9999676
